hermes data proton and deuteron
z < 1.0
Q2	 Ptmin	 Ptmax	 Npt	 X2/dof	 p0	 p1	 e0	 e1
1.25	 0.10	 0.15	 26	 3.28	 9.15E-01	 3.57E-01	 2.6E-02	 7.3E-03
1.25	 0.10	 0.20	 28	 3.27	 8.97E-01	 3.61E-01	 2.5E-02	 7.1E-03
1.25	 0.10	 0.25	 58	 4.77	 9.20E-01	 3.31E-01	 2.0E-02	 5.5E-03
1.25	 0.10	 0.30	 61	 4.74	 9.44E-01	 3.26E-01	 1.9E-02	 5.4E-03
1.25	 0.10	 0.35	 90	 8.37	 9.41E-01	 3.15E-01	 1.6E-02	 4.5E-03
1.25	 0.10	 0.40	 93	 8.64	 9.77E-01	 3.08E-01	 1.5E-02	 4.5E-03
1.25	 0.10	 0.45	 122	 14.40	 9.56E-01	 3.22E-01	 1.4E-02	 3.9E-03
1.25	 0.10	 0.55	 144	 15.86	 1.07E+00	 3.02E-01	 1.3E-02	 4.0E-03
1.25	 0.10	 0.60	 154	 22.77	 1.05E+00	 3.42E-01	 1.4E-02	 4.0E-03
1.25	 0.10	 0.70	 162	 27.43	 1.29E+00	 2.96E-01	 1.4E-02	 4.6E-03
1.25	 0.10	 0.75	 179	 26.54	 1.35E+00	 3.01E-01	 1.5E-02	 5.0E-03
1.25	 0.10	 0.80	 186	 28.08	 1.32E+00	 3.35E-01	 1.5E-02	 5.0E-03
1.25	 0.10	 0.95	 188	 36.02	 1.61E+00	 2.62E-01	 1.6E-02	 6.4E-03
1.25	 0.10	 1.00	 206	 47.66	 3.08E-01	 5.09E-01	 1.4E-02	 2.7E-03
1.25	 0.10	 1.05	 213	 46.35	 2.82E-01	 5.17E-01	 1.4E-02	 2.4E-03
1.25	 0.10	 1.10	 216	 48.28	 1.52E+00	 2.74E-01	 1.4E-02	 5.9E-03
1.25	 0.10	 1.20	 217	 48.12	 1.52E+00	 2.74E-01	 1.4E-02	 5.9E-03
1.25	 0.10	 1.40	 218	 47.93	 1.52E+00	 2.74E-01	 1.4E-02	 5.9E-03

1.51	 0.10	 0.15	 28	 2.39	 7.71E-01	 4.06E-01	 2.5E-02	 6.0E-03
1.51	 0.10	 0.25	 60	 5.89	 6.90E-01	 3.98E-01	 1.8E-02	 4.2E-03
1.51	 0.10	 0.30	 62	 5.71	 6.89E-01	 3.99E-01	 1.7E-02	 4.2E-03
1.51	 0.10	 0.35	 92	 6.25	 7.00E-01	 3.86E-01	 1.5E-02	 3.6E-03
1.51	 0.10	 0.40	 98	 6.03	 7.13E-01	 3.84E-01	 1.4E-02	 3.5E-03
1.51	 0.10	 0.45	 124	 6.25	 7.07E-01	 3.84E-01	 1.4E-02	 3.4E-03
1.51	 0.10	 0.55	 152	 7.55	 7.40E-01	 3.86E-01	 1.3E-02	 3.2E-03
1.51	 0.10	 0.60	 156	 7.45	 7.34E-01	 3.88E-01	 1.3E-02	 3.1E-03
1.51	 0.10	 0.70	 175	 12.31	 8.84E-01	 3.65E-01	 1.5E-02	 3.6E-03
1.51	 0.10	 0.75	 185	 12.42	 8.52E-01	 3.83E-01	 1.6E-02	 3.4E-03
1.51	 0.10	 0.80	 188	 12.45	 8.34E-01	 3.88E-01	 1.6E-02	 3.3E-03
1.51	 0.10	 0.95	 201	 16.73	 -1.90E-01	 4.74E-01	 1.4E-02	 2.0E-03
1.51	 0.10	 1.00	 216	 15.98	 1.93E-01	 4.75E-01	 1.3E-02	 1.5E-03
1.51	 0.10	 1.05	 219	 15.81	 1.86E-01	 4.76E-01	 1.3E-02	 1.5E-03
1.51	 0.10	 1.25	 220	 15.75	 1.86E-01	 4.76E-01	 1.3E-02	 1.5E-03

1.82	 0.10	 0.15	 28	 7.37	 4.09E-01	 4.76E-01	 4.1E-02	 6.8E-03
1.82	 0.10	 0.20	 29	 9.83	 2.87E-01	 4.90E-01	 5.4E-02	 6.9E-03
1.82	 0.10	 0.25	 60	 13.14	 1.58E-01	 4.76E-01	 5.5E-02	 4.3E-03
1.82	 0.10	 0.30	 63	 12.61	 1.14E-01	 4.78E-01	 7.0E-02	 4.1E-03
1.82	 0.10	 0.35	 92	 10.99	 2.81E-01	 4.55E-01	 2.8E-02	 3.6E-03
1.82	 0.10	 0.40	 105	 10.02	 2.99E-01	 4.52E-01	 2.6E-02	 3.5E-03
1.82	 0.10	 0.45	 124	 8.65	 3.05E-01	 4.50E-01	 2.5E-02	 3.4E-03
1.82	 0.10	 0.55	 156	 7.80	 3.54E-01	 4.42E-01	 2.4E-02	 3.6E-03
1.82	 0.10	 0.70	 185	 10.00	 3.76E-01	 4.32E-01	 1.9E-02	 2.8E-03
1.82	 0.10	 0.75	 188	 10.03	 4.11E-01	 4.26E-01	 1.9E-02	 2.8E-03
1.82	 0.10	 0.90	 189	 10.22	 4.47E-01	 4.19E-01	 1.8E-02	 2.8E-03
1.82	 0.10	 0.95	 214	 11.20	 3.96E-01	 4.25E-01	 7.1E-03	 1.4E-03
1.82	 0.10	 1.00	 220	 10.97	 3.93E-01	 4.26E-01	 7.1E-03	 1.4E-03

2.88	 0.10	 0.15	 27	 6.03	 4.16E-01	 4.82E-01	 4.4E-02	 7.7E-03
2.88	 0.10	 0.20	 28	 10.07	 2.73E-01	 4.99E-01	 6.8E-02	 8.2E-03
2.88	 0.10	 0.25	 59	 10.87	 -2.51E-06	 4.90E-01	 8.8E-02	 2.4E-03
2.88	 0.10	 0.30	 68	 10.16	 2.75E-07	 4.88E-01	 5.6E-02	 2.3E-03
2.88	 0.10	 0.35	 91	 8.62	 -7.05E-08	 4.83E-01	 2.9E-01	 2.1E-03
2.88	 0.10	 0.40	 121	 6.98	 3.06E-05	 4.81E-01	 1.9E-01	 2.0E-03
2.88	 0.10	 0.45	 123	 6.88	 1.58E-06	 4.81E-01	 2.0E-01	 2.0E-03
2.88	 0.10	 0.55	 155	 7.38	 1.82E-01	 4.71E-01	 4.8E-02	 4.4E-03
2.88	 0.10	 0.70	 187	 10.16	 6.29E-01	 3.81E-01	 1.3E-02	 2.6E-03
2.88	 0.10	 0.90	 191	 10.11	 6.50E-01	 3.75E-01	 1.2E-02	 2.3E-03
2.88	 0.10	 0.95	 219	 12.65	 4.61E-01	 3.99E-01	 6.4E-03	 1.4E-03

5.23	 0.10	 0.15	 24	 6.14	 1.00E-06	 5.14E-01	 1.1E-01	 4.7E-03
5.23	 0.10	 0.25	 56	 5.09	 2.66E-05	 4.93E-01	 1.3E-01	 3.2E-03
5.23	 0.10	 0.30	 66	 4.75	 1.33E-01	 4.85E-01	 1.2E-01	 6.5E-03
5.23	 0.10	 0.35	 88	 4.39	 6.78E-06	 4.84E-01	 1.1E-01	 2.7E-03
5.23	 0.10	 0.40	 116	 3.90	 -1.92E-06	 4.82E-01	 8.4E-02	 2.6E-03
5.23	 0.10	 0.45	 120	 3.89	 1.94E-05	 4.82E-01	 8.0E-02	 2.6E-03
5.23	 0.10	 0.55	 152	 4.31	 7.20E-02	 4.81E-01	 1.4E-01	 5.0E-03
5.23	 0.10	 0.70	 184	 6.35	 5.50E-01	 4.08E-01	 1.6E-02	 3.2E-03
5.23	 0.10	 0.90	 189	 6.46	 5.79E-01	 3.98E-01	 1.5E-02	 2.8E-03
5.23	 0.10	 0.95	 214	 7.12	 4.98E-01	 4.06E-01	 9.5E-03	 2.0E-03
5.23	 0.10	 1.00	 216	 7.07	 5.00E-01	 4.05E-01	 9.4E-03	 2.0E-03

9.21	 0.10	 0.15	 22	 0.84	 4.58E-01	 4.91E-01	 1.5E-01	 1.8E-02
9.21	 0.10	 0.20	 24	 0.89	 4.41E-01	 4.91E-01	 1.5E-01	 1.7E-02
9.21	 0.10	 0.25	 54	 1.17	 3.83E-01	 4.66E-01	 9.4E-02	 1.1E-02
9.21	 0.10	 0.30	 65	 1.12	 3.84E-01	 4.61E-01	 8.6E-02	 1.0E-02
9.21	 0.10	 0.35	 86	 1.37	 3.35E-01	 4.56E-01	 8.0E-02	 8.8E-03
9.21	 0.10	 0.40	 108	 1.40	 3.16E-01	 4.56E-01	 7.9E-02	 8.4E-03
9.21	 0.10	 0.45	 118	 1.41	 2.96E-01	 4.56E-01	 8.0E-02	 8.2E-03
9.21	 0.10	 0.55	 150	 1.65	 3.45E-01	 4.51E-01	 6.6E-02	 8.2E-03
9.21	 0.10	 0.70	 182	 2.08	 5.95E-01	 4.00E-01	 3.6E-02	 5.8E-03
9.21	 0.10	 0.85	 183	 2.08	 5.98E-01	 4.00E-01	 3.6E-02	 5.8E-03
9.21	 0.10	 0.90	 193	 2.23	 5.23E-01	 3.99E-01	 2.7E-02	 4.6E-03
9.21	 0.10	 0.95	 211	 2.16	 5.63E-01	 3.94E-01	 2.2E-02	 4.2E-03

