1.350E+01	3.757E+00	4.391E-02	3.769E+00	3.684E+00	3.748E+00	3.767E+00	3.763E+00	3.752E+00
1.340E+01	3.765E+00	4.400E-02	3.776E+00	3.691E+00	3.755E+00	3.774E+00	3.770E+00	3.759E+00
1.330E+01	3.772E+00	4.408E-02	3.784E+00	3.698E+00	3.762E+00	3.782E+00	3.777E+00	3.766E+00
1.320E+01	3.779E+00	4.417E-02	3.791E+00	3.706E+00	3.770E+00	3.789E+00	3.785E+00	3.774E+00
1.310E+01	3.787E+00	4.426E-02	3.798E+00	3.713E+00	3.777E+00	3.797E+00	3.792E+00	3.781E+00
1.300E+01	3.794E+00	4.434E-02	3.806E+00	3.720E+00	3.784E+00	3.804E+00	3.800E+00	3.789E+00
1.290E+01	3.802E+00	4.443E-02	3.813E+00	3.727E+00	3.792E+00	3.811E+00	3.807E+00	3.796E+00
1.280E+01	3.809E+00	4.452E-02	3.821E+00	3.735E+00	3.799E+00	3.819E+00	3.815E+00	3.804E+00
1.270E+01	3.817E+00	4.461E-02	3.828E+00	3.742E+00	3.807E+00	3.827E+00	3.822E+00	3.811E+00
1.260E+01	3.824E+00	4.470E-02	3.836E+00	3.750E+00	3.814E+00	3.834E+00	3.830E+00	3.819E+00
1.250E+01	3.832E+00	4.478E-02	3.844E+00	3.757E+00	3.822E+00	3.842E+00	3.837E+00	3.826E+00
1.240E+01	3.839E+00	4.487E-02	3.851E+00	3.764E+00	3.830E+00	3.849E+00	3.845E+00	3.834E+00
1.230E+01	3.847E+00	4.496E-02	3.859E+00	3.772E+00	3.837E+00	3.857E+00	3.853E+00	3.842E+00
1.220E+01	3.855E+00	4.505E-02	3.867E+00	3.779E+00	3.845E+00	3.865E+00	3.860E+00	3.849E+00
1.210E+01	3.863E+00	4.514E-02	3.874E+00	3.787E+00	3.853E+00	3.872E+00	3.868E+00	3.857E+00
1.200E+01	3.870E+00	4.523E-02	3.882E+00	3.795E+00	3.860E+00	3.880E+00	3.876E+00	3.865E+00
1.190E+01	3.878E+00	4.532E-02	3.890E+00	3.802E+00	3.868E+00	3.888E+00	3.884E+00	3.872E+00
1.180E+01	3.886E+00	4.542E-02	3.898E+00	3.810E+00	3.876E+00	3.896E+00	3.892E+00	3.880E+00
1.170E+01	3.894E+00	4.551E-02	3.906E+00	3.818E+00	3.884E+00	3.904E+00	3.899E+00	3.888E+00
1.160E+01	3.902E+00	4.560E-02	3.914E+00	3.825E+00	3.892E+00	3.912E+00	3.907E+00	3.896E+00
1.150E+01	3.909E+00	4.569E-02	3.921E+00	3.833E+00	3.899E+00	3.920E+00	3.915E+00	3.904E+00
1.140E+01	3.917E+00	4.578E-02	3.929E+00	3.841E+00	3.907E+00	3.928E+00	3.923E+00	3.912E+00
1.130E+01	3.925E+00	4.588E-02	3.937E+00	3.849E+00	3.915E+00	3.935E+00	3.931E+00	3.920E+00
1.120E+01	3.933E+00	4.597E-02	3.945E+00	3.857E+00	3.923E+00	3.944E+00	3.939E+00	3.928E+00
1.110E+01	3.941E+00	4.606E-02	3.954E+00	3.864E+00	3.931E+00	3.952E+00	3.947E+00	3.936E+00
1.100E+01	3.949E+00	4.616E-02	3.962E+00	3.872E+00	3.939E+00	3.960E+00	3.955E+00	3.944E+00
1.090E+01	3.958E+00	4.625E-02	3.970E+00	3.880E+00	3.947E+00	3.968E+00	3.963E+00	3.952E+00
1.080E+01	3.966E+00	4.635E-02	3.978E+00	3.888E+00	3.955E+00	3.976E+00	3.971E+00	3.960E+00
1.070E+01	3.974E+00	4.644E-02	3.986E+00	3.896E+00	3.964E+00	3.984E+00	3.980E+00	3.968E+00
1.060E+01	3.982E+00	4.654E-02	3.994E+00	3.904E+00	3.972E+00	3.992E+00	3.988E+00	3.976E+00
1.050E+01	3.990E+00	4.663E-02	4.002E+00	3.912E+00	3.980E+00	4.000E+00	3.996E+00	3.984E+00
1.040E+01	3.998E+00	4.673E-02	4.011E+00	3.920E+00	3.988E+00	4.009E+00	4.004E+00	3.992E+00
1.030E+01	4.007E+00	4.683E-02	4.019E+00	3.928E+00	3.996E+00	4.017E+00	4.012E+00	4.001E+00
1.020E+01	4.015E+00	4.692E-02	4.027E+00	3.936E+00	4.004E+00	4.025E+00	4.021E+00	4.009E+00
1.010E+01	4.023E+00	4.702E-02	4.035E+00	3.945E+00	4.013E+00	4.033E+00	4.029E+00	4.017E+00
1.000E+01	4.031E+00	4.712E-02	4.044E+00	3.953E+00	4.021E+00	4.042E+00	4.037E+00	4.026E+00
9.900E+00	4.040E+00	4.721E-02	4.052E+00	3.961E+00	4.029E+00	4.050E+00	4.046E+00	4.034E+00
9.800E+00	4.048E+00	4.731E-02	4.061E+00	3.969E+00	4.038E+00	4.059E+00	4.054E+00	4.042E+00
9.700E+00	4.056E+00	4.741E-02	4.069E+00	3.977E+00	4.046E+00	4.067E+00	4.062E+00	4.051E+00
9.600E+00	4.065E+00	4.751E-02	4.077E+00	3.985E+00	4.054E+00	4.075E+00	4.071E+00	4.059E+00
9.500E+00	4.073E+00	4.761E-02	4.086E+00	3.994E+00	4.063E+00	4.084E+00	4.079E+00	4.067E+00
9.400E+00	4.082E+00	4.771E-02	4.094E+00	4.002E+00	4.071E+00	4.092E+00	4.088E+00	4.076E+00
9.300E+00	4.090E+00	4.780E-02	4.103E+00	4.010E+00	4.080E+00	4.101E+00	4.096E+00	4.084E+00
9.200E+00	4.099E+00	4.790E-02	4.111E+00	4.019E+00	4.088E+00	4.109E+00	4.105E+00	4.093E+00
9.100E+00	4.107E+00	4.800E-02	4.120E+00	4.027E+00	4.097E+00	4.118E+00	4.113E+00	4.101E+00
9.000E+00	4.116E+00	4.810E-02	4.128E+00	4.035E+00	4.105E+00	4.126E+00	4.122E+00	4.110E+00
8.900E+00	4.124E+00	4.820E-02	4.137E+00	4.044E+00	4.113E+00	4.135E+00	4.130E+00	4.118E+00
8.800E+00	4.133E+00	4.830E-02	4.145E+00	4.052E+00	4.122E+00	4.143E+00	4.139E+00	4.127E+00
8.700E+00	4.141E+00	4.840E-02	4.154E+00	4.060E+00	4.130E+00	4.152E+00	4.147E+00	4.135E+00
8.600E+00	4.150E+00	4.850E-02	4.162E+00	4.069E+00	4.139E+00	4.160E+00	4.156E+00	4.144E+00
8.500E+00	4.158E+00	4.860E-02	4.171E+00	4.077E+00	4.147E+00	4.169E+00	4.164E+00	4.152E+00
8.400E+00	4.167E+00	4.870E-02	4.180E+00	4.085E+00	4.156E+00	4.177E+00	4.173E+00	4.161E+00
8.300E+00	4.175E+00	4.880E-02	4.188E+00	4.094E+00	4.165E+00	4.186E+00	4.181E+00	4.169E+00
8.200E+00	4.184E+00	4.890E-02	4.197E+00	4.102E+00	4.173E+00	4.195E+00	4.190E+00	4.178E+00
8.100E+00	4.192E+00	4.900E-02	4.205E+00	4.110E+00	4.181E+00	4.203E+00	4.198E+00	4.186E+00
8.000E+00	4.201E+00	4.910E-02	4.214E+00	4.119E+00	4.190E+00	4.212E+00	4.207E+00	4.195E+00
7.900E+00	4.209E+00	4.920E-02	4.222E+00	4.127E+00	4.198E+00	4.220E+00	4.215E+00	4.203E+00
7.800E+00	4.218E+00	4.930E-02	4.231E+00	4.135E+00	4.207E+00	4.229E+00	4.224E+00	4.212E+00
7.700E+00	4.226E+00	4.939E-02	4.239E+00	4.144E+00	4.215E+00	4.237E+00	4.232E+00	4.220E+00
7.600E+00	4.235E+00	4.949E-02	4.248E+00	4.152E+00	4.224E+00	4.246E+00	4.241E+00	4.229E+00
7.500E+00	4.243E+00	4.959E-02	4.256E+00	4.160E+00	4.232E+00	4.254E+00	4.249E+00	4.237E+00
7.400E+00	4.252E+00	4.969E-02	4.265E+00	4.168E+00	4.241E+00	4.262E+00	4.258E+00	4.245E+00
7.300E+00	4.260E+00	4.979E-02	4.273E+00	4.177E+00	4.249E+00	4.271E+00	4.266E+00	4.254E+00
7.200E+00	4.268E+00	4.988E-02	4.281E+00	4.185E+00	4.257E+00	4.279E+00	4.274E+00	4.262E+00
7.100E+00	4.276E+00	4.998E-02	4.290E+00	4.193E+00	4.265E+00	4.287E+00	4.283E+00	4.270E+00
7.000E+00	4.285E+00	5.008E-02	4.298E+00	4.201E+00	4.274E+00	4.296E+00	4.291E+00	4.278E+00
6.900E+00	4.293E+00	5.017E-02	4.306E+00	4.209E+00	4.282E+00	4.304E+00	4.299E+00	4.287E+00
6.800E+00	4.301E+00	5.027E-02	4.314E+00	4.217E+00	4.290E+00	4.312E+00	4.307E+00	4.295E+00
6.700E+00	4.309E+00	5.036E-02	4.322E+00	4.225E+00	4.298E+00	4.320E+00	4.315E+00	4.303E+00
6.600E+00	4.317E+00	5.045E-02	4.330E+00	4.233E+00	4.306E+00	4.328E+00	4.323E+00	4.311E+00
6.500E+00	4.325E+00	5.055E-02	4.338E+00	4.240E+00	4.314E+00	4.336E+00	4.331E+00	4.318E+00
6.400E+00	4.333E+00	5.064E-02	4.346E+00	4.248E+00	4.321E+00	4.344E+00	4.339E+00	4.326E+00
6.300E+00	4.340E+00	5.073E-02	4.354E+00	4.255E+00	4.329E+00	4.351E+00	4.347E+00	4.334E+00
6.200E+00	4.348E+00	5.081E-02	4.361E+00	4.263E+00	4.337E+00	4.359E+00	4.354E+00	4.341E+00
6.100E+00	4.355E+00	5.090E-02	4.369E+00	4.270E+00	4.344E+00	4.366E+00	4.362E+00	4.349E+00
6.000E+00	4.363E+00	5.099E-02	4.376E+00	4.277E+00	4.351E+00	4.374E+00	4.369E+00	4.356E+00
5.900E+00	4.370E+00	5.107E-02	4.383E+00	4.284E+00	4.358E+00	4.381E+00	4.376E+00	4.363E+00
5.800E+00	4.377E+00	5.115E-02	4.390E+00	4.291E+00	4.365E+00	4.388E+00	4.383E+00	4.370E+00
5.700E+00	4.384E+00	5.123E-02	4.397E+00	4.298E+00	4.372E+00	4.395E+00	4.390E+00	4.377E+00
5.600E+00	4.390E+00	5.131E-02	4.404E+00	4.305E+00	4.379E+00	4.402E+00	4.397E+00	4.384E+00
5.500E+00	4.397E+00	5.139E-02	4.410E+00	4.311E+00	4.385E+00	4.408E+00	4.403E+00	4.390E+00
5.400E+00	4.403E+00	5.146E-02	4.417E+00	4.317E+00	4.392E+00	4.414E+00	4.409E+00	4.397E+00
5.300E+00	4.409E+00	5.153E-02	4.423E+00	4.323E+00	4.398E+00	4.420E+00	4.415E+00	4.403E+00
5.200E+00	4.415E+00	5.160E-02	4.428E+00	4.329E+00	4.403E+00	4.426E+00	4.421E+00	4.408E+00
5.100E+00	4.420E+00	5.166E-02	4.434E+00	4.334E+00	4.409E+00	4.432E+00	4.427E+00	4.414E+00
5.000E+00	4.426E+00	5.172E-02	4.439E+00	4.339E+00	4.414E+00	4.437E+00	4.432E+00	4.419E+00
4.900E+00	4.430E+00	5.178E-02	4.444E+00	4.344E+00	4.419E+00	4.442E+00	4.437E+00	4.424E+00
4.800E+00	4.435E+00	5.183E-02	4.449E+00	4.348E+00	4.424E+00	4.446E+00	4.441E+00	4.428E+00
4.700E+00	4.439E+00	5.188E-02	4.453E+00	4.352E+00	4.428E+00	4.451E+00	4.446E+00	4.433E+00
4.600E+00	4.443E+00	5.193E-02	4.457E+00	4.356E+00	4.431E+00	4.454E+00	4.449E+00	4.436E+00
4.500E+00	4.446E+00	5.196E-02	4.460E+00	4.359E+00	4.435E+00	4.458E+00	4.453E+00	4.440E+00
