1.580E+01	6.566E+00	1.058E-02	6.556E+00	6.577E+00	6.569E+00	6.564E+00	6.566E+00	6.567E+00
1.570E+01	6.569E+00	1.059E-02	6.559E+00	6.580E+00	6.572E+00	6.567E+00	6.569E+00	6.570E+00
1.560E+01	6.572E+00	1.059E-02	6.562E+00	6.583E+00	6.575E+00	6.570E+00	6.572E+00	6.573E+00
1.550E+01	6.575E+00	1.060E-02	6.565E+00	6.586E+00	6.578E+00	6.573E+00	6.575E+00	6.576E+00
1.540E+01	6.578E+00	1.060E-02	6.568E+00	6.589E+00	6.581E+00	6.576E+00	6.578E+00	6.579E+00
1.530E+01	6.581E+00	1.061E-02	6.571E+00	6.591E+00	6.584E+00	6.579E+00	6.581E+00	6.582E+00
1.520E+01	6.584E+00	1.061E-02	6.574E+00	6.594E+00	6.587E+00	6.582E+00	6.584E+00	6.585E+00
1.510E+01	6.587E+00	1.061E-02	6.577E+00	6.597E+00	6.590E+00	6.584E+00	6.587E+00	6.587E+00
1.500E+01	6.590E+00	1.062E-02	6.580E+00	6.600E+00	6.593E+00	6.587E+00	6.590E+00	6.590E+00
1.490E+01	6.593E+00	1.062E-02	6.582E+00	6.603E+00	6.595E+00	6.590E+00	6.592E+00	6.593E+00
1.480E+01	6.596E+00	1.063E-02	6.585E+00	6.606E+00	6.598E+00	6.593E+00	6.595E+00	6.596E+00
1.470E+01	6.598E+00	1.063E-02	6.588E+00	6.608E+00	6.601E+00	6.596E+00	6.598E+00	6.599E+00
1.460E+01	6.601E+00	1.064E-02	6.591E+00	6.611E+00	6.604E+00	6.598E+00	6.601E+00	6.601E+00
1.450E+01	6.604E+00	1.064E-02	6.593E+00	6.614E+00	6.606E+00	6.601E+00	6.603E+00	6.604E+00
1.440E+01	6.606E+00	1.065E-02	6.596E+00	6.617E+00	6.609E+00	6.604E+00	6.606E+00	6.607E+00
1.430E+01	6.609E+00	1.065E-02	6.599E+00	6.619E+00	6.612E+00	6.606E+00	6.609E+00	6.609E+00
1.420E+01	6.612E+00	1.065E-02	6.601E+00	6.622E+00	6.614E+00	6.609E+00	6.611E+00	6.612E+00
1.410E+01	6.614E+00	1.066E-02	6.604E+00	6.624E+00	6.617E+00	6.611E+00	6.614E+00	6.614E+00
1.400E+01	6.617E+00	1.066E-02	6.606E+00	6.627E+00	6.619E+00	6.614E+00	6.616E+00	6.617E+00
1.390E+01	6.619E+00	1.067E-02	6.609E+00	6.629E+00	6.622E+00	6.616E+00	6.619E+00	6.619E+00
1.380E+01	6.621E+00	1.067E-02	6.611E+00	6.632E+00	6.624E+00	6.619E+00	6.621E+00	6.622E+00
1.370E+01	6.624E+00	1.067E-02	6.613E+00	6.634E+00	6.626E+00	6.621E+00	6.623E+00	6.624E+00
1.360E+01	6.626E+00	1.068E-02	6.616E+00	6.636E+00	6.629E+00	6.623E+00	6.626E+00	6.626E+00
1.350E+01	6.628E+00	1.068E-02	6.618E+00	6.639E+00	6.631E+00	6.626E+00	6.628E+00	6.629E+00
1.340E+01	6.631E+00	1.068E-02	6.620E+00	6.641E+00	6.633E+00	6.628E+00	6.630E+00	6.631E+00
1.330E+01	6.633E+00	1.069E-02	6.622E+00	6.643E+00	6.635E+00	6.630E+00	6.632E+00	6.633E+00
1.320E+01	6.635E+00	1.069E-02	6.624E+00	6.645E+00	6.638E+00	6.632E+00	6.635E+00	6.635E+00
1.310E+01	6.637E+00	1.069E-02	6.627E+00	6.647E+00	6.640E+00	6.634E+00	6.637E+00	6.637E+00
1.300E+01	6.639E+00	1.070E-02	6.629E+00	6.649E+00	6.642E+00	6.636E+00	6.639E+00	6.639E+00
1.290E+01	6.641E+00	1.070E-02	6.631E+00	6.651E+00	6.644E+00	6.638E+00	6.641E+00	6.641E+00
1.280E+01	6.643E+00	1.070E-02	6.632E+00	6.653E+00	6.646E+00	6.640E+00	6.643E+00	6.643E+00
1.270E+01	6.645E+00	1.071E-02	6.634E+00	6.655E+00	6.647E+00	6.642E+00	6.644E+00	6.645E+00
1.260E+01	6.647E+00	1.071E-02	6.636E+00	6.657E+00	6.649E+00	6.644E+00	6.646E+00	6.647E+00
1.250E+01	6.648E+00	1.071E-02	6.638E+00	6.659E+00	6.651E+00	6.646E+00	6.648E+00	6.649E+00
1.240E+01	6.650E+00	1.072E-02	6.640E+00	6.660E+00	6.653E+00	6.647E+00	6.650E+00	6.650E+00
1.230E+01	6.652E+00	1.072E-02	6.641E+00	6.662E+00	6.654E+00	6.649E+00	6.651E+00	6.652E+00
1.220E+01	6.653E+00	1.072E-02	6.643E+00	6.663E+00	6.656E+00	6.650E+00	6.653E+00	6.653E+00
1.210E+01	6.655E+00	1.072E-02	6.644E+00	6.665E+00	6.657E+00	6.652E+00	6.654E+00	6.655E+00
1.200E+01	6.656E+00	1.073E-02	6.646E+00	6.666E+00	6.659E+00	6.653E+00	6.656E+00	6.656E+00
1.190E+01	6.657E+00	1.073E-02	6.647E+00	6.668E+00	6.660E+00	6.655E+00	6.657E+00	6.658E+00
1.180E+01	6.659E+00	1.073E-02	6.648E+00	6.669E+00	6.661E+00	6.656E+00	6.658E+00	6.659E+00
1.170E+01	6.660E+00	1.073E-02	6.649E+00	6.670E+00	6.662E+00	6.657E+00	6.659E+00	6.660E+00
1.160E+01	6.661E+00	1.073E-02	6.650E+00	6.671E+00	6.664E+00	6.658E+00	6.661E+00	6.661E+00
1.150E+01	6.662E+00	1.074E-02	6.651E+00	6.672E+00	6.665E+00	6.659E+00	6.662E+00	6.662E+00
1.140E+01	6.663E+00	1.074E-02	6.652E+00	6.673E+00	6.666E+00	6.660E+00	6.663E+00	6.663E+00
1.130E+01	6.664E+00	1.074E-02	6.653E+00	6.674E+00	6.666E+00	6.661E+00	6.663E+00	6.664E+00
1.120E+01	6.664E+00	1.074E-02	6.654E+00	6.675E+00	6.667E+00	6.662E+00	6.664E+00	6.665E+00
1.110E+01	6.665E+00	1.074E-02	6.655E+00	6.675E+00	6.668E+00	6.662E+00	6.665E+00	6.665E+00
1.100E+01	6.666E+00	1.074E-02	6.655E+00	6.676E+00	6.668E+00	6.663E+00	6.665E+00	6.666E+00
1.090E+01	6.666E+00	1.074E-02	6.656E+00	6.676E+00	6.669E+00	6.663E+00	6.666E+00	6.666E+00
1.080E+01	6.666E+00	1.074E-02	6.656E+00	6.677E+00	6.669E+00	6.664E+00	6.666E+00	6.667E+00
1.070E+01	6.667E+00	1.074E-02	6.656E+00	6.677E+00	6.669E+00	6.664E+00	6.666E+00	6.667E+00
1.060E+01	6.667E+00	1.074E-02	6.656E+00	6.677E+00	6.670E+00	6.664E+00	6.667E+00	6.667E+00
1.050E+01	6.667E+00	1.074E-02	6.656E+00	6.677E+00	6.670E+00	6.664E+00	6.667E+00	6.667E+00
1.040E+01	6.667E+00	1.074E-02	6.656E+00	6.677E+00	6.670E+00	6.664E+00	6.667E+00	6.667E+00
1.030E+01	6.667E+00	1.074E-02	6.656E+00	6.677E+00	6.669E+00	6.664E+00	6.666E+00	6.667E+00
1.020E+01	6.666E+00	1.074E-02	6.656E+00	6.677E+00	6.669E+00	6.664E+00	6.666E+00	6.667E+00
1.010E+01	6.666E+00	1.074E-02	6.655E+00	6.676E+00	6.669E+00	6.663E+00	6.666E+00	6.666E+00
1.000E+01	6.665E+00	1.074E-02	6.655E+00	6.676E+00	6.668E+00	6.663E+00	6.665E+00	6.666E+00
9.900E+00	6.665E+00	1.074E-02	6.654E+00	6.675E+00	6.667E+00	6.662E+00	6.664E+00	6.665E+00
9.800E+00	6.664E+00	1.074E-02	6.653E+00	6.674E+00	6.666E+00	6.661E+00	6.663E+00	6.664E+00
9.700E+00	6.663E+00	1.074E-02	6.652E+00	6.673E+00	6.665E+00	6.660E+00	6.662E+00	6.663E+00
9.600E+00	6.662E+00	1.073E-02	6.651E+00	6.672E+00	6.664E+00	6.659E+00	6.661E+00	6.662E+00
9.500E+00	6.660E+00	1.073E-02	6.650E+00	6.671E+00	6.663E+00	6.658E+00	6.660E+00	6.661E+00
9.400E+00	6.659E+00	1.073E-02	6.648E+00	6.669E+00	6.662E+00	6.656E+00	6.659E+00	6.659E+00
9.300E+00	6.657E+00	1.073E-02	6.647E+00	6.667E+00	6.660E+00	6.655E+00	6.657E+00	6.658E+00
9.200E+00	6.655E+00	1.072E-02	6.645E+00	6.666E+00	6.658E+00	6.653E+00	6.655E+00	6.656E+00
9.100E+00	6.653E+00	1.072E-02	6.643E+00	6.664E+00	6.656E+00	6.651E+00	6.653E+00	6.654E+00
9.000E+00	6.651E+00	1.072E-02	6.641E+00	6.662E+00	6.654E+00	6.649E+00	6.651E+00	6.652E+00
8.900E+00	6.649E+00	1.071E-02	6.639E+00	6.659E+00	6.652E+00	6.646E+00	6.649E+00	6.649E+00
8.800E+00	6.646E+00	1.071E-02	6.636E+00	6.657E+00	6.649E+00	6.644E+00	6.646E+00	6.647E+00
8.700E+00	6.644E+00	1.071E-02	6.633E+00	6.654E+00	6.646E+00	6.641E+00	6.643E+00	6.644E+00
8.600E+00	6.641E+00	1.070E-02	6.630E+00	6.651E+00	6.643E+00	6.638E+00	6.640E+00	6.641E+00
8.500E+00	6.638E+00	1.070E-02	6.627E+00	6.648E+00	6.640E+00	6.635E+00	6.637E+00	6.638E+00
8.400E+00	6.634E+00	1.069E-02	6.624E+00	6.644E+00	6.637E+00	6.632E+00	6.634E+00	6.635E+00
8.300E+00	6.631E+00	1.068E-02	6.620E+00	6.641E+00	6.633E+00	6.628E+00	6.630E+00	6.631E+00
8.200E+00	6.627E+00	1.068E-02	6.616E+00	6.637E+00	6.630E+00	6.624E+00	6.627E+00	6.627E+00
8.100E+00	6.623E+00	1.067E-02	6.612E+00	6.633E+00	6.625E+00	6.620E+00	6.622E+00	6.623E+00
8.000E+00	6.618E+00	1.066E-02	6.608E+00	6.629E+00	6.621E+00	6.616E+00	6.618E+00	6.619E+00
7.900E+00	6.614E+00	1.066E-02	6.603E+00	6.624E+00	6.616E+00	6.611E+00	6.613E+00	6.614E+00
7.800E+00	6.609E+00	1.065E-02	6.598E+00	6.619E+00	6.612E+00	6.606E+00	6.609E+00	6.609E+00
7.700E+00	6.604E+00	1.064E-02	6.593E+00	6.614E+00	6.606E+00	6.601E+00	6.603E+00	6.604E+00
7.600E+00	6.598E+00	1.063E-02	6.588E+00	6.608E+00	6.601E+00	6.596E+00	6.598E+00	6.598E+00
7.500E+00	6.592E+00	1.062E-02	6.582E+00	6.603E+00	6.595E+00	6.590E+00	6.592E+00	6.593E+00
7.400E+00	6.586E+00	1.061E-02	6.576E+00	6.596E+00	6.589E+00	6.584E+00	6.586E+00	6.587E+00
7.300E+00	6.580E+00	1.060E-02	6.569E+00	6.590E+00	6.583E+00	6.577E+00	6.580E+00	6.580E+00
7.200E+00	6.573E+00	1.059E-02	6.563E+00	6.583E+00	6.576E+00	6.570E+00	6.573E+00	6.573E+00
7.100E+00	6.566E+00	1.058E-02	6.556E+00	6.576E+00	6.569E+00	6.563E+00	6.566E+00	6.566E+00
7.000E+00	6.558E+00	1.057E-02	6.548E+00	6.569E+00	6.561E+00	6.556E+00	6.558E+00	6.559E+00
6.900E+00	6.550E+00	1.056E-02	6.540E+00	6.561E+00	6.553E+00	6.548E+00	6.550E+00	6.551E+00
6.800E+00	6.542E+00	1.054E-02	6.532E+00	6.552E+00	6.545E+00	6.540E+00	6.542E+00	6.542E+00
6.700E+00	6.533E+00	1.053E-02	6.523E+00	6.544E+00	6.536E+00	6.531E+00	6.533E+00	6.534E+00
6.600E+00	6.524E+00	1.051E-02	6.514E+00	6.534E+00	6.527E+00	6.522E+00	6.524E+00	6.525E+00
6.500E+00	6.515E+00	1.050E-02	6.504E+00	6.525E+00	6.517E+00	6.512E+00	6.514E+00	6.515E+00
6.400E+00	6.505E+00	1.048E-02	6.494E+00	6.515E+00	6.507E+00	6.502E+00	6.504E+00	6.505E+00
6.300E+00	6.494E+00	1.046E-02	6.484E+00	6.504E+00	6.497E+00	6.491E+00	6.494E+00	6.494E+00
6.200E+00	6.483E+00	1.045E-02	6.473E+00	6.493E+00	6.485E+00	6.480E+00	6.482E+00	6.483E+00
6.100E+00	6.471E+00	1.043E-02	6.461E+00	6.481E+00	6.474E+00	6.468E+00	6.471E+00	6.471E+00
6.000E+00	6.459E+00	1.041E-02	6.449E+00	6.469E+00	6.462E+00	6.456E+00	6.459E+00	6.459E+00
5.900E+00	6.446E+00	1.039E-02	6.436E+00	6.456E+00	6.449E+00	6.443E+00	6.446E+00	6.446E+00
5.800E+00	6.433E+00	1.037E-02	6.422E+00	6.443E+00	6.435E+00	6.430E+00	6.432E+00	6.433E+00
5.700E+00	6.419E+00	1.034E-02	6.408E+00	6.428E+00	6.421E+00	6.416E+00	6.418E+00	6.419E+00
5.600E+00	6.404E+00	1.032E-02	6.394E+00	6.414E+00	6.406E+00	6.401E+00	6.403E+00	6.404E+00
5.500E+00	6.388E+00	1.029E-02	6.378E+00	6.398E+00	6.391E+00	6.386E+00	6.388E+00	6.389E+00
5.400E+00	6.372E+00	1.027E-02	6.362E+00	6.382E+00	6.375E+00	6.369E+00	6.372E+00	6.372E+00
5.300E+00	6.355E+00	1.024E-02	6.345E+00	6.365E+00	6.358E+00	6.352E+00	6.355E+00	6.355E+00
5.200E+00	6.337E+00	1.021E-02	6.327E+00	6.347E+00	6.340E+00	6.335E+00	6.337E+00	6.337E+00
5.100E+00	6.319E+00	1.018E-02	6.309E+00	6.328E+00	6.321E+00	6.316E+00	6.318E+00	6.319E+00
5.000E+00	6.299E+00	1.015E-02	6.289E+00	6.309E+00	6.302E+00	6.296E+00	6.299E+00	6.299E+00
4.900E+00	6.278E+00	1.012E-02	6.269E+00	6.288E+00	6.281E+00	6.276E+00	6.278E+00	6.279E+00
4.800E+00	6.257E+00	1.008E-02	6.247E+00	6.267E+00	6.259E+00	6.254E+00	6.257E+00	6.257E+00
4.700E+00	6.234E+00	1.005E-02	6.225E+00	6.244E+00	6.237E+00	6.232E+00	6.234E+00	6.235E+00
4.600E+00	6.211E+00	1.001E-02	6.201E+00	6.220E+00	6.213E+00	6.208E+00	6.210E+00	6.211E+00
4.500E+00	6.186E+00	9.968E-03	6.176E+00	6.195E+00	6.188E+00	6.183E+00	6.186E+00	6.186E+00
