1.580E+01	6.076E+00	2.674E-03	6.075E+00	6.077E+00	6.078E+00	6.074E+00	6.075E+00	6.076E+00
1.570E+01	6.087E+00	2.679E-03	6.086E+00	6.088E+00	6.089E+00	6.085E+00	6.087E+00	6.088E+00
1.560E+01	6.098E+00	2.684E-03	6.097E+00	6.099E+00	6.101E+00	6.096E+00	6.098E+00	6.099E+00
1.550E+01	6.110E+00	2.689E-03	6.108E+00	6.111E+00	6.112E+00	6.107E+00	6.109E+00	6.110E+00
1.540E+01	6.121E+00	2.694E-03	6.120E+00	6.122E+00	6.123E+00	6.118E+00	6.120E+00	6.121E+00
1.530E+01	6.132E+00	2.699E-03	6.131E+00	6.133E+00	6.135E+00	6.130E+00	6.132E+00	6.133E+00
1.520E+01	6.144E+00	2.704E-03	6.142E+00	6.145E+00	6.146E+00	6.141E+00	6.143E+00	6.144E+00
1.510E+01	6.155E+00	2.709E-03	6.154E+00	6.156E+00	6.157E+00	6.153E+00	6.154E+00	6.156E+00
1.500E+01	6.167E+00	2.714E-03	6.165E+00	6.168E+00	6.169E+00	6.164E+00	6.166E+00	6.167E+00
1.490E+01	6.178E+00	2.719E-03	6.177E+00	6.179E+00	6.180E+00	6.176E+00	6.178E+00	6.179E+00
1.480E+01	6.190E+00	2.724E-03	6.188E+00	6.191E+00	6.192E+00	6.187E+00	6.189E+00	6.190E+00
1.470E+01	6.201E+00	2.730E-03	6.200E+00	6.202E+00	6.204E+00	6.199E+00	6.201E+00	6.202E+00
1.460E+01	6.213E+00	2.735E-03	6.212E+00	6.214E+00	6.215E+00	6.211E+00	6.213E+00	6.214E+00
1.450E+01	6.225E+00	2.740E-03	6.224E+00	6.226E+00	6.227E+00	6.222E+00	6.224E+00	6.225E+00
1.440E+01	6.237E+00	2.745E-03	6.235E+00	6.238E+00	6.239E+00	6.234E+00	6.236E+00	6.237E+00
1.430E+01	6.249E+00	2.750E-03	6.247E+00	6.250E+00	6.251E+00	6.246E+00	6.248E+00	6.249E+00
1.420E+01	6.260E+00	2.756E-03	6.259E+00	6.261E+00	6.263E+00	6.258E+00	6.260E+00	6.261E+00
1.410E+01	6.272E+00	2.761E-03	6.271E+00	6.273E+00	6.275E+00	6.270E+00	6.272E+00	6.273E+00
1.400E+01	6.284E+00	2.766E-03	6.283E+00	6.285E+00	6.287E+00	6.282E+00	6.284E+00	6.285E+00
1.390E+01	6.296E+00	2.771E-03	6.295E+00	6.298E+00	6.299E+00	6.294E+00	6.296E+00	6.297E+00
1.380E+01	6.309E+00	2.777E-03	6.307E+00	6.310E+00	6.311E+00	6.306E+00	6.308E+00	6.309E+00
1.370E+01	6.321E+00	2.782E-03	6.319E+00	6.322E+00	6.323E+00	6.318E+00	6.320E+00	6.321E+00
1.360E+01	6.333E+00	2.788E-03	6.332E+00	6.334E+00	6.336E+00	6.331E+00	6.332E+00	6.334E+00
1.350E+01	6.345E+00	2.793E-03	6.344E+00	6.346E+00	6.348E+00	6.343E+00	6.345E+00	6.346E+00
1.340E+01	6.358E+00	2.798E-03	6.356E+00	6.359E+00	6.360E+00	6.355E+00	6.357E+00	6.358E+00
1.330E+01	6.370E+00	2.804E-03	6.369E+00	6.371E+00	6.373E+00	6.368E+00	6.370E+00	6.371E+00
1.320E+01	6.383E+00	2.809E-03	6.381E+00	6.384E+00	6.385E+00	6.380E+00	6.382E+00	6.383E+00
1.310E+01	6.395E+00	2.815E-03	6.394E+00	6.396E+00	6.398E+00	6.393E+00	6.394E+00	6.396E+00
1.300E+01	6.408E+00	2.820E-03	6.406E+00	6.409E+00	6.410E+00	6.405E+00	6.407E+00	6.408E+00
1.290E+01	6.420E+00	2.826E-03	6.419E+00	6.421E+00	6.423E+00	6.418E+00	6.420E+00	6.421E+00
1.280E+01	6.433E+00	2.831E-03	6.432E+00	6.434E+00	6.435E+00	6.430E+00	6.432E+00	6.433E+00
1.270E+01	6.446E+00	2.837E-03	6.444E+00	6.447E+00	6.448E+00	6.443E+00	6.445E+00	6.446E+00
1.260E+01	6.458E+00	2.843E-03	6.457E+00	6.459E+00	6.461E+00	6.456E+00	6.458E+00	6.459E+00
1.250E+01	6.471E+00	2.848E-03	6.470E+00	6.472E+00	6.474E+00	6.469E+00	6.471E+00	6.472E+00
1.240E+01	6.484E+00	2.854E-03	6.483E+00	6.485E+00	6.487E+00	6.482E+00	6.483E+00	6.485E+00
1.230E+01	6.497E+00	2.860E-03	6.496E+00	6.498E+00	6.499E+00	6.494E+00	6.496E+00	6.498E+00
1.220E+01	6.510E+00	2.865E-03	6.509E+00	6.511E+00	6.512E+00	6.507E+00	6.509E+00	6.511E+00
1.210E+01	6.523E+00	2.871E-03	6.522E+00	6.524E+00	6.526E+00	6.520E+00	6.522E+00	6.524E+00
1.200E+01	6.536E+00	2.877E-03	6.535E+00	6.537E+00	6.539E+00	6.534E+00	6.535E+00	6.537E+00
1.190E+01	6.549E+00	2.883E-03	6.548E+00	6.550E+00	6.552E+00	6.547E+00	6.549E+00	6.550E+00
1.180E+01	6.562E+00	2.888E-03	6.561E+00	6.563E+00	6.565E+00	6.560E+00	6.562E+00	6.563E+00
1.170E+01	6.576E+00	2.894E-03	6.574E+00	6.577E+00	6.578E+00	6.573E+00	6.575E+00	6.576E+00
1.160E+01	6.589E+00	2.900E-03	6.588E+00	6.590E+00	6.591E+00	6.586E+00	6.588E+00	6.590E+00
1.150E+01	6.602E+00	2.906E-03	6.601E+00	6.603E+00	6.605E+00	6.600E+00	6.602E+00	6.603E+00
1.140E+01	6.616E+00	2.912E-03	6.614E+00	6.617E+00	6.618E+00	6.613E+00	6.615E+00	6.616E+00
1.130E+01	6.629E+00	2.918E-03	6.628E+00	6.630E+00	6.632E+00	6.627E+00	6.629E+00	6.630E+00
1.120E+01	6.643E+00	2.924E-03	6.641E+00	6.644E+00	6.645E+00	6.640E+00	6.642E+00	6.643E+00
1.110E+01	6.656E+00	2.930E-03	6.655E+00	6.657E+00	6.659E+00	6.654E+00	6.656E+00	6.657E+00
1.100E+01	6.670E+00	2.936E-03	6.668E+00	6.671E+00	6.672E+00	6.667E+00	6.669E+00	6.670E+00
1.090E+01	6.683E+00	2.942E-03	6.682E+00	6.685E+00	6.686E+00	6.681E+00	6.683E+00	6.684E+00
1.080E+01	6.697E+00	2.948E-03	6.696E+00	6.698E+00	6.700E+00	6.694E+00	6.697E+00	6.698E+00
1.070E+01	6.711E+00	2.954E-03	6.709E+00	6.712E+00	6.713E+00	6.708E+00	6.710E+00	6.711E+00
1.060E+01	6.725E+00	2.960E-03	6.723E+00	6.726E+00	6.727E+00	6.722E+00	6.724E+00	6.725E+00
1.050E+01	6.738E+00	2.966E-03	6.737E+00	6.740E+00	6.741E+00	6.736E+00	6.738E+00	6.739E+00
1.040E+01	6.752E+00	2.972E-03	6.751E+00	6.753E+00	6.755E+00	6.750E+00	6.752E+00	6.753E+00
1.030E+01	6.766E+00	2.978E-03	6.765E+00	6.767E+00	6.769E+00	6.764E+00	6.766E+00	6.767E+00
1.020E+01	6.780E+00	2.984E-03	6.779E+00	6.781E+00	6.783E+00	6.778E+00	6.780E+00	6.781E+00
1.010E+01	6.794E+00	2.990E-03	6.793E+00	6.795E+00	6.797E+00	6.792E+00	6.794E+00	6.795E+00
1.000E+01	6.808E+00	2.997E-03	6.807E+00	6.809E+00	6.811E+00	6.806E+00	6.808E+00	6.809E+00
9.900E+00	6.822E+00	3.003E-03	6.821E+00	6.823E+00	6.825E+00	6.820E+00	6.822E+00	6.823E+00
9.800E+00	6.836E+00	3.009E-03	6.835E+00	6.838E+00	6.839E+00	6.834E+00	6.836E+00	6.837E+00
9.700E+00	6.851E+00	3.015E-03	6.849E+00	6.852E+00	6.853E+00	6.848E+00	6.850E+00	6.851E+00
9.600E+00	6.865E+00	3.022E-03	6.863E+00	6.866E+00	6.867E+00	6.862E+00	6.864E+00	6.865E+00
9.500E+00	6.879E+00	3.028E-03	6.878E+00	6.880E+00	6.882E+00	6.876E+00	6.878E+00	6.880E+00
9.400E+00	6.893E+00	3.034E-03	6.892E+00	6.894E+00	6.896E+00	6.891E+00	6.893E+00	6.894E+00
9.300E+00	6.907E+00	3.040E-03	6.906E+00	6.909E+00	6.910E+00	6.905E+00	6.907E+00	6.908E+00
9.200E+00	6.922E+00	3.047E-03	6.920E+00	6.923E+00	6.924E+00	6.919E+00	6.921E+00	6.922E+00
9.100E+00	6.936E+00	3.053E-03	6.935E+00	6.937E+00	6.939E+00	6.933E+00	6.935E+00	6.937E+00
9.000E+00	6.950E+00	3.059E-03	6.949E+00	6.952E+00	6.953E+00	6.948E+00	6.950E+00	6.951E+00
8.900E+00	6.965E+00	3.066E-03	6.963E+00	6.966E+00	6.967E+00	6.962E+00	6.964E+00	6.965E+00
8.800E+00	6.979E+00	3.072E-03	6.978E+00	6.980E+00	6.982E+00	6.976E+00	6.979E+00	6.980E+00
8.700E+00	6.994E+00	3.078E-03	6.992E+00	6.995E+00	6.996E+00	6.991E+00	6.993E+00	6.994E+00
8.600E+00	7.008E+00	3.085E-03	7.006E+00	7.009E+00	7.011E+00	7.005E+00	7.007E+00	7.009E+00
8.500E+00	7.022E+00	3.091E-03	7.021E+00	7.023E+00	7.025E+00	7.020E+00	7.022E+00	7.023E+00
8.400E+00	7.037E+00	3.097E-03	7.035E+00	7.038E+00	7.039E+00	7.034E+00	7.036E+00	7.037E+00
8.300E+00	7.051E+00	3.104E-03	7.050E+00	7.052E+00	7.054E+00	7.048E+00	7.051E+00	7.052E+00
8.200E+00	7.066E+00	3.110E-03	7.064E+00	7.067E+00	7.068E+00	7.063E+00	7.065E+00	7.066E+00
8.100E+00	7.080E+00	3.116E-03	7.078E+00	7.081E+00	7.083E+00	7.077E+00	7.079E+00	7.081E+00
8.000E+00	7.094E+00	3.123E-03	7.093E+00	7.095E+00	7.097E+00	7.092E+00	7.094E+00	7.095E+00
7.900E+00	7.109E+00	3.129E-03	7.107E+00	7.110E+00	7.111E+00	7.106E+00	7.108E+00	7.109E+00
7.800E+00	7.123E+00	3.135E-03	7.121E+00	7.124E+00	7.126E+00	7.120E+00	7.122E+00	7.124E+00
7.700E+00	7.137E+00	3.142E-03	7.136E+00	7.138E+00	7.140E+00	7.134E+00	7.137E+00	7.138E+00
7.600E+00	7.152E+00	3.148E-03	7.150E+00	7.153E+00	7.154E+00	7.149E+00	7.151E+00	7.152E+00
7.500E+00	7.166E+00	3.154E-03	7.164E+00	7.167E+00	7.169E+00	7.163E+00	7.165E+00	7.166E+00
7.400E+00	7.180E+00	3.160E-03	7.178E+00	7.181E+00	7.183E+00	7.177E+00	7.179E+00	7.181E+00
7.300E+00	7.194E+00	3.166E-03	7.192E+00	7.195E+00	7.197E+00	7.191E+00	7.193E+00	7.195E+00
7.200E+00	7.208E+00	3.173E-03	7.207E+00	7.209E+00	7.211E+00	7.205E+00	7.207E+00	7.209E+00
7.100E+00	7.222E+00	3.179E-03	7.220E+00	7.223E+00	7.225E+00	7.219E+00	7.221E+00	7.223E+00
7.000E+00	7.236E+00	3.185E-03	7.234E+00	7.237E+00	7.239E+00	7.233E+00	7.235E+00	7.237E+00
6.900E+00	7.250E+00	3.191E-03	7.248E+00	7.251E+00	7.252E+00	7.247E+00	7.249E+00	7.250E+00
6.800E+00	7.263E+00	3.197E-03	7.262E+00	7.265E+00	7.266E+00	7.261E+00	7.263E+00	7.264E+00
6.700E+00	7.277E+00	3.203E-03	7.275E+00	7.278E+00	7.280E+00	7.274E+00	7.276E+00	7.278E+00
6.600E+00	7.290E+00	3.209E-03	7.289E+00	7.292E+00	7.293E+00	7.287E+00	7.290E+00	7.291E+00
6.500E+00	7.304E+00	3.215E-03	7.302E+00	7.305E+00	7.306E+00	7.301E+00	7.303E+00	7.304E+00
6.400E+00	7.317E+00	3.221E-03	7.315E+00	7.318E+00	7.320E+00	7.314E+00	7.316E+00	7.317E+00
6.300E+00	7.330E+00	3.226E-03	7.328E+00	7.331E+00	7.333E+00	7.327E+00	7.329E+00	7.330E+00
6.200E+00	7.343E+00	3.232E-03	7.341E+00	7.344E+00	7.345E+00	7.340E+00	7.342E+00	7.343E+00
6.100E+00	7.355E+00	3.237E-03	7.354E+00	7.356E+00	7.358E+00	7.352E+00	7.354E+00	7.356E+00
6.000E+00	7.367E+00	3.243E-03	7.366E+00	7.369E+00	7.370E+00	7.365E+00	7.367E+00	7.368E+00
5.900E+00	7.380E+00	3.248E-03	7.378E+00	7.381E+00	7.382E+00	7.377E+00	7.379E+00	7.380E+00
5.800E+00	7.391E+00	3.253E-03	7.390E+00	7.393E+00	7.394E+00	7.389E+00	7.391E+00	7.392E+00
5.700E+00	7.403E+00	3.258E-03	7.401E+00	7.404E+00	7.406E+00	7.400E+00	7.402E+00	7.404E+00
5.600E+00	7.414E+00	3.263E-03	7.413E+00	7.416E+00	7.417E+00	7.411E+00	7.414E+00	7.415E+00
5.500E+00	7.425E+00	3.268E-03	7.424E+00	7.426E+00	7.428E+00	7.422E+00	7.425E+00	7.426E+00
5.400E+00	7.436E+00	3.273E-03	7.434E+00	7.437E+00	7.439E+00	7.433E+00	7.435E+00	7.436E+00
5.300E+00	7.446E+00	3.277E-03	7.444E+00	7.447E+00	7.449E+00	7.443E+00	7.445E+00	7.447E+00
5.200E+00	7.456E+00	3.282E-03	7.454E+00	7.457E+00	7.459E+00	7.453E+00	7.455E+00	7.456E+00
5.100E+00	7.465E+00	3.286E-03	7.463E+00	7.466E+00	7.468E+00	7.462E+00	7.464E+00	7.466E+00
5.000E+00	7.474E+00	3.290E-03	7.472E+00	7.475E+00	7.477E+00	7.471E+00	7.473E+00	7.474E+00
4.900E+00	7.482E+00	3.293E-03	7.480E+00	7.483E+00	7.485E+00	7.479E+00	7.481E+00	7.483E+00
4.800E+00	7.490E+00	3.297E-03	7.488E+00	7.491E+00	7.493E+00	7.487E+00	7.489E+00	7.490E+00
4.700E+00	7.497E+00	3.300E-03	7.495E+00	7.498E+00	7.500E+00	7.494E+00	7.496E+00	7.497E+00
4.600E+00	7.503E+00	3.303E-03	7.501E+00	7.504E+00	7.506E+00	7.500E+00	7.502E+00	7.504E+00
4.500E+00	7.509E+00	3.305E-03	7.507E+00	7.510E+00	7.512E+00	7.506E+00	7.508E+00	7.509E+00
