1.350E+01	3.100E+00	5.624E-02	3.040E+00	3.152E+00	3.097E+00	3.103E+00	3.106E+00	3.094E+00
1.340E+01	3.112E+00	5.646E-02	3.052E+00	3.164E+00	3.109E+00	3.115E+00	3.118E+00	3.106E+00
1.330E+01	3.124E+00	5.667E-02	3.063E+00	3.176E+00	3.121E+00	3.127E+00	3.130E+00	3.117E+00
1.320E+01	3.136E+00	5.689E-02	3.075E+00	3.188E+00	3.133E+00	3.139E+00	3.142E+00	3.129E+00
1.310E+01	3.148E+00	5.711E-02	3.087E+00	3.200E+00	3.145E+00	3.151E+00	3.154E+00	3.142E+00
1.300E+01	3.160E+00	5.733E-02	3.099E+00	3.213E+00	3.157E+00	3.163E+00	3.167E+00	3.154E+00
1.290E+01	3.173E+00	5.756E-02	3.111E+00	3.225E+00	3.169E+00	3.176E+00	3.179E+00	3.166E+00
1.280E+01	3.185E+00	5.778E-02	3.124E+00	3.238E+00	3.182E+00	3.188E+00	3.192E+00	3.179E+00
1.270E+01	3.198E+00	5.801E-02	3.136E+00	3.251E+00	3.194E+00	3.201E+00	3.204E+00	3.191E+00
1.260E+01	3.210E+00	5.824E-02	3.148E+00	3.264E+00	3.207E+00	3.214E+00	3.217E+00	3.204E+00
1.250E+01	3.223E+00	5.847E-02	3.161E+00	3.277E+00	3.220E+00	3.226E+00	3.230E+00	3.217E+00
1.240E+01	3.236E+00	5.871E-02	3.174E+00	3.290E+00	3.233E+00	3.239E+00	3.243E+00	3.229E+00
1.230E+01	3.249E+00	5.895E-02	3.186E+00	3.303E+00	3.246E+00	3.252E+00	3.256E+00	3.242E+00
1.220E+01	3.262E+00	5.918E-02	3.199E+00	3.317E+00	3.259E+00	3.266E+00	3.269E+00	3.256E+00
1.210E+01	3.276E+00	5.942E-02	3.212E+00	3.330E+00	3.272E+00	3.279E+00	3.282E+00	3.269E+00
1.200E+01	3.289E+00	5.967E-02	3.225E+00	3.344E+00	3.286E+00	3.292E+00	3.296E+00	3.282E+00
1.190E+01	3.302E+00	5.991E-02	3.239E+00	3.358E+00	3.299E+00	3.306E+00	3.309E+00	3.296E+00
1.180E+01	3.316E+00	6.016E-02	3.252E+00	3.371E+00	3.313E+00	3.320E+00	3.323E+00	3.309E+00
1.170E+01	3.330E+00	6.041E-02	3.266E+00	3.385E+00	3.326E+00	3.333E+00	3.337E+00	3.323E+00
1.160E+01	3.344E+00	6.066E-02	3.279E+00	3.400E+00	3.340E+00	3.347E+00	3.351E+00	3.337E+00
1.150E+01	3.358E+00	6.092E-02	3.293E+00	3.414E+00	3.354E+00	3.361E+00	3.365E+00	3.351E+00
1.140E+01	3.372E+00	6.118E-02	3.307E+00	3.428E+00	3.369E+00	3.376E+00	3.379E+00	3.365E+00
1.130E+01	3.386E+00	6.144E-02	3.321E+00	3.443E+00	3.383E+00	3.390E+00	3.393E+00	3.380E+00
1.120E+01	3.401E+00	6.170E-02	3.335E+00	3.458E+00	3.397E+00	3.404E+00	3.408E+00	3.394E+00
1.110E+01	3.415E+00	6.196E-02	3.349E+00	3.472E+00	3.412E+00	3.419E+00	3.422E+00	3.409E+00
1.100E+01	3.430E+00	6.223E-02	3.364E+00	3.487E+00	3.427E+00	3.434E+00	3.437E+00	3.423E+00
1.090E+01	3.445E+00	6.250E-02	3.379E+00	3.503E+00	3.442E+00	3.449E+00	3.452E+00	3.438E+00
1.080E+01	3.460E+00	6.277E-02	3.393E+00	3.518E+00	3.457E+00	3.464E+00	3.467E+00	3.453E+00
1.070E+01	3.475E+00	6.305E-02	3.408E+00	3.533E+00	3.472E+00	3.479E+00	3.482E+00	3.468E+00
1.060E+01	3.491E+00	6.333E-02	3.423E+00	3.549E+00	3.487E+00	3.494E+00	3.498E+00	3.484E+00
1.050E+01	3.506E+00	6.361E-02	3.438E+00	3.565E+00	3.503E+00	3.510E+00	3.513E+00	3.499E+00
1.040E+01	3.522E+00	6.389E-02	3.454E+00	3.581E+00	3.518E+00	3.525E+00	3.529E+00	3.515E+00
1.030E+01	3.538E+00	6.418E-02	3.469E+00	3.597E+00	3.534E+00	3.541E+00	3.545E+00	3.530E+00
1.020E+01	3.554E+00	6.447E-02	3.485E+00	3.613E+00	3.550E+00	3.557E+00	3.561E+00	3.546E+00
1.010E+01	3.570E+00	6.476E-02	3.501E+00	3.629E+00	3.566E+00	3.573E+00	3.577E+00	3.563E+00
1.000E+01	3.586E+00	6.506E-02	3.517E+00	3.646E+00	3.582E+00	3.590E+00	3.593E+00	3.579E+00
9.900E+00	3.603E+00	6.536E-02	3.533E+00	3.663E+00	3.599E+00	3.606E+00	3.610E+00	3.595E+00
9.800E+00	3.619E+00	6.566E-02	3.549E+00	3.680E+00	3.615E+00	3.623E+00	3.627E+00	3.612E+00
9.700E+00	3.636E+00	6.597E-02	3.566E+00	3.697E+00	3.632E+00	3.640E+00	3.644E+00	3.629E+00
9.600E+00	3.653E+00	6.627E-02	3.582E+00	3.714E+00	3.649E+00	3.657E+00	3.661E+00	3.646E+00
9.500E+00	3.670E+00	6.659E-02	3.599E+00	3.731E+00	3.666E+00	3.674E+00	3.678E+00	3.663E+00
9.400E+00	3.688E+00	6.690E-02	3.616E+00	3.749E+00	3.684E+00	3.691E+00	3.695E+00	3.680E+00
9.300E+00	3.705E+00	6.722E-02	3.634E+00	3.767E+00	3.701E+00	3.709E+00	3.713E+00	3.698E+00
9.200E+00	3.723E+00	6.754E-02	3.651E+00	3.785E+00	3.719E+00	3.727E+00	3.731E+00	3.715E+00
9.100E+00	3.741E+00	6.787E-02	3.669E+00	3.803E+00	3.737E+00	3.745E+00	3.749E+00	3.733E+00
9.000E+00	3.759E+00	6.820E-02	3.686E+00	3.822E+00	3.755E+00	3.763E+00	3.767E+00	3.751E+00
8.900E+00	3.777E+00	6.853E-02	3.704E+00	3.840E+00	3.773E+00	3.781E+00	3.785E+00	3.770E+00
8.800E+00	3.796E+00	6.886E-02	3.723E+00	3.859E+00	3.792E+00	3.800E+00	3.804E+00	3.788E+00
8.700E+00	3.815E+00	6.920E-02	3.741E+00	3.878E+00	3.811E+00	3.819E+00	3.822E+00	3.807E+00
8.600E+00	3.834E+00	6.955E-02	3.759E+00	3.897E+00	3.830E+00	3.837E+00	3.841E+00	3.826E+00
8.500E+00	3.853E+00	6.990E-02	3.778E+00	3.917E+00	3.849E+00	3.857E+00	3.861E+00	3.845E+00
8.400E+00	3.872E+00	7.025E-02	3.797E+00	3.937E+00	3.868E+00	3.876E+00	3.880E+00	3.864E+00
8.300E+00	3.892E+00	7.060E-02	3.816E+00	3.957E+00	3.888E+00	3.896E+00	3.900E+00	3.884E+00
8.200E+00	3.911E+00	7.096E-02	3.836E+00	3.977E+00	3.907E+00	3.916E+00	3.919E+00	3.904E+00
8.100E+00	3.932E+00	7.133E-02	3.856E+00	3.997E+00	3.927E+00	3.936E+00	3.940E+00	3.924E+00
8.000E+00	3.952E+00	7.169E-02	3.875E+00	4.018E+00	3.948E+00	3.956E+00	3.960E+00	3.944E+00
7.900E+00	3.972E+00	7.207E-02	3.896E+00	4.038E+00	3.968E+00	3.976E+00	3.980E+00	3.964E+00
7.800E+00	3.993E+00	7.244E-02	3.916E+00	4.060E+00	3.989E+00	3.997E+00	4.001E+00	3.985E+00
7.700E+00	4.014E+00	7.282E-02	3.936E+00	4.081E+00	4.010E+00	4.018E+00	4.022E+00	4.006E+00
7.600E+00	4.035E+00	7.321E-02	3.957E+00	4.102E+00	4.031E+00	4.039E+00	4.043E+00	4.027E+00
7.500E+00	4.057E+00	7.360E-02	3.978E+00	4.124E+00	4.052E+00	4.061E+00	4.065E+00	4.048E+00
7.400E+00	4.078E+00	7.399E-02	4.000E+00	4.146E+00	4.074E+00	4.083E+00	4.087E+00	4.070E+00
7.300E+00	4.100E+00	7.439E-02	4.021E+00	4.169E+00	4.096E+00	4.105E+00	4.109E+00	4.092E+00
7.200E+00	4.123E+00	7.479E-02	4.043E+00	4.191E+00	4.118E+00	4.127E+00	4.131E+00	4.114E+00
7.100E+00	4.145E+00	7.520E-02	4.065E+00	4.214E+00	4.141E+00	4.149E+00	4.154E+00	4.137E+00
7.000E+00	4.168E+00	7.561E-02	4.087E+00	4.237E+00	4.164E+00	4.172E+00	4.176E+00	4.159E+00
6.900E+00	4.191E+00	7.603E-02	4.110E+00	4.261E+00	4.187E+00	4.195E+00	4.199E+00	4.182E+00
6.800E+00	4.214E+00	7.645E-02	4.133E+00	4.284E+00	4.210E+00	4.219E+00	4.223E+00	4.206E+00
6.700E+00	4.238E+00	7.688E-02	4.156E+00	4.308E+00	4.233E+00	4.242E+00	4.246E+00	4.229E+00
6.600E+00	4.262E+00	7.731E-02	4.179E+00	4.333E+00	4.257E+00	4.266E+00	4.270E+00	4.253E+00
6.500E+00	4.286E+00	7.775E-02	4.203E+00	4.357E+00	4.281E+00	4.290E+00	4.295E+00	4.277E+00
6.400E+00	4.310E+00	7.820E-02	4.227E+00	4.382E+00	4.306E+00	4.315E+00	4.319E+00	4.301E+00
6.300E+00	4.335E+00	7.864E-02	4.251E+00	4.407E+00	4.330E+00	4.339E+00	4.344E+00	4.326E+00
6.200E+00	4.360E+00	7.910E-02	4.276E+00	4.433E+00	4.355E+00	4.364E+00	4.369E+00	4.351E+00
6.100E+00	4.385E+00	7.956E-02	4.300E+00	4.458E+00	4.381E+00	4.390E+00	4.394E+00	4.376E+00
6.000E+00	4.411E+00	8.002E-02	4.326E+00	4.484E+00	4.406E+00	4.415E+00	4.420E+00	4.402E+00
5.900E+00	4.437E+00	8.049E-02	4.351E+00	4.511E+00	4.432E+00	4.441E+00	4.446E+00	4.428E+00
5.800E+00	4.463E+00	8.097E-02	4.377E+00	4.537E+00	4.458E+00	4.468E+00	4.472E+00	4.454E+00
5.700E+00	4.489E+00	8.145E-02	4.403E+00	4.564E+00	4.485E+00	4.494E+00	4.499E+00	4.480E+00
5.600E+00	4.516E+00	8.193E-02	4.429E+00	4.592E+00	4.512E+00	4.521E+00	4.526E+00	4.507E+00
5.500E+00	4.543E+00	8.243E-02	4.456E+00	4.619E+00	4.539E+00	4.548E+00	4.553E+00	4.534E+00
5.400E+00	4.571E+00	8.293E-02	4.483E+00	4.647E+00	4.566E+00	4.576E+00	4.580E+00	4.562E+00
5.300E+00	4.599E+00	8.343E-02	4.510E+00	4.675E+00	4.594E+00	4.603E+00	4.608E+00	4.589E+00
5.200E+00	4.627E+00	8.394E-02	4.537E+00	4.704E+00	4.622E+00	4.631E+00	4.636E+00	4.617E+00
5.100E+00	4.655E+00	8.445E-02	4.565E+00	4.733E+00	4.650E+00	4.660E+00	4.665E+00	4.646E+00
5.000E+00	4.684E+00	8.497E-02	4.593E+00	4.762E+00	4.679E+00	4.689E+00	4.693E+00	4.674E+00
4.900E+00	4.713E+00	8.550E-02	4.622E+00	4.791E+00	4.708E+00	4.718E+00	4.722E+00	4.703E+00
4.800E+00	4.742E+00	8.603E-02	4.650E+00	4.821E+00	4.737E+00	4.747E+00	4.752E+00	4.732E+00
4.700E+00	4.772E+00	8.657E-02	4.679E+00	4.851E+00	4.767E+00	4.776E+00	4.781E+00	4.762E+00
4.600E+00	4.801E+00	8.711E-02	4.709E+00	4.881E+00	4.796E+00	4.806E+00	4.811E+00	4.792E+00
4.500E+00	4.832E+00	8.765E-02	4.738E+00	4.912E+00	4.827E+00	4.837E+00	4.841E+00	4.822E+00
