1.350E+01	4.037E+00	1.543E-01	4.167E+00	3.859E+00	4.024E+00	4.049E+00	4.042E+00	4.032E+00
1.340E+01	4.038E+00	1.544E-01	4.168E+00	3.861E+00	4.025E+00	4.051E+00	4.043E+00	4.033E+00
1.330E+01	4.039E+00	1.544E-01	4.170E+00	3.862E+00	4.027E+00	4.052E+00	4.044E+00	4.034E+00
1.320E+01	4.041E+00	1.545E-01	4.171E+00	3.863E+00	4.028E+00	4.053E+00	4.046E+00	4.036E+00
1.310E+01	4.042E+00	1.545E-01	4.172E+00	3.864E+00	4.029E+00	4.054E+00	4.047E+00	4.037E+00
1.300E+01	4.043E+00	1.546E-01	4.174E+00	3.866E+00	4.031E+00	4.056E+00	4.048E+00	4.038E+00
1.290E+01	4.044E+00	1.546E-01	4.175E+00	3.867E+00	4.032E+00	4.057E+00	4.049E+00	4.039E+00
1.280E+01	4.045E+00	1.547E-01	4.176E+00	3.868E+00	4.033E+00	4.058E+00	4.051E+00	4.040E+00
1.270E+01	4.047E+00	1.547E-01	4.177E+00	3.869E+00	4.034E+00	4.059E+00	4.052E+00	4.042E+00
1.260E+01	4.048E+00	1.548E-01	4.178E+00	3.870E+00	4.035E+00	4.060E+00	4.053E+00	4.043E+00
1.250E+01	4.049E+00	1.548E-01	4.179E+00	3.871E+00	4.036E+00	4.061E+00	4.054E+00	4.044E+00
1.240E+01	4.050E+00	1.548E-01	4.180E+00	3.872E+00	4.037E+00	4.062E+00	4.055E+00	4.045E+00
1.230E+01	4.051E+00	1.549E-01	4.182E+00	3.873E+00	4.038E+00	4.063E+00	4.056E+00	4.046E+00
1.220E+01	4.052E+00	1.549E-01	4.182E+00	3.874E+00	4.039E+00	4.064E+00	4.057E+00	4.047E+00
1.210E+01	4.053E+00	1.549E-01	4.183E+00	3.875E+00	4.040E+00	4.065E+00	4.058E+00	4.048E+00
1.200E+01	4.053E+00	1.550E-01	4.184E+00	3.876E+00	4.041E+00	4.066E+00	4.059E+00	4.048E+00
1.190E+01	4.054E+00	1.550E-01	4.185E+00	3.876E+00	4.042E+00	4.067E+00	4.059E+00	4.049E+00
1.180E+01	4.055E+00	1.550E-01	4.186E+00	3.877E+00	4.042E+00	4.068E+00	4.060E+00	4.050E+00
1.170E+01	4.056E+00	1.551E-01	4.187E+00	3.878E+00	4.043E+00	4.068E+00	4.061E+00	4.051E+00
1.160E+01	4.056E+00	1.551E-01	4.187E+00	3.878E+00	4.044E+00	4.069E+00	4.061E+00	4.051E+00
1.150E+01	4.057E+00	1.551E-01	4.188E+00	3.879E+00	4.044E+00	4.070E+00	4.062E+00	4.052E+00
1.140E+01	4.058E+00	1.551E-01	4.189E+00	3.879E+00	4.045E+00	4.070E+00	4.063E+00	4.053E+00
1.130E+01	4.058E+00	1.552E-01	4.189E+00	3.880E+00	4.046E+00	4.071E+00	4.063E+00	4.053E+00
1.120E+01	4.059E+00	1.552E-01	4.190E+00	3.880E+00	4.046E+00	4.071E+00	4.064E+00	4.054E+00
1.110E+01	4.059E+00	1.552E-01	4.190E+00	3.881E+00	4.046E+00	4.072E+00	4.064E+00	4.054E+00
1.100E+01	4.059E+00	1.552E-01	4.190E+00	3.881E+00	4.047E+00	4.072E+00	4.064E+00	4.054E+00
1.090E+01	4.060E+00	1.552E-01	4.191E+00	3.881E+00	4.047E+00	4.072E+00	4.065E+00	4.055E+00
1.080E+01	4.060E+00	1.552E-01	4.191E+00	3.882E+00	4.047E+00	4.072E+00	4.065E+00	4.055E+00
1.070E+01	4.060E+00	1.552E-01	4.191E+00	3.882E+00	4.047E+00	4.073E+00	4.065E+00	4.055E+00
1.060E+01	4.060E+00	1.552E-01	4.191E+00	3.882E+00	4.047E+00	4.073E+00	4.065E+00	4.055E+00
1.050E+01	4.060E+00	1.552E-01	4.191E+00	3.882E+00	4.047E+00	4.073E+00	4.065E+00	4.055E+00
1.040E+01	4.060E+00	1.552E-01	4.191E+00	3.882E+00	4.047E+00	4.073E+00	4.065E+00	4.055E+00
1.030E+01	4.060E+00	1.552E-01	4.191E+00	3.882E+00	4.047E+00	4.073E+00	4.065E+00	4.055E+00
1.020E+01	4.060E+00	1.552E-01	4.191E+00	3.882E+00	4.047E+00	4.072E+00	4.065E+00	4.055E+00
1.010E+01	4.059E+00	1.552E-01	4.190E+00	3.881E+00	4.047E+00	4.072E+00	4.065E+00	4.054E+00
1.000E+01	4.059E+00	1.552E-01	4.190E+00	3.881E+00	4.047E+00	4.072E+00	4.064E+00	4.054E+00
9.900E+00	4.059E+00	1.552E-01	4.190E+00	3.881E+00	4.046E+00	4.071E+00	4.064E+00	4.054E+00
9.800E+00	4.058E+00	1.552E-01	4.189E+00	3.880E+00	4.046E+00	4.071E+00	4.063E+00	4.053E+00
9.700E+00	4.058E+00	1.551E-01	4.189E+00	3.879E+00	4.045E+00	4.070E+00	4.063E+00	4.053E+00
9.600E+00	4.057E+00	1.551E-01	4.188E+00	3.879E+00	4.044E+00	4.069E+00	4.062E+00	4.052E+00
9.500E+00	4.056E+00	1.551E-01	4.187E+00	3.878E+00	4.043E+00	4.069E+00	4.061E+00	4.051E+00
9.400E+00	4.055E+00	1.550E-01	4.186E+00	3.877E+00	4.043E+00	4.068E+00	4.060E+00	4.050E+00
9.300E+00	4.054E+00	1.550E-01	4.185E+00	3.876E+00	4.042E+00	4.067E+00	4.059E+00	4.049E+00
9.200E+00	4.053E+00	1.550E-01	4.184E+00	3.875E+00	4.041E+00	4.066E+00	4.058E+00	4.048E+00
9.100E+00	4.052E+00	1.549E-01	4.183E+00	3.874E+00	4.039E+00	4.065E+00	4.057E+00	4.047E+00
9.000E+00	4.051E+00	1.549E-01	4.181E+00	3.873E+00	4.038E+00	4.063E+00	4.056E+00	4.046E+00
8.900E+00	4.049E+00	1.548E-01	4.180E+00	3.871E+00	4.037E+00	4.062E+00	4.054E+00	4.044E+00
8.800E+00	4.048E+00	1.548E-01	4.178E+00	3.870E+00	4.035E+00	4.060E+00	4.053E+00	4.043E+00
8.700E+00	4.046E+00	1.547E-01	4.177E+00	3.868E+00	4.033E+00	4.059E+00	4.051E+00	4.041E+00
8.600E+00	4.044E+00	1.546E-01	4.175E+00	3.867E+00	4.032E+00	4.057E+00	4.049E+00	4.039E+00
8.500E+00	4.042E+00	1.546E-01	4.173E+00	3.865E+00	4.030E+00	4.055E+00	4.047E+00	4.037E+00
8.400E+00	4.040E+00	1.545E-01	4.171E+00	3.863E+00	4.028E+00	4.053E+00	4.045E+00	4.035E+00
8.300E+00	4.038E+00	1.544E-01	4.168E+00	3.861E+00	4.025E+00	4.051E+00	4.043E+00	4.033E+00
8.200E+00	4.036E+00	1.543E-01	4.166E+00	3.859E+00	4.023E+00	4.048E+00	4.041E+00	4.031E+00
8.100E+00	4.033E+00	1.542E-01	4.163E+00	3.856E+00	4.021E+00	4.046E+00	4.038E+00	4.028E+00
8.000E+00	4.031E+00	1.541E-01	4.161E+00	3.854E+00	4.018E+00	4.043E+00	4.036E+00	4.026E+00
7.900E+00	4.028E+00	1.540E-01	4.158E+00	3.851E+00	4.015E+00	4.040E+00	4.033E+00	4.023E+00
7.800E+00	4.025E+00	1.539E-01	4.155E+00	3.848E+00	4.012E+00	4.037E+00	4.030E+00	4.020E+00
7.700E+00	4.022E+00	1.538E-01	4.151E+00	3.845E+00	4.009E+00	4.034E+00	4.027E+00	4.017E+00
7.600E+00	4.018E+00	1.536E-01	4.148E+00	3.842E+00	4.006E+00	4.031E+00	4.023E+00	4.013E+00
7.500E+00	4.015E+00	1.535E-01	4.144E+00	3.838E+00	4.002E+00	4.027E+00	4.020E+00	4.010E+00
7.400E+00	4.011E+00	1.534E-01	4.140E+00	3.835E+00	3.999E+00	4.023E+00	4.016E+00	4.006E+00
7.300E+00	4.007E+00	1.532E-01	4.136E+00	3.831E+00	3.995E+00	4.020E+00	4.012E+00	4.002E+00
7.200E+00	4.003E+00	1.531E-01	4.132E+00	3.827E+00	3.991E+00	4.015E+00	4.008E+00	3.998E+00
7.100E+00	3.999E+00	1.529E-01	4.128E+00	3.823E+00	3.986E+00	4.011E+00	4.004E+00	3.994E+00
7.000E+00	3.994E+00	1.527E-01	4.123E+00	3.819E+00	3.982E+00	4.006E+00	3.999E+00	3.989E+00
6.900E+00	3.989E+00	1.525E-01	4.118E+00	3.814E+00	3.977E+00	4.002E+00	3.994E+00	3.984E+00
6.800E+00	3.984E+00	1.523E-01	4.113E+00	3.809E+00	3.972E+00	3.997E+00	3.989E+00	3.979E+00
6.700E+00	3.979E+00	1.521E-01	4.107E+00	3.804E+00	3.966E+00	3.991E+00	3.984E+00	3.974E+00
6.600E+00	3.973E+00	1.519E-01	4.101E+00	3.799E+00	3.961E+00	3.986E+00	3.978E+00	3.968E+00
6.500E+00	3.967E+00	1.517E-01	4.095E+00	3.793E+00	3.955E+00	3.980E+00	3.972E+00	3.962E+00
6.400E+00	3.961E+00	1.515E-01	4.089E+00	3.787E+00	3.949E+00	3.974E+00	3.966E+00	3.956E+00
6.300E+00	3.955E+00	1.512E-01	4.082E+00	3.781E+00	3.942E+00	3.967E+00	3.960E+00	3.950E+00
6.200E+00	3.948E+00	1.509E-01	4.075E+00	3.775E+00	3.936E+00	3.960E+00	3.953E+00	3.943E+00
6.100E+00	3.941E+00	1.507E-01	4.068E+00	3.768E+00	3.929E+00	3.953E+00	3.946E+00	3.936E+00
6.000E+00	3.933E+00	1.504E-01	4.060E+00	3.761E+00	3.921E+00	3.946E+00	3.938E+00	3.929E+00
5.900E+00	3.926E+00	1.501E-01	4.052E+00	3.753E+00	3.913E+00	3.938E+00	3.931E+00	3.921E+00
5.800E+00	3.917E+00	1.498E-01	4.044E+00	3.745E+00	3.905E+00	3.930E+00	3.922E+00	3.913E+00
5.700E+00	3.909E+00	1.495E-01	4.035E+00	3.737E+00	3.897E+00	3.921E+00	3.914E+00	3.904E+00
5.600E+00	3.900E+00	1.491E-01	4.026E+00	3.729E+00	3.888E+00	3.912E+00	3.905E+00	3.895E+00
5.500E+00	3.890E+00	1.487E-01	4.016E+00	3.720E+00	3.878E+00	3.903E+00	3.895E+00	3.886E+00
5.400E+00	3.881E+00	1.484E-01	4.006E+00	3.710E+00	3.868E+00	3.893E+00	3.885E+00	3.876E+00
5.300E+00	3.870E+00	1.480E-01	3.995E+00	3.700E+00	3.858E+00	3.882E+00	3.875E+00	3.865E+00
5.200E+00	3.859E+00	1.476E-01	3.984E+00	3.690E+00	3.847E+00	3.871E+00	3.864E+00	3.855E+00
5.100E+00	3.848E+00	1.471E-01	3.972E+00	3.679E+00	3.836E+00	3.860E+00	3.853E+00	3.843E+00
5.000E+00	3.836E+00	1.467E-01	3.960E+00	3.668E+00	3.824E+00	3.848E+00	3.841E+00	3.831E+00
4.900E+00	3.824E+00	1.462E-01	3.947E+00	3.656E+00	3.812E+00	3.835E+00	3.828E+00	3.819E+00
4.800E+00	3.810E+00	1.457E-01	3.933E+00	3.643E+00	3.799E+00	3.822E+00	3.815E+00	3.806E+00
4.700E+00	3.797E+00	1.452E-01	3.919E+00	3.630E+00	3.785E+00	3.808E+00	3.801E+00	3.792E+00
4.600E+00	3.782E+00	1.446E-01	3.904E+00	3.616E+00	3.771E+00	3.794E+00	3.787E+00	3.778E+00
4.500E+00	3.767E+00	1.440E-01	3.889E+00	3.602E+00	3.755E+00	3.779E+00	3.772E+00	3.762E+00
