1.250E+01	4.912E+00	4.449E-02	4.869E+00	4.952E+00	4.927E+00	4.897E+00	4.909E+00	4.914E+00
1.240E+01	4.931E+00	4.467E-02	4.888E+00	4.972E+00	4.946E+00	4.916E+00	4.928E+00	4.934E+00
1.230E+01	4.951E+00	4.485E-02	4.908E+00	4.992E+00	4.966E+00	4.936E+00	4.948E+00	4.954E+00
1.220E+01	4.971E+00	4.503E-02	4.928E+00	5.012E+00	4.986E+00	4.956E+00	4.968E+00	4.974E+00
1.210E+01	4.991E+00	4.521E-02	4.948E+00	5.033E+00	5.007E+00	4.976E+00	4.988E+00	4.994E+00
1.200E+01	5.012E+00	4.540E-02	4.968E+00	5.053E+00	5.027E+00	4.997E+00	5.009E+00	5.015E+00
1.190E+01	5.032E+00	4.559E-02	4.989E+00	5.074E+00	5.048E+00	5.017E+00	5.030E+00	5.035E+00
1.180E+01	5.053E+00	4.577E-02	5.009E+00	5.095E+00	5.069E+00	5.038E+00	5.050E+00	5.056E+00
1.170E+01	5.074E+00	4.596E-02	5.030E+00	5.116E+00	5.090E+00	5.059E+00	5.071E+00	5.077E+00
1.160E+01	5.095E+00	4.616E-02	5.051E+00	5.138E+00	5.111E+00	5.080E+00	5.093E+00	5.098E+00
1.150E+01	5.117E+00	4.635E-02	5.072E+00	5.159E+00	5.133E+00	5.101E+00	5.114E+00	5.120E+00
1.140E+01	5.139E+00	4.655E-02	5.094E+00	5.181E+00	5.154E+00	5.123E+00	5.136E+00	5.142E+00
1.130E+01	5.160E+00	4.674E-02	5.115E+00	5.203E+00	5.176E+00	5.145E+00	5.157E+00	5.163E+00
1.120E+01	5.182E+00	4.694E-02	5.137E+00	5.225E+00	5.198E+00	5.167E+00	5.179E+00	5.185E+00
1.110E+01	5.205E+00	4.715E-02	5.159E+00	5.248E+00	5.221E+00	5.189E+00	5.202E+00	5.208E+00
1.100E+01	5.227E+00	4.735E-02	5.182E+00	5.271E+00	5.243E+00	5.211E+00	5.224E+00	5.230E+00
1.090E+01	5.250E+00	4.755E-02	5.204E+00	5.293E+00	5.266E+00	5.234E+00	5.247E+00	5.253E+00
1.080E+01	5.273E+00	4.776E-02	5.227E+00	5.317E+00	5.289E+00	5.257E+00	5.270E+00	5.276E+00
1.070E+01	5.296E+00	4.797E-02	5.250E+00	5.340E+00	5.312E+00	5.280E+00	5.293E+00	5.299E+00
1.060E+01	5.319E+00	4.818E-02	5.273E+00	5.363E+00	5.336E+00	5.303E+00	5.316E+00	5.322E+00
1.050E+01	5.343E+00	4.840E-02	5.296E+00	5.387E+00	5.359E+00	5.327E+00	5.340E+00	5.346E+00
1.040E+01	5.367E+00	4.861E-02	5.320E+00	5.411E+00	5.383E+00	5.350E+00	5.364E+00	5.370E+00
1.030E+01	5.391E+00	4.883E-02	5.344E+00	5.436E+00	5.407E+00	5.374E+00	5.388E+00	5.394E+00
1.020E+01	5.415E+00	4.905E-02	5.368E+00	5.460E+00	5.432E+00	5.399E+00	5.412E+00	5.418E+00
1.010E+01	5.440E+00	4.928E-02	5.392E+00	5.485E+00	5.456E+00	5.423E+00	5.437E+00	5.443E+00
1.000E+01	5.465E+00	4.950E-02	5.417E+00	5.510E+00	5.481E+00	5.448E+00	5.461E+00	5.468E+00
9.900E+00	5.490E+00	4.973E-02	5.442E+00	5.535E+00	5.507E+00	5.473E+00	5.487E+00	5.493E+00
9.800E+00	5.515E+00	4.996E-02	5.467E+00	5.561E+00	5.532E+00	5.498E+00	5.512E+00	5.518E+00
9.700E+00	5.541E+00	5.019E-02	5.493E+00	5.587E+00	5.558E+00	5.524E+00	5.538E+00	5.544E+00
9.600E+00	5.567E+00	5.042E-02	5.518E+00	5.613E+00	5.584E+00	5.550E+00	5.563E+00	5.570E+00
9.500E+00	5.593E+00	5.066E-02	5.544E+00	5.639E+00	5.610E+00	5.576E+00	5.590E+00	5.596E+00
9.400E+00	5.619E+00	5.090E-02	5.570E+00	5.666E+00	5.636E+00	5.602E+00	5.616E+00	5.623E+00
9.300E+00	5.646E+00	5.114E-02	5.597E+00	5.693E+00	5.663E+00	5.629E+00	5.643E+00	5.649E+00
9.200E+00	5.673E+00	5.139E-02	5.624E+00	5.720E+00	5.690E+00	5.656E+00	5.670E+00	5.676E+00
9.100E+00	5.700E+00	5.164E-02	5.651E+00	5.748E+00	5.718E+00	5.683E+00	5.697E+00	5.704E+00
9.000E+00	5.728E+00	5.189E-02	5.678E+00	5.776E+00	5.746E+00	5.711E+00	5.725E+00	5.731E+00
8.900E+00	5.756E+00	5.214E-02	5.706E+00	5.804E+00	5.774E+00	5.738E+00	5.753E+00	5.759E+00
8.800E+00	5.784E+00	5.240E-02	5.734E+00	5.832E+00	5.802E+00	5.767E+00	5.781E+00	5.788E+00
8.700E+00	5.813E+00	5.265E-02	5.762E+00	5.861E+00	5.831E+00	5.795E+00	5.809E+00	5.816E+00
8.600E+00	5.842E+00	5.292E-02	5.791E+00	5.890E+00	5.860E+00	5.824E+00	5.838E+00	5.845E+00
8.500E+00	5.871E+00	5.318E-02	5.820E+00	5.920E+00	5.889E+00	5.853E+00	5.867E+00	5.874E+00
8.400E+00	5.900E+00	5.345E-02	5.849E+00	5.949E+00	5.918E+00	5.882E+00	5.897E+00	5.904E+00
8.300E+00	5.930E+00	5.372E-02	5.879E+00	5.980E+00	5.948E+00	5.912E+00	5.927E+00	5.934E+00
8.200E+00	5.960E+00	5.399E-02	5.909E+00	6.010E+00	5.979E+00	5.942E+00	5.957E+00	5.964E+00
8.100E+00	5.991E+00	5.427E-02	5.939E+00	6.041E+00	6.009E+00	5.973E+00	5.988E+00	5.995E+00
8.000E+00	6.022E+00	5.455E-02	5.969E+00	6.072E+00	6.040E+00	6.004E+00	6.018E+00	6.025E+00
7.900E+00	6.053E+00	5.483E-02	6.000E+00	6.103E+00	6.072E+00	6.035E+00	6.050E+00	6.057E+00
7.800E+00	6.085E+00	5.512E-02	6.032E+00	6.135E+00	6.103E+00	6.066E+00	6.081E+00	6.088E+00
7.700E+00	6.117E+00	5.541E-02	6.063E+00	6.168E+00	6.135E+00	6.098E+00	6.113E+00	6.120E+00
7.600E+00	6.149E+00	5.570E-02	6.095E+00	6.200E+00	6.168E+00	6.130E+00	6.145E+00	6.153E+00
7.500E+00	6.182E+00	5.600E-02	6.128E+00	6.233E+00	6.201E+00	6.163E+00	6.178E+00	6.185E+00
7.400E+00	6.215E+00	5.630E-02	6.161E+00	6.266E+00	6.234E+00	6.196E+00	6.211E+00	6.218E+00
7.300E+00	6.248E+00	5.660E-02	6.194E+00	6.300E+00	6.267E+00	6.229E+00	6.245E+00	6.252E+00
7.200E+00	6.282E+00	5.691E-02	6.227E+00	6.334E+00	6.301E+00	6.263E+00	6.279E+00	6.286E+00
7.100E+00	6.316E+00	5.722E-02	6.261E+00	6.369E+00	6.336E+00	6.297E+00	6.313E+00	6.320E+00
7.000E+00	6.351E+00	5.753E-02	6.296E+00	6.404E+00	6.371E+00	6.332E+00	6.347E+00	6.355E+00
6.900E+00	6.386E+00	5.785E-02	6.331E+00	6.439E+00	6.406E+00	6.367E+00	6.383E+00	6.390E+00
6.800E+00	6.422E+00	5.817E-02	6.366E+00	6.475E+00	6.441E+00	6.402E+00	6.418E+00	6.425E+00
6.700E+00	6.458E+00	5.850E-02	6.401E+00	6.511E+00	6.477E+00	6.438E+00	6.454E+00	6.461E+00
6.600E+00	6.494E+00	5.882E-02	6.437E+00	6.548E+00	6.514E+00	6.474E+00	6.490E+00	6.498E+00
6.500E+00	6.531E+00	5.916E-02	6.474E+00	6.585E+00	6.551E+00	6.511E+00	6.527E+00	6.535E+00
6.400E+00	6.568E+00	5.950E-02	6.511E+00	6.623E+00	6.588E+00	6.548E+00	6.564E+00	6.572E+00
6.300E+00	6.606E+00	5.984E-02	6.548E+00	6.661E+00	6.626E+00	6.586E+00	6.602E+00	6.610E+00
6.200E+00	6.644E+00	6.018E-02	6.586E+00	6.699E+00	6.664E+00	6.624E+00	6.640E+00	6.648E+00
6.100E+00	6.682E+00	6.053E-02	6.624E+00	6.738E+00	6.703E+00	6.662E+00	6.678E+00	6.686E+00
6.000E+00	6.721E+00	6.088E-02	6.663E+00	6.777E+00	6.742E+00	6.701E+00	6.717E+00	6.725E+00
5.900E+00	6.761E+00	6.124E-02	6.702E+00	6.817E+00	6.782E+00	6.740E+00	6.757E+00	6.765E+00
5.800E+00	6.801E+00	6.160E-02	6.742E+00	6.857E+00	6.822E+00	6.780E+00	6.797E+00	6.805E+00
5.700E+00	6.841E+00	6.197E-02	6.782E+00	6.898E+00	6.862E+00	6.820E+00	6.837E+00	6.845E+00
5.600E+00	6.882E+00	6.234E-02	6.822E+00	6.939E+00	6.903E+00	6.861E+00	6.878E+00	6.886E+00
5.500E+00	6.923E+00	6.272E-02	6.863E+00	6.981E+00	6.945E+00	6.902E+00	6.919E+00	6.928E+00
5.400E+00	6.965E+00	6.309E-02	6.905E+00	7.023E+00	6.987E+00	6.944E+00	6.961E+00	6.969E+00
5.300E+00	7.008E+00	6.348E-02	6.947E+00	7.066E+00	7.029E+00	6.986E+00	7.004E+00	7.012E+00
5.200E+00	7.050E+00	6.386E-02	6.989E+00	7.109E+00	7.072E+00	7.029E+00	7.046E+00	7.054E+00
5.100E+00	7.094E+00	6.426E-02	7.032E+00	7.153E+00	7.115E+00	7.072E+00	7.089E+00	7.098E+00
5.000E+00	7.137E+00	6.465E-02	7.075E+00	7.197E+00	7.159E+00	7.116E+00	7.133E+00	7.141E+00
4.900E+00	7.181E+00	6.505E-02	7.119E+00	7.241E+00	7.203E+00	7.160E+00	7.177E+00	7.186E+00
4.800E+00	7.226E+00	6.546E-02	7.163E+00	7.286E+00	7.248E+00	7.204E+00	7.222E+00	7.230E+00
4.700E+00	7.271E+00	6.586E-02	7.208E+00	7.332E+00	7.293E+00	7.249E+00	7.267E+00	7.275E+00
4.600E+00	7.317E+00	6.628E-02	7.253E+00	7.377E+00	7.339E+00	7.294E+00	7.312E+00	7.321E+00
4.500E+00	7.362E+00	6.669E-02	7.298E+00	7.424E+00	7.385E+00	7.340E+00	7.358E+00	7.367E+00
