1.580E+01	4.980E+00	4.550E-03	4.984E+00	4.976E+00	4.982E+00	4.978E+00	4.979E+00	4.981E+00
1.570E+01	4.997E+00	4.566E-03	5.001E+00	4.993E+00	4.999E+00	4.995E+00	4.996E+00	4.998E+00
1.560E+01	5.014E+00	4.582E-03	5.018E+00	5.010E+00	5.016E+00	5.013E+00	5.013E+00	5.015E+00
1.550E+01	5.032E+00	4.598E-03	5.036E+00	5.027E+00	5.033E+00	5.030E+00	5.031E+00	5.033E+00
1.540E+01	5.049E+00	4.614E-03	5.053E+00	5.045E+00	5.051E+00	5.047E+00	5.048E+00	5.050E+00
1.530E+01	5.067E+00	4.630E-03	5.071E+00	5.063E+00	5.068E+00	5.065E+00	5.066E+00	5.068E+00
1.520E+01	5.084E+00	4.646E-03	5.089E+00	5.080E+00	5.086E+00	5.083E+00	5.083E+00	5.086E+00
1.510E+01	5.102E+00	4.662E-03	5.107E+00	5.098E+00	5.104E+00	5.101E+00	5.101E+00	5.103E+00
1.500E+01	5.120E+00	4.679E-03	5.125E+00	5.116E+00	5.122E+00	5.119E+00	5.119E+00	5.122E+00
1.490E+01	5.139E+00	4.695E-03	5.143E+00	5.134E+00	5.140E+00	5.137E+00	5.138E+00	5.140E+00
1.480E+01	5.157E+00	4.712E-03	5.161E+00	5.153E+00	5.159E+00	5.155E+00	5.156E+00	5.158E+00
1.470E+01	5.176E+00	4.729E-03	5.180E+00	5.171E+00	5.177E+00	5.174E+00	5.174E+00	5.177E+00
1.460E+01	5.194E+00	4.746E-03	5.198E+00	5.190E+00	5.196E+00	5.192E+00	5.193E+00	5.195E+00
1.450E+01	5.213E+00	4.763E-03	5.217E+00	5.209E+00	5.215E+00	5.211E+00	5.212E+00	5.214E+00
1.440E+01	5.232E+00	4.781E-03	5.236E+00	5.228E+00	5.234E+00	5.230E+00	5.231E+00	5.233E+00
1.430E+01	5.251E+00	4.798E-03	5.255E+00	5.247E+00	5.253E+00	5.249E+00	5.250E+00	5.252E+00
1.420E+01	5.270E+00	4.816E-03	5.275E+00	5.266E+00	5.272E+00	5.269E+00	5.269E+00	5.271E+00
1.410E+01	5.290E+00	4.834E-03	5.294E+00	5.285E+00	5.292E+00	5.288E+00	5.289E+00	5.291E+00
1.400E+01	5.309E+00	4.851E-03	5.314E+00	5.305E+00	5.311E+00	5.308E+00	5.308E+00	5.310E+00
1.390E+01	5.329E+00	4.869E-03	5.334E+00	5.325E+00	5.331E+00	5.327E+00	5.328E+00	5.330E+00
1.380E+01	5.349E+00	4.888E-03	5.354E+00	5.345E+00	5.351E+00	5.347E+00	5.348E+00	5.350E+00
1.370E+01	5.369E+00	4.906E-03	5.374E+00	5.365E+00	5.371E+00	5.367E+00	5.368E+00	5.370E+00
1.360E+01	5.389E+00	4.925E-03	5.394E+00	5.385E+00	5.391E+00	5.388E+00	5.388E+00	5.391E+00
1.350E+01	5.410E+00	4.943E-03	5.414E+00	5.405E+00	5.412E+00	5.408E+00	5.409E+00	5.411E+00
1.340E+01	5.431E+00	4.962E-03	5.435E+00	5.426E+00	5.432E+00	5.429E+00	5.429E+00	5.432E+00
1.330E+01	5.451E+00	4.981E-03	5.456E+00	5.447E+00	5.453E+00	5.450E+00	5.450E+00	5.453E+00
1.320E+01	5.472E+00	5.000E-03	5.477E+00	5.468E+00	5.474E+00	5.471E+00	5.471E+00	5.474E+00
1.310E+01	5.494E+00	5.020E-03	5.498E+00	5.489E+00	5.495E+00	5.492E+00	5.492E+00	5.495E+00
1.300E+01	5.515E+00	5.039E-03	5.520E+00	5.510E+00	5.517E+00	5.513E+00	5.514E+00	5.516E+00
1.290E+01	5.537E+00	5.059E-03	5.541E+00	5.532E+00	5.538E+00	5.535E+00	5.535E+00	5.538E+00
1.280E+01	5.558E+00	5.079E-03	5.563E+00	5.554E+00	5.560E+00	5.556E+00	5.557E+00	5.559E+00
1.270E+01	5.580E+00	5.099E-03	5.585E+00	5.576E+00	5.582E+00	5.578E+00	5.579E+00	5.581E+00
1.260E+01	5.602E+00	5.119E-03	5.607E+00	5.598E+00	5.604E+00	5.601E+00	5.601E+00	5.604E+00
1.250E+01	5.625E+00	5.140E-03	5.629E+00	5.620E+00	5.627E+00	5.623E+00	5.624E+00	5.626E+00
1.240E+01	5.647E+00	5.160E-03	5.652E+00	5.643E+00	5.649E+00	5.645E+00	5.646E+00	5.648E+00
1.230E+01	5.670E+00	5.181E-03	5.675E+00	5.665E+00	5.672E+00	5.668E+00	5.669E+00	5.671E+00
1.220E+01	5.693E+00	5.202E-03	5.698E+00	5.688E+00	5.695E+00	5.691E+00	5.692E+00	5.694E+00
1.210E+01	5.716E+00	5.223E-03	5.721E+00	5.711E+00	5.718E+00	5.714E+00	5.715E+00	5.717E+00
1.200E+01	5.740E+00	5.244E-03	5.744E+00	5.735E+00	5.741E+00	5.738E+00	5.738E+00	5.741E+00
1.190E+01	5.763E+00	5.266E-03	5.768E+00	5.758E+00	5.765E+00	5.761E+00	5.762E+00	5.764E+00
1.180E+01	5.787E+00	5.288E-03	5.792E+00	5.782E+00	5.789E+00	5.785E+00	5.786E+00	5.788E+00
1.170E+01	5.811E+00	5.310E-03	5.816E+00	5.806E+00	5.813E+00	5.809E+00	5.810E+00	5.812E+00
1.160E+01	5.835E+00	5.332E-03	5.840E+00	5.831E+00	5.837E+00	5.833E+00	5.834E+00	5.837E+00
1.150E+01	5.860E+00	5.354E-03	5.865E+00	5.855E+00	5.862E+00	5.858E+00	5.859E+00	5.861E+00
1.140E+01	5.885E+00	5.377E-03	5.890E+00	5.880E+00	5.887E+00	5.883E+00	5.883E+00	5.886E+00
1.130E+01	5.910E+00	5.400E-03	5.915E+00	5.905E+00	5.912E+00	5.908E+00	5.908E+00	5.911E+00
1.120E+01	5.935E+00	5.423E-03	5.940E+00	5.930E+00	5.937E+00	5.933E+00	5.934E+00	5.936E+00
1.110E+01	5.960E+00	5.446E-03	5.965E+00	5.955E+00	5.962E+00	5.958E+00	5.959E+00	5.962E+00
1.100E+01	5.986E+00	5.470E-03	5.991E+00	5.981E+00	5.988E+00	5.984E+00	5.985E+00	5.987E+00
1.090E+01	6.012E+00	5.494E-03	6.017E+00	6.007E+00	6.014E+00	6.010E+00	6.011E+00	6.013E+00
1.080E+01	6.038E+00	5.518E-03	6.043E+00	6.033E+00	6.040E+00	6.036E+00	6.037E+00	6.040E+00
1.070E+01	6.065E+00	5.542E-03	6.070E+00	6.060E+00	6.067E+00	6.063E+00	6.064E+00	6.066E+00
1.060E+01	6.092E+00	5.566E-03	6.097E+00	6.087E+00	6.094E+00	6.090E+00	6.090E+00	6.093E+00
1.050E+01	6.119E+00	5.591E-03	6.124E+00	6.114E+00	6.121E+00	6.117E+00	6.117E+00	6.120E+00
1.040E+01	6.146E+00	5.616E-03	6.151E+00	6.141E+00	6.148E+00	6.144E+00	6.145E+00	6.147E+00
1.030E+01	6.174E+00	5.641E-03	6.179E+00	6.169E+00	6.176E+00	6.172E+00	6.172E+00	6.175E+00
1.020E+01	6.202E+00	5.667E-03	6.207E+00	6.196E+00	6.204E+00	6.199E+00	6.200E+00	6.203E+00
1.010E+01	6.230E+00	5.692E-03	6.235E+00	6.225E+00	6.232E+00	6.228E+00	6.228E+00	6.231E+00
1.000E+01	6.258E+00	5.718E-03	6.263E+00	6.253E+00	6.260E+00	6.256E+00	6.257E+00	6.259E+00
9.900E+00	6.287E+00	5.745E-03	6.292E+00	6.282E+00	6.289E+00	6.285E+00	6.286E+00	6.288E+00
9.800E+00	6.316E+00	5.771E-03	6.321E+00	6.311E+00	6.318E+00	6.314E+00	6.315E+00	6.317E+00
9.700E+00	6.345E+00	5.798E-03	6.351E+00	6.340E+00	6.347E+00	6.343E+00	6.344E+00	6.347E+00
9.600E+00	6.375E+00	5.825E-03	6.380E+00	6.370E+00	6.377E+00	6.373E+00	6.374E+00	6.376E+00
9.500E+00	6.405E+00	5.853E-03	6.410E+00	6.400E+00	6.407E+00	6.403E+00	6.404E+00	6.406E+00
9.400E+00	6.435E+00	5.880E-03	6.441E+00	6.430E+00	6.437E+00	6.433E+00	6.434E+00	6.437E+00
9.300E+00	6.466E+00	5.908E-03	6.471E+00	6.461E+00	6.468E+00	6.464E+00	6.465E+00	6.467E+00
9.200E+00	6.497E+00	5.937E-03	6.502E+00	6.492E+00	6.499E+00	6.495E+00	6.496E+00	6.498E+00
9.100E+00	6.528E+00	5.965E-03	6.534E+00	6.523E+00	6.530E+00	6.526E+00	6.527E+00	6.530E+00
9.000E+00	6.560E+00	5.994E-03	6.565E+00	6.554E+00	6.562E+00	6.558E+00	6.559E+00	6.561E+00
8.900E+00	6.592E+00	6.023E-03	6.597E+00	6.586E+00	6.594E+00	6.590E+00	6.590E+00	6.593E+00
8.800E+00	6.624E+00	6.053E-03	6.630E+00	6.619E+00	6.626E+00	6.622E+00	6.623E+00	6.626E+00
8.700E+00	6.657E+00	6.083E-03	6.662E+00	6.651E+00	6.659E+00	6.655E+00	6.656E+00	6.658E+00
8.600E+00	6.690E+00	6.113E-03	6.695E+00	6.684E+00	6.692E+00	6.688E+00	6.689E+00	6.691E+00
8.500E+00	6.723E+00	6.143E-03	6.729E+00	6.718E+00	6.726E+00	6.721E+00	6.722E+00	6.725E+00
8.400E+00	6.757E+00	6.174E-03	6.763E+00	6.752E+00	6.759E+00	6.755E+00	6.756E+00	6.759E+00
8.300E+00	6.791E+00	6.206E-03	6.797E+00	6.786E+00	6.794E+00	6.789E+00	6.790E+00	6.793E+00
8.200E+00	6.826E+00	6.237E-03	6.832E+00	6.820E+00	6.828E+00	6.824E+00	6.825E+00	6.827E+00
8.100E+00	6.861E+00	6.269E-03	6.867E+00	6.855E+00	6.863E+00	6.859E+00	6.860E+00	6.862E+00
8.000E+00	6.896E+00	6.301E-03	6.902E+00	6.891E+00	6.899E+00	6.894E+00	6.895E+00	6.898E+00
7.900E+00	6.932E+00	6.334E-03	6.938E+00	6.926E+00	6.934E+00	6.930E+00	6.931E+00	6.933E+00
7.800E+00	6.968E+00	6.367E-03	6.974E+00	6.962E+00	6.971E+00	6.966E+00	6.967E+00	6.970E+00
7.700E+00	7.005E+00	6.401E-03	7.011E+00	6.999E+00	7.007E+00	7.003E+00	7.003E+00	7.006E+00
7.600E+00	7.042E+00	6.434E-03	7.048E+00	7.036E+00	7.044E+00	7.040E+00	7.040E+00	7.043E+00
7.500E+00	7.079E+00	6.469E-03	7.085E+00	7.073E+00	7.082E+00	7.077E+00	7.078E+00	7.081E+00
7.400E+00	7.117E+00	6.503E-03	7.123E+00	7.111E+00	7.120E+00	7.115E+00	7.116E+00	7.119E+00
7.300E+00	7.156E+00	6.538E-03	7.161E+00	7.150E+00	7.158E+00	7.153E+00	7.154E+00	7.157E+00
7.200E+00	7.194E+00	6.574E-03	7.200E+00	7.188E+00	7.197E+00	7.192E+00	7.193E+00	7.196E+00
7.100E+00	7.234E+00	6.610E-03	7.240E+00	7.228E+00	7.236E+00	7.231E+00	7.232E+00	7.235E+00
7.000E+00	7.273E+00	6.646E-03	7.279E+00	7.267E+00	7.276E+00	7.271E+00	7.272E+00	7.275E+00
6.900E+00	7.314E+00	6.683E-03	7.320E+00	7.307E+00	7.316E+00	7.311E+00	7.312E+00	7.315E+00
6.800E+00	7.354E+00	6.720E-03	7.360E+00	7.348E+00	7.357E+00	7.352E+00	7.353E+00	7.356E+00
6.700E+00	7.395E+00	6.757E-03	7.401E+00	7.389E+00	7.398E+00	7.393E+00	7.394E+00	7.397E+00
6.600E+00	7.437E+00	6.795E-03	7.443E+00	7.431E+00	7.439E+00	7.435E+00	7.435E+00	7.438E+00
6.500E+00	7.479E+00	6.834E-03	7.485E+00	7.473E+00	7.482E+00	7.477E+00	7.478E+00	7.481E+00
6.400E+00	7.522E+00	6.873E-03	7.528E+00	7.515E+00	7.524E+00	7.519E+00	7.520E+00	7.523E+00
6.300E+00	7.565E+00	6.912E-03	7.571E+00	7.559E+00	7.567E+00	7.562E+00	7.563E+00	7.566E+00
6.200E+00	7.609E+00	6.952E-03	7.615E+00	7.602E+00	7.611E+00	7.606E+00	7.607E+00	7.610E+00
6.100E+00	7.653E+00	6.993E-03	7.659E+00	7.646E+00	7.655E+00	7.650E+00	7.651E+00	7.654E+00
6.000E+00	7.697E+00	7.033E-03	7.704E+00	7.691E+00	7.700E+00	7.695E+00	7.696E+00	7.699E+00
5.900E+00	7.743E+00	7.075E-03	7.749E+00	7.736E+00	7.745E+00	7.740E+00	7.741E+00	7.744E+00
5.800E+00	7.788E+00	7.117E-03	7.795E+00	7.782E+00	7.791E+00	7.786E+00	7.787E+00	7.790E+00
5.700E+00	7.835E+00	7.159E-03	7.841E+00	7.828E+00	7.837E+00	7.832E+00	7.833E+00	7.836E+00
5.600E+00	7.881E+00	7.202E-03	7.888E+00	7.875E+00	7.884E+00	7.879E+00	7.880E+00	7.883E+00
5.500E+00	7.929E+00	7.245E-03	7.935E+00	7.922E+00	7.931E+00	7.926E+00	7.927E+00	7.930E+00
5.400E+00	7.977E+00	7.289E-03	7.983E+00	7.970E+00	7.979E+00	7.974E+00	7.975E+00	7.978E+00
5.300E+00	8.025E+00	7.333E-03	8.032E+00	8.018E+00	8.028E+00	8.023E+00	8.023E+00	8.027E+00
5.200E+00	8.074E+00	7.378E-03	8.081E+00	8.067E+00	8.077E+00	8.071E+00	8.072E+00	8.076E+00
5.100E+00	8.124E+00	7.423E-03	8.130E+00	8.117E+00	8.126E+00	8.121E+00	8.122E+00	8.125E+00
5.000E+00	8.174E+00	7.469E-03	8.180E+00	8.167E+00	8.176E+00	8.171E+00	8.172E+00	8.175E+00
4.900E+00	8.224E+00	7.515E-03	8.231E+00	8.217E+00	8.227E+00	8.222E+00	8.223E+00	8.226E+00
4.800E+00	8.275E+00	7.561E-03	8.282E+00	8.268E+00	8.278E+00	8.273E+00	8.274E+00	8.277E+00
4.700E+00	8.327E+00	7.609E-03	8.334E+00	8.320E+00	8.330E+00	8.324E+00	8.325E+00	8.329E+00
4.600E+00	8.379E+00	7.656E-03	8.386E+00	8.372E+00	8.382E+00	8.376E+00	8.377E+00	8.381E+00
4.500E+00	8.432E+00	7.704E-03	8.438E+00	8.425E+00	8.434E+00	8.429E+00	8.430E+00	8.433E+00
