1.000E-02	7.028E+00	8.083E-04	7.027E+00	7.029E+00	7.028E+00	7.028E+00	7.028E+00	7.028E+00
2.000E-02	7.027E+00	8.027E-04	7.026E+00	7.028E+00	7.027E+00	7.027E+00	7.027E+00	7.027E+00
3.000E-02	7.025E+00	7.954E-04	7.024E+00	7.026E+00	7.025E+00	7.025E+00	7.025E+00	7.025E+00
4.000E-02	7.023E+00	7.868E-04	7.022E+00	7.024E+00	7.023E+00	7.023E+00	7.023E+00	7.023E+00
5.000E-02	7.020E+00	7.771E-04	7.019E+00	7.021E+00	7.020E+00	7.020E+00	7.020E+00	7.020E+00
6.000E-02	7.017E+00	7.666E-04	7.016E+00	7.018E+00	7.017E+00	7.017E+00	7.017E+00	7.017E+00
7.000E-02	7.013E+00	7.553E-04	7.012E+00	7.014E+00	7.013E+00	7.013E+00	7.013E+00	7.013E+00
8.000E-02	7.009E+00	7.433E-04	7.008E+00	7.010E+00	7.009E+00	7.009E+00	7.009E+00	7.009E+00
9.000E-02	7.005E+00	7.307E-04	7.004E+00	7.005E+00	7.004E+00	7.005E+00	7.004E+00	7.005E+00
1.000E-01	7.000E+00	7.176E-04	6.999E+00	7.000E+00	6.999E+00	7.000E+00	7.000E+00	7.000E+00
1.100E-01	6.994E+00	7.041E-04	6.994E+00	6.995E+00	6.994E+00	6.995E+00	6.994E+00	6.994E+00
1.200E-01	6.989E+00	6.902E-04	6.988E+00	6.989E+00	6.988E+00	6.989E+00	6.989E+00	6.989E+00
1.300E-01	6.983E+00	6.759E-04	6.982E+00	6.983E+00	6.983E+00	6.983E+00	6.983E+00	6.983E+00
1.400E-01	6.976E+00	6.614E-04	6.976E+00	6.977E+00	6.976E+00	6.977E+00	6.976E+00	6.976E+00
1.500E-01	6.970E+00	6.465E-04	6.969E+00	6.970E+00	6.969E+00	6.970E+00	6.970E+00	6.970E+00
1.600E-01	6.963E+00	6.315E-04	6.962E+00	6.963E+00	6.962E+00	6.963E+00	6.963E+00	6.963E+00
1.700E-01	6.955E+00	6.163E-04	6.955E+00	6.956E+00	6.955E+00	6.956E+00	6.955E+00	6.955E+00
1.800E-01	6.948E+00	6.009E-04	6.947E+00	6.948E+00	6.947E+00	6.948E+00	6.948E+00	6.948E+00
1.900E-01	6.940E+00	5.853E-04	6.939E+00	6.940E+00	6.939E+00	6.940E+00	6.940E+00	6.940E+00
2.000E-01	6.931E+00	5.697E-04	6.931E+00	6.932E+00	6.931E+00	6.932E+00	6.931E+00	6.931E+00
2.100E-01	6.923E+00	5.540E-04	6.922E+00	6.923E+00	6.923E+00	6.923E+00	6.923E+00	6.923E+00
2.200E-01	6.914E+00	5.383E-04	6.913E+00	6.914E+00	6.914E+00	6.914E+00	6.914E+00	6.914E+00
2.300E-01	6.905E+00	5.225E-04	6.904E+00	6.905E+00	6.904E+00	6.905E+00	6.905E+00	6.905E+00
2.400E-01	6.895E+00	5.067E-04	6.895E+00	6.896E+00	6.895E+00	6.895E+00	6.895E+00	6.895E+00
2.500E-01	6.885E+00	4.910E-04	6.885E+00	6.886E+00	6.885E+00	6.886E+00	6.885E+00	6.885E+00
2.600E-01	6.875E+00	4.753E-04	6.875E+00	6.876E+00	6.875E+00	6.876E+00	6.875E+00	6.875E+00
2.700E-01	6.865E+00	4.597E-04	6.865E+00	6.865E+00	6.865E+00	6.865E+00	6.865E+00	6.865E+00
2.800E-01	6.854E+00	4.442E-04	6.854E+00	6.855E+00	6.854E+00	6.855E+00	6.854E+00	6.854E+00
2.900E-01	6.843E+00	4.288E-04	6.843E+00	6.844E+00	6.843E+00	6.844E+00	6.843E+00	6.843E+00
3.000E-01	6.832E+00	4.136E-04	6.832E+00	6.833E+00	6.832E+00	6.833E+00	6.832E+00	6.832E+00
3.100E-01	6.821E+00	3.985E-04	6.821E+00	6.821E+00	6.821E+00	6.821E+00	6.821E+00	6.821E+00
3.200E-01	6.809E+00	3.837E-04	6.809E+00	6.810E+00	6.809E+00	6.809E+00	6.809E+00	6.809E+00
3.300E-01	6.797E+00	3.691E-04	6.797E+00	6.798E+00	6.797E+00	6.797E+00	6.797E+00	6.797E+00
3.400E-01	6.785E+00	3.548E-04	6.785E+00	6.785E+00	6.785E+00	6.785E+00	6.785E+00	6.785E+00
3.500E-01	6.773E+00	3.408E-04	6.772E+00	6.773E+00	6.772E+00	6.773E+00	6.773E+00	6.773E+00
3.600E-01	6.760E+00	3.271E-04	6.760E+00	6.760E+00	6.760E+00	6.760E+00	6.760E+00	6.760E+00
3.700E-01	6.747E+00	3.138E-04	6.747E+00	6.747E+00	6.747E+00	6.747E+00	6.747E+00	6.747E+00
3.800E-01	6.734E+00	3.010E-04	6.734E+00	6.734E+00	6.734E+00	6.734E+00	6.734E+00	6.734E+00
3.900E-01	6.720E+00	2.886E-04	6.720E+00	6.721E+00	6.720E+00	6.721E+00	6.720E+00	6.720E+00
4.000E-01	6.707E+00	2.767E-04	6.707E+00	6.707E+00	6.707E+00	6.707E+00	6.707E+00	6.707E+00
4.100E-01	6.693E+00	2.654E-04	6.693E+00	6.693E+00	6.693E+00	6.693E+00	6.693E+00	6.693E+00
4.200E-01	6.679E+00	2.548E-04	6.679E+00	6.679E+00	6.679E+00	6.679E+00	6.679E+00	6.679E+00
4.300E-01	6.665E+00	2.448E-04	6.664E+00	6.665E+00	6.664E+00	6.665E+00	6.665E+00	6.665E+00
4.400E-01	6.650E+00	2.356E-04	6.650E+00	6.650E+00	6.650E+00	6.650E+00	6.650E+00	6.650E+00
4.500E-01	6.635E+00	2.272E-04	6.635E+00	6.635E+00	6.635E+00	6.635E+00	6.635E+00	6.635E+00
4.600E-01	6.620E+00	2.197E-04	6.620E+00	6.620E+00	6.620E+00	6.620E+00	6.620E+00	6.620E+00
4.700E-01	6.605E+00	2.132E-04	6.605E+00	6.605E+00	6.605E+00	6.605E+00	6.605E+00	6.605E+00
4.800E-01	6.590E+00	2.076E-04	6.590E+00	6.590E+00	6.589E+00	6.590E+00	6.590E+00	6.590E+00
4.900E-01	6.574E+00	2.031E-04	6.574E+00	6.574E+00	6.574E+00	6.574E+00	6.574E+00	6.574E+00
5.000E-01	6.558E+00	1.997E-04	6.558E+00	6.558E+00	6.558E+00	6.558E+00	6.558E+00	6.558E+00
5.100E-01	6.542E+00	1.974E-04	6.542E+00	6.542E+00	6.542E+00	6.542E+00	6.542E+00	6.542E+00
5.200E-01	6.526E+00	1.961E-04	6.526E+00	6.526E+00	6.526E+00	6.526E+00	6.526E+00	6.526E+00
5.300E-01	6.510E+00	1.960E-04	6.510E+00	6.510E+00	6.509E+00	6.510E+00	6.510E+00	6.510E+00
5.400E-01	6.493E+00	1.969E-04	6.493E+00	6.493E+00	6.493E+00	6.493E+00	6.493E+00	6.493E+00
5.500E-01	6.476E+00	1.987E-04	6.476E+00	6.476E+00	6.476E+00	6.477E+00	6.476E+00	6.476E+00
5.600E-01	6.459E+00	2.014E-04	6.459E+00	6.459E+00	6.459E+00	6.460E+00	6.459E+00	6.459E+00
5.700E-01	6.442E+00	2.050E-04	6.442E+00	6.442E+00	6.442E+00	6.442E+00	6.442E+00	6.442E+00
5.800E-01	6.425E+00	2.093E-04	6.425E+00	6.425E+00	6.425E+00	6.425E+00	6.425E+00	6.425E+00
5.900E-01	6.407E+00	2.143E-04	6.408E+00	6.407E+00	6.407E+00	6.408E+00	6.407E+00	6.407E+00
6.000E-01	6.390E+00	2.198E-04	6.390E+00	6.390E+00	6.390E+00	6.390E+00	6.390E+00	6.390E+00
6.100E-01	6.372E+00	2.258E-04	6.372E+00	6.372E+00	6.372E+00	6.372E+00	6.372E+00	6.372E+00
6.200E-01	6.354E+00	2.322E-04	6.354E+00	6.354E+00	6.354E+00	6.354E+00	6.354E+00	6.354E+00
6.300E-01	6.336E+00	2.390E-04	6.336E+00	6.336E+00	6.336E+00	6.336E+00	6.336E+00	6.336E+00
6.400E-01	6.317E+00	2.460E-04	6.318E+00	6.317E+00	6.317E+00	6.318E+00	6.317E+00	6.317E+00
6.500E-01	6.299E+00	2.533E-04	6.299E+00	6.299E+00	6.299E+00	6.299E+00	6.299E+00	6.299E+00
6.600E-01	6.280E+00	2.607E-04	6.280E+00	6.280E+00	6.280E+00	6.280E+00	6.280E+00	6.280E+00
6.700E-01	6.261E+00	2.682E-04	6.262E+00	6.261E+00	6.261E+00	6.261E+00	6.261E+00	6.261E+00
6.800E-01	6.242E+00	2.758E-04	6.243E+00	6.242E+00	6.242E+00	6.243E+00	6.242E+00	6.242E+00
6.900E-01	6.223E+00	2.835E-04	6.223E+00	6.223E+00	6.223E+00	6.223E+00	6.223E+00	6.223E+00
7.000E-01	6.204E+00	2.911E-04	6.204E+00	6.204E+00	6.204E+00	6.204E+00	6.204E+00	6.204E+00
7.100E-01	6.184E+00	2.988E-04	6.185E+00	6.184E+00	6.184E+00	6.185E+00	6.184E+00	6.185E+00
7.200E-01	6.165E+00	3.063E-04	6.165E+00	6.165E+00	6.165E+00	6.165E+00	6.165E+00	6.165E+00
7.300E-01	6.145E+00	3.139E-04	6.145E+00	6.145E+00	6.145E+00	6.145E+00	6.145E+00	6.145E+00
7.400E-01	6.125E+00	3.213E-04	6.126E+00	6.125E+00	6.125E+00	6.125E+00	6.125E+00	6.125E+00
7.500E-01	6.105E+00	3.287E-04	6.106E+00	6.105E+00	6.105E+00	6.105E+00	6.105E+00	6.105E+00
7.600E-01	6.085E+00	3.359E-04	6.085E+00	6.085E+00	6.085E+00	6.085E+00	6.085E+00	6.085E+00
7.700E-01	6.065E+00	3.430E-04	6.065E+00	6.065E+00	6.065E+00	6.065E+00	6.065E+00	6.065E+00
7.800E-01	6.045E+00	3.499E-04	6.045E+00	6.044E+00	6.044E+00	6.045E+00	6.045E+00	6.045E+00
7.900E-01	6.024E+00	3.567E-04	6.024E+00	6.024E+00	6.024E+00	6.024E+00	6.024E+00	6.024E+00
8.000E-01	6.003E+00	3.633E-04	6.004E+00	6.003E+00	6.003E+00	6.004E+00	6.003E+00	6.003E+00
8.100E-01	5.983E+00	3.698E-04	5.983E+00	5.982E+00	5.982E+00	5.983E+00	5.983E+00	5.983E+00
8.200E-01	5.962E+00	3.761E-04	5.962E+00	5.961E+00	5.962E+00	5.962E+00	5.962E+00	5.962E+00
8.300E-01	5.941E+00	3.822E-04	5.941E+00	5.940E+00	5.941E+00	5.941E+00	5.941E+00	5.941E+00
8.400E-01	5.920E+00	3.881E-04	5.920E+00	5.919E+00	5.919E+00	5.920E+00	5.920E+00	5.920E+00
8.500E-01	5.898E+00	3.937E-04	5.899E+00	5.898E+00	5.898E+00	5.899E+00	5.898E+00	5.898E+00
8.600E-01	5.877E+00	3.992E-04	5.877E+00	5.877E+00	5.877E+00	5.877E+00	5.877E+00	5.877E+00
8.700E-01	5.856E+00	4.045E-04	5.856E+00	5.855E+00	5.855E+00	5.856E+00	5.856E+00	5.856E+00
8.800E-01	5.834E+00	4.096E-04	5.834E+00	5.834E+00	5.834E+00	5.834E+00	5.834E+00	5.834E+00
8.900E-01	5.812E+00	4.145E-04	5.813E+00	5.812E+00	5.812E+00	5.812E+00	5.812E+00	5.812E+00
9.000E-01	5.791E+00	4.191E-04	5.791E+00	5.790E+00	5.790E+00	5.791E+00	5.791E+00	5.791E+00
9.100E-01	5.769E+00	4.236E-04	5.769E+00	5.768E+00	5.769E+00	5.769E+00	5.769E+00	5.769E+00
9.200E-01	5.747E+00	4.278E-04	5.747E+00	5.746E+00	5.747E+00	5.747E+00	5.747E+00	5.747E+00
9.300E-01	5.725E+00	4.318E-04	5.725E+00	5.724E+00	5.725E+00	5.725E+00	5.725E+00	5.725E+00
9.400E-01	5.703E+00	4.355E-04	5.703E+00	5.702E+00	5.702E+00	5.703E+00	5.703E+00	5.703E+00
9.500E-01	5.680E+00	4.391E-04	5.681E+00	5.680E+00	5.680E+00	5.680E+00	5.680E+00	5.680E+00
9.600E-01	5.658E+00	4.424E-04	5.658E+00	5.658E+00	5.658E+00	5.658E+00	5.658E+00	5.658E+00
9.700E-01	5.636E+00	4.454E-04	5.636E+00	5.635E+00	5.635E+00	5.636E+00	5.636E+00	5.636E+00
9.800E-01	5.613E+00	4.483E-04	5.613E+00	5.613E+00	5.613E+00	5.613E+00	5.613E+00	5.613E+00
9.900E-01	5.590E+00	4.509E-04	5.591E+00	5.590E+00	5.590E+00	5.591E+00	5.590E+00	5.590E+00
1.000E+00	5.568E+00	4.533E-04	5.568E+00	5.567E+00	5.568E+00	5.568E+00	5.568E+00	5.568E+00
1.010E+00	5.545E+00	4.555E-04	5.545E+00	5.545E+00	5.545E+00	5.545E+00	5.545E+00	5.545E+00
1.020E+00	5.522E+00	4.574E-04	5.523E+00	5.522E+00	5.522E+00	5.522E+00	5.522E+00	5.522E+00
1.030E+00	5.499E+00	4.591E-04	5.500E+00	5.499E+00	5.499E+00	5.499E+00	5.499E+00	5.499E+00
1.040E+00	5.476E+00	4.606E-04	5.477E+00	5.476E+00	5.476E+00	5.476E+00	5.476E+00	5.476E+00
1.050E+00	5.453E+00	4.619E-04	5.454E+00	5.453E+00	5.453E+00	5.453E+00	5.453E+00	5.453E+00
1.060E+00	5.430E+00	4.629E-04	5.431E+00	5.430E+00	5.430E+00	5.430E+00	5.430E+00	5.430E+00
1.070E+00	5.407E+00	4.637E-04	5.408E+00	5.407E+00	5.407E+00	5.407E+00	5.407E+00	5.407E+00
1.080E+00	5.384E+00	4.643E-04	5.384E+00	5.383E+00	5.384E+00	5.384E+00	5.384E+00	5.384E+00
1.090E+00	5.361E+00	4.646E-04	5.361E+00	5.360E+00	5.360E+00	5.361E+00	5.361E+00	5.361E+00
1.100E+00	5.337E+00	4.648E-04	5.338E+00	5.337E+00	5.337E+00	5.337E+00	5.337E+00	5.337E+00
1.110E+00	5.314E+00	4.647E-04	5.314E+00	5.313E+00	5.314E+00	5.314E+00	5.314E+00	5.314E+00
1.120E+00	5.290E+00	4.644E-04	5.291E+00	5.290E+00	5.290E+00	5.290E+00	5.290E+00	5.290E+00
1.130E+00	5.267E+00	4.638E-04	5.267E+00	5.266E+00	5.267E+00	5.267E+00	5.267E+00	5.267E+00
1.140E+00	5.243E+00	4.631E-04	5.244E+00	5.243E+00	5.243E+00	5.243E+00	5.243E+00	5.243E+00
1.150E+00	5.220E+00	4.621E-04	5.220E+00	5.219E+00	5.220E+00	5.220E+00	5.220E+00	5.220E+00
1.160E+00	5.196E+00	4.609E-04	5.196E+00	5.196E+00	5.196E+00	5.196E+00	5.196E+00	5.196E+00
1.170E+00	5.172E+00	4.596E-04	5.173E+00	5.172E+00	5.172E+00	5.172E+00	5.172E+00	5.172E+00
1.180E+00	5.149E+00	4.579E-04	5.149E+00	5.148E+00	5.148E+00	5.149E+00	5.149E+00	5.149E+00
1.190E+00	5.125E+00	4.561E-04	5.125E+00	5.124E+00	5.125E+00	5.125E+00	5.125E+00	5.125E+00
1.200E+00	5.101E+00	4.541E-04	5.101E+00	5.101E+00	5.101E+00	5.101E+00	5.101E+00	5.101E+00
1.210E+00	5.077E+00	4.519E-04	5.078E+00	5.077E+00	5.077E+00	5.077E+00	5.077E+00	5.077E+00
1.220E+00	5.053E+00	4.494E-04	5.054E+00	5.053E+00	5.053E+00	5.053E+00	5.053E+00	5.053E+00
1.230E+00	5.029E+00	4.468E-04	5.030E+00	5.029E+00	5.029E+00	5.029E+00	5.029E+00	5.029E+00
1.240E+00	5.005E+00	4.440E-04	5.006E+00	5.005E+00	5.005E+00	5.005E+00	5.005E+00	5.005E+00
1.250E+00	4.981E+00	4.409E-04	4.982E+00	4.981E+00	4.981E+00	4.981E+00	4.981E+00	4.981E+00
1.260E+00	4.957E+00	4.377E-04	4.958E+00	4.957E+00	4.957E+00	4.957E+00	4.957E+00	4.957E+00
1.270E+00	4.933E+00	4.343E-04	4.934E+00	4.933E+00	4.933E+00	4.933E+00	4.933E+00	4.933E+00
1.280E+00	4.909E+00	4.307E-04	4.910E+00	4.909E+00	4.909E+00	4.909E+00	4.909E+00	4.909E+00
1.290E+00	4.885E+00	4.269E-04	4.885E+00	4.885E+00	4.885E+00	4.885E+00	4.885E+00	4.885E+00
1.300E+00	4.861E+00	4.229E-04	4.861E+00	4.861E+00	4.861E+00	4.861E+00	4.861E+00	4.861E+00
1.310E+00	4.837E+00	4.187E-04	4.837E+00	4.836E+00	4.837E+00	4.837E+00	4.837E+00	4.837E+00
1.320E+00	4.813E+00	4.144E-04	4.813E+00	4.812E+00	4.813E+00	4.813E+00	4.813E+00	4.813E+00
1.330E+00	4.788E+00	4.098E-04	4.789E+00	4.788E+00	4.788E+00	4.789E+00	4.788E+00	4.788E+00
1.340E+00	4.764E+00	4.051E-04	4.765E+00	4.764E+00	4.764E+00	4.764E+00	4.764E+00	4.764E+00
1.350E+00	4.740E+00	4.002E-04	4.740E+00	4.740E+00	4.740E+00	4.740E+00	4.740E+00	4.740E+00
1.360E+00	4.716E+00	3.952E-04	4.716E+00	4.715E+00	4.716E+00	4.716E+00	4.716E+00	4.716E+00
1.370E+00	4.692E+00	3.899E-04	4.692E+00	4.691E+00	4.692E+00	4.692E+00	4.692E+00	4.692E+00
1.380E+00	4.667E+00	3.846E-04	4.668E+00	4.667E+00	4.667E+00	4.667E+00	4.667E+00	4.667E+00
1.390E+00	4.643E+00	3.790E-04	4.644E+00	4.643E+00	4.643E+00	4.643E+00	4.643E+00	4.643E+00
1.400E+00	4.619E+00	3.733E-04	4.619E+00	4.619E+00	4.619E+00	4.619E+00	4.619E+00	4.619E+00
1.410E+00	4.595E+00	3.674E-04	4.595E+00	4.594E+00	4.595E+00	4.595E+00	4.595E+00	4.595E+00
1.420E+00	4.570E+00	3.614E-04	4.571E+00	4.570E+00	4.570E+00	4.570E+00	4.570E+00	4.570E+00
1.430E+00	4.546E+00	3.552E-04	4.547E+00	4.546E+00	4.546E+00	4.546E+00	4.546E+00	4.546E+00
1.440E+00	4.522E+00	3.489E-04	4.522E+00	4.522E+00	4.522E+00	4.522E+00	4.522E+00	4.522E+00
1.450E+00	4.498E+00	3.424E-04	4.498E+00	4.497E+00	4.498E+00	4.498E+00	4.498E+00	4.498E+00
1.460E+00	4.473E+00	3.358E-04	4.474E+00	4.473E+00	4.473E+00	4.474E+00	4.473E+00	4.474E+00
1.470E+00	4.449E+00	3.290E-04	4.450E+00	4.449E+00	4.449E+00	4.449E+00	4.449E+00	4.449E+00
1.480E+00	4.425E+00	3.221E-04	4.425E+00	4.425E+00	4.425E+00	4.425E+00	4.425E+00	4.425E+00
1.490E+00	4.401E+00	3.151E-04	4.401E+00	4.401E+00	4.401E+00	4.401E+00	4.401E+00	4.401E+00
1.500E+00	4.377E+00	3.079E-04	4.377E+00	4.376E+00	4.377E+00	4.377E+00	4.377E+00	4.377E+00
1.510E+00	4.352E+00	3.006E-04	4.353E+00	4.352E+00	4.352E+00	4.353E+00	4.352E+00	4.353E+00
1.520E+00	4.328E+00	2.932E-04	4.329E+00	4.328E+00	4.328E+00	4.328E+00	4.328E+00	4.328E+00
1.530E+00	4.304E+00	2.856E-04	4.304E+00	4.304E+00	4.304E+00	4.304E+00	4.304E+00	4.304E+00
1.540E+00	4.280E+00	2.780E-04	4.280E+00	4.280E+00	4.280E+00	4.280E+00	4.280E+00	4.280E+00
1.550E+00	4.256E+00	2.702E-04	4.256E+00	4.256E+00	4.256E+00	4.256E+00	4.256E+00	4.256E+00
1.560E+00	4.232E+00	2.623E-04	4.232E+00	4.232E+00	4.232E+00	4.232E+00	4.232E+00	4.232E+00
1.570E+00	4.208E+00	2.543E-04	4.208E+00	4.207E+00	4.208E+00	4.208E+00	4.208E+00	4.208E+00
1.580E+00	4.184E+00	2.462E-04	4.184E+00	4.183E+00	4.184E+00	4.184E+00	4.184E+00	4.184E+00
1.590E+00	4.160E+00	2.381E-04	4.160E+00	4.159E+00	4.160E+00	4.160E+00	4.160E+00	4.160E+00
1.600E+00	4.136E+00	2.298E-04	4.136E+00	4.135E+00	4.136E+00	4.136E+00	4.136E+00	4.136E+00
1.610E+00	4.112E+00	2.214E-04	4.112E+00	4.111E+00	4.112E+00	4.112E+00	4.112E+00	4.112E+00
1.620E+00	4.088E+00	2.129E-04	4.088E+00	4.088E+00	4.088E+00	4.088E+00	4.088E+00	4.088E+00
1.630E+00	4.064E+00	2.044E-04	4.064E+00	4.064E+00	4.064E+00	4.064E+00	4.064E+00	4.064E+00
1.640E+00	4.040E+00	1.958E-04	4.040E+00	4.040E+00	4.040E+00	4.040E+00	4.040E+00	4.040E+00
1.650E+00	4.016E+00	1.871E-04	4.016E+00	4.016E+00	4.016E+00	4.016E+00	4.016E+00	4.016E+00
1.660E+00	3.992E+00	1.784E-04	3.992E+00	3.992E+00	3.992E+00	3.992E+00	3.992E+00	3.992E+00
1.670E+00	3.968E+00	1.696E-04	3.969E+00	3.968E+00	3.968E+00	3.968E+00	3.968E+00	3.968E+00
1.680E+00	3.945E+00	1.607E-04	3.945E+00	3.945E+00	3.945E+00	3.945E+00	3.945E+00	3.945E+00
1.690E+00	3.921E+00	1.519E-04	3.921E+00	3.921E+00	3.921E+00	3.921E+00	3.921E+00	3.921E+00
1.700E+00	3.897E+00	1.430E-04	3.897E+00	3.897E+00	3.897E+00	3.897E+00	3.897E+00	3.897E+00
1.710E+00	3.874E+00	1.341E-04	3.874E+00	3.874E+00	3.874E+00	3.874E+00	3.874E+00	3.874E+00
1.720E+00	3.850E+00	1.252E-04	3.850E+00	3.850E+00	3.850E+00	3.850E+00	3.850E+00	3.850E+00
1.730E+00	3.827E+00	1.164E-04	3.827E+00	3.826E+00	3.827E+00	3.827E+00	3.826E+00	3.827E+00
1.740E+00	3.803E+00	1.077E-04	3.803E+00	3.803E+00	3.803E+00	3.803E+00	3.803E+00	3.803E+00
1.750E+00	3.780E+00	9.907E-05	3.780E+00	3.779E+00	3.780E+00	3.780E+00	3.779E+00	3.780E+00
1.760E+00	3.756E+00	9.063E-05	3.756E+00	3.756E+00	3.756E+00	3.756E+00	3.756E+00	3.756E+00
1.770E+00	3.733E+00	8.245E-05	3.733E+00	3.733E+00	3.733E+00	3.733E+00	3.733E+00	3.733E+00
1.780E+00	3.709E+00	7.464E-05	3.709E+00	3.709E+00	3.709E+00	3.709E+00	3.709E+00	3.709E+00
1.790E+00	3.686E+00	6.737E-05	3.686E+00	3.686E+00	3.686E+00	3.686E+00	3.686E+00	3.686E+00
1.800E+00	3.663E+00	6.085E-05	3.663E+00	3.663E+00	3.663E+00	3.663E+00	3.663E+00	3.663E+00
1.810E+00	3.640E+00	5.538E-05	3.640E+00	3.640E+00	3.640E+00	3.640E+00	3.640E+00	3.640E+00
1.820E+00	3.617E+00	5.134E-05	3.617E+00	3.617E+00	3.617E+00	3.617E+00	3.617E+00	3.617E+00
1.830E+00	3.593E+00	4.909E-05	3.593E+00	3.593E+00	3.593E+00	3.593E+00	3.593E+00	3.594E+00
1.840E+00	3.570E+00	4.892E-05	3.570E+00	3.570E+00	3.570E+00	3.570E+00	3.570E+00	3.570E+00
1.850E+00	3.547E+00	5.088E-05	3.547E+00	3.547E+00	3.547E+00	3.547E+00	3.547E+00	3.548E+00
1.860E+00	3.525E+00	5.477E-05	3.525E+00	3.525E+00	3.525E+00	3.525E+00	3.525E+00	3.525E+00
1.870E+00	3.502E+00	6.022E-05	3.502E+00	3.502E+00	3.502E+00	3.502E+00	3.502E+00	3.502E+00
1.880E+00	3.479E+00	6.687E-05	3.479E+00	3.479E+00	3.479E+00	3.479E+00	3.479E+00	3.479E+00
1.890E+00	3.456E+00	7.441E-05	3.456E+00	3.456E+00	3.456E+00	3.456E+00	3.456E+00	3.456E+00
1.900E+00	3.433E+00	8.261E-05	3.433E+00	3.434E+00	3.433E+00	3.433E+00	3.433E+00	3.434E+00
1.910E+00	3.411E+00	9.130E-05	3.411E+00	3.411E+00	3.411E+00	3.411E+00	3.411E+00	3.411E+00
1.920E+00	3.388E+00	1.004E-04	3.388E+00	3.388E+00	3.388E+00	3.388E+00	3.388E+00	3.388E+00
1.930E+00	3.366E+00	1.097E-04	3.366E+00	3.366E+00	3.366E+00	3.366E+00	3.366E+00	3.366E+00
1.940E+00	3.343E+00	1.193E-04	3.343E+00	3.343E+00	3.343E+00	3.343E+00	3.343E+00	3.343E+00
1.950E+00	3.321E+00	1.290E-04	3.321E+00	3.321E+00	3.321E+00	3.321E+00	3.321E+00	3.321E+00
1.960E+00	3.299E+00	1.389E-04	3.299E+00	3.299E+00	3.299E+00	3.299E+00	3.299E+00	3.299E+00
1.970E+00	3.276E+00	1.488E-04	3.276E+00	3.277E+00	3.276E+00	3.276E+00	3.276E+00	3.276E+00
1.980E+00	3.254E+00	1.589E-04	3.254E+00	3.254E+00	3.254E+00	3.254E+00	3.254E+00	3.254E+00
1.990E+00	3.232E+00	1.690E-04	3.232E+00	3.232E+00	3.232E+00	3.232E+00	3.232E+00	3.232E+00
2.000E+00	3.210E+00	1.792E-04	3.210E+00	3.210E+00	3.210E+00	3.210E+00	3.210E+00	3.210E+00
2.010E+00	3.188E+00	1.895E-04	3.188E+00	3.188E+00	3.188E+00	3.188E+00	3.188E+00	3.188E+00
2.020E+00	3.166E+00	1.998E-04	3.166E+00	3.166E+00	3.166E+00	3.166E+00	3.166E+00	3.166E+00
2.030E+00	3.144E+00	2.101E-04	3.144E+00	3.145E+00	3.144E+00	3.144E+00	3.144E+00	3.144E+00
2.040E+00	3.123E+00	2.205E-04	3.122E+00	3.123E+00	3.123E+00	3.123E+00	3.122E+00	3.123E+00
2.050E+00	3.101E+00	2.308E-04	3.101E+00	3.101E+00	3.101E+00	3.101E+00	3.101E+00	3.101E+00
2.060E+00	3.079E+00	2.412E-04	3.079E+00	3.079E+00	3.079E+00	3.079E+00	3.079E+00	3.079E+00
2.070E+00	3.058E+00	2.516E-04	3.057E+00	3.058E+00	3.058E+00	3.058E+00	3.058E+00	3.058E+00
2.080E+00	3.036E+00	2.620E-04	3.036E+00	3.036E+00	3.036E+00	3.036E+00	3.036E+00	3.036E+00
2.090E+00	3.015E+00	2.724E-04	3.015E+00	3.015E+00	3.015E+00	3.015E+00	3.015E+00	3.015E+00
2.100E+00	2.993E+00	2.828E-04	2.993E+00	2.994E+00	2.993E+00	2.993E+00	2.993E+00	2.994E+00
2.110E+00	2.972E+00	2.932E-04	2.972E+00	2.972E+00	2.972E+00	2.972E+00	2.972E+00	2.972E+00
2.120E+00	2.951E+00	3.035E-04	2.951E+00	2.951E+00	2.951E+00	2.951E+00	2.951E+00	2.951E+00
2.130E+00	2.930E+00	3.139E-04	2.930E+00	2.930E+00	2.930E+00	2.930E+00	2.930E+00	2.930E+00
2.140E+00	2.909E+00	3.242E-04	2.909E+00	2.909E+00	2.909E+00	2.909E+00	2.909E+00	2.909E+00
2.150E+00	2.888E+00	3.345E-04	2.888E+00	2.888E+00	2.888E+00	2.888E+00	2.888E+00	2.888E+00
2.160E+00	2.867E+00	3.448E-04	2.867E+00	2.867E+00	2.867E+00	2.867E+00	2.867E+00	2.867E+00
2.170E+00	2.846E+00	3.551E-04	2.846E+00	2.847E+00	2.846E+00	2.846E+00	2.846E+00	2.846E+00
2.180E+00	2.826E+00	3.654E-04	2.825E+00	2.826E+00	2.826E+00	2.826E+00	2.826E+00	2.826E+00
2.190E+00	2.805E+00	3.756E-04	2.805E+00	2.805E+00	2.805E+00	2.805E+00	2.805E+00	2.805E+00
2.200E+00	2.784E+00	3.858E-04	2.784E+00	2.785E+00	2.784E+00	2.784E+00	2.784E+00	2.784E+00
2.210E+00	2.764E+00	3.959E-04	2.764E+00	2.764E+00	2.764E+00	2.764E+00	2.764E+00	2.764E+00
2.220E+00	2.744E+00	4.061E-04	2.743E+00	2.744E+00	2.744E+00	2.743E+00	2.743E+00	2.744E+00
2.230E+00	2.723E+00	4.161E-04	2.723E+00	2.724E+00	2.723E+00	2.723E+00	2.723E+00	2.723E+00
2.240E+00	2.703E+00	4.262E-04	2.703E+00	2.703E+00	2.703E+00	2.703E+00	2.703E+00	2.703E+00
2.250E+00	2.683E+00	4.362E-04	2.682E+00	2.683E+00	2.683E+00	2.683E+00	2.683E+00	2.683E+00
2.260E+00	2.663E+00	4.461E-04	2.662E+00	2.663E+00	2.663E+00	2.663E+00	2.663E+00	2.663E+00
2.270E+00	2.643E+00	4.561E-04	2.642E+00	2.643E+00	2.643E+00	2.643E+00	2.643E+00	2.643E+00
2.280E+00	2.623E+00	4.659E-04	2.623E+00	2.623E+00	2.623E+00	2.623E+00	2.623E+00	2.623E+00
2.290E+00	2.603E+00	4.757E-04	2.603E+00	2.604E+00	2.603E+00	2.603E+00	2.603E+00	2.603E+00
2.300E+00	2.583E+00	4.855E-04	2.583E+00	2.584E+00	2.584E+00	2.583E+00	2.583E+00	2.583E+00
2.310E+00	2.564E+00	4.952E-04	2.563E+00	2.564E+00	2.564E+00	2.564E+00	2.564E+00	2.564E+00
2.320E+00	2.544E+00	5.049E-04	2.544E+00	2.545E+00	2.544E+00	2.544E+00	2.544E+00	2.544E+00
2.330E+00	2.525E+00	5.145E-04	2.524E+00	2.525E+00	2.525E+00	2.525E+00	2.525E+00	2.525E+00
2.340E+00	2.505E+00	5.240E-04	2.505E+00	2.506E+00	2.506E+00	2.505E+00	2.505E+00	2.505E+00
2.350E+00	2.486E+00	5.335E-04	2.486E+00	2.487E+00	2.486E+00	2.486E+00	2.486E+00	2.486E+00
2.360E+00	2.467E+00	5.429E-04	2.466E+00	2.467E+00	2.467E+00	2.467E+00	2.467E+00	2.467E+00
2.370E+00	2.448E+00	5.523E-04	2.447E+00	2.448E+00	2.448E+00	2.448E+00	2.448E+00	2.448E+00
2.380E+00	2.429E+00	5.616E-04	2.428E+00	2.429E+00	2.429E+00	2.429E+00	2.429E+00	2.429E+00
2.390E+00	2.410E+00	5.708E-04	2.409E+00	2.410E+00	2.410E+00	2.410E+00	2.410E+00	2.410E+00
2.400E+00	2.391E+00	5.800E-04	2.390E+00	2.392E+00	2.391E+00	2.391E+00	2.391E+00	2.391E+00
2.410E+00	2.372E+00	5.891E-04	2.372E+00	2.373E+00	2.372E+00	2.372E+00	2.372E+00	2.372E+00
2.420E+00	2.354E+00	5.982E-04	2.353E+00	2.354E+00	2.354E+00	2.354E+00	2.354E+00	2.354E+00
2.430E+00	2.335E+00	6.071E-04	2.334E+00	2.336E+00	2.335E+00	2.335E+00	2.335E+00	2.335E+00
2.440E+00	2.317E+00	6.160E-04	2.316E+00	2.317E+00	2.317E+00	2.317E+00	2.317E+00	2.317E+00
2.450E+00	2.298E+00	6.249E-04	2.298E+00	2.299E+00	2.298E+00	2.298E+00	2.298E+00	2.298E+00
2.460E+00	2.280E+00	6.336E-04	2.279E+00	2.280E+00	2.280E+00	2.280E+00	2.280E+00	2.280E+00
2.470E+00	2.262E+00	6.423E-04	2.261E+00	2.262E+00	2.262E+00	2.262E+00	2.262E+00	2.262E+00
2.480E+00	2.244E+00	6.509E-04	2.243E+00	2.244E+00	2.244E+00	2.243E+00	2.243E+00	2.244E+00
2.490E+00	2.225E+00	6.594E-04	2.225E+00	2.226E+00	2.226E+00	2.225E+00	2.225E+00	2.226E+00
2.500E+00	2.208E+00	6.679E-04	2.207E+00	2.208E+00	2.208E+00	2.207E+00	2.208E+00	2.208E+00
2.510E+00	2.190E+00	6.762E-04	2.189E+00	2.190E+00	2.190E+00	2.190E+00	2.190E+00	2.190E+00
2.520E+00	2.172E+00	6.845E-04	2.171E+00	2.173E+00	2.172E+00	2.172E+00	2.172E+00	2.172E+00
2.530E+00	2.154E+00	6.927E-04	2.154E+00	2.155E+00	2.154E+00	2.154E+00	2.154E+00	2.154E+00
2.540E+00	2.137E+00	7.009E-04	2.136E+00	2.137E+00	2.137E+00	2.137E+00	2.137E+00	2.137E+00
2.550E+00	2.119E+00	7.089E-04	2.119E+00	2.120E+00	2.119E+00	2.119E+00	2.119E+00	2.119E+00
2.560E+00	2.102E+00	7.169E-04	2.101E+00	2.103E+00	2.102E+00	2.102E+00	2.102E+00	2.102E+00
2.570E+00	2.085E+00	7.247E-04	2.084E+00	2.085E+00	2.085E+00	2.084E+00	2.084E+00	2.085E+00
2.580E+00	2.067E+00	7.325E-04	2.067E+00	2.068E+00	2.067E+00	2.067E+00	2.067E+00	2.067E+00
2.590E+00	2.050E+00	7.402E-04	2.049E+00	2.051E+00	2.050E+00	2.050E+00	2.050E+00	2.050E+00
2.600E+00	2.033E+00	7.479E-04	2.032E+00	2.034E+00	2.033E+00	2.033E+00	2.033E+00	2.033E+00
2.610E+00	2.016E+00	7.554E-04	2.016E+00	2.017E+00	2.016E+00	2.016E+00	2.016E+00	2.016E+00
2.620E+00	1.999E+00	7.628E-04	1.999E+00	2.000E+00	2.000E+00	1.999E+00	1.999E+00	1.999E+00
2.630E+00	1.983E+00	7.702E-04	1.982E+00	1.983E+00	1.983E+00	1.983E+00	1.983E+00	1.983E+00
2.640E+00	1.966E+00	7.775E-04	1.965E+00	1.967E+00	1.966E+00	1.966E+00	1.966E+00	1.966E+00
2.650E+00	1.949E+00	7.846E-04	1.949E+00	1.950E+00	1.950E+00	1.949E+00	1.949E+00	1.950E+00
2.660E+00	1.933E+00	7.917E-04	1.932E+00	1.934E+00	1.933E+00	1.933E+00	1.933E+00	1.933E+00
2.670E+00	1.917E+00	7.987E-04	1.916E+00	1.917E+00	1.917E+00	1.917E+00	1.917E+00	1.917E+00
2.680E+00	1.900E+00	8.056E-04	1.900E+00	1.901E+00	1.900E+00	1.900E+00	1.900E+00	1.900E+00
2.690E+00	1.884E+00	8.125E-04	1.883E+00	1.885E+00	1.884E+00	1.884E+00	1.884E+00	1.884E+00
2.700E+00	1.868E+00	8.192E-04	1.867E+00	1.869E+00	1.868E+00	1.868E+00	1.868E+00	1.868E+00
2.710E+00	1.852E+00	8.258E-04	1.851E+00	1.853E+00	1.852E+00	1.852E+00	1.852E+00	1.852E+00
2.720E+00	1.836E+00	8.323E-04	1.835E+00	1.837E+00	1.836E+00	1.836E+00	1.836E+00	1.836E+00
2.730E+00	1.820E+00	8.388E-04	1.820E+00	1.821E+00	1.820E+00	1.820E+00	1.820E+00	1.820E+00
2.740E+00	1.805E+00	8.451E-04	1.804E+00	1.806E+00	1.805E+00	1.805E+00	1.805E+00	1.805E+00
2.750E+00	1.789E+00	8.514E-04	1.788E+00	1.790E+00	1.789E+00	1.789E+00	1.789E+00	1.789E+00
2.760E+00	1.774E+00	8.575E-04	1.773E+00	1.774E+00	1.774E+00	1.773E+00	1.773E+00	1.774E+00
2.770E+00	1.758E+00	8.636E-04	1.757E+00	1.759E+00	1.758E+00	1.758E+00	1.758E+00	1.758E+00
2.780E+00	1.743E+00	8.695E-04	1.742E+00	1.744E+00	1.743E+00	1.743E+00	1.743E+00	1.743E+00
2.790E+00	1.727E+00	8.754E-04	1.727E+00	1.728E+00	1.728E+00	1.727E+00	1.727E+00	1.728E+00
2.800E+00	1.712E+00	8.812E-04	1.711E+00	1.713E+00	1.712E+00	1.712E+00	1.712E+00	1.712E+00
2.810E+00	1.697E+00	8.868E-04	1.696E+00	1.698E+00	1.697E+00	1.697E+00	1.697E+00	1.697E+00
2.820E+00	1.682E+00	8.924E-04	1.681E+00	1.683E+00	1.682E+00	1.682E+00	1.682E+00	1.682E+00
2.830E+00	1.667E+00	8.979E-04	1.666E+00	1.668E+00	1.667E+00	1.667E+00	1.667E+00	1.667E+00
2.840E+00	1.653E+00	9.033E-04	1.652E+00	1.654E+00	1.653E+00	1.653E+00	1.653E+00	1.653E+00
2.850E+00	1.638E+00	9.086E-04	1.637E+00	1.639E+00	1.638E+00	1.638E+00	1.638E+00	1.638E+00
2.860E+00	1.623E+00	9.137E-04	1.622E+00	1.624E+00	1.623E+00	1.623E+00	1.623E+00	1.623E+00
2.870E+00	1.609E+00	9.188E-04	1.608E+00	1.610E+00	1.609E+00	1.609E+00	1.609E+00	1.609E+00
2.880E+00	1.594E+00	9.238E-04	1.593E+00	1.595E+00	1.594E+00	1.594E+00	1.594E+00	1.594E+00
2.890E+00	1.580E+00	9.287E-04	1.579E+00	1.581E+00	1.580E+00	1.580E+00	1.580E+00	1.580E+00
2.900E+00	1.566E+00	9.335E-04	1.565E+00	1.567E+00	1.566E+00	1.566E+00	1.566E+00	1.566E+00
2.910E+00	1.552E+00	9.382E-04	1.551E+00	1.553E+00	1.552E+00	1.552E+00	1.552E+00	1.552E+00
2.920E+00	1.538E+00	9.428E-04	1.537E+00	1.539E+00	1.538E+00	1.538E+00	1.538E+00	1.538E+00
2.930E+00	1.524E+00	9.473E-04	1.523E+00	1.525E+00	1.524E+00	1.524E+00	1.524E+00	1.524E+00
2.940E+00	1.510E+00	9.517E-04	1.509E+00	1.511E+00	1.510E+00	1.510E+00	1.510E+00	1.510E+00
2.950E+00	1.496E+00	9.560E-04	1.495E+00	1.497E+00	1.496E+00	1.496E+00	1.496E+00	1.496E+00
2.960E+00	1.482E+00	9.602E-04	1.481E+00	1.483E+00	1.482E+00	1.482E+00	1.482E+00	1.482E+00
2.970E+00	1.469E+00	9.643E-04	1.468E+00	1.470E+00	1.469E+00	1.469E+00	1.469E+00	1.469E+00
2.980E+00	1.455E+00	9.683E-04	1.454E+00	1.456E+00	1.455E+00	1.455E+00	1.455E+00	1.455E+00
2.990E+00	1.442E+00	9.722E-04	1.441E+00	1.443E+00	1.442E+00	1.442E+00	1.442E+00	1.442E+00
3.000E+00	1.428E+00	9.760E-04	1.428E+00	1.429E+00	1.429E+00	1.428E+00	1.428E+00	1.429E+00
