1.000E-02	6.732E+00	6.220E-03	6.738E+00	6.727E+00	6.736E+00	6.729E+00	6.732E+00	6.733E+00
2.000E-02	6.732E+00	6.188E-03	6.737E+00	6.726E+00	6.735E+00	6.728E+00	6.732E+00	6.732E+00
3.000E-02	6.730E+00	6.145E-03	6.736E+00	6.725E+00	6.734E+00	6.727E+00	6.730E+00	6.730E+00
4.000E-02	6.729E+00	6.094E-03	6.734E+00	6.724E+00	6.732E+00	6.725E+00	6.729E+00	6.729E+00
5.000E-02	6.727E+00	6.036E-03	6.732E+00	6.722E+00	6.730E+00	6.723E+00	6.727E+00	6.727E+00
6.000E-02	6.724E+00	5.972E-03	6.729E+00	6.719E+00	6.727E+00	6.721E+00	6.724E+00	6.724E+00
7.000E-02	6.721E+00	5.903E-03	6.726E+00	6.717E+00	6.725E+00	6.718E+00	6.721E+00	6.722E+00
8.000E-02	6.718E+00	5.830E-03	6.723E+00	6.714E+00	6.722E+00	6.715E+00	6.718E+00	6.718E+00
9.000E-02	6.715E+00	5.753E-03	6.720E+00	6.710E+00	6.718E+00	6.712E+00	6.715E+00	6.715E+00
1.000E-01	6.711E+00	5.673E-03	6.716E+00	6.707E+00	6.714E+00	6.708E+00	6.711E+00	6.711E+00
1.100E-01	6.707E+00	5.590E-03	6.712E+00	6.703E+00	6.710E+00	6.704E+00	6.707E+00	6.707E+00
1.200E-01	6.703E+00	5.505E-03	6.707E+00	6.698E+00	6.706E+00	6.700E+00	6.703E+00	6.703E+00
1.300E-01	6.698E+00	5.417E-03	6.703E+00	6.694E+00	6.701E+00	6.695E+00	6.698E+00	6.698E+00
1.400E-01	6.693E+00	5.328E-03	6.697E+00	6.689E+00	6.696E+00	6.690E+00	6.693E+00	6.693E+00
1.500E-01	6.688E+00	5.237E-03	6.692E+00	6.684E+00	6.691E+00	6.685E+00	6.688E+00	6.688E+00
1.600E-01	6.683E+00	5.145E-03	6.687E+00	6.679E+00	6.686E+00	6.679E+00	6.682E+00	6.683E+00
1.700E-01	6.677E+00	5.053E-03	6.681E+00	6.673E+00	6.680E+00	6.674E+00	6.677E+00	6.677E+00
1.800E-01	6.671E+00	4.959E-03	6.674E+00	6.667E+00	6.674E+00	6.668E+00	6.671E+00	6.671E+00
1.900E-01	6.664E+00	4.865E-03	6.668E+00	6.661E+00	6.668E+00	6.661E+00	6.664E+00	6.665E+00
2.000E-01	6.658E+00	4.772E-03	6.661E+00	6.654E+00	6.661E+00	6.655E+00	6.658E+00	6.658E+00
2.100E-01	6.651E+00	4.678E-03	6.654E+00	6.648E+00	6.654E+00	6.648E+00	6.651E+00	6.651E+00
2.200E-01	6.644E+00	4.584E-03	6.647E+00	6.641E+00	6.647E+00	6.641E+00	6.644E+00	6.644E+00
2.300E-01	6.637E+00	4.491E-03	6.640E+00	6.633E+00	6.640E+00	6.633E+00	6.636E+00	6.637E+00
2.400E-01	6.629E+00	4.398E-03	6.632E+00	6.626E+00	6.632E+00	6.626E+00	6.629E+00	6.629E+00
2.500E-01	6.621E+00	4.307E-03	6.624E+00	6.618E+00	6.624E+00	6.618E+00	6.621E+00	6.621E+00
2.600E-01	6.613E+00	4.217E-03	6.616E+00	6.610E+00	6.616E+00	6.610E+00	6.613E+00	6.613E+00
2.700E-01	6.605E+00	4.127E-03	6.607E+00	6.602E+00	6.608E+00	6.601E+00	6.604E+00	6.605E+00
2.800E-01	6.596E+00	4.040E-03	6.599E+00	6.593E+00	6.599E+00	6.593E+00	6.596E+00	6.596E+00
2.900E-01	6.587E+00	3.954E-03	6.590E+00	6.585E+00	6.590E+00	6.584E+00	6.587E+00	6.587E+00
3.000E-01	6.578E+00	3.870E-03	6.580E+00	6.576E+00	6.581E+00	6.575E+00	6.578E+00	6.578E+00
3.100E-01	6.569E+00	3.788E-03	6.571E+00	6.567E+00	6.572E+00	6.566E+00	6.569E+00	6.569E+00
3.200E-01	6.559E+00	3.709E-03	6.561E+00	6.557E+00	6.562E+00	6.556E+00	6.559E+00	6.559E+00
3.300E-01	6.550E+00	3.632E-03	6.551E+00	6.548E+00	6.553E+00	6.547E+00	6.549E+00	6.550E+00
3.400E-01	6.540E+00	3.558E-03	6.541E+00	6.538E+00	6.543E+00	6.537E+00	6.539E+00	6.540E+00
3.500E-01	6.529E+00	3.486E-03	6.531E+00	6.528E+00	6.532E+00	6.526E+00	6.529E+00	6.530E+00
3.600E-01	6.519E+00	3.418E-03	6.521E+00	6.517E+00	6.522E+00	6.516E+00	6.519E+00	6.519E+00
3.700E-01	6.508E+00	3.353E-03	6.510E+00	6.507E+00	6.511E+00	6.505E+00	6.508E+00	6.509E+00
3.800E-01	6.498E+00	3.291E-03	6.499E+00	6.496E+00	6.501E+00	6.495E+00	6.497E+00	6.498E+00
3.900E-01	6.486E+00	3.233E-03	6.488E+00	6.485E+00	6.489E+00	6.483E+00	6.486E+00	6.487E+00
4.000E-01	6.475E+00	3.178E-03	6.476E+00	6.474E+00	6.478E+00	6.472E+00	6.475E+00	6.475E+00
4.100E-01	6.464E+00	3.127E-03	6.465E+00	6.463E+00	6.467E+00	6.461E+00	6.464E+00	6.464E+00
4.200E-01	6.452E+00	3.080E-03	6.453E+00	6.451E+00	6.455E+00	6.449E+00	6.452E+00	6.452E+00
4.300E-01	6.440E+00	3.038E-03	6.441E+00	6.439E+00	6.443E+00	6.437E+00	6.440E+00	6.440E+00
4.400E-01	6.428E+00	2.999E-03	6.429E+00	6.427E+00	6.431E+00	6.425E+00	6.428E+00	6.428E+00
4.500E-01	6.416E+00	2.964E-03	6.416E+00	6.415E+00	6.419E+00	6.413E+00	6.416E+00	6.416E+00
4.600E-01	6.403E+00	2.934E-03	6.404E+00	6.403E+00	6.406E+00	6.400E+00	6.403E+00	6.404E+00
4.700E-01	6.391E+00	2.908E-03	6.391E+00	6.390E+00	6.394E+00	6.388E+00	6.390E+00	6.391E+00
4.800E-01	6.378E+00	2.886E-03	6.378E+00	6.378E+00	6.381E+00	6.375E+00	6.378E+00	6.378E+00
4.900E-01	6.365E+00	2.868E-03	6.365E+00	6.365E+00	6.368E+00	6.362E+00	6.365E+00	6.365E+00
5.000E-01	6.352E+00	2.855E-03	6.351E+00	6.352E+00	6.354E+00	6.349E+00	6.351E+00	6.352E+00
5.100E-01	6.338E+00	2.845E-03	6.338E+00	6.338E+00	6.341E+00	6.335E+00	6.338E+00	6.338E+00
5.200E-01	6.325E+00	2.839E-03	6.324E+00	6.325E+00	6.327E+00	6.322E+00	6.324E+00	6.325E+00
5.300E-01	6.311E+00	2.837E-03	6.310E+00	6.311E+00	6.314E+00	6.308E+00	6.311E+00	6.311E+00
5.400E-01	6.297E+00	2.839E-03	6.296E+00	6.297E+00	6.300E+00	6.294E+00	6.297E+00	6.297E+00
5.500E-01	6.283E+00	2.844E-03	6.282E+00	6.283E+00	6.285E+00	6.280E+00	6.282E+00	6.283E+00
5.600E-01	6.268E+00	2.852E-03	6.268E+00	6.269E+00	6.271E+00	6.266E+00	6.268E+00	6.269E+00
5.700E-01	6.254E+00	2.863E-03	6.253E+00	6.255E+00	6.257E+00	6.251E+00	6.254E+00	6.254E+00
5.800E-01	6.239E+00	2.877E-03	6.238E+00	6.240E+00	6.242E+00	6.236E+00	6.239E+00	6.239E+00
5.900E-01	6.224E+00	2.894E-03	6.223E+00	6.225E+00	6.227E+00	6.222E+00	6.224E+00	6.225E+00
6.000E-01	6.209E+00	2.913E-03	6.208E+00	6.210E+00	6.212E+00	6.207E+00	6.209E+00	6.210E+00
6.100E-01	6.194E+00	2.935E-03	6.193E+00	6.195E+00	6.197E+00	6.192E+00	6.194E+00	6.194E+00
6.200E-01	6.179E+00	2.958E-03	6.178E+00	6.180E+00	6.182E+00	6.176E+00	6.179E+00	6.179E+00
6.300E-01	6.163E+00	2.983E-03	6.162E+00	6.165E+00	6.166E+00	6.161E+00	6.163E+00	6.164E+00
6.400E-01	6.148E+00	3.010E-03	6.146E+00	6.149E+00	6.150E+00	6.145E+00	6.147E+00	6.148E+00
6.500E-01	6.132E+00	3.038E-03	6.130E+00	6.133E+00	6.135E+00	6.129E+00	6.132E+00	6.132E+00
6.600E-01	6.116E+00	3.068E-03	6.114E+00	6.118E+00	6.119E+00	6.113E+00	6.116E+00	6.116E+00
6.700E-01	6.100E+00	3.098E-03	6.098E+00	6.102E+00	6.102E+00	6.097E+00	6.100E+00	6.100E+00
6.800E-01	6.084E+00	3.129E-03	6.082E+00	6.085E+00	6.086E+00	6.081E+00	6.083E+00	6.084E+00
6.900E-01	6.067E+00	3.161E-03	6.065E+00	6.069E+00	6.070E+00	6.065E+00	6.067E+00	6.068E+00
7.000E-01	6.051E+00	3.193E-03	6.049E+00	6.053E+00	6.053E+00	6.048E+00	6.050E+00	6.051E+00
7.100E-01	6.034E+00	3.225E-03	6.032E+00	6.036E+00	6.036E+00	6.032E+00	6.034E+00	6.034E+00
7.200E-01	6.017E+00	3.258E-03	6.015E+00	6.019E+00	6.020E+00	6.015E+00	6.017E+00	6.017E+00
7.300E-01	6.000E+00	3.291E-03	5.998E+00	6.002E+00	6.003E+00	5.998E+00	6.000E+00	6.001E+00
7.400E-01	5.983E+00	3.323E-03	5.981E+00	5.985E+00	5.985E+00	5.981E+00	5.983E+00	5.983E+00
7.500E-01	5.966E+00	3.355E-03	5.963E+00	5.968E+00	5.968E+00	5.963E+00	5.965E+00	5.966E+00
7.600E-01	5.948E+00	3.387E-03	5.946E+00	5.951E+00	5.951E+00	5.946E+00	5.948E+00	5.949E+00
7.700E-01	5.931E+00	3.419E-03	5.928E+00	5.933E+00	5.933E+00	5.929E+00	5.931E+00	5.931E+00
7.800E-01	5.913E+00	3.450E-03	5.911E+00	5.916E+00	5.916E+00	5.911E+00	5.913E+00	5.914E+00
7.900E-01	5.895E+00	3.480E-03	5.893E+00	5.898E+00	5.898E+00	5.893E+00	5.895E+00	5.896E+00
8.000E-01	5.878E+00	3.510E-03	5.875E+00	5.880E+00	5.880E+00	5.875E+00	5.877E+00	5.878E+00
8.100E-01	5.860E+00	3.539E-03	5.857E+00	5.862E+00	5.862E+00	5.857E+00	5.859E+00	5.860E+00
8.200E-01	5.841E+00	3.567E-03	5.839E+00	5.844E+00	5.844E+00	5.839E+00	5.841E+00	5.842E+00
8.300E-01	5.823E+00	3.594E-03	5.820E+00	5.826E+00	5.825E+00	5.821E+00	5.823E+00	5.824E+00
8.400E-01	5.805E+00	3.620E-03	5.802E+00	5.808E+00	5.807E+00	5.803E+00	5.804E+00	5.805E+00
8.500E-01	5.786E+00	3.644E-03	5.783E+00	5.789E+00	5.788E+00	5.784E+00	5.786E+00	5.787E+00
8.600E-01	5.768E+00	3.668E-03	5.765E+00	5.771E+00	5.770E+00	5.765E+00	5.767E+00	5.768E+00
8.700E-01	5.749E+00	3.691E-03	5.746E+00	5.752E+00	5.751E+00	5.747E+00	5.748E+00	5.749E+00
8.800E-01	5.730E+00	3.712E-03	5.727E+00	5.733E+00	5.732E+00	5.728E+00	5.730E+00	5.730E+00
8.900E-01	5.711E+00	3.732E-03	5.708E+00	5.714E+00	5.713E+00	5.709E+00	5.711E+00	5.711E+00
9.000E-01	5.692E+00	3.751E-03	5.689E+00	5.695E+00	5.694E+00	5.690E+00	5.692E+00	5.692E+00
9.100E-01	5.673E+00	3.768E-03	5.670E+00	5.676E+00	5.675E+00	5.671E+00	5.672E+00	5.673E+00
9.200E-01	5.654E+00	3.784E-03	5.650E+00	5.657E+00	5.656E+00	5.652E+00	5.653E+00	5.654E+00
9.300E-01	5.634E+00	3.798E-03	5.631E+00	5.637E+00	5.636E+00	5.632E+00	5.634E+00	5.635E+00
9.400E-01	5.615E+00	3.811E-03	5.612E+00	5.618E+00	5.617E+00	5.613E+00	5.614E+00	5.615E+00
9.500E-01	5.595E+00	3.823E-03	5.592E+00	5.598E+00	5.597E+00	5.593E+00	5.595E+00	5.596E+00
9.600E-01	5.575E+00	3.833E-03	5.572E+00	5.579E+00	5.577E+00	5.573E+00	5.575E+00	5.576E+00
9.700E-01	5.556E+00	3.841E-03	5.552E+00	5.559E+00	5.558E+00	5.554E+00	5.555E+00	5.556E+00
9.800E-01	5.536E+00	3.848E-03	5.533E+00	5.539E+00	5.538E+00	5.534E+00	5.535E+00	5.536E+00
9.900E-01	5.516E+00	3.854E-03	5.513E+00	5.519E+00	5.518E+00	5.514E+00	5.515E+00	5.516E+00
1.000E+00	5.496E+00	3.858E-03	5.493E+00	5.499E+00	5.498E+00	5.494E+00	5.495E+00	5.496E+00
1.010E+00	5.476E+00	3.860E-03	5.472E+00	5.479E+00	5.478E+00	5.474E+00	5.475E+00	5.476E+00
1.020E+00	5.456E+00	3.860E-03	5.452E+00	5.459E+00	5.457E+00	5.454E+00	5.455E+00	5.456E+00
1.030E+00	5.435E+00	3.859E-03	5.432E+00	5.439E+00	5.437E+00	5.433E+00	5.435E+00	5.436E+00
1.040E+00	5.415E+00	3.857E-03	5.411E+00	5.418E+00	5.417E+00	5.413E+00	5.414E+00	5.415E+00
1.050E+00	5.394E+00	3.853E-03	5.391E+00	5.398E+00	5.396E+00	5.393E+00	5.394E+00	5.395E+00
1.060E+00	5.374E+00	3.847E-03	5.370E+00	5.377E+00	5.376E+00	5.372E+00	5.373E+00	5.374E+00
1.070E+00	5.353E+00	3.839E-03	5.350E+00	5.357E+00	5.355E+00	5.352E+00	5.353E+00	5.354E+00
1.080E+00	5.333E+00	3.830E-03	5.329E+00	5.336E+00	5.334E+00	5.331E+00	5.332E+00	5.333E+00
1.090E+00	5.312E+00	3.819E-03	5.308E+00	5.315E+00	5.314E+00	5.310E+00	5.311E+00	5.312E+00
1.100E+00	5.291E+00	3.807E-03	5.288E+00	5.294E+00	5.293E+00	5.289E+00	5.290E+00	5.291E+00
1.110E+00	5.270E+00	3.793E-03	5.267E+00	5.273E+00	5.272E+00	5.268E+00	5.270E+00	5.271E+00
1.120E+00	5.249E+00	3.777E-03	5.246E+00	5.252E+00	5.251E+00	5.247E+00	5.249E+00	5.250E+00
1.130E+00	5.228E+00	3.760E-03	5.225E+00	5.231E+00	5.230E+00	5.226E+00	5.228E+00	5.229E+00
1.140E+00	5.207E+00	3.741E-03	5.204E+00	5.210E+00	5.209E+00	5.205E+00	5.206E+00	5.208E+00
1.150E+00	5.186E+00	3.721E-03	5.183E+00	5.189E+00	5.187E+00	5.184E+00	5.185E+00	5.186E+00
1.160E+00	5.165E+00	3.699E-03	5.161E+00	5.168E+00	5.166E+00	5.163E+00	5.164E+00	5.165E+00
1.170E+00	5.143E+00	3.675E-03	5.140E+00	5.147E+00	5.145E+00	5.142E+00	5.143E+00	5.144E+00
1.180E+00	5.122E+00	3.650E-03	5.119E+00	5.125E+00	5.123E+00	5.120E+00	5.121E+00	5.123E+00
1.190E+00	5.101E+00	3.623E-03	5.097E+00	5.104E+00	5.102E+00	5.099E+00	5.100E+00	5.101E+00
1.200E+00	5.079E+00	3.594E-03	5.076E+00	5.082E+00	5.081E+00	5.078E+00	5.079E+00	5.080E+00
1.210E+00	5.058E+00	3.564E-03	5.054E+00	5.061E+00	5.059E+00	5.056E+00	5.057E+00	5.058E+00
1.220E+00	5.036E+00	3.533E-03	5.033E+00	5.039E+00	5.038E+00	5.035E+00	5.036E+00	5.037E+00
1.230E+00	5.014E+00	3.500E-03	5.011E+00	5.018E+00	5.016E+00	5.013E+00	5.014E+00	5.015E+00
1.240E+00	4.993E+00	3.465E-03	4.990E+00	4.996E+00	4.994E+00	4.991E+00	4.992E+00	4.993E+00
1.250E+00	4.971E+00	3.429E-03	4.968E+00	4.974E+00	4.973E+00	4.970E+00	4.971E+00	4.972E+00
1.260E+00	4.949E+00	3.391E-03	4.946E+00	4.953E+00	4.951E+00	4.948E+00	4.949E+00	4.950E+00
1.270E+00	4.928E+00	3.352E-03	4.925E+00	4.931E+00	4.929E+00	4.926E+00	4.927E+00	4.928E+00
1.280E+00	4.906E+00	3.312E-03	4.903E+00	4.909E+00	4.907E+00	4.905E+00	4.905E+00	4.906E+00
1.290E+00	4.884E+00	3.270E-03	4.881E+00	4.887E+00	4.885E+00	4.883E+00	4.883E+00	4.885E+00
1.300E+00	4.862E+00	3.227E-03	4.859E+00	4.865E+00	4.863E+00	4.861E+00	4.861E+00	4.863E+00
1.310E+00	4.840E+00	3.182E-03	4.837E+00	4.843E+00	4.841E+00	4.839E+00	4.840E+00	4.841E+00
1.320E+00	4.818E+00	3.136E-03	4.815E+00	4.821E+00	4.819E+00	4.817E+00	4.818E+00	4.819E+00
1.330E+00	4.796E+00	3.088E-03	4.793E+00	4.799E+00	4.797E+00	4.795E+00	4.796E+00	4.797E+00
1.340E+00	4.774E+00	3.039E-03	4.771E+00	4.777E+00	4.775E+00	4.773E+00	4.774E+00	4.775E+00
1.350E+00	4.752E+00	2.989E-03	4.749E+00	4.755E+00	4.753E+00	4.751E+00	4.751E+00	4.753E+00
1.360E+00	4.730E+00	2.938E-03	4.727E+00	4.733E+00	4.731E+00	4.729E+00	4.729E+00	4.731E+00
1.370E+00	4.708E+00	2.885E-03	4.705E+00	4.710E+00	4.709E+00	4.707E+00	4.707E+00	4.709E+00
1.380E+00	4.686E+00	2.831E-03	4.683E+00	4.688E+00	4.687E+00	4.685E+00	4.685E+00	4.686E+00
1.390E+00	4.664E+00	2.776E-03	4.661E+00	4.666E+00	4.665E+00	4.663E+00	4.663E+00	4.664E+00
1.400E+00	4.641E+00	2.720E-03	4.639E+00	4.644E+00	4.642E+00	4.640E+00	4.641E+00	4.642E+00
1.410E+00	4.619E+00	2.663E-03	4.617E+00	4.622E+00	4.620E+00	4.618E+00	4.619E+00	4.620E+00
1.420E+00	4.597E+00	2.604E-03	4.595E+00	4.599E+00	4.598E+00	4.596E+00	4.596E+00	4.598E+00
1.430E+00	4.575E+00	2.545E-03	4.572E+00	4.577E+00	4.576E+00	4.574E+00	4.574E+00	4.575E+00
1.440E+00	4.552E+00	2.485E-03	4.550E+00	4.555E+00	4.553E+00	4.552E+00	4.552E+00	4.553E+00
1.450E+00	4.530E+00	2.423E-03	4.528E+00	4.532E+00	4.531E+00	4.529E+00	4.529E+00	4.531E+00
1.460E+00	4.508E+00	2.361E-03	4.506E+00	4.510E+00	4.509E+00	4.507E+00	4.507E+00	4.509E+00
1.470E+00	4.486E+00	2.298E-03	4.484E+00	4.488E+00	4.486E+00	4.485E+00	4.485E+00	4.486E+00
1.480E+00	4.463E+00	2.233E-03	4.461E+00	4.465E+00	4.464E+00	4.462E+00	4.463E+00	4.464E+00
1.490E+00	4.441E+00	2.169E-03	4.439E+00	4.443E+00	4.442E+00	4.440E+00	4.440E+00	4.442E+00
1.500E+00	4.419E+00	2.103E-03	4.417E+00	4.420E+00	4.419E+00	4.418E+00	4.418E+00	4.419E+00
1.510E+00	4.396E+00	2.037E-03	4.395E+00	4.398E+00	4.397E+00	4.395E+00	4.396E+00	4.397E+00
1.520E+00	4.374E+00	1.970E-03	4.372E+00	4.376E+00	4.375E+00	4.373E+00	4.373E+00	4.375E+00
1.530E+00	4.352E+00	1.903E-03	4.350E+00	4.353E+00	4.352E+00	4.351E+00	4.351E+00	4.352E+00
1.540E+00	4.329E+00	1.836E-03	4.328E+00	4.331E+00	4.330E+00	4.329E+00	4.329E+00	4.330E+00
1.550E+00	4.307E+00	1.768E-03	4.305E+00	4.308E+00	4.308E+00	4.306E+00	4.306E+00	4.308E+00
1.560E+00	4.285E+00	1.700E-03	4.283E+00	4.286E+00	4.285E+00	4.284E+00	4.284E+00	4.285E+00
1.570E+00	4.262E+00	1.633E-03	4.261E+00	4.264E+00	4.263E+00	4.262E+00	4.261E+00	4.263E+00
1.580E+00	4.240E+00	1.565E-03	4.239E+00	4.241E+00	4.240E+00	4.239E+00	4.239E+00	4.241E+00
1.590E+00	4.218E+00	1.498E-03	4.216E+00	4.219E+00	4.218E+00	4.217E+00	4.217E+00	4.218E+00
1.600E+00	4.195E+00	1.432E-03	4.194E+00	4.196E+00	4.196E+00	4.195E+00	4.194E+00	4.196E+00
1.610E+00	4.173E+00	1.367E-03	4.172E+00	4.174E+00	4.173E+00	4.172E+00	4.172E+00	4.174E+00
1.620E+00	4.151E+00	1.303E-03	4.150E+00	4.152E+00	4.151E+00	4.150E+00	4.150E+00	4.151E+00
1.630E+00	4.128E+00	1.240E-03	4.127E+00	4.129E+00	4.129E+00	4.128E+00	4.128E+00	4.129E+00
1.640E+00	4.106E+00	1.180E-03	4.105E+00	4.107E+00	4.106E+00	4.105E+00	4.105E+00	4.107E+00
1.650E+00	4.084E+00	1.123E-03	4.083E+00	4.084E+00	4.084E+00	4.083E+00	4.083E+00	4.084E+00
1.660E+00	4.061E+00	1.069E-03	4.061E+00	4.062E+00	4.062E+00	4.061E+00	4.061E+00	4.062E+00
1.670E+00	4.039E+00	1.019E-03	4.039E+00	4.040E+00	4.040E+00	4.039E+00	4.038E+00	4.040E+00
1.680E+00	4.017E+00	9.738E-04	4.017E+00	4.017E+00	4.017E+00	4.016E+00	4.016E+00	4.018E+00
1.690E+00	3.995E+00	9.349E-04	3.994E+00	3.995E+00	3.995E+00	3.994E+00	3.994E+00	3.995E+00
1.700E+00	3.973E+00	9.028E-04	3.972E+00	3.973E+00	3.973E+00	3.972E+00	3.972E+00	3.973E+00
1.710E+00	3.950E+00	8.787E-04	3.950E+00	3.951E+00	3.951E+00	3.950E+00	3.950E+00	3.951E+00
1.720E+00	3.928E+00	8.634E-04	3.928E+00	3.928E+00	3.929E+00	3.928E+00	3.927E+00	3.929E+00
1.730E+00	3.906E+00	8.576E-04	3.906E+00	3.906E+00	3.906E+00	3.906E+00	3.905E+00	3.907E+00
1.740E+00	3.884E+00	8.616E-04	3.884E+00	3.884E+00	3.884E+00	3.884E+00	3.883E+00	3.885E+00
1.750E+00	3.862E+00	8.756E-04	3.862E+00	3.862E+00	3.862E+00	3.862E+00	3.861E+00	3.863E+00
1.760E+00	3.840E+00	8.993E-04	3.840E+00	3.839E+00	3.840E+00	3.839E+00	3.839E+00	3.841E+00
1.770E+00	3.818E+00	9.320E-04	3.818E+00	3.817E+00	3.818E+00	3.817E+00	3.817E+00	3.819E+00
1.780E+00	3.796E+00	9.730E-04	3.796E+00	3.795E+00	3.796E+00	3.795E+00	3.795E+00	3.796E+00
1.790E+00	3.774E+00	1.022E-03	3.774E+00	3.773E+00	3.774E+00	3.773E+00	3.773E+00	3.775E+00
1.800E+00	3.752E+00	1.077E-03	3.752E+00	3.751E+00	3.752E+00	3.752E+00	3.751E+00	3.753E+00
1.810E+00	3.730E+00	1.137E-03	3.731E+00	3.729E+00	3.730E+00	3.730E+00	3.729E+00	3.731E+00
1.820E+00	3.708E+00	1.203E-03	3.709E+00	3.707E+00	3.708E+00	3.708E+00	3.707E+00	3.709E+00
1.830E+00	3.686E+00	1.273E-03	3.687E+00	3.685E+00	3.686E+00	3.686E+00	3.685E+00	3.687E+00
1.840E+00	3.664E+00	1.347E-03	3.665E+00	3.663E+00	3.664E+00	3.664E+00	3.663E+00	3.665E+00
1.850E+00	3.642E+00	1.424E-03	3.644E+00	3.641E+00	3.643E+00	3.642E+00	3.642E+00	3.643E+00
1.860E+00	3.621E+00	1.503E-03	3.622E+00	3.620E+00	3.621E+00	3.621E+00	3.620E+00	3.622E+00
1.870E+00	3.599E+00	1.585E-03	3.600E+00	3.598E+00	3.599E+00	3.599E+00	3.598E+00	3.600E+00
1.880E+00	3.577E+00	1.669E-03	3.579E+00	3.576E+00	3.577E+00	3.577E+00	3.576E+00	3.578E+00
1.890E+00	3.556E+00	1.755E-03	3.557E+00	3.554E+00	3.556E+00	3.556E+00	3.555E+00	3.557E+00
1.900E+00	3.534E+00	1.843E-03	3.536E+00	3.532E+00	3.534E+00	3.534E+00	3.533E+00	3.535E+00
1.910E+00	3.513E+00	1.931E-03	3.514E+00	3.511E+00	3.513E+00	3.513E+00	3.512E+00	3.513E+00
1.920E+00	3.491E+00	2.022E-03	3.493E+00	3.489E+00	3.491E+00	3.491E+00	3.490E+00	3.492E+00
1.930E+00	3.470E+00	2.113E-03	3.472E+00	3.468E+00	3.470E+00	3.470E+00	3.469E+00	3.470E+00
1.940E+00	3.448E+00	2.205E-03	3.450E+00	3.446E+00	3.448E+00	3.448E+00	3.447E+00	3.449E+00
1.950E+00	3.427E+00	2.298E-03	3.429E+00	3.425E+00	3.427E+00	3.427E+00	3.426E+00	3.428E+00
1.960E+00	3.405E+00	2.391E-03	3.408E+00	3.403E+00	3.405E+00	3.405E+00	3.405E+00	3.406E+00
1.970E+00	3.384E+00	2.486E-03	3.386E+00	3.382E+00	3.384E+00	3.384E+00	3.383E+00	3.385E+00
1.980E+00	3.363E+00	2.581E-03	3.365E+00	3.360E+00	3.363E+00	3.363E+00	3.362E+00	3.364E+00
1.990E+00	3.342E+00	2.676E-03	3.344E+00	3.339E+00	3.342E+00	3.342E+00	3.341E+00	3.342E+00
2.000E+00	3.320E+00	2.772E-03	3.323E+00	3.318E+00	3.320E+00	3.321E+00	3.320E+00	3.321E+00
2.010E+00	3.299E+00	2.868E-03	3.302E+00	3.297E+00	3.299E+00	3.300E+00	3.299E+00	3.300E+00
2.020E+00	3.278E+00	2.965E-03	3.281E+00	3.276E+00	3.278E+00	3.278E+00	3.277E+00	3.279E+00
2.030E+00	3.257E+00	3.062E-03	3.260E+00	3.254E+00	3.257E+00	3.258E+00	3.256E+00	3.258E+00
2.040E+00	3.236E+00	3.159E-03	3.239E+00	3.233E+00	3.236E+00	3.237E+00	3.236E+00	3.237E+00
2.050E+00	3.215E+00	3.256E-03	3.219E+00	3.212E+00	3.215E+00	3.216E+00	3.215E+00	3.216E+00
2.060E+00	3.195E+00	3.354E-03	3.198E+00	3.191E+00	3.194E+00	3.195E+00	3.194E+00	3.196E+00
2.070E+00	3.174E+00	3.452E-03	3.177E+00	3.171E+00	3.174E+00	3.174E+00	3.173E+00	3.175E+00
2.080E+00	3.153E+00	3.549E-03	3.157E+00	3.150E+00	3.153E+00	3.153E+00	3.152E+00	3.154E+00
2.090E+00	3.132E+00	3.647E-03	3.136E+00	3.129E+00	3.132E+00	3.133E+00	3.132E+00	3.133E+00
2.100E+00	3.112E+00	3.745E-03	3.116E+00	3.108E+00	3.112E+00	3.112E+00	3.111E+00	3.113E+00
2.110E+00	3.091E+00	3.843E-03	3.095E+00	3.088E+00	3.091E+00	3.092E+00	3.090E+00	3.092E+00
2.120E+00	3.071E+00	3.941E-03	3.075E+00	3.067E+00	3.070E+00	3.071E+00	3.070E+00	3.072E+00
2.130E+00	3.050E+00	4.039E-03	3.054E+00	3.046E+00	3.050E+00	3.051E+00	3.049E+00	3.051E+00
2.140E+00	3.030E+00	4.136E-03	3.034E+00	3.026E+00	3.030E+00	3.030E+00	3.029E+00	3.031E+00
2.150E+00	3.010E+00	4.234E-03	3.014E+00	3.006E+00	3.009E+00	3.010E+00	3.009E+00	3.011E+00
2.160E+00	2.989E+00	4.331E-03	2.994E+00	2.985E+00	2.989E+00	2.990E+00	2.989E+00	2.990E+00
2.170E+00	2.969E+00	4.429E-03	2.974E+00	2.965E+00	2.969E+00	2.970E+00	2.968E+00	2.970E+00
2.180E+00	2.949E+00	4.526E-03	2.954E+00	2.945E+00	2.949E+00	2.949E+00	2.948E+00	2.950E+00
2.190E+00	2.929E+00	4.623E-03	2.934E+00	2.925E+00	2.929E+00	2.929E+00	2.928E+00	2.930E+00
2.200E+00	2.909E+00	4.719E-03	2.914E+00	2.904E+00	2.909E+00	2.909E+00	2.908E+00	2.910E+00
2.210E+00	2.889E+00	4.816E-03	2.894E+00	2.884E+00	2.889E+00	2.890E+00	2.888E+00	2.890E+00
2.220E+00	2.869E+00	4.912E-03	2.874E+00	2.864E+00	2.869E+00	2.870E+00	2.868E+00	2.870E+00
2.230E+00	2.849E+00	5.008E-03	2.854E+00	2.845E+00	2.849E+00	2.850E+00	2.848E+00	2.850E+00
2.240E+00	2.830E+00	5.103E-03	2.835E+00	2.825E+00	2.829E+00	2.830E+00	2.829E+00	2.831E+00
2.250E+00	2.810E+00	5.198E-03	2.815E+00	2.805E+00	2.809E+00	2.810E+00	2.809E+00	2.811E+00
2.260E+00	2.790E+00	5.293E-03	2.796E+00	2.785E+00	2.790E+00	2.791E+00	2.789E+00	2.791E+00
2.270E+00	2.771E+00	5.388E-03	2.776E+00	2.766E+00	2.770E+00	2.771E+00	2.770E+00	2.772E+00
2.280E+00	2.751E+00	5.482E-03	2.757E+00	2.746E+00	2.751E+00	2.752E+00	2.750E+00	2.752E+00
2.290E+00	2.732E+00	5.576E-03	2.737E+00	2.727E+00	2.731E+00	2.732E+00	2.731E+00	2.733E+00
2.300E+00	2.713E+00	5.669E-03	2.718E+00	2.707E+00	2.712E+00	2.713E+00	2.712E+00	2.713E+00
2.310E+00	2.693E+00	5.762E-03	2.699E+00	2.688E+00	2.693E+00	2.694E+00	2.692E+00	2.694E+00
2.320E+00	2.674E+00	5.854E-03	2.680E+00	2.668E+00	2.674E+00	2.675E+00	2.673E+00	2.675E+00
2.330E+00	2.655E+00	5.946E-03	2.661E+00	2.649E+00	2.654E+00	2.656E+00	2.654E+00	2.656E+00
2.340E+00	2.636E+00	6.038E-03	2.642E+00	2.630E+00	2.635E+00	2.637E+00	2.635E+00	2.637E+00
2.350E+00	2.617E+00	6.129E-03	2.623E+00	2.611E+00	2.616E+00	2.618E+00	2.616E+00	2.618E+00
2.360E+00	2.598E+00	6.219E-03	2.604E+00	2.592E+00	2.597E+00	2.599E+00	2.597E+00	2.599E+00
2.370E+00	2.579E+00	6.309E-03	2.586E+00	2.573E+00	2.579E+00	2.580E+00	2.578E+00	2.580E+00
2.380E+00	2.560E+00	6.399E-03	2.567E+00	2.554E+00	2.560E+00	2.561E+00	2.560E+00	2.561E+00
2.390E+00	2.542E+00	6.488E-03	2.548E+00	2.535E+00	2.541E+00	2.542E+00	2.541E+00	2.543E+00
2.400E+00	2.523E+00	6.576E-03	2.530E+00	2.517E+00	2.523E+00	2.524E+00	2.522E+00	2.524E+00
2.410E+00	2.505E+00	6.664E-03	2.511E+00	2.498E+00	2.504E+00	2.505E+00	2.504E+00	2.506E+00
2.420E+00	2.486E+00	6.751E-03	2.493E+00	2.480E+00	2.486E+00	2.487E+00	2.485E+00	2.487E+00
2.430E+00	2.468E+00	6.838E-03	2.475E+00	2.461E+00	2.467E+00	2.468E+00	2.467E+00	2.469E+00
2.440E+00	2.450E+00	6.923E-03	2.456E+00	2.443E+00	2.449E+00	2.450E+00	2.449E+00	2.450E+00
2.450E+00	2.431E+00	7.009E-03	2.438E+00	2.424E+00	2.431E+00	2.432E+00	2.430E+00	2.432E+00
2.460E+00	2.413E+00	7.093E-03	2.420E+00	2.406E+00	2.412E+00	2.414E+00	2.412E+00	2.414E+00
2.470E+00	2.395E+00	7.177E-03	2.402E+00	2.388E+00	2.394E+00	2.396E+00	2.394E+00	2.396E+00
2.480E+00	2.377E+00	7.261E-03	2.384E+00	2.370E+00	2.376E+00	2.378E+00	2.376E+00	2.378E+00
2.490E+00	2.359E+00	7.343E-03	2.366E+00	2.352E+00	2.358E+00	2.360E+00	2.358E+00	2.360E+00
2.500E+00	2.341E+00	7.425E-03	2.349E+00	2.334E+00	2.341E+00	2.342E+00	2.340E+00	2.342E+00
2.510E+00	2.324E+00	7.507E-03	2.331E+00	2.316E+00	2.323E+00	2.324E+00	2.323E+00	2.324E+00
2.520E+00	2.306E+00	7.587E-03	2.313E+00	2.298E+00	2.305E+00	2.307E+00	2.305E+00	2.307E+00
2.530E+00	2.288E+00	7.667E-03	2.296E+00	2.281E+00	2.287E+00	2.289E+00	2.287E+00	2.289E+00
2.540E+00	2.271E+00	7.746E-03	2.278E+00	2.263E+00	2.270E+00	2.271E+00	2.270E+00	2.272E+00
2.550E+00	2.253E+00	7.825E-03	2.261E+00	2.246E+00	2.252E+00	2.254E+00	2.252E+00	2.254E+00
2.560E+00	2.236E+00	7.902E-03	2.244E+00	2.228E+00	2.235E+00	2.237E+00	2.235E+00	2.237E+00
2.570E+00	2.219E+00	7.979E-03	2.227E+00	2.211E+00	2.218E+00	2.219E+00	2.218E+00	2.219E+00
2.580E+00	2.201E+00	8.055E-03	2.209E+00	2.193E+00	2.201E+00	2.202E+00	2.200E+00	2.202E+00
2.590E+00	2.184E+00	8.131E-03	2.192E+00	2.176E+00	2.183E+00	2.185E+00	2.183E+00	2.185E+00
2.600E+00	2.167E+00	8.205E-03	2.175E+00	2.159E+00	2.166E+00	2.168E+00	2.166E+00	2.168E+00
2.610E+00	2.150E+00	8.279E-03	2.158E+00	2.142E+00	2.149E+00	2.151E+00	2.149E+00	2.151E+00
2.620E+00	2.133E+00	8.352E-03	2.142E+00	2.125E+00	2.132E+00	2.134E+00	2.132E+00	2.134E+00
2.630E+00	2.117E+00	8.424E-03	2.125E+00	2.108E+00	2.116E+00	2.117E+00	2.116E+00	2.117E+00
2.640E+00	2.100E+00	8.496E-03	2.108E+00	2.091E+00	2.099E+00	2.101E+00	2.099E+00	2.101E+00
2.650E+00	2.083E+00	8.566E-03	2.092E+00	2.075E+00	2.082E+00	2.084E+00	2.082E+00	2.084E+00
2.660E+00	2.067E+00	8.636E-03	2.075E+00	2.058E+00	2.066E+00	2.067E+00	2.066E+00	2.067E+00
2.670E+00	2.050E+00	8.705E-03	2.059E+00	2.042E+00	2.049E+00	2.051E+00	2.049E+00	2.051E+00
2.680E+00	2.034E+00	8.773E-03	2.042E+00	2.025E+00	2.033E+00	2.035E+00	2.033E+00	2.035E+00
2.690E+00	2.017E+00	8.840E-03	2.026E+00	2.009E+00	2.017E+00	2.018E+00	2.017E+00	2.018E+00
2.700E+00	2.001E+00	8.906E-03	2.010E+00	1.992E+00	2.000E+00	2.002E+00	2.000E+00	2.002E+00
2.710E+00	1.985E+00	8.972E-03	1.994E+00	1.976E+00	1.984E+00	1.986E+00	1.984E+00	1.986E+00
2.720E+00	1.969E+00	9.037E-03	1.978E+00	1.960E+00	1.968E+00	1.970E+00	1.968E+00	1.970E+00
2.730E+00	1.953E+00	9.100E-03	1.962E+00	1.944E+00	1.952E+00	1.954E+00	1.952E+00	1.954E+00
2.740E+00	1.937E+00	9.163E-03	1.946E+00	1.928E+00	1.936E+00	1.938E+00	1.936E+00	1.938E+00
2.750E+00	1.921E+00	9.225E-03	1.931E+00	1.912E+00	1.920E+00	1.922E+00	1.920E+00	1.922E+00
2.760E+00	1.906E+00	9.286E-03	1.915E+00	1.896E+00	1.905E+00	1.906E+00	1.905E+00	1.906E+00
2.770E+00	1.890E+00	9.347E-03	1.899E+00	1.881E+00	1.889E+00	1.891E+00	1.889E+00	1.891E+00
2.780E+00	1.874E+00	9.406E-03	1.884E+00	1.865E+00	1.873E+00	1.875E+00	1.874E+00	1.875E+00
2.790E+00	1.859E+00	9.464E-03	1.868E+00	1.850E+00	1.858E+00	1.860E+00	1.858E+00	1.860E+00
2.800E+00	1.843E+00	9.522E-03	1.853E+00	1.834E+00	1.843E+00	1.844E+00	1.843E+00	1.844E+00
2.810E+00	1.828E+00	9.579E-03	1.838E+00	1.819E+00	1.827E+00	1.829E+00	1.827E+00	1.829E+00
2.820E+00	1.813E+00	9.634E-03	1.823E+00	1.803E+00	1.812E+00	1.814E+00	1.812E+00	1.814E+00
2.830E+00	1.798E+00	9.689E-03	1.807E+00	1.788E+00	1.797E+00	1.799E+00	1.797E+00	1.799E+00
2.840E+00	1.783E+00	9.743E-03	1.792E+00	1.773E+00	1.782E+00	1.784E+00	1.782E+00	1.784E+00
2.850E+00	1.768E+00	9.796E-03	1.778E+00	1.758E+00	1.767E+00	1.769E+00	1.767E+00	1.769E+00
2.860E+00	1.753E+00	9.848E-03	1.763E+00	1.743E+00	1.752E+00	1.754E+00	1.752E+00	1.754E+00
2.870E+00	1.738E+00	9.899E-03	1.748E+00	1.728E+00	1.737E+00	1.739E+00	1.737E+00	1.739E+00
2.880E+00	1.723E+00	9.950E-03	1.733E+00	1.714E+00	1.722E+00	1.724E+00	1.723E+00	1.724E+00
2.890E+00	1.709E+00	9.999E-03	1.719E+00	1.699E+00	1.708E+00	1.710E+00	1.708E+00	1.710E+00
2.900E+00	1.694E+00	1.005E-02	1.704E+00	1.684E+00	1.693E+00	1.695E+00	1.693E+00	1.695E+00
2.910E+00	1.680E+00	1.009E-02	1.690E+00	1.670E+00	1.679E+00	1.681E+00	1.679E+00	1.681E+00
2.920E+00	1.665E+00	1.014E-02	1.675E+00	1.655E+00	1.664E+00	1.666E+00	1.665E+00	1.666E+00
2.930E+00	1.651E+00	1.019E-02	1.661E+00	1.641E+00	1.650E+00	1.652E+00	1.650E+00	1.652E+00
2.940E+00	1.637E+00	1.023E-02	1.647E+00	1.627E+00	1.636E+00	1.638E+00	1.636E+00	1.638E+00
2.950E+00	1.623E+00	1.028E-02	1.633E+00	1.613E+00	1.622E+00	1.624E+00	1.622E+00	1.624E+00
2.960E+00	1.609E+00	1.032E-02	1.619E+00	1.598E+00	1.608E+00	1.610E+00	1.608E+00	1.609E+00
2.970E+00	1.595E+00	1.036E-02	1.605E+00	1.584E+00	1.594E+00	1.596E+00	1.594E+00	1.596E+00
2.980E+00	1.581E+00	1.040E-02	1.591E+00	1.571E+00	1.580E+00	1.582E+00	1.580E+00	1.582E+00
2.990E+00	1.567E+00	1.044E-02	1.577E+00	1.557E+00	1.566E+00	1.568E+00	1.566E+00	1.568E+00
3.000E+00	1.553E+00	1.048E-02	1.564E+00	1.543E+00	1.552E+00	1.554E+00	1.552E+00	1.554E+00
