1.000E-02	6.970E+00	3.505E-04	6.970E+00	6.970E+00	6.970E+00	6.970E+00	6.970E+00	6.970E+00
2.000E-02	6.969E+00	3.488E-04	6.969E+00	6.969E+00	6.969E+00	6.969E+00	6.969E+00	6.969E+00
3.000E-02	6.968E+00	3.465E-04	6.968E+00	6.968E+00	6.968E+00	6.968E+00	6.968E+00	6.968E+00
4.000E-02	6.966E+00	3.438E-04	6.966E+00	6.966E+00	6.966E+00	6.966E+00	6.966E+00	6.966E+00
5.000E-02	6.964E+00	3.407E-04	6.964E+00	6.963E+00	6.964E+00	6.963E+00	6.964E+00	6.964E+00
6.000E-02	6.961E+00	3.373E-04	6.961E+00	6.961E+00	6.961E+00	6.961E+00	6.961E+00	6.961E+00
7.000E-02	6.958E+00	3.336E-04	6.958E+00	6.957E+00	6.958E+00	6.957E+00	6.958E+00	6.958E+00
8.000E-02	6.954E+00	3.297E-04	6.954E+00	6.954E+00	6.954E+00	6.954E+00	6.954E+00	6.954E+00
9.000E-02	6.950E+00	3.256E-04	6.950E+00	6.950E+00	6.950E+00	6.950E+00	6.950E+00	6.950E+00
1.000E-01	6.946E+00	3.214E-04	6.946E+00	6.946E+00	6.946E+00	6.946E+00	6.946E+00	6.946E+00
1.100E-01	6.941E+00	3.171E-04	6.942E+00	6.941E+00	6.942E+00	6.941E+00	6.941E+00	6.941E+00
1.200E-01	6.936E+00	3.126E-04	6.937E+00	6.936E+00	6.937E+00	6.936E+00	6.936E+00	6.936E+00
1.300E-01	6.931E+00	3.081E-04	6.931E+00	6.931E+00	6.931E+00	6.931E+00	6.931E+00	6.931E+00
1.400E-01	6.926E+00	3.035E-04	6.926E+00	6.925E+00	6.926E+00	6.925E+00	6.926E+00	6.926E+00
1.500E-01	6.920E+00	2.988E-04	6.920E+00	6.919E+00	6.920E+00	6.919E+00	6.920E+00	6.920E+00
1.600E-01	6.913E+00	2.941E-04	6.914E+00	6.913E+00	6.914E+00	6.913E+00	6.913E+00	6.913E+00
1.700E-01	6.907E+00	2.894E-04	6.907E+00	6.907E+00	6.907E+00	6.907E+00	6.907E+00	6.907E+00
1.800E-01	6.900E+00	2.847E-04	6.900E+00	6.900E+00	6.900E+00	6.900E+00	6.900E+00	6.900E+00
1.900E-01	6.893E+00	2.800E-04	6.893E+00	6.893E+00	6.893E+00	6.893E+00	6.893E+00	6.893E+00
2.000E-01	6.885E+00	2.753E-04	6.885E+00	6.885E+00	6.886E+00	6.885E+00	6.885E+00	6.885E+00
2.100E-01	6.878E+00	2.707E-04	6.878E+00	6.877E+00	6.878E+00	6.877E+00	6.878E+00	6.878E+00
2.200E-01	6.869E+00	2.662E-04	6.870E+00	6.869E+00	6.870E+00	6.869E+00	6.869E+00	6.869E+00
2.300E-01	6.861E+00	2.617E-04	6.861E+00	6.861E+00	6.861E+00	6.861E+00	6.861E+00	6.861E+00
2.400E-01	6.852E+00	2.573E-04	6.853E+00	6.852E+00	6.853E+00	6.852E+00	6.852E+00	6.853E+00
2.500E-01	6.844E+00	2.530E-04	6.844E+00	6.843E+00	6.844E+00	6.843E+00	6.844E+00	6.844E+00
2.600E-01	6.834E+00	2.488E-04	6.834E+00	6.834E+00	6.835E+00	6.834E+00	6.834E+00	6.834E+00
2.700E-01	6.825E+00	2.447E-04	6.825E+00	6.825E+00	6.825E+00	6.825E+00	6.825E+00	6.825E+00
2.800E-01	6.815E+00	2.408E-04	6.815E+00	6.815E+00	6.815E+00	6.815E+00	6.815E+00	6.815E+00
2.900E-01	6.805E+00	2.370E-04	6.805E+00	6.805E+00	6.805E+00	6.805E+00	6.805E+00	6.805E+00
3.000E-01	6.795E+00	2.334E-04	6.795E+00	6.795E+00	6.795E+00	6.795E+00	6.795E+00	6.795E+00
3.100E-01	6.784E+00	2.299E-04	6.784E+00	6.784E+00	6.785E+00	6.784E+00	6.784E+00	6.784E+00
3.200E-01	6.774E+00	2.266E-04	6.774E+00	6.773E+00	6.774E+00	6.773E+00	6.774E+00	6.774E+00
3.300E-01	6.762E+00	2.235E-04	6.763E+00	6.762E+00	6.763E+00	6.762E+00	6.762E+00	6.762E+00
3.400E-01	6.751E+00	2.206E-04	6.751E+00	6.751E+00	6.751E+00	6.751E+00	6.751E+00	6.751E+00
3.500E-01	6.740E+00	2.178E-04	6.740E+00	6.740E+00	6.740E+00	6.739E+00	6.740E+00	6.740E+00
3.600E-01	6.728E+00	2.153E-04	6.728E+00	6.728E+00	6.728E+00	6.728E+00	6.728E+00	6.728E+00
3.700E-01	6.716E+00	2.130E-04	6.716E+00	6.716E+00	6.716E+00	6.716E+00	6.716E+00	6.716E+00
3.800E-01	6.703E+00	2.108E-04	6.703E+00	6.703E+00	6.704E+00	6.703E+00	6.703E+00	6.703E+00
3.900E-01	6.691E+00	2.089E-04	6.691E+00	6.691E+00	6.691E+00	6.691E+00	6.691E+00	6.691E+00
4.000E-01	6.678E+00	2.072E-04	6.678E+00	6.678E+00	6.678E+00	6.678E+00	6.678E+00	6.678E+00
4.100E-01	6.665E+00	2.058E-04	6.665E+00	6.665E+00	6.665E+00	6.665E+00	6.665E+00	6.665E+00
4.200E-01	6.652E+00	2.045E-04	6.652E+00	6.652E+00	6.652E+00	6.652E+00	6.652E+00	6.652E+00
4.300E-01	6.638E+00	2.035E-04	6.638E+00	6.639E+00	6.639E+00	6.638E+00	6.638E+00	6.639E+00
4.400E-01	6.625E+00	2.026E-04	6.625E+00	6.625E+00	6.625E+00	6.625E+00	6.625E+00	6.625E+00
4.500E-01	6.611E+00	2.020E-04	6.611E+00	6.611E+00	6.611E+00	6.611E+00	6.611E+00	6.611E+00
4.600E-01	6.597E+00	2.016E-04	6.597E+00	6.597E+00	6.597E+00	6.597E+00	6.597E+00	6.597E+00
4.700E-01	6.582E+00	2.014E-04	6.582E+00	6.582E+00	6.583E+00	6.582E+00	6.582E+00	6.582E+00
4.800E-01	6.568E+00	2.014E-04	6.568E+00	6.568E+00	6.568E+00	6.568E+00	6.568E+00	6.568E+00
4.900E-01	6.553E+00	2.015E-04	6.553E+00	6.553E+00	6.553E+00	6.553E+00	6.553E+00	6.553E+00
5.000E-01	6.538E+00	2.019E-04	6.538E+00	6.538E+00	6.538E+00	6.538E+00	6.538E+00	6.538E+00
5.100E-01	6.523E+00	2.023E-04	6.523E+00	6.523E+00	6.523E+00	6.523E+00	6.523E+00	6.523E+00
5.200E-01	6.508E+00	2.030E-04	6.508E+00	6.508E+00	6.508E+00	6.507E+00	6.508E+00	6.508E+00
5.300E-01	6.492E+00	2.038E-04	6.492E+00	6.492E+00	6.492E+00	6.492E+00	6.492E+00	6.492E+00
5.400E-01	6.476E+00	2.047E-04	6.476E+00	6.476E+00	6.476E+00	6.476E+00	6.476E+00	6.476E+00
5.500E-01	6.460E+00	2.058E-04	6.460E+00	6.460E+00	6.460E+00	6.460E+00	6.460E+00	6.460E+00
5.600E-01	6.444E+00	2.070E-04	6.444E+00	6.444E+00	6.444E+00	6.444E+00	6.444E+00	6.444E+00
5.700E-01	6.428E+00	2.083E-04	6.428E+00	6.428E+00	6.428E+00	6.428E+00	6.428E+00	6.428E+00
5.800E-01	6.411E+00	2.097E-04	6.411E+00	6.411E+00	6.411E+00	6.411E+00	6.411E+00	6.411E+00
5.900E-01	6.394E+00	2.111E-04	6.394E+00	6.395E+00	6.395E+00	6.394E+00	6.394E+00	6.394E+00
6.000E-01	6.378E+00	2.127E-04	6.377E+00	6.378E+00	6.378E+00	6.377E+00	6.378E+00	6.378E+00
6.100E-01	6.360E+00	2.143E-04	6.360E+00	6.361E+00	6.361E+00	6.360E+00	6.360E+00	6.360E+00
6.200E-01	6.343E+00	2.160E-04	6.343E+00	6.343E+00	6.343E+00	6.343E+00	6.343E+00	6.343E+00
6.300E-01	6.326E+00	2.177E-04	6.326E+00	6.326E+00	6.326E+00	6.326E+00	6.326E+00	6.326E+00
6.400E-01	6.308E+00	2.194E-04	6.308E+00	6.308E+00	6.308E+00	6.308E+00	6.308E+00	6.308E+00
6.500E-01	6.290E+00	2.212E-04	6.290E+00	6.290E+00	6.290E+00	6.290E+00	6.290E+00	6.290E+00
6.600E-01	6.272E+00	2.230E-04	6.272E+00	6.272E+00	6.272E+00	6.272E+00	6.272E+00	6.272E+00
6.700E-01	6.254E+00	2.248E-04	6.254E+00	6.254E+00	6.254E+00	6.254E+00	6.254E+00	6.254E+00
6.800E-01	6.236E+00	2.266E-04	6.236E+00	6.236E+00	6.236E+00	6.236E+00	6.236E+00	6.236E+00
6.900E-01	6.217E+00	2.284E-04	6.217E+00	6.218E+00	6.218E+00	6.217E+00	6.217E+00	6.217E+00
7.000E-01	6.199E+00	2.302E-04	6.199E+00	6.199E+00	6.199E+00	6.199E+00	6.199E+00	6.199E+00
7.100E-01	6.180E+00	2.320E-04	6.180E+00	6.180E+00	6.180E+00	6.180E+00	6.180E+00	6.180E+00
7.200E-01	6.161E+00	2.338E-04	6.161E+00	6.161E+00	6.161E+00	6.161E+00	6.161E+00	6.161E+00
7.300E-01	6.142E+00	2.355E-04	6.142E+00	6.142E+00	6.142E+00	6.142E+00	6.142E+00	6.142E+00
7.400E-01	6.123E+00	2.373E-04	6.123E+00	6.123E+00	6.123E+00	6.123E+00	6.123E+00	6.123E+00
7.500E-01	6.103E+00	2.389E-04	6.103E+00	6.104E+00	6.103E+00	6.103E+00	6.103E+00	6.103E+00
7.600E-01	6.084E+00	2.405E-04	6.084E+00	6.084E+00	6.084E+00	6.084E+00	6.084E+00	6.084E+00
7.700E-01	6.064E+00	2.421E-04	6.064E+00	6.064E+00	6.064E+00	6.064E+00	6.064E+00	6.064E+00
7.800E-01	6.044E+00	2.436E-04	6.044E+00	6.044E+00	6.044E+00	6.044E+00	6.044E+00	6.044E+00
7.900E-01	6.024E+00	2.451E-04	6.024E+00	6.025E+00	6.024E+00	6.024E+00	6.024E+00	6.024E+00
8.000E-01	6.004E+00	2.465E-04	6.004E+00	6.004E+00	6.004E+00	6.004E+00	6.004E+00	6.004E+00
8.100E-01	5.984E+00	2.479E-04	5.984E+00	5.984E+00	5.984E+00	5.984E+00	5.984E+00	5.984E+00
8.200E-01	5.964E+00	2.492E-04	5.963E+00	5.964E+00	5.964E+00	5.964E+00	5.964E+00	5.964E+00
8.300E-01	5.943E+00	2.504E-04	5.943E+00	5.943E+00	5.943E+00	5.943E+00	5.943E+00	5.943E+00
8.400E-01	5.923E+00	2.515E-04	5.922E+00	5.923E+00	5.923E+00	5.922E+00	5.923E+00	5.923E+00
8.500E-01	5.902E+00	2.526E-04	5.902E+00	5.902E+00	5.902E+00	5.902E+00	5.902E+00	5.902E+00
8.600E-01	5.881E+00	2.536E-04	5.881E+00	5.881E+00	5.881E+00	5.881E+00	5.881E+00	5.881E+00
8.700E-01	5.860E+00	2.545E-04	5.860E+00	5.860E+00	5.860E+00	5.860E+00	5.860E+00	5.860E+00
8.800E-01	5.839E+00	2.553E-04	5.839E+00	5.839E+00	5.839E+00	5.839E+00	5.839E+00	5.839E+00
8.900E-01	5.818E+00	2.560E-04	5.817E+00	5.818E+00	5.818E+00	5.818E+00	5.818E+00	5.818E+00
9.000E-01	5.796E+00	2.567E-04	5.796E+00	5.797E+00	5.796E+00	5.796E+00	5.796E+00	5.796E+00
9.100E-01	5.775E+00	2.573E-04	5.775E+00	5.775E+00	5.775E+00	5.775E+00	5.775E+00	5.775E+00
9.200E-01	5.753E+00	2.578E-04	5.753E+00	5.754E+00	5.753E+00	5.753E+00	5.753E+00	5.753E+00
9.300E-01	5.732E+00	2.582E-04	5.731E+00	5.732E+00	5.732E+00	5.732E+00	5.732E+00	5.732E+00
9.400E-01	5.710E+00	2.585E-04	5.710E+00	5.710E+00	5.710E+00	5.710E+00	5.710E+00	5.710E+00
9.500E-01	5.688E+00	2.587E-04	5.688E+00	5.688E+00	5.688E+00	5.688E+00	5.688E+00	5.688E+00
9.600E-01	5.666E+00	2.588E-04	5.666E+00	5.666E+00	5.666E+00	5.666E+00	5.666E+00	5.666E+00
9.700E-01	5.644E+00	2.588E-04	5.644E+00	5.644E+00	5.644E+00	5.644E+00	5.644E+00	5.644E+00
9.800E-01	5.622E+00	2.588E-04	5.622E+00	5.622E+00	5.622E+00	5.622E+00	5.622E+00	5.622E+00
9.900E-01	5.600E+00	2.586E-04	5.599E+00	5.600E+00	5.600E+00	5.599E+00	5.600E+00	5.600E+00
1.000E+00	5.577E+00	2.583E-04	5.577E+00	5.578E+00	5.577E+00	5.577E+00	5.577E+00	5.577E+00
1.010E+00	5.555E+00	2.580E-04	5.555E+00	5.555E+00	5.555E+00	5.555E+00	5.555E+00	5.555E+00
1.020E+00	5.532E+00	2.575E-04	5.532E+00	5.533E+00	5.532E+00	5.532E+00	5.532E+00	5.532E+00
1.030E+00	5.510E+00	2.570E-04	5.509E+00	5.510E+00	5.510E+00	5.510E+00	5.510E+00	5.510E+00
1.040E+00	5.487E+00	2.563E-04	5.487E+00	5.487E+00	5.487E+00	5.487E+00	5.487E+00	5.487E+00
1.050E+00	5.464E+00	2.556E-04	5.464E+00	5.464E+00	5.464E+00	5.464E+00	5.464E+00	5.464E+00
1.060E+00	5.441E+00	2.548E-04	5.441E+00	5.442E+00	5.442E+00	5.441E+00	5.441E+00	5.441E+00
1.070E+00	5.418E+00	2.538E-04	5.418E+00	5.419E+00	5.419E+00	5.418E+00	5.418E+00	5.419E+00
1.080E+00	5.396E+00	2.528E-04	5.395E+00	5.396E+00	5.396E+00	5.395E+00	5.395E+00	5.396E+00
1.090E+00	5.372E+00	2.517E-04	5.372E+00	5.373E+00	5.373E+00	5.372E+00	5.372E+00	5.372E+00
1.100E+00	5.349E+00	2.505E-04	5.349E+00	5.350E+00	5.349E+00	5.349E+00	5.349E+00	5.349E+00
1.110E+00	5.326E+00	2.492E-04	5.326E+00	5.326E+00	5.326E+00	5.326E+00	5.326E+00	5.326E+00
1.120E+00	5.303E+00	2.477E-04	5.303E+00	5.303E+00	5.303E+00	5.303E+00	5.303E+00	5.303E+00
1.130E+00	5.279E+00	2.462E-04	5.279E+00	5.280E+00	5.280E+00	5.279E+00	5.279E+00	5.280E+00
1.140E+00	5.256E+00	2.446E-04	5.256E+00	5.256E+00	5.256E+00	5.256E+00	5.256E+00	5.256E+00
1.150E+00	5.233E+00	2.429E-04	5.232E+00	5.233E+00	5.233E+00	5.233E+00	5.233E+00	5.233E+00
1.160E+00	5.209E+00	2.412E-04	5.209E+00	5.209E+00	5.209E+00	5.209E+00	5.209E+00	5.209E+00
1.170E+00	5.186E+00	2.393E-04	5.185E+00	5.186E+00	5.186E+00	5.185E+00	5.185E+00	5.186E+00
1.180E+00	5.162E+00	2.373E-04	5.162E+00	5.162E+00	5.162E+00	5.162E+00	5.162E+00	5.162E+00
1.190E+00	5.138E+00	2.353E-04	5.138E+00	5.138E+00	5.138E+00	5.138E+00	5.138E+00	5.138E+00
1.200E+00	5.114E+00	2.331E-04	5.114E+00	5.115E+00	5.115E+00	5.114E+00	5.114E+00	5.115E+00
1.210E+00	5.091E+00	2.309E-04	5.091E+00	5.091E+00	5.091E+00	5.091E+00	5.091E+00	5.091E+00
1.220E+00	5.067E+00	2.285E-04	5.067E+00	5.067E+00	5.067E+00	5.067E+00	5.067E+00	5.067E+00
1.230E+00	5.043E+00	2.261E-04	5.043E+00	5.043E+00	5.043E+00	5.043E+00	5.043E+00	5.043E+00
1.240E+00	5.019E+00	2.236E-04	5.019E+00	5.019E+00	5.019E+00	5.019E+00	5.019E+00	5.019E+00
1.250E+00	4.995E+00	2.210E-04	4.995E+00	4.995E+00	4.995E+00	4.995E+00	4.995E+00	4.995E+00
1.260E+00	4.971E+00	2.183E-04	4.971E+00	4.971E+00	4.971E+00	4.971E+00	4.971E+00	4.971E+00
1.270E+00	4.947E+00	2.156E-04	4.947E+00	4.947E+00	4.947E+00	4.947E+00	4.947E+00	4.947E+00
1.280E+00	4.923E+00	2.127E-04	4.923E+00	4.923E+00	4.923E+00	4.923E+00	4.923E+00	4.923E+00
1.290E+00	4.899E+00	2.098E-04	4.899E+00	4.899E+00	4.899E+00	4.899E+00	4.899E+00	4.899E+00
1.300E+00	4.875E+00	2.068E-04	4.875E+00	4.875E+00	4.875E+00	4.875E+00	4.875E+00	4.875E+00
1.310E+00	4.851E+00	2.037E-04	4.851E+00	4.851E+00	4.851E+00	4.851E+00	4.851E+00	4.851E+00
1.320E+00	4.827E+00	2.006E-04	4.826E+00	4.827E+00	4.827E+00	4.826E+00	4.827E+00	4.827E+00
1.330E+00	4.802E+00	1.973E-04	4.802E+00	4.803E+00	4.802E+00	4.802E+00	4.802E+00	4.802E+00
1.340E+00	4.778E+00	1.940E-04	4.778E+00	4.778E+00	4.778E+00	4.778E+00	4.778E+00	4.778E+00
1.350E+00	4.754E+00	1.906E-04	4.754E+00	4.754E+00	4.754E+00	4.754E+00	4.754E+00	4.754E+00
1.360E+00	4.730E+00	1.872E-04	4.729E+00	4.730E+00	4.730E+00	4.730E+00	4.730E+00	4.730E+00
1.370E+00	4.705E+00	1.836E-04	4.705E+00	4.705E+00	4.705E+00	4.705E+00	4.705E+00	4.705E+00
1.380E+00	4.681E+00	1.801E-04	4.681E+00	4.681E+00	4.681E+00	4.681E+00	4.681E+00	4.681E+00
1.390E+00	4.657E+00	1.764E-04	4.657E+00	4.657E+00	4.657E+00	4.657E+00	4.657E+00	4.657E+00
1.400E+00	4.632E+00	1.727E-04	4.632E+00	4.633E+00	4.632E+00	4.632E+00	4.632E+00	4.632E+00
1.410E+00	4.608E+00	1.689E-04	4.608E+00	4.608E+00	4.608E+00	4.608E+00	4.608E+00	4.608E+00
1.420E+00	4.584E+00	1.650E-04	4.584E+00	4.584E+00	4.584E+00	4.584E+00	4.584E+00	4.584E+00
1.430E+00	4.559E+00	1.611E-04	4.559E+00	4.559E+00	4.559E+00	4.559E+00	4.559E+00	4.559E+00
1.440E+00	4.535E+00	1.571E-04	4.535E+00	4.535E+00	4.535E+00	4.535E+00	4.535E+00	4.535E+00
1.450E+00	4.511E+00	1.531E-04	4.510E+00	4.511E+00	4.511E+00	4.511E+00	4.511E+00	4.511E+00
1.460E+00	4.486E+00	1.490E-04	4.486E+00	4.486E+00	4.486E+00	4.486E+00	4.486E+00	4.486E+00
1.470E+00	4.462E+00	1.449E-04	4.462E+00	4.462E+00	4.462E+00	4.462E+00	4.462E+00	4.462E+00
1.480E+00	4.437E+00	1.407E-04	4.437E+00	4.438E+00	4.437E+00	4.437E+00	4.437E+00	4.437E+00
1.490E+00	4.413E+00	1.365E-04	4.413E+00	4.413E+00	4.413E+00	4.413E+00	4.413E+00	4.413E+00
1.500E+00	4.389E+00	1.323E-04	4.389E+00	4.389E+00	4.389E+00	4.389E+00	4.389E+00	4.389E+00
1.510E+00	4.364E+00	1.280E-04	4.364E+00	4.364E+00	4.364E+00	4.364E+00	4.364E+00	4.364E+00
1.520E+00	4.340E+00	1.237E-04	4.340E+00	4.340E+00	4.340E+00	4.340E+00	4.340E+00	4.340E+00
1.530E+00	4.316E+00	1.193E-04	4.316E+00	4.316E+00	4.316E+00	4.316E+00	4.316E+00	4.316E+00
1.540E+00	4.291E+00	1.149E-04	4.291E+00	4.291E+00	4.291E+00	4.291E+00	4.291E+00	4.291E+00
1.550E+00	4.267E+00	1.105E-04	4.267E+00	4.267E+00	4.267E+00	4.267E+00	4.267E+00	4.267E+00
1.560E+00	4.243E+00	1.061E-04	4.243E+00	4.243E+00	4.243E+00	4.243E+00	4.243E+00	4.243E+00
1.570E+00	4.218E+00	1.017E-04	4.218E+00	4.218E+00	4.218E+00	4.218E+00	4.218E+00	4.218E+00
1.580E+00	4.194E+00	9.728E-05	4.194E+00	4.194E+00	4.194E+00	4.194E+00	4.194E+00	4.194E+00
1.590E+00	4.170E+00	9.288E-05	4.170E+00	4.170E+00	4.170E+00	4.170E+00	4.170E+00	4.170E+00
1.600E+00	4.146E+00	8.850E-05	4.145E+00	4.146E+00	4.146E+00	4.146E+00	4.146E+00	4.146E+00
1.610E+00	4.121E+00	8.415E-05	4.121E+00	4.121E+00	4.121E+00	4.121E+00	4.121E+00	4.121E+00
1.620E+00	4.097E+00	7.986E-05	4.097E+00	4.097E+00	4.097E+00	4.097E+00	4.097E+00	4.097E+00
1.630E+00	4.073E+00	7.564E-05	4.073E+00	4.073E+00	4.073E+00	4.073E+00	4.073E+00	4.073E+00
1.640E+00	4.049E+00	7.151E-05	4.049E+00	4.049E+00	4.049E+00	4.049E+00	4.049E+00	4.049E+00
1.650E+00	4.025E+00	6.751E-05	4.025E+00	4.025E+00	4.025E+00	4.025E+00	4.025E+00	4.025E+00
1.660E+00	4.001E+00	6.365E-05	4.001E+00	4.001E+00	4.001E+00	4.001E+00	4.001E+00	4.001E+00
1.670E+00	3.976E+00	6.000E-05	3.976E+00	3.977E+00	3.977E+00	3.976E+00	3.976E+00	3.977E+00
1.680E+00	3.952E+00	5.658E-05	3.952E+00	3.952E+00	3.952E+00	3.952E+00	3.952E+00	3.952E+00
1.690E+00	3.928E+00	5.347E-05	3.928E+00	3.928E+00	3.928E+00	3.928E+00	3.928E+00	3.928E+00
1.700E+00	3.904E+00	5.073E-05	3.904E+00	3.904E+00	3.904E+00	3.904E+00	3.904E+00	3.905E+00
1.710E+00	3.881E+00	4.843E-05	3.881E+00	3.881E+00	3.881E+00	3.881E+00	3.880E+00	3.881E+00
1.720E+00	3.857E+00	4.666E-05	3.857E+00	3.857E+00	3.857E+00	3.857E+00	3.857E+00	3.857E+00
1.730E+00	3.833E+00	4.548E-05	3.833E+00	3.833E+00	3.833E+00	3.833E+00	3.833E+00	3.833E+00
1.740E+00	3.809E+00	4.494E-05	3.809E+00	3.809E+00	3.809E+00	3.809E+00	3.809E+00	3.809E+00
1.750E+00	3.785E+00	4.510E-05	3.785E+00	3.785E+00	3.785E+00	3.785E+00	3.785E+00	3.785E+00
1.760E+00	3.761E+00	4.593E-05	3.761E+00	3.761E+00	3.761E+00	3.761E+00	3.761E+00	3.761E+00
1.770E+00	3.738E+00	4.743E-05	3.738E+00	3.738E+00	3.738E+00	3.738E+00	3.738E+00	3.738E+00
1.780E+00	3.714E+00	4.953E-05	3.714E+00	3.714E+00	3.714E+00	3.714E+00	3.714E+00	3.714E+00
1.790E+00	3.690E+00	5.217E-05	3.690E+00	3.690E+00	3.690E+00	3.690E+00	3.690E+00	3.690E+00
1.800E+00	3.667E+00	5.527E-05	3.667E+00	3.667E+00	3.667E+00	3.667E+00	3.667E+00	3.667E+00
1.810E+00	3.643E+00	5.877E-05	3.643E+00	3.643E+00	3.643E+00	3.643E+00	3.643E+00	3.643E+00
1.820E+00	3.620E+00	6.261E-05	3.620E+00	3.620E+00	3.620E+00	3.620E+00	3.620E+00	3.620E+00
1.830E+00	3.596E+00	6.673E-05	3.596E+00	3.596E+00	3.596E+00	3.596E+00	3.596E+00	3.596E+00
1.840E+00	3.573E+00	7.108E-05	3.573E+00	3.573E+00	3.573E+00	3.573E+00	3.573E+00	3.573E+00
1.850E+00	3.550E+00	7.563E-05	3.550E+00	3.550E+00	3.550E+00	3.550E+00	3.550E+00	3.550E+00
1.860E+00	3.526E+00	8.034E-05	3.526E+00	3.526E+00	3.526E+00	3.526E+00	3.526E+00	3.526E+00
1.870E+00	3.503E+00	8.519E-05	3.503E+00	3.503E+00	3.503E+00	3.503E+00	3.503E+00	3.503E+00
1.880E+00	3.480E+00	9.016E-05	3.480E+00	3.480E+00	3.480E+00	3.480E+00	3.480E+00	3.480E+00
1.890E+00	3.457E+00	9.522E-05	3.457E+00	3.457E+00	3.457E+00	3.457E+00	3.457E+00	3.457E+00
1.900E+00	3.434E+00	1.004E-04	3.434E+00	3.434E+00	3.434E+00	3.434E+00	3.434E+00	3.434E+00
1.910E+00	3.411E+00	1.056E-04	3.411E+00	3.411E+00	3.411E+00	3.411E+00	3.411E+00	3.411E+00
1.920E+00	3.388E+00	1.109E-04	3.388E+00	3.388E+00	3.388E+00	3.388E+00	3.388E+00	3.388E+00
1.930E+00	3.365E+00	1.162E-04	3.365E+00	3.365E+00	3.365E+00	3.365E+00	3.365E+00	3.365E+00
1.940E+00	3.342E+00	1.216E-04	3.342E+00	3.342E+00	3.342E+00	3.342E+00	3.342E+00	3.342E+00
1.950E+00	3.319E+00	1.270E-04	3.319E+00	3.319E+00	3.319E+00	3.319E+00	3.319E+00	3.319E+00
1.960E+00	3.297E+00	1.324E-04	3.297E+00	3.297E+00	3.297E+00	3.297E+00	3.297E+00	3.297E+00
1.970E+00	3.274E+00	1.379E-04	3.274E+00	3.274E+00	3.274E+00	3.274E+00	3.274E+00	3.274E+00
1.980E+00	3.251E+00	1.434E-04	3.252E+00	3.251E+00	3.251E+00	3.251E+00	3.251E+00	3.251E+00
1.990E+00	3.229E+00	1.489E-04	3.229E+00	3.229E+00	3.229E+00	3.229E+00	3.229E+00	3.229E+00
2.000E+00	3.206E+00	1.545E-04	3.207E+00	3.206E+00	3.206E+00	3.206E+00	3.206E+00	3.207E+00
2.010E+00	3.184E+00	1.600E-04	3.184E+00	3.184E+00	3.184E+00	3.184E+00	3.184E+00	3.184E+00
2.020E+00	3.162E+00	1.655E-04	3.162E+00	3.162E+00	3.162E+00	3.162E+00	3.162E+00	3.162E+00
2.030E+00	3.140E+00	1.711E-04	3.140E+00	3.139E+00	3.140E+00	3.140E+00	3.139E+00	3.140E+00
2.040E+00	3.117E+00	1.767E-04	3.118E+00	3.117E+00	3.117E+00	3.117E+00	3.117E+00	3.117E+00
2.050E+00	3.095E+00	1.822E-04	3.095E+00	3.095E+00	3.095E+00	3.095E+00	3.095E+00	3.095E+00
2.060E+00	3.073E+00	1.878E-04	3.073E+00	3.073E+00	3.073E+00	3.073E+00	3.073E+00	3.073E+00
2.070E+00	3.051E+00	1.933E-04	3.051E+00	3.051E+00	3.051E+00	3.051E+00	3.051E+00	3.051E+00
2.080E+00	3.029E+00	1.989E-04	3.030E+00	3.029E+00	3.029E+00	3.029E+00	3.029E+00	3.029E+00
2.090E+00	3.008E+00	2.044E-04	3.008E+00	3.007E+00	3.008E+00	3.008E+00	3.008E+00	3.008E+00
2.100E+00	2.986E+00	2.099E-04	2.986E+00	2.986E+00	2.986E+00	2.986E+00	2.986E+00	2.986E+00
2.110E+00	2.964E+00	2.155E-04	2.964E+00	2.964E+00	2.964E+00	2.964E+00	2.964E+00	2.964E+00
2.120E+00	2.943E+00	2.210E-04	2.943E+00	2.942E+00	2.943E+00	2.943E+00	2.943E+00	2.943E+00
2.130E+00	2.921E+00	2.265E-04	2.921E+00	2.921E+00	2.921E+00	2.921E+00	2.921E+00	2.921E+00
2.140E+00	2.900E+00	2.319E-04	2.900E+00	2.899E+00	2.900E+00	2.900E+00	2.900E+00	2.900E+00
2.150E+00	2.878E+00	2.374E-04	2.879E+00	2.878E+00	2.878E+00	2.878E+00	2.878E+00	2.878E+00
2.160E+00	2.857E+00	2.428E-04	2.857E+00	2.857E+00	2.857E+00	2.857E+00	2.857E+00	2.857E+00
2.170E+00	2.836E+00	2.482E-04	2.836E+00	2.836E+00	2.836E+00	2.836E+00	2.836E+00	2.836E+00
2.180E+00	2.815E+00	2.537E-04	2.815E+00	2.814E+00	2.815E+00	2.815E+00	2.815E+00	2.815E+00
2.190E+00	2.794E+00	2.590E-04	2.794E+00	2.793E+00	2.794E+00	2.794E+00	2.794E+00	2.794E+00
2.200E+00	2.773E+00	2.644E-04	2.773E+00	2.772E+00	2.773E+00	2.773E+00	2.773E+00	2.773E+00
2.210E+00	2.752E+00	2.697E-04	2.752E+00	2.752E+00	2.752E+00	2.752E+00	2.752E+00	2.752E+00
2.220E+00	2.731E+00	2.750E-04	2.731E+00	2.731E+00	2.731E+00	2.731E+00	2.731E+00	2.731E+00
2.230E+00	2.710E+00	2.803E-04	2.711E+00	2.710E+00	2.710E+00	2.710E+00	2.710E+00	2.710E+00
2.240E+00	2.690E+00	2.856E-04	2.690E+00	2.689E+00	2.690E+00	2.690E+00	2.690E+00	2.690E+00
2.250E+00	2.669E+00	2.908E-04	2.669E+00	2.669E+00	2.669E+00	2.669E+00	2.669E+00	2.669E+00
2.260E+00	2.649E+00	2.960E-04	2.649E+00	2.648E+00	2.649E+00	2.649E+00	2.649E+00	2.649E+00
2.270E+00	2.628E+00	3.011E-04	2.629E+00	2.628E+00	2.628E+00	2.628E+00	2.628E+00	2.628E+00
2.280E+00	2.608E+00	3.063E-04	2.608E+00	2.608E+00	2.608E+00	2.608E+00	2.608E+00	2.608E+00
2.290E+00	2.588E+00	3.114E-04	2.588E+00	2.588E+00	2.588E+00	2.588E+00	2.588E+00	2.588E+00
2.300E+00	2.568E+00	3.164E-04	2.568E+00	2.567E+00	2.568E+00	2.568E+00	2.568E+00	2.568E+00
2.310E+00	2.548E+00	3.215E-04	2.548E+00	2.547E+00	2.548E+00	2.548E+00	2.548E+00	2.548E+00
2.320E+00	2.528E+00	3.265E-04	2.528E+00	2.528E+00	2.528E+00	2.528E+00	2.528E+00	2.528E+00
2.330E+00	2.508E+00	3.314E-04	2.508E+00	2.508E+00	2.508E+00	2.508E+00	2.508E+00	2.508E+00
2.340E+00	2.488E+00	3.363E-04	2.489E+00	2.488E+00	2.488E+00	2.488E+00	2.488E+00	2.488E+00
2.350E+00	2.469E+00	3.412E-04	2.469E+00	2.468E+00	2.468E+00	2.469E+00	2.468E+00	2.469E+00
2.360E+00	2.449E+00	3.461E-04	2.449E+00	2.449E+00	2.449E+00	2.449E+00	2.449E+00	2.449E+00
2.370E+00	2.429E+00	3.509E-04	2.430E+00	2.429E+00	2.429E+00	2.430E+00	2.429E+00	2.430E+00
2.380E+00	2.410E+00	3.557E-04	2.410E+00	2.410E+00	2.410E+00	2.410E+00	2.410E+00	2.410E+00
2.390E+00	2.391E+00	3.604E-04	2.391E+00	2.390E+00	2.391E+00	2.391E+00	2.391E+00	2.391E+00
2.400E+00	2.372E+00	3.651E-04	2.372E+00	2.371E+00	2.371E+00	2.372E+00	2.371E+00	2.372E+00
2.410E+00	2.352E+00	3.697E-04	2.353E+00	2.352E+00	2.352E+00	2.352E+00	2.352E+00	2.352E+00
2.420E+00	2.333E+00	3.743E-04	2.334E+00	2.333E+00	2.333E+00	2.333E+00	2.333E+00	2.333E+00
2.430E+00	2.314E+00	3.789E-04	2.315E+00	2.314E+00	2.314E+00	2.314E+00	2.314E+00	2.314E+00
2.440E+00	2.296E+00	3.834E-04	2.296E+00	2.295E+00	2.295E+00	2.296E+00	2.296E+00	2.296E+00
2.450E+00	2.277E+00	3.879E-04	2.277E+00	2.276E+00	2.277E+00	2.277E+00	2.277E+00	2.277E+00
2.460E+00	2.258E+00	3.923E-04	2.259E+00	2.258E+00	2.258E+00	2.258E+00	2.258E+00	2.258E+00
2.470E+00	2.240E+00	3.967E-04	2.240E+00	2.239E+00	2.239E+00	2.240E+00	2.239E+00	2.240E+00
2.480E+00	2.221E+00	4.011E-04	2.221E+00	2.221E+00	2.221E+00	2.221E+00	2.221E+00	2.221E+00
2.490E+00	2.203E+00	4.054E-04	2.203E+00	2.202E+00	2.203E+00	2.203E+00	2.203E+00	2.203E+00
2.500E+00	2.184E+00	4.096E-04	2.185E+00	2.184E+00	2.184E+00	2.184E+00	2.184E+00	2.184E+00
2.510E+00	2.166E+00	4.138E-04	2.167E+00	2.166E+00	2.166E+00	2.166E+00	2.166E+00	2.166E+00
2.520E+00	2.148E+00	4.180E-04	2.148E+00	2.148E+00	2.148E+00	2.148E+00	2.148E+00	2.148E+00
2.530E+00	2.130E+00	4.221E-04	2.130E+00	2.130E+00	2.130E+00	2.130E+00	2.130E+00	2.130E+00
2.540E+00	2.112E+00	4.261E-04	2.113E+00	2.112E+00	2.112E+00	2.112E+00	2.112E+00	2.112E+00
2.550E+00	2.094E+00	4.301E-04	2.095E+00	2.094E+00	2.094E+00	2.094E+00	2.094E+00	2.094E+00
2.560E+00	2.077E+00	4.341E-04	2.077E+00	2.076E+00	2.077E+00	2.077E+00	2.077E+00	2.077E+00
2.570E+00	2.059E+00	4.380E-04	2.059E+00	2.059E+00	2.059E+00	2.059E+00	2.059E+00	2.059E+00
2.580E+00	2.041E+00	4.418E-04	2.042E+00	2.041E+00	2.041E+00	2.041E+00	2.041E+00	2.041E+00
2.590E+00	2.024E+00	4.456E-04	2.024E+00	2.024E+00	2.024E+00	2.024E+00	2.024E+00	2.024E+00
2.600E+00	2.007E+00	4.494E-04	2.007E+00	2.006E+00	2.007E+00	2.007E+00	2.007E+00	2.007E+00
2.610E+00	1.989E+00	4.531E-04	1.990E+00	1.989E+00	1.989E+00	1.989E+00	1.989E+00	1.989E+00
2.620E+00	1.972E+00	4.567E-04	1.973E+00	1.972E+00	1.972E+00	1.972E+00	1.972E+00	1.972E+00
2.630E+00	1.955E+00	4.603E-04	1.956E+00	1.955E+00	1.955E+00	1.955E+00	1.955E+00	1.955E+00
2.640E+00	1.938E+00	4.639E-04	1.939E+00	1.938E+00	1.938E+00	1.938E+00	1.938E+00	1.938E+00
2.650E+00	1.921E+00	4.674E-04	1.922E+00	1.921E+00	1.921E+00	1.921E+00	1.921E+00	1.921E+00
2.660E+00	1.905E+00	4.708E-04	1.905E+00	1.904E+00	1.904E+00	1.905E+00	1.905E+00	1.905E+00
2.670E+00	1.888E+00	4.742E-04	1.888E+00	1.887E+00	1.888E+00	1.888E+00	1.888E+00	1.888E+00
2.680E+00	1.871E+00	4.776E-04	1.872E+00	1.871E+00	1.871E+00	1.871E+00	1.871E+00	1.871E+00
2.690E+00	1.855E+00	4.808E-04	1.855E+00	1.854E+00	1.855E+00	1.855E+00	1.855E+00	1.855E+00
2.700E+00	1.838E+00	4.841E-04	1.839E+00	1.838E+00	1.838E+00	1.839E+00	1.838E+00	1.838E+00
2.710E+00	1.822E+00	4.872E-04	1.823E+00	1.822E+00	1.822E+00	1.822E+00	1.822E+00	1.822E+00
2.720E+00	1.806E+00	4.904E-04	1.806E+00	1.805E+00	1.806E+00	1.806E+00	1.806E+00	1.806E+00
2.730E+00	1.790E+00	4.934E-04	1.790E+00	1.789E+00	1.790E+00	1.790E+00	1.790E+00	1.790E+00
2.740E+00	1.774E+00	4.964E-04	1.774E+00	1.773E+00	1.774E+00	1.774E+00	1.774E+00	1.774E+00
2.750E+00	1.758E+00	4.994E-04	1.758E+00	1.757E+00	1.758E+00	1.758E+00	1.758E+00	1.758E+00
2.760E+00	1.742E+00	5.023E-04	1.743E+00	1.742E+00	1.742E+00	1.742E+00	1.742E+00	1.742E+00
2.770E+00	1.726E+00	5.051E-04	1.727E+00	1.726E+00	1.726E+00	1.727E+00	1.726E+00	1.727E+00
2.780E+00	1.711E+00	5.079E-04	1.711E+00	1.710E+00	1.711E+00	1.711E+00	1.711E+00	1.711E+00
2.790E+00	1.695E+00	5.107E-04	1.696E+00	1.695E+00	1.695E+00	1.695E+00	1.695E+00	1.695E+00
2.800E+00	1.680E+00	5.133E-04	1.680E+00	1.679E+00	1.680E+00	1.680E+00	1.680E+00	1.680E+00
2.810E+00	1.665E+00	5.160E-04	1.665E+00	1.664E+00	1.665E+00	1.665E+00	1.665E+00	1.665E+00
2.820E+00	1.649E+00	5.185E-04	1.650E+00	1.649E+00	1.649E+00	1.649E+00	1.649E+00	1.649E+00
2.830E+00	1.634E+00	5.211E-04	1.635E+00	1.634E+00	1.634E+00	1.634E+00	1.634E+00	1.634E+00
2.840E+00	1.619E+00	5.235E-04	1.620E+00	1.619E+00	1.619E+00	1.619E+00	1.619E+00	1.619E+00
2.850E+00	1.604E+00	5.259E-04	1.605E+00	1.604E+00	1.604E+00	1.604E+00	1.604E+00	1.604E+00
2.860E+00	1.589E+00	5.283E-04	1.590E+00	1.589E+00	1.589E+00	1.590E+00	1.589E+00	1.590E+00
2.870E+00	1.575E+00	5.306E-04	1.575E+00	1.574E+00	1.575E+00	1.575E+00	1.575E+00	1.575E+00
2.880E+00	1.560E+00	5.328E-04	1.561E+00	1.560E+00	1.560E+00	1.560E+00	1.560E+00	1.560E+00
2.890E+00	1.546E+00	5.350E-04	1.546E+00	1.545E+00	1.545E+00	1.546E+00	1.545E+00	1.546E+00
2.900E+00	1.531E+00	5.371E-04	1.532E+00	1.531E+00	1.531E+00	1.531E+00	1.531E+00	1.531E+00
2.910E+00	1.517E+00	5.392E-04	1.517E+00	1.516E+00	1.517E+00	1.517E+00	1.517E+00	1.517E+00
2.920E+00	1.502E+00	5.412E-04	1.503E+00	1.502E+00	1.502E+00	1.503E+00	1.502E+00	1.503E+00
2.930E+00	1.488E+00	5.432E-04	1.489E+00	1.488E+00	1.488E+00	1.488E+00	1.488E+00	1.488E+00
2.940E+00	1.474E+00	5.451E-04	1.475E+00	1.474E+00	1.474E+00	1.474E+00	1.474E+00	1.474E+00
2.950E+00	1.460E+00	5.469E-04	1.461E+00	1.460E+00	1.460E+00	1.460E+00	1.460E+00	1.460E+00
2.960E+00	1.446E+00	5.487E-04	1.447E+00	1.446E+00	1.446E+00	1.446E+00	1.446E+00	1.446E+00
2.970E+00	1.433E+00	5.505E-04	1.433E+00	1.432E+00	1.433E+00	1.433E+00	1.433E+00	1.433E+00
2.980E+00	1.419E+00	5.521E-04	1.419E+00	1.418E+00	1.419E+00	1.419E+00	1.419E+00	1.419E+00
2.990E+00	1.405E+00	5.538E-04	1.406E+00	1.405E+00	1.405E+00	1.405E+00	1.405E+00	1.405E+00
3.000E+00	1.392E+00	5.554E-04	1.392E+00	1.391E+00	1.392E+00	1.392E+00	1.392E+00	1.392E+00
