1.000E-02	6.732E+00	4.560E-04	6.733E+00	6.732E+00	6.733E+00	6.732E+00	6.732E+00	6.732E+00
2.000E-02	6.731E+00	4.534E-04	6.732E+00	6.731E+00	6.732E+00	6.731E+00	6.731E+00	6.731E+00
3.000E-02	6.730E+00	4.499E-04	6.730E+00	6.729E+00	6.730E+00	6.730E+00	6.730E+00	6.730E+00
4.000E-02	6.728E+00	4.458E-04	6.728E+00	6.727E+00	6.728E+00	6.727E+00	6.728E+00	6.728E+00
5.000E-02	6.725E+00	4.411E-04	6.726E+00	6.725E+00	6.726E+00	6.725E+00	6.725E+00	6.725E+00
6.000E-02	6.722E+00	4.360E-04	6.723E+00	6.722E+00	6.723E+00	6.722E+00	6.722E+00	6.722E+00
7.000E-02	6.719E+00	4.306E-04	6.719E+00	6.719E+00	6.719E+00	6.719E+00	6.719E+00	6.719E+00
8.000E-02	6.715E+00	4.248E-04	6.716E+00	6.715E+00	6.716E+00	6.715E+00	6.715E+00	6.715E+00
9.000E-02	6.711E+00	4.189E-04	6.712E+00	6.711E+00	6.712E+00	6.711E+00	6.711E+00	6.711E+00
1.000E-01	6.707E+00	4.127E-04	6.707E+00	6.707E+00	6.707E+00	6.707E+00	6.707E+00	6.707E+00
1.100E-01	6.702E+00	4.064E-04	6.702E+00	6.702E+00	6.702E+00	6.702E+00	6.702E+00	6.702E+00
1.200E-01	6.697E+00	3.999E-04	6.697E+00	6.697E+00	6.697E+00	6.697E+00	6.697E+00	6.697E+00
1.300E-01	6.691E+00	3.934E-04	6.692E+00	6.691E+00	6.692E+00	6.691E+00	6.691E+00	6.691E+00
1.400E-01	6.686E+00	3.868E-04	6.686E+00	6.685E+00	6.686E+00	6.685E+00	6.686E+00	6.686E+00
1.500E-01	6.679E+00	3.802E-04	6.680E+00	6.679E+00	6.680E+00	6.679E+00	6.679E+00	6.679E+00
1.600E-01	6.673E+00	3.737E-04	6.673E+00	6.673E+00	6.673E+00	6.673E+00	6.673E+00	6.673E+00
1.700E-01	6.666E+00	3.671E-04	6.666E+00	6.666E+00	6.666E+00	6.666E+00	6.666E+00	6.666E+00
1.800E-01	6.659E+00	3.606E-04	6.659E+00	6.659E+00	6.659E+00	6.659E+00	6.659E+00	6.659E+00
1.900E-01	6.651E+00	3.542E-04	6.652E+00	6.651E+00	6.652E+00	6.651E+00	6.651E+00	6.651E+00
2.000E-01	6.644E+00	3.479E-04	6.644E+00	6.643E+00	6.644E+00	6.643E+00	6.644E+00	6.644E+00
2.100E-01	6.635E+00	3.418E-04	6.636E+00	6.635E+00	6.636E+00	6.635E+00	6.635E+00	6.635E+00
2.200E-01	6.627E+00	3.358E-04	6.627E+00	6.627E+00	6.627E+00	6.627E+00	6.627E+00	6.627E+00
2.300E-01	6.618E+00	3.300E-04	6.619E+00	6.618E+00	6.619E+00	6.618E+00	6.618E+00	6.618E+00
2.400E-01	6.609E+00	3.244E-04	6.610E+00	6.609E+00	6.610E+00	6.609E+00	6.609E+00	6.609E+00
2.500E-01	6.600E+00	3.190E-04	6.600E+00	6.600E+00	6.600E+00	6.600E+00	6.600E+00	6.600E+00
2.600E-01	6.591E+00	3.138E-04	6.591E+00	6.590E+00	6.591E+00	6.590E+00	6.591E+00	6.591E+00
2.700E-01	6.581E+00	3.089E-04	6.581E+00	6.581E+00	6.581E+00	6.581E+00	6.581E+00	6.581E+00
2.800E-01	6.571E+00	3.043E-04	6.571E+00	6.571E+00	6.571E+00	6.570E+00	6.571E+00	6.571E+00
2.900E-01	6.560E+00	3.000E-04	6.560E+00	6.560E+00	6.561E+00	6.560E+00	6.560E+00	6.560E+00
3.000E-01	6.550E+00	2.959E-04	6.550E+00	6.550E+00	6.550E+00	6.549E+00	6.550E+00	6.550E+00
3.100E-01	6.539E+00	2.922E-04	6.539E+00	6.539E+00	6.539E+00	6.538E+00	6.539E+00	6.539E+00
3.200E-01	6.528E+00	2.888E-04	6.528E+00	6.528E+00	6.528E+00	6.527E+00	6.528E+00	6.528E+00
3.300E-01	6.516E+00	2.858E-04	6.516E+00	6.516E+00	6.516E+00	6.516E+00	6.516E+00	6.516E+00
3.400E-01	6.504E+00	2.831E-04	6.504E+00	6.504E+00	6.505E+00	6.504E+00	6.504E+00	6.504E+00
3.500E-01	6.493E+00	2.807E-04	6.493E+00	6.492E+00	6.493E+00	6.492E+00	6.492E+00	6.493E+00
3.600E-01	6.480E+00	2.787E-04	6.480E+00	6.480E+00	6.481E+00	6.480E+00	6.480E+00	6.480E+00
3.700E-01	6.468E+00	2.771E-04	6.468E+00	6.468E+00	6.468E+00	6.468E+00	6.468E+00	6.468E+00
3.800E-01	6.455E+00	2.758E-04	6.455E+00	6.455E+00	6.455E+00	6.455E+00	6.455E+00	6.455E+00
3.900E-01	6.442E+00	2.748E-04	6.442E+00	6.442E+00	6.443E+00	6.442E+00	6.442E+00	6.442E+00
4.000E-01	6.429E+00	2.742E-04	6.429E+00	6.429E+00	6.429E+00	6.429E+00	6.429E+00	6.429E+00
4.100E-01	6.416E+00	2.739E-04	6.416E+00	6.416E+00	6.416E+00	6.415E+00	6.416E+00	6.416E+00
4.200E-01	6.402E+00	2.739E-04	6.402E+00	6.402E+00	6.402E+00	6.402E+00	6.402E+00	6.402E+00
4.300E-01	6.388E+00	2.742E-04	6.388E+00	6.388E+00	6.388E+00	6.388E+00	6.388E+00	6.388E+00
4.400E-01	6.374E+00	2.749E-04	6.374E+00	6.374E+00	6.374E+00	6.374E+00	6.374E+00	6.374E+00
4.500E-01	6.360E+00	2.758E-04	6.360E+00	6.360E+00	6.360E+00	6.360E+00	6.360E+00	6.360E+00
4.600E-01	6.345E+00	2.770E-04	6.345E+00	6.345E+00	6.346E+00	6.345E+00	6.345E+00	6.345E+00
4.700E-01	6.331E+00	2.784E-04	6.330E+00	6.331E+00	6.331E+00	6.330E+00	6.331E+00	6.331E+00
4.800E-01	6.316E+00	2.800E-04	6.316E+00	6.316E+00	6.316E+00	6.315E+00	6.316E+00	6.316E+00
4.900E-01	6.300E+00	2.819E-04	6.300E+00	6.301E+00	6.301E+00	6.300E+00	6.300E+00	6.300E+00
5.000E-01	6.285E+00	2.839E-04	6.285E+00	6.285E+00	6.285E+00	6.285E+00	6.285E+00	6.285E+00
5.100E-01	6.269E+00	2.862E-04	6.269E+00	6.270E+00	6.270E+00	6.269E+00	6.269E+00	6.269E+00
5.200E-01	6.254E+00	2.886E-04	6.254E+00	6.254E+00	6.254E+00	6.253E+00	6.254E+00	6.254E+00
5.300E-01	6.238E+00	2.911E-04	6.238E+00	6.238E+00	6.238E+00	6.237E+00	6.238E+00	6.238E+00
5.400E-01	6.221E+00	2.937E-04	6.221E+00	6.222E+00	6.222E+00	6.221E+00	6.221E+00	6.222E+00
5.500E-01	6.205E+00	2.965E-04	6.205E+00	6.205E+00	6.205E+00	6.205E+00	6.205E+00	6.205E+00
5.600E-01	6.189E+00	2.993E-04	6.188E+00	6.189E+00	6.189E+00	6.188E+00	6.188E+00	6.189E+00
5.700E-01	6.172E+00	3.022E-04	6.172E+00	6.172E+00	6.172E+00	6.171E+00	6.172E+00	6.172E+00
5.800E-01	6.155E+00	3.052E-04	6.155E+00	6.155E+00	6.155E+00	6.155E+00	6.155E+00	6.155E+00
5.900E-01	6.138E+00	3.082E-04	6.137E+00	6.138E+00	6.138E+00	6.137E+00	6.138E+00	6.138E+00
6.000E-01	6.120E+00	3.113E-04	6.120E+00	6.121E+00	6.121E+00	6.120E+00	6.120E+00	6.120E+00
6.100E-01	6.103E+00	3.143E-04	6.103E+00	6.103E+00	6.103E+00	6.103E+00	6.103E+00	6.103E+00
6.200E-01	6.085E+00	3.174E-04	6.085E+00	6.085E+00	6.085E+00	6.085E+00	6.085E+00	6.085E+00
6.300E-01	6.067E+00	3.204E-04	6.067E+00	6.067E+00	6.068E+00	6.067E+00	6.067E+00	6.067E+00
6.400E-01	6.049E+00	3.235E-04	6.049E+00	6.049E+00	6.049E+00	6.049E+00	6.049E+00	6.049E+00
6.500E-01	6.031E+00	3.265E-04	6.031E+00	6.031E+00	6.031E+00	6.031E+00	6.031E+00	6.031E+00
6.600E-01	6.013E+00	3.294E-04	6.012E+00	6.013E+00	6.013E+00	6.012E+00	6.013E+00	6.013E+00
6.700E-01	5.994E+00	3.323E-04	5.994E+00	5.994E+00	5.994E+00	5.994E+00	5.994E+00	5.994E+00
6.800E-01	5.975E+00	3.352E-04	5.975E+00	5.976E+00	5.976E+00	5.975E+00	5.975E+00	5.975E+00
6.900E-01	5.957E+00	3.379E-04	5.956E+00	5.957E+00	5.957E+00	5.956E+00	5.957E+00	5.957E+00
7.000E-01	5.938E+00	3.407E-04	5.937E+00	5.938E+00	5.938E+00	5.937E+00	5.938E+00	5.938E+00
7.100E-01	5.918E+00	3.433E-04	5.918E+00	5.919E+00	5.919E+00	5.918E+00	5.918E+00	5.918E+00
7.200E-01	5.899E+00	3.458E-04	5.899E+00	5.899E+00	5.899E+00	5.899E+00	5.899E+00	5.899E+00
7.300E-01	5.880E+00	3.482E-04	5.879E+00	5.880E+00	5.880E+00	5.879E+00	5.880E+00	5.880E+00
7.400E-01	5.860E+00	3.506E-04	5.860E+00	5.860E+00	5.860E+00	5.860E+00	5.860E+00	5.860E+00
7.500E-01	5.840E+00	3.528E-04	5.840E+00	5.841E+00	5.841E+00	5.840E+00	5.840E+00	5.840E+00
7.600E-01	5.820E+00	3.549E-04	5.820E+00	5.821E+00	5.821E+00	5.820E+00	5.820E+00	5.820E+00
7.700E-01	5.800E+00	3.569E-04	5.800E+00	5.801E+00	5.801E+00	5.800E+00	5.800E+00	5.800E+00
7.800E-01	5.780E+00	3.588E-04	5.780E+00	5.781E+00	5.780E+00	5.780E+00	5.780E+00	5.780E+00
7.900E-01	5.760E+00	3.606E-04	5.760E+00	5.760E+00	5.760E+00	5.760E+00	5.760E+00	5.760E+00
8.000E-01	5.739E+00	3.622E-04	5.739E+00	5.740E+00	5.740E+00	5.739E+00	5.739E+00	5.740E+00
8.100E-01	5.719E+00	3.637E-04	5.719E+00	5.719E+00	5.719E+00	5.719E+00	5.719E+00	5.719E+00
8.200E-01	5.698E+00	3.651E-04	5.698E+00	5.699E+00	5.698E+00	5.698E+00	5.698E+00	5.698E+00
8.300E-01	5.677E+00	3.663E-04	5.677E+00	5.678E+00	5.678E+00	5.677E+00	5.677E+00	5.677E+00
8.400E-01	5.656E+00	3.674E-04	5.656E+00	5.657E+00	5.657E+00	5.656E+00	5.656E+00	5.657E+00
8.500E-01	5.635E+00	3.683E-04	5.635E+00	5.636E+00	5.636E+00	5.635E+00	5.635E+00	5.635E+00
8.600E-01	5.614E+00	3.691E-04	5.614E+00	5.615E+00	5.614E+00	5.614E+00	5.614E+00	5.614E+00
8.700E-01	5.593E+00	3.698E-04	5.593E+00	5.593E+00	5.593E+00	5.593E+00	5.593E+00	5.593E+00
8.800E-01	5.572E+00	3.703E-04	5.571E+00	5.572E+00	5.572E+00	5.571E+00	5.572E+00	5.572E+00
8.900E-01	5.550E+00	3.707E-04	5.550E+00	5.550E+00	5.550E+00	5.550E+00	5.550E+00	5.550E+00
9.000E-01	5.528E+00	3.709E-04	5.528E+00	5.529E+00	5.529E+00	5.528E+00	5.528E+00	5.528E+00
9.100E-01	5.507E+00	3.709E-04	5.506E+00	5.507E+00	5.507E+00	5.507E+00	5.507E+00	5.507E+00
9.200E-01	5.485E+00	3.709E-04	5.485E+00	5.485E+00	5.485E+00	5.485E+00	5.485E+00	5.485E+00
9.300E-01	5.463E+00	3.706E-04	5.463E+00	5.463E+00	5.463E+00	5.463E+00	5.463E+00	5.463E+00
9.400E-01	5.441E+00	3.702E-04	5.441E+00	5.441E+00	5.441E+00	5.441E+00	5.441E+00	5.441E+00
9.500E-01	5.419E+00	3.697E-04	5.418E+00	5.419E+00	5.419E+00	5.419E+00	5.419E+00	5.419E+00
9.600E-01	5.397E+00	3.690E-04	5.396E+00	5.397E+00	5.397E+00	5.396E+00	5.397E+00	5.397E+00
9.700E-01	5.374E+00	3.681E-04	5.374E+00	5.375E+00	5.374E+00	5.374E+00	5.374E+00	5.374E+00
9.800E-01	5.352E+00	3.671E-04	5.352E+00	5.352E+00	5.352E+00	5.352E+00	5.352E+00	5.352E+00
9.900E-01	5.329E+00	3.659E-04	5.329E+00	5.330E+00	5.330E+00	5.329E+00	5.329E+00	5.329E+00
1.000E+00	5.307E+00	3.646E-04	5.307E+00	5.307E+00	5.307E+00	5.307E+00	5.307E+00	5.307E+00
1.010E+00	5.284E+00	3.631E-04	5.284E+00	5.285E+00	5.284E+00	5.284E+00	5.284E+00	5.284E+00
1.020E+00	5.261E+00	3.615E-04	5.261E+00	5.262E+00	5.262E+00	5.261E+00	5.261E+00	5.262E+00
1.030E+00	5.239E+00	3.597E-04	5.238E+00	5.239E+00	5.239E+00	5.239E+00	5.239E+00	5.239E+00
1.040E+00	5.216E+00	3.578E-04	5.215E+00	5.216E+00	5.216E+00	5.216E+00	5.216E+00	5.216E+00
1.050E+00	5.193E+00	3.557E-04	5.192E+00	5.193E+00	5.193E+00	5.193E+00	5.193E+00	5.193E+00
1.060E+00	5.170E+00	3.535E-04	5.169E+00	5.170E+00	5.170E+00	5.170E+00	5.170E+00	5.170E+00
1.070E+00	5.147E+00	3.511E-04	5.146E+00	5.147E+00	5.147E+00	5.147E+00	5.147E+00	5.147E+00
1.080E+00	5.124E+00	3.486E-04	5.123E+00	5.124E+00	5.124E+00	5.123E+00	5.123E+00	5.124E+00
1.090E+00	5.100E+00	3.459E-04	5.100E+00	5.101E+00	5.100E+00	5.100E+00	5.100E+00	5.100E+00
1.100E+00	5.077E+00	3.431E-04	5.077E+00	5.077E+00	5.077E+00	5.077E+00	5.077E+00	5.077E+00
1.110E+00	5.054E+00	3.401E-04	5.053E+00	5.054E+00	5.054E+00	5.054E+00	5.054E+00	5.054E+00
1.120E+00	5.030E+00	3.370E-04	5.030E+00	5.031E+00	5.030E+00	5.030E+00	5.030E+00	5.030E+00
1.130E+00	5.007E+00	3.337E-04	5.006E+00	5.007E+00	5.007E+00	5.007E+00	5.007E+00	5.007E+00
1.140E+00	4.983E+00	3.303E-04	4.983E+00	4.984E+00	4.983E+00	4.983E+00	4.983E+00	4.983E+00
1.150E+00	4.960E+00	3.268E-04	4.959E+00	4.960E+00	4.960E+00	4.960E+00	4.960E+00	4.960E+00
1.160E+00	4.936E+00	3.231E-04	4.936E+00	4.936E+00	4.936E+00	4.936E+00	4.936E+00	4.936E+00
1.170E+00	4.912E+00	3.193E-04	4.912E+00	4.913E+00	4.913E+00	4.912E+00	4.912E+00	4.912E+00
1.180E+00	4.889E+00	3.154E-04	4.888E+00	4.889E+00	4.889E+00	4.889E+00	4.889E+00	4.889E+00
1.190E+00	4.865E+00	3.113E-04	4.865E+00	4.865E+00	4.865E+00	4.865E+00	4.865E+00	4.865E+00
1.200E+00	4.841E+00	3.071E-04	4.841E+00	4.841E+00	4.841E+00	4.841E+00	4.841E+00	4.841E+00
1.210E+00	4.817E+00	3.028E-04	4.817E+00	4.818E+00	4.817E+00	4.817E+00	4.817E+00	4.817E+00
1.220E+00	4.793E+00	2.983E-04	4.793E+00	4.794E+00	4.794E+00	4.793E+00	4.793E+00	4.793E+00
1.230E+00	4.770E+00	2.937E-04	4.769E+00	4.770E+00	4.770E+00	4.769E+00	4.769E+00	4.770E+00
1.240E+00	4.746E+00	2.890E-04	4.745E+00	4.746E+00	4.746E+00	4.745E+00	4.746E+00	4.746E+00
1.250E+00	4.722E+00	2.842E-04	4.721E+00	4.722E+00	4.722E+00	4.721E+00	4.722E+00	4.722E+00
1.260E+00	4.698E+00	2.793E-04	4.697E+00	4.698E+00	4.698E+00	4.697E+00	4.698E+00	4.698E+00
1.270E+00	4.674E+00	2.742E-04	4.673E+00	4.674E+00	4.674E+00	4.673E+00	4.673E+00	4.674E+00
1.280E+00	4.649E+00	2.691E-04	4.649E+00	4.650E+00	4.650E+00	4.649E+00	4.649E+00	4.650E+00
1.290E+00	4.625E+00	2.638E-04	4.625E+00	4.626E+00	4.625E+00	4.625E+00	4.625E+00	4.625E+00
1.300E+00	4.601E+00	2.585E-04	4.601E+00	4.602E+00	4.601E+00	4.601E+00	4.601E+00	4.601E+00
1.310E+00	4.577E+00	2.530E-04	4.577E+00	4.577E+00	4.577E+00	4.577E+00	4.577E+00	4.577E+00
1.320E+00	4.553E+00	2.474E-04	4.553E+00	4.553E+00	4.553E+00	4.553E+00	4.553E+00	4.553E+00
1.330E+00	4.529E+00	2.418E-04	4.529E+00	4.529E+00	4.529E+00	4.529E+00	4.529E+00	4.529E+00
1.340E+00	4.505E+00	2.360E-04	4.504E+00	4.505E+00	4.505E+00	4.505E+00	4.505E+00	4.505E+00
1.350E+00	4.480E+00	2.302E-04	4.480E+00	4.481E+00	4.481E+00	4.480E+00	4.480E+00	4.481E+00
1.360E+00	4.456E+00	2.243E-04	4.456E+00	4.456E+00	4.456E+00	4.456E+00	4.456E+00	4.456E+00
1.370E+00	4.432E+00	2.183E-04	4.432E+00	4.432E+00	4.432E+00	4.432E+00	4.432E+00	4.432E+00
1.380E+00	4.408E+00	2.122E-04	4.408E+00	4.408E+00	4.408E+00	4.408E+00	4.408E+00	4.408E+00
1.390E+00	4.384E+00	2.061E-04	4.383E+00	4.384E+00	4.384E+00	4.384E+00	4.384E+00	4.384E+00
1.400E+00	4.359E+00	1.999E-04	4.359E+00	4.360E+00	4.359E+00	4.359E+00	4.359E+00	4.359E+00
1.410E+00	4.335E+00	1.936E-04	4.335E+00	4.335E+00	4.335E+00	4.335E+00	4.335E+00	4.335E+00
1.420E+00	4.311E+00	1.874E-04	4.311E+00	4.311E+00	4.311E+00	4.311E+00	4.311E+00	4.311E+00
1.430E+00	4.287E+00	1.810E-04	4.287E+00	4.287E+00	4.287E+00	4.287E+00	4.287E+00	4.287E+00
1.440E+00	4.263E+00	1.747E-04	4.262E+00	4.263E+00	4.263E+00	4.262E+00	4.262E+00	4.263E+00
1.450E+00	4.238E+00	1.683E-04	4.238E+00	4.238E+00	4.238E+00	4.238E+00	4.238E+00	4.238E+00
1.460E+00	4.214E+00	1.619E-04	4.214E+00	4.214E+00	4.214E+00	4.214E+00	4.214E+00	4.214E+00
1.470E+00	4.190E+00	1.556E-04	4.190E+00	4.190E+00	4.190E+00	4.190E+00	4.190E+00	4.190E+00
1.480E+00	4.166E+00	1.492E-04	4.166E+00	4.166E+00	4.166E+00	4.166E+00	4.166E+00	4.166E+00
1.490E+00	4.142E+00	1.429E-04	4.141E+00	4.142E+00	4.142E+00	4.141E+00	4.141E+00	4.142E+00
1.500E+00	4.117E+00	1.367E-04	4.117E+00	4.117E+00	4.117E+00	4.117E+00	4.117E+00	4.117E+00
1.510E+00	4.093E+00	1.305E-04	4.093E+00	4.093E+00	4.093E+00	4.093E+00	4.093E+00	4.093E+00
1.520E+00	4.069E+00	1.245E-04	4.069E+00	4.069E+00	4.069E+00	4.069E+00	4.069E+00	4.069E+00
1.530E+00	4.045E+00	1.186E-04	4.045E+00	4.045E+00	4.045E+00	4.045E+00	4.045E+00	4.045E+00
1.540E+00	4.021E+00	1.128E-04	4.021E+00	4.021E+00	4.021E+00	4.021E+00	4.021E+00	4.021E+00
1.550E+00	3.997E+00	1.074E-04	3.997E+00	3.997E+00	3.997E+00	3.997E+00	3.997E+00	3.997E+00
1.560E+00	3.973E+00	1.022E-04	3.973E+00	3.973E+00	3.973E+00	3.973E+00	3.973E+00	3.973E+00
1.570E+00	3.949E+00	9.733E-05	3.949E+00	3.949E+00	3.949E+00	3.949E+00	3.949E+00	3.949E+00
1.580E+00	3.925E+00	9.291E-05	3.925E+00	3.925E+00	3.925E+00	3.925E+00	3.925E+00	3.925E+00
1.590E+00	3.901E+00	8.900E-05	3.901E+00	3.901E+00	3.901E+00	3.901E+00	3.901E+00	3.901E+00
1.600E+00	3.877E+00	8.568E-05	3.877E+00	3.877E+00	3.877E+00	3.877E+00	3.877E+00	3.877E+00
1.610E+00	3.853E+00	8.303E-05	3.853E+00	3.853E+00	3.853E+00	3.853E+00	3.853E+00	3.853E+00
1.620E+00	3.829E+00	8.115E-05	3.829E+00	3.829E+00	3.829E+00	3.829E+00	3.829E+00	3.829E+00
1.630E+00	3.805E+00	8.010E-05	3.805E+00	3.805E+00	3.805E+00	3.805E+00	3.805E+00	3.805E+00
1.640E+00	3.781E+00	7.993E-05	3.781E+00	3.781E+00	3.781E+00	3.781E+00	3.781E+00	3.781E+00
1.650E+00	3.757E+00	8.066E-05	3.757E+00	3.757E+00	3.757E+00	3.757E+00	3.757E+00	3.757E+00
1.660E+00	3.734E+00	8.227E-05	3.734E+00	3.734E+00	3.734E+00	3.734E+00	3.734E+00	3.734E+00
1.670E+00	3.710E+00	8.474E-05	3.710E+00	3.710E+00	3.710E+00	3.710E+00	3.710E+00	3.710E+00
1.680E+00	3.686E+00	8.800E-05	3.686E+00	3.686E+00	3.686E+00	3.686E+00	3.686E+00	3.686E+00
1.690E+00	3.663E+00	9.197E-05	3.663E+00	3.663E+00	3.663E+00	3.663E+00	3.663E+00	3.663E+00
1.700E+00	3.639E+00	9.657E-05	3.639E+00	3.639E+00	3.639E+00	3.639E+00	3.639E+00	3.639E+00
1.710E+00	3.615E+00	1.017E-04	3.615E+00	3.615E+00	3.615E+00	3.615E+00	3.615E+00	3.616E+00
1.720E+00	3.592E+00	1.074E-04	3.592E+00	3.592E+00	3.592E+00	3.592E+00	3.592E+00	3.592E+00
1.730E+00	3.568E+00	1.134E-04	3.569E+00	3.568E+00	3.568E+00	3.568E+00	3.568E+00	3.569E+00
1.740E+00	3.545E+00	1.199E-04	3.545E+00	3.545E+00	3.545E+00	3.545E+00	3.545E+00	3.545E+00
1.750E+00	3.522E+00	1.266E-04	3.522E+00	3.522E+00	3.522E+00	3.522E+00	3.522E+00	3.522E+00
1.760E+00	3.498E+00	1.336E-04	3.498E+00	3.498E+00	3.498E+00	3.498E+00	3.498E+00	3.498E+00
1.770E+00	3.475E+00	1.408E-04	3.475E+00	3.475E+00	3.475E+00	3.475E+00	3.475E+00	3.475E+00
1.780E+00	3.452E+00	1.482E-04	3.452E+00	3.452E+00	3.452E+00	3.452E+00	3.452E+00	3.452E+00
1.790E+00	3.429E+00	1.557E-04	3.429E+00	3.429E+00	3.429E+00	3.429E+00	3.429E+00	3.429E+00
1.800E+00	3.406E+00	1.634E-04	3.406E+00	3.405E+00	3.406E+00	3.406E+00	3.406E+00	3.406E+00
1.810E+00	3.383E+00	1.713E-04	3.383E+00	3.382E+00	3.383E+00	3.383E+00	3.382E+00	3.383E+00
1.820E+00	3.360E+00	1.792E-04	3.360E+00	3.359E+00	3.360E+00	3.360E+00	3.359E+00	3.360E+00
1.830E+00	3.337E+00	1.873E-04	3.337E+00	3.336E+00	3.337E+00	3.337E+00	3.337E+00	3.337E+00
1.840E+00	3.314E+00	1.954E-04	3.314E+00	3.314E+00	3.314E+00	3.314E+00	3.314E+00	3.314E+00
1.850E+00	3.291E+00	2.036E-04	3.291E+00	3.291E+00	3.291E+00	3.291E+00	3.291E+00	3.291E+00
1.860E+00	3.268E+00	2.118E-04	3.268E+00	3.268E+00	3.268E+00	3.268E+00	3.268E+00	3.268E+00
1.870E+00	3.245E+00	2.201E-04	3.246E+00	3.245E+00	3.245E+00	3.245E+00	3.245E+00	3.246E+00
1.880E+00	3.223E+00	2.285E-04	3.223E+00	3.223E+00	3.223E+00	3.223E+00	3.223E+00	3.223E+00
1.890E+00	3.200E+00	2.369E-04	3.200E+00	3.200E+00	3.200E+00	3.200E+00	3.200E+00	3.200E+00
1.900E+00	3.178E+00	2.453E-04	3.178E+00	3.177E+00	3.178E+00	3.178E+00	3.178E+00	3.178E+00
1.910E+00	3.155E+00	2.537E-04	3.155E+00	3.155E+00	3.155E+00	3.155E+00	3.155E+00	3.155E+00
1.920E+00	3.133E+00	2.622E-04	3.133E+00	3.133E+00	3.133E+00	3.133E+00	3.133E+00	3.133E+00
1.930E+00	3.111E+00	2.706E-04	3.111E+00	3.110E+00	3.111E+00	3.111E+00	3.110E+00	3.111E+00
1.940E+00	3.088E+00	2.791E-04	3.089E+00	3.088E+00	3.088E+00	3.088E+00	3.088E+00	3.088E+00
1.950E+00	3.066E+00	2.876E-04	3.066E+00	3.066E+00	3.066E+00	3.066E+00	3.066E+00	3.066E+00
1.960E+00	3.044E+00	2.961E-04	3.044E+00	3.044E+00	3.044E+00	3.044E+00	3.044E+00	3.044E+00
1.970E+00	3.022E+00	3.046E-04	3.022E+00	3.022E+00	3.022E+00	3.022E+00	3.022E+00	3.022E+00
1.980E+00	3.000E+00	3.131E-04	3.000E+00	3.000E+00	3.000E+00	3.000E+00	3.000E+00	3.000E+00
1.990E+00	2.978E+00	3.216E-04	2.978E+00	2.978E+00	2.978E+00	2.978E+00	2.978E+00	2.978E+00
2.000E+00	2.956E+00	3.300E-04	2.957E+00	2.956E+00	2.956E+00	2.956E+00	2.956E+00	2.956E+00
2.010E+00	2.935E+00	3.385E-04	2.935E+00	2.934E+00	2.935E+00	2.935E+00	2.935E+00	2.935E+00
2.020E+00	2.913E+00	3.469E-04	2.913E+00	2.913E+00	2.913E+00	2.913E+00	2.913E+00	2.913E+00
2.030E+00	2.891E+00	3.553E-04	2.892E+00	2.891E+00	2.891E+00	2.891E+00	2.891E+00	2.891E+00
2.040E+00	2.870E+00	3.637E-04	2.870E+00	2.869E+00	2.870E+00	2.870E+00	2.870E+00	2.870E+00
2.050E+00	2.848E+00	3.721E-04	2.849E+00	2.848E+00	2.848E+00	2.848E+00	2.848E+00	2.848E+00
2.060E+00	2.827E+00	3.805E-04	2.827E+00	2.827E+00	2.827E+00	2.827E+00	2.827E+00	2.827E+00
2.070E+00	2.806E+00	3.888E-04	2.806E+00	2.805E+00	2.806E+00	2.806E+00	2.806E+00	2.806E+00
2.080E+00	2.785E+00	3.971E-04	2.785E+00	2.784E+00	2.785E+00	2.785E+00	2.785E+00	2.785E+00
2.090E+00	2.763E+00	4.053E-04	2.764E+00	2.763E+00	2.763E+00	2.764E+00	2.763E+00	2.764E+00
2.100E+00	2.742E+00	4.135E-04	2.743E+00	2.742E+00	2.742E+00	2.742E+00	2.742E+00	2.743E+00
2.110E+00	2.721E+00	4.217E-04	2.722E+00	2.721E+00	2.721E+00	2.722E+00	2.721E+00	2.722E+00
2.120E+00	2.701E+00	4.299E-04	2.701E+00	2.700E+00	2.701E+00	2.701E+00	2.701E+00	2.701E+00
2.130E+00	2.680E+00	4.380E-04	2.680E+00	2.679E+00	2.680E+00	2.680E+00	2.680E+00	2.680E+00
2.140E+00	2.659E+00	4.461E-04	2.660E+00	2.659E+00	2.659E+00	2.659E+00	2.659E+00	2.659E+00
2.150E+00	2.638E+00	4.541E-04	2.639E+00	2.638E+00	2.638E+00	2.639E+00	2.638E+00	2.639E+00
2.160E+00	2.618E+00	4.621E-04	2.618E+00	2.618E+00	2.618E+00	2.618E+00	2.618E+00	2.618E+00
2.170E+00	2.598E+00	4.700E-04	2.598E+00	2.597E+00	2.597E+00	2.598E+00	2.597E+00	2.598E+00
2.180E+00	2.577E+00	4.779E-04	2.578E+00	2.577E+00	2.577E+00	2.577E+00	2.577E+00	2.577E+00
2.190E+00	2.557E+00	4.857E-04	2.557E+00	2.556E+00	2.557E+00	2.557E+00	2.557E+00	2.557E+00
2.200E+00	2.537E+00	4.935E-04	2.537E+00	2.536E+00	2.537E+00	2.537E+00	2.537E+00	2.537E+00
2.210E+00	2.517E+00	5.012E-04	2.517E+00	2.516E+00	2.517E+00	2.517E+00	2.516E+00	2.517E+00
2.220E+00	2.497E+00	5.089E-04	2.497E+00	2.496E+00	2.496E+00	2.497E+00	2.496E+00	2.497E+00
2.230E+00	2.477E+00	5.165E-04	2.477E+00	2.476E+00	2.477E+00	2.477E+00	2.477E+00	2.477E+00
2.240E+00	2.457E+00	5.241E-04	2.457E+00	2.456E+00	2.457E+00	2.457E+00	2.457E+00	2.457E+00
2.250E+00	2.437E+00	5.316E-04	2.438E+00	2.437E+00	2.437E+00	2.437E+00	2.437E+00	2.437E+00
2.260E+00	2.417E+00	5.390E-04	2.418E+00	2.417E+00	2.417E+00	2.417E+00	2.417E+00	2.417E+00
2.270E+00	2.398E+00	5.464E-04	2.398E+00	2.397E+00	2.398E+00	2.398E+00	2.398E+00	2.398E+00
2.280E+00	2.378E+00	5.537E-04	2.379E+00	2.378E+00	2.378E+00	2.378E+00	2.378E+00	2.378E+00
2.290E+00	2.359E+00	5.610E-04	2.360E+00	2.358E+00	2.359E+00	2.359E+00	2.359E+00	2.359E+00
2.300E+00	2.340E+00	5.681E-04	2.340E+00	2.339E+00	2.340E+00	2.340E+00	2.340E+00	2.340E+00
2.310E+00	2.320E+00	5.753E-04	2.321E+00	2.320E+00	2.320E+00	2.321E+00	2.320E+00	2.321E+00
2.320E+00	2.301E+00	5.823E-04	2.302E+00	2.301E+00	2.301E+00	2.301E+00	2.301E+00	2.301E+00
2.330E+00	2.282E+00	5.893E-04	2.283E+00	2.282E+00	2.282E+00	2.282E+00	2.282E+00	2.282E+00
2.340E+00	2.263E+00	5.962E-04	2.264E+00	2.263E+00	2.263E+00	2.263E+00	2.263E+00	2.264E+00
2.350E+00	2.245E+00	6.031E-04	2.245E+00	2.244E+00	2.245E+00	2.245E+00	2.245E+00	2.245E+00
2.360E+00	2.226E+00	6.099E-04	2.226E+00	2.225E+00	2.226E+00	2.226E+00	2.226E+00	2.226E+00
2.370E+00	2.207E+00	6.166E-04	2.208E+00	2.207E+00	2.207E+00	2.207E+00	2.207E+00	2.207E+00
2.380E+00	2.189E+00	6.232E-04	2.189E+00	2.188E+00	2.189E+00	2.189E+00	2.189E+00	2.189E+00
2.390E+00	2.170E+00	6.298E-04	2.171E+00	2.170E+00	2.170E+00	2.170E+00	2.170E+00	2.170E+00
2.400E+00	2.152E+00	6.363E-04	2.153E+00	2.151E+00	2.152E+00	2.152E+00	2.152E+00	2.152E+00
2.410E+00	2.134E+00	6.427E-04	2.134E+00	2.133E+00	2.134E+00	2.134E+00	2.134E+00	2.134E+00
2.420E+00	2.115E+00	6.491E-04	2.116E+00	2.115E+00	2.115E+00	2.116E+00	2.115E+00	2.116E+00
2.430E+00	2.097E+00	6.553E-04	2.098E+00	2.097E+00	2.097E+00	2.097E+00	2.097E+00	2.097E+00
2.440E+00	2.079E+00	6.615E-04	2.080E+00	2.079E+00	2.079E+00	2.079E+00	2.079E+00	2.079E+00
2.450E+00	2.062E+00	6.676E-04	2.062E+00	2.061E+00	2.061E+00	2.062E+00	2.061E+00	2.062E+00
2.460E+00	2.044E+00	6.737E-04	2.044E+00	2.043E+00	2.044E+00	2.044E+00	2.044E+00	2.044E+00
2.470E+00	2.026E+00	6.796E-04	2.027E+00	2.025E+00	2.026E+00	2.026E+00	2.026E+00	2.026E+00
2.480E+00	2.008E+00	6.855E-04	2.009E+00	2.008E+00	2.008E+00	2.009E+00	2.008E+00	2.009E+00
2.490E+00	1.991E+00	6.913E-04	1.992E+00	1.990E+00	1.991E+00	1.991E+00	1.991E+00	1.991E+00
2.500E+00	1.974E+00	6.970E-04	1.974E+00	1.973E+00	1.974E+00	1.974E+00	1.974E+00	1.974E+00
2.510E+00	1.956E+00	7.026E-04	1.957E+00	1.956E+00	1.956E+00	1.956E+00	1.956E+00	1.956E+00
2.520E+00	1.939E+00	7.082E-04	1.940E+00	1.938E+00	1.939E+00	1.939E+00	1.939E+00	1.939E+00
2.530E+00	1.922E+00	7.137E-04	1.923E+00	1.921E+00	1.922E+00	1.922E+00	1.922E+00	1.922E+00
2.540E+00	1.905E+00	7.191E-04	1.906E+00	1.904E+00	1.905E+00	1.905E+00	1.905E+00	1.905E+00
2.550E+00	1.888E+00	7.244E-04	1.889E+00	1.887E+00	1.888E+00	1.888E+00	1.888E+00	1.888E+00
2.560E+00	1.871E+00	7.296E-04	1.872E+00	1.871E+00	1.871E+00	1.871E+00	1.871E+00	1.871E+00
2.570E+00	1.855E+00	7.347E-04	1.855E+00	1.854E+00	1.855E+00	1.855E+00	1.855E+00	1.855E+00
2.580E+00	1.838E+00	7.398E-04	1.839E+00	1.837E+00	1.838E+00	1.838E+00	1.838E+00	1.838E+00
2.590E+00	1.822E+00	7.447E-04	1.822E+00	1.821E+00	1.821E+00	1.822E+00	1.821E+00	1.822E+00
2.600E+00	1.805E+00	7.496E-04	1.806E+00	1.804E+00	1.805E+00	1.805E+00	1.805E+00	1.805E+00
2.610E+00	1.789E+00	7.544E-04	1.790E+00	1.788E+00	1.789E+00	1.789E+00	1.789E+00	1.789E+00
2.620E+00	1.773E+00	7.591E-04	1.773E+00	1.772E+00	1.773E+00	1.773E+00	1.773E+00	1.773E+00
2.630E+00	1.756E+00	7.637E-04	1.757E+00	1.756E+00	1.756E+00	1.757E+00	1.756E+00	1.757E+00
2.640E+00	1.740E+00	7.683E-04	1.741E+00	1.740E+00	1.740E+00	1.741E+00	1.740E+00	1.741E+00
2.650E+00	1.725E+00	7.727E-04	1.725E+00	1.724E+00	1.724E+00	1.725E+00	1.724E+00	1.725E+00
2.660E+00	1.709E+00	7.771E-04	1.709E+00	1.708E+00	1.709E+00	1.709E+00	1.709E+00	1.709E+00
2.670E+00	1.693E+00	7.814E-04	1.694E+00	1.692E+00	1.693E+00	1.693E+00	1.693E+00	1.693E+00
2.680E+00	1.677E+00	7.856E-04	1.678E+00	1.677E+00	1.677E+00	1.677E+00	1.677E+00	1.677E+00
2.690E+00	1.662E+00	7.897E-04	1.663E+00	1.661E+00	1.662E+00	1.662E+00	1.662E+00	1.662E+00
2.700E+00	1.646E+00	7.937E-04	1.647E+00	1.646E+00	1.646E+00	1.647E+00	1.646E+00	1.647E+00
2.710E+00	1.631E+00	7.976E-04	1.632E+00	1.630E+00	1.631E+00	1.631E+00	1.631E+00	1.631E+00
2.720E+00	1.616E+00	8.015E-04	1.617E+00	1.615E+00	1.616E+00	1.616E+00	1.616E+00	1.616E+00
2.730E+00	1.601E+00	8.052E-04	1.602E+00	1.600E+00	1.601E+00	1.601E+00	1.601E+00	1.601E+00
2.740E+00	1.586E+00	8.089E-04	1.587E+00	1.585E+00	1.586E+00	1.586E+00	1.586E+00	1.586E+00
2.750E+00	1.571E+00	8.125E-04	1.572E+00	1.570E+00	1.571E+00	1.571E+00	1.571E+00	1.571E+00
2.760E+00	1.556E+00	8.160E-04	1.557E+00	1.555E+00	1.556E+00	1.556E+00	1.556E+00	1.556E+00
2.770E+00	1.541E+00	8.194E-04	1.542E+00	1.540E+00	1.541E+00	1.541E+00	1.541E+00	1.541E+00
2.780E+00	1.527E+00	8.227E-04	1.527E+00	1.526E+00	1.527E+00	1.527E+00	1.527E+00	1.527E+00
2.790E+00	1.512E+00	8.259E-04	1.513E+00	1.511E+00	1.512E+00	1.512E+00	1.512E+00	1.512E+00
2.800E+00	1.498E+00	8.290E-04	1.498E+00	1.497E+00	1.498E+00	1.498E+00	1.498E+00	1.498E+00
2.810E+00	1.483E+00	8.321E-04	1.484E+00	1.482E+00	1.483E+00	1.483E+00	1.483E+00	1.483E+00
2.820E+00	1.469E+00	8.351E-04	1.470E+00	1.468E+00	1.469E+00	1.469E+00	1.469E+00	1.469E+00
2.830E+00	1.455E+00	8.379E-04	1.456E+00	1.454E+00	1.455E+00	1.455E+00	1.455E+00	1.455E+00
2.840E+00	1.441E+00	8.407E-04	1.442E+00	1.440E+00	1.441E+00	1.441E+00	1.441E+00	1.441E+00
2.850E+00	1.427E+00	8.434E-04	1.428E+00	1.426E+00	1.427E+00	1.427E+00	1.427E+00	1.427E+00
2.860E+00	1.413E+00	8.461E-04	1.414E+00	1.412E+00	1.413E+00	1.413E+00	1.413E+00	1.413E+00
2.870E+00	1.399E+00	8.486E-04	1.400E+00	1.398E+00	1.399E+00	1.399E+00	1.399E+00	1.399E+00
2.880E+00	1.386E+00	8.510E-04	1.386E+00	1.385E+00	1.386E+00	1.386E+00	1.386E+00	1.386E+00
2.890E+00	1.372E+00	8.534E-04	1.373E+00	1.371E+00	1.372E+00	1.372E+00	1.372E+00	1.372E+00
2.900E+00	1.359E+00	8.557E-04	1.359E+00	1.358E+00	1.358E+00	1.359E+00	1.359E+00	1.359E+00
2.910E+00	1.345E+00	8.579E-04	1.346E+00	1.344E+00	1.345E+00	1.345E+00	1.345E+00	1.345E+00
2.920E+00	1.332E+00	8.600E-04	1.333E+00	1.331E+00	1.332E+00	1.332E+00	1.332E+00	1.332E+00
2.930E+00	1.319E+00	8.620E-04	1.320E+00	1.318E+00	1.319E+00	1.319E+00	1.319E+00	1.319E+00
2.940E+00	1.306E+00	8.639E-04	1.307E+00	1.305E+00	1.306E+00	1.306E+00	1.306E+00	1.306E+00
2.950E+00	1.293E+00	8.658E-04	1.294E+00	1.292E+00	1.293E+00	1.293E+00	1.293E+00	1.293E+00
2.960E+00	1.280E+00	8.675E-04	1.281E+00	1.279E+00	1.280E+00	1.280E+00	1.280E+00	1.280E+00
2.970E+00	1.267E+00	8.692E-04	1.268E+00	1.266E+00	1.267E+00	1.267E+00	1.267E+00	1.267E+00
2.980E+00	1.254E+00	8.708E-04	1.255E+00	1.253E+00	1.254E+00	1.254E+00	1.254E+00	1.254E+00
2.990E+00	1.242E+00	8.723E-04	1.243E+00	1.241E+00	1.242E+00	1.242E+00	1.242E+00	1.242E+00
3.000E+00	1.229E+00	8.738E-04	1.230E+00	1.228E+00	1.229E+00	1.229E+00	1.229E+00	1.229E+00
