1.000E-02	6.143E+00	2.766E-01	5.865E+00	6.416E+00	6.165E+00	6.120E+00	6.141E+00	6.144E+00
2.000E-02	6.137E+00	2.711E-01	5.863E+00	6.403E+00	6.160E+00	6.115E+00	6.136E+00	6.139E+00
3.000E-02	6.131E+00	2.654E-01	5.860E+00	6.389E+00	6.154E+00	6.109E+00	6.130E+00	6.133E+00
4.000E-02	6.124E+00	2.597E-01	5.857E+00	6.374E+00	6.146E+00	6.102E+00	6.122E+00	6.125E+00
5.000E-02	6.116E+00	2.540E-01	5.853E+00	6.359E+00	6.139E+00	6.094E+00	6.115E+00	6.118E+00
6.000E-02	6.108E+00	2.482E-01	5.849E+00	6.344E+00	6.130E+00	6.086E+00	6.107E+00	6.110E+00
7.000E-02	6.099E+00	2.425E-01	5.845E+00	6.328E+00	6.122E+00	6.077E+00	6.098E+00	6.101E+00
8.000E-02	6.090E+00	2.369E-01	5.840E+00	6.312E+00	6.113E+00	6.068E+00	6.089E+00	6.092E+00
9.000E-02	6.081E+00	2.312E-01	5.835E+00	6.295E+00	6.103E+00	6.059E+00	6.079E+00	6.083E+00
1.000E-01	6.071E+00	2.256E-01	5.830E+00	6.279E+00	6.093E+00	6.049E+00	6.070E+00	6.073E+00
1.100E-01	6.061E+00	2.201E-01	5.824E+00	6.262E+00	6.083E+00	6.039E+00	6.059E+00	6.063E+00
1.200E-01	6.051E+00	2.146E-01	5.818E+00	6.245E+00	6.073E+00	6.029E+00	6.049E+00	6.052E+00
1.300E-01	6.040E+00	2.092E-01	5.812E+00	6.228E+00	6.062E+00	6.018E+00	6.038E+00	6.042E+00
1.400E-01	6.029E+00	2.038E-01	5.805E+00	6.211E+00	6.051E+00	6.007E+00	6.027E+00	6.031E+00
1.500E-01	6.018E+00	1.985E-01	5.799E+00	6.193E+00	6.040E+00	5.996E+00	6.016E+00	6.020E+00
1.600E-01	6.007E+00	1.933E-01	5.792E+00	6.176E+00	6.028E+00	5.985E+00	6.005E+00	6.008E+00
1.700E-01	5.995E+00	1.881E-01	5.785E+00	6.159E+00	6.017E+00	5.973E+00	5.993E+00	5.997E+00
1.800E-01	5.983E+00	1.830E-01	5.778E+00	6.141E+00	6.005E+00	5.962E+00	5.981E+00	5.985E+00
1.900E-01	5.971E+00	1.779E-01	5.770E+00	6.123E+00	5.993E+00	5.950E+00	5.969E+00	5.973E+00
2.000E-01	5.959E+00	1.729E-01	5.762E+00	6.105E+00	5.980E+00	5.938E+00	5.957E+00	5.961E+00
2.100E-01	5.947E+00	1.680E-01	5.754E+00	6.088E+00	5.968E+00	5.926E+00	5.945E+00	5.949E+00
2.200E-01	5.934E+00	1.631E-01	5.746E+00	6.070E+00	5.955E+00	5.913E+00	5.932E+00	5.936E+00
2.300E-01	5.922E+00	1.583E-01	5.738E+00	6.052E+00	5.943E+00	5.901E+00	5.920E+00	5.924E+00
2.400E-01	5.909E+00	1.535E-01	5.730E+00	6.034E+00	5.930E+00	5.888E+00	5.907E+00	5.911E+00
2.500E-01	5.896E+00	1.488E-01	5.721E+00	6.016E+00	5.917E+00	5.875E+00	5.894E+00	5.898E+00
2.600E-01	5.883E+00	1.442E-01	5.712E+00	5.998E+00	5.903E+00	5.862E+00	5.881E+00	5.885E+00
2.700E-01	5.869E+00	1.396E-01	5.703E+00	5.979E+00	5.890E+00	5.849E+00	5.867E+00	5.871E+00
2.800E-01	5.856E+00	1.352E-01	5.694E+00	5.961E+00	5.877E+00	5.835E+00	5.854E+00	5.858E+00
2.900E-01	5.842E+00	1.307E-01	5.685E+00	5.943E+00	5.863E+00	5.822E+00	5.840E+00	5.845E+00
3.000E-01	5.829E+00	1.264E-01	5.675E+00	5.925E+00	5.849E+00	5.808E+00	5.827E+00	5.831E+00
3.100E-01	5.815E+00	1.221E-01	5.666E+00	5.907E+00	5.835E+00	5.795E+00	5.813E+00	5.817E+00
3.200E-01	5.801E+00	1.178E-01	5.656E+00	5.888E+00	5.821E+00	5.781E+00	5.799E+00	5.803E+00
3.300E-01	5.787E+00	1.136E-01	5.646E+00	5.870E+00	5.807E+00	5.767E+00	5.785E+00	5.789E+00
3.400E-01	5.773E+00	1.095E-01	5.636E+00	5.852E+00	5.793E+00	5.753E+00	5.771E+00	5.775E+00
3.500E-01	5.759E+00	1.055E-01	5.626E+00	5.833E+00	5.779E+00	5.739E+00	5.757E+00	5.761E+00
3.600E-01	5.745E+00	1.015E-01	5.616E+00	5.815E+00	5.764E+00	5.725E+00	5.742E+00	5.747E+00
3.700E-01	5.730E+00	9.756E-02	5.605E+00	5.797E+00	5.750E+00	5.711E+00	5.728E+00	5.733E+00
3.800E-01	5.716E+00	9.370E-02	5.595E+00	5.778E+00	5.735E+00	5.696E+00	5.713E+00	5.718E+00
3.900E-01	5.701E+00	8.990E-02	5.584E+00	5.760E+00	5.721E+00	5.682E+00	5.699E+00	5.704E+00
4.000E-01	5.687E+00	8.616E-02	5.573E+00	5.741E+00	5.706E+00	5.667E+00	5.684E+00	5.689E+00
4.100E-01	5.672E+00	8.249E-02	5.563E+00	5.723E+00	5.691E+00	5.653E+00	5.669E+00	5.674E+00
4.200E-01	5.657E+00	7.888E-02	5.552E+00	5.705E+00	5.676E+00	5.638E+00	5.655E+00	5.659E+00
4.300E-01	5.642E+00	7.534E-02	5.540E+00	5.686E+00	5.661E+00	5.623E+00	5.640E+00	5.645E+00
4.400E-01	5.627E+00	7.186E-02	5.529E+00	5.668E+00	5.646E+00	5.608E+00	5.625E+00	5.630E+00
4.500E-01	5.612E+00	6.844E-02	5.518E+00	5.649E+00	5.631E+00	5.593E+00	5.609E+00	5.615E+00
4.600E-01	5.597E+00	6.509E-02	5.506E+00	5.631E+00	5.615E+00	5.578E+00	5.594E+00	5.600E+00
4.700E-01	5.582E+00	6.180E-02	5.495E+00	5.613E+00	5.600E+00	5.563E+00	5.579E+00	5.584E+00
4.800E-01	5.566E+00	5.858E-02	5.483E+00	5.594E+00	5.585E+00	5.548E+00	5.564E+00	5.569E+00
4.900E-01	5.551E+00	5.543E-02	5.471E+00	5.576E+00	5.569E+00	5.533E+00	5.549E+00	5.554E+00
5.000E-01	5.536E+00	5.234E-02	5.459E+00	5.557E+00	5.554E+00	5.518E+00	5.533E+00	5.539E+00
5.100E-01	5.520E+00	4.933E-02	5.447E+00	5.539E+00	5.538E+00	5.502E+00	5.518E+00	5.523E+00
5.200E-01	5.505E+00	4.639E-02	5.435E+00	5.521E+00	5.523E+00	5.487E+00	5.502E+00	5.508E+00
5.300E-01	5.489E+00	4.353E-02	5.423E+00	5.502E+00	5.507E+00	5.472E+00	5.487E+00	5.492E+00
5.400E-01	5.474E+00	4.074E-02	5.411E+00	5.484E+00	5.491E+00	5.456E+00	5.471E+00	5.477E+00
5.500E-01	5.458E+00	3.804E-02	5.398E+00	5.466E+00	5.476E+00	5.441E+00	5.455E+00	5.461E+00
5.600E-01	5.442E+00	3.542E-02	5.386E+00	5.447E+00	5.460E+00	5.425E+00	5.440E+00	5.445E+00
5.700E-01	5.427E+00	3.290E-02	5.373E+00	5.429E+00	5.444E+00	5.409E+00	5.424E+00	5.430E+00
5.800E-01	5.411E+00	3.049E-02	5.361E+00	5.411E+00	5.428E+00	5.394E+00	5.408E+00	5.414E+00
5.900E-01	5.395E+00	2.819E-02	5.348E+00	5.393E+00	5.412E+00	5.378E+00	5.392E+00	5.398E+00
6.000E-01	5.379E+00	2.601E-02	5.335E+00	5.374E+00	5.396E+00	5.362E+00	5.376E+00	5.382E+00
6.100E-01	5.363E+00	2.398E-02	5.322E+00	5.356E+00	5.380E+00	5.347E+00	5.360E+00	5.366E+00
6.200E-01	5.347E+00	2.212E-02	5.309E+00	5.338E+00	5.364E+00	5.331E+00	5.344E+00	5.350E+00
6.300E-01	5.331E+00	2.045E-02	5.296E+00	5.320E+00	5.348E+00	5.315E+00	5.328E+00	5.334E+00
6.400E-01	5.315E+00	1.901E-02	5.283E+00	5.302E+00	5.332E+00	5.299E+00	5.312E+00	5.318E+00
6.500E-01	5.299E+00	1.782E-02	5.270E+00	5.284E+00	5.315E+00	5.283E+00	5.296E+00	5.302E+00
6.600E-01	5.283E+00	1.692E-02	5.257E+00	5.266E+00	5.299E+00	5.267E+00	5.280E+00	5.286E+00
6.700E-01	5.267E+00	1.634E-02	5.243E+00	5.248E+00	5.283E+00	5.251E+00	5.264E+00	5.270E+00
6.800E-01	5.251E+00	1.609E-02	5.230E+00	5.230E+00	5.267E+00	5.235E+00	5.248E+00	5.254E+00
6.900E-01	5.235E+00	1.616E-02	5.217E+00	5.212E+00	5.250E+00	5.219E+00	5.231E+00	5.238E+00
7.000E-01	5.218E+00	1.653E-02	5.203E+00	5.194E+00	5.234E+00	5.203E+00	5.215E+00	5.222E+00
7.100E-01	5.202E+00	1.716E-02	5.189E+00	5.176E+00	5.218E+00	5.187E+00	5.199E+00	5.206E+00
7.200E-01	5.186E+00	1.801E-02	5.176E+00	5.158E+00	5.201E+00	5.171E+00	5.183E+00	5.189E+00
7.300E-01	5.170E+00	1.904E-02	5.162E+00	5.140E+00	5.185E+00	5.155E+00	5.166E+00	5.173E+00
7.400E-01	5.153E+00	2.020E-02	5.148E+00	5.122E+00	5.168E+00	5.138E+00	5.150E+00	5.157E+00
7.500E-01	5.137E+00	2.146E-02	5.134E+00	5.104E+00	5.152E+00	5.122E+00	5.134E+00	5.140E+00
7.600E-01	5.121E+00	2.279E-02	5.120E+00	5.086E+00	5.135E+00	5.106E+00	5.117E+00	5.124E+00
7.700E-01	5.104E+00	2.417E-02	5.106E+00	5.068E+00	5.119E+00	5.090E+00	5.101E+00	5.108E+00
7.800E-01	5.088E+00	2.559E-02	5.092E+00	5.051E+00	5.102E+00	5.073E+00	5.084E+00	5.091E+00
7.900E-01	5.071E+00	2.702E-02	5.078E+00	5.033E+00	5.086E+00	5.057E+00	5.068E+00	5.075E+00
8.000E-01	5.055E+00	2.845E-02	5.064E+00	5.015E+00	5.069E+00	5.041E+00	5.051E+00	5.059E+00
8.100E-01	5.039E+00	2.989E-02	5.050E+00	4.998E+00	5.053E+00	5.025E+00	5.035E+00	5.042E+00
8.200E-01	5.022E+00	3.132E-02	5.036E+00	4.980E+00	5.036E+00	5.008E+00	5.018E+00	5.026E+00
8.300E-01	5.006E+00	3.274E-02	5.021E+00	4.962E+00	5.019E+00	4.992E+00	5.002E+00	5.009E+00
8.400E-01	4.989E+00	3.414E-02	5.007E+00	4.945E+00	5.003E+00	4.976E+00	4.985E+00	4.993E+00
8.500E-01	4.973E+00	3.552E-02	4.993E+00	4.927E+00	4.986E+00	4.959E+00	4.969E+00	4.977E+00
8.600E-01	4.956E+00	3.687E-02	4.978E+00	4.910E+00	4.970E+00	4.943E+00	4.952E+00	4.960E+00
8.700E-01	4.940E+00	3.821E-02	4.964E+00	4.892E+00	4.953E+00	4.927E+00	4.936E+00	4.944E+00
8.800E-01	4.923E+00	3.951E-02	4.949E+00	4.875E+00	4.936E+00	4.910E+00	4.919E+00	4.927E+00
8.900E-01	4.907E+00	4.079E-02	4.935E+00	4.858E+00	4.920E+00	4.894E+00	4.903E+00	4.911E+00
9.000E-01	4.890E+00	4.204E-02	4.920E+00	4.840E+00	4.903E+00	4.877E+00	4.886E+00	4.894E+00
9.100E-01	4.874E+00	4.326E-02	4.905E+00	4.823E+00	4.886E+00	4.861E+00	4.870E+00	4.878E+00
9.200E-01	4.857E+00	4.445E-02	4.891E+00	4.806E+00	4.870E+00	4.845E+00	4.853E+00	4.861E+00
9.300E-01	4.841E+00	4.561E-02	4.876E+00	4.788E+00	4.853E+00	4.828E+00	4.837E+00	4.845E+00
9.400E-01	4.824E+00	4.674E-02	4.861E+00	4.771E+00	4.836E+00	4.812E+00	4.820E+00	4.828E+00
9.500E-01	4.808E+00	4.784E-02	4.846E+00	4.754E+00	4.820E+00	4.795E+00	4.804E+00	4.812E+00
9.600E-01	4.791E+00	4.890E-02	4.831E+00	4.737E+00	4.803E+00	4.779E+00	4.787E+00	4.795E+00
9.700E-01	4.775E+00	4.994E-02	4.817E+00	4.720E+00	4.786E+00	4.763E+00	4.770E+00	4.779E+00
9.800E-01	4.758E+00	5.094E-02	4.802E+00	4.703E+00	4.770E+00	4.746E+00	4.754E+00	4.762E+00
9.900E-01	4.741E+00	5.191E-02	4.787E+00	4.686E+00	4.753E+00	4.730E+00	4.737E+00	4.746E+00
1.000E+00	4.725E+00	5.285E-02	4.772E+00	4.669E+00	4.736E+00	4.713E+00	4.721E+00	4.729E+00
1.010E+00	4.708E+00	5.375E-02	4.757E+00	4.652E+00	4.720E+00	4.697E+00	4.704E+00	4.713E+00
1.020E+00	4.692E+00	5.463E-02	4.742E+00	4.635E+00	4.703E+00	4.681E+00	4.688E+00	4.696E+00
1.030E+00	4.675E+00	5.547E-02	4.727E+00	4.618E+00	4.686E+00	4.664E+00	4.671E+00	4.680E+00
1.040E+00	4.659E+00	5.629E-02	4.711E+00	4.601E+00	4.670E+00	4.648E+00	4.655E+00	4.663E+00
1.050E+00	4.642E+00	5.707E-02	4.696E+00	4.585E+00	4.653E+00	4.632E+00	4.638E+00	4.647E+00
1.060E+00	4.626E+00	5.782E-02	4.681E+00	4.568E+00	4.636E+00	4.615E+00	4.621E+00	4.630E+00
1.070E+00	4.609E+00	5.854E-02	4.666E+00	4.551E+00	4.620E+00	4.599E+00	4.605E+00	4.614E+00
1.080E+00	4.593E+00	5.923E-02	4.651E+00	4.534E+00	4.603E+00	4.582E+00	4.588E+00	4.597E+00
1.090E+00	4.576E+00	5.989E-02	4.635E+00	4.518E+00	4.587E+00	4.566E+00	4.572E+00	4.581E+00
1.100E+00	4.560E+00	6.052E-02	4.620E+00	4.501E+00	4.570E+00	4.550E+00	4.555E+00	4.564E+00
1.110E+00	4.543E+00	6.111E-02	4.605E+00	4.485E+00	4.553E+00	4.533E+00	4.539E+00	4.548E+00
1.120E+00	4.527E+00	6.168E-02	4.590E+00	4.468E+00	4.537E+00	4.517E+00	4.522E+00	4.532E+00
1.130E+00	4.511E+00	6.222E-02	4.574E+00	4.452E+00	4.520E+00	4.501E+00	4.506E+00	4.515E+00
1.140E+00	4.494E+00	6.274E-02	4.559E+00	4.435E+00	4.504E+00	4.485E+00	4.490E+00	4.499E+00
1.150E+00	4.478E+00	6.322E-02	4.544E+00	4.419E+00	4.487E+00	4.468E+00	4.473E+00	4.482E+00
1.160E+00	4.461E+00	6.367E-02	4.528E+00	4.403E+00	4.471E+00	4.452E+00	4.457E+00	4.466E+00
1.170E+00	4.445E+00	6.410E-02	4.513E+00	4.386E+00	4.454E+00	4.436E+00	4.440E+00	4.450E+00
1.180E+00	4.429E+00	6.450E-02	4.497E+00	4.370E+00	4.438E+00	4.420E+00	4.424E+00	4.433E+00
1.190E+00	4.412E+00	6.487E-02	4.482E+00	4.354E+00	4.421E+00	4.403E+00	4.408E+00	4.417E+00
1.200E+00	4.396E+00	6.521E-02	4.467E+00	4.338E+00	4.405E+00	4.387E+00	4.391E+00	4.401E+00
1.210E+00	4.380E+00	6.553E-02	4.451E+00	4.322E+00	4.388E+00	4.371E+00	4.375E+00	4.384E+00
1.220E+00	4.363E+00	6.582E-02	4.436E+00	4.305E+00	4.372E+00	4.355E+00	4.359E+00	4.368E+00
1.230E+00	4.347E+00	6.608E-02	4.420E+00	4.289E+00	4.355E+00	4.339E+00	4.342E+00	4.352E+00
1.240E+00	4.331E+00	6.632E-02	4.405E+00	4.273E+00	4.339E+00	4.322E+00	4.326E+00	4.336E+00
1.250E+00	4.314E+00	6.653E-02	4.389E+00	4.257E+00	4.323E+00	4.306E+00	4.310E+00	4.319E+00
1.260E+00	4.298E+00	6.671E-02	4.374E+00	4.241E+00	4.306E+00	4.290E+00	4.293E+00	4.303E+00
1.270E+00	4.282E+00	6.687E-02	4.358E+00	4.226E+00	4.290E+00	4.274E+00	4.277E+00	4.287E+00
1.280E+00	4.266E+00	6.701E-02	4.343E+00	4.210E+00	4.274E+00	4.258E+00	4.261E+00	4.271E+00
1.290E+00	4.250E+00	6.712E-02	4.327E+00	4.194E+00	4.257E+00	4.242E+00	4.245E+00	4.255E+00
1.300E+00	4.234E+00	6.721E-02	4.311E+00	4.178E+00	4.241E+00	4.226E+00	4.229E+00	4.238E+00
1.310E+00	4.217E+00	6.727E-02	4.296E+00	4.163E+00	4.225E+00	4.210E+00	4.212E+00	4.222E+00
1.320E+00	4.201E+00	6.731E-02	4.280E+00	4.147E+00	4.208E+00	4.194E+00	4.196E+00	4.206E+00
1.330E+00	4.185E+00	6.732E-02	4.265E+00	4.131E+00	4.192E+00	4.178E+00	4.180E+00	4.190E+00
1.340E+00	4.169E+00	6.731E-02	4.249E+00	4.116E+00	4.176E+00	4.162E+00	4.164E+00	4.174E+00
1.350E+00	4.153E+00	6.728E-02	4.234E+00	4.100E+00	4.160E+00	4.146E+00	4.148E+00	4.158E+00
1.360E+00	4.137E+00	6.723E-02	4.218E+00	4.085E+00	4.144E+00	4.130E+00	4.132E+00	4.142E+00
1.370E+00	4.121E+00	6.715E-02	4.202E+00	4.069E+00	4.128E+00	4.114E+00	4.116E+00	4.126E+00
1.380E+00	4.105E+00	6.705E-02	4.187E+00	4.054E+00	4.111E+00	4.098E+00	4.100E+00	4.110E+00
1.390E+00	4.089E+00	6.693E-02	4.171E+00	4.038E+00	4.095E+00	4.083E+00	4.084E+00	4.094E+00
1.400E+00	4.073E+00	6.679E-02	4.156E+00	4.023E+00	4.079E+00	4.067E+00	4.068E+00	4.078E+00
1.410E+00	4.057E+00	6.663E-02	4.140E+00	4.008E+00	4.063E+00	4.051E+00	4.052E+00	4.062E+00
1.420E+00	4.041E+00	6.645E-02	4.125E+00	3.993E+00	4.047E+00	4.035E+00	4.036E+00	4.047E+00
1.430E+00	4.025E+00	6.624E-02	4.109E+00	3.977E+00	4.031E+00	4.020E+00	4.020E+00	4.031E+00
1.440E+00	4.010E+00	6.602E-02	4.093E+00	3.962E+00	4.015E+00	4.004E+00	4.004E+00	4.015E+00
1.450E+00	3.994E+00	6.577E-02	4.078E+00	3.947E+00	3.999E+00	3.988E+00	3.989E+00	3.999E+00
1.460E+00	3.978E+00	6.551E-02	4.062E+00	3.932E+00	3.984E+00	3.973E+00	3.973E+00	3.983E+00
1.470E+00	3.962E+00	6.523E-02	4.047E+00	3.917E+00	3.968E+00	3.957E+00	3.957E+00	3.968E+00
1.480E+00	3.947E+00	6.492E-02	4.031E+00	3.902E+00	3.952E+00	3.941E+00	3.941E+00	3.952E+00
1.490E+00	3.931E+00	6.460E-02	4.015E+00	3.887E+00	3.936E+00	3.926E+00	3.926E+00	3.936E+00
1.500E+00	3.915E+00	6.426E-02	4.000E+00	3.872E+00	3.920E+00	3.910E+00	3.910E+00	3.921E+00
1.510E+00	3.900E+00	6.390E-02	3.984E+00	3.857E+00	3.904E+00	3.895E+00	3.894E+00	3.905E+00
1.520E+00	3.884E+00	6.353E-02	3.969E+00	3.843E+00	3.889E+00	3.879E+00	3.879E+00	3.889E+00
1.530E+00	3.868E+00	6.313E-02	3.953E+00	3.828E+00	3.873E+00	3.864E+00	3.863E+00	3.874E+00
1.540E+00	3.853E+00	6.272E-02	3.938E+00	3.813E+00	3.857E+00	3.848E+00	3.847E+00	3.858E+00
1.550E+00	3.837E+00	6.229E-02	3.922E+00	3.798E+00	3.842E+00	3.833E+00	3.832E+00	3.843E+00
1.560E+00	3.822E+00	6.184E-02	3.907E+00	3.784E+00	3.826E+00	3.817E+00	3.816E+00	3.827E+00
1.570E+00	3.806E+00	6.138E-02	3.891E+00	3.769E+00	3.811E+00	3.802E+00	3.801E+00	3.812E+00
1.580E+00	3.791E+00	6.090E-02	3.876E+00	3.755E+00	3.795E+00	3.787E+00	3.785E+00	3.796E+00
1.590E+00	3.775E+00	6.041E-02	3.860E+00	3.740E+00	3.779E+00	3.771E+00	3.770E+00	3.781E+00
1.600E+00	3.760E+00	5.989E-02	3.845E+00	3.726E+00	3.764E+00	3.756E+00	3.755E+00	3.766E+00
1.610E+00	3.745E+00	5.937E-02	3.829E+00	3.711E+00	3.749E+00	3.741E+00	3.739E+00	3.750E+00
1.620E+00	3.729E+00	5.882E-02	3.814E+00	3.697E+00	3.733E+00	3.726E+00	3.724E+00	3.735E+00
1.630E+00	3.714E+00	5.827E-02	3.798E+00	3.683E+00	3.718E+00	3.711E+00	3.709E+00	3.720E+00
1.640E+00	3.699E+00	5.769E-02	3.783E+00	3.668E+00	3.702E+00	3.695E+00	3.693E+00	3.705E+00
1.650E+00	3.684E+00	5.711E-02	3.768E+00	3.654E+00	3.687E+00	3.680E+00	3.678E+00	3.689E+00
1.660E+00	3.669E+00	5.650E-02	3.752E+00	3.640E+00	3.672E+00	3.665E+00	3.663E+00	3.674E+00
1.670E+00	3.653E+00	5.589E-02	3.737E+00	3.626E+00	3.656E+00	3.650E+00	3.648E+00	3.659E+00
1.680E+00	3.638E+00	5.526E-02	3.722E+00	3.612E+00	3.641E+00	3.635E+00	3.633E+00	3.644E+00
1.690E+00	3.623E+00	5.461E-02	3.706E+00	3.598E+00	3.626E+00	3.620E+00	3.617E+00	3.629E+00
1.700E+00	3.608E+00	5.396E-02	3.691E+00	3.584E+00	3.611E+00	3.605E+00	3.602E+00	3.614E+00
1.710E+00	3.593E+00	5.329E-02	3.676E+00	3.570E+00	3.596E+00	3.590E+00	3.587E+00	3.599E+00
1.720E+00	3.578E+00	5.260E-02	3.660E+00	3.556E+00	3.581E+00	3.576E+00	3.572E+00	3.584E+00
1.730E+00	3.563E+00	5.191E-02	3.645E+00	3.542E+00	3.566E+00	3.561E+00	3.557E+00	3.569E+00
1.740E+00	3.548E+00	5.120E-02	3.630E+00	3.528E+00	3.551E+00	3.546E+00	3.542E+00	3.554E+00
1.750E+00	3.533E+00	5.048E-02	3.614E+00	3.514E+00	3.536E+00	3.531E+00	3.528E+00	3.539E+00
1.760E+00	3.519E+00	4.975E-02	3.599E+00	3.500E+00	3.521E+00	3.516E+00	3.513E+00	3.524E+00
1.770E+00	3.504E+00	4.900E-02	3.584E+00	3.487E+00	3.506E+00	3.502E+00	3.498E+00	3.510E+00
1.780E+00	3.489E+00	4.825E-02	3.569E+00	3.473E+00	3.491E+00	3.487E+00	3.483E+00	3.495E+00
1.790E+00	3.474E+00	4.748E-02	3.554E+00	3.459E+00	3.476E+00	3.472E+00	3.468E+00	3.480E+00
1.800E+00	3.459E+00	4.670E-02	3.538E+00	3.446E+00	3.461E+00	3.458E+00	3.454E+00	3.465E+00
1.810E+00	3.445E+00	4.592E-02	3.523E+00	3.432E+00	3.446E+00	3.443E+00	3.439E+00	3.451E+00
1.820E+00	3.430E+00	4.512E-02	3.508E+00	3.419E+00	3.432E+00	3.429E+00	3.424E+00	3.436E+00
1.830E+00	3.416E+00	4.431E-02	3.493E+00	3.405E+00	3.417E+00	3.414E+00	3.410E+00	3.422E+00
1.840E+00	3.401E+00	4.349E-02	3.478E+00	3.392E+00	3.402E+00	3.400E+00	3.395E+00	3.407E+00
1.850E+00	3.386E+00	4.266E-02	3.463E+00	3.379E+00	3.388E+00	3.385E+00	3.380E+00	3.392E+00
1.860E+00	3.372E+00	4.182E-02	3.448E+00	3.365E+00	3.373E+00	3.371E+00	3.366E+00	3.378E+00
1.870E+00	3.358E+00	4.098E-02	3.433E+00	3.352E+00	3.358E+00	3.356E+00	3.352E+00	3.364E+00
1.880E+00	3.343E+00	4.012E-02	3.418E+00	3.339E+00	3.344E+00	3.342E+00	3.337E+00	3.349E+00
1.890E+00	3.329E+00	3.926E-02	3.403E+00	3.326E+00	3.329E+00	3.328E+00	3.323E+00	3.335E+00
1.900E+00	3.314E+00	3.838E-02	3.388E+00	3.312E+00	3.315E+00	3.314E+00	3.308E+00	3.320E+00
1.910E+00	3.300E+00	3.750E-02	3.373E+00	3.299E+00	3.301E+00	3.299E+00	3.294E+00	3.306E+00
1.920E+00	3.286E+00	3.661E-02	3.358E+00	3.286E+00	3.286E+00	3.285E+00	3.280E+00	3.292E+00
1.930E+00	3.272E+00	3.572E-02	3.344E+00	3.273E+00	3.272E+00	3.271E+00	3.265E+00	3.278E+00
1.940E+00	3.257E+00	3.481E-02	3.329E+00	3.260E+00	3.258E+00	3.257E+00	3.251E+00	3.263E+00
1.950E+00	3.243E+00	3.390E-02	3.314E+00	3.247E+00	3.243E+00	3.243E+00	3.237E+00	3.249E+00
1.960E+00	3.229E+00	3.298E-02	3.299E+00	3.234E+00	3.229E+00	3.229E+00	3.223E+00	3.235E+00
1.970E+00	3.215E+00	3.206E-02	3.284E+00	3.222E+00	3.215E+00	3.215E+00	3.209E+00	3.221E+00
1.980E+00	3.201E+00	3.113E-02	3.270E+00	3.209E+00	3.201E+00	3.201E+00	3.195E+00	3.207E+00
1.990E+00	3.187E+00	3.019E-02	3.255E+00	3.196E+00	3.187E+00	3.187E+00	3.181E+00	3.193E+00
2.000E+00	3.173E+00	2.925E-02	3.240E+00	3.183E+00	3.173E+00	3.173E+00	3.167E+00	3.179E+00
2.010E+00	3.159E+00	2.830E-02	3.226E+00	3.171E+00	3.159E+00	3.159E+00	3.153E+00	3.165E+00
2.020E+00	3.145E+00	2.735E-02	3.211E+00	3.158E+00	3.145E+00	3.146E+00	3.139E+00	3.151E+00
2.030E+00	3.131E+00	2.639E-02	3.197E+00	3.145E+00	3.131E+00	3.132E+00	3.125E+00	3.137E+00
2.040E+00	3.117E+00	2.543E-02	3.182E+00	3.133E+00	3.117E+00	3.118E+00	3.111E+00	3.124E+00
2.050E+00	3.104E+00	2.447E-02	3.168E+00	3.120E+00	3.103E+00	3.104E+00	3.097E+00	3.110E+00
2.060E+00	3.090E+00	2.350E-02	3.153E+00	3.108E+00	3.089E+00	3.091E+00	3.084E+00	3.096E+00
2.070E+00	3.076E+00	2.254E-02	3.139E+00	3.095E+00	3.075E+00	3.077E+00	3.070E+00	3.082E+00
2.080E+00	3.063E+00	2.157E-02	3.124E+00	3.083E+00	3.062E+00	3.063E+00	3.056E+00	3.069E+00
2.090E+00	3.049E+00	2.060E-02	3.110E+00	3.071E+00	3.048E+00	3.050E+00	3.043E+00	3.055E+00
2.100E+00	3.035E+00	1.963E-02	3.095E+00	3.058E+00	3.034E+00	3.036E+00	3.029E+00	3.042E+00
2.110E+00	3.022E+00	1.866E-02	3.081E+00	3.046E+00	3.021E+00	3.023E+00	3.016E+00	3.028E+00
2.120E+00	3.008E+00	1.770E-02	3.067E+00	3.034E+00	3.007E+00	3.010E+00	3.002E+00	3.015E+00
2.130E+00	2.995E+00	1.674E-02	3.052E+00	3.022E+00	2.993E+00	2.996E+00	2.989E+00	3.001E+00
2.140E+00	2.981E+00	1.578E-02	3.038E+00	3.009E+00	2.980E+00	2.983E+00	2.975E+00	2.988E+00
2.150E+00	2.968E+00	1.484E-02	3.024E+00	2.997E+00	2.966E+00	2.970E+00	2.962E+00	2.974E+00
2.160E+00	2.955E+00	1.391E-02	3.010E+00	2.985E+00	2.953E+00	2.956E+00	2.948E+00	2.961E+00
2.170E+00	2.941E+00	1.299E-02	2.996E+00	2.973E+00	2.940E+00	2.943E+00	2.935E+00	2.948E+00
2.180E+00	2.928E+00	1.210E-02	2.982E+00	2.961E+00	2.926E+00	2.930E+00	2.922E+00	2.934E+00
2.190E+00	2.915E+00	1.123E-02	2.967E+00	2.949E+00	2.913E+00	2.917E+00	2.909E+00	2.921E+00
2.200E+00	2.902E+00	1.040E-02	2.953E+00	2.937E+00	2.900E+00	2.904E+00	2.895E+00	2.908E+00
2.210E+00	2.889E+00	9.611E-03	2.939E+00	2.925E+00	2.887E+00	2.891E+00	2.882E+00	2.895E+00
2.220E+00	2.875E+00	8.883E-03	2.925E+00	2.914E+00	2.873E+00	2.878E+00	2.869E+00	2.882E+00
2.230E+00	2.862E+00	8.232E-03	2.911E+00	2.902E+00	2.860E+00	2.865E+00	2.856E+00	2.869E+00
2.240E+00	2.849E+00	7.679E-03	2.898E+00	2.890E+00	2.847E+00	2.852E+00	2.843E+00	2.856E+00
2.250E+00	2.836E+00	7.247E-03	2.884E+00	2.878E+00	2.834E+00	2.839E+00	2.830E+00	2.843E+00
2.260E+00	2.823E+00	6.961E-03	2.870E+00	2.867E+00	2.821E+00	2.826E+00	2.817E+00	2.830E+00
2.270E+00	2.811E+00	6.840E-03	2.856E+00	2.855E+00	2.808E+00	2.813E+00	2.804E+00	2.817E+00
2.280E+00	2.798E+00	6.895E-03	2.842E+00	2.844E+00	2.795E+00	2.800E+00	2.791E+00	2.804E+00
2.290E+00	2.785E+00	7.122E-03	2.828E+00	2.832E+00	2.782E+00	2.787E+00	2.778E+00	2.791E+00
2.300E+00	2.772E+00	7.507E-03	2.815E+00	2.821E+00	2.769E+00	2.775E+00	2.766E+00	2.778E+00
2.310E+00	2.759E+00	8.028E-03	2.801E+00	2.809E+00	2.756E+00	2.762E+00	2.753E+00	2.766E+00
2.320E+00	2.747E+00	8.661E-03	2.787E+00	2.798E+00	2.744E+00	2.749E+00	2.740E+00	2.753E+00
2.330E+00	2.734E+00	9.385E-03	2.774E+00	2.786E+00	2.731E+00	2.737E+00	2.728E+00	2.740E+00
2.340E+00	2.721E+00	1.018E-02	2.760E+00	2.775E+00	2.718E+00	2.724E+00	2.715E+00	2.728E+00
2.350E+00	2.709E+00	1.103E-02	2.747E+00	2.764E+00	2.706E+00	2.712E+00	2.702E+00	2.715E+00
2.360E+00	2.696E+00	1.193E-02	2.733E+00	2.752E+00	2.693E+00	2.699E+00	2.690E+00	2.703E+00
2.370E+00	2.684E+00	1.286E-02	2.720E+00	2.741E+00	2.680E+00	2.687E+00	2.677E+00	2.690E+00
2.380E+00	2.671E+00	1.382E-02	2.706E+00	2.730E+00	2.668E+00	2.675E+00	2.665E+00	2.678E+00
2.390E+00	2.659E+00	1.481E-02	2.693E+00	2.719E+00	2.655E+00	2.662E+00	2.652E+00	2.665E+00
2.400E+00	2.646E+00	1.581E-02	2.680E+00	2.708E+00	2.643E+00	2.650E+00	2.640E+00	2.653E+00
2.410E+00	2.634E+00	1.683E-02	2.666E+00	2.697E+00	2.631E+00	2.638E+00	2.628E+00	2.641E+00
2.420E+00	2.622E+00	1.786E-02	2.653E+00	2.686E+00	2.618E+00	2.625E+00	2.615E+00	2.628E+00
2.430E+00	2.610E+00	1.891E-02	2.640E+00	2.675E+00	2.606E+00	2.613E+00	2.603E+00	2.616E+00
2.440E+00	2.597E+00	1.996E-02	2.627E+00	2.664E+00	2.594E+00	2.601E+00	2.591E+00	2.604E+00
2.450E+00	2.585E+00	2.102E-02	2.614E+00	2.653E+00	2.581E+00	2.589E+00	2.579E+00	2.592E+00
2.460E+00	2.573E+00	2.209E-02	2.600E+00	2.642E+00	2.569E+00	2.577E+00	2.567E+00	2.579E+00
2.470E+00	2.561E+00	2.316E-02	2.587E+00	2.631E+00	2.557E+00	2.565E+00	2.555E+00	2.567E+00
2.480E+00	2.549E+00	2.424E-02	2.574E+00	2.620E+00	2.545E+00	2.553E+00	2.542E+00	2.555E+00
2.490E+00	2.537E+00	2.532E-02	2.561E+00	2.610E+00	2.533E+00	2.541E+00	2.530E+00	2.543E+00
2.500E+00	2.525E+00	2.640E-02	2.548E+00	2.599E+00	2.521E+00	2.529E+00	2.518E+00	2.531E+00
2.510E+00	2.513E+00	2.749E-02	2.535E+00	2.588E+00	2.509E+00	2.517E+00	2.507E+00	2.519E+00
2.520E+00	2.501E+00	2.858E-02	2.522E+00	2.578E+00	2.497E+00	2.505E+00	2.495E+00	2.508E+00
2.530E+00	2.489E+00	2.967E-02	2.510E+00	2.567E+00	2.485E+00	2.494E+00	2.483E+00	2.496E+00
2.540E+00	2.477E+00	3.077E-02	2.497E+00	2.556E+00	2.473E+00	2.482E+00	2.471E+00	2.484E+00
2.550E+00	2.466E+00	3.187E-02	2.484E+00	2.546E+00	2.461E+00	2.470E+00	2.459E+00	2.472E+00
2.560E+00	2.454E+00	3.296E-02	2.471E+00	2.535E+00	2.449E+00	2.458E+00	2.448E+00	2.460E+00
2.570E+00	2.442E+00	3.406E-02	2.459E+00	2.525E+00	2.438E+00	2.447E+00	2.436E+00	2.449E+00
2.580E+00	2.431E+00	3.516E-02	2.446E+00	2.515E+00	2.426E+00	2.435E+00	2.424E+00	2.437E+00
2.590E+00	2.419E+00	3.626E-02	2.433E+00	2.504E+00	2.414E+00	2.424E+00	2.413E+00	2.425E+00
2.600E+00	2.407E+00	3.736E-02	2.421E+00	2.494E+00	2.403E+00	2.412E+00	2.401E+00	2.414E+00
2.610E+00	2.396E+00	3.845E-02	2.408E+00	2.483E+00	2.391E+00	2.401E+00	2.389E+00	2.402E+00
2.620E+00	2.384E+00	3.955E-02	2.396E+00	2.473E+00	2.380E+00	2.389E+00	2.378E+00	2.391E+00
2.630E+00	2.373E+00	4.065E-02	2.383E+00	2.463E+00	2.368E+00	2.378E+00	2.367E+00	2.379E+00
2.640E+00	2.362E+00	4.175E-02	2.371E+00	2.453E+00	2.357E+00	2.367E+00	2.355E+00	2.368E+00
2.650E+00	2.350E+00	4.284E-02	2.359E+00	2.443E+00	2.345E+00	2.355E+00	2.344E+00	2.357E+00
2.660E+00	2.339E+00	4.394E-02	2.346E+00	2.433E+00	2.334E+00	2.344E+00	2.332E+00	2.345E+00
2.670E+00	2.328E+00	4.503E-02	2.334E+00	2.422E+00	2.323E+00	2.333E+00	2.321E+00	2.334E+00
2.680E+00	2.316E+00	4.612E-02	2.322E+00	2.412E+00	2.311E+00	2.322E+00	2.310E+00	2.323E+00
2.690E+00	2.305E+00	4.721E-02	2.309E+00	2.402E+00	2.300E+00	2.310E+00	2.299E+00	2.312E+00
2.700E+00	2.294E+00	4.830E-02	2.297E+00	2.392E+00	2.289E+00	2.299E+00	2.288E+00	2.301E+00
2.710E+00	2.283E+00	4.939E-02	2.285E+00	2.383E+00	2.278E+00	2.288E+00	2.277E+00	2.289E+00
2.720E+00	2.272E+00	5.048E-02	2.273E+00	2.373E+00	2.266E+00	2.277E+00	2.265E+00	2.278E+00
2.730E+00	2.261E+00	5.156E-02	2.261E+00	2.363E+00	2.255E+00	2.266E+00	2.254E+00	2.267E+00
2.740E+00	2.250E+00	5.265E-02	2.249E+00	2.353E+00	2.244E+00	2.255E+00	2.243E+00	2.256E+00
2.750E+00	2.239E+00	5.373E-02	2.237E+00	2.343E+00	2.233E+00	2.244E+00	2.232E+00	2.245E+00
2.760E+00	2.228E+00	5.480E-02	2.225E+00	2.333E+00	2.222E+00	2.234E+00	2.222E+00	2.234E+00
2.770E+00	2.217E+00	5.588E-02	2.213E+00	2.324E+00	2.211E+00	2.223E+00	2.211E+00	2.224E+00
2.780E+00	2.206E+00	5.695E-02	2.201E+00	2.314E+00	2.201E+00	2.212E+00	2.200E+00	2.213E+00
2.790E+00	2.195E+00	5.802E-02	2.190E+00	2.304E+00	2.190E+00	2.201E+00	2.189E+00	2.202E+00
2.800E+00	2.185E+00	5.909E-02	2.178E+00	2.295E+00	2.179E+00	2.190E+00	2.178E+00	2.191E+00
2.810E+00	2.174E+00	6.016E-02	2.166E+00	2.285E+00	2.168E+00	2.180E+00	2.168E+00	2.180E+00
2.820E+00	2.163E+00	6.122E-02	2.154E+00	2.276E+00	2.157E+00	2.169E+00	2.157E+00	2.170E+00
2.830E+00	2.153E+00	6.228E-02	2.143E+00	2.266E+00	2.147E+00	2.159E+00	2.146E+00	2.159E+00
2.840E+00	2.142E+00	6.334E-02	2.131E+00	2.257E+00	2.136E+00	2.148E+00	2.136E+00	2.149E+00
2.850E+00	2.132E+00	6.439E-02	2.120E+00	2.247E+00	2.126E+00	2.138E+00	2.125E+00	2.138E+00
2.860E+00	2.121E+00	6.544E-02	2.108E+00	2.238E+00	2.115E+00	2.127E+00	2.115E+00	2.127E+00
2.870E+00	2.111E+00	6.649E-02	2.097E+00	2.228E+00	2.104E+00	2.117E+00	2.104E+00	2.117E+00
2.880E+00	2.100E+00	6.753E-02	2.085E+00	2.219E+00	2.094E+00	2.106E+00	2.094E+00	2.107E+00
2.890E+00	2.090E+00	6.857E-02	2.074E+00	2.210E+00	2.084E+00	2.096E+00	2.083E+00	2.096E+00
2.900E+00	2.079E+00	6.961E-02	2.062E+00	2.201E+00	2.073E+00	2.086E+00	2.073E+00	2.086E+00
2.910E+00	2.069E+00	7.064E-02	2.051E+00	2.191E+00	2.063E+00	2.075E+00	2.063E+00	2.075E+00
2.920E+00	2.059E+00	7.167E-02	2.040E+00	2.182E+00	2.052E+00	2.065E+00	2.052E+00	2.065E+00
2.930E+00	2.049E+00	7.270E-02	2.029E+00	2.173E+00	2.042E+00	2.055E+00	2.042E+00	2.055E+00
2.940E+00	2.038E+00	7.372E-02	2.018E+00	2.164E+00	2.032E+00	2.045E+00	2.032E+00	2.045E+00
2.950E+00	2.028E+00	7.474E-02	2.006E+00	2.155E+00	2.022E+00	2.035E+00	2.022E+00	2.035E+00
2.960E+00	2.018E+00	7.576E-02	1.995E+00	2.146E+00	2.012E+00	2.025E+00	2.012E+00	2.024E+00
2.970E+00	2.008E+00	7.677E-02	1.984E+00	2.137E+00	2.001E+00	2.014E+00	2.002E+00	2.014E+00
2.980E+00	1.998E+00	7.778E-02	1.973E+00	2.128E+00	1.991E+00	2.004E+00	1.992E+00	2.004E+00
2.990E+00	1.988E+00	7.878E-02	1.962E+00	2.119E+00	1.981E+00	1.995E+00	1.982E+00	1.994E+00
3.000E+00	1.978E+00	7.978E-02	1.951E+00	2.110E+00	1.971E+00	1.985E+00	1.972E+00	1.984E+00
