1.000E-02	7.205E+00	4.957E-03	7.209E+00	7.201E+00	7.207E+00	7.202E+00	7.205E+00	7.205E+00
2.000E-02	7.204E+00	4.926E-03	7.208E+00	7.199E+00	7.206E+00	7.201E+00	7.204E+00	7.204E+00
3.000E-02	7.202E+00	4.886E-03	7.206E+00	7.198E+00	7.204E+00	7.199E+00	7.202E+00	7.202E+00
4.000E-02	7.200E+00	4.839E-03	7.204E+00	7.196E+00	7.202E+00	7.197E+00	7.200E+00	7.200E+00
5.000E-02	7.197E+00	4.788E-03	7.201E+00	7.193E+00	7.200E+00	7.195E+00	7.197E+00	7.197E+00
6.000E-02	7.194E+00	4.733E-03	7.198E+00	7.190E+00	7.197E+00	7.192E+00	7.194E+00	7.194E+00
7.000E-02	7.191E+00	4.674E-03	7.195E+00	7.187E+00	7.194E+00	7.189E+00	7.191E+00	7.191E+00
8.000E-02	7.188E+00	4.612E-03	7.191E+00	7.184E+00	7.190E+00	7.185E+00	7.187E+00	7.188E+00
9.000E-02	7.184E+00	4.548E-03	7.187E+00	7.180E+00	7.186E+00	7.181E+00	7.184E+00	7.184E+00
1.000E-01	7.179E+00	4.482E-03	7.183E+00	7.176E+00	7.182E+00	7.177E+00	7.179E+00	7.179E+00
1.100E-01	7.175E+00	4.414E-03	7.178E+00	7.171E+00	7.177E+00	7.172E+00	7.175E+00	7.175E+00
1.200E-01	7.170E+00	4.345E-03	7.174E+00	7.166E+00	7.172E+00	7.168E+00	7.170E+00	7.170E+00
1.300E-01	7.165E+00	4.275E-03	7.168E+00	7.161E+00	7.167E+00	7.162E+00	7.165E+00	7.165E+00
1.400E-01	7.160E+00	4.203E-03	7.163E+00	7.156E+00	7.162E+00	7.157E+00	7.159E+00	7.160E+00
1.500E-01	7.154E+00	4.130E-03	7.157E+00	7.151E+00	7.156E+00	7.151E+00	7.154E+00	7.154E+00
1.600E-01	7.148E+00	4.057E-03	7.151E+00	7.145E+00	7.150E+00	7.146E+00	7.148E+00	7.148E+00
1.700E-01	7.142E+00	3.984E-03	7.145E+00	7.139E+00	7.144E+00	7.139E+00	7.142E+00	7.142E+00
1.800E-01	7.135E+00	3.910E-03	7.138E+00	7.132E+00	7.138E+00	7.133E+00	7.135E+00	7.135E+00
1.900E-01	7.129E+00	3.836E-03	7.132E+00	7.126E+00	7.131E+00	7.126E+00	7.129E+00	7.129E+00
2.000E-01	7.122E+00	3.762E-03	7.125E+00	7.119E+00	7.124E+00	7.119E+00	7.122E+00	7.122E+00
2.100E-01	7.115E+00	3.689E-03	7.117E+00	7.112E+00	7.117E+00	7.112E+00	7.115E+00	7.115E+00
2.200E-01	7.107E+00	3.615E-03	7.110E+00	7.105E+00	7.110E+00	7.105E+00	7.107E+00	7.107E+00
2.300E-01	7.100E+00	3.542E-03	7.102E+00	7.097E+00	7.102E+00	7.097E+00	7.100E+00	7.100E+00
2.400E-01	7.092E+00	3.470E-03	7.094E+00	7.089E+00	7.094E+00	7.090E+00	7.092E+00	7.092E+00
2.500E-01	7.084E+00	3.398E-03	7.086E+00	7.081E+00	7.086E+00	7.081E+00	7.084E+00	7.084E+00
2.600E-01	7.076E+00	3.328E-03	7.078E+00	7.073E+00	7.078E+00	7.073E+00	7.076E+00	7.076E+00
2.700E-01	7.067E+00	3.258E-03	7.069E+00	7.065E+00	7.070E+00	7.065E+00	7.067E+00	7.067E+00
2.800E-01	7.058E+00	3.189E-03	7.061E+00	7.056E+00	7.061E+00	7.056E+00	7.058E+00	7.059E+00
2.900E-01	7.050E+00	3.122E-03	7.052E+00	7.048E+00	7.052E+00	7.047E+00	7.050E+00	7.050E+00
3.000E-01	7.041E+00	3.055E-03	7.042E+00	7.039E+00	7.043E+00	7.038E+00	7.040E+00	7.041E+00
3.100E-01	7.031E+00	2.991E-03	7.033E+00	7.029E+00	7.034E+00	7.029E+00	7.031E+00	7.031E+00
3.200E-01	7.022E+00	2.928E-03	7.024E+00	7.020E+00	7.024E+00	7.019E+00	7.022E+00	7.022E+00
3.300E-01	7.012E+00	2.866E-03	7.014E+00	7.010E+00	7.014E+00	7.010E+00	7.012E+00	7.012E+00
3.400E-01	7.002E+00	2.807E-03	7.004E+00	7.001E+00	7.005E+00	7.000E+00	7.002E+00	7.002E+00
3.500E-01	6.992E+00	2.749E-03	6.994E+00	6.991E+00	6.995E+00	6.990E+00	6.992E+00	6.992E+00
3.600E-01	6.982E+00	2.694E-03	6.983E+00	6.981E+00	6.984E+00	6.980E+00	6.982E+00	6.982E+00
3.700E-01	6.972E+00	2.641E-03	6.973E+00	6.970E+00	6.974E+00	6.969E+00	6.972E+00	6.972E+00
3.800E-01	6.961E+00	2.590E-03	6.962E+00	6.960E+00	6.963E+00	6.959E+00	6.961E+00	6.961E+00
3.900E-01	6.950E+00	2.541E-03	6.951E+00	6.949E+00	6.953E+00	6.948E+00	6.950E+00	6.950E+00
4.000E-01	6.939E+00	2.496E-03	6.940E+00	6.938E+00	6.942E+00	6.937E+00	6.939E+00	6.939E+00
4.100E-01	6.928E+00	2.452E-03	6.929E+00	6.927E+00	6.930E+00	6.926E+00	6.928E+00	6.928E+00
4.200E-01	6.917E+00	2.412E-03	6.918E+00	6.916E+00	6.919E+00	6.915E+00	6.917E+00	6.917E+00
4.300E-01	6.905E+00	2.374E-03	6.906E+00	6.905E+00	6.908E+00	6.903E+00	6.905E+00	6.906E+00
4.400E-01	6.894E+00	2.339E-03	6.894E+00	6.893E+00	6.896E+00	6.892E+00	6.894E+00	6.894E+00
4.500E-01	6.882E+00	2.307E-03	6.883E+00	6.881E+00	6.884E+00	6.880E+00	6.882E+00	6.882E+00
4.600E-01	6.870E+00	2.279E-03	6.871E+00	6.870E+00	6.872E+00	6.868E+00	6.870E+00	6.870E+00
4.700E-01	6.858E+00	2.253E-03	6.858E+00	6.858E+00	6.860E+00	6.856E+00	6.858E+00	6.858E+00
4.800E-01	6.846E+00	2.230E-03	6.846E+00	6.845E+00	6.848E+00	6.844E+00	6.846E+00	6.846E+00
4.900E-01	6.833E+00	2.211E-03	6.833E+00	6.833E+00	6.835E+00	6.831E+00	6.833E+00	6.833E+00
5.000E-01	6.821E+00	2.194E-03	6.821E+00	6.821E+00	6.823E+00	6.819E+00	6.821E+00	6.821E+00
5.100E-01	6.808E+00	2.181E-03	6.808E+00	6.808E+00	6.810E+00	6.806E+00	6.808E+00	6.808E+00
5.200E-01	6.795E+00	2.171E-03	6.795E+00	6.795E+00	6.797E+00	6.793E+00	6.795E+00	6.795E+00
5.300E-01	6.782E+00	2.164E-03	6.782E+00	6.782E+00	6.784E+00	6.780E+00	6.782E+00	6.782E+00
5.400E-01	6.769E+00	2.159E-03	6.769E+00	6.769E+00	6.771E+00	6.767E+00	6.769E+00	6.769E+00
5.500E-01	6.756E+00	2.158E-03	6.755E+00	6.756E+00	6.758E+00	6.754E+00	6.756E+00	6.756E+00
5.600E-01	6.742E+00	2.159E-03	6.742E+00	6.743E+00	6.744E+00	6.740E+00	6.742E+00	6.742E+00
5.700E-01	6.729E+00	2.163E-03	6.728E+00	6.729E+00	6.731E+00	6.726E+00	6.729E+00	6.729E+00
5.800E-01	6.715E+00	2.170E-03	6.714E+00	6.715E+00	6.717E+00	6.713E+00	6.715E+00	6.715E+00
5.900E-01	6.701E+00	2.179E-03	6.700E+00	6.702E+00	6.703E+00	6.699E+00	6.701E+00	6.701E+00
6.000E-01	6.687E+00	2.190E-03	6.686E+00	6.688E+00	6.689E+00	6.685E+00	6.687E+00	6.687E+00
6.100E-01	6.673E+00	2.203E-03	6.672E+00	6.674E+00	6.675E+00	6.671E+00	6.673E+00	6.673E+00
6.200E-01	6.659E+00	2.219E-03	6.658E+00	6.659E+00	6.661E+00	6.657E+00	6.659E+00	6.659E+00
6.300E-01	6.644E+00	2.236E-03	6.643E+00	6.645E+00	6.646E+00	6.642E+00	6.644E+00	6.644E+00
6.400E-01	6.630E+00	2.255E-03	6.629E+00	6.631E+00	6.632E+00	6.628E+00	6.630E+00	6.630E+00
6.500E-01	6.615E+00	2.275E-03	6.614E+00	6.616E+00	6.617E+00	6.613E+00	6.615E+00	6.615E+00
6.600E-01	6.600E+00	2.297E-03	6.599E+00	6.601E+00	6.602E+00	6.598E+00	6.600E+00	6.600E+00
6.700E-01	6.585E+00	2.320E-03	6.584E+00	6.587E+00	6.587E+00	6.583E+00	6.585E+00	6.586E+00
6.800E-01	6.570E+00	2.345E-03	6.569E+00	6.572E+00	6.572E+00	6.568E+00	6.570E+00	6.571E+00
6.900E-01	6.555E+00	2.370E-03	6.554E+00	6.557E+00	6.557E+00	6.553E+00	6.555E+00	6.555E+00
7.000E-01	6.540E+00	2.396E-03	6.539E+00	6.541E+00	6.542E+00	6.538E+00	6.540E+00	6.540E+00
7.100E-01	6.525E+00	2.423E-03	6.523E+00	6.526E+00	6.527E+00	6.523E+00	6.525E+00	6.525E+00
7.200E-01	6.509E+00	2.451E-03	6.508E+00	6.511E+00	6.511E+00	6.507E+00	6.509E+00	6.509E+00
7.300E-01	6.494E+00	2.479E-03	6.492E+00	6.495E+00	6.496E+00	6.492E+00	6.494E+00	6.494E+00
7.400E-01	6.478E+00	2.507E-03	6.476E+00	6.480E+00	6.480E+00	6.476E+00	6.478E+00	6.478E+00
7.500E-01	6.462E+00	2.536E-03	6.461E+00	6.464E+00	6.464E+00	6.460E+00	6.462E+00	6.462E+00
7.600E-01	6.446E+00	2.565E-03	6.445E+00	6.448E+00	6.448E+00	6.444E+00	6.446E+00	6.446E+00
7.700E-01	6.430E+00	2.595E-03	6.429E+00	6.432E+00	6.432E+00	6.428E+00	6.430E+00	6.430E+00
7.800E-01	6.414E+00	2.624E-03	6.412E+00	6.416E+00	6.416E+00	6.412E+00	6.414E+00	6.414E+00
7.900E-01	6.398E+00	2.654E-03	6.396E+00	6.400E+00	6.400E+00	6.396E+00	6.398E+00	6.398E+00
8.000E-01	6.382E+00	2.683E-03	6.380E+00	6.384E+00	6.384E+00	6.380E+00	6.382E+00	6.382E+00
8.100E-01	6.365E+00	2.712E-03	6.363E+00	6.367E+00	6.367E+00	6.363E+00	6.365E+00	6.365E+00
8.200E-01	6.349E+00	2.741E-03	6.347E+00	6.351E+00	6.351E+00	6.347E+00	6.349E+00	6.349E+00
8.300E-01	6.332E+00	2.770E-03	6.330E+00	6.334E+00	6.334E+00	6.330E+00	6.332E+00	6.332E+00
8.400E-01	6.315E+00	2.798E-03	6.313E+00	6.318E+00	6.317E+00	6.314E+00	6.315E+00	6.316E+00
8.500E-01	6.299E+00	2.826E-03	6.296E+00	6.301E+00	6.300E+00	6.297E+00	6.298E+00	6.299E+00
8.600E-01	6.282E+00	2.854E-03	6.279E+00	6.284E+00	6.284E+00	6.280E+00	6.282E+00	6.282E+00
8.700E-01	6.265E+00	2.881E-03	6.262E+00	6.267E+00	6.267E+00	6.263E+00	6.265E+00	6.265E+00
8.800E-01	6.248E+00	2.908E-03	6.245E+00	6.250E+00	6.249E+00	6.246E+00	6.248E+00	6.248E+00
8.900E-01	6.231E+00	2.934E-03	6.228E+00	6.233E+00	6.232E+00	6.229E+00	6.230E+00	6.231E+00
9.000E-01	6.213E+00	2.960E-03	6.211E+00	6.216E+00	6.215E+00	6.212E+00	6.213E+00	6.213E+00
9.100E-01	6.196E+00	2.984E-03	6.194E+00	6.198E+00	6.198E+00	6.194E+00	6.196E+00	6.196E+00
9.200E-01	6.179E+00	3.009E-03	6.176E+00	6.181E+00	6.180E+00	6.177E+00	6.178E+00	6.179E+00
9.300E-01	6.161E+00	3.032E-03	6.159E+00	6.164E+00	6.163E+00	6.159E+00	6.161E+00	6.161E+00
9.400E-01	6.144E+00	3.055E-03	6.141E+00	6.146E+00	6.145E+00	6.142E+00	6.143E+00	6.144E+00
9.500E-01	6.126E+00	3.077E-03	6.123E+00	6.128E+00	6.127E+00	6.124E+00	6.126E+00	6.126E+00
9.600E-01	6.108E+00	3.099E-03	6.106E+00	6.111E+00	6.110E+00	6.107E+00	6.108E+00	6.108E+00
9.700E-01	6.090E+00	3.119E-03	6.088E+00	6.093E+00	6.092E+00	6.089E+00	6.090E+00	6.091E+00
9.800E-01	6.072E+00	3.139E-03	6.070E+00	6.075E+00	6.074E+00	6.071E+00	6.072E+00	6.073E+00
9.900E-01	6.055E+00	3.158E-03	6.052E+00	6.057E+00	6.056E+00	6.053E+00	6.054E+00	6.055E+00
1.000E+00	6.036E+00	3.177E-03	6.034E+00	6.039E+00	6.038E+00	6.035E+00	6.036E+00	6.037E+00
1.010E+00	6.018E+00	3.194E-03	6.016E+00	6.021E+00	6.020E+00	6.017E+00	6.018E+00	6.019E+00
1.020E+00	6.000E+00	3.210E-03	5.997E+00	6.003E+00	6.002E+00	5.999E+00	6.000E+00	6.000E+00
1.030E+00	5.982E+00	3.226E-03	5.979E+00	5.985E+00	5.984E+00	5.980E+00	5.982E+00	5.982E+00
1.040E+00	5.964E+00	3.241E-03	5.961E+00	5.967E+00	5.965E+00	5.962E+00	5.964E+00	5.964E+00
1.050E+00	5.945E+00	3.255E-03	5.942E+00	5.948E+00	5.947E+00	5.944E+00	5.945E+00	5.946E+00
1.060E+00	5.927E+00	3.268E-03	5.924E+00	5.930E+00	5.928E+00	5.925E+00	5.927E+00	5.927E+00
1.070E+00	5.908E+00	3.280E-03	5.906E+00	5.911E+00	5.910E+00	5.907E+00	5.908E+00	5.909E+00
1.080E+00	5.890E+00	3.291E-03	5.887E+00	5.893E+00	5.891E+00	5.888E+00	5.890E+00	5.890E+00
1.090E+00	5.871E+00	3.301E-03	5.868E+00	5.874E+00	5.873E+00	5.870E+00	5.871E+00	5.871E+00
1.100E+00	5.853E+00	3.311E-03	5.850E+00	5.856E+00	5.854E+00	5.851E+00	5.852E+00	5.853E+00
1.110E+00	5.834E+00	3.319E-03	5.831E+00	5.837E+00	5.835E+00	5.832E+00	5.834E+00	5.834E+00
1.120E+00	5.815E+00	3.326E-03	5.812E+00	5.818E+00	5.816E+00	5.814E+00	5.815E+00	5.815E+00
1.130E+00	5.796E+00	3.333E-03	5.793E+00	5.799E+00	5.798E+00	5.795E+00	5.796E+00	5.796E+00
1.140E+00	5.777E+00	3.338E-03	5.774E+00	5.780E+00	5.779E+00	5.776E+00	5.777E+00	5.778E+00
1.150E+00	5.758E+00	3.343E-03	5.755E+00	5.761E+00	5.760E+00	5.757E+00	5.758E+00	5.759E+00
1.160E+00	5.739E+00	3.347E-03	5.736E+00	5.743E+00	5.741E+00	5.738E+00	5.739E+00	5.740E+00
1.170E+00	5.720E+00	3.349E-03	5.717E+00	5.723E+00	5.722E+00	5.719E+00	5.720E+00	5.721E+00
1.180E+00	5.701E+00	3.351E-03	5.698E+00	5.704E+00	5.703E+00	5.700E+00	5.701E+00	5.702E+00
1.190E+00	5.682E+00	3.352E-03	5.679E+00	5.685E+00	5.683E+00	5.681E+00	5.682E+00	5.682E+00
1.200E+00	5.663E+00	3.352E-03	5.660E+00	5.666E+00	5.664E+00	5.662E+00	5.663E+00	5.663E+00
1.210E+00	5.644E+00	3.351E-03	5.641E+00	5.647E+00	5.645E+00	5.642E+00	5.644E+00	5.644E+00
1.220E+00	5.624E+00	3.349E-03	5.621E+00	5.628E+00	5.626E+00	5.623E+00	5.624E+00	5.625E+00
1.230E+00	5.605E+00	3.346E-03	5.602E+00	5.608E+00	5.606E+00	5.604E+00	5.605E+00	5.605E+00
1.240E+00	5.586E+00	3.342E-03	5.583E+00	5.589E+00	5.587E+00	5.585E+00	5.586E+00	5.586E+00
1.250E+00	5.566E+00	3.337E-03	5.563E+00	5.569E+00	5.568E+00	5.565E+00	5.566E+00	5.567E+00
1.260E+00	5.547E+00	3.331E-03	5.544E+00	5.550E+00	5.548E+00	5.546E+00	5.547E+00	5.547E+00
1.270E+00	5.527E+00	3.324E-03	5.524E+00	5.531E+00	5.529E+00	5.526E+00	5.527E+00	5.528E+00
1.280E+00	5.508E+00	3.317E-03	5.505E+00	5.511E+00	5.509E+00	5.507E+00	5.508E+00	5.508E+00
1.290E+00	5.488E+00	3.308E-03	5.485E+00	5.491E+00	5.490E+00	5.487E+00	5.488E+00	5.489E+00
1.300E+00	5.469E+00	3.299E-03	5.466E+00	5.472E+00	5.470E+00	5.468E+00	5.469E+00	5.469E+00
1.310E+00	5.449E+00	3.288E-03	5.446E+00	5.452E+00	5.450E+00	5.448E+00	5.449E+00	5.449E+00
1.320E+00	5.430E+00	3.277E-03	5.426E+00	5.433E+00	5.431E+00	5.428E+00	5.429E+00	5.430E+00
1.330E+00	5.410E+00	3.265E-03	5.407E+00	5.413E+00	5.411E+00	5.409E+00	5.410E+00	5.410E+00
1.340E+00	5.390E+00	3.251E-03	5.387E+00	5.393E+00	5.391E+00	5.389E+00	5.390E+00	5.390E+00
1.350E+00	5.370E+00	3.237E-03	5.367E+00	5.373E+00	5.371E+00	5.369E+00	5.370E+00	5.371E+00
1.360E+00	5.351E+00	3.222E-03	5.348E+00	5.354E+00	5.352E+00	5.350E+00	5.350E+00	5.351E+00
1.370E+00	5.331E+00	3.206E-03	5.328E+00	5.334E+00	5.332E+00	5.330E+00	5.331E+00	5.331E+00
1.380E+00	5.311E+00	3.190E-03	5.308E+00	5.314E+00	5.312E+00	5.310E+00	5.311E+00	5.311E+00
1.390E+00	5.291E+00	3.172E-03	5.288E+00	5.294E+00	5.292E+00	5.290E+00	5.291E+00	5.291E+00
1.400E+00	5.271E+00	3.154E-03	5.268E+00	5.274E+00	5.272E+00	5.270E+00	5.271E+00	5.272E+00
1.410E+00	5.251E+00	3.134E-03	5.248E+00	5.254E+00	5.252E+00	5.250E+00	5.251E+00	5.252E+00
1.420E+00	5.231E+00	3.114E-03	5.228E+00	5.234E+00	5.232E+00	5.230E+00	5.231E+00	5.232E+00
1.430E+00	5.211E+00	3.093E-03	5.209E+00	5.214E+00	5.212E+00	5.211E+00	5.211E+00	5.212E+00
1.440E+00	5.192E+00	3.071E-03	5.189E+00	5.194E+00	5.192E+00	5.191E+00	5.191E+00	5.192E+00
1.450E+00	5.172E+00	3.048E-03	5.169E+00	5.174E+00	5.172E+00	5.171E+00	5.171E+00	5.172E+00
1.460E+00	5.152E+00	3.025E-03	5.149E+00	5.154E+00	5.152E+00	5.151E+00	5.151E+00	5.152E+00
1.470E+00	5.132E+00	3.000E-03	5.129E+00	5.134E+00	5.132E+00	5.131E+00	5.131E+00	5.132E+00
1.480E+00	5.111E+00	2.975E-03	5.109E+00	5.114E+00	5.112E+00	5.111E+00	5.111E+00	5.112E+00
1.490E+00	5.091E+00	2.949E-03	5.089E+00	5.094E+00	5.092E+00	5.091E+00	5.091E+00	5.092E+00
1.500E+00	5.071E+00	2.923E-03	5.069E+00	5.074E+00	5.072E+00	5.071E+00	5.071E+00	5.072E+00
1.510E+00	5.051E+00	2.895E-03	5.049E+00	5.054E+00	5.052E+00	5.050E+00	5.051E+00	5.052E+00
1.520E+00	5.031E+00	2.867E-03	5.029E+00	5.034E+00	5.032E+00	5.030E+00	5.031E+00	5.032E+00
1.530E+00	5.011E+00	2.838E-03	5.008E+00	5.014E+00	5.012E+00	5.010E+00	5.011E+00	5.011E+00
1.540E+00	4.991E+00	2.808E-03	4.988E+00	4.994E+00	4.992E+00	4.990E+00	4.991E+00	4.991E+00
1.550E+00	4.971E+00	2.777E-03	4.968E+00	4.974E+00	4.972E+00	4.970E+00	4.971E+00	4.971E+00
1.560E+00	4.951E+00	2.746E-03	4.948E+00	4.953E+00	4.952E+00	4.950E+00	4.950E+00	4.951E+00
1.570E+00	4.931E+00	2.714E-03	4.928E+00	4.933E+00	4.931E+00	4.930E+00	4.930E+00	4.931E+00
1.580E+00	4.911E+00	2.681E-03	4.908E+00	4.913E+00	4.911E+00	4.910E+00	4.910E+00	4.911E+00
1.590E+00	4.890E+00	2.648E-03	4.888E+00	4.893E+00	4.891E+00	4.890E+00	4.890E+00	4.891E+00
1.600E+00	4.870E+00	2.613E-03	4.868E+00	4.873E+00	4.871E+00	4.870E+00	4.870E+00	4.871E+00
1.610E+00	4.850E+00	2.579E-03	4.848E+00	4.853E+00	4.851E+00	4.849E+00	4.850E+00	4.850E+00
1.620E+00	4.830E+00	2.543E-03	4.828E+00	4.832E+00	4.831E+00	4.829E+00	4.830E+00	4.830E+00
1.630E+00	4.810E+00	2.507E-03	4.807E+00	4.812E+00	4.810E+00	4.809E+00	4.809E+00	4.810E+00
1.640E+00	4.790E+00	2.470E-03	4.787E+00	4.792E+00	4.790E+00	4.789E+00	4.789E+00	4.790E+00
1.650E+00	4.769E+00	2.432E-03	4.767E+00	4.772E+00	4.770E+00	4.769E+00	4.769E+00	4.770E+00
1.660E+00	4.749E+00	2.394E-03	4.747E+00	4.752E+00	4.750E+00	4.749E+00	4.749E+00	4.750E+00
1.670E+00	4.729E+00	2.356E-03	4.727E+00	4.731E+00	4.730E+00	4.729E+00	4.729E+00	4.729E+00
1.680E+00	4.709E+00	2.316E-03	4.707E+00	4.711E+00	4.710E+00	4.708E+00	4.709E+00	4.709E+00
1.690E+00	4.689E+00	2.276E-03	4.687E+00	4.691E+00	4.689E+00	4.688E+00	4.689E+00	4.689E+00
1.700E+00	4.669E+00	2.236E-03	4.667E+00	4.671E+00	4.669E+00	4.668E+00	4.668E+00	4.669E+00
1.710E+00	4.649E+00	2.194E-03	4.646E+00	4.651E+00	4.649E+00	4.648E+00	4.648E+00	4.649E+00
1.720E+00	4.628E+00	2.153E-03	4.626E+00	4.631E+00	4.629E+00	4.628E+00	4.628E+00	4.629E+00
1.730E+00	4.608E+00	2.110E-03	4.606E+00	4.610E+00	4.609E+00	4.608E+00	4.608E+00	4.609E+00
1.740E+00	4.588E+00	2.068E-03	4.586E+00	4.590E+00	4.589E+00	4.588E+00	4.588E+00	4.589E+00
1.750E+00	4.568E+00	2.024E-03	4.566E+00	4.570E+00	4.569E+00	4.568E+00	4.568E+00	4.568E+00
1.760E+00	4.548E+00	1.980E-03	4.546E+00	4.550E+00	4.548E+00	4.547E+00	4.548E+00	4.548E+00
1.770E+00	4.528E+00	1.936E-03	4.526E+00	4.530E+00	4.528E+00	4.527E+00	4.528E+00	4.528E+00
1.780E+00	4.508E+00	1.891E-03	4.506E+00	4.510E+00	4.508E+00	4.507E+00	4.507E+00	4.508E+00
1.790E+00	4.488E+00	1.846E-03	4.486E+00	4.490E+00	4.488E+00	4.487E+00	4.487E+00	4.488E+00
1.800E+00	4.468E+00	1.800E-03	4.466E+00	4.469E+00	4.468E+00	4.467E+00	4.467E+00	4.468E+00
1.810E+00	4.448E+00	1.754E-03	4.446E+00	4.449E+00	4.448E+00	4.447E+00	4.447E+00	4.448E+00
1.820E+00	4.428E+00	1.707E-03	4.426E+00	4.429E+00	4.428E+00	4.427E+00	4.427E+00	4.428E+00
1.830E+00	4.408E+00	1.660E-03	4.406E+00	4.409E+00	4.408E+00	4.407E+00	4.407E+00	4.408E+00
1.840E+00	4.388E+00	1.612E-03	4.386E+00	4.389E+00	4.388E+00	4.387E+00	4.387E+00	4.388E+00
1.850E+00	4.368E+00	1.565E-03	4.366E+00	4.369E+00	4.368E+00	4.367E+00	4.367E+00	4.368E+00
1.860E+00	4.348E+00	1.516E-03	4.346E+00	4.349E+00	4.348E+00	4.347E+00	4.347E+00	4.348E+00
1.870E+00	4.328E+00	1.468E-03	4.326E+00	4.329E+00	4.328E+00	4.327E+00	4.327E+00	4.328E+00
1.880E+00	4.308E+00	1.419E-03	4.306E+00	4.309E+00	4.308E+00	4.307E+00	4.307E+00	4.308E+00
1.890E+00	4.288E+00	1.370E-03	4.287E+00	4.289E+00	4.288E+00	4.288E+00	4.288E+00	4.288E+00
1.900E+00	4.268E+00	1.320E-03	4.267E+00	4.269E+00	4.268E+00	4.268E+00	4.268E+00	4.268E+00
1.910E+00	4.248E+00	1.271E-03	4.247E+00	4.249E+00	4.248E+00	4.248E+00	4.248E+00	4.248E+00
1.920E+00	4.228E+00	1.221E-03	4.227E+00	4.229E+00	4.229E+00	4.228E+00	4.228E+00	4.229E+00
1.930E+00	4.208E+00	1.171E-03	4.207E+00	4.210E+00	4.209E+00	4.208E+00	4.208E+00	4.209E+00
1.940E+00	4.189E+00	1.121E-03	4.188E+00	4.190E+00	4.189E+00	4.188E+00	4.188E+00	4.189E+00
1.950E+00	4.169E+00	1.071E-03	4.168E+00	4.170E+00	4.169E+00	4.169E+00	4.168E+00	4.169E+00
1.960E+00	4.149E+00	1.021E-03	4.148E+00	4.150E+00	4.149E+00	4.149E+00	4.149E+00	4.149E+00
1.970E+00	4.129E+00	9.707E-04	4.129E+00	4.130E+00	4.130E+00	4.129E+00	4.129E+00	4.130E+00
1.980E+00	4.110E+00	9.207E-04	4.109E+00	4.111E+00	4.110E+00	4.109E+00	4.109E+00	4.110E+00
1.990E+00	4.090E+00	8.711E-04	4.089E+00	4.091E+00	4.090E+00	4.090E+00	4.090E+00	4.090E+00
2.000E+00	4.070E+00	8.218E-04	4.070E+00	4.071E+00	4.070E+00	4.070E+00	4.070E+00	4.071E+00
2.010E+00	4.051E+00	7.730E-04	4.050E+00	4.051E+00	4.051E+00	4.051E+00	4.050E+00	4.051E+00
2.020E+00	4.031E+00	7.250E-04	4.031E+00	4.032E+00	4.031E+00	4.031E+00	4.031E+00	4.031E+00
2.030E+00	4.012E+00	6.779E-04	4.011E+00	4.012E+00	4.012E+00	4.011E+00	4.011E+00	4.012E+00
2.040E+00	3.992E+00	6.320E-04	3.992E+00	3.992E+00	3.992E+00	3.992E+00	3.992E+00	3.992E+00
2.050E+00	3.972E+00	5.878E-04	3.972E+00	3.973E+00	3.973E+00	3.972E+00	3.972E+00	3.973E+00
2.060E+00	3.953E+00	5.456E-04	3.953E+00	3.953E+00	3.953E+00	3.953E+00	3.953E+00	3.953E+00
2.070E+00	3.934E+00	5.062E-04	3.933E+00	3.934E+00	3.934E+00	3.933E+00	3.933E+00	3.934E+00
2.080E+00	3.914E+00	4.703E-04	3.914E+00	3.914E+00	3.914E+00	3.914E+00	3.914E+00	3.914E+00
2.090E+00	3.895E+00	4.389E-04	3.895E+00	3.895E+00	3.895E+00	3.895E+00	3.894E+00	3.895E+00
2.100E+00	3.875E+00	4.131E-04	3.875E+00	3.876E+00	3.875E+00	3.875E+00	3.875E+00	3.876E+00
2.110E+00	3.856E+00	3.941E-04	3.856E+00	3.856E+00	3.856E+00	3.856E+00	3.856E+00	3.856E+00
2.120E+00	3.837E+00	3.830E-04	3.837E+00	3.837E+00	3.837E+00	3.837E+00	3.836E+00	3.837E+00
2.130E+00	3.817E+00	3.806E-04	3.818E+00	3.817E+00	3.818E+00	3.817E+00	3.817E+00	3.818E+00
2.140E+00	3.798E+00	3.872E-04	3.798E+00	3.798E+00	3.798E+00	3.798E+00	3.798E+00	3.799E+00
2.150E+00	3.779E+00	4.024E-04	3.779E+00	3.779E+00	3.779E+00	3.779E+00	3.779E+00	3.779E+00
2.160E+00	3.760E+00	4.253E-04	3.760E+00	3.760E+00	3.760E+00	3.760E+00	3.760E+00	3.760E+00
2.170E+00	3.741E+00	4.549E-04	3.741E+00	3.741E+00	3.741E+00	3.741E+00	3.740E+00	3.741E+00
2.180E+00	3.722E+00	4.899E-04	3.722E+00	3.721E+00	3.722E+00	3.722E+00	3.721E+00	3.722E+00
2.190E+00	3.703E+00	5.295E-04	3.703E+00	3.702E+00	3.703E+00	3.703E+00	3.702E+00	3.703E+00
2.200E+00	3.684E+00	5.725E-04	3.684E+00	3.683E+00	3.684E+00	3.684E+00	3.683E+00	3.684E+00
2.210E+00	3.665E+00	6.185E-04	3.665E+00	3.664E+00	3.665E+00	3.665E+00	3.664E+00	3.665E+00
2.220E+00	3.646E+00	6.667E-04	3.646E+00	3.645E+00	3.646E+00	3.646E+00	3.645E+00	3.646E+00
2.230E+00	3.627E+00	7.168E-04	3.628E+00	3.626E+00	3.627E+00	3.627E+00	3.626E+00	3.627E+00
2.240E+00	3.608E+00	7.683E-04	3.609E+00	3.607E+00	3.608E+00	3.608E+00	3.608E+00	3.608E+00
2.250E+00	3.589E+00	8.212E-04	3.590E+00	3.589E+00	3.589E+00	3.589E+00	3.589E+00	3.590E+00
2.260E+00	3.570E+00	8.750E-04	3.571E+00	3.570E+00	3.570E+00	3.571E+00	3.570E+00	3.571E+00
2.270E+00	3.552E+00	9.297E-04	3.553E+00	3.551E+00	3.552E+00	3.552E+00	3.551E+00	3.552E+00
2.280E+00	3.533E+00	9.851E-04	3.534E+00	3.532E+00	3.533E+00	3.533E+00	3.533E+00	3.533E+00
2.290E+00	3.514E+00	1.041E-03	3.515E+00	3.513E+00	3.514E+00	3.515E+00	3.514E+00	3.515E+00
2.300E+00	3.496E+00	1.098E-03	3.497E+00	3.495E+00	3.496E+00	3.496E+00	3.495E+00	3.496E+00
2.310E+00	3.477E+00	1.155E-03	3.478E+00	3.476E+00	3.477E+00	3.477E+00	3.477E+00	3.478E+00
2.320E+00	3.459E+00	1.212E-03	3.460E+00	3.458E+00	3.459E+00	3.459E+00	3.458E+00	3.459E+00
2.330E+00	3.440E+00	1.270E-03	3.442E+00	3.439E+00	3.440E+00	3.440E+00	3.440E+00	3.441E+00
2.340E+00	3.422E+00	1.327E-03	3.423E+00	3.421E+00	3.422E+00	3.422E+00	3.421E+00	3.422E+00
2.350E+00	3.403E+00	1.386E-03	3.405E+00	3.402E+00	3.403E+00	3.404E+00	3.403E+00	3.404E+00
2.360E+00	3.385E+00	1.444E-03	3.387E+00	3.384E+00	3.385E+00	3.385E+00	3.385E+00	3.386E+00
2.370E+00	3.367E+00	1.503E-03	3.368E+00	3.365E+00	3.367E+00	3.367E+00	3.366E+00	3.367E+00
2.380E+00	3.349E+00	1.561E-03	3.350E+00	3.347E+00	3.348E+00	3.349E+00	3.348E+00	3.349E+00
2.390E+00	3.330E+00	1.620E-03	3.332E+00	3.329E+00	3.330E+00	3.331E+00	3.330E+00	3.331E+00
2.400E+00	3.312E+00	1.679E-03	3.314E+00	3.311E+00	3.312E+00	3.312E+00	3.312E+00	3.313E+00
2.410E+00	3.294E+00	1.738E-03	3.296E+00	3.293E+00	3.294E+00	3.294E+00	3.294E+00	3.295E+00
2.420E+00	3.276E+00	1.797E-03	3.278E+00	3.274E+00	3.276E+00	3.276E+00	3.276E+00	3.276E+00
2.430E+00	3.258E+00	1.856E-03	3.260E+00	3.256E+00	3.258E+00	3.258E+00	3.258E+00	3.258E+00
2.440E+00	3.240E+00	1.915E-03	3.242E+00	3.238E+00	3.240E+00	3.240E+00	3.240E+00	3.241E+00
2.450E+00	3.222E+00	1.974E-03	3.224E+00	3.220E+00	3.222E+00	3.222E+00	3.222E+00	3.223E+00
2.460E+00	3.204E+00	2.033E-03	3.206E+00	3.202E+00	3.204E+00	3.205E+00	3.204E+00	3.205E+00
2.470E+00	3.187E+00	2.092E-03	3.189E+00	3.185E+00	3.186E+00	3.187E+00	3.186E+00	3.187E+00
2.480E+00	3.169E+00	2.151E-03	3.171E+00	3.167E+00	3.168E+00	3.169E+00	3.168E+00	3.169E+00
2.490E+00	3.151E+00	2.210E-03	3.153E+00	3.149E+00	3.151E+00	3.151E+00	3.151E+00	3.151E+00
2.500E+00	3.133E+00	2.269E-03	3.136E+00	3.131E+00	3.133E+00	3.134E+00	3.133E+00	3.134E+00
2.510E+00	3.116E+00	2.328E-03	3.118E+00	3.114E+00	3.115E+00	3.116E+00	3.115E+00	3.116E+00
2.520E+00	3.098E+00	2.386E-03	3.101E+00	3.096E+00	3.098E+00	3.099E+00	3.098E+00	3.099E+00
2.530E+00	3.081E+00	2.445E-03	3.083E+00	3.078E+00	3.080E+00	3.081E+00	3.080E+00	3.081E+00
2.540E+00	3.063E+00	2.504E-03	3.066E+00	3.061E+00	3.063E+00	3.064E+00	3.063E+00	3.064E+00
2.550E+00	3.046E+00	2.562E-03	3.048E+00	3.043E+00	3.045E+00	3.046E+00	3.045E+00	3.046E+00
2.560E+00	3.028E+00	2.620E-03	3.031E+00	3.026E+00	3.028E+00	3.029E+00	3.028E+00	3.029E+00
2.570E+00	3.011E+00	2.679E-03	3.014E+00	3.009E+00	3.011E+00	3.012E+00	3.011E+00	3.012E+00
2.580E+00	2.994E+00	2.737E-03	2.997E+00	2.991E+00	2.994E+00	2.994E+00	2.994E+00	2.994E+00
2.590E+00	2.977E+00	2.795E-03	2.980E+00	2.974E+00	2.976E+00	2.977E+00	2.976E+00	2.977E+00
2.600E+00	2.960E+00	2.852E-03	2.962E+00	2.957E+00	2.959E+00	2.960E+00	2.959E+00	2.960E+00
2.610E+00	2.943E+00	2.910E-03	2.945E+00	2.940E+00	2.942E+00	2.943E+00	2.942E+00	2.943E+00
2.620E+00	2.925E+00	2.967E-03	2.928E+00	2.923E+00	2.925E+00	2.926E+00	2.925E+00	2.926E+00
2.630E+00	2.908E+00	3.025E-03	2.911E+00	2.906E+00	2.908E+00	2.909E+00	2.908E+00	2.909E+00
2.640E+00	2.892E+00	3.082E-03	2.895E+00	2.889E+00	2.891E+00	2.892E+00	2.891E+00	2.892E+00
2.650E+00	2.875E+00	3.139E-03	2.878E+00	2.872E+00	2.874E+00	2.875E+00	2.874E+00	2.875E+00
2.660E+00	2.858E+00	3.195E-03	2.861E+00	2.855E+00	2.857E+00	2.858E+00	2.857E+00	2.858E+00
2.670E+00	2.841E+00	3.252E-03	2.844E+00	2.838E+00	2.841E+00	2.842E+00	2.841E+00	2.842E+00
2.680E+00	2.824E+00	3.308E-03	2.828E+00	2.821E+00	2.824E+00	2.825E+00	2.824E+00	2.825E+00
2.690E+00	2.808E+00	3.364E-03	2.811E+00	2.804E+00	2.807E+00	2.808E+00	2.807E+00	2.808E+00
2.700E+00	2.791E+00	3.420E-03	2.795E+00	2.788E+00	2.791E+00	2.792E+00	2.791E+00	2.792E+00
2.710E+00	2.775E+00	3.476E-03	2.778E+00	2.771E+00	2.774E+00	2.775E+00	2.774E+00	2.775E+00
2.720E+00	2.758E+00	3.531E-03	2.762E+00	2.755E+00	2.758E+00	2.759E+00	2.758E+00	2.759E+00
2.730E+00	2.742E+00	3.587E-03	2.745E+00	2.738E+00	2.741E+00	2.742E+00	2.741E+00	2.742E+00
2.740E+00	2.725E+00	3.642E-03	2.729E+00	2.722E+00	2.725E+00	2.726E+00	2.725E+00	2.726E+00
2.750E+00	2.709E+00	3.696E-03	2.713E+00	2.705E+00	2.708E+00	2.710E+00	2.709E+00	2.709E+00
2.760E+00	2.693E+00	3.751E-03	2.696E+00	2.689E+00	2.692E+00	2.693E+00	2.692E+00	2.693E+00
2.770E+00	2.677E+00	3.805E-03	2.680E+00	2.673E+00	2.676E+00	2.677E+00	2.676E+00	2.677E+00
2.780E+00	2.660E+00	3.859E-03	2.664E+00	2.657E+00	2.660E+00	2.661E+00	2.660E+00	2.661E+00
2.790E+00	2.644E+00	3.912E-03	2.648E+00	2.641E+00	2.644E+00	2.645E+00	2.644E+00	2.645E+00
2.800E+00	2.628E+00	3.966E-03	2.632E+00	2.624E+00	2.628E+00	2.629E+00	2.628E+00	2.629E+00
2.810E+00	2.612E+00	4.019E-03	2.616E+00	2.608E+00	2.612E+00	2.613E+00	2.612E+00	2.613E+00
2.820E+00	2.596E+00	4.072E-03	2.600E+00	2.592E+00	2.596E+00	2.597E+00	2.596E+00	2.597E+00
2.830E+00	2.581E+00	4.124E-03	2.585E+00	2.577E+00	2.580E+00	2.581E+00	2.580E+00	2.581E+00
2.840E+00	2.565E+00	4.176E-03	2.569E+00	2.561E+00	2.564E+00	2.565E+00	2.564E+00	2.565E+00
2.850E+00	2.549E+00	4.228E-03	2.553E+00	2.545E+00	2.548E+00	2.550E+00	2.549E+00	2.549E+00
2.860E+00	2.533E+00	4.280E-03	2.538E+00	2.529E+00	2.533E+00	2.534E+00	2.533E+00	2.534E+00
2.870E+00	2.518E+00	4.331E-03	2.522E+00	2.514E+00	2.517E+00	2.518E+00	2.517E+00	2.518E+00
2.880E+00	2.502E+00	4.382E-03	2.507E+00	2.498E+00	2.502E+00	2.503E+00	2.502E+00	2.503E+00
2.890E+00	2.487E+00	4.433E-03	2.491E+00	2.482E+00	2.486E+00	2.487E+00	2.486E+00	2.487E+00
2.900E+00	2.471E+00	4.483E-03	2.476E+00	2.467E+00	2.471E+00	2.472E+00	2.471E+00	2.472E+00
2.910E+00	2.456E+00	4.533E-03	2.460E+00	2.451E+00	2.455E+00	2.456E+00	2.455E+00	2.456E+00
2.920E+00	2.441E+00	4.583E-03	2.445E+00	2.436E+00	2.440E+00	2.441E+00	2.440E+00	2.441E+00
2.930E+00	2.425E+00	4.632E-03	2.430E+00	2.421E+00	2.425E+00	2.426E+00	2.425E+00	2.426E+00
2.940E+00	2.410E+00	4.681E-03	2.415E+00	2.405E+00	2.409E+00	2.411E+00	2.410E+00	2.410E+00
2.950E+00	2.395E+00	4.730E-03	2.400E+00	2.390E+00	2.394E+00	2.396E+00	2.395E+00	2.395E+00
2.960E+00	2.380E+00	4.778E-03	2.385E+00	2.375E+00	2.379E+00	2.380E+00	2.379E+00	2.380E+00
2.970E+00	2.365E+00	4.826E-03	2.370E+00	2.360E+00	2.364E+00	2.365E+00	2.364E+00	2.365E+00
2.980E+00	2.350E+00	4.874E-03	2.355E+00	2.345E+00	2.349E+00	2.350E+00	2.349E+00	2.350E+00
2.990E+00	2.335E+00	4.921E-03	2.340E+00	2.330E+00	2.334E+00	2.336E+00	2.335E+00	2.335E+00
3.000E+00	2.320E+00	4.968E-03	2.325E+00	2.315E+00	2.319E+00	2.321E+00	2.320E+00	2.321E+00
