1.000E-02	8.120E+00	2.767E-01	7.842E+00	8.396E+00	8.124E+00	8.117E+00	8.120E+00	8.121E+00
2.000E-02	8.105E+00	2.705E-01	7.832E+00	8.373E+00	8.108E+00	8.101E+00	8.104E+00	8.105E+00
3.000E-02	8.087E+00	2.644E-01	7.819E+00	8.348E+00	8.091E+00	8.083E+00	8.087E+00	8.087E+00
4.000E-02	8.068E+00	2.583E-01	7.806E+00	8.323E+00	8.072E+00	8.065E+00	8.068E+00	8.069E+00
5.000E-02	8.049E+00	2.523E-01	7.792E+00	8.296E+00	8.052E+00	8.045E+00	8.049E+00	8.049E+00
6.000E-02	8.028E+00	2.463E-01	7.776E+00	8.269E+00	8.032E+00	8.024E+00	8.028E+00	8.028E+00
7.000E-02	8.007E+00	2.405E-01	7.760E+00	8.241E+00	8.011E+00	8.003E+00	8.007E+00	8.007E+00
8.000E-02	7.985E+00	2.348E-01	7.744E+00	8.213E+00	7.989E+00	7.981E+00	7.985E+00	7.985E+00
9.000E-02	7.963E+00	2.291E-01	7.726E+00	8.185E+00	7.967E+00	7.959E+00	7.963E+00	7.963E+00
1.000E-01	7.940E+00	2.236E-01	7.709E+00	8.156E+00	7.944E+00	7.936E+00	7.940E+00	7.940E+00
1.100E-01	7.917E+00	2.181E-01	7.691E+00	8.127E+00	7.921E+00	7.913E+00	7.917E+00	7.917E+00
1.200E-01	7.893E+00	2.128E-01	7.672E+00	8.097E+00	7.897E+00	7.890E+00	7.893E+00	7.894E+00
1.300E-01	7.869E+00	2.075E-01	7.653E+00	8.068E+00	7.873E+00	7.866E+00	7.869E+00	7.870E+00
1.400E-01	7.845E+00	2.023E-01	7.634E+00	8.038E+00	7.849E+00	7.842E+00	7.845E+00	7.845E+00
1.500E-01	7.821E+00	1.972E-01	7.614E+00	8.008E+00	7.824E+00	7.817E+00	7.820E+00	7.821E+00
1.600E-01	7.796E+00	1.921E-01	7.594E+00	7.978E+00	7.800E+00	7.792E+00	7.796E+00	7.796E+00
1.700E-01	7.771E+00	1.872E-01	7.573E+00	7.948E+00	7.775E+00	7.767E+00	7.771E+00	7.771E+00
1.800E-01	7.746E+00	1.823E-01	7.553E+00	7.917E+00	7.749E+00	7.742E+00	7.745E+00	7.746E+00
1.900E-01	7.720E+00	1.775E-01	7.532E+00	7.887E+00	7.724E+00	7.717E+00	7.720E+00	7.720E+00
2.000E-01	7.695E+00	1.728E-01	7.511E+00	7.856E+00	7.698E+00	7.691E+00	7.694E+00	7.695E+00
2.100E-01	7.669E+00	1.682E-01	7.489E+00	7.826E+00	7.672E+00	7.665E+00	7.668E+00	7.669E+00
2.200E-01	7.643E+00	1.636E-01	7.468E+00	7.795E+00	7.646E+00	7.639E+00	7.642E+00	7.643E+00
2.300E-01	7.616E+00	1.592E-01	7.446E+00	7.764E+00	7.620E+00	7.613E+00	7.616E+00	7.617E+00
2.400E-01	7.590E+00	1.548E-01	7.424E+00	7.733E+00	7.594E+00	7.587E+00	7.590E+00	7.590E+00
2.500E-01	7.564E+00	1.504E-01	7.401E+00	7.702E+00	7.567E+00	7.560E+00	7.563E+00	7.564E+00
2.600E-01	7.537E+00	1.462E-01	7.379E+00	7.671E+00	7.541E+00	7.534E+00	7.537E+00	7.537E+00
2.700E-01	7.510E+00	1.420E-01	7.356E+00	7.640E+00	7.514E+00	7.507E+00	7.510E+00	7.511E+00
2.800E-01	7.483E+00	1.379E-01	7.334E+00	7.609E+00	7.487E+00	7.480E+00	7.483E+00	7.484E+00
2.900E-01	7.457E+00	1.338E-01	7.311E+00	7.578E+00	7.460E+00	7.453E+00	7.456E+00	7.457E+00
3.000E-01	7.429E+00	1.298E-01	7.288E+00	7.547E+00	7.433E+00	7.426E+00	7.429E+00	7.430E+00
3.100E-01	7.402E+00	1.259E-01	7.264E+00	7.516E+00	7.406E+00	7.399E+00	7.402E+00	7.403E+00
3.200E-01	7.375E+00	1.221E-01	7.241E+00	7.485E+00	7.378E+00	7.372E+00	7.375E+00	7.375E+00
3.300E-01	7.348E+00	1.183E-01	7.217E+00	7.454E+00	7.351E+00	7.344E+00	7.348E+00	7.348E+00
3.400E-01	7.320E+00	1.146E-01	7.194E+00	7.423E+00	7.324E+00	7.317E+00	7.320E+00	7.321E+00
3.500E-01	7.293E+00	1.109E-01	7.170E+00	7.392E+00	7.296E+00	7.290E+00	7.293E+00	7.293E+00
3.600E-01	7.266E+00	1.074E-01	7.146E+00	7.361E+00	7.269E+00	7.262E+00	7.265E+00	7.266E+00
3.700E-01	7.238E+00	1.038E-01	7.122E+00	7.329E+00	7.241E+00	7.235E+00	7.238E+00	7.238E+00
3.800E-01	7.210E+00	1.004E-01	7.098E+00	7.298E+00	7.214E+00	7.207E+00	7.210E+00	7.211E+00
3.900E-01	7.183E+00	9.695E-02	7.074E+00	7.267E+00	7.186E+00	7.180E+00	7.182E+00	7.183E+00
4.000E-01	7.155E+00	9.360E-02	7.049E+00	7.236E+00	7.158E+00	7.152E+00	7.155E+00	7.155E+00
4.100E-01	7.127E+00	9.031E-02	7.025E+00	7.205E+00	7.130E+00	7.124E+00	7.127E+00	7.128E+00
4.200E-01	7.100E+00	8.708E-02	7.000E+00	7.175E+00	7.103E+00	7.096E+00	7.099E+00	7.100E+00
4.300E-01	7.072E+00	8.391E-02	6.976E+00	7.144E+00	7.075E+00	7.069E+00	7.071E+00	7.072E+00
4.400E-01	7.044E+00	8.079E-02	6.951E+00	7.113E+00	7.047E+00	7.041E+00	7.044E+00	7.044E+00
4.500E-01	7.016E+00	7.773E-02	6.927E+00	7.082E+00	7.019E+00	7.013E+00	7.016E+00	7.016E+00
4.600E-01	6.988E+00	7.473E-02	6.902E+00	7.051E+00	6.991E+00	6.985E+00	6.988E+00	6.989E+00
4.700E-01	6.960E+00	7.177E-02	6.877E+00	7.020E+00	6.963E+00	6.957E+00	6.960E+00	6.961E+00
4.800E-01	6.932E+00	6.887E-02	6.852E+00	6.990E+00	6.935E+00	6.929E+00	6.932E+00	6.933E+00
4.900E-01	6.905E+00	6.603E-02	6.827E+00	6.959E+00	6.907E+00	6.902E+00	6.904E+00	6.905E+00
5.000E-01	6.877E+00	6.324E-02	6.802E+00	6.928E+00	6.880E+00	6.874E+00	6.876E+00	6.877E+00
5.100E-01	6.849E+00	6.049E-02	6.777E+00	6.898E+00	6.852E+00	6.846E+00	6.848E+00	6.849E+00
5.200E-01	6.821E+00	5.780E-02	6.752E+00	6.867E+00	6.824E+00	6.818E+00	6.820E+00	6.821E+00
5.300E-01	6.793E+00	5.516E-02	6.727E+00	6.837E+00	6.796E+00	6.790E+00	6.793E+00	6.793E+00
5.400E-01	6.765E+00	5.257E-02	6.702E+00	6.807E+00	6.768E+00	6.762E+00	6.765E+00	6.765E+00
5.500E-01	6.737E+00	5.003E-02	6.676E+00	6.776E+00	6.740E+00	6.734E+00	6.737E+00	6.737E+00
5.600E-01	6.709E+00	4.753E-02	6.651E+00	6.746E+00	6.712E+00	6.706E+00	6.709E+00	6.710E+00
5.700E-01	6.681E+00	4.508E-02	6.626E+00	6.716E+00	6.684E+00	6.679E+00	6.681E+00	6.682E+00
5.800E-01	6.653E+00	4.268E-02	6.600E+00	6.686E+00	6.656E+00	6.651E+00	6.653E+00	6.654E+00
5.900E-01	6.626E+00	4.033E-02	6.575E+00	6.656E+00	6.628E+00	6.623E+00	6.625E+00	6.626E+00
6.000E-01	6.598E+00	3.802E-02	6.550E+00	6.626E+00	6.600E+00	6.595E+00	6.597E+00	6.598E+00
6.100E-01	6.570E+00	3.576E-02	6.524E+00	6.596E+00	6.573E+00	6.567E+00	6.570E+00	6.570E+00
6.200E-01	6.542E+00	3.354E-02	6.499E+00	6.566E+00	6.545E+00	6.540E+00	6.542E+00	6.543E+00
6.300E-01	6.514E+00	3.137E-02	6.473E+00	6.536E+00	6.517E+00	6.512E+00	6.514E+00	6.515E+00
6.400E-01	6.487E+00	2.924E-02	6.448E+00	6.506E+00	6.489E+00	6.484E+00	6.486E+00	6.487E+00
6.500E-01	6.459E+00	2.716E-02	6.422E+00	6.477E+00	6.461E+00	6.456E+00	6.459E+00	6.459E+00
6.600E-01	6.431E+00	2.511E-02	6.397E+00	6.447E+00	6.434E+00	6.429E+00	6.431E+00	6.432E+00
6.700E-01	6.404E+00	2.311E-02	6.371E+00	6.417E+00	6.406E+00	6.401E+00	6.403E+00	6.404E+00
6.800E-01	6.376E+00	2.116E-02	6.346E+00	6.388E+00	6.378E+00	6.374E+00	6.376E+00	6.376E+00
6.900E-01	6.348E+00	1.924E-02	6.320E+00	6.359E+00	6.351E+00	6.346E+00	6.348E+00	6.349E+00
7.000E-01	6.321E+00	1.737E-02	6.295E+00	6.329E+00	6.323E+00	6.319E+00	6.320E+00	6.321E+00
7.100E-01	6.293E+00	1.553E-02	6.269E+00	6.300E+00	6.296E+00	6.291E+00	6.293E+00	6.294E+00
7.200E-01	6.266E+00	1.374E-02	6.244E+00	6.271E+00	6.268E+00	6.264E+00	6.265E+00	6.266E+00
7.300E-01	6.238E+00	1.200E-02	6.218E+00	6.242E+00	6.241E+00	6.236E+00	6.238E+00	6.239E+00
7.400E-01	6.211E+00	1.030E-02	6.193E+00	6.213E+00	6.213E+00	6.209E+00	6.211E+00	6.211E+00
7.500E-01	6.184E+00	8.642E-03	6.168E+00	6.184E+00	6.186E+00	6.182E+00	6.183E+00	6.184E+00
7.600E-01	6.156E+00	7.042E-03	6.142E+00	6.155E+00	6.158E+00	6.154E+00	6.156E+00	6.157E+00
7.700E-01	6.129E+00	5.509E-03	6.117E+00	6.127E+00	6.131E+00	6.127E+00	6.129E+00	6.129E+00
7.800E-01	6.102E+00	4.076E-03	6.091E+00	6.098E+00	6.104E+00	6.100E+00	6.101E+00	6.102E+00
7.900E-01	6.075E+00	2.835E-03	6.066E+00	6.070E+00	6.077E+00	6.073E+00	6.074E+00	6.075E+00
8.000E-01	6.048E+00	2.069E-03	6.040E+00	6.041E+00	6.050E+00	6.046E+00	6.047E+00	6.048E+00
8.100E-01	6.021E+00	2.244E-03	6.015E+00	6.013E+00	6.022E+00	6.019E+00	6.020E+00	6.021E+00
8.200E-01	5.994E+00	3.161E-03	5.989E+00	5.984E+00	5.995E+00	5.992E+00	5.993E+00	5.994E+00
8.300E-01	5.967E+00	4.343E-03	5.964E+00	5.956E+00	5.968E+00	5.965E+00	5.966E+00	5.967E+00
8.400E-01	5.940E+00	5.601E-03	5.939E+00	5.928E+00	5.941E+00	5.938E+00	5.939E+00	5.940E+00
8.500E-01	5.913E+00	6.873E-03	5.913E+00	5.900E+00	5.915E+00	5.911E+00	5.912E+00	5.913E+00
8.600E-01	5.886E+00	8.137E-03	5.888E+00	5.872E+00	5.888E+00	5.884E+00	5.886E+00	5.886E+00
8.700E-01	5.859E+00	9.383E-03	5.863E+00	5.844E+00	5.861E+00	5.857E+00	5.859E+00	5.860E+00
8.800E-01	5.833E+00	1.061E-02	5.838E+00	5.817E+00	5.834E+00	5.831E+00	5.832E+00	5.833E+00
8.900E-01	5.806E+00	1.181E-02	5.812E+00	5.789E+00	5.808E+00	5.804E+00	5.805E+00	5.806E+00
9.000E-01	5.779E+00	1.298E-02	5.787E+00	5.761E+00	5.781E+00	5.778E+00	5.779E+00	5.780E+00
9.100E-01	5.753E+00	1.412E-02	5.762E+00	5.734E+00	5.754E+00	5.751E+00	5.752E+00	5.753E+00
9.200E-01	5.726E+00	1.524E-02	5.737E+00	5.707E+00	5.728E+00	5.725E+00	5.726E+00	5.727E+00
9.300E-01	5.700E+00	1.633E-02	5.712E+00	5.679E+00	5.702E+00	5.698E+00	5.700E+00	5.700E+00
9.400E-01	5.674E+00	1.739E-02	5.687E+00	5.652E+00	5.675E+00	5.672E+00	5.673E+00	5.674E+00
9.500E-01	5.647E+00	1.842E-02	5.662E+00	5.625E+00	5.649E+00	5.646E+00	5.647E+00	5.648E+00
9.600E-01	5.621E+00	1.943E-02	5.637E+00	5.598E+00	5.623E+00	5.620E+00	5.621E+00	5.622E+00
9.700E-01	5.595E+00	2.041E-02	5.612E+00	5.571E+00	5.597E+00	5.594E+00	5.595E+00	5.596E+00
9.800E-01	5.569E+00	2.137E-02	5.587E+00	5.544E+00	5.570E+00	5.568E+00	5.569E+00	5.569E+00
9.900E-01	5.543E+00	2.229E-02	5.562E+00	5.517E+00	5.544E+00	5.542E+00	5.543E+00	5.543E+00
1.000E+00	5.517E+00	2.319E-02	5.537E+00	5.491E+00	5.518E+00	5.516E+00	5.517E+00	5.518E+00
1.010E+00	5.491E+00	2.407E-02	5.512E+00	5.464E+00	5.493E+00	5.490E+00	5.491E+00	5.492E+00
1.020E+00	5.465E+00	2.492E-02	5.487E+00	5.438E+00	5.467E+00	5.464E+00	5.465E+00	5.466E+00
1.030E+00	5.440E+00	2.574E-02	5.463E+00	5.411E+00	5.441E+00	5.438E+00	5.439E+00	5.440E+00
1.040E+00	5.414E+00	2.654E-02	5.438E+00	5.385E+00	5.415E+00	5.413E+00	5.414E+00	5.415E+00
1.050E+00	5.388E+00	2.732E-02	5.413E+00	5.359E+00	5.390E+00	5.387E+00	5.388E+00	5.389E+00
1.060E+00	5.363E+00	2.807E-02	5.389E+00	5.333E+00	5.364E+00	5.362E+00	5.362E+00	5.363E+00
1.070E+00	5.337E+00	2.879E-02	5.364E+00	5.307E+00	5.339E+00	5.336E+00	5.337E+00	5.338E+00
1.080E+00	5.312E+00	2.950E-02	5.340E+00	5.281E+00	5.313E+00	5.311E+00	5.312E+00	5.313E+00
1.090E+00	5.287E+00	3.018E-02	5.315E+00	5.255E+00	5.288E+00	5.286E+00	5.286E+00	5.287E+00
1.100E+00	5.262E+00	3.084E-02	5.291E+00	5.229E+00	5.263E+00	5.260E+00	5.261E+00	5.262E+00
1.110E+00	5.236E+00	3.147E-02	5.266E+00	5.204E+00	5.237E+00	5.235E+00	5.236E+00	5.237E+00
1.120E+00	5.211E+00	3.208E-02	5.242E+00	5.178E+00	5.212E+00	5.210E+00	5.211E+00	5.212E+00
1.130E+00	5.186E+00	3.267E-02	5.218E+00	5.153E+00	5.187E+00	5.185E+00	5.186E+00	5.187E+00
1.140E+00	5.161E+00	3.324E-02	5.194E+00	5.127E+00	5.162E+00	5.160E+00	5.161E+00	5.162E+00
1.150E+00	5.136E+00	3.379E-02	5.170E+00	5.102E+00	5.137E+00	5.136E+00	5.136E+00	5.137E+00
1.160E+00	5.112E+00	3.432E-02	5.145E+00	5.077E+00	5.113E+00	5.111E+00	5.111E+00	5.112E+00
1.170E+00	5.087E+00	3.482E-02	5.121E+00	5.052E+00	5.088E+00	5.086E+00	5.086E+00	5.087E+00
1.180E+00	5.062E+00	3.531E-02	5.097E+00	5.027E+00	5.063E+00	5.061E+00	5.062E+00	5.063E+00
1.190E+00	5.038E+00	3.578E-02	5.074E+00	5.002E+00	5.038E+00	5.037E+00	5.037E+00	5.038E+00
1.200E+00	5.013E+00	3.622E-02	5.050E+00	4.977E+00	5.014E+00	5.012E+00	5.013E+00	5.014E+00
1.210E+00	4.989E+00	3.665E-02	5.026E+00	4.953E+00	4.990E+00	4.988E+00	4.988E+00	4.989E+00
1.220E+00	4.964E+00	3.706E-02	5.002E+00	4.928E+00	4.965E+00	4.964E+00	4.964E+00	4.965E+00
1.230E+00	4.940E+00	3.745E-02	4.978E+00	4.903E+00	4.941E+00	4.940E+00	4.940E+00	4.941E+00
1.240E+00	4.916E+00	3.782E-02	4.955E+00	4.879E+00	4.917E+00	4.915E+00	4.916E+00	4.917E+00
1.250E+00	4.892E+00	3.817E-02	4.931E+00	4.855E+00	4.892E+00	4.891E+00	4.891E+00	4.892E+00
1.260E+00	4.868E+00	3.850E-02	4.908E+00	4.831E+00	4.868E+00	4.867E+00	4.867E+00	4.868E+00
1.270E+00	4.844E+00	3.882E-02	4.884E+00	4.806E+00	4.844E+00	4.843E+00	4.843E+00	4.844E+00
1.280E+00	4.820E+00	3.912E-02	4.861E+00	4.782E+00	4.821E+00	4.820E+00	4.820E+00	4.821E+00
1.290E+00	4.796E+00	3.940E-02	4.837E+00	4.759E+00	4.797E+00	4.796E+00	4.796E+00	4.797E+00
1.300E+00	4.773E+00	3.966E-02	4.814E+00	4.735E+00	4.773E+00	4.772E+00	4.772E+00	4.773E+00
1.310E+00	4.749E+00	3.991E-02	4.791E+00	4.711E+00	4.749E+00	4.748E+00	4.748E+00	4.749E+00
1.320E+00	4.725E+00	4.015E-02	4.768E+00	4.687E+00	4.726E+00	4.725E+00	4.725E+00	4.726E+00
1.330E+00	4.702E+00	4.036E-02	4.745E+00	4.664E+00	4.702E+00	4.702E+00	4.701E+00	4.702E+00
1.340E+00	4.678E+00	4.056E-02	4.721E+00	4.640E+00	4.679E+00	4.678E+00	4.678E+00	4.679E+00
1.350E+00	4.655E+00	4.075E-02	4.698E+00	4.617E+00	4.655E+00	4.655E+00	4.655E+00	4.656E+00
1.360E+00	4.632E+00	4.092E-02	4.676E+00	4.594E+00	4.632E+00	4.632E+00	4.631E+00	4.632E+00
1.370E+00	4.609E+00	4.107E-02	4.653E+00	4.571E+00	4.609E+00	4.609E+00	4.608E+00	4.609E+00
1.380E+00	4.586E+00	4.121E-02	4.630E+00	4.548E+00	4.586E+00	4.585E+00	4.585E+00	4.586E+00
1.390E+00	4.563E+00	4.134E-02	4.607E+00	4.525E+00	4.563E+00	4.563E+00	4.562E+00	4.563E+00
1.400E+00	4.540E+00	4.145E-02	4.585E+00	4.502E+00	4.540E+00	4.540E+00	4.539E+00	4.540E+00
1.410E+00	4.517E+00	4.154E-02	4.562E+00	4.479E+00	4.517E+00	4.517E+00	4.516E+00	4.517E+00
1.420E+00	4.494E+00	4.163E-02	4.539E+00	4.456E+00	4.494E+00	4.494E+00	4.494E+00	4.495E+00
1.430E+00	4.472E+00	4.170E-02	4.517E+00	4.434E+00	4.472E+00	4.471E+00	4.471E+00	4.472E+00
1.440E+00	4.449E+00	4.175E-02	4.495E+00	4.411E+00	4.449E+00	4.449E+00	4.448E+00	4.449E+00
1.450E+00	4.426E+00	4.179E-02	4.472E+00	4.389E+00	4.426E+00	4.426E+00	4.426E+00	4.427E+00
1.460E+00	4.404E+00	4.182E-02	4.450E+00	4.366E+00	4.404E+00	4.404E+00	4.403E+00	4.405E+00
1.470E+00	4.382E+00	4.184E-02	4.428E+00	4.344E+00	4.382E+00	4.382E+00	4.381E+00	4.382E+00
1.480E+00	4.359E+00	4.185E-02	4.406E+00	4.322E+00	4.359E+00	4.359E+00	4.359E+00	4.360E+00
1.490E+00	4.337E+00	4.184E-02	4.384E+00	4.300E+00	4.337E+00	4.337E+00	4.337E+00	4.338E+00
1.500E+00	4.315E+00	4.182E-02	4.362E+00	4.278E+00	4.315E+00	4.315E+00	4.315E+00	4.316E+00
1.510E+00	4.293E+00	4.179E-02	4.340E+00	4.256E+00	4.293E+00	4.293E+00	4.293E+00	4.294E+00
1.520E+00	4.271E+00	4.175E-02	4.318E+00	4.234E+00	4.271E+00	4.271E+00	4.271E+00	4.272E+00
1.530E+00	4.249E+00	4.169E-02	4.296E+00	4.213E+00	4.249E+00	4.249E+00	4.249E+00	4.250E+00
1.540E+00	4.228E+00	4.163E-02	4.274E+00	4.191E+00	4.227E+00	4.228E+00	4.227E+00	4.228E+00
1.550E+00	4.206E+00	4.155E-02	4.253E+00	4.170E+00	4.206E+00	4.206E+00	4.205E+00	4.206E+00
1.560E+00	4.184E+00	4.146E-02	4.231E+00	4.148E+00	4.184E+00	4.184E+00	4.184E+00	4.185E+00
1.570E+00	4.163E+00	4.137E-02	4.210E+00	4.127E+00	4.162E+00	4.163E+00	4.162E+00	4.163E+00
1.580E+00	4.141E+00	4.126E-02	4.188E+00	4.106E+00	4.141E+00	4.142E+00	4.141E+00	4.142E+00
1.590E+00	4.120E+00	4.114E-02	4.167E+00	4.085E+00	4.120E+00	4.120E+00	4.119E+00	4.120E+00
1.600E+00	4.099E+00	4.101E-02	4.146E+00	4.064E+00	4.098E+00	4.099E+00	4.098E+00	4.099E+00
1.610E+00	4.077E+00	4.088E-02	4.124E+00	4.043E+00	4.077E+00	4.078E+00	4.077E+00	4.078E+00
1.620E+00	4.056E+00	4.073E-02	4.103E+00	4.022E+00	4.056E+00	4.057E+00	4.056E+00	4.057E+00
1.630E+00	4.035E+00	4.057E-02	4.082E+00	4.001E+00	4.035E+00	4.036E+00	4.035E+00	4.036E+00
1.640E+00	4.014E+00	4.041E-02	4.061E+00	3.980E+00	4.014E+00	4.015E+00	4.014E+00	4.015E+00
1.650E+00	3.993E+00	4.023E-02	4.040E+00	3.960E+00	3.993E+00	3.994E+00	3.993E+00	3.994E+00
1.660E+00	3.973E+00	4.005E-02	4.019E+00	3.939E+00	3.972E+00	3.973E+00	3.972E+00	3.973E+00
1.670E+00	3.952E+00	3.986E-02	3.999E+00	3.919E+00	3.951E+00	3.952E+00	3.951E+00	3.953E+00
1.680E+00	3.931E+00	3.966E-02	3.978E+00	3.899E+00	3.931E+00	3.932E+00	3.931E+00	3.932E+00
1.690E+00	3.911E+00	3.945E-02	3.957E+00	3.878E+00	3.910E+00	3.911E+00	3.910E+00	3.911E+00
1.700E+00	3.890E+00	3.923E-02	3.937E+00	3.858E+00	3.890E+00	3.891E+00	3.890E+00	3.891E+00
1.710E+00	3.870E+00	3.901E-02	3.916E+00	3.838E+00	3.869E+00	3.871E+00	3.869E+00	3.871E+00
1.720E+00	3.850E+00	3.877E-02	3.896E+00	3.818E+00	3.849E+00	3.850E+00	3.849E+00	3.850E+00
1.730E+00	3.829E+00	3.853E-02	3.875E+00	3.798E+00	3.829E+00	3.830E+00	3.829E+00	3.830E+00
1.740E+00	3.809E+00	3.829E-02	3.855E+00	3.779E+00	3.809E+00	3.810E+00	3.809E+00	3.810E+00
1.750E+00	3.789E+00	3.803E-02	3.835E+00	3.759E+00	3.789E+00	3.790E+00	3.789E+00	3.790E+00
1.760E+00	3.769E+00	3.777E-02	3.815E+00	3.739E+00	3.769E+00	3.770E+00	3.769E+00	3.770E+00
1.770E+00	3.749E+00	3.750E-02	3.795E+00	3.720E+00	3.749E+00	3.750E+00	3.749E+00	3.750E+00
1.780E+00	3.730E+00	3.722E-02	3.775E+00	3.700E+00	3.729E+00	3.730E+00	3.729E+00	3.730E+00
1.790E+00	3.710E+00	3.694E-02	3.755E+00	3.681E+00	3.709E+00	3.711E+00	3.709E+00	3.710E+00
1.800E+00	3.690E+00	3.665E-02	3.735E+00	3.662E+00	3.689E+00	3.691E+00	3.690E+00	3.691E+00
1.810E+00	3.671E+00	3.636E-02	3.715E+00	3.642E+00	3.670E+00	3.672E+00	3.670E+00	3.671E+00
1.820E+00	3.651E+00	3.605E-02	3.695E+00	3.623E+00	3.650E+00	3.652E+00	3.651E+00	3.652E+00
1.830E+00	3.632E+00	3.575E-02	3.676E+00	3.604E+00	3.631E+00	3.633E+00	3.631E+00	3.632E+00
1.840E+00	3.613E+00	3.543E-02	3.656E+00	3.585E+00	3.612E+00	3.613E+00	3.612E+00	3.613E+00
1.850E+00	3.593E+00	3.511E-02	3.637E+00	3.567E+00	3.592E+00	3.594E+00	3.593E+00	3.594E+00
1.860E+00	3.574E+00	3.479E-02	3.617E+00	3.548E+00	3.573E+00	3.575E+00	3.574E+00	3.575E+00
1.870E+00	3.555E+00	3.446E-02	3.598E+00	3.529E+00	3.554E+00	3.556E+00	3.554E+00	3.556E+00
1.880E+00	3.536E+00	3.412E-02	3.579E+00	3.511E+00	3.535E+00	3.537E+00	3.535E+00	3.537E+00
1.890E+00	3.517E+00	3.378E-02	3.560E+00	3.492E+00	3.516E+00	3.518E+00	3.517E+00	3.518E+00
1.900E+00	3.498E+00	3.343E-02	3.541E+00	3.474E+00	3.497E+00	3.499E+00	3.498E+00	3.499E+00
1.910E+00	3.480E+00	3.308E-02	3.522E+00	3.455E+00	3.479E+00	3.481E+00	3.479E+00	3.480E+00
1.920E+00	3.461E+00	3.273E-02	3.503E+00	3.437E+00	3.460E+00	3.462E+00	3.460E+00	3.461E+00
1.930E+00	3.442E+00	3.237E-02	3.484E+00	3.419E+00	3.441E+00	3.443E+00	3.442E+00	3.443E+00
1.940E+00	3.424E+00	3.200E-02	3.465E+00	3.401E+00	3.423E+00	3.425E+00	3.423E+00	3.424E+00
1.950E+00	3.405E+00	3.163E-02	3.446E+00	3.383E+00	3.404E+00	3.406E+00	3.405E+00	3.406E+00
1.960E+00	3.387E+00	3.126E-02	3.428E+00	3.365E+00	3.386E+00	3.388E+00	3.386E+00	3.388E+00
1.970E+00	3.369E+00	3.088E-02	3.409E+00	3.347E+00	3.368E+00	3.370E+00	3.368E+00	3.369E+00
1.980E+00	3.351E+00	3.050E-02	3.390E+00	3.330E+00	3.349E+00	3.352E+00	3.350E+00	3.351E+00
1.990E+00	3.332E+00	3.011E-02	3.372E+00	3.312E+00	3.331E+00	3.334E+00	3.332E+00	3.333E+00
2.000E+00	3.314E+00	2.972E-02	3.354E+00	3.294E+00	3.313E+00	3.316E+00	3.314E+00	3.315E+00
2.010E+00	3.296E+00	2.933E-02	3.335E+00	3.277E+00	3.295E+00	3.298E+00	3.296E+00	3.297E+00
2.020E+00	3.279E+00	2.893E-02	3.317E+00	3.259E+00	3.277E+00	3.280E+00	3.278E+00	3.279E+00
2.030E+00	3.261E+00	2.853E-02	3.299E+00	3.242E+00	3.259E+00	3.262E+00	3.260E+00	3.261E+00
2.040E+00	3.243E+00	2.812E-02	3.281E+00	3.225E+00	3.242E+00	3.244E+00	3.242E+00	3.244E+00
2.050E+00	3.225E+00	2.772E-02	3.263E+00	3.208E+00	3.224E+00	3.227E+00	3.225E+00	3.226E+00
2.060E+00	3.208E+00	2.730E-02	3.245E+00	3.191E+00	3.207E+00	3.209E+00	3.207E+00	3.208E+00
2.070E+00	3.190E+00	2.689E-02	3.227E+00	3.174E+00	3.189E+00	3.192E+00	3.190E+00	3.191E+00
2.080E+00	3.173E+00	2.647E-02	3.209E+00	3.157E+00	3.172E+00	3.174E+00	3.172E+00	3.173E+00
2.090E+00	3.156E+00	2.606E-02	3.192E+00	3.140E+00	3.154E+00	3.157E+00	3.155E+00	3.156E+00
2.100E+00	3.138E+00	2.563E-02	3.174E+00	3.123E+00	3.137E+00	3.140E+00	3.138E+00	3.139E+00
2.110E+00	3.121E+00	2.521E-02	3.157E+00	3.106E+00	3.120E+00	3.122E+00	3.121E+00	3.122E+00
2.120E+00	3.104E+00	2.478E-02	3.139E+00	3.090E+00	3.103E+00	3.105E+00	3.103E+00	3.105E+00
2.130E+00	3.087E+00	2.435E-02	3.122E+00	3.073E+00	3.086E+00	3.088E+00	3.086E+00	3.088E+00
2.140E+00	3.070E+00	2.392E-02	3.104E+00	3.057E+00	3.069E+00	3.071E+00	3.069E+00	3.071E+00
2.150E+00	3.053E+00	2.349E-02	3.087E+00	3.040E+00	3.052E+00	3.055E+00	3.053E+00	3.054E+00
2.160E+00	3.036E+00	2.305E-02	3.070E+00	3.024E+00	3.035E+00	3.038E+00	3.036E+00	3.037E+00
2.170E+00	3.020E+00	2.261E-02	3.053E+00	3.008E+00	3.018E+00	3.021E+00	3.019E+00	3.020E+00
2.180E+00	3.003E+00	2.217E-02	3.036E+00	2.992E+00	3.002E+00	3.004E+00	3.002E+00	3.004E+00
2.190E+00	2.986E+00	2.173E-02	3.019E+00	2.976E+00	2.985E+00	2.988E+00	2.986E+00	2.987E+00
2.200E+00	2.970E+00	2.128E-02	3.002E+00	2.960E+00	2.968E+00	2.971E+00	2.969E+00	2.971E+00
2.210E+00	2.954E+00	2.084E-02	2.985E+00	2.944E+00	2.952E+00	2.955E+00	2.953E+00	2.954E+00
2.220E+00	2.937E+00	2.039E-02	2.968E+00	2.928E+00	2.936E+00	2.939E+00	2.937E+00	2.938E+00
2.230E+00	2.921E+00	1.994E-02	2.952E+00	2.912E+00	2.919E+00	2.922E+00	2.920E+00	2.921E+00
2.240E+00	2.905E+00	1.949E-02	2.935E+00	2.896E+00	2.903E+00	2.906E+00	2.904E+00	2.905E+00
2.250E+00	2.889E+00	1.904E-02	2.919E+00	2.881E+00	2.887E+00	2.890E+00	2.888E+00	2.889E+00
2.260E+00	2.873E+00	1.859E-02	2.902E+00	2.865E+00	2.871E+00	2.874E+00	2.872E+00	2.873E+00
2.270E+00	2.857E+00	1.814E-02	2.886E+00	2.850E+00	2.855E+00	2.858E+00	2.856E+00	2.857E+00
2.280E+00	2.841E+00	1.768E-02	2.869E+00	2.834E+00	2.839E+00	2.842E+00	2.840E+00	2.841E+00
2.290E+00	2.825E+00	1.723E-02	2.853E+00	2.819E+00	2.823E+00	2.826E+00	2.824E+00	2.825E+00
2.300E+00	2.809E+00	1.677E-02	2.837E+00	2.804E+00	2.808E+00	2.811E+00	2.809E+00	2.810E+00
2.310E+00	2.793E+00	1.632E-02	2.821E+00	2.789E+00	2.792E+00	2.795E+00	2.793E+00	2.794E+00
2.320E+00	2.778E+00	1.586E-02	2.805E+00	2.773E+00	2.776E+00	2.780E+00	2.777E+00	2.778E+00
2.330E+00	2.762E+00	1.540E-02	2.789E+00	2.758E+00	2.761E+00	2.764E+00	2.762E+00	2.763E+00
2.340E+00	2.747E+00	1.494E-02	2.773E+00	2.743E+00	2.745E+00	2.749E+00	2.746E+00	2.747E+00
2.350E+00	2.732E+00	1.448E-02	2.757E+00	2.729E+00	2.730E+00	2.733E+00	2.731E+00	2.732E+00
2.360E+00	2.716E+00	1.402E-02	2.742E+00	2.714E+00	2.715E+00	2.718E+00	2.716E+00	2.717E+00
2.370E+00	2.701E+00	1.357E-02	2.726E+00	2.699E+00	2.699E+00	2.703E+00	2.700E+00	2.702E+00
2.380E+00	2.686E+00	1.311E-02	2.710E+00	2.684E+00	2.684E+00	2.688E+00	2.685E+00	2.686E+00
2.390E+00	2.671E+00	1.265E-02	2.695E+00	2.670E+00	2.669E+00	2.672E+00	2.670E+00	2.671E+00
2.400E+00	2.656E+00	1.219E-02	2.679E+00	2.655E+00	2.654E+00	2.657E+00	2.655E+00	2.656E+00
2.410E+00	2.641E+00	1.173E-02	2.664E+00	2.641E+00	2.639E+00	2.642E+00	2.640E+00	2.641E+00
2.420E+00	2.626E+00	1.127E-02	2.649E+00	2.626E+00	2.624E+00	2.628E+00	2.625E+00	2.626E+00
2.430E+00	2.611E+00	1.081E-02	2.633E+00	2.612E+00	2.609E+00	2.613E+00	2.610E+00	2.612E+00
2.440E+00	2.596E+00	1.036E-02	2.618E+00	2.598E+00	2.595E+00	2.598E+00	2.596E+00	2.597E+00
2.450E+00	2.582E+00	9.901E-03	2.603E+00	2.584E+00	2.580E+00	2.583E+00	2.581E+00	2.582E+00
2.460E+00	2.567E+00	9.446E-03	2.588E+00	2.570E+00	2.565E+00	2.569E+00	2.566E+00	2.568E+00
2.470E+00	2.553E+00	8.992E-03	2.573E+00	2.556E+00	2.551E+00	2.554E+00	2.552E+00	2.553E+00
2.480E+00	2.538E+00	8.540E-03	2.558E+00	2.542E+00	2.536E+00	2.540E+00	2.538E+00	2.539E+00
2.490E+00	2.524E+00	8.090E-03	2.543E+00	2.528E+00	2.522E+00	2.526E+00	2.523E+00	2.524E+00
2.500E+00	2.509E+00	7.641E-03	2.529E+00	2.514E+00	2.508E+00	2.511E+00	2.509E+00	2.510E+00
2.510E+00	2.495E+00	7.195E-03	2.514E+00	2.500E+00	2.493E+00	2.497E+00	2.495E+00	2.496E+00
2.520E+00	2.481E+00	6.752E-03	2.499E+00	2.486E+00	2.479E+00	2.483E+00	2.480E+00	2.482E+00
2.530E+00	2.467E+00	6.312E-03	2.485E+00	2.473E+00	2.465E+00	2.469E+00	2.466E+00	2.467E+00
2.540E+00	2.453E+00	5.876E-03	2.470E+00	2.459E+00	2.451E+00	2.455E+00	2.452E+00	2.453E+00
2.550E+00	2.439E+00	5.446E-03	2.456E+00	2.446E+00	2.437E+00	2.441E+00	2.438E+00	2.439E+00
2.560E+00	2.425E+00	5.021E-03	2.442E+00	2.432E+00	2.423E+00	2.427E+00	2.424E+00	2.425E+00
2.570E+00	2.411E+00	4.605E-03	2.427E+00	2.419E+00	2.409E+00	2.413E+00	2.411E+00	2.412E+00
2.580E+00	2.397E+00	4.199E-03	2.413E+00	2.406E+00	2.395E+00	2.399E+00	2.397E+00	2.398E+00
2.590E+00	2.384E+00	3.805E-03	2.399E+00	2.393E+00	2.382E+00	2.386E+00	2.383E+00	2.384E+00
2.600E+00	2.370E+00	3.429E-03	2.385E+00	2.379E+00	2.368E+00	2.372E+00	2.369E+00	2.371E+00
2.610E+00	2.356E+00	3.076E-03	2.371E+00	2.366E+00	2.354E+00	2.358E+00	2.356E+00	2.357E+00
2.620E+00	2.343E+00	2.754E-03	2.357E+00	2.353E+00	2.341E+00	2.345E+00	2.342E+00	2.343E+00
2.630E+00	2.330E+00	2.477E-03	2.343E+00	2.340E+00	2.328E+00	2.331E+00	2.329E+00	2.330E+00
2.640E+00	2.316E+00	2.258E-03	2.329E+00	2.327E+00	2.314E+00	2.318E+00	2.316E+00	2.317E+00
2.650E+00	2.303E+00	2.116E-03	2.316E+00	2.315E+00	2.301E+00	2.305E+00	2.302E+00	2.303E+00
2.660E+00	2.290E+00	2.067E-03	2.302E+00	2.302E+00	2.288E+00	2.292E+00	2.289E+00	2.290E+00
2.670E+00	2.276E+00	2.115E-03	2.288E+00	2.289E+00	2.274E+00	2.278E+00	2.276E+00	2.277E+00
2.680E+00	2.263E+00	2.255E-03	2.275E+00	2.276E+00	2.261E+00	2.265E+00	2.263E+00	2.264E+00
2.690E+00	2.250E+00	2.469E-03	2.261E+00	2.264E+00	2.248E+00	2.252E+00	2.250E+00	2.251E+00
2.700E+00	2.237E+00	2.740E-03	2.248E+00	2.251E+00	2.235E+00	2.239E+00	2.237E+00	2.238E+00
2.710E+00	2.224E+00	3.053E-03	2.234E+00	2.239E+00	2.222E+00	2.226E+00	2.224E+00	2.225E+00
2.720E+00	2.212E+00	3.394E-03	2.221E+00	2.227E+00	2.210E+00	2.214E+00	2.211E+00	2.212E+00
2.730E+00	2.199E+00	3.756E-03	2.208E+00	2.214E+00	2.197E+00	2.201E+00	2.198E+00	2.199E+00
2.740E+00	2.186E+00	4.133E-03	2.195E+00	2.202E+00	2.184E+00	2.188E+00	2.186E+00	2.187E+00
2.750E+00	2.173E+00	4.521E-03	2.182E+00	2.190E+00	2.171E+00	2.175E+00	2.173E+00	2.174E+00
2.760E+00	2.161E+00	4.917E-03	2.169E+00	2.178E+00	2.159E+00	2.163E+00	2.160E+00	2.161E+00
2.770E+00	2.148E+00	5.318E-03	2.156E+00	2.166E+00	2.146E+00	2.150E+00	2.148E+00	2.149E+00
2.780E+00	2.136E+00	5.723E-03	2.143E+00	2.154E+00	2.134E+00	2.138E+00	2.135E+00	2.136E+00
2.790E+00	2.123E+00	6.132E-03	2.130E+00	2.142E+00	2.121E+00	2.126E+00	2.123E+00	2.124E+00
2.800E+00	2.111E+00	6.542E-03	2.117E+00	2.130E+00	2.109E+00	2.113E+00	2.111E+00	2.112E+00
2.810E+00	2.099E+00	6.954E-03	2.105E+00	2.118E+00	2.097E+00	2.101E+00	2.098E+00	2.099E+00
2.820E+00	2.087E+00	7.366E-03	2.092E+00	2.106E+00	2.085E+00	2.089E+00	2.086E+00	2.087E+00
2.830E+00	2.074E+00	7.779E-03	2.079E+00	2.094E+00	2.072E+00	2.077E+00	2.074E+00	2.075E+00
2.840E+00	2.062E+00	8.192E-03	2.067E+00	2.083E+00	2.060E+00	2.065E+00	2.062E+00	2.063E+00
2.850E+00	2.050E+00	8.604E-03	2.054E+00	2.071E+00	2.048E+00	2.053E+00	2.050E+00	2.051E+00
2.860E+00	2.038E+00	9.016E-03	2.042E+00	2.060E+00	2.036E+00	2.041E+00	2.038E+00	2.039E+00
2.870E+00	2.027E+00	9.428E-03	2.030E+00	2.048E+00	2.024E+00	2.029E+00	2.026E+00	2.027E+00
2.880E+00	2.015E+00	9.838E-03	2.017E+00	2.037E+00	2.013E+00	2.017E+00	2.014E+00	2.015E+00
2.890E+00	2.003E+00	1.025E-02	2.005E+00	2.025E+00	2.001E+00	2.005E+00	2.002E+00	2.003E+00
2.900E+00	1.991E+00	1.066E-02	1.993E+00	2.014E+00	1.989E+00	1.993E+00	1.991E+00	1.992E+00
2.910E+00	1.980E+00	1.106E-02	1.981E+00	2.003E+00	1.977E+00	1.982E+00	1.979E+00	1.980E+00
2.920E+00	1.968E+00	1.147E-02	1.969E+00	1.992E+00	1.966E+00	1.970E+00	1.967E+00	1.968E+00
2.930E+00	1.956E+00	1.187E-02	1.957E+00	1.980E+00	1.954E+00	1.959E+00	1.956E+00	1.957E+00
2.940E+00	1.945E+00	1.228E-02	1.945E+00	1.969E+00	1.943E+00	1.947E+00	1.944E+00	1.945E+00
2.950E+00	1.933E+00	1.268E-02	1.933E+00	1.958E+00	1.931E+00	1.936E+00	1.933E+00	1.934E+00
2.960E+00	1.922E+00	1.308E-02	1.922E+00	1.947E+00	1.920E+00	1.924E+00	1.922E+00	1.923E+00
2.970E+00	1.911E+00	1.347E-02	1.910E+00	1.936E+00	1.909E+00	1.913E+00	1.910E+00	1.911E+00
2.980E+00	1.900E+00	1.387E-02	1.898E+00	1.926E+00	1.897E+00	1.902E+00	1.899E+00	1.900E+00
2.990E+00	1.888E+00	1.427E-02	1.887E+00	1.915E+00	1.886E+00	1.891E+00	1.888E+00	1.889E+00
3.000E+00	1.877E+00	1.466E-02	1.875E+00	1.904E+00	1.875E+00	1.879E+00	1.877E+00	1.878E+00
