1.000E-02	6.385E+00	5.079E-02	6.435E+00	6.334E+00	6.384E+00	6.385E+00	6.384E+00	6.385E+00
2.000E-02	6.384E+00	5.072E-02	6.435E+00	6.334E+00	6.384E+00	6.385E+00	6.384E+00	6.384E+00
3.000E-02	6.384E+00	5.061E-02	6.434E+00	6.333E+00	6.383E+00	6.384E+00	6.384E+00	6.384E+00
4.000E-02	6.383E+00	5.046E-02	6.434E+00	6.333E+00	6.383E+00	6.384E+00	6.383E+00	6.383E+00
5.000E-02	6.382E+00	5.028E-02	6.433E+00	6.332E+00	6.382E+00	6.383E+00	6.382E+00	6.382E+00
6.000E-02	6.381E+00	5.007E-02	6.431E+00	6.331E+00	6.381E+00	6.382E+00	6.381E+00	6.381E+00
7.000E-02	6.380E+00	4.983E-02	6.430E+00	6.330E+00	6.380E+00	6.380E+00	6.380E+00	6.380E+00
8.000E-02	6.379E+00	4.956E-02	6.428E+00	6.329E+00	6.378E+00	6.379E+00	6.379E+00	6.379E+00
9.000E-02	6.377E+00	4.927E-02	6.426E+00	6.327E+00	6.377E+00	6.377E+00	6.377E+00	6.377E+00
1.000E-01	6.375E+00	4.895E-02	6.424E+00	6.326E+00	6.375E+00	6.375E+00	6.375E+00	6.375E+00
1.100E-01	6.373E+00	4.861E-02	6.421E+00	6.324E+00	6.373E+00	6.373E+00	6.373E+00	6.373E+00
1.200E-01	6.371E+00	4.824E-02	6.419E+00	6.322E+00	6.370E+00	6.371E+00	6.371E+00	6.371E+00
1.300E-01	6.368E+00	4.785E-02	6.416E+00	6.320E+00	6.368E+00	6.369E+00	6.368E+00	6.368E+00
1.400E-01	6.365E+00	4.745E-02	6.413E+00	6.318E+00	6.365E+00	6.366E+00	6.365E+00	6.365E+00
1.500E-01	6.362E+00	4.702E-02	6.409E+00	6.315E+00	6.362E+00	6.363E+00	6.362E+00	6.362E+00
1.600E-01	6.359E+00	4.658E-02	6.406E+00	6.312E+00	6.359E+00	6.360E+00	6.359E+00	6.359E+00
1.700E-01	6.356E+00	4.611E-02	6.402E+00	6.310E+00	6.356E+00	6.356E+00	6.356E+00	6.356E+00
1.800E-01	6.352E+00	4.563E-02	6.398E+00	6.306E+00	6.352E+00	6.353E+00	6.352E+00	6.352E+00
1.900E-01	6.349E+00	4.513E-02	6.393E+00	6.303E+00	6.348E+00	6.349E+00	6.349E+00	6.349E+00
2.000E-01	6.345E+00	4.462E-02	6.389E+00	6.300E+00	6.344E+00	6.345E+00	6.345E+00	6.345E+00
2.100E-01	6.340E+00	4.409E-02	6.384E+00	6.296E+00	6.340E+00	6.341E+00	6.340E+00	6.340E+00
2.200E-01	6.336E+00	4.355E-02	6.379E+00	6.292E+00	6.335E+00	6.336E+00	6.336E+00	6.336E+00
2.300E-01	6.331E+00	4.299E-02	6.374E+00	6.288E+00	6.331E+00	6.332E+00	6.331E+00	6.331E+00
2.400E-01	6.326E+00	4.242E-02	6.368E+00	6.283E+00	6.326E+00	6.327E+00	6.326E+00	6.326E+00
2.500E-01	6.321E+00	4.184E-02	6.362E+00	6.279E+00	6.321E+00	6.322E+00	6.321E+00	6.321E+00
2.600E-01	6.316E+00	4.124E-02	6.357E+00	6.274E+00	6.315E+00	6.316E+00	6.316E+00	6.316E+00
2.700E-01	6.310E+00	4.064E-02	6.350E+00	6.269E+00	6.310E+00	6.311E+00	6.310E+00	6.310E+00
2.800E-01	6.305E+00	4.002E-02	6.344E+00	6.264E+00	6.304E+00	6.305E+00	6.304E+00	6.305E+00
2.900E-01	6.299E+00	3.939E-02	6.337E+00	6.258E+00	6.298E+00	6.299E+00	6.299E+00	6.299E+00
3.000E-01	6.292E+00	3.875E-02	6.330E+00	6.253E+00	6.292E+00	6.293E+00	6.292E+00	6.292E+00
3.100E-01	6.286E+00	3.810E-02	6.323E+00	6.247E+00	6.285E+00	6.286E+00	6.286E+00	6.286E+00
3.200E-01	6.279E+00	3.745E-02	6.316E+00	6.241E+00	6.279E+00	6.280E+00	6.279E+00	6.279E+00
3.300E-01	6.272E+00	3.678E-02	6.308E+00	6.235E+00	6.272E+00	6.273E+00	6.272E+00	6.272E+00
3.400E-01	6.265E+00	3.611E-02	6.301E+00	6.228E+00	6.265E+00	6.266E+00	6.265E+00	6.265E+00
3.500E-01	6.258E+00	3.543E-02	6.293E+00	6.222E+00	6.258E+00	6.258E+00	6.258E+00	6.258E+00
3.600E-01	6.250E+00	3.474E-02	6.284E+00	6.215E+00	6.250E+00	6.251E+00	6.250E+00	6.250E+00
3.700E-01	6.243E+00	3.404E-02	6.276E+00	6.208E+00	6.242E+00	6.243E+00	6.243E+00	6.243E+00
3.800E-01	6.235E+00	3.334E-02	6.267E+00	6.201E+00	6.234E+00	6.235E+00	6.235E+00	6.235E+00
3.900E-01	6.227E+00	3.264E-02	6.258E+00	6.193E+00	6.226E+00	6.227E+00	6.227E+00	6.227E+00
4.000E-01	6.218E+00	3.192E-02	6.249E+00	6.185E+00	6.218E+00	6.219E+00	6.218E+00	6.218E+00
4.100E-01	6.210E+00	3.121E-02	6.240E+00	6.178E+00	6.209E+00	6.210E+00	6.210E+00	6.210E+00
4.200E-01	6.201E+00	3.048E-02	6.230E+00	6.169E+00	6.200E+00	6.201E+00	6.201E+00	6.201E+00
4.300E-01	6.192E+00	2.976E-02	6.221E+00	6.161E+00	6.191E+00	6.192E+00	6.192E+00	6.192E+00
4.400E-01	6.182E+00	2.903E-02	6.211E+00	6.153E+00	6.182E+00	6.183E+00	6.182E+00	6.182E+00
4.500E-01	6.173E+00	2.830E-02	6.200E+00	6.144E+00	6.173E+00	6.173E+00	6.173E+00	6.173E+00
4.600E-01	6.163E+00	2.756E-02	6.190E+00	6.135E+00	6.163E+00	6.164E+00	6.163E+00	6.163E+00
4.700E-01	6.153E+00	2.682E-02	6.179E+00	6.126E+00	6.153E+00	6.154E+00	6.153E+00	6.153E+00
4.800E-01	6.143E+00	2.608E-02	6.169E+00	6.116E+00	6.143E+00	6.144E+00	6.143E+00	6.143E+00
4.900E-01	6.133E+00	2.534E-02	6.157E+00	6.107E+00	6.133E+00	6.133E+00	6.133E+00	6.133E+00
5.000E-01	6.122E+00	2.459E-02	6.146E+00	6.097E+00	6.122E+00	6.123E+00	6.122E+00	6.123E+00
5.100E-01	6.112E+00	2.385E-02	6.135E+00	6.087E+00	6.111E+00	6.112E+00	6.112E+00	6.112E+00
5.200E-01	6.101E+00	2.310E-02	6.123E+00	6.077E+00	6.100E+00	6.101E+00	6.101E+00	6.101E+00
5.300E-01	6.090E+00	2.236E-02	6.111E+00	6.066E+00	6.089E+00	6.090E+00	6.090E+00	6.090E+00
5.400E-01	6.078E+00	2.161E-02	6.099E+00	6.056E+00	6.078E+00	6.079E+00	6.078E+00	6.078E+00
5.500E-01	6.067E+00	2.086E-02	6.087E+00	6.045E+00	6.066E+00	6.067E+00	6.067E+00	6.067E+00
5.600E-01	6.055E+00	2.012E-02	6.074E+00	6.034E+00	6.055E+00	6.055E+00	6.055E+00	6.055E+00
5.700E-01	6.043E+00	1.937E-02	6.062E+00	6.023E+00	6.043E+00	6.043E+00	6.043E+00	6.043E+00
5.800E-01	6.031E+00	1.863E-02	6.049E+00	6.011E+00	6.031E+00	6.031E+00	6.031E+00	6.031E+00
5.900E-01	6.019E+00	1.788E-02	6.035E+00	6.000E+00	6.018E+00	6.019E+00	6.019E+00	6.019E+00
6.000E-01	6.006E+00	1.714E-02	6.022E+00	5.988E+00	6.006E+00	6.006E+00	6.006E+00	6.006E+00
6.100E-01	5.993E+00	1.640E-02	6.009E+00	5.976E+00	5.993E+00	5.994E+00	5.993E+00	5.993E+00
6.200E-01	5.980E+00	1.567E-02	5.995E+00	5.964E+00	5.980E+00	5.981E+00	5.980E+00	5.980E+00
6.300E-01	5.967E+00	1.493E-02	5.981E+00	5.951E+00	5.967E+00	5.967E+00	5.967E+00	5.967E+00
6.400E-01	5.954E+00	1.420E-02	5.967E+00	5.939E+00	5.953E+00	5.954E+00	5.954E+00	5.954E+00
6.500E-01	5.940E+00	1.347E-02	5.953E+00	5.926E+00	5.940E+00	5.940E+00	5.940E+00	5.940E+00
6.600E-01	5.926E+00	1.275E-02	5.938E+00	5.913E+00	5.926E+00	5.927E+00	5.926E+00	5.926E+00
6.700E-01	5.912E+00	1.203E-02	5.924E+00	5.900E+00	5.912E+00	5.913E+00	5.912E+00	5.912E+00
6.800E-01	5.898E+00	1.131E-02	5.909E+00	5.886E+00	5.898E+00	5.899E+00	5.898E+00	5.898E+00
6.900E-01	5.884E+00	1.060E-02	5.894E+00	5.873E+00	5.884E+00	5.884E+00	5.884E+00	5.884E+00
7.000E-01	5.870E+00	9.891E-03	5.879E+00	5.859E+00	5.869E+00	5.870E+00	5.870E+00	5.870E+00
7.100E-01	5.855E+00	9.188E-03	5.863E+00	5.845E+00	5.855E+00	5.855E+00	5.855E+00	5.855E+00
7.200E-01	5.840E+00	8.489E-03	5.848E+00	5.831E+00	5.840E+00	5.840E+00	5.840E+00	5.840E+00
7.300E-01	5.825E+00	7.796E-03	5.832E+00	5.816E+00	5.825E+00	5.825E+00	5.825E+00	5.825E+00
7.400E-01	5.810E+00	7.108E-03	5.816E+00	5.802E+00	5.809E+00	5.810E+00	5.810E+00	5.810E+00
7.500E-01	5.794E+00	6.426E-03	5.800E+00	5.787E+00	5.794E+00	5.794E+00	5.794E+00	5.794E+00
7.600E-01	5.779E+00	5.749E-03	5.784E+00	5.772E+00	5.778E+00	5.779E+00	5.779E+00	5.779E+00
7.700E-01	5.763E+00	5.079E-03	5.767E+00	5.757E+00	5.763E+00	5.763E+00	5.763E+00	5.763E+00
7.800E-01	5.747E+00	4.416E-03	5.751E+00	5.742E+00	5.747E+00	5.747E+00	5.747E+00	5.747E+00
7.900E-01	5.731E+00	3.759E-03	5.734E+00	5.726E+00	5.730E+00	5.731E+00	5.731E+00	5.731E+00
8.000E-01	5.714E+00	3.109E-03	5.717E+00	5.711E+00	5.714E+00	5.715E+00	5.714E+00	5.714E+00
8.100E-01	5.698E+00	2.467E-03	5.700E+00	5.695E+00	5.698E+00	5.698E+00	5.698E+00	5.698E+00
8.200E-01	5.681E+00	1.834E-03	5.682E+00	5.679E+00	5.681E+00	5.682E+00	5.681E+00	5.681E+00
8.300E-01	5.664E+00	1.212E-03	5.665E+00	5.663E+00	5.664E+00	5.665E+00	5.664E+00	5.664E+00
8.400E-01	5.647E+00	6.161E-04	5.647E+00	5.646E+00	5.647E+00	5.648E+00	5.647E+00	5.647E+00
8.500E-01	5.630E+00	2.562E-04	5.630E+00	5.630E+00	5.630E+00	5.631E+00	5.630E+00	5.630E+00
8.600E-01	5.613E+00	7.066E-04	5.612E+00	5.613E+00	5.613E+00	5.613E+00	5.613E+00	5.613E+00
8.700E-01	5.596E+00	1.285E-03	5.594E+00	5.596E+00	5.595E+00	5.596E+00	5.595E+00	5.596E+00
8.800E-01	5.578E+00	1.869E-03	5.576E+00	5.579E+00	5.578E+00	5.578E+00	5.578E+00	5.578E+00
8.900E-01	5.560E+00	2.449E-03	5.557E+00	5.562E+00	5.560E+00	5.560E+00	5.560E+00	5.560E+00
9.000E-01	5.542E+00	3.022E-03	5.539E+00	5.545E+00	5.542E+00	5.542E+00	5.542E+00	5.542E+00
9.100E-01	5.524E+00	3.587E-03	5.520E+00	5.527E+00	5.524E+00	5.524E+00	5.524E+00	5.524E+00
9.200E-01	5.506E+00	4.144E-03	5.501E+00	5.509E+00	5.505E+00	5.506E+00	5.506E+00	5.506E+00
9.300E-01	5.487E+00	4.693E-03	5.482E+00	5.492E+00	5.487E+00	5.488E+00	5.487E+00	5.487E+00
9.400E-01	5.469E+00	5.232E-03	5.463E+00	5.474E+00	5.469E+00	5.469E+00	5.469E+00	5.469E+00
9.500E-01	5.450E+00	5.763E-03	5.444E+00	5.455E+00	5.450E+00	5.450E+00	5.450E+00	5.450E+00
9.600E-01	5.431E+00	6.285E-03	5.425E+00	5.437E+00	5.431E+00	5.431E+00	5.431E+00	5.431E+00
9.700E-01	5.412E+00	6.798E-03	5.405E+00	5.419E+00	5.412E+00	5.412E+00	5.412E+00	5.412E+00
9.800E-01	5.393E+00	7.301E-03	5.385E+00	5.400E+00	5.393E+00	5.393E+00	5.393E+00	5.393E+00
9.900E-01	5.374E+00	7.795E-03	5.366E+00	5.381E+00	5.373E+00	5.374E+00	5.374E+00	5.374E+00
1.000E+00	5.354E+00	8.279E-03	5.346E+00	5.362E+00	5.354E+00	5.354E+00	5.354E+00	5.354E+00
1.010E+00	5.335E+00	8.754E-03	5.326E+00	5.343E+00	5.334E+00	5.335E+00	5.335E+00	5.335E+00
1.020E+00	5.315E+00	9.219E-03	5.306E+00	5.324E+00	5.315E+00	5.315E+00	5.315E+00	5.315E+00
1.030E+00	5.295E+00	9.674E-03	5.285E+00	5.305E+00	5.295E+00	5.295E+00	5.295E+00	5.295E+00
1.040E+00	5.275E+00	1.012E-02	5.265E+00	5.285E+00	5.275E+00	5.275E+00	5.275E+00	5.275E+00
1.050E+00	5.255E+00	1.055E-02	5.244E+00	5.266E+00	5.255E+00	5.255E+00	5.255E+00	5.255E+00
1.060E+00	5.235E+00	1.098E-02	5.224E+00	5.246E+00	5.235E+00	5.235E+00	5.235E+00	5.235E+00
1.070E+00	5.214E+00	1.139E-02	5.203E+00	5.226E+00	5.214E+00	5.215E+00	5.214E+00	5.214E+00
1.080E+00	5.194E+00	1.180E-02	5.182E+00	5.206E+00	5.194E+00	5.194E+00	5.194E+00	5.194E+00
1.090E+00	5.173E+00	1.219E-02	5.161E+00	5.186E+00	5.173E+00	5.173E+00	5.173E+00	5.173E+00
1.100E+00	5.153E+00	1.258E-02	5.140E+00	5.165E+00	5.152E+00	5.153E+00	5.153E+00	5.153E+00
1.110E+00	5.132E+00	1.295E-02	5.119E+00	5.145E+00	5.132E+00	5.132E+00	5.132E+00	5.132E+00
1.120E+00	5.111E+00	1.331E-02	5.098E+00	5.124E+00	5.111E+00	5.111E+00	5.111E+00	5.111E+00
1.130E+00	5.090E+00	1.366E-02	5.076E+00	5.104E+00	5.090E+00	5.090E+00	5.090E+00	5.090E+00
1.140E+00	5.069E+00	1.401E-02	5.055E+00	5.083E+00	5.068E+00	5.069E+00	5.068E+00	5.069E+00
1.150E+00	5.047E+00	1.434E-02	5.033E+00	5.062E+00	5.047E+00	5.047E+00	5.047E+00	5.047E+00
1.160E+00	5.026E+00	1.466E-02	5.012E+00	5.041E+00	5.026E+00	5.026E+00	5.026E+00	5.026E+00
1.170E+00	5.004E+00	1.497E-02	4.990E+00	5.020E+00	5.004E+00	5.004E+00	5.004E+00	5.004E+00
1.180E+00	4.983E+00	1.526E-02	4.968E+00	4.998E+00	4.983E+00	4.983E+00	4.983E+00	4.983E+00
1.190E+00	4.961E+00	1.555E-02	4.946E+00	4.977E+00	4.961E+00	4.961E+00	4.961E+00	4.961E+00
1.200E+00	4.939E+00	1.583E-02	4.924E+00	4.955E+00	4.939E+00	4.939E+00	4.939E+00	4.939E+00
1.210E+00	4.917E+00	1.610E-02	4.902E+00	4.934E+00	4.917E+00	4.917E+00	4.917E+00	4.917E+00
1.220E+00	4.895E+00	1.635E-02	4.879E+00	4.912E+00	4.895E+00	4.895E+00	4.895E+00	4.895E+00
1.230E+00	4.873E+00	1.660E-02	4.857E+00	4.890E+00	4.873E+00	4.873E+00	4.873E+00	4.873E+00
1.240E+00	4.851E+00	1.683E-02	4.835E+00	4.868E+00	4.851E+00	4.851E+00	4.851E+00	4.851E+00
1.250E+00	4.829E+00	1.706E-02	4.812E+00	4.846E+00	4.829E+00	4.829E+00	4.829E+00	4.829E+00
1.260E+00	4.806E+00	1.727E-02	4.790E+00	4.824E+00	4.806E+00	4.806E+00	4.806E+00	4.806E+00
1.270E+00	4.784E+00	1.747E-02	4.767E+00	4.802E+00	4.784E+00	4.784E+00	4.784E+00	4.784E+00
1.280E+00	4.761E+00	1.766E-02	4.744E+00	4.780E+00	4.761E+00	4.761E+00	4.761E+00	4.761E+00
1.290E+00	4.739E+00	1.784E-02	4.722E+00	4.757E+00	4.738E+00	4.739E+00	4.739E+00	4.739E+00
1.300E+00	4.716E+00	1.801E-02	4.699E+00	4.735E+00	4.716E+00	4.716E+00	4.716E+00	4.716E+00
1.310E+00	4.693E+00	1.817E-02	4.676E+00	4.712E+00	4.693E+00	4.693E+00	4.693E+00	4.693E+00
1.320E+00	4.670E+00	1.832E-02	4.653E+00	4.689E+00	4.670E+00	4.670E+00	4.670E+00	4.670E+00
1.330E+00	4.647E+00	1.845E-02	4.630E+00	4.667E+00	4.647E+00	4.647E+00	4.647E+00	4.647E+00
1.340E+00	4.624E+00	1.858E-02	4.607E+00	4.644E+00	4.624E+00	4.624E+00	4.624E+00	4.624E+00
1.350E+00	4.601E+00	1.870E-02	4.584E+00	4.621E+00	4.601E+00	4.601E+00	4.601E+00	4.601E+00
1.360E+00	4.578E+00	1.880E-02	4.560E+00	4.598E+00	4.578E+00	4.578E+00	4.578E+00	4.578E+00
1.370E+00	4.555E+00	1.890E-02	4.537E+00	4.575E+00	4.555E+00	4.555E+00	4.555E+00	4.555E+00
1.380E+00	4.532E+00	1.898E-02	4.514E+00	4.552E+00	4.532E+00	4.532E+00	4.532E+00	4.532E+00
1.390E+00	4.508E+00	1.906E-02	4.490E+00	4.529E+00	4.508E+00	4.508E+00	4.508E+00	4.508E+00
1.400E+00	4.485E+00	1.912E-02	4.467E+00	4.505E+00	4.485E+00	4.485E+00	4.485E+00	4.485E+00
1.410E+00	4.461E+00	1.917E-02	4.444E+00	4.482E+00	4.461E+00	4.461E+00	4.461E+00	4.461E+00
1.420E+00	4.438E+00	1.922E-02	4.420E+00	4.458E+00	4.438E+00	4.438E+00	4.438E+00	4.438E+00
1.430E+00	4.414E+00	1.925E-02	4.396E+00	4.435E+00	4.414E+00	4.414E+00	4.414E+00	4.414E+00
1.440E+00	4.391E+00	1.927E-02	4.373E+00	4.411E+00	4.391E+00	4.391E+00	4.391E+00	4.391E+00
1.450E+00	4.367E+00	1.929E-02	4.349E+00	4.388E+00	4.367E+00	4.367E+00	4.367E+00	4.367E+00
1.460E+00	4.343E+00	1.929E-02	4.326E+00	4.364E+00	4.343E+00	4.343E+00	4.343E+00	4.343E+00
1.470E+00	4.320E+00	1.928E-02	4.302E+00	4.340E+00	4.320E+00	4.320E+00	4.320E+00	4.320E+00
1.480E+00	4.296E+00	1.926E-02	4.278E+00	4.317E+00	4.296E+00	4.296E+00	4.296E+00	4.296E+00
1.490E+00	4.272E+00	1.924E-02	4.254E+00	4.293E+00	4.272E+00	4.272E+00	4.272E+00	4.272E+00
1.500E+00	4.248E+00	1.920E-02	4.231E+00	4.269E+00	4.248E+00	4.248E+00	4.248E+00	4.248E+00
1.510E+00	4.224E+00	1.916E-02	4.207E+00	4.245E+00	4.224E+00	4.224E+00	4.224E+00	4.224E+00
1.520E+00	4.200E+00	1.910E-02	4.183E+00	4.221E+00	4.200E+00	4.200E+00	4.200E+00	4.200E+00
1.530E+00	4.176E+00	1.904E-02	4.159E+00	4.197E+00	4.176E+00	4.176E+00	4.176E+00	4.176E+00
1.540E+00	4.152E+00	1.896E-02	4.135E+00	4.173E+00	4.152E+00	4.152E+00	4.152E+00	4.152E+00
1.550E+00	4.128E+00	1.888E-02	4.111E+00	4.149E+00	4.128E+00	4.128E+00	4.128E+00	4.128E+00
1.560E+00	4.104E+00	1.878E-02	4.087E+00	4.125E+00	4.104E+00	4.104E+00	4.104E+00	4.104E+00
1.570E+00	4.080E+00	1.868E-02	4.063E+00	4.101E+00	4.080E+00	4.080E+00	4.080E+00	4.080E+00
1.580E+00	4.056E+00	1.857E-02	4.039E+00	4.077E+00	4.056E+00	4.056E+00	4.056E+00	4.056E+00
1.590E+00	4.032E+00	1.845E-02	4.015E+00	4.052E+00	4.032E+00	4.032E+00	4.032E+00	4.032E+00
1.600E+00	4.008E+00	1.832E-02	3.991E+00	4.028E+00	4.008E+00	4.008E+00	4.008E+00	4.008E+00
1.610E+00	3.984E+00	1.819E-02	3.968E+00	4.004E+00	3.984E+00	3.984E+00	3.984E+00	3.984E+00
1.620E+00	3.960E+00	1.804E-02	3.944E+00	3.980E+00	3.960E+00	3.959E+00	3.959E+00	3.960E+00
1.630E+00	3.935E+00	1.789E-02	3.920E+00	3.955E+00	3.935E+00	3.935E+00	3.935E+00	3.935E+00
1.640E+00	3.911E+00	1.773E-02	3.896E+00	3.931E+00	3.911E+00	3.911E+00	3.911E+00	3.911E+00
1.650E+00	3.887E+00	1.755E-02	3.872E+00	3.907E+00	3.887E+00	3.887E+00	3.887E+00	3.887E+00
1.660E+00	3.863E+00	1.738E-02	3.848E+00	3.882E+00	3.863E+00	3.863E+00	3.863E+00	3.863E+00
1.670E+00	3.839E+00	1.719E-02	3.824E+00	3.858E+00	3.839E+00	3.839E+00	3.839E+00	3.839E+00
1.680E+00	3.814E+00	1.700E-02	3.800E+00	3.834E+00	3.814E+00	3.814E+00	3.814E+00	3.814E+00
1.690E+00	3.790E+00	1.679E-02	3.776E+00	3.809E+00	3.790E+00	3.790E+00	3.790E+00	3.790E+00
1.700E+00	3.766E+00	1.658E-02	3.752E+00	3.785E+00	3.766E+00	3.766E+00	3.766E+00	3.766E+00
1.710E+00	3.742E+00	1.637E-02	3.728E+00	3.760E+00	3.742E+00	3.742E+00	3.742E+00	3.742E+00
1.720E+00	3.718E+00	1.614E-02	3.704E+00	3.736E+00	3.718E+00	3.717E+00	3.717E+00	3.718E+00
1.730E+00	3.693E+00	1.591E-02	3.680E+00	3.712E+00	3.693E+00	3.693E+00	3.693E+00	3.693E+00
1.740E+00	3.669E+00	1.567E-02	3.656E+00	3.687E+00	3.669E+00	3.669E+00	3.669E+00	3.669E+00
1.750E+00	3.645E+00	1.542E-02	3.632E+00	3.663E+00	3.645E+00	3.645E+00	3.645E+00	3.645E+00
1.760E+00	3.621E+00	1.517E-02	3.608E+00	3.638E+00	3.621E+00	3.621E+00	3.621E+00	3.621E+00
1.770E+00	3.597E+00	1.491E-02	3.584E+00	3.614E+00	3.597E+00	3.597E+00	3.597E+00	3.597E+00
1.780E+00	3.573E+00	1.465E-02	3.560E+00	3.590E+00	3.573E+00	3.572E+00	3.573E+00	3.573E+00
1.790E+00	3.548E+00	1.437E-02	3.537E+00	3.565E+00	3.549E+00	3.548E+00	3.548E+00	3.548E+00
1.800E+00	3.524E+00	1.409E-02	3.513E+00	3.541E+00	3.524E+00	3.524E+00	3.524E+00	3.524E+00
1.810E+00	3.500E+00	1.381E-02	3.489E+00	3.517E+00	3.500E+00	3.500E+00	3.500E+00	3.500E+00
1.820E+00	3.476E+00	1.352E-02	3.465E+00	3.492E+00	3.476E+00	3.476E+00	3.476E+00	3.476E+00
1.830E+00	3.452E+00	1.322E-02	3.442E+00	3.468E+00	3.452E+00	3.452E+00	3.452E+00	3.452E+00
1.840E+00	3.428E+00	1.292E-02	3.418E+00	3.444E+00	3.428E+00	3.428E+00	3.428E+00	3.428E+00
1.850E+00	3.404E+00	1.261E-02	3.394E+00	3.420E+00	3.404E+00	3.404E+00	3.404E+00	3.404E+00
1.860E+00	3.380E+00	1.230E-02	3.371E+00	3.395E+00	3.380E+00	3.380E+00	3.380E+00	3.380E+00
1.870E+00	3.356E+00	1.198E-02	3.347E+00	3.371E+00	3.357E+00	3.356E+00	3.356E+00	3.356E+00
1.880E+00	3.333E+00	1.165E-02	3.324E+00	3.347E+00	3.333E+00	3.332E+00	3.332E+00	3.333E+00
1.890E+00	3.309E+00	1.132E-02	3.300E+00	3.323E+00	3.309E+00	3.309E+00	3.309E+00	3.309E+00
1.900E+00	3.285E+00	1.099E-02	3.277E+00	3.299E+00	3.285E+00	3.285E+00	3.285E+00	3.285E+00
1.910E+00	3.261E+00	1.065E-02	3.253E+00	3.275E+00	3.261E+00	3.261E+00	3.261E+00	3.261E+00
1.920E+00	3.237E+00	1.030E-02	3.230E+00	3.251E+00	3.238E+00	3.237E+00	3.237E+00	3.237E+00
1.930E+00	3.214E+00	9.955E-03	3.207E+00	3.227E+00	3.214E+00	3.214E+00	3.214E+00	3.214E+00
1.940E+00	3.190E+00	9.602E-03	3.183E+00	3.203E+00	3.190E+00	3.190E+00	3.190E+00	3.190E+00
1.950E+00	3.166E+00	9.245E-03	3.160E+00	3.179E+00	3.167E+00	3.166E+00	3.166E+00	3.167E+00
1.960E+00	3.143E+00	8.884E-03	3.137E+00	3.155E+00	3.143E+00	3.143E+00	3.143E+00	3.143E+00
1.970E+00	3.119E+00	8.518E-03	3.114E+00	3.131E+00	3.120E+00	3.119E+00	3.119E+00	3.119E+00
1.980E+00	3.096E+00	8.149E-03	3.091E+00	3.107E+00	3.096E+00	3.096E+00	3.096E+00	3.096E+00
1.990E+00	3.073E+00	7.776E-03	3.068E+00	3.083E+00	3.073E+00	3.072E+00	3.073E+00	3.073E+00
2.000E+00	3.049E+00	7.400E-03	3.045E+00	3.060E+00	3.049E+00	3.049E+00	3.049E+00	3.049E+00
2.010E+00	3.026E+00	7.020E-03	3.022E+00	3.036E+00	3.026E+00	3.026E+00	3.026E+00	3.026E+00
2.020E+00	3.003E+00	6.637E-03	2.999E+00	3.012E+00	3.003E+00	3.003E+00	3.003E+00	3.003E+00
2.030E+00	2.980E+00	6.251E-03	2.976E+00	2.989E+00	2.980E+00	2.979E+00	2.979E+00	2.980E+00
2.040E+00	2.956E+00	5.862E-03	2.954E+00	2.965E+00	2.957E+00	2.956E+00	2.956E+00	2.956E+00
2.050E+00	2.933E+00	5.470E-03	2.931E+00	2.942E+00	2.933E+00	2.933E+00	2.933E+00	2.933E+00
2.060E+00	2.910E+00	5.076E-03	2.908E+00	2.918E+00	2.910E+00	2.910E+00	2.910E+00	2.910E+00
2.070E+00	2.887E+00	4.679E-03	2.886E+00	2.895E+00	2.888E+00	2.887E+00	2.887E+00	2.887E+00
2.080E+00	2.864E+00	4.279E-03	2.863E+00	2.872E+00	2.865E+00	2.864E+00	2.864E+00	2.865E+00
2.090E+00	2.842E+00	3.878E-03	2.841E+00	2.849E+00	2.842E+00	2.841E+00	2.842E+00	2.842E+00
2.100E+00	2.819E+00	3.474E-03	2.819E+00	2.826E+00	2.819E+00	2.819E+00	2.819E+00	2.819E+00
2.110E+00	2.796E+00	3.069E-03	2.796E+00	2.802E+00	2.796E+00	2.796E+00	2.796E+00	2.796E+00
2.120E+00	2.774E+00	2.662E-03	2.774E+00	2.779E+00	2.774E+00	2.773E+00	2.774E+00	2.774E+00
2.130E+00	2.751E+00	2.253E-03	2.752E+00	2.756E+00	2.751E+00	2.751E+00	2.751E+00	2.751E+00
2.140E+00	2.729E+00	1.844E-03	2.730E+00	2.734E+00	2.729E+00	2.728E+00	2.729E+00	2.729E+00
2.150E+00	2.706E+00	1.435E-03	2.708E+00	2.711E+00	2.706E+00	2.706E+00	2.706E+00	2.706E+00
2.160E+00	2.684E+00	1.027E-03	2.686E+00	2.688E+00	2.684E+00	2.684E+00	2.684E+00	2.684E+00
2.170E+00	2.662E+00	6.255E-04	2.664E+00	2.665E+00	2.662E+00	2.661E+00	2.662E+00	2.662E+00
2.180E+00	2.639E+00	2.711E-04	2.642E+00	2.643E+00	2.640E+00	2.639E+00	2.639E+00	2.639E+00
2.190E+00	2.617E+00	3.210E-04	2.621E+00	2.620E+00	2.618E+00	2.617E+00	2.617E+00	2.617E+00
2.200E+00	2.595E+00	6.943E-04	2.599E+00	2.598E+00	2.596E+00	2.595E+00	2.595E+00	2.595E+00
2.210E+00	2.573E+00	1.101E-03	2.578E+00	2.576E+00	2.574E+00	2.573E+00	2.573E+00	2.573E+00
2.220E+00	2.552E+00	1.515E-03	2.556E+00	2.553E+00	2.552E+00	2.551E+00	2.551E+00	2.552E+00
2.230E+00	2.530E+00	1.932E-03	2.535E+00	2.531E+00	2.530E+00	2.530E+00	2.530E+00	2.530E+00
2.240E+00	2.508E+00	2.350E-03	2.514E+00	2.509E+00	2.508E+00	2.508E+00	2.508E+00	2.508E+00
2.250E+00	2.486E+00	2.769E-03	2.492E+00	2.487E+00	2.487E+00	2.486E+00	2.486E+00	2.486E+00
2.260E+00	2.465E+00	3.188E-03	2.471E+00	2.465E+00	2.465E+00	2.465E+00	2.465E+00	2.465E+00
2.270E+00	2.443E+00	3.607E-03	2.450E+00	2.443E+00	2.444E+00	2.443E+00	2.443E+00	2.443E+00
2.280E+00	2.422E+00	4.027E-03	2.429E+00	2.421E+00	2.422E+00	2.422E+00	2.422E+00	2.422E+00
2.290E+00	2.401E+00	4.446E-03	2.409E+00	2.400E+00	2.401E+00	2.401E+00	2.401E+00	2.401E+00
2.300E+00	2.380E+00	4.865E-03	2.388E+00	2.378E+00	2.380E+00	2.379E+00	2.380E+00	2.380E+00
2.310E+00	2.359E+00	5.283E-03	2.367E+00	2.357E+00	2.359E+00	2.358E+00	2.359E+00	2.359E+00
2.320E+00	2.338E+00	5.701E-03	2.347E+00	2.335E+00	2.338E+00	2.337E+00	2.338E+00	2.338E+00
2.330E+00	2.317E+00	6.118E-03	2.326E+00	2.314E+00	2.317E+00	2.316E+00	2.317E+00	2.317E+00
2.340E+00	2.296E+00	6.534E-03	2.306E+00	2.293E+00	2.296E+00	2.296E+00	2.296E+00	2.296E+00
2.350E+00	2.275E+00	6.949E-03	2.285E+00	2.271E+00	2.275E+00	2.275E+00	2.275E+00	2.275E+00
2.360E+00	2.254E+00	7.363E-03	2.265E+00	2.250E+00	2.255E+00	2.254E+00	2.254E+00	2.255E+00
2.370E+00	2.234E+00	7.776E-03	2.245E+00	2.229E+00	2.234E+00	2.234E+00	2.234E+00	2.234E+00
2.380E+00	2.213E+00	8.187E-03	2.225E+00	2.209E+00	2.214E+00	2.213E+00	2.213E+00	2.214E+00
2.390E+00	2.193E+00	8.597E-03	2.205E+00	2.188E+00	2.193E+00	2.193E+00	2.193E+00	2.193E+00
2.400E+00	2.173E+00	9.006E-03	2.185E+00	2.167E+00	2.173E+00	2.173E+00	2.173E+00	2.173E+00
2.410E+00	2.153E+00	9.412E-03	2.166E+00	2.147E+00	2.153E+00	2.152E+00	2.153E+00	2.153E+00
2.420E+00	2.133E+00	9.817E-03	2.146E+00	2.126E+00	2.133E+00	2.132E+00	2.133E+00	2.133E+00
2.430E+00	2.113E+00	1.022E-02	2.126E+00	2.106E+00	2.113E+00	2.112E+00	2.113E+00	2.113E+00
2.440E+00	2.093E+00	1.062E-02	2.107E+00	2.086E+00	2.093E+00	2.093E+00	2.093E+00	2.093E+00
2.450E+00	2.073E+00	1.102E-02	2.088E+00	2.065E+00	2.073E+00	2.073E+00	2.073E+00	2.073E+00
2.460E+00	2.053E+00	1.142E-02	2.068E+00	2.045E+00	2.054E+00	2.053E+00	2.053E+00	2.054E+00
2.470E+00	2.034E+00	1.181E-02	2.049E+00	2.025E+00	2.034E+00	2.034E+00	2.034E+00	2.034E+00
2.480E+00	2.014E+00	1.220E-02	2.030E+00	2.006E+00	2.015E+00	2.014E+00	2.014E+00	2.015E+00
2.490E+00	1.995E+00	1.259E-02	2.011E+00	1.986E+00	1.995E+00	1.995E+00	1.995E+00	1.995E+00
2.500E+00	1.976E+00	1.298E-02	1.992E+00	1.966E+00	1.976E+00	1.976E+00	1.976E+00	1.976E+00
2.510E+00	1.957E+00	1.337E-02	1.973E+00	1.947E+00	1.957E+00	1.957E+00	1.957E+00	1.957E+00
2.520E+00	1.938E+00	1.375E-02	1.955E+00	1.927E+00	1.938E+00	1.937E+00	1.938E+00	1.938E+00
2.530E+00	1.919E+00	1.413E-02	1.936E+00	1.908E+00	1.919E+00	1.919E+00	1.919E+00	1.919E+00
2.540E+00	1.900E+00	1.450E-02	1.918E+00	1.889E+00	1.900E+00	1.900E+00	1.900E+00	1.900E+00
2.550E+00	1.881E+00	1.488E-02	1.899E+00	1.870E+00	1.882E+00	1.881E+00	1.881E+00	1.881E+00
2.560E+00	1.863E+00	1.525E-02	1.881E+00	1.851E+00	1.863E+00	1.862E+00	1.863E+00	1.863E+00
2.570E+00	1.844E+00	1.562E-02	1.863E+00	1.832E+00	1.844E+00	1.844E+00	1.844E+00	1.844E+00
2.580E+00	1.826E+00	1.598E-02	1.845E+00	1.813E+00	1.826E+00	1.826E+00	1.826E+00	1.826E+00
2.590E+00	1.807E+00	1.634E-02	1.827E+00	1.794E+00	1.808E+00	1.807E+00	1.807E+00	1.808E+00
2.600E+00	1.789E+00	1.670E-02	1.809E+00	1.776E+00	1.790E+00	1.789E+00	1.789E+00	1.789E+00
2.610E+00	1.771E+00	1.705E-02	1.792E+00	1.758E+00	1.771E+00	1.771E+00	1.771E+00	1.771E+00
2.620E+00	1.753E+00	1.740E-02	1.774E+00	1.739E+00	1.754E+00	1.753E+00	1.753E+00	1.753E+00
2.630E+00	1.735E+00	1.775E-02	1.757E+00	1.721E+00	1.736E+00	1.735E+00	1.735E+00	1.735E+00
2.640E+00	1.718E+00	1.809E-02	1.739E+00	1.703E+00	1.718E+00	1.717E+00	1.718E+00	1.718E+00
2.650E+00	1.700E+00	1.843E-02	1.722E+00	1.685E+00	1.700E+00	1.700E+00	1.700E+00	1.700E+00
2.660E+00	1.683E+00	1.877E-02	1.705E+00	1.667E+00	1.683E+00	1.682E+00	1.683E+00	1.683E+00
2.670E+00	1.665E+00	1.910E-02	1.688E+00	1.649E+00	1.665E+00	1.665E+00	1.665E+00	1.665E+00
2.680E+00	1.648E+00	1.943E-02	1.671E+00	1.632E+00	1.648E+00	1.648E+00	1.648E+00	1.648E+00
2.690E+00	1.631E+00	1.975E-02	1.654E+00	1.614E+00	1.631E+00	1.630E+00	1.631E+00	1.631E+00
2.700E+00	1.614E+00	2.007E-02	1.637E+00	1.597E+00	1.614E+00	1.613E+00	1.614E+00	1.614E+00
2.710E+00	1.597E+00	2.039E-02	1.620E+00	1.580E+00	1.597E+00	1.596E+00	1.597E+00	1.597E+00
2.720E+00	1.580E+00	2.070E-02	1.604E+00	1.562E+00	1.580E+00	1.580E+00	1.580E+00	1.580E+00
2.730E+00	1.563E+00	2.101E-02	1.587E+00	1.545E+00	1.563E+00	1.563E+00	1.563E+00	1.563E+00
2.740E+00	1.546E+00	2.131E-02	1.571E+00	1.528E+00	1.547E+00	1.546E+00	1.546E+00	1.546E+00
2.750E+00	1.530E+00	2.161E-02	1.555E+00	1.512E+00	1.530E+00	1.530E+00	1.530E+00	1.530E+00
2.760E+00	1.514E+00	2.191E-02	1.539E+00	1.495E+00	1.514E+00	1.513E+00	1.513E+00	1.514E+00
2.770E+00	1.497E+00	2.220E-02	1.523E+00	1.478E+00	1.498E+00	1.497E+00	1.497E+00	1.497E+00
2.780E+00	1.481E+00	2.249E-02	1.507E+00	1.462E+00	1.481E+00	1.481E+00	1.481E+00	1.481E+00
2.790E+00	1.465E+00	2.277E-02	1.491E+00	1.446E+00	1.465E+00	1.465E+00	1.465E+00	1.465E+00
2.800E+00	1.449E+00	2.305E-02	1.475E+00	1.429E+00	1.449E+00	1.449E+00	1.449E+00	1.449E+00
2.810E+00	1.433E+00	2.332E-02	1.460E+00	1.413E+00	1.434E+00	1.433E+00	1.433E+00	1.433E+00
2.820E+00	1.418E+00	2.359E-02	1.444E+00	1.397E+00	1.418E+00	1.417E+00	1.417E+00	1.418E+00
2.830E+00	1.402E+00	2.385E-02	1.429E+00	1.381E+00	1.402E+00	1.402E+00	1.402E+00	1.402E+00
2.840E+00	1.386E+00	2.411E-02	1.414E+00	1.366E+00	1.387E+00	1.386E+00	1.386E+00	1.386E+00
2.850E+00	1.371E+00	2.437E-02	1.399E+00	1.350E+00	1.371E+00	1.371E+00	1.371E+00	1.371E+00
2.860E+00	1.356E+00	2.462E-02	1.384E+00	1.334E+00	1.356E+00	1.356E+00	1.356E+00	1.356E+00
2.870E+00	1.341E+00	2.487E-02	1.369E+00	1.319E+00	1.341E+00	1.340E+00	1.341E+00	1.341E+00
2.880E+00	1.326E+00	2.511E-02	1.354E+00	1.304E+00	1.326E+00	1.325E+00	1.326E+00	1.326E+00
2.890E+00	1.311E+00	2.534E-02	1.339E+00	1.289E+00	1.311E+00	1.310E+00	1.311E+00	1.311E+00
2.900E+00	1.296E+00	2.557E-02	1.325E+00	1.273E+00	1.296E+00	1.296E+00	1.296E+00	1.296E+00
2.910E+00	1.281E+00	2.580E-02	1.310E+00	1.259E+00	1.281E+00	1.281E+00	1.281E+00	1.281E+00
2.920E+00	1.267E+00	2.602E-02	1.296E+00	1.244E+00	1.267E+00	1.266E+00	1.267E+00	1.267E+00
2.930E+00	1.252E+00	2.624E-02	1.282E+00	1.229E+00	1.252E+00	1.252E+00	1.252E+00	1.252E+00
2.940E+00	1.238E+00	2.646E-02	1.267E+00	1.214E+00	1.238E+00	1.238E+00	1.238E+00	1.238E+00
2.950E+00	1.224E+00	2.666E-02	1.253E+00	1.200E+00	1.224E+00	1.223E+00	1.224E+00	1.224E+00
2.960E+00	1.209E+00	2.687E-02	1.239E+00	1.186E+00	1.210E+00	1.209E+00	1.209E+00	1.209E+00
2.970E+00	1.195E+00	2.706E-02	1.226E+00	1.171E+00	1.196E+00	1.195E+00	1.195E+00	1.195E+00
2.980E+00	1.182E+00	2.726E-02	1.212E+00	1.157E+00	1.182E+00	1.181E+00	1.181E+00	1.182E+00
2.990E+00	1.168E+00	2.745E-02	1.198E+00	1.143E+00	1.168E+00	1.167E+00	1.168E+00	1.168E+00
3.000E+00	1.154E+00	2.763E-02	1.185E+00	1.129E+00	1.154E+00	1.154E+00	1.154E+00	1.154E+00
