1.000E-02	6.732E+00	6.270E-03	6.738E+00	6.727E+00	6.736E+00	6.729E+00	6.732E+00	6.733E+00
2.000E-02	6.732E+00	6.237E-03	6.737E+00	6.726E+00	6.735E+00	6.728E+00	6.731E+00	6.732E+00
3.000E-02	6.730E+00	6.192E-03	6.735E+00	6.725E+00	6.733E+00	6.727E+00	6.730E+00	6.730E+00
4.000E-02	6.728E+00	6.139E-03	6.734E+00	6.723E+00	6.732E+00	6.725E+00	6.728E+00	6.729E+00
5.000E-02	6.726E+00	6.079E-03	6.731E+00	6.721E+00	6.730E+00	6.723E+00	6.726E+00	6.726E+00
6.000E-02	6.724E+00	6.013E-03	6.729E+00	6.719E+00	6.727E+00	6.721E+00	6.724E+00	6.724E+00
7.000E-02	6.721E+00	5.942E-03	6.726E+00	6.716E+00	6.724E+00	6.718E+00	6.721E+00	6.721E+00
8.000E-02	6.718E+00	5.867E-03	6.723E+00	6.713E+00	6.721E+00	6.715E+00	6.718E+00	6.718E+00
9.000E-02	6.714E+00	5.788E-03	6.719E+00	6.709E+00	6.717E+00	6.711E+00	6.714E+00	6.714E+00
1.000E-01	6.710E+00	5.705E-03	6.715E+00	6.706E+00	6.714E+00	6.707E+00	6.710E+00	6.710E+00
1.100E-01	6.706E+00	5.620E-03	6.711E+00	6.702E+00	6.709E+00	6.703E+00	6.706E+00	6.706E+00
1.200E-01	6.702E+00	5.532E-03	6.706E+00	6.697E+00	6.705E+00	6.698E+00	6.702E+00	6.702E+00
1.300E-01	6.697E+00	5.443E-03	6.701E+00	6.693E+00	6.700E+00	6.694E+00	6.697E+00	6.697E+00
1.400E-01	6.692E+00	5.351E-03	6.696E+00	6.688E+00	6.695E+00	6.689E+00	6.692E+00	6.692E+00
1.500E-01	6.687E+00	5.259E-03	6.691E+00	6.682E+00	6.690E+00	6.683E+00	6.686E+00	6.687E+00
1.600E-01	6.681E+00	5.165E-03	6.685E+00	6.677E+00	6.684E+00	6.678E+00	6.681E+00	6.681E+00
1.700E-01	6.675E+00	5.070E-03	6.679E+00	6.671E+00	6.678E+00	6.672E+00	6.675E+00	6.675E+00
1.800E-01	6.669E+00	4.974E-03	6.673E+00	6.665E+00	6.672E+00	6.666E+00	6.669E+00	6.669E+00
1.900E-01	6.662E+00	4.879E-03	6.666E+00	6.659E+00	6.665E+00	6.659E+00	6.662E+00	6.662E+00
2.000E-01	6.655E+00	4.783E-03	6.659E+00	6.652E+00	6.659E+00	6.652E+00	6.655E+00	6.656E+00
2.100E-01	6.648E+00	4.687E-03	6.652E+00	6.645E+00	6.652E+00	6.645E+00	6.648E+00	6.649E+00
2.200E-01	6.641E+00	4.592E-03	6.644E+00	6.638E+00	6.644E+00	6.638E+00	6.641E+00	6.641E+00
2.300E-01	6.634E+00	4.497E-03	6.637E+00	6.630E+00	6.637E+00	6.631E+00	6.634E+00	6.634E+00
2.400E-01	6.626E+00	4.403E-03	6.629E+00	6.623E+00	6.629E+00	6.623E+00	6.626E+00	6.626E+00
2.500E-01	6.618E+00	4.310E-03	6.621E+00	6.615E+00	6.621E+00	6.615E+00	6.618E+00	6.618E+00
2.600E-01	6.610E+00	4.218E-03	6.612E+00	6.607E+00	6.613E+00	6.606E+00	6.609E+00	6.610E+00
2.700E-01	6.601E+00	4.128E-03	6.604E+00	6.598E+00	6.604E+00	6.598E+00	6.601E+00	6.601E+00
2.800E-01	6.592E+00	4.039E-03	6.595E+00	6.590E+00	6.595E+00	6.589E+00	6.592E+00	6.592E+00
2.900E-01	6.583E+00	3.952E-03	6.586E+00	6.581E+00	6.586E+00	6.580E+00	6.583E+00	6.583E+00
3.000E-01	6.574E+00	3.867E-03	6.576E+00	6.572E+00	6.577E+00	6.571E+00	6.574E+00	6.574E+00
3.100E-01	6.565E+00	3.784E-03	6.567E+00	6.562E+00	6.568E+00	6.561E+00	6.564E+00	6.565E+00
3.200E-01	6.555E+00	3.704E-03	6.557E+00	6.553E+00	6.558E+00	6.552E+00	6.555E+00	6.555E+00
3.300E-01	6.545E+00	3.626E-03	6.547E+00	6.543E+00	6.548E+00	6.542E+00	6.545E+00	6.545E+00
3.400E-01	6.535E+00	3.551E-03	6.536E+00	6.533E+00	6.538E+00	6.532E+00	6.535E+00	6.535E+00
3.500E-01	6.524E+00	3.479E-03	6.526E+00	6.523E+00	6.527E+00	6.521E+00	6.524E+00	6.524E+00
3.600E-01	6.514E+00	3.410E-03	6.515E+00	6.512E+00	6.517E+00	6.511E+00	6.514E+00	6.514E+00
3.700E-01	6.503E+00	3.345E-03	6.504E+00	6.501E+00	6.506E+00	6.500E+00	6.503E+00	6.503E+00
3.800E-01	6.492E+00	3.283E-03	6.493E+00	6.491E+00	6.495E+00	6.489E+00	6.492E+00	6.492E+00
3.900E-01	6.481E+00	3.225E-03	6.482E+00	6.479E+00	6.484E+00	6.478E+00	6.480E+00	6.481E+00
4.000E-01	6.469E+00	3.170E-03	6.470E+00	6.468E+00	6.472E+00	6.466E+00	6.469E+00	6.469E+00
4.100E-01	6.457E+00	3.120E-03	6.458E+00	6.457E+00	6.460E+00	6.454E+00	6.457E+00	6.458E+00
4.200E-01	6.446E+00	3.073E-03	6.446E+00	6.445E+00	6.449E+00	6.443E+00	6.445E+00	6.446E+00
4.300E-01	6.434E+00	3.031E-03	6.434E+00	6.433E+00	6.436E+00	6.431E+00	6.433E+00	6.434E+00
4.400E-01	6.421E+00	2.993E-03	6.422E+00	6.421E+00	6.424E+00	6.418E+00	6.421E+00	6.421E+00
4.500E-01	6.409E+00	2.959E-03	6.409E+00	6.408E+00	6.412E+00	6.406E+00	6.409E+00	6.409E+00
4.600E-01	6.396E+00	2.930E-03	6.396E+00	6.396E+00	6.399E+00	6.393E+00	6.396E+00	6.396E+00
4.700E-01	6.383E+00	2.905E-03	6.383E+00	6.383E+00	6.386E+00	6.380E+00	6.383E+00	6.383E+00
4.800E-01	6.370E+00	2.884E-03	6.370E+00	6.370E+00	6.373E+00	6.367E+00	6.370E+00	6.370E+00
4.900E-01	6.357E+00	2.868E-03	6.357E+00	6.357E+00	6.360E+00	6.354E+00	6.357E+00	6.357E+00
5.000E-01	6.343E+00	2.855E-03	6.343E+00	6.344E+00	6.346E+00	6.341E+00	6.343E+00	6.344E+00
5.100E-01	6.330E+00	2.847E-03	6.330E+00	6.330E+00	6.333E+00	6.327E+00	6.330E+00	6.330E+00
5.200E-01	6.316E+00	2.843E-03	6.316E+00	6.316E+00	6.319E+00	6.313E+00	6.316E+00	6.316E+00
5.300E-01	6.302E+00	2.842E-03	6.302E+00	6.302E+00	6.305E+00	6.299E+00	6.302E+00	6.302E+00
5.400E-01	6.288E+00	2.845E-03	6.287E+00	6.288E+00	6.291E+00	6.285E+00	6.288E+00	6.288E+00
5.500E-01	6.274E+00	2.852E-03	6.273E+00	6.274E+00	6.276E+00	6.271E+00	6.273E+00	6.274E+00
5.600E-01	6.259E+00	2.862E-03	6.258E+00	6.260E+00	6.262E+00	6.256E+00	6.259E+00	6.259E+00
5.700E-01	6.244E+00	2.874E-03	6.243E+00	6.245E+00	6.247E+00	6.242E+00	6.244E+00	6.245E+00
5.800E-01	6.230E+00	2.890E-03	6.229E+00	6.230E+00	6.232E+00	6.227E+00	6.229E+00	6.230E+00
5.900E-01	6.214E+00	2.909E-03	6.213E+00	6.216E+00	6.217E+00	6.212E+00	6.214E+00	6.215E+00
6.000E-01	6.199E+00	2.929E-03	6.198E+00	6.200E+00	6.202E+00	6.197E+00	6.199E+00	6.200E+00
6.100E-01	6.184E+00	2.952E-03	6.183E+00	6.185E+00	6.187E+00	6.181E+00	6.184E+00	6.184E+00
6.200E-01	6.168E+00	2.977E-03	6.167E+00	6.170E+00	6.171E+00	6.166E+00	6.168E+00	6.169E+00
6.300E-01	6.153E+00	3.004E-03	6.151E+00	6.154E+00	6.155E+00	6.150E+00	6.153E+00	6.153E+00
6.400E-01	6.137E+00	3.032E-03	6.135E+00	6.138E+00	6.140E+00	6.134E+00	6.137E+00	6.137E+00
6.500E-01	6.121E+00	3.062E-03	6.119E+00	6.123E+00	6.124E+00	6.118E+00	6.121E+00	6.121E+00
6.600E-01	6.105E+00	3.092E-03	6.103E+00	6.106E+00	6.107E+00	6.102E+00	6.105E+00	6.105E+00
6.700E-01	6.089E+00	3.124E-03	6.087E+00	6.090E+00	6.091E+00	6.086E+00	6.088E+00	6.089E+00
6.800E-01	6.072E+00	3.156E-03	6.070E+00	6.074E+00	6.075E+00	6.070E+00	6.072E+00	6.072E+00
6.900E-01	6.056E+00	3.189E-03	6.054E+00	6.057E+00	6.058E+00	6.053E+00	6.055E+00	6.056E+00
7.000E-01	6.039E+00	3.223E-03	6.037E+00	6.041E+00	6.041E+00	6.036E+00	6.038E+00	6.039E+00
7.100E-01	6.022E+00	3.256E-03	6.020E+00	6.024E+00	6.024E+00	6.019E+00	6.022E+00	6.022E+00
7.200E-01	6.005E+00	3.290E-03	6.003E+00	6.007E+00	6.007E+00	6.002E+00	6.005E+00	6.005E+00
7.300E-01	5.988E+00	3.324E-03	5.986E+00	5.990E+00	5.990E+00	5.985E+00	5.987E+00	5.988E+00
7.400E-01	5.970E+00	3.358E-03	5.968E+00	5.973E+00	5.973E+00	5.968E+00	5.970E+00	5.971E+00
7.500E-01	5.953E+00	3.391E-03	5.951E+00	5.955E+00	5.955E+00	5.951E+00	5.953E+00	5.953E+00
7.600E-01	5.936E+00	3.424E-03	5.933E+00	5.938E+00	5.938E+00	5.933E+00	5.935E+00	5.936E+00
7.700E-01	5.918E+00	3.456E-03	5.915E+00	5.920E+00	5.920E+00	5.915E+00	5.917E+00	5.918E+00
7.800E-01	5.900E+00	3.488E-03	5.897E+00	5.903E+00	5.902E+00	5.898E+00	5.900E+00	5.900E+00
7.900E-01	5.882E+00	3.520E-03	5.879E+00	5.885E+00	5.884E+00	5.880E+00	5.882E+00	5.882E+00
8.000E-01	5.864E+00	3.550E-03	5.861E+00	5.867E+00	5.866E+00	5.862E+00	5.864E+00	5.864E+00
8.100E-01	5.846E+00	3.580E-03	5.843E+00	5.849E+00	5.848E+00	5.844E+00	5.845E+00	5.846E+00
8.200E-01	5.827E+00	3.608E-03	5.825E+00	5.830E+00	5.830E+00	5.825E+00	5.827E+00	5.828E+00
8.300E-01	5.809E+00	3.636E-03	5.806E+00	5.812E+00	5.811E+00	5.807E+00	5.809E+00	5.809E+00
8.400E-01	5.791E+00	3.663E-03	5.788E+00	5.793E+00	5.793E+00	5.788E+00	5.790E+00	5.791E+00
8.500E-01	5.772E+00	3.688E-03	5.769E+00	5.775E+00	5.774E+00	5.770E+00	5.771E+00	5.772E+00
8.600E-01	5.753E+00	3.713E-03	5.750E+00	5.756E+00	5.755E+00	5.751E+00	5.753E+00	5.753E+00
8.700E-01	5.734E+00	3.736E-03	5.731E+00	5.737E+00	5.736E+00	5.732E+00	5.734E+00	5.735E+00
8.800E-01	5.715E+00	3.758E-03	5.712E+00	5.718E+00	5.717E+00	5.713E+00	5.715E+00	5.716E+00
8.900E-01	5.696E+00	3.778E-03	5.693E+00	5.699E+00	5.698E+00	5.694E+00	5.696E+00	5.696E+00
9.000E-01	5.677E+00	3.798E-03	5.674E+00	5.680E+00	5.679E+00	5.675E+00	5.676E+00	5.677E+00
9.100E-01	5.658E+00	3.815E-03	5.654E+00	5.661E+00	5.660E+00	5.655E+00	5.657E+00	5.658E+00
9.200E-01	5.638E+00	3.832E-03	5.635E+00	5.641E+00	5.640E+00	5.636E+00	5.638E+00	5.639E+00
9.300E-01	5.619E+00	3.847E-03	5.615E+00	5.622E+00	5.621E+00	5.617E+00	5.618E+00	5.619E+00
9.400E-01	5.599E+00	3.860E-03	5.596E+00	5.602E+00	5.601E+00	5.597E+00	5.599E+00	5.599E+00
9.500E-01	5.579E+00	3.873E-03	5.576E+00	5.583E+00	5.581E+00	5.577E+00	5.579E+00	5.580E+00
9.600E-01	5.560E+00	3.883E-03	5.556E+00	5.563E+00	5.562E+00	5.558E+00	5.559E+00	5.560E+00
9.700E-01	5.540E+00	3.892E-03	5.536E+00	5.543E+00	5.542E+00	5.538E+00	5.539E+00	5.540E+00
9.800E-01	5.520E+00	3.900E-03	5.516E+00	5.523E+00	5.522E+00	5.518E+00	5.519E+00	5.520E+00
9.900E-01	5.500E+00	3.905E-03	5.496E+00	5.503E+00	5.501E+00	5.498E+00	5.499E+00	5.500E+00
1.000E+00	5.479E+00	3.910E-03	5.476E+00	5.483E+00	5.481E+00	5.478E+00	5.479E+00	5.480E+00
1.010E+00	5.459E+00	3.912E-03	5.456E+00	5.463E+00	5.461E+00	5.457E+00	5.459E+00	5.460E+00
1.020E+00	5.439E+00	3.913E-03	5.435E+00	5.442E+00	5.441E+00	5.437E+00	5.438E+00	5.439E+00
1.030E+00	5.418E+00	3.913E-03	5.415E+00	5.422E+00	5.420E+00	5.417E+00	5.418E+00	5.419E+00
1.040E+00	5.398E+00	3.911E-03	5.394E+00	5.401E+00	5.400E+00	5.396E+00	5.397E+00	5.398E+00
1.050E+00	5.377E+00	3.907E-03	5.374E+00	5.381E+00	5.379E+00	5.376E+00	5.377E+00	5.378E+00
1.060E+00	5.357E+00	3.902E-03	5.353E+00	5.360E+00	5.358E+00	5.355E+00	5.356E+00	5.357E+00
1.070E+00	5.336E+00	3.894E-03	5.333E+00	5.339E+00	5.338E+00	5.334E+00	5.335E+00	5.336E+00
1.080E+00	5.315E+00	3.886E-03	5.312E+00	5.319E+00	5.317E+00	5.313E+00	5.315E+00	5.316E+00
1.090E+00	5.294E+00	3.875E-03	5.291E+00	5.298E+00	5.296E+00	5.293E+00	5.294E+00	5.295E+00
1.100E+00	5.273E+00	3.863E-03	5.270E+00	5.277E+00	5.275E+00	5.272E+00	5.273E+00	5.274E+00
1.110E+00	5.252E+00	3.850E-03	5.249E+00	5.256E+00	5.254E+00	5.251E+00	5.252E+00	5.253E+00
1.120E+00	5.231E+00	3.835E-03	5.228E+00	5.235E+00	5.233E+00	5.230E+00	5.231E+00	5.232E+00
1.130E+00	5.210E+00	3.818E-03	5.207E+00	5.214E+00	5.212E+00	5.209E+00	5.210E+00	5.211E+00
1.140E+00	5.189E+00	3.799E-03	5.186E+00	5.192E+00	5.191E+00	5.187E+00	5.188E+00	5.190E+00
1.150E+00	5.168E+00	3.779E-03	5.164E+00	5.171E+00	5.169E+00	5.166E+00	5.167E+00	5.168E+00
1.160E+00	5.146E+00	3.758E-03	5.143E+00	5.150E+00	5.148E+00	5.145E+00	5.146E+00	5.147E+00
1.170E+00	5.125E+00	3.734E-03	5.122E+00	5.128E+00	5.127E+00	5.124E+00	5.125E+00	5.126E+00
1.180E+00	5.104E+00	3.709E-03	5.100E+00	5.107E+00	5.105E+00	5.102E+00	5.103E+00	5.104E+00
1.190E+00	5.082E+00	3.683E-03	5.079E+00	5.086E+00	5.084E+00	5.081E+00	5.082E+00	5.083E+00
1.200E+00	5.061E+00	3.655E-03	5.057E+00	5.064E+00	5.062E+00	5.059E+00	5.060E+00	5.061E+00
1.210E+00	5.039E+00	3.625E-03	5.036E+00	5.042E+00	5.041E+00	5.038E+00	5.039E+00	5.040E+00
1.220E+00	5.017E+00	3.594E-03	5.014E+00	5.021E+00	5.019E+00	5.016E+00	5.017E+00	5.018E+00
1.230E+00	4.996E+00	3.562E-03	4.993E+00	4.999E+00	4.997E+00	4.994E+00	4.995E+00	4.996E+00
1.240E+00	4.974E+00	3.527E-03	4.971E+00	4.977E+00	4.975E+00	4.973E+00	4.974E+00	4.975E+00
1.250E+00	4.952E+00	3.492E-03	4.949E+00	4.956E+00	4.954E+00	4.951E+00	4.952E+00	4.953E+00
1.260E+00	4.931E+00	3.455E-03	4.927E+00	4.934E+00	4.932E+00	4.929E+00	4.930E+00	4.931E+00
1.270E+00	4.909E+00	3.416E-03	4.906E+00	4.912E+00	4.910E+00	4.907E+00	4.908E+00	4.909E+00
1.280E+00	4.887E+00	3.376E-03	4.884E+00	4.890E+00	4.888E+00	4.886E+00	4.886E+00	4.887E+00
1.290E+00	4.865E+00	3.334E-03	4.862E+00	4.868E+00	4.866E+00	4.864E+00	4.864E+00	4.865E+00
1.300E+00	4.843E+00	3.291E-03	4.840E+00	4.846E+00	4.844E+00	4.842E+00	4.842E+00	4.844E+00
1.310E+00	4.821E+00	3.247E-03	4.818E+00	4.824E+00	4.822E+00	4.820E+00	4.820E+00	4.822E+00
1.320E+00	4.799E+00	3.201E-03	4.796E+00	4.802E+00	4.800E+00	4.798E+00	4.798E+00	4.800E+00
1.330E+00	4.777E+00	3.154E-03	4.774E+00	4.780E+00	4.778E+00	4.776E+00	4.776E+00	4.777E+00
1.340E+00	4.755E+00	3.106E-03	4.752E+00	4.758E+00	4.756E+00	4.754E+00	4.754E+00	4.755E+00
1.350E+00	4.733E+00	3.056E-03	4.730E+00	4.735E+00	4.734E+00	4.732E+00	4.732E+00	4.733E+00
1.360E+00	4.711E+00	3.005E-03	4.708E+00	4.713E+00	4.712E+00	4.709E+00	4.710E+00	4.711E+00
1.370E+00	4.688E+00	2.953E-03	4.686E+00	4.691E+00	4.689E+00	4.687E+00	4.688E+00	4.689E+00
1.380E+00	4.666E+00	2.900E-03	4.664E+00	4.669E+00	4.667E+00	4.665E+00	4.666E+00	4.667E+00
1.390E+00	4.644E+00	2.845E-03	4.641E+00	4.647E+00	4.645E+00	4.643E+00	4.643E+00	4.645E+00
1.400E+00	4.622E+00	2.789E-03	4.619E+00	4.624E+00	4.623E+00	4.621E+00	4.621E+00	4.622E+00
1.410E+00	4.600E+00	2.733E-03	4.597E+00	4.602E+00	4.601E+00	4.599E+00	4.599E+00	4.600E+00
1.420E+00	4.577E+00	2.675E-03	4.575E+00	4.580E+00	4.578E+00	4.576E+00	4.577E+00	4.578E+00
1.430E+00	4.555E+00	2.615E-03	4.553E+00	4.557E+00	4.556E+00	4.554E+00	4.554E+00	4.556E+00
1.440E+00	4.533E+00	2.555E-03	4.530E+00	4.535E+00	4.534E+00	4.532E+00	4.532E+00	4.533E+00
1.450E+00	4.510E+00	2.494E-03	4.508E+00	4.513E+00	4.511E+00	4.510E+00	4.510E+00	4.511E+00
1.460E+00	4.488E+00	2.432E-03	4.486E+00	4.490E+00	4.489E+00	4.487E+00	4.487E+00	4.489E+00
1.470E+00	4.466E+00	2.369E-03	4.464E+00	4.468E+00	4.467E+00	4.465E+00	4.465E+00	4.466E+00
1.480E+00	4.443E+00	2.306E-03	4.441E+00	4.446E+00	4.444E+00	4.443E+00	4.443E+00	4.444E+00
1.490E+00	4.421E+00	2.241E-03	4.419E+00	4.423E+00	4.422E+00	4.420E+00	4.420E+00	4.422E+00
1.500E+00	4.399E+00	2.176E-03	4.397E+00	4.401E+00	4.400E+00	4.398E+00	4.398E+00	4.399E+00
1.510E+00	4.376E+00	2.110E-03	4.375E+00	4.378E+00	4.377E+00	4.376E+00	4.376E+00	4.377E+00
1.520E+00	4.354E+00	2.043E-03	4.352E+00	4.356E+00	4.355E+00	4.353E+00	4.353E+00	4.355E+00
1.530E+00	4.332E+00	1.976E-03	4.330E+00	4.333E+00	4.332E+00	4.331E+00	4.331E+00	4.332E+00
1.540E+00	4.309E+00	1.908E-03	4.308E+00	4.311E+00	4.310E+00	4.309E+00	4.309E+00	4.310E+00
1.550E+00	4.287E+00	1.841E-03	4.286E+00	4.289E+00	4.288E+00	4.286E+00	4.286E+00	4.288E+00
1.560E+00	4.265E+00	1.773E-03	4.263E+00	4.266E+00	4.265E+00	4.264E+00	4.264E+00	4.265E+00
1.570E+00	4.242E+00	1.704E-03	4.241E+00	4.244E+00	4.243E+00	4.242E+00	4.242E+00	4.243E+00
1.580E+00	4.220E+00	1.636E-03	4.219E+00	4.221E+00	4.221E+00	4.219E+00	4.219E+00	4.221E+00
1.590E+00	4.198E+00	1.568E-03	4.196E+00	4.199E+00	4.198E+00	4.197E+00	4.197E+00	4.198E+00
1.600E+00	4.175E+00	1.501E-03	4.174E+00	4.177E+00	4.176E+00	4.175E+00	4.175E+00	4.176E+00
1.610E+00	4.153E+00	1.434E-03	4.152E+00	4.154E+00	4.154E+00	4.152E+00	4.152E+00	4.154E+00
1.620E+00	4.131E+00	1.368E-03	4.130E+00	4.132E+00	4.131E+00	4.130E+00	4.130E+00	4.131E+00
1.630E+00	4.108E+00	1.304E-03	4.108E+00	4.109E+00	4.109E+00	4.108E+00	4.108E+00	4.109E+00
1.640E+00	4.086E+00	1.241E-03	4.085E+00	4.087E+00	4.087E+00	4.086E+00	4.085E+00	4.087E+00
1.650E+00	4.064E+00	1.180E-03	4.063E+00	4.065E+00	4.064E+00	4.063E+00	4.063E+00	4.065E+00
1.660E+00	4.042E+00	1.122E-03	4.041E+00	4.042E+00	4.042E+00	4.041E+00	4.041E+00	4.042E+00
1.670E+00	4.019E+00	1.067E-03	4.019E+00	4.020E+00	4.020E+00	4.019E+00	4.019E+00	4.020E+00
1.680E+00	3.997E+00	1.016E-03	3.997E+00	3.998E+00	3.998E+00	3.997E+00	3.996E+00	3.998E+00
1.690E+00	3.975E+00	9.699E-04	3.975E+00	3.975E+00	3.975E+00	3.975E+00	3.974E+00	3.976E+00
1.700E+00	3.953E+00	9.297E-04	3.953E+00	3.953E+00	3.953E+00	3.952E+00	3.952E+00	3.954E+00
1.710E+00	3.931E+00	8.964E-04	3.930E+00	3.931E+00	3.931E+00	3.930E+00	3.930E+00	3.931E+00
1.720E+00	3.909E+00	8.708E-04	3.908E+00	3.909E+00	3.909E+00	3.908E+00	3.908E+00	3.909E+00
1.730E+00	3.886E+00	8.540E-04	3.886E+00	3.887E+00	3.887E+00	3.886E+00	3.886E+00	3.887E+00
1.740E+00	3.864E+00	8.466E-04	3.864E+00	3.864E+00	3.865E+00	3.864E+00	3.864E+00	3.865E+00
1.750E+00	3.842E+00	8.491E-04	3.842E+00	3.842E+00	3.843E+00	3.842E+00	3.842E+00	3.843E+00
1.760E+00	3.820E+00	8.616E-04	3.821E+00	3.820E+00	3.821E+00	3.820E+00	3.819E+00	3.821E+00
1.770E+00	3.798E+00	8.839E-04	3.799E+00	3.798E+00	3.799E+00	3.798E+00	3.797E+00	3.799E+00
1.780E+00	3.776E+00	9.153E-04	3.777E+00	3.776E+00	3.777E+00	3.776E+00	3.775E+00	3.777E+00
1.790E+00	3.754E+00	9.552E-04	3.755E+00	3.754E+00	3.755E+00	3.754E+00	3.754E+00	3.755E+00
1.800E+00	3.732E+00	1.003E-03	3.733E+00	3.732E+00	3.733E+00	3.732E+00	3.732E+00	3.733E+00
1.810E+00	3.711E+00	1.057E-03	3.711E+00	3.710E+00	3.711E+00	3.710E+00	3.710E+00	3.711E+00
1.820E+00	3.689E+00	1.116E-03	3.690E+00	3.688E+00	3.689E+00	3.689E+00	3.688E+00	3.690E+00
1.830E+00	3.667E+00	1.181E-03	3.668E+00	3.666E+00	3.667E+00	3.667E+00	3.666E+00	3.668E+00
1.840E+00	3.645E+00	1.250E-03	3.646E+00	3.644E+00	3.645E+00	3.645E+00	3.644E+00	3.646E+00
1.850E+00	3.623E+00	1.323E-03	3.624E+00	3.622E+00	3.624E+00	3.623E+00	3.623E+00	3.624E+00
1.860E+00	3.602E+00	1.399E-03	3.603E+00	3.601E+00	3.602E+00	3.602E+00	3.601E+00	3.602E+00
1.870E+00	3.580E+00	1.478E-03	3.581E+00	3.579E+00	3.580E+00	3.580E+00	3.579E+00	3.581E+00
1.880E+00	3.558E+00	1.559E-03	3.560E+00	3.557E+00	3.558E+00	3.558E+00	3.558E+00	3.559E+00
1.890E+00	3.537E+00	1.642E-03	3.538E+00	3.535E+00	3.537E+00	3.537E+00	3.536E+00	3.538E+00
1.900E+00	3.515E+00	1.727E-03	3.517E+00	3.514E+00	3.515E+00	3.515E+00	3.514E+00	3.516E+00
1.910E+00	3.494E+00	1.814E-03	3.495E+00	3.492E+00	3.494E+00	3.494E+00	3.493E+00	3.495E+00
1.920E+00	3.472E+00	1.902E-03	3.474E+00	3.471E+00	3.472E+00	3.472E+00	3.471E+00	3.473E+00
1.930E+00	3.451E+00	1.991E-03	3.453E+00	3.449E+00	3.451E+00	3.451E+00	3.450E+00	3.452E+00
1.940E+00	3.430E+00	2.081E-03	3.431E+00	3.428E+00	3.429E+00	3.430E+00	3.429E+00	3.430E+00
1.950E+00	3.408E+00	2.172E-03	3.410E+00	3.406E+00	3.408E+00	3.408E+00	3.407E+00	3.409E+00
1.960E+00	3.387E+00	2.264E-03	3.389E+00	3.385E+00	3.387E+00	3.387E+00	3.386E+00	3.388E+00
1.970E+00	3.366E+00	2.356E-03	3.368E+00	3.364E+00	3.366E+00	3.366E+00	3.365E+00	3.367E+00
1.980E+00	3.345E+00	2.450E-03	3.347E+00	3.342E+00	3.344E+00	3.345E+00	3.344E+00	3.345E+00
1.990E+00	3.323E+00	2.543E-03	3.326E+00	3.321E+00	3.323E+00	3.323E+00	3.323E+00	3.324E+00
2.000E+00	3.302E+00	2.638E-03	3.305E+00	3.300E+00	3.302E+00	3.302E+00	3.301E+00	3.303E+00
2.010E+00	3.281E+00	2.732E-03	3.284E+00	3.279E+00	3.281E+00	3.281E+00	3.280E+00	3.282E+00
2.020E+00	3.260E+00	2.827E-03	3.263E+00	3.258E+00	3.260E+00	3.260E+00	3.259E+00	3.261E+00
2.030E+00	3.239E+00	2.923E-03	3.242E+00	3.237E+00	3.239E+00	3.240E+00	3.239E+00	3.240E+00
2.040E+00	3.218E+00	3.018E-03	3.221E+00	3.216E+00	3.218E+00	3.219E+00	3.218E+00	3.219E+00
2.050E+00	3.198E+00	3.114E-03	3.201E+00	3.195E+00	3.197E+00	3.198E+00	3.197E+00	3.199E+00
2.060E+00	3.177E+00	3.210E-03	3.180E+00	3.174E+00	3.177E+00	3.177E+00	3.176E+00	3.178E+00
2.070E+00	3.156E+00	3.307E-03	3.159E+00	3.153E+00	3.156E+00	3.156E+00	3.155E+00	3.157E+00
2.080E+00	3.136E+00	3.403E-03	3.139E+00	3.132E+00	3.135E+00	3.136E+00	3.135E+00	3.136E+00
2.090E+00	3.115E+00	3.499E-03	3.118E+00	3.112E+00	3.115E+00	3.115E+00	3.114E+00	3.116E+00
2.100E+00	3.094E+00	3.596E-03	3.098E+00	3.091E+00	3.094E+00	3.095E+00	3.094E+00	3.095E+00
2.110E+00	3.074E+00	3.692E-03	3.078E+00	3.070E+00	3.074E+00	3.074E+00	3.073E+00	3.075E+00
2.120E+00	3.054E+00	3.789E-03	3.057E+00	3.050E+00	3.053E+00	3.054E+00	3.053E+00	3.054E+00
2.130E+00	3.033E+00	3.885E-03	3.037E+00	3.029E+00	3.033E+00	3.033E+00	3.032E+00	3.034E+00
2.140E+00	3.013E+00	3.981E-03	3.017E+00	3.009E+00	3.013E+00	3.013E+00	3.012E+00	3.014E+00
2.150E+00	2.993E+00	4.078E-03	2.997E+00	2.989E+00	2.992E+00	2.993E+00	2.992E+00	2.994E+00
2.160E+00	2.972E+00	4.174E-03	2.977E+00	2.968E+00	2.972E+00	2.973E+00	2.972E+00	2.973E+00
2.170E+00	2.952E+00	4.270E-03	2.957E+00	2.948E+00	2.952E+00	2.953E+00	2.952E+00	2.953E+00
2.180E+00	2.932E+00	4.365E-03	2.937E+00	2.928E+00	2.932E+00	2.933E+00	2.931E+00	2.933E+00
2.190E+00	2.912E+00	4.461E-03	2.917E+00	2.908E+00	2.912E+00	2.913E+00	2.911E+00	2.913E+00
2.200E+00	2.892E+00	4.556E-03	2.897E+00	2.888E+00	2.892E+00	2.893E+00	2.892E+00	2.893E+00
2.210E+00	2.873E+00	4.651E-03	2.877E+00	2.868E+00	2.872E+00	2.873E+00	2.872E+00	2.873E+00
2.220E+00	2.853E+00	4.746E-03	2.858E+00	2.848E+00	2.852E+00	2.853E+00	2.852E+00	2.854E+00
2.230E+00	2.833E+00	4.841E-03	2.838E+00	2.828E+00	2.833E+00	2.834E+00	2.832E+00	2.834E+00
2.240E+00	2.813E+00	4.935E-03	2.818E+00	2.809E+00	2.813E+00	2.814E+00	2.813E+00	2.814E+00
2.250E+00	2.794E+00	5.029E-03	2.799E+00	2.789E+00	2.793E+00	2.794E+00	2.793E+00	2.795E+00
2.260E+00	2.774E+00	5.122E-03	2.779E+00	2.769E+00	2.774E+00	2.775E+00	2.773E+00	2.775E+00
2.270E+00	2.755E+00	5.216E-03	2.760E+00	2.750E+00	2.754E+00	2.755E+00	2.754E+00	2.756E+00
2.280E+00	2.736E+00	5.308E-03	2.741E+00	2.730E+00	2.735E+00	2.736E+00	2.735E+00	2.736E+00
2.290E+00	2.716E+00	5.401E-03	2.722E+00	2.711E+00	2.716E+00	2.717E+00	2.715E+00	2.717E+00
2.300E+00	2.697E+00	5.493E-03	2.702E+00	2.692E+00	2.696E+00	2.697E+00	2.696E+00	2.698E+00
2.310E+00	2.678E+00	5.585E-03	2.683E+00	2.672E+00	2.677E+00	2.678E+00	2.677E+00	2.679E+00
2.320E+00	2.659E+00	5.676E-03	2.664E+00	2.653E+00	2.658E+00	2.659E+00	2.658E+00	2.660E+00
2.330E+00	2.640E+00	5.767E-03	2.645E+00	2.634E+00	2.639E+00	2.640E+00	2.639E+00	2.641E+00
2.340E+00	2.621E+00	5.857E-03	2.627E+00	2.615E+00	2.620E+00	2.621E+00	2.620E+00	2.622E+00
2.350E+00	2.602E+00	5.947E-03	2.608E+00	2.596E+00	2.601E+00	2.602E+00	2.601E+00	2.603E+00
2.360E+00	2.583E+00	6.036E-03	2.589E+00	2.577E+00	2.582E+00	2.584E+00	2.582E+00	2.584E+00
2.370E+00	2.564E+00	6.125E-03	2.570E+00	2.558E+00	2.564E+00	2.565E+00	2.563E+00	2.565E+00
2.380E+00	2.546E+00	6.213E-03	2.552E+00	2.540E+00	2.545E+00	2.546E+00	2.545E+00	2.547E+00
2.390E+00	2.527E+00	6.301E-03	2.533E+00	2.521E+00	2.526E+00	2.528E+00	2.526E+00	2.528E+00
2.400E+00	2.509E+00	6.388E-03	2.515E+00	2.502E+00	2.508E+00	2.509E+00	2.508E+00	2.509E+00
2.410E+00	2.490E+00	6.474E-03	2.497E+00	2.484E+00	2.489E+00	2.491E+00	2.489E+00	2.491E+00
2.420E+00	2.472E+00	6.560E-03	2.478E+00	2.465E+00	2.471E+00	2.472E+00	2.471E+00	2.473E+00
2.430E+00	2.453E+00	6.646E-03	2.460E+00	2.447E+00	2.453E+00	2.454E+00	2.453E+00	2.454E+00
2.440E+00	2.435E+00	6.730E-03	2.442E+00	2.429E+00	2.435E+00	2.436E+00	2.434E+00	2.436E+00
2.450E+00	2.417E+00	6.815E-03	2.424E+00	2.410E+00	2.416E+00	2.418E+00	2.416E+00	2.418E+00
2.460E+00	2.399E+00	6.898E-03	2.406E+00	2.392E+00	2.398E+00	2.400E+00	2.398E+00	2.400E+00
2.470E+00	2.381E+00	6.981E-03	2.388E+00	2.374E+00	2.380E+00	2.382E+00	2.380E+00	2.382E+00
2.480E+00	2.363E+00	7.063E-03	2.370E+00	2.356E+00	2.363E+00	2.364E+00	2.362E+00	2.364E+00
2.490E+00	2.345E+00	7.145E-03	2.353E+00	2.338E+00	2.345E+00	2.346E+00	2.345E+00	2.346E+00
2.500E+00	2.328E+00	7.226E-03	2.335E+00	2.321E+00	2.327E+00	2.328E+00	2.327E+00	2.329E+00
2.510E+00	2.310E+00	7.306E-03	2.317E+00	2.303E+00	2.309E+00	2.311E+00	2.309E+00	2.311E+00
2.520E+00	2.292E+00	7.385E-03	2.300E+00	2.285E+00	2.292E+00	2.293E+00	2.292E+00	2.293E+00
2.530E+00	2.275E+00	7.464E-03	2.282E+00	2.268E+00	2.274E+00	2.276E+00	2.274E+00	2.276E+00
2.540E+00	2.257E+00	7.542E-03	2.265E+00	2.250E+00	2.257E+00	2.258E+00	2.257E+00	2.258E+00
2.550E+00	2.240E+00	7.620E-03	2.248E+00	2.233E+00	2.239E+00	2.241E+00	2.239E+00	2.241E+00
2.560E+00	2.223E+00	7.696E-03	2.231E+00	2.215E+00	2.222E+00	2.224E+00	2.222E+00	2.224E+00
2.570E+00	2.206E+00	7.772E-03	2.213E+00	2.198E+00	2.205E+00	2.206E+00	2.205E+00	2.207E+00
2.580E+00	2.189E+00	7.847E-03	2.196E+00	2.181E+00	2.188E+00	2.189E+00	2.188E+00	2.189E+00
2.590E+00	2.172E+00	7.922E-03	2.179E+00	2.164E+00	2.171E+00	2.172E+00	2.171E+00	2.172E+00
2.600E+00	2.155E+00	7.995E-03	2.163E+00	2.147E+00	2.154E+00	2.155E+00	2.154E+00	2.155E+00
2.610E+00	2.138E+00	8.068E-03	2.146E+00	2.130E+00	2.137E+00	2.139E+00	2.137E+00	2.139E+00
2.620E+00	2.121E+00	8.140E-03	2.129E+00	2.113E+00	2.120E+00	2.122E+00	2.120E+00	2.122E+00
2.630E+00	2.104E+00	8.212E-03	2.112E+00	2.096E+00	2.103E+00	2.105E+00	2.103E+00	2.105E+00
2.640E+00	2.088E+00	8.282E-03	2.096E+00	2.080E+00	2.087E+00	2.088E+00	2.087E+00	2.089E+00
2.650E+00	2.071E+00	8.352E-03	2.079E+00	2.063E+00	2.070E+00	2.072E+00	2.070E+00	2.072E+00
2.660E+00	2.055E+00	8.421E-03	2.063E+00	2.046E+00	2.054E+00	2.056E+00	2.054E+00	2.056E+00
2.670E+00	2.038E+00	8.489E-03	2.047E+00	2.030E+00	2.037E+00	2.039E+00	2.037E+00	2.039E+00
2.680E+00	2.022E+00	8.556E-03	2.031E+00	2.014E+00	2.021E+00	2.023E+00	2.021E+00	2.023E+00
2.690E+00	2.006E+00	8.622E-03	2.014E+00	1.997E+00	2.005E+00	2.007E+00	2.005E+00	2.007E+00
2.700E+00	1.990E+00	8.688E-03	1.998E+00	1.981E+00	1.989E+00	1.991E+00	1.989E+00	1.991E+00
2.710E+00	1.974E+00	8.752E-03	1.982E+00	1.965E+00	1.973E+00	1.975E+00	1.973E+00	1.975E+00
2.720E+00	1.958E+00	8.816E-03	1.967E+00	1.949E+00	1.957E+00	1.959E+00	1.957E+00	1.959E+00
2.730E+00	1.942E+00	8.879E-03	1.951E+00	1.933E+00	1.941E+00	1.943E+00	1.941E+00	1.943E+00
2.740E+00	1.926E+00	8.941E-03	1.935E+00	1.917E+00	1.925E+00	1.927E+00	1.925E+00	1.927E+00
2.750E+00	1.910E+00	9.003E-03	1.919E+00	1.901E+00	1.909E+00	1.911E+00	1.909E+00	1.911E+00
2.760E+00	1.895E+00	9.063E-03	1.904E+00	1.886E+00	1.894E+00	1.896E+00	1.894E+00	1.896E+00
2.770E+00	1.879E+00	9.123E-03	1.888E+00	1.870E+00	1.878E+00	1.880E+00	1.878E+00	1.880E+00
2.780E+00	1.864E+00	9.181E-03	1.873E+00	1.855E+00	1.863E+00	1.865E+00	1.863E+00	1.865E+00
2.790E+00	1.848E+00	9.239E-03	1.858E+00	1.839E+00	1.847E+00	1.849E+00	1.848E+00	1.849E+00
2.800E+00	1.833E+00	9.296E-03	1.842E+00	1.824E+00	1.832E+00	1.834E+00	1.832E+00	1.834E+00
2.810E+00	1.818E+00	9.352E-03	1.827E+00	1.809E+00	1.817E+00	1.819E+00	1.817E+00	1.819E+00
2.820E+00	1.803E+00	9.407E-03	1.812E+00	1.793E+00	1.802E+00	1.804E+00	1.802E+00	1.804E+00
2.830E+00	1.788E+00	9.461E-03	1.797E+00	1.778E+00	1.787E+00	1.789E+00	1.787E+00	1.789E+00
2.840E+00	1.773E+00	9.515E-03	1.782E+00	1.763E+00	1.772E+00	1.774E+00	1.772E+00	1.774E+00
2.850E+00	1.758E+00	9.567E-03	1.767E+00	1.748E+00	1.757E+00	1.759E+00	1.757E+00	1.759E+00
2.860E+00	1.743E+00	9.619E-03	1.753E+00	1.734E+00	1.742E+00	1.744E+00	1.742E+00	1.744E+00
2.870E+00	1.728E+00	9.669E-03	1.738E+00	1.719E+00	1.727E+00	1.729E+00	1.728E+00	1.729E+00
2.880E+00	1.714E+00	9.719E-03	1.723E+00	1.704E+00	1.713E+00	1.715E+00	1.713E+00	1.715E+00
2.890E+00	1.699E+00	9.768E-03	1.709E+00	1.690E+00	1.698E+00	1.700E+00	1.698E+00	1.700E+00
2.900E+00	1.685E+00	9.816E-03	1.695E+00	1.675E+00	1.684E+00	1.686E+00	1.684E+00	1.686E+00
2.910E+00	1.670E+00	9.863E-03	1.680E+00	1.661E+00	1.669E+00	1.671E+00	1.670E+00	1.671E+00
2.920E+00	1.656E+00	9.909E-03	1.666E+00	1.646E+00	1.655E+00	1.657E+00	1.655E+00	1.657E+00
2.930E+00	1.642E+00	9.954E-03	1.652E+00	1.632E+00	1.641E+00	1.643E+00	1.641E+00	1.643E+00
2.940E+00	1.628E+00	9.998E-03	1.638E+00	1.618E+00	1.627E+00	1.629E+00	1.627E+00	1.629E+00
2.950E+00	1.614E+00	1.004E-02	1.624E+00	1.604E+00	1.613E+00	1.615E+00	1.613E+00	1.615E+00
2.960E+00	1.600E+00	1.008E-02	1.610E+00	1.590E+00	1.599E+00	1.601E+00	1.599E+00	1.601E+00
2.970E+00	1.586E+00	1.013E-02	1.596E+00	1.576E+00	1.585E+00	1.587E+00	1.585E+00	1.587E+00
2.980E+00	1.572E+00	1.017E-02	1.582E+00	1.562E+00	1.571E+00	1.573E+00	1.571E+00	1.573E+00
2.990E+00	1.559E+00	1.021E-02	1.569E+00	1.548E+00	1.558E+00	1.560E+00	1.558E+00	1.559E+00
3.000E+00	1.545E+00	1.024E-02	1.555E+00	1.535E+00	1.544E+00	1.546E+00	1.544E+00	1.546E+00
