1.000E-02	7.437E+00	5.467E-03	7.432E+00	7.442E+00	7.438E+00	7.436E+00	7.437E+00	7.437E+00
2.000E-02	7.435E+00	5.425E-03	7.430E+00	7.441E+00	7.436E+00	7.434E+00	7.435E+00	7.435E+00
3.000E-02	7.433E+00	5.371E-03	7.427E+00	7.438E+00	7.434E+00	7.432E+00	7.433E+00	7.433E+00
4.000E-02	7.430E+00	5.309E-03	7.424E+00	7.435E+00	7.430E+00	7.429E+00	7.430E+00	7.430E+00
5.000E-02	7.426E+00	5.240E-03	7.421E+00	7.431E+00	7.427E+00	7.425E+00	7.426E+00	7.426E+00
6.000E-02	7.422E+00	5.166E-03	7.416E+00	7.427E+00	7.422E+00	7.421E+00	7.421E+00	7.422E+00
7.000E-02	7.417E+00	5.087E-03	7.412E+00	7.422E+00	7.418E+00	7.416E+00	7.417E+00	7.417E+00
8.000E-02	7.411E+00	5.005E-03	7.407E+00	7.416E+00	7.412E+00	7.411E+00	7.411E+00	7.411E+00
9.000E-02	7.406E+00	4.919E-03	7.401E+00	7.411E+00	7.407E+00	7.405E+00	7.406E+00	7.406E+00
1.000E-01	7.399E+00	4.830E-03	7.395E+00	7.404E+00	7.400E+00	7.399E+00	7.399E+00	7.400E+00
1.100E-01	7.393E+00	4.738E-03	7.388E+00	7.398E+00	7.394E+00	7.392E+00	7.393E+00	7.393E+00
1.200E-01	7.386E+00	4.644E-03	7.381E+00	7.390E+00	7.387E+00	7.385E+00	7.386E+00	7.386E+00
1.300E-01	7.378E+00	4.548E-03	7.374E+00	7.383E+00	7.379E+00	7.377E+00	7.378E+00	7.378E+00
1.400E-01	7.371E+00	4.451E-03	7.366E+00	7.375E+00	7.371E+00	7.370E+00	7.370E+00	7.371E+00
1.500E-01	7.362E+00	4.351E-03	7.358E+00	7.367E+00	7.363E+00	7.361E+00	7.362E+00	7.362E+00
1.600E-01	7.354E+00	4.251E-03	7.350E+00	7.358E+00	7.355E+00	7.353E+00	7.354E+00	7.354E+00
1.700E-01	7.345E+00	4.149E-03	7.341E+00	7.349E+00	7.346E+00	7.344E+00	7.345E+00	7.345E+00
1.800E-01	7.335E+00	4.047E-03	7.331E+00	7.339E+00	7.336E+00	7.335E+00	7.335E+00	7.335E+00
1.900E-01	7.326E+00	3.944E-03	7.322E+00	7.330E+00	7.327E+00	7.325E+00	7.326E+00	7.326E+00
2.000E-01	7.316E+00	3.840E-03	7.312E+00	7.320E+00	7.317E+00	7.315E+00	7.316E+00	7.316E+00
2.100E-01	7.305E+00	3.735E-03	7.302E+00	7.309E+00	7.306E+00	7.305E+00	7.305E+00	7.305E+00
2.200E-01	7.295E+00	3.630E-03	7.291E+00	7.298E+00	7.296E+00	7.294E+00	7.295E+00	7.295E+00
2.300E-01	7.284E+00	3.525E-03	7.280E+00	7.287E+00	7.285E+00	7.283E+00	7.284E+00	7.284E+00
2.400E-01	7.273E+00	3.420E-03	7.269E+00	7.276E+00	7.273E+00	7.272E+00	7.273E+00	7.273E+00
2.500E-01	7.261E+00	3.315E-03	7.258E+00	7.264E+00	7.262E+00	7.260E+00	7.261E+00	7.261E+00
2.600E-01	7.249E+00	3.210E-03	7.246E+00	7.252E+00	7.250E+00	7.248E+00	7.249E+00	7.249E+00
2.700E-01	7.237E+00	3.105E-03	7.234E+00	7.240E+00	7.238E+00	7.236E+00	7.237E+00	7.237E+00
2.800E-01	7.224E+00	3.000E-03	7.222E+00	7.227E+00	7.225E+00	7.224E+00	7.224E+00	7.224E+00
2.900E-01	7.212E+00	2.895E-03	7.209E+00	7.214E+00	7.213E+00	7.211E+00	7.212E+00	7.212E+00
3.000E-01	7.199E+00	2.791E-03	7.196E+00	7.201E+00	7.199E+00	7.198E+00	7.199E+00	7.199E+00
3.100E-01	7.185E+00	2.688E-03	7.183E+00	7.188E+00	7.186E+00	7.185E+00	7.185E+00	7.185E+00
3.200E-01	7.172E+00	2.585E-03	7.169E+00	7.174E+00	7.173E+00	7.171E+00	7.172E+00	7.172E+00
3.300E-01	7.158E+00	2.483E-03	7.156E+00	7.160E+00	7.159E+00	7.157E+00	7.158E+00	7.158E+00
3.400E-01	7.144E+00	2.382E-03	7.142E+00	7.146E+00	7.145E+00	7.143E+00	7.144E+00	7.144E+00
3.500E-01	7.129E+00	2.281E-03	7.127E+00	7.132E+00	7.130E+00	7.129E+00	7.129E+00	7.129E+00
3.600E-01	7.115E+00	2.182E-03	7.113E+00	7.117E+00	7.116E+00	7.114E+00	7.115E+00	7.115E+00
3.700E-01	7.100E+00	2.084E-03	7.098E+00	7.102E+00	7.101E+00	7.099E+00	7.100E+00	7.100E+00
3.800E-01	7.085E+00	1.987E-03	7.083E+00	7.087E+00	7.086E+00	7.084E+00	7.085E+00	7.085E+00
3.900E-01	7.070E+00	1.891E-03	7.068E+00	7.071E+00	7.070E+00	7.069E+00	7.069E+00	7.070E+00
4.000E-01	7.054E+00	1.797E-03	7.052E+00	7.056E+00	7.055E+00	7.053E+00	7.054E+00	7.054E+00
4.100E-01	7.038E+00	1.704E-03	7.037E+00	7.040E+00	7.039E+00	7.037E+00	7.038E+00	7.038E+00
4.200E-01	7.022E+00	1.613E-03	7.021E+00	7.023E+00	7.023E+00	7.021E+00	7.022E+00	7.022E+00
4.300E-01	7.006E+00	1.524E-03	7.004E+00	7.007E+00	7.007E+00	7.005E+00	7.006E+00	7.006E+00
4.400E-01	6.989E+00	1.438E-03	6.988E+00	6.991E+00	6.990E+00	6.989E+00	6.989E+00	6.989E+00
4.500E-01	6.973E+00	1.353E-03	6.971E+00	6.974E+00	6.973E+00	6.972E+00	6.973E+00	6.973E+00
4.600E-01	6.956E+00	1.271E-03	6.955E+00	6.957E+00	6.956E+00	6.955E+00	6.956E+00	6.956E+00
4.700E-01	6.939E+00	1.193E-03	6.938E+00	6.939E+00	6.939E+00	6.938E+00	6.939E+00	6.939E+00
4.800E-01	6.921E+00	1.117E-03	6.920E+00	6.922E+00	6.922E+00	6.921E+00	6.921E+00	6.921E+00
4.900E-01	6.904E+00	1.046E-03	6.903E+00	6.904E+00	6.904E+00	6.903E+00	6.904E+00	6.904E+00
5.000E-01	6.886E+00	9.792E-04	6.885E+00	6.887E+00	6.887E+00	6.885E+00	6.886E+00	6.886E+00
5.100E-01	6.868E+00	9.174E-04	6.867E+00	6.869E+00	6.869E+00	6.867E+00	6.868E+00	6.868E+00
5.200E-01	6.850E+00	8.615E-04	6.849E+00	6.850E+00	6.851E+00	6.849E+00	6.850E+00	6.850E+00
5.300E-01	6.832E+00	8.124E-04	6.831E+00	6.832E+00	6.832E+00	6.831E+00	6.832E+00	6.832E+00
5.400E-01	6.813E+00	7.708E-04	6.813E+00	6.813E+00	6.814E+00	6.812E+00	6.813E+00	6.813E+00
5.500E-01	6.794E+00	7.378E-04	6.794E+00	6.795E+00	6.795E+00	6.794E+00	6.794E+00	6.794E+00
5.600E-01	6.776E+00	7.140E-04	6.775E+00	6.776E+00	6.776E+00	6.775E+00	6.776E+00	6.776E+00
5.700E-01	6.757E+00	6.999E-04	6.756E+00	6.757E+00	6.757E+00	6.756E+00	6.756E+00	6.757E+00
5.800E-01	6.737E+00	6.957E-04	6.737E+00	6.737E+00	6.738E+00	6.737E+00	6.737E+00	6.737E+00
5.900E-01	6.718E+00	7.011E-04	6.718E+00	6.718E+00	6.719E+00	6.717E+00	6.718E+00	6.718E+00
6.000E-01	6.698E+00	7.155E-04	6.699E+00	6.698E+00	6.699E+00	6.698E+00	6.698E+00	6.698E+00
6.100E-01	6.679E+00	7.378E-04	6.679E+00	6.678E+00	6.679E+00	6.678E+00	6.679E+00	6.679E+00
6.200E-01	6.659E+00	7.671E-04	6.659E+00	6.658E+00	6.659E+00	6.658E+00	6.659E+00	6.659E+00
6.300E-01	6.639E+00	8.020E-04	6.639E+00	6.638E+00	6.639E+00	6.638E+00	6.639E+00	6.639E+00
6.400E-01	6.618E+00	8.417E-04	6.619E+00	6.618E+00	6.619E+00	6.618E+00	6.618E+00	6.619E+00
6.500E-01	6.598E+00	8.850E-04	6.599E+00	6.598E+00	6.599E+00	6.597E+00	6.598E+00	6.598E+00
6.600E-01	6.578E+00	9.312E-04	6.578E+00	6.577E+00	6.578E+00	6.577E+00	6.578E+00	6.578E+00
6.700E-01	6.557E+00	9.795E-04	6.558E+00	6.556E+00	6.558E+00	6.556E+00	6.557E+00	6.557E+00
6.800E-01	6.536E+00	1.029E-03	6.537E+00	6.535E+00	6.537E+00	6.536E+00	6.536E+00	6.536E+00
6.900E-01	6.515E+00	1.080E-03	6.516E+00	6.514E+00	6.516E+00	6.515E+00	6.515E+00	6.515E+00
7.000E-01	6.494E+00	1.132E-03	6.495E+00	6.493E+00	6.495E+00	6.494E+00	6.494E+00	6.494E+00
7.100E-01	6.473E+00	1.184E-03	6.474E+00	6.472E+00	6.474E+00	6.472E+00	6.473E+00	6.473E+00
7.200E-01	6.452E+00	1.236E-03	6.453E+00	6.451E+00	6.452E+00	6.451E+00	6.452E+00	6.452E+00
7.300E-01	6.430E+00	1.287E-03	6.431E+00	6.429E+00	6.431E+00	6.430E+00	6.430E+00	6.430E+00
7.400E-01	6.409E+00	1.339E-03	6.410E+00	6.407E+00	6.409E+00	6.408E+00	6.408E+00	6.409E+00
7.500E-01	6.387E+00	1.390E-03	6.388E+00	6.386E+00	6.387E+00	6.386E+00	6.387E+00	6.387E+00
7.600E-01	6.365E+00	1.440E-03	6.366E+00	6.364E+00	6.366E+00	6.364E+00	6.365E+00	6.365E+00
7.700E-01	6.343E+00	1.490E-03	6.344E+00	6.342E+00	6.344E+00	6.342E+00	6.343E+00	6.343E+00
7.800E-01	6.321E+00	1.538E-03	6.322E+00	6.319E+00	6.321E+00	6.320E+00	6.321E+00	6.321E+00
7.900E-01	6.299E+00	1.586E-03	6.300E+00	6.297E+00	6.299E+00	6.298E+00	6.299E+00	6.299E+00
8.000E-01	6.276E+00	1.633E-03	6.278E+00	6.275E+00	6.277E+00	6.276E+00	6.276E+00	6.276E+00
8.100E-01	6.254E+00	1.679E-03	6.256E+00	6.252E+00	6.254E+00	6.253E+00	6.254E+00	6.254E+00
8.200E-01	6.231E+00	1.724E-03	6.233E+00	6.230E+00	6.232E+00	6.231E+00	6.231E+00	6.231E+00
8.300E-01	6.209E+00	1.768E-03	6.210E+00	6.207E+00	6.209E+00	6.208E+00	6.209E+00	6.209E+00
8.400E-01	6.186E+00	1.810E-03	6.188E+00	6.184E+00	6.187E+00	6.185E+00	6.186E+00	6.186E+00
8.500E-01	6.163E+00	1.852E-03	6.165E+00	6.161E+00	6.164E+00	6.163E+00	6.163E+00	6.163E+00
8.600E-01	6.140E+00	1.892E-03	6.142E+00	6.138E+00	6.141E+00	6.140E+00	6.140E+00	6.140E+00
8.700E-01	6.117E+00	1.931E-03	6.119E+00	6.115E+00	6.118E+00	6.117E+00	6.117E+00	6.117E+00
8.800E-01	6.094E+00	1.969E-03	6.096E+00	6.092E+00	6.095E+00	6.094E+00	6.094E+00	6.094E+00
8.900E-01	6.071E+00	2.006E-03	6.073E+00	6.069E+00	6.071E+00	6.070E+00	6.071E+00	6.071E+00
9.000E-01	6.047E+00	2.041E-03	6.049E+00	6.045E+00	6.048E+00	6.047E+00	6.047E+00	6.048E+00
9.100E-01	6.024E+00	2.075E-03	6.026E+00	6.022E+00	6.025E+00	6.024E+00	6.024E+00	6.024E+00
9.200E-01	6.001E+00	2.108E-03	6.003E+00	5.999E+00	6.001E+00	6.000E+00	6.001E+00	6.001E+00
9.300E-01	5.977E+00	2.139E-03	5.979E+00	5.975E+00	5.977E+00	5.977E+00	5.977E+00	5.977E+00
9.400E-01	5.953E+00	2.170E-03	5.955E+00	5.951E+00	5.954E+00	5.953E+00	5.953E+00	5.953E+00
9.500E-01	5.930E+00	2.199E-03	5.932E+00	5.927E+00	5.930E+00	5.929E+00	5.930E+00	5.930E+00
9.600E-01	5.906E+00	2.226E-03	5.908E+00	5.904E+00	5.906E+00	5.905E+00	5.906E+00	5.906E+00
9.700E-01	5.882E+00	2.253E-03	5.884E+00	5.880E+00	5.882E+00	5.882E+00	5.882E+00	5.882E+00
9.800E-01	5.858E+00	2.278E-03	5.860E+00	5.856E+00	5.858E+00	5.858E+00	5.858E+00	5.858E+00
9.900E-01	5.834E+00	2.302E-03	5.836E+00	5.832E+00	5.834E+00	5.834E+00	5.834E+00	5.834E+00
1.000E+00	5.810E+00	2.324E-03	5.812E+00	5.808E+00	5.810E+00	5.810E+00	5.810E+00	5.810E+00
1.010E+00	5.786E+00	2.345E-03	5.788E+00	5.783E+00	5.786E+00	5.785E+00	5.786E+00	5.786E+00
1.020E+00	5.762E+00	2.365E-03	5.764E+00	5.759E+00	5.762E+00	5.761E+00	5.762E+00	5.762E+00
1.030E+00	5.737E+00	2.384E-03	5.740E+00	5.735E+00	5.738E+00	5.737E+00	5.737E+00	5.737E+00
1.040E+00	5.713E+00	2.401E-03	5.715E+00	5.711E+00	5.713E+00	5.713E+00	5.713E+00	5.713E+00
1.050E+00	5.689E+00	2.418E-03	5.691E+00	5.686E+00	5.689E+00	5.688E+00	5.689E+00	5.689E+00
1.060E+00	5.664E+00	2.432E-03	5.667E+00	5.662E+00	5.665E+00	5.664E+00	5.664E+00	5.664E+00
1.070E+00	5.640E+00	2.446E-03	5.642E+00	5.637E+00	5.640E+00	5.639E+00	5.640E+00	5.640E+00
1.080E+00	5.615E+00	2.458E-03	5.618E+00	5.613E+00	5.616E+00	5.615E+00	5.615E+00	5.615E+00
1.090E+00	5.591E+00	2.470E-03	5.593E+00	5.588E+00	5.591E+00	5.590E+00	5.591E+00	5.591E+00
1.100E+00	5.566E+00	2.479E-03	5.568E+00	5.564E+00	5.566E+00	5.566E+00	5.566E+00	5.566E+00
1.110E+00	5.541E+00	2.488E-03	5.544E+00	5.539E+00	5.542E+00	5.541E+00	5.541E+00	5.541E+00
1.120E+00	5.517E+00	2.496E-03	5.519E+00	5.514E+00	5.517E+00	5.516E+00	5.517E+00	5.517E+00
1.130E+00	5.492E+00	2.502E-03	5.494E+00	5.489E+00	5.492E+00	5.492E+00	5.492E+00	5.492E+00
1.140E+00	5.467E+00	2.507E-03	5.470E+00	5.465E+00	5.467E+00	5.467E+00	5.467E+00	5.467E+00
1.150E+00	5.442E+00	2.511E-03	5.445E+00	5.440E+00	5.443E+00	5.442E+00	5.442E+00	5.442E+00
1.160E+00	5.417E+00	2.513E-03	5.420E+00	5.415E+00	5.418E+00	5.417E+00	5.417E+00	5.418E+00
1.170E+00	5.393E+00	2.515E-03	5.395E+00	5.390E+00	5.393E+00	5.392E+00	5.392E+00	5.393E+00
1.180E+00	5.368E+00	2.515E-03	5.370E+00	5.365E+00	5.368E+00	5.367E+00	5.368E+00	5.368E+00
1.190E+00	5.343E+00	2.514E-03	5.345E+00	5.340E+00	5.343E+00	5.342E+00	5.343E+00	5.343E+00
1.200E+00	5.318E+00	2.512E-03	5.320E+00	5.315E+00	5.318E+00	5.317E+00	5.318E+00	5.318E+00
1.210E+00	5.293E+00	2.509E-03	5.295E+00	5.290E+00	5.293E+00	5.292E+00	5.293E+00	5.293E+00
1.220E+00	5.268E+00	2.505E-03	5.270E+00	5.265E+00	5.268E+00	5.267E+00	5.268E+00	5.268E+00
1.230E+00	5.243E+00	2.500E-03	5.245E+00	5.240E+00	5.243E+00	5.242E+00	5.243E+00	5.243E+00
1.240E+00	5.218E+00	2.493E-03	5.220E+00	5.215E+00	5.218E+00	5.217E+00	5.218E+00	5.218E+00
1.250E+00	5.193E+00	2.486E-03	5.195E+00	5.190E+00	5.193E+00	5.192E+00	5.192E+00	5.193E+00
1.260E+00	5.167E+00	2.477E-03	5.170E+00	5.165E+00	5.168E+00	5.167E+00	5.167E+00	5.168E+00
1.270E+00	5.142E+00	2.467E-03	5.145E+00	5.140E+00	5.143E+00	5.142E+00	5.142E+00	5.142E+00
1.280E+00	5.117E+00	2.457E-03	5.120E+00	5.115E+00	5.118E+00	5.117E+00	5.117E+00	5.117E+00
1.290E+00	5.092E+00	2.445E-03	5.095E+00	5.090E+00	5.092E+00	5.092E+00	5.092E+00	5.092E+00
1.300E+00	5.067E+00	2.432E-03	5.069E+00	5.065E+00	5.067E+00	5.067E+00	5.067E+00	5.067E+00
1.310E+00	5.042E+00	2.418E-03	5.044E+00	5.040E+00	5.042E+00	5.042E+00	5.042E+00	5.042E+00
1.320E+00	5.017E+00	2.404E-03	5.019E+00	5.014E+00	5.017E+00	5.017E+00	5.017E+00	5.017E+00
1.330E+00	4.992E+00	2.388E-03	4.994E+00	4.989E+00	4.992E+00	4.991E+00	4.992E+00	4.992E+00
1.340E+00	4.966E+00	2.371E-03	4.969E+00	4.964E+00	4.967E+00	4.966E+00	4.966E+00	4.967E+00
1.350E+00	4.941E+00	2.353E-03	4.944E+00	4.939E+00	4.942E+00	4.941E+00	4.941E+00	4.941E+00
1.360E+00	4.916E+00	2.335E-03	4.919E+00	4.914E+00	4.916E+00	4.916E+00	4.916E+00	4.916E+00
1.370E+00	4.891E+00	2.315E-03	4.893E+00	4.889E+00	4.891E+00	4.891E+00	4.891E+00	4.891E+00
1.380E+00	4.866E+00	2.295E-03	4.868E+00	4.864E+00	4.866E+00	4.866E+00	4.866E+00	4.866E+00
1.390E+00	4.841E+00	2.273E-03	4.843E+00	4.839E+00	4.841E+00	4.841E+00	4.841E+00	4.841E+00
1.400E+00	4.816E+00	2.251E-03	4.818E+00	4.813E+00	4.816E+00	4.815E+00	4.816E+00	4.816E+00
1.410E+00	4.791E+00	2.228E-03	4.793E+00	4.788E+00	4.791E+00	4.790E+00	4.790E+00	4.791E+00
1.420E+00	4.765E+00	2.204E-03	4.768E+00	4.763E+00	4.766E+00	4.765E+00	4.765E+00	4.766E+00
1.430E+00	4.740E+00	2.179E-03	4.743E+00	4.738E+00	4.740E+00	4.740E+00	4.740E+00	4.740E+00
1.440E+00	4.715E+00	2.153E-03	4.717E+00	4.713E+00	4.715E+00	4.715E+00	4.715E+00	4.715E+00
1.450E+00	4.690E+00	2.127E-03	4.692E+00	4.688E+00	4.690E+00	4.690E+00	4.690E+00	4.690E+00
1.460E+00	4.665E+00	2.099E-03	4.667E+00	4.663E+00	4.665E+00	4.665E+00	4.665E+00	4.665E+00
1.470E+00	4.640E+00	2.071E-03	4.642E+00	4.638E+00	4.640E+00	4.640E+00	4.640E+00	4.640E+00
1.480E+00	4.615E+00	2.042E-03	4.617E+00	4.613E+00	4.615E+00	4.615E+00	4.615E+00	4.615E+00
1.490E+00	4.590E+00	2.013E-03	4.592E+00	4.588E+00	4.590E+00	4.590E+00	4.590E+00	4.590E+00
1.500E+00	4.565E+00	1.982E-03	4.567E+00	4.563E+00	4.565E+00	4.565E+00	4.565E+00	4.565E+00
1.510E+00	4.540E+00	1.951E-03	4.542E+00	4.538E+00	4.540E+00	4.540E+00	4.540E+00	4.540E+00
1.520E+00	4.515E+00	1.919E-03	4.517E+00	4.513E+00	4.515E+00	4.515E+00	4.515E+00	4.515E+00
1.530E+00	4.490E+00	1.887E-03	4.492E+00	4.489E+00	4.490E+00	4.490E+00	4.490E+00	4.490E+00
1.540E+00	4.465E+00	1.853E-03	4.467E+00	4.464E+00	4.466E+00	4.465E+00	4.465E+00	4.466E+00
1.550E+00	4.441E+00	1.819E-03	4.442E+00	4.439E+00	4.441E+00	4.441E+00	4.441E+00	4.441E+00
1.560E+00	4.416E+00	1.785E-03	4.418E+00	4.414E+00	4.416E+00	4.416E+00	4.416E+00	4.416E+00
1.570E+00	4.391E+00	1.750E-03	4.393E+00	4.389E+00	4.391E+00	4.391E+00	4.391E+00	4.391E+00
1.580E+00	4.366E+00	1.714E-03	4.368E+00	4.365E+00	4.366E+00	4.366E+00	4.366E+00	4.366E+00
1.590E+00	4.342E+00	1.677E-03	4.343E+00	4.340E+00	4.342E+00	4.342E+00	4.341E+00	4.342E+00
1.600E+00	4.317E+00	1.640E-03	4.319E+00	4.315E+00	4.317E+00	4.317E+00	4.317E+00	4.317E+00
1.610E+00	4.292E+00	1.603E-03	4.294E+00	4.291E+00	4.292E+00	4.292E+00	4.292E+00	4.292E+00
1.620E+00	4.268E+00	1.564E-03	4.269E+00	4.266E+00	4.268E+00	4.268E+00	4.268E+00	4.268E+00
1.630E+00	4.243E+00	1.526E-03	4.245E+00	4.242E+00	4.243E+00	4.243E+00	4.243E+00	4.243E+00
1.640E+00	4.219E+00	1.486E-03	4.220E+00	4.217E+00	4.219E+00	4.219E+00	4.218E+00	4.219E+00
1.650E+00	4.194E+00	1.446E-03	4.196E+00	4.193E+00	4.194E+00	4.194E+00	4.194E+00	4.194E+00
1.660E+00	4.170E+00	1.406E-03	4.171E+00	4.168E+00	4.170E+00	4.170E+00	4.170E+00	4.170E+00
1.670E+00	4.145E+00	1.365E-03	4.147E+00	4.144E+00	4.145E+00	4.145E+00	4.145E+00	4.145E+00
1.680E+00	4.121E+00	1.324E-03	4.122E+00	4.120E+00	4.121E+00	4.121E+00	4.121E+00	4.121E+00
1.690E+00	4.097E+00	1.282E-03	4.098E+00	4.095E+00	4.097E+00	4.097E+00	4.096E+00	4.097E+00
1.700E+00	4.072E+00	1.240E-03	4.074E+00	4.071E+00	4.072E+00	4.072E+00	4.072E+00	4.072E+00
1.710E+00	4.048E+00	1.197E-03	4.049E+00	4.047E+00	4.048E+00	4.048E+00	4.048E+00	4.048E+00
1.720E+00	4.024E+00	1.154E-03	4.025E+00	4.023E+00	4.024E+00	4.024E+00	4.024E+00	4.024E+00
1.730E+00	4.000E+00	1.111E-03	4.001E+00	3.999E+00	4.000E+00	4.000E+00	4.000E+00	4.000E+00
1.740E+00	3.976E+00	1.067E-03	3.977E+00	3.975E+00	3.976E+00	3.976E+00	3.976E+00	3.976E+00
1.750E+00	3.952E+00	1.023E-03	3.953E+00	3.951E+00	3.952E+00	3.952E+00	3.952E+00	3.952E+00
1.760E+00	3.928E+00	9.788E-04	3.929E+00	3.927E+00	3.928E+00	3.928E+00	3.928E+00	3.928E+00
1.770E+00	3.904E+00	9.341E-04	3.905E+00	3.903E+00	3.904E+00	3.904E+00	3.904E+00	3.904E+00
1.780E+00	3.880E+00	8.892E-04	3.881E+00	3.879E+00	3.880E+00	3.880E+00	3.880E+00	3.880E+00
1.790E+00	3.856E+00	8.440E-04	3.857E+00	3.855E+00	3.856E+00	3.856E+00	3.856E+00	3.856E+00
1.800E+00	3.832E+00	7.987E-04	3.833E+00	3.832E+00	3.832E+00	3.833E+00	3.832E+00	3.833E+00
1.810E+00	3.809E+00	7.532E-04	3.810E+00	3.808E+00	3.809E+00	3.809E+00	3.809E+00	3.809E+00
1.820E+00	3.785E+00	7.076E-04	3.786E+00	3.784E+00	3.785E+00	3.785E+00	3.785E+00	3.785E+00
1.830E+00	3.762E+00	6.620E-04	3.762E+00	3.761E+00	3.761E+00	3.762E+00	3.761E+00	3.762E+00
1.840E+00	3.738E+00	6.164E-04	3.739E+00	3.737E+00	3.738E+00	3.738E+00	3.738E+00	3.738E+00
1.850E+00	3.715E+00	5.709E-04	3.715E+00	3.714E+00	3.715E+00	3.715E+00	3.714E+00	3.715E+00
1.860E+00	3.691E+00	5.257E-04	3.692E+00	3.691E+00	3.691E+00	3.691E+00	3.691E+00	3.691E+00
1.870E+00	3.668E+00	4.809E-04	3.668E+00	3.667E+00	3.668E+00	3.668E+00	3.668E+00	3.668E+00
1.880E+00	3.645E+00	4.367E-04	3.645E+00	3.644E+00	3.645E+00	3.645E+00	3.645E+00	3.645E+00
1.890E+00	3.621E+00	3.935E-04	3.622E+00	3.621E+00	3.621E+00	3.622E+00	3.621E+00	3.622E+00
1.900E+00	3.598E+00	3.516E-04	3.599E+00	3.598E+00	3.598E+00	3.598E+00	3.598E+00	3.598E+00
1.910E+00	3.575E+00	3.118E-04	3.576E+00	3.575E+00	3.575E+00	3.575E+00	3.575E+00	3.575E+00
1.920E+00	3.552E+00	2.751E-04	3.552E+00	3.552E+00	3.552E+00	3.552E+00	3.552E+00	3.552E+00
1.930E+00	3.529E+00	2.430E-04	3.529E+00	3.529E+00	3.529E+00	3.529E+00	3.529E+00	3.529E+00
1.940E+00	3.506E+00	2.176E-04	3.507E+00	3.506E+00	3.506E+00	3.507E+00	3.506E+00	3.507E+00
1.950E+00	3.484E+00	2.017E-04	3.484E+00	3.484E+00	3.483E+00	3.484E+00	3.483E+00	3.484E+00
1.960E+00	3.461E+00	1.977E-04	3.461E+00	3.461E+00	3.461E+00	3.461E+00	3.461E+00	3.461E+00
1.970E+00	3.438E+00	2.063E-04	3.438E+00	3.438E+00	3.438E+00	3.438E+00	3.438E+00	3.438E+00
1.980E+00	3.416E+00	2.262E-04	3.416E+00	3.416E+00	3.415E+00	3.416E+00	3.416E+00	3.416E+00
1.990E+00	3.393E+00	2.549E-04	3.393E+00	3.393E+00	3.393E+00	3.393E+00	3.393E+00	3.393E+00
2.000E+00	3.371E+00	2.898E-04	3.371E+00	3.371E+00	3.371E+00	3.371E+00	3.371E+00	3.371E+00
2.010E+00	3.348E+00	3.289E-04	3.348E+00	3.349E+00	3.348E+00	3.348E+00	3.348E+00	3.348E+00
2.020E+00	3.326E+00	3.710E-04	3.326E+00	3.326E+00	3.326E+00	3.326E+00	3.326E+00	3.326E+00
2.030E+00	3.304E+00	4.151E-04	3.303E+00	3.304E+00	3.304E+00	3.304E+00	3.304E+00	3.304E+00
2.040E+00	3.282E+00	4.607E-04	3.281E+00	3.282E+00	3.281E+00	3.282E+00	3.281E+00	3.282E+00
2.050E+00	3.260E+00	5.074E-04	3.259E+00	3.260E+00	3.259E+00	3.260E+00	3.259E+00	3.260E+00
2.060E+00	3.238E+00	5.549E-04	3.237E+00	3.238E+00	3.237E+00	3.238E+00	3.237E+00	3.238E+00
2.070E+00	3.216E+00	6.031E-04	3.215E+00	3.216E+00	3.215E+00	3.216E+00	3.216E+00	3.216E+00
2.080E+00	3.194E+00	6.517E-04	3.193E+00	3.194E+00	3.194E+00	3.194E+00	3.194E+00	3.194E+00
2.090E+00	3.172E+00	7.007E-04	3.171E+00	3.173E+00	3.172E+00	3.172E+00	3.172E+00	3.172E+00
2.100E+00	3.150E+00	7.499E-04	3.150E+00	3.151E+00	3.150E+00	3.151E+00	3.150E+00	3.150E+00
2.110E+00	3.129E+00	7.994E-04	3.128E+00	3.130E+00	3.129E+00	3.129E+00	3.129E+00	3.129E+00
2.120E+00	3.107E+00	8.491E-04	3.106E+00	3.108E+00	3.107E+00	3.107E+00	3.107E+00	3.107E+00
2.130E+00	3.086E+00	8.988E-04	3.085E+00	3.087E+00	3.086E+00	3.086E+00	3.086E+00	3.086E+00
2.140E+00	3.064E+00	9.487E-04	3.063E+00	3.065E+00	3.064E+00	3.065E+00	3.064E+00	3.064E+00
2.150E+00	3.043E+00	9.986E-04	3.042E+00	3.044E+00	3.043E+00	3.043E+00	3.043E+00	3.043E+00
2.160E+00	3.022E+00	1.049E-03	3.021E+00	3.023E+00	3.022E+00	3.022E+00	3.022E+00	3.022E+00
2.170E+00	3.001E+00	1.099E-03	3.000E+00	3.002E+00	3.001E+00	3.001E+00	3.001E+00	3.001E+00
2.180E+00	2.980E+00	1.149E-03	2.979E+00	2.981E+00	2.979E+00	2.980E+00	2.980E+00	2.980E+00
2.190E+00	2.959E+00	1.198E-03	2.958E+00	2.960E+00	2.958E+00	2.959E+00	2.959E+00	2.959E+00
2.200E+00	2.938E+00	1.248E-03	2.937E+00	2.939E+00	2.938E+00	2.938E+00	2.938E+00	2.938E+00
2.210E+00	2.917E+00	1.298E-03	2.916E+00	2.918E+00	2.917E+00	2.917E+00	2.917E+00	2.917E+00
2.220E+00	2.896E+00	1.348E-03	2.895E+00	2.898E+00	2.896E+00	2.897E+00	2.896E+00	2.896E+00
2.230E+00	2.876E+00	1.397E-03	2.874E+00	2.877E+00	2.875E+00	2.876E+00	2.876E+00	2.876E+00
2.240E+00	2.855E+00	1.447E-03	2.854E+00	2.857E+00	2.855E+00	2.855E+00	2.855E+00	2.855E+00
2.250E+00	2.835E+00	1.496E-03	2.833E+00	2.836E+00	2.834E+00	2.835E+00	2.835E+00	2.835E+00
2.260E+00	2.814E+00	1.546E-03	2.813E+00	2.816E+00	2.814E+00	2.815E+00	2.814E+00	2.814E+00
2.270E+00	2.794E+00	1.595E-03	2.792E+00	2.796E+00	2.794E+00	2.794E+00	2.794E+00	2.794E+00
2.280E+00	2.774E+00	1.644E-03	2.772E+00	2.775E+00	2.774E+00	2.774E+00	2.774E+00	2.774E+00
2.290E+00	2.754E+00	1.693E-03	2.752E+00	2.755E+00	2.753E+00	2.754E+00	2.754E+00	2.754E+00
2.300E+00	2.734E+00	1.741E-03	2.732E+00	2.735E+00	2.733E+00	2.734E+00	2.734E+00	2.734E+00
2.310E+00	2.714E+00	1.790E-03	2.712E+00	2.716E+00	2.713E+00	2.714E+00	2.714E+00	2.714E+00
2.320E+00	2.694E+00	1.838E-03	2.692E+00	2.696E+00	2.694E+00	2.694E+00	2.694E+00	2.694E+00
2.330E+00	2.674E+00	1.886E-03	2.672E+00	2.676E+00	2.674E+00	2.674E+00	2.674E+00	2.674E+00
2.340E+00	2.654E+00	1.934E-03	2.653E+00	2.656E+00	2.654E+00	2.655E+00	2.654E+00	2.655E+00
2.350E+00	2.635E+00	1.982E-03	2.633E+00	2.637E+00	2.635E+00	2.635E+00	2.635E+00	2.635E+00
2.360E+00	2.615E+00	2.029E-03	2.613E+00	2.617E+00	2.615E+00	2.616E+00	2.615E+00	2.615E+00
2.370E+00	2.596E+00	2.076E-03	2.594E+00	2.598E+00	2.596E+00	2.596E+00	2.596E+00	2.596E+00
2.380E+00	2.577E+00	2.123E-03	2.575E+00	2.579E+00	2.576E+00	2.577E+00	2.576E+00	2.577E+00
2.390E+00	2.557E+00	2.170E-03	2.555E+00	2.560E+00	2.557E+00	2.558E+00	2.557E+00	2.558E+00
2.400E+00	2.538E+00	2.216E-03	2.536E+00	2.540E+00	2.538E+00	2.539E+00	2.538E+00	2.538E+00
2.410E+00	2.519E+00	2.262E-03	2.517E+00	2.521E+00	2.519E+00	2.519E+00	2.519E+00	2.519E+00
2.420E+00	2.500E+00	2.308E-03	2.498E+00	2.503E+00	2.500E+00	2.500E+00	2.500E+00	2.500E+00
2.430E+00	2.481E+00	2.354E-03	2.479E+00	2.484E+00	2.481E+00	2.482E+00	2.481E+00	2.481E+00
2.440E+00	2.463E+00	2.399E-03	2.460E+00	2.465E+00	2.462E+00	2.463E+00	2.462E+00	2.463E+00
2.450E+00	2.444E+00	2.444E-03	2.441E+00	2.446E+00	2.444E+00	2.444E+00	2.444E+00	2.444E+00
2.460E+00	2.425E+00	2.489E-03	2.423E+00	2.428E+00	2.425E+00	2.426E+00	2.425E+00	2.425E+00
2.470E+00	2.407E+00	2.534E-03	2.404E+00	2.409E+00	2.406E+00	2.407E+00	2.407E+00	2.407E+00
2.480E+00	2.388E+00	2.578E-03	2.386E+00	2.391E+00	2.388E+00	2.389E+00	2.388E+00	2.388E+00
2.490E+00	2.370E+00	2.622E-03	2.367E+00	2.373E+00	2.370E+00	2.370E+00	2.370E+00	2.370E+00
2.500E+00	2.352E+00	2.665E-03	2.349E+00	2.354E+00	2.351E+00	2.352E+00	2.352E+00	2.352E+00
2.510E+00	2.334E+00	2.709E-03	2.331E+00	2.336E+00	2.333E+00	2.334E+00	2.333E+00	2.334E+00
2.520E+00	2.316E+00	2.752E-03	2.313E+00	2.318E+00	2.315E+00	2.316E+00	2.315E+00	2.316E+00
2.530E+00	2.298E+00	2.794E-03	2.295E+00	2.300E+00	2.297E+00	2.298E+00	2.297E+00	2.298E+00
2.540E+00	2.280E+00	2.836E-03	2.277E+00	2.283E+00	2.279E+00	2.280E+00	2.280E+00	2.280E+00
2.550E+00	2.262E+00	2.878E-03	2.259E+00	2.265E+00	2.262E+00	2.262E+00	2.262E+00	2.262E+00
2.560E+00	2.244E+00	2.920E-03	2.241E+00	2.247E+00	2.244E+00	2.245E+00	2.244E+00	2.244E+00
2.570E+00	2.227E+00	2.961E-03	2.224E+00	2.230E+00	2.226E+00	2.227E+00	2.226E+00	2.227E+00
2.580E+00	2.209E+00	3.002E-03	2.206E+00	2.212E+00	2.209E+00	2.209E+00	2.209E+00	2.209E+00
2.590E+00	2.192E+00	3.042E-03	2.189E+00	2.195E+00	2.191E+00	2.192E+00	2.192E+00	2.192E+00
2.600E+00	2.174E+00	3.082E-03	2.171E+00	2.177E+00	2.174E+00	2.175E+00	2.174E+00	2.174E+00
2.610E+00	2.157E+00	3.122E-03	2.154E+00	2.160E+00	2.157E+00	2.157E+00	2.157E+00	2.157E+00
2.620E+00	2.140E+00	3.162E-03	2.137E+00	2.143E+00	2.140E+00	2.140E+00	2.140E+00	2.140E+00
2.630E+00	2.123E+00	3.201E-03	2.120E+00	2.126E+00	2.123E+00	2.123E+00	2.123E+00	2.123E+00
2.640E+00	2.106E+00	3.239E-03	2.103E+00	2.109E+00	2.106E+00	2.106E+00	2.106E+00	2.106E+00
2.650E+00	2.089E+00	3.277E-03	2.086E+00	2.092E+00	2.089E+00	2.089E+00	2.089E+00	2.089E+00
2.660E+00	2.072E+00	3.315E-03	2.069E+00	2.076E+00	2.072E+00	2.073E+00	2.072E+00	2.072E+00
2.670E+00	2.056E+00	3.353E-03	2.052E+00	2.059E+00	2.055E+00	2.056E+00	2.056E+00	2.056E+00
2.680E+00	2.039E+00	3.390E-03	2.036E+00	2.042E+00	2.039E+00	2.039E+00	2.039E+00	2.039E+00
2.690E+00	2.023E+00	3.426E-03	2.019E+00	2.026E+00	2.022E+00	2.023E+00	2.022E+00	2.023E+00
2.700E+00	2.006E+00	3.463E-03	2.003E+00	2.010E+00	2.006E+00	2.007E+00	2.006E+00	2.006E+00
2.710E+00	1.990E+00	3.498E-03	1.986E+00	1.993E+00	1.989E+00	1.990E+00	1.990E+00	1.990E+00
2.720E+00	1.974E+00	3.534E-03	1.970E+00	1.977E+00	1.973E+00	1.974E+00	1.973E+00	1.974E+00
2.730E+00	1.957E+00	3.569E-03	1.954E+00	1.961E+00	1.957E+00	1.958E+00	1.957E+00	1.958E+00
2.740E+00	1.941E+00	3.604E-03	1.938E+00	1.945E+00	1.941E+00	1.942E+00	1.941E+00	1.942E+00
2.750E+00	1.926E+00	3.638E-03	1.922E+00	1.929E+00	1.925E+00	1.926E+00	1.925E+00	1.926E+00
2.760E+00	1.910E+00	3.672E-03	1.906E+00	1.913E+00	1.909E+00	1.910E+00	1.910E+00	1.910E+00
2.770E+00	1.894E+00	3.705E-03	1.890E+00	1.898E+00	1.894E+00	1.894E+00	1.894E+00	1.894E+00
2.780E+00	1.878E+00	3.738E-03	1.875E+00	1.882E+00	1.878E+00	1.879E+00	1.878E+00	1.878E+00
2.790E+00	1.863E+00	3.771E-03	1.859E+00	1.866E+00	1.862E+00	1.863E+00	1.863E+00	1.863E+00
2.800E+00	1.847E+00	3.803E-03	1.843E+00	1.851E+00	1.847E+00	1.848E+00	1.847E+00	1.847E+00
2.810E+00	1.832E+00	3.834E-03	1.828E+00	1.836E+00	1.831E+00	1.832E+00	1.832E+00	1.832E+00
2.820E+00	1.816E+00	3.866E-03	1.813E+00	1.820E+00	1.816E+00	1.817E+00	1.816E+00	1.817E+00
2.830E+00	1.801E+00	3.896E-03	1.797E+00	1.805E+00	1.801E+00	1.802E+00	1.801E+00	1.801E+00
2.840E+00	1.786E+00	3.927E-03	1.782E+00	1.790E+00	1.786E+00	1.787E+00	1.786E+00	1.786E+00
2.850E+00	1.771E+00	3.957E-03	1.767E+00	1.775E+00	1.771E+00	1.772E+00	1.771E+00	1.771E+00
2.860E+00	1.756E+00	3.986E-03	1.752E+00	1.760E+00	1.756E+00	1.757E+00	1.756E+00	1.756E+00
2.870E+00	1.741E+00	4.015E-03	1.737E+00	1.745E+00	1.741E+00	1.742E+00	1.741E+00	1.741E+00
2.880E+00	1.727E+00	4.044E-03	1.723E+00	1.731E+00	1.726E+00	1.727E+00	1.726E+00	1.727E+00
2.890E+00	1.712E+00	4.072E-03	1.708E+00	1.716E+00	1.712E+00	1.712E+00	1.712E+00	1.712E+00
2.900E+00	1.697E+00	4.100E-03	1.693E+00	1.701E+00	1.697E+00	1.698E+00	1.697E+00	1.697E+00
2.910E+00	1.683E+00	4.127E-03	1.679E+00	1.687E+00	1.683E+00	1.683E+00	1.683E+00	1.683E+00
2.920E+00	1.668E+00	4.154E-03	1.664E+00	1.673E+00	1.668E+00	1.669E+00	1.668E+00	1.669E+00
2.930E+00	1.654E+00	4.181E-03	1.650E+00	1.658E+00	1.654E+00	1.655E+00	1.654E+00	1.654E+00
2.940E+00	1.640E+00	4.207E-03	1.636E+00	1.644E+00	1.640E+00	1.640E+00	1.640E+00	1.640E+00
2.950E+00	1.626E+00	4.232E-03	1.622E+00	1.630E+00	1.625E+00	1.626E+00	1.626E+00	1.626E+00
2.960E+00	1.612E+00	4.257E-03	1.608E+00	1.616E+00	1.611E+00	1.612E+00	1.612E+00	1.612E+00
2.970E+00	1.598E+00	4.282E-03	1.594E+00	1.602E+00	1.598E+00	1.598E+00	1.598E+00	1.598E+00
2.980E+00	1.584E+00	4.306E-03	1.580E+00	1.588E+00	1.584E+00	1.584E+00	1.584E+00	1.584E+00
2.990E+00	1.570E+00	4.330E-03	1.566E+00	1.575E+00	1.570E+00	1.571E+00	1.570E+00	1.570E+00
3.000E+00	1.557E+00	4.353E-03	1.552E+00	1.561E+00	1.556E+00	1.557E+00	1.556E+00	1.557E+00
