1.000E-02	7.495E+00	1.482E-02	7.509E+00	7.480E+00	7.497E+00	7.492E+00	7.495E+00	7.495E+00
2.000E-02	7.494E+00	1.476E-02	7.509E+00	7.479E+00	7.497E+00	7.491E+00	7.494E+00	7.494E+00
3.000E-02	7.493E+00	1.469E-02	7.507E+00	7.478E+00	7.495E+00	7.490E+00	7.493E+00	7.493E+00
4.000E-02	7.491E+00	1.459E-02	7.506E+00	7.477E+00	7.494E+00	7.489E+00	7.491E+00	7.491E+00
5.000E-02	7.490E+00	1.449E-02	7.504E+00	7.475E+00	7.492E+00	7.487E+00	7.490E+00	7.490E+00
6.000E-02	7.487E+00	1.437E-02	7.501E+00	7.473E+00	7.490E+00	7.485E+00	7.487E+00	7.487E+00
7.000E-02	7.485E+00	1.424E-02	7.499E+00	7.471E+00	7.488E+00	7.482E+00	7.485E+00	7.485E+00
8.000E-02	7.482E+00	1.410E-02	7.496E+00	7.468E+00	7.485E+00	7.480E+00	7.482E+00	7.482E+00
9.000E-02	7.479E+00	1.396E-02	7.493E+00	7.465E+00	7.482E+00	7.477E+00	7.479E+00	7.479E+00
1.000E-01	7.476E+00	1.380E-02	7.489E+00	7.462E+00	7.478E+00	7.473E+00	7.476E+00	7.476E+00
1.100E-01	7.472E+00	1.364E-02	7.486E+00	7.459E+00	7.475E+00	7.470E+00	7.472E+00	7.472E+00
1.200E-01	7.468E+00	1.348E-02	7.482E+00	7.455E+00	7.471E+00	7.466E+00	7.468E+00	7.468E+00
1.300E-01	7.464E+00	1.330E-02	7.477E+00	7.451E+00	7.467E+00	7.462E+00	7.464E+00	7.464E+00
1.400E-01	7.460E+00	1.313E-02	7.473E+00	7.447E+00	7.462E+00	7.457E+00	7.460E+00	7.460E+00
1.500E-01	7.455E+00	1.295E-02	7.468E+00	7.443E+00	7.458E+00	7.453E+00	7.455E+00	7.455E+00
1.600E-01	7.450E+00	1.276E-02	7.463E+00	7.438E+00	7.453E+00	7.448E+00	7.450E+00	7.450E+00
1.700E-01	7.445E+00	1.257E-02	7.458E+00	7.433E+00	7.448E+00	7.443E+00	7.445E+00	7.445E+00
1.800E-01	7.440E+00	1.237E-02	7.452E+00	7.428E+00	7.443E+00	7.437E+00	7.440E+00	7.440E+00
1.900E-01	7.434E+00	1.218E-02	7.446E+00	7.422E+00	7.437E+00	7.432E+00	7.434E+00	7.434E+00
2.000E-01	7.429E+00	1.197E-02	7.440E+00	7.417E+00	7.431E+00	7.426E+00	7.429E+00	7.429E+00
2.100E-01	7.423E+00	1.177E-02	7.434E+00	7.411E+00	7.425E+00	7.420E+00	7.423E+00	7.423E+00
2.200E-01	7.416E+00	1.156E-02	7.427E+00	7.405E+00	7.419E+00	7.414E+00	7.416E+00	7.416E+00
2.300E-01	7.410E+00	1.135E-02	7.421E+00	7.399E+00	7.412E+00	7.407E+00	7.410E+00	7.410E+00
2.400E-01	7.403E+00	1.114E-02	7.414E+00	7.392E+00	7.406E+00	7.401E+00	7.403E+00	7.403E+00
2.500E-01	7.396E+00	1.093E-02	7.407E+00	7.385E+00	7.399E+00	7.394E+00	7.396E+00	7.396E+00
2.600E-01	7.389E+00	1.071E-02	7.399E+00	7.378E+00	7.392E+00	7.386E+00	7.389E+00	7.389E+00
2.700E-01	7.382E+00	1.050E-02	7.392E+00	7.371E+00	7.384E+00	7.379E+00	7.382E+00	7.382E+00
2.800E-01	7.374E+00	1.028E-02	7.384E+00	7.364E+00	7.377E+00	7.372E+00	7.374E+00	7.374E+00
2.900E-01	7.366E+00	1.006E-02	7.376E+00	7.356E+00	7.369E+00	7.364E+00	7.366E+00	7.366E+00
3.000E-01	7.358E+00	9.835E-03	7.368E+00	7.349E+00	7.361E+00	7.356E+00	7.358E+00	7.358E+00
3.100E-01	7.350E+00	9.613E-03	7.359E+00	7.341E+00	7.353E+00	7.348E+00	7.350E+00	7.350E+00
3.200E-01	7.342E+00	9.390E-03	7.351E+00	7.333E+00	7.344E+00	7.339E+00	7.342E+00	7.342E+00
3.300E-01	7.333E+00	9.167E-03	7.342E+00	7.324E+00	7.336E+00	7.331E+00	7.333E+00	7.333E+00
3.400E-01	7.324E+00	8.943E-03	7.333E+00	7.316E+00	7.327E+00	7.322E+00	7.324E+00	7.324E+00
3.500E-01	7.315E+00	8.718E-03	7.324E+00	7.307E+00	7.318E+00	7.313E+00	7.315E+00	7.315E+00
3.600E-01	7.306E+00	8.494E-03	7.314E+00	7.298E+00	7.309E+00	7.304E+00	7.306E+00	7.306E+00
3.700E-01	7.297E+00	8.269E-03	7.305E+00	7.289E+00	7.299E+00	7.294E+00	7.297E+00	7.297E+00
3.800E-01	7.287E+00	8.045E-03	7.295E+00	7.279E+00	7.290E+00	7.285E+00	7.287E+00	7.287E+00
3.900E-01	7.277E+00	7.820E-03	7.285E+00	7.270E+00	7.280E+00	7.275E+00	7.277E+00	7.277E+00
4.000E-01	7.268E+00	7.597E-03	7.275E+00	7.260E+00	7.270E+00	7.265E+00	7.267E+00	7.268E+00
4.100E-01	7.257E+00	7.373E-03	7.264E+00	7.250E+00	7.260E+00	7.255E+00	7.257E+00	7.257E+00
4.200E-01	7.247E+00	7.151E-03	7.254E+00	7.240E+00	7.249E+00	7.245E+00	7.247E+00	7.247E+00
4.300E-01	7.237E+00	6.929E-03	7.243E+00	7.230E+00	7.239E+00	7.234E+00	7.237E+00	7.237E+00
4.400E-01	7.226E+00	6.708E-03	7.232E+00	7.220E+00	7.228E+00	7.224E+00	7.226E+00	7.226E+00
4.500E-01	7.215E+00	6.488E-03	7.221E+00	7.209E+00	7.217E+00	7.213E+00	7.215E+00	7.215E+00
4.600E-01	7.204E+00	6.270E-03	7.210E+00	7.198E+00	7.206E+00	7.202E+00	7.204E+00	7.204E+00
4.700E-01	7.193E+00	6.053E-03	7.198E+00	7.187E+00	7.195E+00	7.191E+00	7.193E+00	7.193E+00
4.800E-01	7.182E+00	5.838E-03	7.187E+00	7.176E+00	7.184E+00	7.179E+00	7.181E+00	7.182E+00
4.900E-01	7.170E+00	5.624E-03	7.175E+00	7.165E+00	7.172E+00	7.168E+00	7.170E+00	7.170E+00
5.000E-01	7.158E+00	5.413E-03	7.163E+00	7.153E+00	7.161E+00	7.156E+00	7.158E+00	7.158E+00
5.100E-01	7.146E+00	5.203E-03	7.151E+00	7.142E+00	7.149E+00	7.144E+00	7.146E+00	7.146E+00
5.200E-01	7.134E+00	4.996E-03	7.139E+00	7.130E+00	7.137E+00	7.132E+00	7.134E+00	7.134E+00
5.300E-01	7.122E+00	4.792E-03	7.126E+00	7.118E+00	7.125E+00	7.120E+00	7.122E+00	7.122E+00
5.400E-01	7.110E+00	4.591E-03	7.114E+00	7.106E+00	7.112E+00	7.108E+00	7.110E+00	7.110E+00
5.500E-01	7.097E+00	4.393E-03	7.101E+00	7.093E+00	7.100E+00	7.095E+00	7.097E+00	7.097E+00
5.600E-01	7.085E+00	4.198E-03	7.088E+00	7.081E+00	7.087E+00	7.082E+00	7.085E+00	7.085E+00
5.700E-01	7.072E+00	4.008E-03	7.075E+00	7.068E+00	7.074E+00	7.070E+00	7.072E+00	7.072E+00
5.800E-01	7.059E+00	3.821E-03	7.062E+00	7.056E+00	7.061E+00	7.057E+00	7.059E+00	7.059E+00
5.900E-01	7.046E+00	3.640E-03	7.048E+00	7.043E+00	7.048E+00	7.043E+00	7.046E+00	7.046E+00
6.000E-01	7.032E+00	3.464E-03	7.035E+00	7.030E+00	7.035E+00	7.030E+00	7.032E+00	7.032E+00
6.100E-01	7.019E+00	3.294E-03	7.021E+00	7.016E+00	7.021E+00	7.017E+00	7.019E+00	7.019E+00
6.200E-01	7.005E+00	3.130E-03	7.008E+00	7.003E+00	7.008E+00	7.003E+00	7.005E+00	7.005E+00
6.300E-01	6.992E+00	2.974E-03	6.994E+00	6.990E+00	6.994E+00	6.989E+00	6.992E+00	6.992E+00
6.400E-01	6.978E+00	2.826E-03	6.979E+00	6.976E+00	6.980E+00	6.976E+00	6.978E+00	6.978E+00
6.500E-01	6.964E+00	2.688E-03	6.965E+00	6.962E+00	6.966E+00	6.962E+00	6.964E+00	6.964E+00
6.600E-01	6.950E+00	2.560E-03	6.951E+00	6.948E+00	6.952E+00	6.947E+00	6.949E+00	6.950E+00
6.700E-01	6.935E+00	2.444E-03	6.936E+00	6.934E+00	6.937E+00	6.933E+00	6.935E+00	6.935E+00
6.800E-01	6.921E+00	2.342E-03	6.922E+00	6.920E+00	6.923E+00	6.919E+00	6.921E+00	6.921E+00
6.900E-01	6.906E+00	2.253E-03	6.907E+00	6.905E+00	6.908E+00	6.904E+00	6.906E+00	6.906E+00
7.000E-01	6.891E+00	2.180E-03	6.892E+00	6.891E+00	6.894E+00	6.889E+00	6.891E+00	6.892E+00
7.100E-01	6.877E+00	2.124E-03	6.877E+00	6.876E+00	6.879E+00	6.874E+00	6.877E+00	6.877E+00
7.200E-01	6.862E+00	2.085E-03	6.862E+00	6.861E+00	6.864E+00	6.860E+00	6.862E+00	6.862E+00
7.300E-01	6.846E+00	2.064E-03	6.846E+00	6.846E+00	6.849E+00	6.844E+00	6.846E+00	6.847E+00
7.400E-01	6.831E+00	2.061E-03	6.831E+00	6.831E+00	6.833E+00	6.829E+00	6.831E+00	6.831E+00
7.500E-01	6.816E+00	2.076E-03	6.815E+00	6.816E+00	6.818E+00	6.814E+00	6.816E+00	6.816E+00
7.600E-01	6.800E+00	2.106E-03	6.800E+00	6.801E+00	6.802E+00	6.798E+00	6.800E+00	6.800E+00
7.700E-01	6.785E+00	2.152E-03	6.784E+00	6.785E+00	6.787E+00	6.783E+00	6.785E+00	6.785E+00
7.800E-01	6.769E+00	2.212E-03	6.768E+00	6.770E+00	6.771E+00	6.767E+00	6.769E+00	6.769E+00
7.900E-01	6.753E+00	2.284E-03	6.752E+00	6.754E+00	6.755E+00	6.751E+00	6.753E+00	6.753E+00
8.000E-01	6.737E+00	2.366E-03	6.736E+00	6.738E+00	6.739E+00	6.735E+00	6.737E+00	6.737E+00
8.100E-01	6.721E+00	2.457E-03	6.719E+00	6.722E+00	6.723E+00	6.719E+00	6.721E+00	6.721E+00
8.200E-01	6.705E+00	2.555E-03	6.703E+00	6.706E+00	6.707E+00	6.703E+00	6.704E+00	6.705E+00
8.300E-01	6.688E+00	2.660E-03	6.686E+00	6.690E+00	6.690E+00	6.686E+00	6.688E+00	6.688E+00
8.400E-01	6.672E+00	2.770E-03	6.670E+00	6.674E+00	6.674E+00	6.670E+00	6.672E+00	6.672E+00
8.500E-01	6.655E+00	2.883E-03	6.653E+00	6.657E+00	6.657E+00	6.653E+00	6.655E+00	6.655E+00
8.600E-01	6.638E+00	3.000E-03	6.636E+00	6.641E+00	6.640E+00	6.637E+00	6.638E+00	6.638E+00
8.700E-01	6.622E+00	3.119E-03	6.619E+00	6.624E+00	6.623E+00	6.620E+00	6.621E+00	6.622E+00
8.800E-01	6.605E+00	3.240E-03	6.602E+00	6.607E+00	6.606E+00	6.603E+00	6.605E+00	6.605E+00
8.900E-01	6.588E+00	3.362E-03	6.585E+00	6.590E+00	6.589E+00	6.586E+00	6.587E+00	6.588E+00
9.000E-01	6.570E+00	3.484E-03	6.567E+00	6.573E+00	6.572E+00	6.569E+00	6.570E+00	6.571E+00
9.100E-01	6.553E+00	3.607E-03	6.550E+00	6.556E+00	6.555E+00	6.551E+00	6.553E+00	6.553E+00
9.200E-01	6.536E+00	3.730E-03	6.533E+00	6.539E+00	6.538E+00	6.534E+00	6.536E+00	6.536E+00
9.300E-01	6.518E+00	3.853E-03	6.515E+00	6.522E+00	6.520E+00	6.517E+00	6.518E+00	6.518E+00
9.400E-01	6.501E+00	3.975E-03	6.497E+00	6.504E+00	6.503E+00	6.499E+00	6.501E+00	6.501E+00
9.500E-01	6.483E+00	4.096E-03	6.479E+00	6.487E+00	6.485E+00	6.481E+00	6.483E+00	6.483E+00
9.600E-01	6.465E+00	4.216E-03	6.461E+00	6.469E+00	6.467E+00	6.464E+00	6.465E+00	6.465E+00
9.700E-01	6.447E+00	4.335E-03	6.443E+00	6.451E+00	6.449E+00	6.446E+00	6.447E+00	6.448E+00
9.800E-01	6.430E+00	4.453E-03	6.425E+00	6.434E+00	6.431E+00	6.428E+00	6.429E+00	6.430E+00
9.900E-01	6.411E+00	4.569E-03	6.407E+00	6.416E+00	6.413E+00	6.410E+00	6.411E+00	6.412E+00
1.000E+00	6.393E+00	4.683E-03	6.389E+00	6.398E+00	6.395E+00	6.392E+00	6.393E+00	6.393E+00
1.010E+00	6.375E+00	4.796E-03	6.371E+00	6.380E+00	6.377E+00	6.373E+00	6.375E+00	6.375E+00
1.020E+00	6.357E+00	4.907E-03	6.352E+00	6.361E+00	6.358E+00	6.355E+00	6.357E+00	6.357E+00
1.030E+00	6.338E+00	5.016E-03	6.334E+00	6.343E+00	6.340E+00	6.337E+00	6.338E+00	6.338E+00
1.040E+00	6.320E+00	5.123E-03	6.315E+00	6.325E+00	6.321E+00	6.318E+00	6.320E+00	6.320E+00
1.050E+00	6.301E+00	5.228E-03	6.296E+00	6.306E+00	6.303E+00	6.300E+00	6.301E+00	6.301E+00
1.060E+00	6.283E+00	5.331E-03	6.277E+00	6.288E+00	6.284E+00	6.281E+00	6.282E+00	6.283E+00
1.070E+00	6.264E+00	5.432E-03	6.259E+00	6.269E+00	6.265E+00	6.262E+00	6.264E+00	6.264E+00
1.080E+00	6.245E+00	5.530E-03	6.240E+00	6.250E+00	6.246E+00	6.243E+00	6.245E+00	6.245E+00
1.090E+00	6.226E+00	5.627E-03	6.221E+00	6.231E+00	6.228E+00	6.224E+00	6.226E+00	6.226E+00
1.100E+00	6.207E+00	5.721E-03	6.201E+00	6.213E+00	6.208E+00	6.205E+00	6.207E+00	6.207E+00
1.110E+00	6.188E+00	5.813E-03	6.182E+00	6.194E+00	6.189E+00	6.186E+00	6.188E+00	6.188E+00
1.120E+00	6.169E+00	5.902E-03	6.163E+00	6.174E+00	6.170E+00	6.167E+00	6.169E+00	6.169E+00
1.130E+00	6.149E+00	5.989E-03	6.144E+00	6.155E+00	6.151E+00	6.148E+00	6.149E+00	6.150E+00
1.140E+00	6.130E+00	6.074E-03	6.124E+00	6.136E+00	6.132E+00	6.129E+00	6.130E+00	6.130E+00
1.150E+00	6.111E+00	6.156E-03	6.105E+00	6.117E+00	6.112E+00	6.109E+00	6.111E+00	6.111E+00
1.160E+00	6.091E+00	6.236E-03	6.085E+00	6.097E+00	6.093E+00	6.090E+00	6.091E+00	6.091E+00
1.170E+00	6.072E+00	6.314E-03	6.066E+00	6.078E+00	6.073E+00	6.070E+00	6.072E+00	6.072E+00
1.180E+00	6.052E+00	6.389E-03	6.046E+00	6.058E+00	6.054E+00	6.051E+00	6.052E+00	6.052E+00
1.190E+00	6.033E+00	6.461E-03	6.026E+00	6.039E+00	6.034E+00	6.031E+00	6.032E+00	6.033E+00
1.200E+00	6.013E+00	6.531E-03	6.006E+00	6.019E+00	6.014E+00	6.011E+00	6.013E+00	6.013E+00
1.210E+00	5.993E+00	6.599E-03	5.987E+00	6.000E+00	5.994E+00	5.992E+00	5.993E+00	5.993E+00
1.220E+00	5.973E+00	6.664E-03	5.967E+00	5.980E+00	5.974E+00	5.972E+00	5.973E+00	5.973E+00
1.230E+00	5.953E+00	6.727E-03	5.947E+00	5.960E+00	5.955E+00	5.952E+00	5.953E+00	5.953E+00
1.240E+00	5.933E+00	6.787E-03	5.927E+00	5.940E+00	5.935E+00	5.932E+00	5.933E+00	5.933E+00
1.250E+00	5.913E+00	6.844E-03	5.907E+00	5.920E+00	5.914E+00	5.912E+00	5.913E+00	5.913E+00
1.260E+00	5.893E+00	6.900E-03	5.886E+00	5.900E+00	5.894E+00	5.892E+00	5.893E+00	5.893E+00
1.270E+00	5.873E+00	6.952E-03	5.866E+00	5.880E+00	5.874E+00	5.872E+00	5.873E+00	5.873E+00
1.280E+00	5.853E+00	7.002E-03	5.846E+00	5.860E+00	5.854E+00	5.852E+00	5.853E+00	5.853E+00
1.290E+00	5.832E+00	7.050E-03	5.826E+00	5.839E+00	5.834E+00	5.831E+00	5.832E+00	5.833E+00
1.300E+00	5.812E+00	7.095E-03	5.805E+00	5.819E+00	5.813E+00	5.811E+00	5.812E+00	5.812E+00
1.310E+00	5.792E+00	7.138E-03	5.785E+00	5.799E+00	5.793E+00	5.791E+00	5.792E+00	5.792E+00
1.320E+00	5.771E+00	7.178E-03	5.764E+00	5.778E+00	5.772E+00	5.770E+00	5.771E+00	5.771E+00
1.330E+00	5.751E+00	7.215E-03	5.744E+00	5.758E+00	5.752E+00	5.750E+00	5.751E+00	5.751E+00
1.340E+00	5.730E+00	7.251E-03	5.723E+00	5.738E+00	5.731E+00	5.729E+00	5.730E+00	5.730E+00
1.350E+00	5.710E+00	7.283E-03	5.703E+00	5.717E+00	5.711E+00	5.709E+00	5.710E+00	5.710E+00
1.360E+00	5.689E+00	7.313E-03	5.682E+00	5.696E+00	5.690E+00	5.688E+00	5.689E+00	5.689E+00
1.370E+00	5.668E+00	7.341E-03	5.661E+00	5.676E+00	5.670E+00	5.667E+00	5.668E+00	5.669E+00
1.380E+00	5.648E+00	7.367E-03	5.641E+00	5.655E+00	5.649E+00	5.647E+00	5.648E+00	5.648E+00
1.390E+00	5.627E+00	7.389E-03	5.620E+00	5.634E+00	5.628E+00	5.626E+00	5.627E+00	5.627E+00
1.400E+00	5.606E+00	7.410E-03	5.599E+00	5.614E+00	5.607E+00	5.605E+00	5.606E+00	5.606E+00
1.410E+00	5.585E+00	7.428E-03	5.578E+00	5.593E+00	5.586E+00	5.584E+00	5.585E+00	5.586E+00
1.420E+00	5.564E+00	7.443E-03	5.557E+00	5.572E+00	5.565E+00	5.564E+00	5.564E+00	5.565E+00
1.430E+00	5.544E+00	7.457E-03	5.536E+00	5.551E+00	5.545E+00	5.543E+00	5.543E+00	5.544E+00
1.440E+00	5.523E+00	7.467E-03	5.515E+00	5.530E+00	5.524E+00	5.522E+00	5.522E+00	5.523E+00
1.450E+00	5.502E+00	7.476E-03	5.494E+00	5.509E+00	5.503E+00	5.501E+00	5.501E+00	5.502E+00
1.460E+00	5.481E+00	7.482E-03	5.473E+00	5.488E+00	5.482E+00	5.480E+00	5.480E+00	5.481E+00
1.470E+00	5.460E+00	7.485E-03	5.452E+00	5.467E+00	5.460E+00	5.459E+00	5.459E+00	5.460E+00
1.480E+00	5.438E+00	7.487E-03	5.431E+00	5.446E+00	5.439E+00	5.438E+00	5.438E+00	5.439E+00
1.490E+00	5.417E+00	7.486E-03	5.410E+00	5.425E+00	5.418E+00	5.417E+00	5.417E+00	5.418E+00
1.500E+00	5.396E+00	7.483E-03	5.389E+00	5.404E+00	5.397E+00	5.395E+00	5.396E+00	5.396E+00
1.510E+00	5.375E+00	7.477E-03	5.368E+00	5.383E+00	5.376E+00	5.374E+00	5.375E+00	5.375E+00
1.520E+00	5.354E+00	7.469E-03	5.347E+00	5.361E+00	5.355E+00	5.353E+00	5.354E+00	5.354E+00
1.530E+00	5.333E+00	7.459E-03	5.325E+00	5.340E+00	5.333E+00	5.332E+00	5.332E+00	5.333E+00
1.540E+00	5.311E+00	7.447E-03	5.304E+00	5.319E+00	5.312E+00	5.311E+00	5.311E+00	5.312E+00
1.550E+00	5.290E+00	7.432E-03	5.283E+00	5.298E+00	5.291E+00	5.289E+00	5.290E+00	5.290E+00
1.560E+00	5.269E+00	7.415E-03	5.262E+00	5.276E+00	5.270E+00	5.268E+00	5.269E+00	5.269E+00
1.570E+00	5.248E+00	7.396E-03	5.240E+00	5.255E+00	5.248E+00	5.247E+00	5.247E+00	5.248E+00
1.580E+00	5.226E+00	7.375E-03	5.219E+00	5.234E+00	5.227E+00	5.225E+00	5.226E+00	5.226E+00
1.590E+00	5.205E+00	7.352E-03	5.198E+00	5.212E+00	5.206E+00	5.204E+00	5.205E+00	5.205E+00
1.600E+00	5.183E+00	7.326E-03	5.176E+00	5.191E+00	5.184E+00	5.183E+00	5.183E+00	5.184E+00
1.610E+00	5.162E+00	7.299E-03	5.155E+00	5.169E+00	5.163E+00	5.161E+00	5.162E+00	5.162E+00
1.620E+00	5.141E+00	7.269E-03	5.134E+00	5.148E+00	5.141E+00	5.140E+00	5.140E+00	5.141E+00
1.630E+00	5.119E+00	7.237E-03	5.112E+00	5.127E+00	5.120E+00	5.119E+00	5.119E+00	5.119E+00
1.640E+00	5.098E+00	7.203E-03	5.091E+00	5.105E+00	5.098E+00	5.097E+00	5.098E+00	5.098E+00
1.650E+00	5.076E+00	7.167E-03	5.069E+00	5.084E+00	5.077E+00	5.076E+00	5.076E+00	5.076E+00
1.660E+00	5.055E+00	7.129E-03	5.048E+00	5.062E+00	5.055E+00	5.054E+00	5.055E+00	5.055E+00
1.670E+00	5.033E+00	7.089E-03	5.027E+00	5.041E+00	5.034E+00	5.033E+00	5.033E+00	5.034E+00
1.680E+00	5.012E+00	7.047E-03	5.005E+00	5.019E+00	5.012E+00	5.011E+00	5.012E+00	5.012E+00
1.690E+00	4.990E+00	7.004E-03	4.984E+00	4.998E+00	4.991E+00	4.990E+00	4.990E+00	4.991E+00
1.700E+00	4.969E+00	6.958E-03	4.962E+00	4.976E+00	4.969E+00	4.968E+00	4.969E+00	4.969E+00
1.710E+00	4.947E+00	6.910E-03	4.941E+00	4.954E+00	4.948E+00	4.947E+00	4.947E+00	4.948E+00
1.720E+00	4.926E+00	6.860E-03	4.919E+00	4.933E+00	4.926E+00	4.925E+00	4.926E+00	4.926E+00
1.730E+00	4.904E+00	6.809E-03	4.898E+00	4.911E+00	4.905E+00	4.904E+00	4.904E+00	4.905E+00
1.740E+00	4.883E+00	6.755E-03	4.876E+00	4.890E+00	4.883E+00	4.882E+00	4.883E+00	4.883E+00
1.750E+00	4.861E+00	6.700E-03	4.855E+00	4.868E+00	4.862E+00	4.861E+00	4.861E+00	4.861E+00
1.760E+00	4.840E+00	6.643E-03	4.833E+00	4.847E+00	4.840E+00	4.839E+00	4.840E+00	4.840E+00
1.770E+00	4.818E+00	6.584E-03	4.812E+00	4.825E+00	4.819E+00	4.818E+00	4.818E+00	4.818E+00
1.780E+00	4.797E+00	6.524E-03	4.790E+00	4.803E+00	4.797E+00	4.796E+00	4.796E+00	4.797E+00
1.790E+00	4.775E+00	6.461E-03	4.769E+00	4.782E+00	4.776E+00	4.775E+00	4.775E+00	4.775E+00
1.800E+00	4.754E+00	6.397E-03	4.747E+00	4.760E+00	4.754E+00	4.753E+00	4.753E+00	4.754E+00
1.810E+00	4.732E+00	6.331E-03	4.726E+00	4.739E+00	4.732E+00	4.732E+00	4.732E+00	4.732E+00
1.820E+00	4.711E+00	6.264E-03	4.705E+00	4.717E+00	4.711E+00	4.710E+00	4.710E+00	4.711E+00
1.830E+00	4.689E+00	6.195E-03	4.683E+00	4.696E+00	4.689E+00	4.689E+00	4.689E+00	4.689E+00
1.840E+00	4.668E+00	6.124E-03	4.662E+00	4.674E+00	4.668E+00	4.667E+00	4.667E+00	4.668E+00
1.850E+00	4.646E+00	6.052E-03	4.640E+00	4.652E+00	4.646E+00	4.646E+00	4.646E+00	4.646E+00
1.860E+00	4.625E+00	5.978E-03	4.619E+00	4.631E+00	4.625E+00	4.624E+00	4.624E+00	4.625E+00
1.870E+00	4.603E+00	5.902E-03	4.597E+00	4.609E+00	4.603E+00	4.603E+00	4.603E+00	4.603E+00
1.880E+00	4.582E+00	5.825E-03	4.576E+00	4.588E+00	4.582E+00	4.581E+00	4.581E+00	4.582E+00
1.890E+00	4.560E+00	5.747E-03	4.555E+00	4.566E+00	4.560E+00	4.560E+00	4.560E+00	4.560E+00
1.900E+00	4.539E+00	5.667E-03	4.533E+00	4.545E+00	4.539E+00	4.538E+00	4.538E+00	4.539E+00
1.910E+00	4.517E+00	5.585E-03	4.512E+00	4.523E+00	4.517E+00	4.517E+00	4.517E+00	4.517E+00
1.920E+00	4.496E+00	5.502E-03	4.491E+00	4.502E+00	4.496E+00	4.496E+00	4.496E+00	4.496E+00
1.930E+00	4.474E+00	5.418E-03	4.469E+00	4.480E+00	4.475E+00	4.474E+00	4.474E+00	4.475E+00
1.940E+00	4.453E+00	5.332E-03	4.448E+00	4.459E+00	4.453E+00	4.453E+00	4.453E+00	4.453E+00
1.950E+00	4.432E+00	5.245E-03	4.427E+00	4.437E+00	4.432E+00	4.431E+00	4.431E+00	4.432E+00
1.960E+00	4.410E+00	5.157E-03	4.405E+00	4.416E+00	4.410E+00	4.410E+00	4.410E+00	4.410E+00
1.970E+00	4.389E+00	5.067E-03	4.384E+00	4.394E+00	4.389E+00	4.389E+00	4.389E+00	4.389E+00
1.980E+00	4.368E+00	4.976E-03	4.363E+00	4.373E+00	4.368E+00	4.367E+00	4.367E+00	4.368E+00
1.990E+00	4.346E+00	4.884E-03	4.342E+00	4.351E+00	4.346E+00	4.346E+00	4.346E+00	4.346E+00
2.000E+00	4.325E+00	4.790E-03	4.320E+00	4.330E+00	4.325E+00	4.325E+00	4.325E+00	4.325E+00
2.010E+00	4.304E+00	4.695E-03	4.299E+00	4.309E+00	4.304E+00	4.304E+00	4.303E+00	4.304E+00
2.020E+00	4.282E+00	4.599E-03	4.278E+00	4.287E+00	4.282E+00	4.282E+00	4.282E+00	4.283E+00
2.030E+00	4.261E+00	4.502E-03	4.257E+00	4.266E+00	4.261E+00	4.261E+00	4.261E+00	4.261E+00
2.040E+00	4.240E+00	4.404E-03	4.236E+00	4.245E+00	4.240E+00	4.240E+00	4.240E+00	4.240E+00
2.050E+00	4.219E+00	4.305E-03	4.215E+00	4.223E+00	4.219E+00	4.219E+00	4.219E+00	4.219E+00
2.060E+00	4.198E+00	4.205E-03	4.194E+00	4.202E+00	4.198E+00	4.198E+00	4.197E+00	4.198E+00
2.070E+00	4.177E+00	4.103E-03	4.173E+00	4.181E+00	4.176E+00	4.177E+00	4.176E+00	4.177E+00
2.080E+00	4.155E+00	4.001E-03	4.152E+00	4.160E+00	4.155E+00	4.155E+00	4.155E+00	4.156E+00
2.090E+00	4.134E+00	3.897E-03	4.131E+00	4.139E+00	4.134E+00	4.134E+00	4.134E+00	4.135E+00
2.100E+00	4.113E+00	3.793E-03	4.110E+00	4.117E+00	4.113E+00	4.113E+00	4.113E+00	4.114E+00
2.110E+00	4.092E+00	3.688E-03	4.089E+00	4.096E+00	4.092E+00	4.092E+00	4.092E+00	4.093E+00
2.120E+00	4.071E+00	3.581E-03	4.068E+00	4.075E+00	4.071E+00	4.071E+00	4.071E+00	4.072E+00
2.130E+00	4.050E+00	3.474E-03	4.047E+00	4.054E+00	4.050E+00	4.050E+00	4.050E+00	4.051E+00
2.140E+00	4.029E+00	3.366E-03	4.026E+00	4.033E+00	4.029E+00	4.030E+00	4.029E+00	4.030E+00
2.150E+00	4.008E+00	3.258E-03	4.006E+00	4.012E+00	4.008E+00	4.009E+00	4.008E+00	4.009E+00
2.160E+00	3.988E+00	3.148E-03	3.985E+00	3.991E+00	3.987E+00	3.988E+00	3.987E+00	3.988E+00
2.170E+00	3.967E+00	3.038E-03	3.964E+00	3.970E+00	3.967E+00	3.967E+00	3.967E+00	3.967E+00
2.180E+00	3.946E+00	2.927E-03	3.943E+00	3.949E+00	3.946E+00	3.946E+00	3.946E+00	3.946E+00
2.190E+00	3.925E+00	2.816E-03	3.923E+00	3.928E+00	3.925E+00	3.925E+00	3.925E+00	3.925E+00
2.200E+00	3.904E+00	2.703E-03	3.902E+00	3.907E+00	3.904E+00	3.905E+00	3.904E+00	3.905E+00
2.210E+00	3.884E+00	2.591E-03	3.882E+00	3.887E+00	3.884E+00	3.884E+00	3.884E+00	3.884E+00
2.220E+00	3.863E+00	2.477E-03	3.861E+00	3.866E+00	3.863E+00	3.863E+00	3.863E+00	3.863E+00
2.230E+00	3.842E+00	2.364E-03	3.840E+00	3.845E+00	3.842E+00	3.843E+00	3.842E+00	3.843E+00
2.240E+00	3.822E+00	2.250E-03	3.820E+00	3.824E+00	3.822E+00	3.822E+00	3.822E+00	3.822E+00
2.250E+00	3.801E+00	2.135E-03	3.800E+00	3.804E+00	3.801E+00	3.802E+00	3.801E+00	3.802E+00
2.260E+00	3.781E+00	2.021E-03	3.779E+00	3.783E+00	3.781E+00	3.781E+00	3.781E+00	3.781E+00
2.270E+00	3.760E+00	1.906E-03	3.759E+00	3.763E+00	3.760E+00	3.761E+00	3.760E+00	3.761E+00
2.280E+00	3.740E+00	1.792E-03	3.739E+00	3.742E+00	3.740E+00	3.740E+00	3.740E+00	3.740E+00
2.290E+00	3.720E+00	1.677E-03	3.718E+00	3.721E+00	3.719E+00	3.720E+00	3.719E+00	3.720E+00
2.300E+00	3.699E+00	1.563E-03	3.698E+00	3.701E+00	3.699E+00	3.700E+00	3.699E+00	3.699E+00
2.310E+00	3.679E+00	1.449E-03	3.678E+00	3.681E+00	3.679E+00	3.679E+00	3.679E+00	3.679E+00
2.320E+00	3.659E+00	1.337E-03	3.658E+00	3.660E+00	3.658E+00	3.659E+00	3.658E+00	3.659E+00
2.330E+00	3.638E+00	1.225E-03	3.638E+00	3.640E+00	3.638E+00	3.639E+00	3.638E+00	3.639E+00
2.340E+00	3.618E+00	1.116E-03	3.618E+00	3.620E+00	3.618E+00	3.619E+00	3.618E+00	3.618E+00
2.350E+00	3.598E+00	1.009E-03	3.598E+00	3.599E+00	3.598E+00	3.598E+00	3.598E+00	3.598E+00
2.360E+00	3.578E+00	9.063E-04	3.578E+00	3.579E+00	3.578E+00	3.578E+00	3.578E+00	3.578E+00
2.370E+00	3.558E+00	8.090E-04	3.558E+00	3.559E+00	3.558E+00	3.558E+00	3.558E+00	3.558E+00
2.380E+00	3.538E+00	7.198E-04	3.538E+00	3.539E+00	3.538E+00	3.538E+00	3.538E+00	3.538E+00
2.390E+00	3.518E+00	6.421E-04	3.518E+00	3.519E+00	3.518E+00	3.518E+00	3.518E+00	3.518E+00
2.400E+00	3.498E+00	5.810E-04	3.498E+00	3.499E+00	3.498E+00	3.499E+00	3.498E+00	3.498E+00
2.410E+00	3.478E+00	5.423E-04	3.478E+00	3.479E+00	3.478E+00	3.479E+00	3.478E+00	3.478E+00
2.420E+00	3.458E+00	5.312E-04	3.459E+00	3.459E+00	3.458E+00	3.459E+00	3.458E+00	3.459E+00
2.430E+00	3.439E+00	5.494E-04	3.439E+00	3.439E+00	3.438E+00	3.439E+00	3.438E+00	3.439E+00
2.440E+00	3.419E+00	5.945E-04	3.420E+00	3.419E+00	3.418E+00	3.419E+00	3.419E+00	3.419E+00
2.450E+00	3.399E+00	6.611E-04	3.400E+00	3.399E+00	3.399E+00	3.400E+00	3.399E+00	3.400E+00
2.460E+00	3.380E+00	7.435E-04	3.381E+00	3.380E+00	3.379E+00	3.380E+00	3.379E+00	3.380E+00
2.470E+00	3.360E+00	8.373E-04	3.361E+00	3.360E+00	3.360E+00	3.361E+00	3.360E+00	3.360E+00
2.480E+00	3.341E+00	9.389E-04	3.342E+00	3.340E+00	3.340E+00	3.341E+00	3.340E+00	3.341E+00
2.490E+00	3.321E+00	1.046E-03	3.322E+00	3.321E+00	3.321E+00	3.322E+00	3.321E+00	3.321E+00
2.500E+00	3.302E+00	1.158E-03	3.303E+00	3.301E+00	3.301E+00	3.302E+00	3.301E+00	3.302E+00
2.510E+00	3.282E+00	1.272E-03	3.284E+00	3.282E+00	3.282E+00	3.283E+00	3.282E+00	3.283E+00
2.520E+00	3.263E+00	1.389E-03	3.265E+00	3.262E+00	3.263E+00	3.264E+00	3.263E+00	3.263E+00
2.530E+00	3.244E+00	1.508E-03	3.246E+00	3.243E+00	3.243E+00	3.244E+00	3.244E+00	3.244E+00
2.540E+00	3.225E+00	1.628E-03	3.226E+00	3.224E+00	3.224E+00	3.225E+00	3.224E+00	3.225E+00
2.550E+00	3.205E+00	1.749E-03	3.207E+00	3.204E+00	3.205E+00	3.206E+00	3.205E+00	3.206E+00
2.560E+00	3.186E+00	1.871E-03	3.189E+00	3.185E+00	3.186E+00	3.187E+00	3.186E+00	3.187E+00
2.570E+00	3.167E+00	1.993E-03	3.170E+00	3.166E+00	3.167E+00	3.168E+00	3.167E+00	3.168E+00
2.580E+00	3.148E+00	2.117E-03	3.151E+00	3.147E+00	3.148E+00	3.149E+00	3.148E+00	3.149E+00
2.590E+00	3.129E+00	2.240E-03	3.132E+00	3.128E+00	3.129E+00	3.130E+00	3.129E+00	3.130E+00
2.600E+00	3.111E+00	2.364E-03	3.113E+00	3.109E+00	3.110E+00	3.111E+00	3.110E+00	3.111E+00
2.610E+00	3.092E+00	2.488E-03	3.095E+00	3.090E+00	3.091E+00	3.092E+00	3.092E+00	3.092E+00
2.620E+00	3.073E+00	2.613E-03	3.076E+00	3.071E+00	3.072E+00	3.074E+00	3.073E+00	3.073E+00
2.630E+00	3.054E+00	2.737E-03	3.057E+00	3.052E+00	3.054E+00	3.055E+00	3.054E+00	3.055E+00
2.640E+00	3.036E+00	2.862E-03	3.039E+00	3.033E+00	3.035E+00	3.036E+00	3.035E+00	3.036E+00
2.650E+00	3.017E+00	2.987E-03	3.020E+00	3.015E+00	3.016E+00	3.018E+00	3.017E+00	3.017E+00
2.660E+00	2.999E+00	3.111E-03	3.002E+00	2.996E+00	2.998E+00	2.999E+00	2.998E+00	2.999E+00
2.670E+00	2.980E+00	3.236E-03	2.984E+00	2.977E+00	2.980E+00	2.981E+00	2.980E+00	2.980E+00
2.680E+00	2.962E+00	3.360E-03	2.965E+00	2.959E+00	2.961E+00	2.963E+00	2.962E+00	2.962E+00
2.690E+00	2.943E+00	3.485E-03	2.947E+00	2.940E+00	2.943E+00	2.944E+00	2.943E+00	2.944E+00
2.700E+00	2.925E+00	3.609E-03	2.929E+00	2.922E+00	2.924E+00	2.926E+00	2.925E+00	2.925E+00
2.710E+00	2.907E+00	3.733E-03	2.911E+00	2.904E+00	2.906E+00	2.908E+00	2.907E+00	2.907E+00
2.720E+00	2.889E+00	3.857E-03	2.893E+00	2.885E+00	2.888E+00	2.890E+00	2.889E+00	2.889E+00
2.730E+00	2.871E+00	3.981E-03	2.875E+00	2.867E+00	2.870E+00	2.871E+00	2.870E+00	2.871E+00
2.740E+00	2.853E+00	4.104E-03	2.857E+00	2.849E+00	2.852E+00	2.853E+00	2.852E+00	2.853E+00
2.750E+00	2.835E+00	4.227E-03	2.839E+00	2.831E+00	2.834E+00	2.835E+00	2.834E+00	2.835E+00
2.760E+00	2.817E+00	4.350E-03	2.821E+00	2.813E+00	2.816E+00	2.818E+00	2.817E+00	2.817E+00
2.770E+00	2.799E+00	4.473E-03	2.804E+00	2.795E+00	2.798E+00	2.800E+00	2.799E+00	2.799E+00
2.780E+00	2.781E+00	4.595E-03	2.786E+00	2.777E+00	2.780E+00	2.782E+00	2.781E+00	2.781E+00
2.790E+00	2.763E+00	4.717E-03	2.768E+00	2.759E+00	2.763E+00	2.764E+00	2.763E+00	2.764E+00
2.800E+00	2.746E+00	4.839E-03	2.751E+00	2.741E+00	2.745E+00	2.747E+00	2.746E+00	2.746E+00
2.810E+00	2.728E+00	4.960E-03	2.733E+00	2.724E+00	2.727E+00	2.729E+00	2.728E+00	2.728E+00
2.820E+00	2.711E+00	5.081E-03	2.716E+00	2.706E+00	2.710E+00	2.711E+00	2.710E+00	2.711E+00
2.830E+00	2.693E+00	5.201E-03	2.699E+00	2.688E+00	2.692E+00	2.694E+00	2.693E+00	2.693E+00
2.840E+00	2.676E+00	5.321E-03	2.681E+00	2.671E+00	2.675E+00	2.677E+00	2.676E+00	2.676E+00
2.850E+00	2.658E+00	5.440E-03	2.664E+00	2.653E+00	2.658E+00	2.659E+00	2.658E+00	2.659E+00
2.860E+00	2.641E+00	5.559E-03	2.647E+00	2.636E+00	2.640E+00	2.642E+00	2.641E+00	2.641E+00
2.870E+00	2.624E+00	5.678E-03	2.630E+00	2.619E+00	2.623E+00	2.625E+00	2.624E+00	2.624E+00
2.880E+00	2.607E+00	5.796E-03	2.613E+00	2.601E+00	2.606E+00	2.608E+00	2.607E+00	2.607E+00
2.890E+00	2.590E+00	5.913E-03	2.596E+00	2.584E+00	2.589E+00	2.591E+00	2.590E+00	2.590E+00
2.900E+00	2.573E+00	6.030E-03	2.579E+00	2.567E+00	2.572E+00	2.574E+00	2.572E+00	2.573E+00
2.910E+00	2.556E+00	6.147E-03	2.562E+00	2.550E+00	2.555E+00	2.557E+00	2.556E+00	2.556E+00
2.920E+00	2.539E+00	6.263E-03	2.545E+00	2.533E+00	2.538E+00	2.540E+00	2.539E+00	2.539E+00
2.930E+00	2.522E+00	6.378E-03	2.529E+00	2.516E+00	2.521E+00	2.523E+00	2.522E+00	2.522E+00
2.940E+00	2.505E+00	6.493E-03	2.512E+00	2.499E+00	2.504E+00	2.506E+00	2.505E+00	2.506E+00
2.950E+00	2.489E+00	6.607E-03	2.496E+00	2.483E+00	2.488E+00	2.490E+00	2.488E+00	2.489E+00
2.960E+00	2.472E+00	6.720E-03	2.479E+00	2.466E+00	2.471E+00	2.473E+00	2.472E+00	2.472E+00
2.970E+00	2.456E+00	6.833E-03	2.463E+00	2.449E+00	2.455E+00	2.456E+00	2.455E+00	2.456E+00
2.980E+00	2.439E+00	6.945E-03	2.446E+00	2.433E+00	2.438E+00	2.440E+00	2.439E+00	2.439E+00
2.990E+00	2.423E+00	7.057E-03	2.430E+00	2.416E+00	2.422E+00	2.424E+00	2.422E+00	2.423E+00
3.000E+00	2.406E+00	7.168E-03	2.414E+00	2.400E+00	2.405E+00	2.407E+00	2.406E+00	2.407E+00
