1.000E-02	6.970E+00	7.701E-03	6.977E+00	6.963E+00	6.973E+00	6.967E+00	6.970E+00	6.970E+00
2.000E-02	6.969E+00	7.664E-03	6.977E+00	6.962E+00	6.973E+00	6.966E+00	6.969E+00	6.970E+00
3.000E-02	6.968E+00	7.615E-03	6.975E+00	6.961E+00	6.971E+00	6.965E+00	6.968E+00	6.968E+00
4.000E-02	6.967E+00	7.557E-03	6.974E+00	6.960E+00	6.970E+00	6.964E+00	6.967E+00	6.967E+00
5.000E-02	6.965E+00	7.491E-03	6.972E+00	6.958E+00	6.968E+00	6.962E+00	6.965E+00	6.965E+00
6.000E-02	6.963E+00	7.419E-03	6.969E+00	6.956E+00	6.966E+00	6.960E+00	6.963E+00	6.963E+00
7.000E-02	6.960E+00	7.340E-03	6.967E+00	6.954E+00	6.963E+00	6.957E+00	6.960E+00	6.960E+00
8.000E-02	6.957E+00	7.257E-03	6.964E+00	6.951E+00	6.960E+00	6.954E+00	6.957E+00	6.958E+00
9.000E-02	6.954E+00	7.169E-03	6.961E+00	6.948E+00	6.957E+00	6.951E+00	6.954E+00	6.954E+00
1.000E-01	6.951E+00	7.077E-03	6.957E+00	6.945E+00	6.954E+00	6.948E+00	6.951E+00	6.951E+00
1.100E-01	6.947E+00	6.981E-03	6.954E+00	6.941E+00	6.950E+00	6.944E+00	6.947E+00	6.948E+00
1.200E-01	6.944E+00	6.882E-03	6.950E+00	6.937E+00	6.947E+00	6.941E+00	6.944E+00	6.944E+00
1.300E-01	6.939E+00	6.781E-03	6.946E+00	6.933E+00	6.942E+00	6.936E+00	6.939E+00	6.940E+00
1.400E-01	6.935E+00	6.676E-03	6.941E+00	6.929E+00	6.938E+00	6.932E+00	6.935E+00	6.935E+00
1.500E-01	6.930E+00	6.570E-03	6.936E+00	6.925E+00	6.933E+00	6.927E+00	6.930E+00	6.931E+00
1.600E-01	6.926E+00	6.461E-03	6.931E+00	6.920E+00	6.929E+00	6.923E+00	6.926E+00	6.926E+00
1.700E-01	6.920E+00	6.351E-03	6.926E+00	6.915E+00	6.923E+00	6.917E+00	6.920E+00	6.921E+00
1.800E-01	6.915E+00	6.239E-03	6.921E+00	6.910E+00	6.918E+00	6.912E+00	6.915E+00	6.915E+00
1.900E-01	6.910E+00	6.126E-03	6.915E+00	6.904E+00	6.913E+00	6.907E+00	6.910E+00	6.910E+00
2.000E-01	6.904E+00	6.012E-03	6.909E+00	6.899E+00	6.907E+00	6.901E+00	6.904E+00	6.904E+00
2.100E-01	6.898E+00	5.896E-03	6.903E+00	6.893E+00	6.901E+00	6.895E+00	6.898E+00	6.898E+00
2.200E-01	6.891E+00	5.780E-03	6.896E+00	6.887E+00	6.894E+00	6.889E+00	6.891E+00	6.892E+00
2.300E-01	6.885E+00	5.664E-03	6.890E+00	6.880E+00	6.888E+00	6.882E+00	6.885E+00	6.885E+00
2.400E-01	6.878E+00	5.547E-03	6.883E+00	6.874E+00	6.881E+00	6.875E+00	6.878E+00	6.878E+00
2.500E-01	6.871E+00	5.430E-03	6.876E+00	6.867E+00	6.874E+00	6.868E+00	6.871E+00	6.871E+00
2.600E-01	6.864E+00	5.313E-03	6.869E+00	6.860E+00	6.867E+00	6.861E+00	6.864E+00	6.864E+00
2.700E-01	6.857E+00	5.196E-03	6.861E+00	6.853E+00	6.860E+00	6.854E+00	6.857E+00	6.857E+00
2.800E-01	6.849E+00	5.080E-03	6.854E+00	6.845E+00	6.852E+00	6.847E+00	6.849E+00	6.850E+00
2.900E-01	6.842E+00	4.964E-03	6.846E+00	6.838E+00	6.845E+00	6.839E+00	6.842E+00	6.842E+00
3.000E-01	6.834E+00	4.848E-03	6.838E+00	6.830E+00	6.837E+00	6.831E+00	6.834E+00	6.834E+00
3.100E-01	6.826E+00	4.734E-03	6.829E+00	6.822E+00	6.829E+00	6.823E+00	6.826E+00	6.826E+00
3.200E-01	6.817E+00	4.620E-03	6.821E+00	6.814E+00	6.820E+00	6.814E+00	6.817E+00	6.817E+00
3.300E-01	6.809E+00	4.508E-03	6.812E+00	6.805E+00	6.812E+00	6.806E+00	6.809E+00	6.809E+00
3.400E-01	6.800E+00	4.396E-03	6.803E+00	6.797E+00	6.803E+00	6.797E+00	6.800E+00	6.800E+00
3.500E-01	6.791E+00	4.287E-03	6.794E+00	6.788E+00	6.794E+00	6.788E+00	6.791E+00	6.791E+00
3.600E-01	6.782E+00	4.179E-03	6.785E+00	6.779E+00	6.785E+00	6.779E+00	6.782E+00	6.782E+00
3.700E-01	6.773E+00	4.073E-03	6.776E+00	6.770E+00	6.776E+00	6.770E+00	6.773E+00	6.773E+00
3.800E-01	6.763E+00	3.969E-03	6.766E+00	6.760E+00	6.766E+00	6.760E+00	6.763E+00	6.763E+00
3.900E-01	6.754E+00	3.868E-03	6.756E+00	6.751E+00	6.756E+00	6.751E+00	6.754E+00	6.754E+00
4.000E-01	6.744E+00	3.768E-03	6.746E+00	6.741E+00	6.747E+00	6.741E+00	6.744E+00	6.744E+00
4.100E-01	6.734E+00	3.672E-03	6.736E+00	6.731E+00	6.737E+00	6.731E+00	6.734E+00	6.734E+00
4.200E-01	6.724E+00	3.578E-03	6.726E+00	6.721E+00	6.726E+00	6.721E+00	6.723E+00	6.724E+00
4.300E-01	6.713E+00	3.488E-03	6.715E+00	6.711E+00	6.716E+00	6.710E+00	6.713E+00	6.713E+00
4.400E-01	6.703E+00	3.400E-03	6.705E+00	6.701E+00	6.705E+00	6.700E+00	6.703E+00	6.703E+00
4.500E-01	6.692E+00	3.317E-03	6.694E+00	6.690E+00	6.695E+00	6.689E+00	6.692E+00	6.692E+00
4.600E-01	6.681E+00	3.237E-03	6.683E+00	6.679E+00	6.684E+00	6.678E+00	6.681E+00	6.681E+00
4.700E-01	6.670E+00	3.161E-03	6.672E+00	6.668E+00	6.673E+00	6.667E+00	6.670E+00	6.670E+00
4.800E-01	6.659E+00	3.089E-03	6.660E+00	6.657E+00	6.662E+00	6.656E+00	6.659E+00	6.659E+00
4.900E-01	6.647E+00	3.022E-03	6.649E+00	6.646E+00	6.650E+00	6.645E+00	6.647E+00	6.648E+00
5.000E-01	6.636E+00	2.959E-03	6.637E+00	6.635E+00	6.639E+00	6.633E+00	6.636E+00	6.636E+00
5.100E-01	6.624E+00	2.901E-03	6.625E+00	6.623E+00	6.627E+00	6.621E+00	6.624E+00	6.624E+00
5.200E-01	6.612E+00	2.848E-03	6.613E+00	6.611E+00	6.615E+00	6.610E+00	6.612E+00	6.612E+00
5.300E-01	6.600E+00	2.801E-03	6.601E+00	6.600E+00	6.603E+00	6.598E+00	6.600E+00	6.600E+00
5.400E-01	6.588E+00	2.758E-03	6.589E+00	6.587E+00	6.591E+00	6.585E+00	6.588E+00	6.588E+00
5.500E-01	6.576E+00	2.721E-03	6.576E+00	6.575E+00	6.578E+00	6.573E+00	6.576E+00	6.576E+00
5.600E-01	6.563E+00	2.690E-03	6.564E+00	6.563E+00	6.566E+00	6.561E+00	6.563E+00	6.563E+00
5.700E-01	6.551E+00	2.664E-03	6.551E+00	6.550E+00	6.553E+00	6.548E+00	6.551E+00	6.551E+00
5.800E-01	6.538E+00	2.644E-03	6.538E+00	6.538E+00	6.541E+00	6.535E+00	6.538E+00	6.538E+00
5.900E-01	6.525E+00	2.629E-03	6.525E+00	6.525E+00	6.528E+00	6.522E+00	6.525E+00	6.525E+00
6.000E-01	6.512E+00	2.620E-03	6.512E+00	6.512E+00	6.514E+00	6.509E+00	6.512E+00	6.512E+00
6.100E-01	6.499E+00	2.616E-03	6.498E+00	6.499E+00	6.501E+00	6.496E+00	6.498E+00	6.499E+00
6.200E-01	6.485E+00	2.617E-03	6.485E+00	6.486E+00	6.488E+00	6.483E+00	6.485E+00	6.485E+00
6.300E-01	6.472E+00	2.623E-03	6.471E+00	6.472E+00	6.474E+00	6.469E+00	6.472E+00	6.472E+00
6.400E-01	6.458E+00	2.633E-03	6.457E+00	6.459E+00	6.461E+00	6.456E+00	6.458E+00	6.458E+00
6.500E-01	6.444E+00	2.649E-03	6.444E+00	6.445E+00	6.447E+00	6.442E+00	6.444E+00	6.444E+00
6.600E-01	6.430E+00	2.668E-03	6.430E+00	6.431E+00	6.433E+00	6.428E+00	6.430E+00	6.431E+00
6.700E-01	6.416E+00	2.692E-03	6.415E+00	6.417E+00	6.419E+00	6.414E+00	6.416E+00	6.416E+00
6.800E-01	6.402E+00	2.719E-03	6.401E+00	6.403E+00	6.405E+00	6.400E+00	6.402E+00	6.402E+00
6.900E-01	6.388E+00	2.750E-03	6.387E+00	6.389E+00	6.390E+00	6.385E+00	6.388E+00	6.388E+00
7.000E-01	6.373E+00	2.783E-03	6.372E+00	6.375E+00	6.376E+00	6.371E+00	6.373E+00	6.374E+00
7.100E-01	6.359E+00	2.820E-03	6.357E+00	6.360E+00	6.361E+00	6.356E+00	6.359E+00	6.359E+00
7.200E-01	6.344E+00	2.859E-03	6.343E+00	6.346E+00	6.347E+00	6.342E+00	6.344E+00	6.344E+00
7.300E-01	6.329E+00	2.900E-03	6.328E+00	6.331E+00	6.332E+00	6.327E+00	6.329E+00	6.329E+00
7.400E-01	6.314E+00	2.943E-03	6.313E+00	6.316E+00	6.317E+00	6.312E+00	6.314E+00	6.314E+00
7.500E-01	6.299E+00	2.988E-03	6.297E+00	6.301E+00	6.302E+00	6.297E+00	6.299E+00	6.299E+00
7.600E-01	6.284E+00	3.034E-03	6.282E+00	6.286E+00	6.286E+00	6.282E+00	6.284E+00	6.284E+00
7.700E-01	6.269E+00	3.082E-03	6.267E+00	6.271E+00	6.271E+00	6.266E+00	6.269E+00	6.269E+00
7.800E-01	6.253E+00	3.130E-03	6.251E+00	6.255E+00	6.256E+00	6.251E+00	6.253E+00	6.253E+00
7.900E-01	6.238E+00	3.180E-03	6.236E+00	6.240E+00	6.240E+00	6.235E+00	6.238E+00	6.238E+00
8.000E-01	6.222E+00	3.230E-03	6.220E+00	6.224E+00	6.224E+00	6.220E+00	6.222E+00	6.222E+00
8.100E-01	6.206E+00	3.280E-03	6.204E+00	6.209E+00	6.209E+00	6.204E+00	6.206E+00	6.206E+00
8.200E-01	6.190E+00	3.331E-03	6.188E+00	6.193E+00	6.193E+00	6.188E+00	6.190E+00	6.191E+00
8.300E-01	6.174E+00	3.382E-03	6.172E+00	6.177E+00	6.177E+00	6.172E+00	6.174E+00	6.175E+00
8.400E-01	6.158E+00	3.433E-03	6.156E+00	6.161E+00	6.161E+00	6.156E+00	6.158E+00	6.158E+00
8.500E-01	6.142E+00	3.484E-03	6.139E+00	6.145E+00	6.144E+00	6.140E+00	6.142E+00	6.142E+00
8.600E-01	6.126E+00	3.534E-03	6.123E+00	6.128E+00	6.128E+00	6.123E+00	6.125E+00	6.126E+00
8.700E-01	6.109E+00	3.585E-03	6.106E+00	6.112E+00	6.111E+00	6.107E+00	6.109E+00	6.109E+00
8.800E-01	6.093E+00	3.634E-03	6.090E+00	6.096E+00	6.095E+00	6.091E+00	6.093E+00	6.093E+00
8.900E-01	6.076E+00	3.683E-03	6.073E+00	6.079E+00	6.078E+00	6.074E+00	6.076E+00	6.076E+00
9.000E-01	6.059E+00	3.732E-03	6.056E+00	6.062E+00	6.062E+00	6.057E+00	6.059E+00	6.060E+00
9.100E-01	6.042E+00	3.780E-03	6.039E+00	6.046E+00	6.045E+00	6.040E+00	6.042E+00	6.043E+00
9.200E-01	6.026E+00	3.827E-03	6.022E+00	6.029E+00	6.028E+00	6.023E+00	6.025E+00	6.026E+00
9.300E-01	6.009E+00	3.873E-03	6.005E+00	6.012E+00	6.011E+00	6.006E+00	6.008E+00	6.009E+00
9.400E-01	5.991E+00	3.918E-03	5.988E+00	5.995E+00	5.994E+00	5.989E+00	5.991E+00	5.992E+00
9.500E-01	5.974E+00	3.962E-03	5.971E+00	5.978E+00	5.976E+00	5.972E+00	5.974E+00	5.974E+00
9.600E-01	5.957E+00	4.005E-03	5.953E+00	5.960E+00	5.959E+00	5.955E+00	5.957E+00	5.957E+00
9.700E-01	5.939E+00	4.047E-03	5.936E+00	5.943E+00	5.942E+00	5.937E+00	5.939E+00	5.940E+00
9.800E-01	5.922E+00	4.088E-03	5.918E+00	5.925E+00	5.924E+00	5.920E+00	5.922E+00	5.922E+00
9.900E-01	5.904E+00	4.127E-03	5.901E+00	5.908E+00	5.906E+00	5.902E+00	5.904E+00	5.905E+00
1.000E+00	5.887E+00	4.166E-03	5.883E+00	5.890E+00	5.889E+00	5.885E+00	5.886E+00	5.887E+00
1.010E+00	5.869E+00	4.203E-03	5.865E+00	5.873E+00	5.871E+00	5.867E+00	5.869E+00	5.869E+00
1.020E+00	5.851E+00	4.238E-03	5.847E+00	5.855E+00	5.853E+00	5.849E+00	5.851E+00	5.851E+00
1.030E+00	5.833E+00	4.273E-03	5.829E+00	5.837E+00	5.835E+00	5.831E+00	5.833E+00	5.833E+00
1.040E+00	5.815E+00	4.306E-03	5.811E+00	5.819E+00	5.817E+00	5.813E+00	5.815E+00	5.815E+00
1.050E+00	5.797E+00	4.337E-03	5.793E+00	5.801E+00	5.799E+00	5.795E+00	5.797E+00	5.797E+00
1.060E+00	5.779E+00	4.368E-03	5.775E+00	5.783E+00	5.781E+00	5.777E+00	5.779E+00	5.779E+00
1.070E+00	5.761E+00	4.396E-03	5.757E+00	5.765E+00	5.763E+00	5.759E+00	5.760E+00	5.761E+00
1.080E+00	5.742E+00	4.424E-03	5.738E+00	5.746E+00	5.744E+00	5.741E+00	5.742E+00	5.743E+00
1.090E+00	5.724E+00	4.450E-03	5.720E+00	5.728E+00	5.726E+00	5.722E+00	5.724E+00	5.724E+00
1.100E+00	5.706E+00	4.474E-03	5.702E+00	5.710E+00	5.707E+00	5.704E+00	5.705E+00	5.706E+00
1.110E+00	5.687E+00	4.497E-03	5.683E+00	5.691E+00	5.689E+00	5.685E+00	5.687E+00	5.687E+00
1.120E+00	5.669E+00	4.518E-03	5.664E+00	5.673E+00	5.670E+00	5.667E+00	5.668E+00	5.669E+00
1.130E+00	5.650E+00	4.538E-03	5.646E+00	5.654E+00	5.652E+00	5.648E+00	5.650E+00	5.650E+00
1.140E+00	5.631E+00	4.556E-03	5.627E+00	5.635E+00	5.633E+00	5.629E+00	5.631E+00	5.631E+00
1.150E+00	5.612E+00	4.573E-03	5.608E+00	5.617E+00	5.614E+00	5.611E+00	5.612E+00	5.613E+00
1.160E+00	5.593E+00	4.588E-03	5.589E+00	5.598E+00	5.595E+00	5.592E+00	5.593E+00	5.594E+00
1.170E+00	5.575E+00	4.602E-03	5.570E+00	5.579E+00	5.576E+00	5.573E+00	5.574E+00	5.575E+00
1.180E+00	5.556E+00	4.614E-03	5.551E+00	5.560E+00	5.557E+00	5.554E+00	5.555E+00	5.556E+00
1.190E+00	5.537E+00	4.625E-03	5.532E+00	5.541E+00	5.538E+00	5.535E+00	5.536E+00	5.537E+00
1.200E+00	5.517E+00	4.634E-03	5.513E+00	5.522E+00	5.519E+00	5.516E+00	5.517E+00	5.518E+00
1.210E+00	5.498E+00	4.641E-03	5.494E+00	5.503E+00	5.500E+00	5.497E+00	5.498E+00	5.499E+00
1.220E+00	5.479E+00	4.647E-03	5.475E+00	5.483E+00	5.481E+00	5.477E+00	5.479E+00	5.479E+00
1.230E+00	5.460E+00	4.651E-03	5.455E+00	5.464E+00	5.461E+00	5.458E+00	5.459E+00	5.460E+00
1.240E+00	5.440E+00	4.654E-03	5.436E+00	5.445E+00	5.442E+00	5.439E+00	5.440E+00	5.441E+00
1.250E+00	5.421E+00	4.655E-03	5.417E+00	5.425E+00	5.423E+00	5.419E+00	5.421E+00	5.421E+00
1.260E+00	5.402E+00	4.654E-03	5.397E+00	5.406E+00	5.403E+00	5.400E+00	5.401E+00	5.402E+00
1.270E+00	5.382E+00	4.652E-03	5.378E+00	5.387E+00	5.384E+00	5.381E+00	5.382E+00	5.382E+00
1.280E+00	5.363E+00	4.649E-03	5.358E+00	5.367E+00	5.364E+00	5.361E+00	5.362E+00	5.363E+00
1.290E+00	5.343E+00	4.643E-03	5.339E+00	5.347E+00	5.345E+00	5.341E+00	5.343E+00	5.343E+00
1.300E+00	5.323E+00	4.637E-03	5.319E+00	5.328E+00	5.325E+00	5.322E+00	5.323E+00	5.324E+00
1.310E+00	5.304E+00	4.628E-03	5.299E+00	5.308E+00	5.305E+00	5.302E+00	5.303E+00	5.304E+00
1.320E+00	5.284E+00	4.619E-03	5.280E+00	5.288E+00	5.285E+00	5.283E+00	5.284E+00	5.284E+00
1.330E+00	5.264E+00	4.607E-03	5.260E+00	5.269E+00	5.266E+00	5.263E+00	5.264E+00	5.265E+00
1.340E+00	5.244E+00	4.594E-03	5.240E+00	5.249E+00	5.246E+00	5.243E+00	5.244E+00	5.245E+00
1.350E+00	5.225E+00	4.580E-03	5.220E+00	5.229E+00	5.226E+00	5.223E+00	5.224E+00	5.225E+00
1.360E+00	5.205E+00	4.564E-03	5.200E+00	5.209E+00	5.206E+00	5.203E+00	5.204E+00	5.205E+00
1.370E+00	5.185E+00	4.547E-03	5.181E+00	5.189E+00	5.186E+00	5.183E+00	5.184E+00	5.185E+00
1.380E+00	5.165E+00	4.528E-03	5.161E+00	5.169E+00	5.166E+00	5.163E+00	5.164E+00	5.165E+00
1.390E+00	5.145E+00	4.507E-03	5.141E+00	5.149E+00	5.146E+00	5.143E+00	5.144E+00	5.145E+00
1.400E+00	5.125E+00	4.485E-03	5.121E+00	5.129E+00	5.126E+00	5.123E+00	5.124E+00	5.125E+00
1.410E+00	5.105E+00	4.462E-03	5.101E+00	5.109E+00	5.106E+00	5.103E+00	5.104E+00	5.105E+00
1.420E+00	5.085E+00	4.437E-03	5.080E+00	5.089E+00	5.086E+00	5.083E+00	5.084E+00	5.085E+00
1.430E+00	5.065E+00	4.411E-03	5.060E+00	5.069E+00	5.066E+00	5.063E+00	5.064E+00	5.065E+00
1.440E+00	5.044E+00	4.383E-03	5.040E+00	5.049E+00	5.046E+00	5.043E+00	5.044E+00	5.045E+00
1.450E+00	5.024E+00	4.354E-03	5.020E+00	5.028E+00	5.025E+00	5.023E+00	5.024E+00	5.025E+00
1.460E+00	5.004E+00	4.323E-03	5.000E+00	5.008E+00	5.005E+00	5.003E+00	5.004E+00	5.004E+00
1.470E+00	4.984E+00	4.292E-03	4.980E+00	4.988E+00	4.985E+00	4.983E+00	4.983E+00	4.984E+00
1.480E+00	4.964E+00	4.258E-03	4.959E+00	4.968E+00	4.965E+00	4.962E+00	4.963E+00	4.964E+00
1.490E+00	4.943E+00	4.223E-03	4.939E+00	4.947E+00	4.944E+00	4.942E+00	4.943E+00	4.944E+00
1.500E+00	4.923E+00	4.187E-03	4.919E+00	4.927E+00	4.924E+00	4.922E+00	4.923E+00	4.923E+00
1.510E+00	4.903E+00	4.150E-03	4.899E+00	4.907E+00	4.904E+00	4.901E+00	4.902E+00	4.903E+00
1.520E+00	4.882E+00	4.111E-03	4.878E+00	4.886E+00	4.883E+00	4.881E+00	4.882E+00	4.883E+00
1.530E+00	4.862E+00	4.071E-03	4.858E+00	4.866E+00	4.863E+00	4.861E+00	4.861E+00	4.862E+00
1.540E+00	4.841E+00	4.030E-03	4.838E+00	4.845E+00	4.843E+00	4.840E+00	4.841E+00	4.842E+00
1.550E+00	4.821E+00	3.987E-03	4.817E+00	4.825E+00	4.822E+00	4.820E+00	4.821E+00	4.821E+00
1.560E+00	4.801E+00	3.943E-03	4.797E+00	4.804E+00	4.802E+00	4.800E+00	4.800E+00	4.801E+00
1.570E+00	4.780E+00	3.898E-03	4.777E+00	4.784E+00	4.781E+00	4.779E+00	4.780E+00	4.781E+00
1.580E+00	4.760E+00	3.851E-03	4.756E+00	4.764E+00	4.761E+00	4.759E+00	4.759E+00	4.760E+00
1.590E+00	4.739E+00	3.804E-03	4.736E+00	4.743E+00	4.740E+00	4.738E+00	4.739E+00	4.740E+00
1.600E+00	4.719E+00	3.755E-03	4.715E+00	4.722E+00	4.720E+00	4.718E+00	4.718E+00	4.719E+00
1.610E+00	4.698E+00	3.705E-03	4.695E+00	4.702E+00	4.699E+00	4.697E+00	4.698E+00	4.699E+00
1.620E+00	4.678E+00	3.653E-03	4.674E+00	4.681E+00	4.679E+00	4.677E+00	4.677E+00	4.678E+00
1.630E+00	4.657E+00	3.601E-03	4.654E+00	4.661E+00	4.658E+00	4.656E+00	4.657E+00	4.658E+00
1.640E+00	4.637E+00	3.547E-03	4.633E+00	4.640E+00	4.638E+00	4.636E+00	4.636E+00	4.637E+00
1.650E+00	4.616E+00	3.493E-03	4.613E+00	4.620E+00	4.617E+00	4.615E+00	4.616E+00	4.617E+00
1.660E+00	4.596E+00	3.437E-03	4.593E+00	4.599E+00	4.597E+00	4.595E+00	4.595E+00	4.596E+00
1.670E+00	4.575E+00	3.380E-03	4.572E+00	4.579E+00	4.576E+00	4.574E+00	4.575E+00	4.576E+00
1.680E+00	4.555E+00	3.322E-03	4.552E+00	4.558E+00	4.556E+00	4.554E+00	4.554E+00	4.555E+00
1.690E+00	4.534E+00	3.263E-03	4.531E+00	4.537E+00	4.535E+00	4.533E+00	4.534E+00	4.535E+00
1.700E+00	4.514E+00	3.203E-03	4.511E+00	4.517E+00	4.514E+00	4.513E+00	4.513E+00	4.514E+00
1.710E+00	4.493E+00	3.142E-03	4.490E+00	4.496E+00	4.494E+00	4.492E+00	4.493E+00	4.494E+00
1.720E+00	4.473E+00	3.080E-03	4.470E+00	4.476E+00	4.473E+00	4.472E+00	4.472E+00	4.473E+00
1.730E+00	4.452E+00	3.017E-03	4.449E+00	4.455E+00	4.453E+00	4.451E+00	4.452E+00	4.452E+00
1.740E+00	4.431E+00	2.953E-03	4.429E+00	4.434E+00	4.432E+00	4.431E+00	4.431E+00	4.432E+00
1.750E+00	4.411E+00	2.888E-03	4.408E+00	4.414E+00	4.412E+00	4.410E+00	4.410E+00	4.411E+00
1.760E+00	4.390E+00	2.822E-03	4.388E+00	4.393E+00	4.391E+00	4.390E+00	4.390E+00	4.391E+00
1.770E+00	4.370E+00	2.755E-03	4.367E+00	4.373E+00	4.371E+00	4.369E+00	4.369E+00	4.370E+00
1.780E+00	4.349E+00	2.687E-03	4.347E+00	4.352E+00	4.350E+00	4.349E+00	4.349E+00	4.350E+00
1.790E+00	4.329E+00	2.619E-03	4.326E+00	4.331E+00	4.330E+00	4.328E+00	4.328E+00	4.329E+00
1.800E+00	4.308E+00	2.550E-03	4.306E+00	4.311E+00	4.309E+00	4.308E+00	4.308E+00	4.309E+00
1.810E+00	4.288E+00	2.480E-03	4.286E+00	4.290E+00	4.289E+00	4.287E+00	4.287E+00	4.288E+00
1.820E+00	4.267E+00	2.409E-03	4.265E+00	4.270E+00	4.268E+00	4.267E+00	4.267E+00	4.268E+00
1.830E+00	4.247E+00	2.337E-03	4.245E+00	4.249E+00	4.248E+00	4.246E+00	4.246E+00	4.247E+00
1.840E+00	4.226E+00	2.265E-03	4.224E+00	4.229E+00	4.227E+00	4.226E+00	4.226E+00	4.227E+00
1.850E+00	4.206E+00	2.192E-03	4.204E+00	4.208E+00	4.207E+00	4.205E+00	4.206E+00	4.206E+00
1.860E+00	4.186E+00	2.119E-03	4.184E+00	4.188E+00	4.186E+00	4.185E+00	4.185E+00	4.186E+00
1.870E+00	4.165E+00	2.045E-03	4.163E+00	4.167E+00	4.166E+00	4.165E+00	4.165E+00	4.166E+00
1.880E+00	4.145E+00	1.970E-03	4.143E+00	4.147E+00	4.145E+00	4.144E+00	4.144E+00	4.145E+00
1.890E+00	4.124E+00	1.895E-03	4.123E+00	4.126E+00	4.125E+00	4.124E+00	4.124E+00	4.125E+00
1.900E+00	4.104E+00	1.820E-03	4.102E+00	4.106E+00	4.104E+00	4.103E+00	4.103E+00	4.104E+00
1.910E+00	4.084E+00	1.744E-03	4.082E+00	4.085E+00	4.084E+00	4.083E+00	4.083E+00	4.084E+00
1.920E+00	4.063E+00	1.668E-03	4.062E+00	4.065E+00	4.064E+00	4.063E+00	4.063E+00	4.064E+00
1.930E+00	4.043E+00	1.592E-03	4.042E+00	4.044E+00	4.043E+00	4.043E+00	4.042E+00	4.043E+00
1.940E+00	4.023E+00	1.515E-03	4.021E+00	4.024E+00	4.023E+00	4.022E+00	4.022E+00	4.023E+00
1.950E+00	4.002E+00	1.439E-03	4.001E+00	4.004E+00	4.003E+00	4.002E+00	4.002E+00	4.003E+00
1.960E+00	3.982E+00	1.363E-03	3.981E+00	3.983E+00	3.982E+00	3.982E+00	3.982E+00	3.983E+00
1.970E+00	3.962E+00	1.287E-03	3.961E+00	3.963E+00	3.962E+00	3.961E+00	3.961E+00	3.962E+00
1.980E+00	3.942E+00	1.211E-03	3.941E+00	3.943E+00	3.942E+00	3.941E+00	3.941E+00	3.942E+00
1.990E+00	3.921E+00	1.136E-03	3.921E+00	3.923E+00	3.922E+00	3.921E+00	3.921E+00	3.922E+00
2.000E+00	3.901E+00	1.063E-03	3.901E+00	3.902E+00	3.902E+00	3.901E+00	3.901E+00	3.902E+00
2.010E+00	3.881E+00	9.906E-04	3.880E+00	3.882E+00	3.881E+00	3.881E+00	3.881E+00	3.882E+00
2.020E+00	3.861E+00	9.204E-04	3.860E+00	3.862E+00	3.861E+00	3.861E+00	3.861E+00	3.862E+00
2.030E+00	3.841E+00	8.529E-04	3.840E+00	3.842E+00	3.841E+00	3.841E+00	3.840E+00	3.841E+00
2.040E+00	3.821E+00	7.889E-04	3.820E+00	3.822E+00	3.821E+00	3.821E+00	3.820E+00	3.821E+00
2.050E+00	3.801E+00	7.295E-04	3.801E+00	3.801E+00	3.801E+00	3.801E+00	3.800E+00	3.801E+00
2.060E+00	3.781E+00	6.762E-04	3.781E+00	3.781E+00	3.781E+00	3.781E+00	3.780E+00	3.781E+00
2.070E+00	3.761E+00	6.307E-04	3.761E+00	3.761E+00	3.761E+00	3.761E+00	3.760E+00	3.761E+00
2.080E+00	3.741E+00	5.950E-04	3.741E+00	3.741E+00	3.741E+00	3.741E+00	3.740E+00	3.741E+00
2.090E+00	3.721E+00	5.712E-04	3.721E+00	3.721E+00	3.721E+00	3.721E+00	3.721E+00	3.722E+00
2.100E+00	3.701E+00	5.610E-04	3.701E+00	3.701E+00	3.701E+00	3.701E+00	3.701E+00	3.702E+00
2.110E+00	3.681E+00	5.652E-04	3.682E+00	3.681E+00	3.682E+00	3.681E+00	3.681E+00	3.682E+00
2.120E+00	3.662E+00	5.839E-04	3.662E+00	3.661E+00	3.662E+00	3.661E+00	3.661E+00	3.662E+00
2.130E+00	3.642E+00	6.157E-04	3.642E+00	3.642E+00	3.642E+00	3.642E+00	3.641E+00	3.642E+00
2.140E+00	3.622E+00	6.589E-04	3.622E+00	3.622E+00	3.622E+00	3.622E+00	3.621E+00	3.623E+00
2.150E+00	3.602E+00	7.117E-04	3.603E+00	3.602E+00	3.602E+00	3.602E+00	3.602E+00	3.603E+00
2.160E+00	3.583E+00	7.720E-04	3.583E+00	3.582E+00	3.583E+00	3.583E+00	3.582E+00	3.583E+00
2.170E+00	3.563E+00	8.384E-04	3.564E+00	3.562E+00	3.563E+00	3.563E+00	3.562E+00	3.564E+00
2.180E+00	3.543E+00	9.097E-04	3.544E+00	3.543E+00	3.543E+00	3.543E+00	3.543E+00	3.544E+00
2.190E+00	3.524E+00	9.848E-04	3.525E+00	3.523E+00	3.524E+00	3.524E+00	3.523E+00	3.524E+00
2.200E+00	3.504E+00	1.063E-03	3.505E+00	3.504E+00	3.504E+00	3.504E+00	3.504E+00	3.505E+00
2.210E+00	3.485E+00	1.144E-03	3.486E+00	3.484E+00	3.485E+00	3.485E+00	3.484E+00	3.485E+00
2.220E+00	3.465E+00	1.226E-03	3.467E+00	3.464E+00	3.465E+00	3.465E+00	3.465E+00	3.466E+00
2.230E+00	3.446E+00	1.311E-03	3.447E+00	3.445E+00	3.446E+00	3.446E+00	3.445E+00	3.447E+00
2.240E+00	3.427E+00	1.396E-03	3.428E+00	3.425E+00	3.427E+00	3.427E+00	3.426E+00	3.427E+00
2.250E+00	3.407E+00	1.483E-03	3.409E+00	3.406E+00	3.407E+00	3.407E+00	3.407E+00	3.408E+00
2.260E+00	3.388E+00	1.571E-03	3.390E+00	3.387E+00	3.388E+00	3.388E+00	3.388E+00	3.389E+00
2.270E+00	3.369E+00	1.660E-03	3.371E+00	3.367E+00	3.369E+00	3.369E+00	3.368E+00	3.369E+00
2.280E+00	3.350E+00	1.749E-03	3.351E+00	3.348E+00	3.350E+00	3.350E+00	3.349E+00	3.350E+00
2.290E+00	3.331E+00	1.839E-03	3.332E+00	3.329E+00	3.330E+00	3.331E+00	3.330E+00	3.331E+00
2.300E+00	3.311E+00	1.930E-03	3.313E+00	3.310E+00	3.311E+00	3.311E+00	3.311E+00	3.312E+00
2.310E+00	3.292E+00	2.021E-03	3.294E+00	3.291E+00	3.292E+00	3.292E+00	3.292E+00	3.293E+00
2.320E+00	3.273E+00	2.113E-03	3.276E+00	3.271E+00	3.273E+00	3.273E+00	3.273E+00	3.274E+00
2.330E+00	3.254E+00	2.204E-03	3.257E+00	3.252E+00	3.254E+00	3.255E+00	3.254E+00	3.255E+00
2.340E+00	3.235E+00	2.296E-03	3.238E+00	3.233E+00	3.235E+00	3.236E+00	3.235E+00	3.236E+00
2.350E+00	3.217E+00	2.389E-03	3.219E+00	3.214E+00	3.216E+00	3.217E+00	3.216E+00	3.217E+00
2.360E+00	3.198E+00	2.481E-03	3.200E+00	3.195E+00	3.198E+00	3.198E+00	3.197E+00	3.198E+00
2.370E+00	3.179E+00	2.574E-03	3.182E+00	3.177E+00	3.179E+00	3.179E+00	3.178E+00	3.180E+00
2.380E+00	3.160E+00	2.667E-03	3.163E+00	3.158E+00	3.160E+00	3.160E+00	3.160E+00	3.161E+00
2.390E+00	3.142E+00	2.759E-03	3.144E+00	3.139E+00	3.141E+00	3.142E+00	3.141E+00	3.142E+00
2.400E+00	3.123E+00	2.852E-03	3.126E+00	3.120E+00	3.123E+00	3.123E+00	3.122E+00	3.124E+00
2.410E+00	3.104E+00	2.945E-03	3.107E+00	3.102E+00	3.104E+00	3.105E+00	3.104E+00	3.105E+00
2.420E+00	3.086E+00	3.038E-03	3.089E+00	3.083E+00	3.086E+00	3.086E+00	3.085E+00	3.086E+00
2.430E+00	3.067E+00	3.131E-03	3.071E+00	3.064E+00	3.067E+00	3.068E+00	3.067E+00	3.068E+00
2.440E+00	3.049E+00	3.224E-03	3.052E+00	3.046E+00	3.049E+00	3.049E+00	3.048E+00	3.050E+00
2.450E+00	3.031E+00	3.317E-03	3.034E+00	3.028E+00	3.030E+00	3.031E+00	3.030E+00	3.031E+00
2.460E+00	3.012E+00	3.410E-03	3.016E+00	3.009E+00	3.012E+00	3.013E+00	3.012E+00	3.013E+00
2.470E+00	2.994E+00	3.503E-03	2.998E+00	2.991E+00	2.994E+00	2.994E+00	2.994E+00	2.995E+00
2.480E+00	2.976E+00	3.595E-03	2.980E+00	2.972E+00	2.976E+00	2.976E+00	2.975E+00	2.976E+00
2.490E+00	2.958E+00	3.688E-03	2.961E+00	2.954E+00	2.957E+00	2.958E+00	2.957E+00	2.958E+00
2.500E+00	2.940E+00	3.780E-03	2.943E+00	2.936E+00	2.939E+00	2.940E+00	2.939E+00	2.940E+00
2.510E+00	2.922E+00	3.872E-03	2.926E+00	2.918E+00	2.921E+00	2.922E+00	2.921E+00	2.922E+00
2.520E+00	2.904E+00	3.964E-03	2.908E+00	2.900E+00	2.903E+00	2.904E+00	2.903E+00	2.904E+00
2.530E+00	2.886E+00	4.056E-03	2.890E+00	2.882E+00	2.885E+00	2.886E+00	2.885E+00	2.886E+00
2.540E+00	2.868E+00	4.148E-03	2.872E+00	2.864E+00	2.867E+00	2.868E+00	2.867E+00	2.868E+00
2.550E+00	2.850E+00	4.239E-03	2.854E+00	2.846E+00	2.850E+00	2.850E+00	2.849E+00	2.851E+00
2.560E+00	2.832E+00	4.330E-03	2.837E+00	2.828E+00	2.832E+00	2.833E+00	2.832E+00	2.833E+00
2.570E+00	2.814E+00	4.421E-03	2.819E+00	2.810E+00	2.814E+00	2.815E+00	2.814E+00	2.815E+00
2.580E+00	2.797E+00	4.512E-03	2.801E+00	2.793E+00	2.796E+00	2.797E+00	2.796E+00	2.797E+00
2.590E+00	2.779E+00	4.602E-03	2.784E+00	2.775E+00	2.779E+00	2.780E+00	2.779E+00	2.780E+00
2.600E+00	2.762E+00	4.692E-03	2.766E+00	2.757E+00	2.761E+00	2.762E+00	2.761E+00	2.762E+00
2.610E+00	2.744E+00	4.782E-03	2.749E+00	2.740E+00	2.744E+00	2.745E+00	2.744E+00	2.745E+00
2.620E+00	2.727E+00	4.871E-03	2.732E+00	2.722E+00	2.726E+00	2.727E+00	2.726E+00	2.727E+00
2.630E+00	2.709E+00	4.960E-03	2.714E+00	2.705E+00	2.709E+00	2.710E+00	2.709E+00	2.710E+00
2.640E+00	2.692E+00	5.049E-03	2.697E+00	2.687E+00	2.692E+00	2.693E+00	2.692E+00	2.693E+00
2.650E+00	2.675E+00	5.137E-03	2.680E+00	2.670E+00	2.674E+00	2.675E+00	2.674E+00	2.676E+00
2.660E+00	2.658E+00	5.225E-03	2.663E+00	2.653E+00	2.657E+00	2.658E+00	2.657E+00	2.658E+00
2.670E+00	2.641E+00	5.313E-03	2.646E+00	2.635E+00	2.640E+00	2.641E+00	2.640E+00	2.641E+00
2.680E+00	2.624E+00	5.400E-03	2.629E+00	2.618E+00	2.623E+00	2.624E+00	2.623E+00	2.624E+00
2.690E+00	2.607E+00	5.487E-03	2.612E+00	2.601E+00	2.606E+00	2.607E+00	2.606E+00	2.607E+00
2.700E+00	2.590E+00	5.574E-03	2.595E+00	2.584E+00	2.589E+00	2.590E+00	2.589E+00	2.590E+00
2.710E+00	2.573E+00	5.660E-03	2.579E+00	2.567E+00	2.572E+00	2.573E+00	2.572E+00	2.573E+00
2.720E+00	2.556E+00	5.745E-03	2.562E+00	2.550E+00	2.555E+00	2.556E+00	2.555E+00	2.557E+00
2.730E+00	2.539E+00	5.830E-03	2.545E+00	2.534E+00	2.539E+00	2.540E+00	2.539E+00	2.540E+00
2.740E+00	2.523E+00	5.915E-03	2.529E+00	2.517E+00	2.522E+00	2.523E+00	2.522E+00	2.523E+00
2.750E+00	2.506E+00	5.999E-03	2.512E+00	2.500E+00	2.505E+00	2.506E+00	2.505E+00	2.506E+00
2.760E+00	2.489E+00	6.083E-03	2.495E+00	2.483E+00	2.489E+00	2.490E+00	2.489E+00	2.490E+00
2.770E+00	2.473E+00	6.166E-03	2.479E+00	2.467E+00	2.472E+00	2.473E+00	2.472E+00	2.473E+00
2.780E+00	2.456E+00	6.249E-03	2.463E+00	2.450E+00	2.456E+00	2.457E+00	2.456E+00	2.457E+00
2.790E+00	2.440E+00	6.331E-03	2.446E+00	2.434E+00	2.439E+00	2.441E+00	2.439E+00	2.441E+00
2.800E+00	2.424E+00	6.413E-03	2.430E+00	2.417E+00	2.423E+00	2.424E+00	2.423E+00	2.424E+00
2.810E+00	2.407E+00	6.494E-03	2.414E+00	2.401E+00	2.407E+00	2.408E+00	2.407E+00	2.408E+00
2.820E+00	2.391E+00	6.575E-03	2.398E+00	2.385E+00	2.391E+00	2.392E+00	2.391E+00	2.392E+00
2.830E+00	2.375E+00	6.655E-03	2.382E+00	2.369E+00	2.375E+00	2.376E+00	2.375E+00	2.376E+00
2.840E+00	2.359E+00	6.734E-03	2.366E+00	2.353E+00	2.359E+00	2.360E+00	2.359E+00	2.360E+00
2.850E+00	2.343E+00	6.813E-03	2.350E+00	2.336E+00	2.343E+00	2.344E+00	2.343E+00	2.344E+00
2.860E+00	2.327E+00	6.892E-03	2.334E+00	2.320E+00	2.327E+00	2.328E+00	2.327E+00	2.328E+00
2.870E+00	2.311E+00	6.970E-03	2.318E+00	2.305E+00	2.311E+00	2.312E+00	2.311E+00	2.312E+00
2.880E+00	2.296E+00	7.047E-03	2.303E+00	2.289E+00	2.295E+00	2.296E+00	2.295E+00	2.296E+00
2.890E+00	2.280E+00	7.124E-03	2.287E+00	2.273E+00	2.279E+00	2.280E+00	2.279E+00	2.280E+00
2.900E+00	2.264E+00	7.200E-03	2.271E+00	2.257E+00	2.264E+00	2.265E+00	2.264E+00	2.265E+00
2.910E+00	2.249E+00	7.276E-03	2.256E+00	2.241E+00	2.248E+00	2.249E+00	2.248E+00	2.249E+00
2.920E+00	2.233E+00	7.350E-03	2.240E+00	2.226E+00	2.232E+00	2.234E+00	2.232E+00	2.234E+00
2.930E+00	2.218E+00	7.425E-03	2.225E+00	2.210E+00	2.217E+00	2.218E+00	2.217E+00	2.218E+00
2.940E+00	2.202E+00	7.499E-03	2.210E+00	2.195E+00	2.202E+00	2.203E+00	2.202E+00	2.203E+00
2.950E+00	2.187E+00	7.572E-03	2.195E+00	2.179E+00	2.186E+00	2.188E+00	2.186E+00	2.187E+00
2.960E+00	2.172E+00	7.644E-03	2.179E+00	2.164E+00	2.171E+00	2.172E+00	2.171E+00	2.172E+00
2.970E+00	2.156E+00	7.716E-03	2.164E+00	2.149E+00	2.156E+00	2.157E+00	2.156E+00	2.157E+00
2.980E+00	2.141E+00	7.787E-03	2.149E+00	2.134E+00	2.141E+00	2.142E+00	2.141E+00	2.142E+00
2.990E+00	2.126E+00	7.858E-03	2.134E+00	2.119E+00	2.126E+00	2.127E+00	2.126E+00	2.127E+00
3.000E+00	2.111E+00	7.928E-03	2.119E+00	2.103E+00	2.111E+00	2.112E+00	2.111E+00	2.112E+00
