1.000E-02	7.089E+00	4.443E-03	7.093E+00	7.085E+00	7.090E+00	7.087E+00	7.089E+00	7.089E+00
2.000E-02	7.088E+00	4.417E-03	7.092E+00	7.084E+00	7.090E+00	7.086E+00	7.088E+00	7.088E+00
3.000E-02	7.087E+00	4.383E-03	7.091E+00	7.082E+00	7.088E+00	7.085E+00	7.087E+00	7.087E+00
4.000E-02	7.085E+00	4.342E-03	7.089E+00	7.081E+00	7.086E+00	7.083E+00	7.085E+00	7.085E+00
5.000E-02	7.083E+00	4.296E-03	7.087E+00	7.079E+00	7.084E+00	7.081E+00	7.083E+00	7.083E+00
6.000E-02	7.080E+00	4.245E-03	7.084E+00	7.076E+00	7.082E+00	7.079E+00	7.080E+00	7.080E+00
7.000E-02	7.077E+00	4.191E-03	7.081E+00	7.074E+00	7.079E+00	7.076E+00	7.077E+00	7.077E+00
8.000E-02	7.074E+00	4.132E-03	7.078E+00	7.071E+00	7.076E+00	7.073E+00	7.074E+00	7.074E+00
9.000E-02	7.071E+00	4.071E-03	7.075E+00	7.067E+00	7.073E+00	7.069E+00	7.071E+00	7.071E+00
1.000E-01	7.067E+00	4.007E-03	7.071E+00	7.064E+00	7.069E+00	7.066E+00	7.067E+00	7.067E+00
1.100E-01	7.063E+00	3.940E-03	7.067E+00	7.060E+00	7.065E+00	7.061E+00	7.063E+00	7.063E+00
1.200E-01	7.059E+00	3.872E-03	7.062E+00	7.055E+00	7.060E+00	7.057E+00	7.059E+00	7.059E+00
1.300E-01	7.054E+00	3.801E-03	7.058E+00	7.051E+00	7.056E+00	7.052E+00	7.054E+00	7.054E+00
1.400E-01	7.049E+00	3.729E-03	7.053E+00	7.046E+00	7.051E+00	7.048E+00	7.049E+00	7.049E+00
1.500E-01	7.044E+00	3.655E-03	7.047E+00	7.041E+00	7.046E+00	7.042E+00	7.044E+00	7.044E+00
1.600E-01	7.039E+00	3.580E-03	7.042E+00	7.035E+00	7.040E+00	7.037E+00	7.038E+00	7.039E+00
1.700E-01	7.033E+00	3.504E-03	7.036E+00	7.030E+00	7.034E+00	7.031E+00	7.033E+00	7.033E+00
1.800E-01	7.027E+00	3.427E-03	7.030E+00	7.024E+00	7.028E+00	7.025E+00	7.027E+00	7.027E+00
1.900E-01	7.020E+00	3.350E-03	7.023E+00	7.018E+00	7.022E+00	7.019E+00	7.020E+00	7.021E+00
2.000E-01	7.014E+00	3.271E-03	7.017E+00	7.011E+00	7.016E+00	7.012E+00	7.014E+00	7.014E+00
2.100E-01	7.007E+00	3.192E-03	7.010E+00	7.004E+00	7.009E+00	7.006E+00	7.007E+00	7.007E+00
2.200E-01	7.000E+00	3.113E-03	7.003E+00	6.997E+00	7.002E+00	6.999E+00	7.000E+00	7.000E+00
2.300E-01	6.993E+00	3.034E-03	6.995E+00	6.990E+00	6.995E+00	6.991E+00	6.993E+00	6.993E+00
2.400E-01	6.985E+00	2.955E-03	6.988E+00	6.983E+00	6.987E+00	6.984E+00	6.985E+00	6.985E+00
2.500E-01	6.978E+00	2.876E-03	6.980E+00	6.975E+00	6.979E+00	6.976E+00	6.978E+00	6.978E+00
2.600E-01	6.970E+00	2.797E-03	6.972E+00	6.967E+00	6.971E+00	6.968E+00	6.970E+00	6.970E+00
2.700E-01	6.961E+00	2.719E-03	6.964E+00	6.959E+00	6.963E+00	6.960E+00	6.961E+00	6.961E+00
2.800E-01	6.953E+00	2.641E-03	6.955E+00	6.951E+00	6.955E+00	6.951E+00	6.953E+00	6.953E+00
2.900E-01	6.944E+00	2.565E-03	6.946E+00	6.942E+00	6.946E+00	6.943E+00	6.944E+00	6.944E+00
3.000E-01	6.935E+00	2.489E-03	6.937E+00	6.933E+00	6.937E+00	6.934E+00	6.935E+00	6.935E+00
3.100E-01	6.926E+00	2.414E-03	6.928E+00	6.924E+00	6.928E+00	6.925E+00	6.926E+00	6.926E+00
3.200E-01	6.917E+00	2.340E-03	6.919E+00	6.915E+00	6.918E+00	6.915E+00	6.917E+00	6.917E+00
3.300E-01	6.907E+00	2.268E-03	6.909E+00	6.906E+00	6.909E+00	6.906E+00	6.907E+00	6.907E+00
3.400E-01	6.897E+00	2.197E-03	6.899E+00	6.896E+00	6.899E+00	6.896E+00	6.897E+00	6.898E+00
3.500E-01	6.887E+00	2.129E-03	6.889E+00	6.886E+00	6.889E+00	6.886E+00	6.887E+00	6.888E+00
3.600E-01	6.877E+00	2.062E-03	6.879E+00	6.876E+00	6.879E+00	6.876E+00	6.877E+00	6.877E+00
3.700E-01	6.867E+00	1.997E-03	6.868E+00	6.866E+00	6.868E+00	6.865E+00	6.867E+00	6.867E+00
3.800E-01	6.856E+00	1.935E-03	6.857E+00	6.855E+00	6.858E+00	6.855E+00	6.856E+00	6.856E+00
3.900E-01	6.845E+00	1.876E-03	6.846E+00	6.844E+00	6.847E+00	6.844E+00	6.845E+00	6.845E+00
4.000E-01	6.834E+00	1.820E-03	6.835E+00	6.833E+00	6.836E+00	6.833E+00	6.834E+00	6.834E+00
4.100E-01	6.823E+00	1.767E-03	6.824E+00	6.822E+00	6.825E+00	6.822E+00	6.823E+00	6.823E+00
4.200E-01	6.812E+00	1.717E-03	6.812E+00	6.811E+00	6.813E+00	6.810E+00	6.812E+00	6.812E+00
4.300E-01	6.800E+00	1.671E-03	6.801E+00	6.799E+00	6.802E+00	6.799E+00	6.800E+00	6.800E+00
4.400E-01	6.788E+00	1.630E-03	6.789E+00	6.788E+00	6.790E+00	6.787E+00	6.788E+00	6.788E+00
4.500E-01	6.776E+00	1.592E-03	6.777E+00	6.776E+00	6.778E+00	6.775E+00	6.776E+00	6.776E+00
4.600E-01	6.764E+00	1.559E-03	6.764E+00	6.764E+00	6.766E+00	6.763E+00	6.764E+00	6.764E+00
4.700E-01	6.752E+00	1.530E-03	6.752E+00	6.751E+00	6.753E+00	6.750E+00	6.752E+00	6.752E+00
4.800E-01	6.739E+00	1.506E-03	6.739E+00	6.739E+00	6.741E+00	6.738E+00	6.739E+00	6.739E+00
4.900E-01	6.726E+00	1.488E-03	6.727E+00	6.726E+00	6.728E+00	6.725E+00	6.726E+00	6.726E+00
5.000E-01	6.713E+00	1.474E-03	6.713E+00	6.713E+00	6.715E+00	6.712E+00	6.713E+00	6.713E+00
5.100E-01	6.700E+00	1.465E-03	6.700E+00	6.700E+00	6.702E+00	6.699E+00	6.700E+00	6.700E+00
5.200E-01	6.687E+00	1.461E-03	6.687E+00	6.687E+00	6.689E+00	6.686E+00	6.687E+00	6.687E+00
5.300E-01	6.674E+00	1.462E-03	6.673E+00	6.674E+00	6.675E+00	6.672E+00	6.674E+00	6.674E+00
5.400E-01	6.660E+00	1.468E-03	6.660E+00	6.660E+00	6.661E+00	6.659E+00	6.660E+00	6.660E+00
5.500E-01	6.646E+00	1.478E-03	6.646E+00	6.647E+00	6.648E+00	6.645E+00	6.646E+00	6.646E+00
5.600E-01	6.632E+00	1.493E-03	6.632E+00	6.633E+00	6.634E+00	6.631E+00	6.632E+00	6.632E+00
5.700E-01	6.618E+00	1.511E-03	6.618E+00	6.619E+00	6.620E+00	6.617E+00	6.618E+00	6.618E+00
5.800E-01	6.604E+00	1.533E-03	6.603E+00	6.604E+00	6.605E+00	6.602E+00	6.604E+00	6.604E+00
5.900E-01	6.589E+00	1.559E-03	6.589E+00	6.590E+00	6.591E+00	6.588E+00	6.589E+00	6.589E+00
6.000E-01	6.575E+00	1.588E-03	6.574E+00	6.575E+00	6.576E+00	6.573E+00	6.575E+00	6.575E+00
6.100E-01	6.560E+00	1.619E-03	6.559E+00	6.561E+00	6.561E+00	6.559E+00	6.560E+00	6.560E+00
6.200E-01	6.545E+00	1.653E-03	6.544E+00	6.546E+00	6.546E+00	6.544E+00	6.545E+00	6.545E+00
6.300E-01	6.530E+00	1.689E-03	6.529E+00	6.531E+00	6.531E+00	6.529E+00	6.530E+00	6.530E+00
6.400E-01	6.515E+00	1.727E-03	6.514E+00	6.516E+00	6.516E+00	6.513E+00	6.515E+00	6.515E+00
6.500E-01	6.499E+00	1.766E-03	6.498E+00	6.500E+00	6.501E+00	6.498E+00	6.499E+00	6.499E+00
6.600E-01	6.484E+00	1.807E-03	6.483E+00	6.485E+00	6.485E+00	6.482E+00	6.484E+00	6.484E+00
6.700E-01	6.468E+00	1.849E-03	6.467E+00	6.469E+00	6.469E+00	6.467E+00	6.468E+00	6.468E+00
6.800E-01	6.452E+00	1.892E-03	6.451E+00	6.454E+00	6.454E+00	6.451E+00	6.452E+00	6.452E+00
6.900E-01	6.436E+00	1.935E-03	6.435E+00	6.438E+00	6.438E+00	6.435E+00	6.436E+00	6.436E+00
7.000E-01	6.420E+00	1.980E-03	6.419E+00	6.422E+00	6.422E+00	6.419E+00	6.420E+00	6.420E+00
7.100E-01	6.404E+00	2.024E-03	6.402E+00	6.406E+00	6.405E+00	6.403E+00	6.404E+00	6.404E+00
7.200E-01	6.388E+00	2.069E-03	6.386E+00	6.389E+00	6.389E+00	6.386E+00	6.387E+00	6.388E+00
7.300E-01	6.371E+00	2.114E-03	6.369E+00	6.373E+00	6.372E+00	6.370E+00	6.371E+00	6.371E+00
7.400E-01	6.354E+00	2.159E-03	6.353E+00	6.356E+00	6.356E+00	6.353E+00	6.354E+00	6.354E+00
7.500E-01	6.338E+00	2.203E-03	6.336E+00	6.339E+00	6.339E+00	6.336E+00	6.338E+00	6.338E+00
7.600E-01	6.321E+00	2.248E-03	6.319E+00	6.323E+00	6.322E+00	6.319E+00	6.321E+00	6.321E+00
7.700E-01	6.304E+00	2.292E-03	6.302E+00	6.306E+00	6.305E+00	6.302E+00	6.304E+00	6.304E+00
7.800E-01	6.286E+00	2.336E-03	6.284E+00	6.288E+00	6.288E+00	6.285E+00	6.286E+00	6.287E+00
7.900E-01	6.269E+00	2.379E-03	6.267E+00	6.271E+00	6.270E+00	6.268E+00	6.269E+00	6.269E+00
8.000E-01	6.252E+00	2.422E-03	6.250E+00	6.254E+00	6.253E+00	6.251E+00	6.252E+00	6.252E+00
8.100E-01	6.234E+00	2.464E-03	6.232E+00	6.236E+00	6.235E+00	6.233E+00	6.234E+00	6.234E+00
8.200E-01	6.217E+00	2.506E-03	6.214E+00	6.219E+00	6.218E+00	6.215E+00	6.216E+00	6.217E+00
8.300E-01	6.199E+00	2.547E-03	6.196E+00	6.201E+00	6.200E+00	6.198E+00	6.199E+00	6.199E+00
8.400E-01	6.181E+00	2.587E-03	6.179E+00	6.183E+00	6.182E+00	6.180E+00	6.181E+00	6.181E+00
8.500E-01	6.163E+00	2.626E-03	6.160E+00	6.165E+00	6.164E+00	6.162E+00	6.163E+00	6.163E+00
8.600E-01	6.145E+00	2.664E-03	6.142E+00	6.147E+00	6.146E+00	6.144E+00	6.145E+00	6.145E+00
8.700E-01	6.126E+00	2.702E-03	6.124E+00	6.129E+00	6.128E+00	6.125E+00	6.126E+00	6.127E+00
8.800E-01	6.108E+00	2.738E-03	6.106E+00	6.111E+00	6.109E+00	6.107E+00	6.108E+00	6.108E+00
8.900E-01	6.090E+00	2.774E-03	6.087E+00	6.092E+00	6.091E+00	6.089E+00	6.090E+00	6.090E+00
9.000E-01	6.071E+00	2.809E-03	6.069E+00	6.074E+00	6.072E+00	6.070E+00	6.071E+00	6.071E+00
9.100E-01	6.052E+00	2.842E-03	6.050E+00	6.055E+00	6.054E+00	6.051E+00	6.052E+00	6.053E+00
9.200E-01	6.034E+00	2.875E-03	6.031E+00	6.036E+00	6.035E+00	6.033E+00	6.034E+00	6.034E+00
9.300E-01	6.015E+00	2.907E-03	6.012E+00	6.017E+00	6.016E+00	6.014E+00	6.015E+00	6.015E+00
9.400E-01	5.996E+00	2.937E-03	5.993E+00	5.999E+00	5.997E+00	5.995E+00	5.996E+00	5.996E+00
9.500E-01	5.977E+00	2.967E-03	5.974E+00	5.980E+00	5.978E+00	5.976E+00	5.977E+00	5.977E+00
9.600E-01	5.958E+00	2.995E-03	5.955E+00	5.960E+00	5.959E+00	5.957E+00	5.957E+00	5.958E+00
9.700E-01	5.938E+00	3.022E-03	5.936E+00	5.941E+00	5.939E+00	5.937E+00	5.938E+00	5.938E+00
9.800E-01	5.919E+00	3.048E-03	5.916E+00	5.922E+00	5.920E+00	5.918E+00	5.919E+00	5.919E+00
9.900E-01	5.900E+00	3.073E-03	5.897E+00	5.902E+00	5.901E+00	5.899E+00	5.899E+00	5.900E+00
1.000E+00	5.880E+00	3.097E-03	5.877E+00	5.883E+00	5.881E+00	5.879E+00	5.880E+00	5.880E+00
1.010E+00	5.860E+00	3.120E-03	5.857E+00	5.863E+00	5.861E+00	5.859E+00	5.860E+00	5.861E+00
1.020E+00	5.841E+00	3.142E-03	5.838E+00	5.844E+00	5.842E+00	5.840E+00	5.841E+00	5.841E+00
1.030E+00	5.821E+00	3.162E-03	5.818E+00	5.824E+00	5.822E+00	5.820E+00	5.821E+00	5.821E+00
1.040E+00	5.801E+00	3.181E-03	5.798E+00	5.804E+00	5.802E+00	5.800E+00	5.801E+00	5.801E+00
1.050E+00	5.781E+00	3.199E-03	5.778E+00	5.784E+00	5.782E+00	5.780E+00	5.781E+00	5.781E+00
1.060E+00	5.761E+00	3.216E-03	5.758E+00	5.764E+00	5.762E+00	5.760E+00	5.761E+00	5.761E+00
1.070E+00	5.741E+00	3.232E-03	5.738E+00	5.744E+00	5.742E+00	5.740E+00	5.741E+00	5.741E+00
1.080E+00	5.721E+00	3.246E-03	5.718E+00	5.724E+00	5.722E+00	5.720E+00	5.721E+00	5.721E+00
1.090E+00	5.701E+00	3.259E-03	5.697E+00	5.704E+00	5.701E+00	5.700E+00	5.700E+00	5.701E+00
1.100E+00	5.680E+00	3.271E-03	5.677E+00	5.683E+00	5.681E+00	5.679E+00	5.680E+00	5.680E+00
1.110E+00	5.660E+00	3.282E-03	5.657E+00	5.663E+00	5.661E+00	5.659E+00	5.660E+00	5.660E+00
1.120E+00	5.639E+00	3.292E-03	5.636E+00	5.642E+00	5.640E+00	5.638E+00	5.639E+00	5.639E+00
1.130E+00	5.619E+00	3.301E-03	5.616E+00	5.622E+00	5.620E+00	5.618E+00	5.619E+00	5.619E+00
1.140E+00	5.598E+00	3.308E-03	5.595E+00	5.601E+00	5.599E+00	5.597E+00	5.598E+00	5.598E+00
1.150E+00	5.578E+00	3.314E-03	5.574E+00	5.581E+00	5.578E+00	5.577E+00	5.577E+00	5.578E+00
1.160E+00	5.557E+00	3.319E-03	5.554E+00	5.560E+00	5.558E+00	5.556E+00	5.557E+00	5.557E+00
1.170E+00	5.536E+00	3.323E-03	5.533E+00	5.539E+00	5.537E+00	5.535E+00	5.536E+00	5.536E+00
1.180E+00	5.515E+00	3.325E-03	5.512E+00	5.518E+00	5.516E+00	5.514E+00	5.515E+00	5.515E+00
1.190E+00	5.494E+00	3.327E-03	5.491E+00	5.497E+00	5.495E+00	5.493E+00	5.494E+00	5.494E+00
1.200E+00	5.473E+00	3.327E-03	5.470E+00	5.476E+00	5.474E+00	5.472E+00	5.473E+00	5.473E+00
1.210E+00	5.452E+00	3.326E-03	5.449E+00	5.455E+00	5.453E+00	5.451E+00	5.452E+00	5.452E+00
1.220E+00	5.431E+00	3.324E-03	5.428E+00	5.434E+00	5.432E+00	5.430E+00	5.431E+00	5.431E+00
1.230E+00	5.410E+00	3.320E-03	5.407E+00	5.413E+00	5.411E+00	5.409E+00	5.410E+00	5.410E+00
1.240E+00	5.389E+00	3.316E-03	5.386E+00	5.392E+00	5.390E+00	5.388E+00	5.389E+00	5.389E+00
1.250E+00	5.368E+00	3.310E-03	5.364E+00	5.371E+00	5.368E+00	5.367E+00	5.367E+00	5.368E+00
1.260E+00	5.346E+00	3.304E-03	5.343E+00	5.349E+00	5.347E+00	5.346E+00	5.346E+00	5.346E+00
1.270E+00	5.325E+00	3.296E-03	5.322E+00	5.328E+00	5.326E+00	5.324E+00	5.325E+00	5.325E+00
1.280E+00	5.304E+00	3.287E-03	5.300E+00	5.307E+00	5.304E+00	5.303E+00	5.303E+00	5.304E+00
1.290E+00	5.282E+00	3.277E-03	5.279E+00	5.285E+00	5.283E+00	5.281E+00	5.282E+00	5.282E+00
1.300E+00	5.261E+00	3.265E-03	5.257E+00	5.264E+00	5.261E+00	5.260E+00	5.260E+00	5.261E+00
1.310E+00	5.239E+00	3.253E-03	5.236E+00	5.242E+00	5.240E+00	5.238E+00	5.239E+00	5.239E+00
1.320E+00	5.218E+00	3.240E-03	5.214E+00	5.221E+00	5.218E+00	5.217E+00	5.217E+00	5.218E+00
1.330E+00	5.196E+00	3.225E-03	5.193E+00	5.199E+00	5.197E+00	5.195E+00	5.196E+00	5.196E+00
1.340E+00	5.174E+00	3.210E-03	5.171E+00	5.178E+00	5.175E+00	5.174E+00	5.174E+00	5.175E+00
1.350E+00	5.153E+00	3.193E-03	5.150E+00	5.156E+00	5.153E+00	5.152E+00	5.153E+00	5.153E+00
1.360E+00	5.131E+00	3.175E-03	5.128E+00	5.134E+00	5.132E+00	5.130E+00	5.131E+00	5.131E+00
1.370E+00	5.109E+00	3.156E-03	5.106E+00	5.112E+00	5.110E+00	5.109E+00	5.109E+00	5.110E+00
1.380E+00	5.088E+00	3.136E-03	5.085E+00	5.091E+00	5.088E+00	5.087E+00	5.087E+00	5.088E+00
1.390E+00	5.066E+00	3.116E-03	5.063E+00	5.069E+00	5.066E+00	5.065E+00	5.066E+00	5.066E+00
1.400E+00	5.044E+00	3.094E-03	5.041E+00	5.047E+00	5.045E+00	5.043E+00	5.044E+00	5.044E+00
1.410E+00	5.022E+00	3.071E-03	5.019E+00	5.025E+00	5.023E+00	5.022E+00	5.022E+00	5.022E+00
1.420E+00	5.000E+00	3.047E-03	4.997E+00	5.003E+00	5.001E+00	5.000E+00	5.000E+00	5.000E+00
1.430E+00	4.978E+00	3.022E-03	4.975E+00	4.981E+00	4.979E+00	4.978E+00	4.978E+00	4.979E+00
1.440E+00	4.956E+00	2.996E-03	4.954E+00	4.959E+00	4.957E+00	4.956E+00	4.956E+00	4.957E+00
1.450E+00	4.935E+00	2.969E-03	4.932E+00	4.937E+00	4.935E+00	4.934E+00	4.934E+00	4.935E+00
1.460E+00	4.913E+00	2.941E-03	4.910E+00	4.915E+00	4.913E+00	4.912E+00	4.912E+00	4.913E+00
1.470E+00	4.891E+00	2.912E-03	4.888E+00	4.893E+00	4.891E+00	4.890E+00	4.890E+00	4.891E+00
1.480E+00	4.869E+00	2.883E-03	4.866E+00	4.871E+00	4.869E+00	4.868E+00	4.868E+00	4.869E+00
1.490E+00	4.847E+00	2.852E-03	4.844E+00	4.849E+00	4.847E+00	4.846E+00	4.846E+00	4.847E+00
1.500E+00	4.825E+00	2.820E-03	4.822E+00	4.827E+00	4.825E+00	4.824E+00	4.824E+00	4.825E+00
1.510E+00	4.803E+00	2.788E-03	4.800E+00	4.805E+00	4.803E+00	4.802E+00	4.802E+00	4.803E+00
1.520E+00	4.780E+00	2.754E-03	4.778E+00	4.783E+00	4.781E+00	4.780E+00	4.780E+00	4.781E+00
1.530E+00	4.758E+00	2.720E-03	4.756E+00	4.761E+00	4.759E+00	4.758E+00	4.758E+00	4.759E+00
1.540E+00	4.736E+00	2.685E-03	4.734E+00	4.739E+00	4.737E+00	4.736E+00	4.736E+00	4.737E+00
1.550E+00	4.714E+00	2.649E-03	4.712E+00	4.717E+00	4.715E+00	4.714E+00	4.714E+00	4.714E+00
1.560E+00	4.692E+00	2.612E-03	4.690E+00	4.695E+00	4.693E+00	4.692E+00	4.692E+00	4.692E+00
1.570E+00	4.670E+00	2.574E-03	4.668E+00	4.673E+00	4.670E+00	4.670E+00	4.670E+00	4.670E+00
1.580E+00	4.648E+00	2.536E-03	4.645E+00	4.650E+00	4.648E+00	4.648E+00	4.648E+00	4.648E+00
1.590E+00	4.626E+00	2.497E-03	4.623E+00	4.628E+00	4.626E+00	4.625E+00	4.626E+00	4.626E+00
1.600E+00	4.604E+00	2.457E-03	4.601E+00	4.606E+00	4.604E+00	4.603E+00	4.604E+00	4.604E+00
1.610E+00	4.582E+00	2.416E-03	4.579E+00	4.584E+00	4.582E+00	4.581E+00	4.581E+00	4.582E+00
1.620E+00	4.560E+00	2.374E-03	4.557E+00	4.562E+00	4.560E+00	4.559E+00	4.559E+00	4.560E+00
1.630E+00	4.537E+00	2.332E-03	4.535E+00	4.540E+00	4.538E+00	4.537E+00	4.537E+00	4.538E+00
1.640E+00	4.515E+00	2.289E-03	4.513E+00	4.518E+00	4.516E+00	4.515E+00	4.515E+00	4.516E+00
1.650E+00	4.493E+00	2.245E-03	4.491E+00	4.495E+00	4.494E+00	4.493E+00	4.493E+00	4.493E+00
1.660E+00	4.471E+00	2.200E-03	4.469E+00	4.473E+00	4.471E+00	4.471E+00	4.471E+00	4.471E+00
1.670E+00	4.449E+00	2.155E-03	4.447E+00	4.451E+00	4.449E+00	4.449E+00	4.449E+00	4.449E+00
1.680E+00	4.427E+00	2.109E-03	4.425E+00	4.429E+00	4.427E+00	4.427E+00	4.427E+00	4.427E+00
1.690E+00	4.405E+00	2.062E-03	4.403E+00	4.407E+00	4.405E+00	4.405E+00	4.405E+00	4.405E+00
1.700E+00	4.383E+00	2.015E-03	4.381E+00	4.385E+00	4.383E+00	4.382E+00	4.383E+00	4.383E+00
1.710E+00	4.361E+00	1.967E-03	4.359E+00	4.363E+00	4.361E+00	4.360E+00	4.360E+00	4.361E+00
1.720E+00	4.339E+00	1.919E-03	4.337E+00	4.341E+00	4.339E+00	4.338E+00	4.338E+00	4.339E+00
1.730E+00	4.317E+00	1.870E-03	4.315E+00	4.318E+00	4.317E+00	4.316E+00	4.316E+00	4.317E+00
1.740E+00	4.295E+00	1.820E-03	4.293E+00	4.296E+00	4.295E+00	4.294E+00	4.294E+00	4.295E+00
1.750E+00	4.273E+00	1.770E-03	4.271E+00	4.274E+00	4.273E+00	4.272E+00	4.272E+00	4.273E+00
1.760E+00	4.251E+00	1.719E-03	4.249E+00	4.252E+00	4.251E+00	4.250E+00	4.250E+00	4.251E+00
1.770E+00	4.229E+00	1.667E-03	4.227E+00	4.230E+00	4.229E+00	4.228E+00	4.228E+00	4.229E+00
1.780E+00	4.207E+00	1.615E-03	4.205E+00	4.208E+00	4.207E+00	4.206E+00	4.206E+00	4.207E+00
1.790E+00	4.185E+00	1.563E-03	4.183E+00	4.186E+00	4.185E+00	4.184E+00	4.184E+00	4.185E+00
1.800E+00	4.163E+00	1.510E-03	4.161E+00	4.164E+00	4.163E+00	4.163E+00	4.163E+00	4.163E+00
1.810E+00	4.141E+00	1.457E-03	4.139E+00	4.142E+00	4.141E+00	4.141E+00	4.141E+00	4.141E+00
1.820E+00	4.119E+00	1.403E-03	4.118E+00	4.120E+00	4.119E+00	4.119E+00	4.119E+00	4.119E+00
1.830E+00	4.097E+00	1.349E-03	4.096E+00	4.098E+00	4.097E+00	4.097E+00	4.097E+00	4.097E+00
1.840E+00	4.075E+00	1.294E-03	4.074E+00	4.077E+00	4.075E+00	4.075E+00	4.075E+00	4.076E+00
1.850E+00	4.053E+00	1.239E-03	4.052E+00	4.055E+00	4.054E+00	4.053E+00	4.053E+00	4.054E+00
1.860E+00	4.032E+00	1.184E-03	4.031E+00	4.033E+00	4.032E+00	4.032E+00	4.031E+00	4.032E+00
1.870E+00	4.010E+00	1.128E-03	4.009E+00	4.011E+00	4.010E+00	4.010E+00	4.010E+00	4.010E+00
1.880E+00	3.988E+00	1.072E-03	3.987E+00	3.989E+00	3.988E+00	3.988E+00	3.988E+00	3.988E+00
1.890E+00	3.966E+00	1.016E-03	3.966E+00	3.967E+00	3.967E+00	3.966E+00	3.966E+00	3.967E+00
1.900E+00	3.945E+00	9.598E-04	3.944E+00	3.946E+00	3.945E+00	3.945E+00	3.945E+00	3.945E+00
1.910E+00	3.923E+00	9.033E-04	3.922E+00	3.924E+00	3.923E+00	3.923E+00	3.923E+00	3.923E+00
1.920E+00	3.902E+00	8.468E-04	3.901E+00	3.902E+00	3.902E+00	3.901E+00	3.901E+00	3.902E+00
1.930E+00	3.880E+00	7.904E-04	3.879E+00	3.881E+00	3.880E+00	3.880E+00	3.880E+00	3.880E+00
1.940E+00	3.858E+00	7.341E-04	3.858E+00	3.859E+00	3.858E+00	3.858E+00	3.858E+00	3.859E+00
1.950E+00	3.837E+00	6.781E-04	3.836E+00	3.838E+00	3.837E+00	3.837E+00	3.837E+00	3.837E+00
1.960E+00	3.815E+00	6.225E-04	3.815E+00	3.816E+00	3.815E+00	3.815E+00	3.815E+00	3.816E+00
1.970E+00	3.794E+00	5.677E-04	3.793E+00	3.794E+00	3.794E+00	3.794E+00	3.794E+00	3.794E+00
1.980E+00	3.773E+00	5.140E-04	3.772E+00	3.773E+00	3.773E+00	3.772E+00	3.772E+00	3.773E+00
1.990E+00	3.751E+00	4.619E-04	3.751E+00	3.752E+00	3.751E+00	3.751E+00	3.751E+00	3.751E+00
2.000E+00	3.730E+00	4.122E-04	3.730E+00	3.730E+00	3.730E+00	3.730E+00	3.730E+00	3.730E+00
2.010E+00	3.709E+00	3.660E-04	3.708E+00	3.709E+00	3.709E+00	3.708E+00	3.708E+00	3.709E+00
2.020E+00	3.687E+00	3.249E-04	3.687E+00	3.687E+00	3.687E+00	3.687E+00	3.687E+00	3.687E+00
2.030E+00	3.666E+00	2.912E-04	3.666E+00	3.666E+00	3.666E+00	3.666E+00	3.666E+00	3.666E+00
2.040E+00	3.645E+00	2.681E-04	3.645E+00	3.645E+00	3.645E+00	3.645E+00	3.645E+00	3.645E+00
2.050E+00	3.624E+00	2.584E-04	3.624E+00	3.624E+00	3.624E+00	3.624E+00	3.623E+00	3.624E+00
2.060E+00	3.603E+00	2.639E-04	3.603E+00	3.603E+00	3.603E+00	3.603E+00	3.602E+00	3.603E+00
2.070E+00	3.582E+00	2.838E-04	3.582E+00	3.581E+00	3.582E+00	3.582E+00	3.581E+00	3.582E+00
2.080E+00	3.561E+00	3.154E-04	3.561E+00	3.560E+00	3.561E+00	3.561E+00	3.560E+00	3.561E+00
2.090E+00	3.540E+00	3.558E-04	3.540E+00	3.539E+00	3.540E+00	3.540E+00	3.539E+00	3.540E+00
2.100E+00	3.519E+00	4.024E-04	3.519E+00	3.518E+00	3.519E+00	3.519E+00	3.518E+00	3.519E+00
2.110E+00	3.498E+00	4.533E-04	3.498E+00	3.497E+00	3.498E+00	3.498E+00	3.498E+00	3.498E+00
2.120E+00	3.477E+00	5.072E-04	3.477E+00	3.477E+00	3.477E+00	3.477E+00	3.477E+00	3.477E+00
2.130E+00	3.456E+00	5.635E-04	3.457E+00	3.456E+00	3.456E+00	3.456E+00	3.456E+00	3.456E+00
2.140E+00	3.435E+00	6.213E-04	3.436E+00	3.435E+00	3.435E+00	3.436E+00	3.435E+00	3.436E+00
2.150E+00	3.415E+00	6.804E-04	3.415E+00	3.414E+00	3.415E+00	3.415E+00	3.415E+00	3.415E+00
2.160E+00	3.394E+00	7.405E-04	3.395E+00	3.394E+00	3.394E+00	3.394E+00	3.394E+00	3.394E+00
2.170E+00	3.374E+00	8.013E-04	3.374E+00	3.373E+00	3.374E+00	3.374E+00	3.373E+00	3.374E+00
2.180E+00	3.353E+00	8.628E-04	3.354E+00	3.352E+00	3.353E+00	3.353E+00	3.353E+00	3.353E+00
2.190E+00	3.333E+00	9.247E-04	3.334E+00	3.332E+00	3.333E+00	3.333E+00	3.332E+00	3.333E+00
2.200E+00	3.312E+00	9.870E-04	3.313E+00	3.311E+00	3.312E+00	3.312E+00	3.312E+00	3.312E+00
2.210E+00	3.292E+00	1.050E-03	3.293E+00	3.291E+00	3.292E+00	3.292E+00	3.292E+00	3.292E+00
2.220E+00	3.272E+00	1.112E-03	3.273E+00	3.271E+00	3.271E+00	3.272E+00	3.271E+00	3.272E+00
2.230E+00	3.251E+00	1.176E-03	3.252E+00	3.250E+00	3.251E+00	3.251E+00	3.251E+00	3.252E+00
2.240E+00	3.231E+00	1.239E-03	3.232E+00	3.230E+00	3.231E+00	3.231E+00	3.231E+00	3.231E+00
2.250E+00	3.211E+00	1.302E-03	3.212E+00	3.210E+00	3.211E+00	3.211E+00	3.211E+00	3.211E+00
2.260E+00	3.191E+00	1.366E-03	3.192E+00	3.190E+00	3.191E+00	3.191E+00	3.191E+00	3.191E+00
2.270E+00	3.171E+00	1.429E-03	3.172E+00	3.169E+00	3.171E+00	3.171E+00	3.171E+00	3.171E+00
2.280E+00	3.151E+00	1.493E-03	3.152E+00	3.149E+00	3.151E+00	3.151E+00	3.151E+00	3.151E+00
2.290E+00	3.131E+00	1.556E-03	3.132E+00	3.129E+00	3.131E+00	3.131E+00	3.131E+00	3.131E+00
2.300E+00	3.111E+00	1.620E-03	3.113E+00	3.110E+00	3.111E+00	3.111E+00	3.111E+00	3.111E+00
2.310E+00	3.091E+00	1.684E-03	3.093E+00	3.090E+00	3.091E+00	3.091E+00	3.091E+00	3.092E+00
2.320E+00	3.072E+00	1.747E-03	3.073E+00	3.070E+00	3.071E+00	3.072E+00	3.071E+00	3.072E+00
2.330E+00	3.052E+00	1.811E-03	3.054E+00	3.050E+00	3.052E+00	3.052E+00	3.052E+00	3.052E+00
2.340E+00	3.032E+00	1.874E-03	3.034E+00	3.030E+00	3.032E+00	3.032E+00	3.032E+00	3.032E+00
2.350E+00	3.013E+00	1.937E-03	3.015E+00	3.011E+00	3.012E+00	3.013E+00	3.012E+00	3.013E+00
2.360E+00	2.993E+00	2.001E-03	2.995E+00	2.991E+00	2.993E+00	2.993E+00	2.993E+00	2.993E+00
2.370E+00	2.974E+00	2.064E-03	2.976E+00	2.972E+00	2.973E+00	2.974E+00	2.973E+00	2.974E+00
2.380E+00	2.954E+00	2.127E-03	2.956E+00	2.952E+00	2.954E+00	2.955E+00	2.954E+00	2.955E+00
2.390E+00	2.935E+00	2.190E-03	2.937E+00	2.933E+00	2.935E+00	2.935E+00	2.935E+00	2.935E+00
2.400E+00	2.916E+00	2.253E-03	2.918E+00	2.914E+00	2.916E+00	2.916E+00	2.916E+00	2.916E+00
2.410E+00	2.897E+00	2.315E-03	2.899E+00	2.894E+00	2.896E+00	2.897E+00	2.896E+00	2.897E+00
2.420E+00	2.878E+00	2.378E-03	2.880E+00	2.875E+00	2.877E+00	2.878E+00	2.877E+00	2.878E+00
2.430E+00	2.858E+00	2.440E-03	2.861E+00	2.856E+00	2.858E+00	2.859E+00	2.858E+00	2.859E+00
2.440E+00	2.839E+00	2.502E-03	2.842E+00	2.837E+00	2.839E+00	2.840E+00	2.839E+00	2.840E+00
2.450E+00	2.821E+00	2.564E-03	2.823E+00	2.818E+00	2.820E+00	2.821E+00	2.820E+00	2.821E+00
2.460E+00	2.802E+00	2.626E-03	2.804E+00	2.799E+00	2.801E+00	2.802E+00	2.801E+00	2.802E+00
2.470E+00	2.783E+00	2.687E-03	2.786E+00	2.780E+00	2.783E+00	2.783E+00	2.783E+00	2.783E+00
2.480E+00	2.764E+00	2.748E-03	2.767E+00	2.762E+00	2.764E+00	2.764E+00	2.764E+00	2.764E+00
2.490E+00	2.746E+00	2.809E-03	2.748E+00	2.743E+00	2.745E+00	2.746E+00	2.745E+00	2.746E+00
2.500E+00	2.727E+00	2.870E-03	2.730E+00	2.724E+00	2.727E+00	2.727E+00	2.727E+00	2.727E+00
2.510E+00	2.708E+00	2.930E-03	2.711E+00	2.706E+00	2.708E+00	2.709E+00	2.708E+00	2.709E+00
2.520E+00	2.690E+00	2.991E-03	2.693E+00	2.687E+00	2.690E+00	2.690E+00	2.690E+00	2.690E+00
2.530E+00	2.672E+00	3.051E-03	2.675E+00	2.669E+00	2.671E+00	2.672E+00	2.671E+00	2.672E+00
2.540E+00	2.653E+00	3.110E-03	2.656E+00	2.650E+00	2.653E+00	2.654E+00	2.653E+00	2.654E+00
2.550E+00	2.635E+00	3.170E-03	2.638E+00	2.632E+00	2.635E+00	2.635E+00	2.635E+00	2.635E+00
2.560E+00	2.617E+00	3.229E-03	2.620E+00	2.614E+00	2.617E+00	2.617E+00	2.617E+00	2.617E+00
2.570E+00	2.599E+00	3.288E-03	2.602E+00	2.596E+00	2.598E+00	2.599E+00	2.599E+00	2.599E+00
2.580E+00	2.581E+00	3.346E-03	2.584E+00	2.577E+00	2.580E+00	2.581E+00	2.580E+00	2.581E+00
2.590E+00	2.563E+00	3.404E-03	2.566E+00	2.559E+00	2.562E+00	2.563E+00	2.563E+00	2.563E+00
2.600E+00	2.545E+00	3.462E-03	2.548E+00	2.542E+00	2.545E+00	2.545E+00	2.545E+00	2.545E+00
2.610E+00	2.527E+00	3.520E-03	2.531E+00	2.524E+00	2.527E+00	2.527E+00	2.527E+00	2.527E+00
2.620E+00	2.509E+00	3.577E-03	2.513E+00	2.506E+00	2.509E+00	2.510E+00	2.509E+00	2.510E+00
2.630E+00	2.492E+00	3.633E-03	2.495E+00	2.488E+00	2.491E+00	2.492E+00	2.491E+00	2.492E+00
2.640E+00	2.474E+00	3.690E-03	2.478E+00	2.470E+00	2.474E+00	2.474E+00	2.474E+00	2.474E+00
2.650E+00	2.457E+00	3.746E-03	2.460E+00	2.453E+00	2.456E+00	2.457E+00	2.456E+00	2.457E+00
2.660E+00	2.439E+00	3.802E-03	2.443E+00	2.435E+00	2.439E+00	2.440E+00	2.439E+00	2.439E+00
2.670E+00	2.422E+00	3.857E-03	2.426E+00	2.418E+00	2.421E+00	2.422E+00	2.421E+00	2.422E+00
2.680E+00	2.404E+00	3.912E-03	2.408E+00	2.401E+00	2.404E+00	2.405E+00	2.404E+00	2.405E+00
2.690E+00	2.387E+00	3.967E-03	2.391E+00	2.383E+00	2.387E+00	2.388E+00	2.387E+00	2.387E+00
2.700E+00	2.370E+00	4.021E-03	2.374E+00	2.366E+00	2.370E+00	2.370E+00	2.370E+00	2.370E+00
2.710E+00	2.353E+00	4.075E-03	2.357E+00	2.349E+00	2.353E+00	2.353E+00	2.353E+00	2.353E+00
2.720E+00	2.336E+00	4.128E-03	2.340E+00	2.332E+00	2.336E+00	2.336E+00	2.336E+00	2.336E+00
2.730E+00	2.319E+00	4.181E-03	2.323E+00	2.315E+00	2.319E+00	2.319E+00	2.319E+00	2.319E+00
2.740E+00	2.302E+00	4.233E-03	2.306E+00	2.298E+00	2.302E+00	2.303E+00	2.302E+00	2.302E+00
2.750E+00	2.285E+00	4.286E-03	2.290E+00	2.281E+00	2.285E+00	2.286E+00	2.285E+00	2.286E+00
2.760E+00	2.269E+00	4.337E-03	2.273E+00	2.264E+00	2.268E+00	2.269E+00	2.268E+00	2.269E+00
2.770E+00	2.252E+00	4.389E-03	2.256E+00	2.248E+00	2.252E+00	2.252E+00	2.252E+00	2.252E+00
2.780E+00	2.236E+00	4.439E-03	2.240E+00	2.231E+00	2.235E+00	2.236E+00	2.235E+00	2.236E+00
2.790E+00	2.219E+00	4.490E-03	2.224E+00	2.215E+00	2.219E+00	2.219E+00	2.219E+00	2.219E+00
2.800E+00	2.203E+00	4.540E-03	2.207E+00	2.198E+00	2.202E+00	2.203E+00	2.202E+00	2.203E+00
2.810E+00	2.186E+00	4.589E-03	2.191E+00	2.182E+00	2.186E+00	2.187E+00	2.186E+00	2.187E+00
2.820E+00	2.170E+00	4.638E-03	2.175E+00	2.165E+00	2.170E+00	2.170E+00	2.170E+00	2.170E+00
2.830E+00	2.154E+00	4.687E-03	2.159E+00	2.149E+00	2.153E+00	2.154E+00	2.154E+00	2.154E+00
2.840E+00	2.138E+00	4.735E-03	2.143E+00	2.133E+00	2.137E+00	2.138E+00	2.137E+00	2.138E+00
2.850E+00	2.122E+00	4.783E-03	2.127E+00	2.117E+00	2.121E+00	2.122E+00	2.121E+00	2.122E+00
2.860E+00	2.106E+00	4.830E-03	2.111E+00	2.101E+00	2.105E+00	2.106E+00	2.106E+00	2.106E+00
2.870E+00	2.090E+00	4.876E-03	2.095E+00	2.085E+00	2.089E+00	2.090E+00	2.090E+00	2.090E+00
2.880E+00	2.074E+00	4.923E-03	2.079E+00	2.069E+00	2.074E+00	2.075E+00	2.074E+00	2.074E+00
2.890E+00	2.058E+00	4.968E-03	2.063E+00	2.054E+00	2.058E+00	2.059E+00	2.058E+00	2.059E+00
2.900E+00	2.043E+00	5.014E-03	2.048E+00	2.038E+00	2.042E+00	2.043E+00	2.043E+00	2.043E+00
2.910E+00	2.027E+00	5.058E-03	2.032E+00	2.022E+00	2.027E+00	2.028E+00	2.027E+00	2.027E+00
2.920E+00	2.012E+00	5.103E-03	2.017E+00	2.007E+00	2.011E+00	2.012E+00	2.011E+00	2.012E+00
2.930E+00	1.996E+00	5.146E-03	2.001E+00	1.991E+00	1.996E+00	1.997E+00	1.996E+00	1.997E+00
2.940E+00	1.981E+00	5.190E-03	1.986E+00	1.976E+00	1.981E+00	1.981E+00	1.981E+00	1.981E+00
2.950E+00	1.966E+00	5.232E-03	1.971E+00	1.961E+00	1.965E+00	1.966E+00	1.965E+00	1.966E+00
2.960E+00	1.951E+00	5.275E-03	1.956E+00	1.945E+00	1.950E+00	1.951E+00	1.950E+00	1.951E+00
2.970E+00	1.935E+00	5.316E-03	1.941E+00	1.930E+00	1.935E+00	1.936E+00	1.935E+00	1.936E+00
2.980E+00	1.920E+00	5.358E-03	1.926E+00	1.915E+00	1.920E+00	1.921E+00	1.920E+00	1.921E+00
2.990E+00	1.905E+00	5.398E-03	1.911E+00	1.900E+00	1.905E+00	1.906E+00	1.905E+00	1.906E+00
3.000E+00	1.891E+00	5.438E-03	1.896E+00	1.885E+00	1.890E+00	1.891E+00	1.890E+00	1.891E+00
