1.000E-02	7.089E+00	3.190E-03	7.092E+00	7.086E+00	7.090E+00	7.087E+00	7.089E+00	7.089E+00
2.000E-02	7.088E+00	3.173E-03	7.091E+00	7.085E+00	7.090E+00	7.086E+00	7.088E+00	7.088E+00
3.000E-02	7.087E+00	3.150E-03	7.089E+00	7.084E+00	7.088E+00	7.085E+00	7.087E+00	7.087E+00
4.000E-02	7.085E+00	3.123E-03	7.088E+00	7.083E+00	7.087E+00	7.084E+00	7.085E+00	7.085E+00
5.000E-02	7.083E+00	3.092E-03	7.086E+00	7.081E+00	7.085E+00	7.082E+00	7.083E+00	7.083E+00
6.000E-02	7.081E+00	3.059E-03	7.084E+00	7.078E+00	7.083E+00	7.079E+00	7.081E+00	7.081E+00
7.000E-02	7.078E+00	3.022E-03	7.081E+00	7.076E+00	7.080E+00	7.077E+00	7.078E+00	7.078E+00
8.000E-02	7.075E+00	2.983E-03	7.078E+00	7.073E+00	7.077E+00	7.074E+00	7.075E+00	7.075E+00
9.000E-02	7.072E+00	2.942E-03	7.075E+00	7.070E+00	7.074E+00	7.071E+00	7.072E+00	7.072E+00
1.000E-01	7.069E+00	2.899E-03	7.071E+00	7.066E+00	7.070E+00	7.067E+00	7.069E+00	7.069E+00
1.100E-01	7.065E+00	2.855E-03	7.067E+00	7.062E+00	7.066E+00	7.063E+00	7.065E+00	7.065E+00
1.200E-01	7.061E+00	2.809E-03	7.063E+00	7.058E+00	7.062E+00	7.059E+00	7.061E+00	7.061E+00
1.300E-01	7.056E+00	2.762E-03	7.058E+00	7.054E+00	7.058E+00	7.055E+00	7.056E+00	7.056E+00
1.400E-01	7.052E+00	2.715E-03	7.054E+00	7.049E+00	7.053E+00	7.050E+00	7.052E+00	7.052E+00
1.500E-01	7.047E+00	2.666E-03	7.049E+00	7.044E+00	7.048E+00	7.045E+00	7.047E+00	7.047E+00
1.600E-01	7.041E+00	2.617E-03	7.043E+00	7.039E+00	7.043E+00	7.040E+00	7.041E+00	7.041E+00
1.700E-01	7.036E+00	2.567E-03	7.038E+00	7.034E+00	7.038E+00	7.034E+00	7.036E+00	7.036E+00
1.800E-01	7.030E+00	2.516E-03	7.032E+00	7.028E+00	7.032E+00	7.029E+00	7.030E+00	7.030E+00
1.900E-01	7.024E+00	2.466E-03	7.026E+00	7.022E+00	7.026E+00	7.023E+00	7.024E+00	7.024E+00
2.000E-01	7.018E+00	2.415E-03	7.020E+00	7.016E+00	7.019E+00	7.016E+00	7.018E+00	7.018E+00
2.100E-01	7.011E+00	2.365E-03	7.013E+00	7.010E+00	7.013E+00	7.010E+00	7.011E+00	7.011E+00
2.200E-01	7.005E+00	2.314E-03	7.006E+00	7.003E+00	7.006E+00	7.003E+00	7.005E+00	7.005E+00
2.300E-01	6.998E+00	2.264E-03	6.999E+00	6.996E+00	6.999E+00	6.996E+00	6.998E+00	6.998E+00
2.400E-01	6.990E+00	2.214E-03	6.992E+00	6.989E+00	6.992E+00	6.989E+00	6.990E+00	6.990E+00
2.500E-01	6.983E+00	2.165E-03	6.984E+00	6.981E+00	6.985E+00	6.981E+00	6.983E+00	6.983E+00
2.600E-01	6.975E+00	2.116E-03	6.977E+00	6.974E+00	6.977E+00	6.974E+00	6.975E+00	6.975E+00
2.700E-01	6.967E+00	2.068E-03	6.969E+00	6.966E+00	6.969E+00	6.966E+00	6.967E+00	6.967E+00
2.800E-01	6.959E+00	2.021E-03	6.960E+00	6.958E+00	6.961E+00	6.958E+00	6.959E+00	6.959E+00
2.900E-01	6.951E+00	1.976E-03	6.952E+00	6.950E+00	6.952E+00	6.949E+00	6.951E+00	6.951E+00
3.000E-01	6.942E+00	1.931E-03	6.943E+00	6.941E+00	6.944E+00	6.941E+00	6.942E+00	6.942E+00
3.100E-01	6.933E+00	1.887E-03	6.934E+00	6.932E+00	6.935E+00	6.932E+00	6.933E+00	6.933E+00
3.200E-01	6.924E+00	1.846E-03	6.925E+00	6.923E+00	6.926E+00	6.923E+00	6.924E+00	6.924E+00
3.300E-01	6.915E+00	1.805E-03	6.916E+00	6.914E+00	6.917E+00	6.913E+00	6.915E+00	6.915E+00
3.400E-01	6.905E+00	1.767E-03	6.906E+00	6.905E+00	6.907E+00	6.904E+00	6.905E+00	6.906E+00
3.500E-01	6.896E+00	1.730E-03	6.897E+00	6.895E+00	6.897E+00	6.894E+00	6.896E+00	6.896E+00
3.600E-01	6.886E+00	1.695E-03	6.887E+00	6.885E+00	6.887E+00	6.884E+00	6.886E+00	6.886E+00
3.700E-01	6.876E+00	1.662E-03	6.876E+00	6.875E+00	6.877E+00	6.874E+00	6.876E+00	6.876E+00
3.800E-01	6.865E+00	1.632E-03	6.866E+00	6.865E+00	6.867E+00	6.864E+00	6.865E+00	6.865E+00
3.900E-01	6.855E+00	1.604E-03	6.855E+00	6.854E+00	6.856E+00	6.853E+00	6.855E+00	6.855E+00
4.000E-01	6.844E+00	1.578E-03	6.845E+00	6.844E+00	6.846E+00	6.843E+00	6.844E+00	6.844E+00
4.100E-01	6.833E+00	1.555E-03	6.834E+00	6.833E+00	6.835E+00	6.832E+00	6.833E+00	6.833E+00
4.200E-01	6.822E+00	1.535E-03	6.822E+00	6.822E+00	6.824E+00	6.821E+00	6.822E+00	6.822E+00
4.300E-01	6.811E+00	1.517E-03	6.811E+00	6.811E+00	6.812E+00	6.809E+00	6.811E+00	6.811E+00
4.400E-01	6.799E+00	1.502E-03	6.799E+00	6.799E+00	6.801E+00	6.798E+00	6.799E+00	6.799E+00
4.500E-01	6.788E+00	1.490E-03	6.788E+00	6.787E+00	6.789E+00	6.786E+00	6.787E+00	6.788E+00
4.600E-01	6.776E+00	1.481E-03	6.776E+00	6.776E+00	6.777E+00	6.774E+00	6.776E+00	6.776E+00
4.700E-01	6.764E+00	1.474E-03	6.764E+00	6.764E+00	6.765E+00	6.762E+00	6.763E+00	6.764E+00
4.800E-01	6.751E+00	1.471E-03	6.751E+00	6.751E+00	6.753E+00	6.750E+00	6.751E+00	6.751E+00
4.900E-01	6.739E+00	1.470E-03	6.739E+00	6.739E+00	6.740E+00	6.737E+00	6.739E+00	6.739E+00
5.000E-01	6.726E+00	1.472E-03	6.726E+00	6.726E+00	6.728E+00	6.725E+00	6.726E+00	6.726E+00
5.100E-01	6.713E+00	1.476E-03	6.713E+00	6.714E+00	6.715E+00	6.712E+00	6.713E+00	6.713E+00
5.200E-01	6.700E+00	1.483E-03	6.700E+00	6.701E+00	6.702E+00	6.699E+00	6.700E+00	6.700E+00
5.300E-01	6.687E+00	1.492E-03	6.687E+00	6.688E+00	6.689E+00	6.686E+00	6.687E+00	6.687E+00
5.400E-01	6.674E+00	1.503E-03	6.673E+00	6.674E+00	6.675E+00	6.672E+00	6.674E+00	6.674E+00
5.500E-01	6.660E+00	1.517E-03	6.660E+00	6.661E+00	6.662E+00	6.659E+00	6.660E+00	6.660E+00
5.600E-01	6.647E+00	1.533E-03	6.646E+00	6.647E+00	6.648E+00	6.645E+00	6.647E+00	6.647E+00
5.700E-01	6.633E+00	1.550E-03	6.632E+00	6.633E+00	6.634E+00	6.631E+00	6.633E+00	6.633E+00
5.800E-01	6.619E+00	1.569E-03	6.618E+00	6.620E+00	6.620E+00	6.617E+00	6.619E+00	6.619E+00
5.900E-01	6.605E+00	1.590E-03	6.604E+00	6.605E+00	6.606E+00	6.603E+00	6.605E+00	6.605E+00
6.000E-01	6.590E+00	1.612E-03	6.589E+00	6.591E+00	6.592E+00	6.589E+00	6.590E+00	6.590E+00
6.100E-01	6.576E+00	1.635E-03	6.575E+00	6.577E+00	6.577E+00	6.574E+00	6.576E+00	6.576E+00
6.200E-01	6.561E+00	1.660E-03	6.560E+00	6.562E+00	6.562E+00	6.560E+00	6.561E+00	6.561E+00
6.300E-01	6.546E+00	1.685E-03	6.545E+00	6.547E+00	6.548E+00	6.545E+00	6.546E+00	6.546E+00
6.400E-01	6.531E+00	1.711E-03	6.530E+00	6.532E+00	6.533E+00	6.530E+00	6.531E+00	6.531E+00
6.500E-01	6.516E+00	1.738E-03	6.515E+00	6.517E+00	6.518E+00	6.515E+00	6.516E+00	6.516E+00
6.600E-01	6.501E+00	1.766E-03	6.500E+00	6.502E+00	6.502E+00	6.500E+00	6.501E+00	6.501E+00
6.700E-01	6.485E+00	1.794E-03	6.484E+00	6.487E+00	6.487E+00	6.484E+00	6.485E+00	6.486E+00
6.800E-01	6.470E+00	1.822E-03	6.469E+00	6.471E+00	6.471E+00	6.469E+00	6.470E+00	6.470E+00
6.900E-01	6.454E+00	1.851E-03	6.453E+00	6.455E+00	6.455E+00	6.453E+00	6.454E+00	6.454E+00
7.000E-01	6.438E+00	1.880E-03	6.437E+00	6.440E+00	6.440E+00	6.437E+00	6.438E+00	6.438E+00
7.100E-01	6.422E+00	1.909E-03	6.421E+00	6.424E+00	6.424E+00	6.421E+00	6.422E+00	6.422E+00
7.200E-01	6.406E+00	1.939E-03	6.405E+00	6.408E+00	6.407E+00	6.405E+00	6.406E+00	6.406E+00
7.300E-01	6.390E+00	1.968E-03	6.388E+00	6.391E+00	6.391E+00	6.389E+00	6.390E+00	6.390E+00
7.400E-01	6.373E+00	1.997E-03	6.372E+00	6.375E+00	6.375E+00	6.372E+00	6.373E+00	6.373E+00
7.500E-01	6.357E+00	2.026E-03	6.355E+00	6.358E+00	6.358E+00	6.356E+00	6.357E+00	6.357E+00
7.600E-01	6.340E+00	2.054E-03	6.338E+00	6.342E+00	6.341E+00	6.339E+00	6.340E+00	6.340E+00
7.700E-01	6.323E+00	2.083E-03	6.322E+00	6.325E+00	6.325E+00	6.322E+00	6.323E+00	6.323E+00
7.800E-01	6.306E+00	2.111E-03	6.305E+00	6.308E+00	6.308E+00	6.305E+00	6.306E+00	6.306E+00
7.900E-01	6.289E+00	2.139E-03	6.287E+00	6.291E+00	6.290E+00	6.288E+00	6.289E+00	6.289E+00
8.000E-01	6.272E+00	2.166E-03	6.270E+00	6.274E+00	6.273E+00	6.271E+00	6.272E+00	6.272E+00
8.100E-01	6.255E+00	2.193E-03	6.253E+00	6.256E+00	6.256E+00	6.253E+00	6.255E+00	6.255E+00
8.200E-01	6.237E+00	2.219E-03	6.235E+00	6.239E+00	6.238E+00	6.236E+00	6.237E+00	6.237E+00
8.300E-01	6.220E+00	2.245E-03	6.218E+00	6.222E+00	6.221E+00	6.218E+00	6.219E+00	6.220E+00
8.400E-01	6.202E+00	2.270E-03	6.200E+00	6.204E+00	6.203E+00	6.201E+00	6.202E+00	6.202E+00
8.500E-01	6.184E+00	2.295E-03	6.182E+00	6.186E+00	6.185E+00	6.183E+00	6.184E+00	6.184E+00
8.600E-01	6.166E+00	2.319E-03	6.164E+00	6.168E+00	6.167E+00	6.165E+00	6.166E+00	6.166E+00
8.700E-01	6.148E+00	2.343E-03	6.146E+00	6.150E+00	6.149E+00	6.147E+00	6.148E+00	6.148E+00
8.800E-01	6.130E+00	2.365E-03	6.128E+00	6.132E+00	6.131E+00	6.129E+00	6.130E+00	6.130E+00
8.900E-01	6.112E+00	2.387E-03	6.110E+00	6.114E+00	6.113E+00	6.110E+00	6.111E+00	6.112E+00
9.000E-01	6.093E+00	2.409E-03	6.091E+00	6.095E+00	6.094E+00	6.092E+00	6.093E+00	6.093E+00
9.100E-01	6.075E+00	2.429E-03	6.073E+00	6.077E+00	6.076E+00	6.074E+00	6.075E+00	6.075E+00
9.200E-01	6.056E+00	2.449E-03	6.054E+00	6.058E+00	6.057E+00	6.055E+00	6.056E+00	6.056E+00
9.300E-01	6.037E+00	2.468E-03	6.035E+00	6.040E+00	6.038E+00	6.036E+00	6.037E+00	6.038E+00
9.400E-01	6.019E+00	2.486E-03	6.016E+00	6.021E+00	6.020E+00	6.017E+00	6.018E+00	6.019E+00
9.500E-01	6.000E+00	2.504E-03	5.997E+00	6.002E+00	6.001E+00	5.999E+00	6.000E+00	6.000E+00
9.600E-01	5.981E+00	2.521E-03	5.978E+00	5.983E+00	5.982E+00	5.980E+00	5.981E+00	5.981E+00
9.700E-01	5.962E+00	2.536E-03	5.959E+00	5.964E+00	5.963E+00	5.960E+00	5.961E+00	5.962E+00
9.800E-01	5.942E+00	2.551E-03	5.940E+00	5.945E+00	5.943E+00	5.941E+00	5.942E+00	5.942E+00
9.900E-01	5.923E+00	2.566E-03	5.921E+00	5.925E+00	5.924E+00	5.922E+00	5.923E+00	5.923E+00
1.000E+00	5.904E+00	2.579E-03	5.901E+00	5.906E+00	5.905E+00	5.903E+00	5.903E+00	5.904E+00
1.010E+00	5.884E+00	2.591E-03	5.882E+00	5.886E+00	5.885E+00	5.883E+00	5.884E+00	5.884E+00
1.020E+00	5.865E+00	2.603E-03	5.862E+00	5.867E+00	5.866E+00	5.864E+00	5.864E+00	5.865E+00
1.030E+00	5.845E+00	2.614E-03	5.842E+00	5.847E+00	5.846E+00	5.844E+00	5.845E+00	5.845E+00
1.040E+00	5.825E+00	2.624E-03	5.823E+00	5.828E+00	5.826E+00	5.824E+00	5.825E+00	5.825E+00
1.050E+00	5.805E+00	2.633E-03	5.803E+00	5.808E+00	5.806E+00	5.804E+00	5.805E+00	5.805E+00
1.060E+00	5.785E+00	2.641E-03	5.783E+00	5.788E+00	5.786E+00	5.784E+00	5.785E+00	5.785E+00
1.070E+00	5.765E+00	2.648E-03	5.763E+00	5.768E+00	5.766E+00	5.764E+00	5.765E+00	5.765E+00
1.080E+00	5.745E+00	2.654E-03	5.743E+00	5.748E+00	5.746E+00	5.744E+00	5.745E+00	5.745E+00
1.090E+00	5.725E+00	2.660E-03	5.723E+00	5.728E+00	5.726E+00	5.724E+00	5.725E+00	5.725E+00
1.100E+00	5.705E+00	2.664E-03	5.702E+00	5.707E+00	5.706E+00	5.704E+00	5.705E+00	5.705E+00
1.110E+00	5.685E+00	2.668E-03	5.682E+00	5.687E+00	5.685E+00	5.684E+00	5.684E+00	5.685E+00
1.120E+00	5.664E+00	2.670E-03	5.662E+00	5.667E+00	5.665E+00	5.663E+00	5.664E+00	5.664E+00
1.130E+00	5.644E+00	2.672E-03	5.641E+00	5.646E+00	5.645E+00	5.643E+00	5.643E+00	5.644E+00
1.140E+00	5.623E+00	2.673E-03	5.621E+00	5.626E+00	5.624E+00	5.622E+00	5.623E+00	5.623E+00
1.150E+00	5.603E+00	2.673E-03	5.600E+00	5.605E+00	5.603E+00	5.602E+00	5.602E+00	5.603E+00
1.160E+00	5.582E+00	2.672E-03	5.579E+00	5.584E+00	5.583E+00	5.581E+00	5.582E+00	5.582E+00
1.170E+00	5.561E+00	2.671E-03	5.559E+00	5.564E+00	5.562E+00	5.560E+00	5.561E+00	5.561E+00
1.180E+00	5.540E+00	2.668E-03	5.538E+00	5.543E+00	5.541E+00	5.539E+00	5.540E+00	5.540E+00
1.190E+00	5.519E+00	2.664E-03	5.517E+00	5.522E+00	5.520E+00	5.519E+00	5.519E+00	5.520E+00
1.200E+00	5.499E+00	2.660E-03	5.496E+00	5.501E+00	5.499E+00	5.498E+00	5.498E+00	5.499E+00
1.210E+00	5.478E+00	2.655E-03	5.475E+00	5.480E+00	5.478E+00	5.477E+00	5.477E+00	5.478E+00
1.220E+00	5.456E+00	2.648E-03	5.454E+00	5.459E+00	5.457E+00	5.456E+00	5.456E+00	5.457E+00
1.230E+00	5.435E+00	2.641E-03	5.433E+00	5.438E+00	5.436E+00	5.435E+00	5.435E+00	5.436E+00
1.240E+00	5.414E+00	2.633E-03	5.412E+00	5.417E+00	5.415E+00	5.413E+00	5.414E+00	5.414E+00
1.250E+00	5.393E+00	2.624E-03	5.391E+00	5.396E+00	5.394E+00	5.392E+00	5.393E+00	5.393E+00
1.260E+00	5.372E+00	2.615E-03	5.369E+00	5.374E+00	5.373E+00	5.371E+00	5.372E+00	5.372E+00
1.270E+00	5.350E+00	2.604E-03	5.348E+00	5.353E+00	5.351E+00	5.350E+00	5.350E+00	5.351E+00
1.280E+00	5.329E+00	2.593E-03	5.327E+00	5.332E+00	5.330E+00	5.328E+00	5.329E+00	5.329E+00
1.290E+00	5.308E+00	2.580E-03	5.305E+00	5.310E+00	5.308E+00	5.307E+00	5.307E+00	5.308E+00
1.300E+00	5.286E+00	2.567E-03	5.284E+00	5.289E+00	5.287E+00	5.285E+00	5.286E+00	5.286E+00
1.310E+00	5.265E+00	2.553E-03	5.262E+00	5.267E+00	5.265E+00	5.264E+00	5.265E+00	5.265E+00
1.320E+00	5.243E+00	2.539E-03	5.241E+00	5.246E+00	5.244E+00	5.242E+00	5.243E+00	5.243E+00
1.330E+00	5.222E+00	2.523E-03	5.219E+00	5.224E+00	5.222E+00	5.221E+00	5.221E+00	5.222E+00
1.340E+00	5.200E+00	2.506E-03	5.198E+00	5.202E+00	5.201E+00	5.199E+00	5.200E+00	5.200E+00
1.350E+00	5.178E+00	2.489E-03	5.176E+00	5.181E+00	5.179E+00	5.178E+00	5.178E+00	5.178E+00
1.360E+00	5.157E+00	2.471E-03	5.154E+00	5.159E+00	5.157E+00	5.156E+00	5.156E+00	5.157E+00
1.370E+00	5.135E+00	2.452E-03	5.132E+00	5.137E+00	5.135E+00	5.134E+00	5.135E+00	5.135E+00
1.380E+00	5.113E+00	2.433E-03	5.111E+00	5.115E+00	5.114E+00	5.112E+00	5.113E+00	5.113E+00
1.390E+00	5.091E+00	2.412E-03	5.089E+00	5.094E+00	5.092E+00	5.091E+00	5.091E+00	5.091E+00
1.400E+00	5.069E+00	2.391E-03	5.067E+00	5.072E+00	5.070E+00	5.069E+00	5.069E+00	5.070E+00
1.410E+00	5.048E+00	2.369E-03	5.045E+00	5.050E+00	5.048E+00	5.047E+00	5.047E+00	5.048E+00
1.420E+00	5.026E+00	2.346E-03	5.023E+00	5.028E+00	5.026E+00	5.025E+00	5.025E+00	5.026E+00
1.430E+00	5.004E+00	2.323E-03	5.001E+00	5.006E+00	5.004E+00	5.003E+00	5.004E+00	5.004E+00
1.440E+00	4.982E+00	2.298E-03	4.980E+00	4.984E+00	4.982E+00	4.981E+00	4.982E+00	4.982E+00
1.450E+00	4.960E+00	2.273E-03	4.958E+00	4.962E+00	4.960E+00	4.959E+00	4.960E+00	4.960E+00
1.460E+00	4.938E+00	2.248E-03	4.936E+00	4.940E+00	4.938E+00	4.937E+00	4.938E+00	4.938E+00
1.470E+00	4.916E+00	2.221E-03	4.914E+00	4.918E+00	4.916E+00	4.915E+00	4.916E+00	4.916E+00
1.480E+00	4.894E+00	2.194E-03	4.892E+00	4.896E+00	4.894E+00	4.893E+00	4.893E+00	4.894E+00
1.490E+00	4.872E+00	2.166E-03	4.870E+00	4.874E+00	4.872E+00	4.871E+00	4.871E+00	4.872E+00
1.500E+00	4.850E+00	2.137E-03	4.847E+00	4.852E+00	4.850E+00	4.849E+00	4.849E+00	4.850E+00
1.510E+00	4.827E+00	2.108E-03	4.825E+00	4.829E+00	4.828E+00	4.827E+00	4.827E+00	4.828E+00
1.520E+00	4.805E+00	2.078E-03	4.803E+00	4.807E+00	4.806E+00	4.805E+00	4.805E+00	4.806E+00
1.530E+00	4.783E+00	2.048E-03	4.781E+00	4.785E+00	4.784E+00	4.783E+00	4.783E+00	4.783E+00
1.540E+00	4.761E+00	2.017E-03	4.759E+00	4.763E+00	4.761E+00	4.761E+00	4.761E+00	4.761E+00
1.550E+00	4.739E+00	1.985E-03	4.737E+00	4.741E+00	4.739E+00	4.738E+00	4.739E+00	4.739E+00
1.560E+00	4.717E+00	1.952E-03	4.715E+00	4.719E+00	4.717E+00	4.716E+00	4.716E+00	4.717E+00
1.570E+00	4.695E+00	1.919E-03	4.693E+00	4.696E+00	4.695E+00	4.694E+00	4.694E+00	4.695E+00
1.580E+00	4.672E+00	1.885E-03	4.671E+00	4.674E+00	4.673E+00	4.672E+00	4.672E+00	4.673E+00
1.590E+00	4.650E+00	1.851E-03	4.648E+00	4.652E+00	4.651E+00	4.650E+00	4.650E+00	4.650E+00
1.600E+00	4.628E+00	1.816E-03	4.626E+00	4.630E+00	4.628E+00	4.628E+00	4.628E+00	4.628E+00
1.610E+00	4.606E+00	1.781E-03	4.604E+00	4.607E+00	4.606E+00	4.605E+00	4.606E+00	4.606E+00
1.620E+00	4.584E+00	1.744E-03	4.582E+00	4.585E+00	4.584E+00	4.583E+00	4.583E+00	4.584E+00
1.630E+00	4.561E+00	1.708E-03	4.560E+00	4.563E+00	4.562E+00	4.561E+00	4.561E+00	4.562E+00
1.640E+00	4.539E+00	1.671E-03	4.538E+00	4.541E+00	4.539E+00	4.539E+00	4.539E+00	4.539E+00
1.650E+00	4.517E+00	1.633E-03	4.515E+00	4.518E+00	4.517E+00	4.517E+00	4.517E+00	4.517E+00
1.660E+00	4.495E+00	1.595E-03	4.493E+00	4.496E+00	4.495E+00	4.494E+00	4.494E+00	4.495E+00
1.670E+00	4.472E+00	1.556E-03	4.471E+00	4.474E+00	4.473E+00	4.472E+00	4.472E+00	4.473E+00
1.680E+00	4.450E+00	1.517E-03	4.449E+00	4.452E+00	4.451E+00	4.450E+00	4.450E+00	4.451E+00
1.690E+00	4.428E+00	1.477E-03	4.427E+00	4.430E+00	4.428E+00	4.428E+00	4.428E+00	4.428E+00
1.700E+00	4.406E+00	1.437E-03	4.405E+00	4.407E+00	4.406E+00	4.406E+00	4.406E+00	4.406E+00
1.710E+00	4.384E+00	1.396E-03	4.382E+00	4.385E+00	4.384E+00	4.383E+00	4.383E+00	4.384E+00
1.720E+00	4.362E+00	1.355E-03	4.360E+00	4.363E+00	4.362E+00	4.361E+00	4.361E+00	4.362E+00
1.730E+00	4.339E+00	1.314E-03	4.338E+00	4.341E+00	4.340E+00	4.339E+00	4.339E+00	4.340E+00
1.740E+00	4.317E+00	1.272E-03	4.316E+00	4.318E+00	4.317E+00	4.317E+00	4.317E+00	4.317E+00
1.750E+00	4.295E+00	1.230E-03	4.294E+00	4.296E+00	4.295E+00	4.295E+00	4.295E+00	4.295E+00
1.760E+00	4.273E+00	1.187E-03	4.272E+00	4.274E+00	4.273E+00	4.273E+00	4.273E+00	4.273E+00
1.770E+00	4.251E+00	1.144E-03	4.250E+00	4.252E+00	4.251E+00	4.251E+00	4.251E+00	4.251E+00
1.780E+00	4.229E+00	1.101E-03	4.228E+00	4.230E+00	4.229E+00	4.228E+00	4.228E+00	4.229E+00
1.790E+00	4.207E+00	1.058E-03	4.206E+00	4.208E+00	4.207E+00	4.206E+00	4.206E+00	4.207E+00
1.800E+00	4.185E+00	1.014E-03	4.184E+00	4.186E+00	4.185E+00	4.184E+00	4.184E+00	4.185E+00
1.810E+00	4.163E+00	9.699E-04	4.162E+00	4.163E+00	4.163E+00	4.162E+00	4.162E+00	4.163E+00
1.820E+00	4.140E+00	9.257E-04	4.140E+00	4.141E+00	4.141E+00	4.140E+00	4.140E+00	4.141E+00
1.830E+00	4.118E+00	8.813E-04	4.118E+00	4.119E+00	4.119E+00	4.118E+00	4.118E+00	4.119E+00
1.840E+00	4.096E+00	8.368E-04	4.096E+00	4.097E+00	4.097E+00	4.096E+00	4.096E+00	4.097E+00
1.850E+00	4.075E+00	7.922E-04	4.074E+00	4.075E+00	4.075E+00	4.074E+00	4.074E+00	4.075E+00
1.860E+00	4.053E+00	7.477E-04	4.052E+00	4.053E+00	4.053E+00	4.052E+00	4.052E+00	4.053E+00
1.870E+00	4.031E+00	7.032E-04	4.030E+00	4.031E+00	4.031E+00	4.031E+00	4.030E+00	4.031E+00
1.880E+00	4.009E+00	6.589E-04	4.008E+00	4.009E+00	4.009E+00	4.009E+00	4.009E+00	4.009E+00
1.890E+00	3.987E+00	6.149E-04	3.986E+00	3.987E+00	3.987E+00	3.987E+00	3.987E+00	3.987E+00
1.900E+00	3.965E+00	5.714E-04	3.965E+00	3.966E+00	3.965E+00	3.965E+00	3.965E+00	3.965E+00
1.910E+00	3.943E+00	5.286E-04	3.943E+00	3.944E+00	3.943E+00	3.943E+00	3.943E+00	3.944E+00
1.920E+00	3.921E+00	4.867E-04	3.921E+00	3.922E+00	3.922E+00	3.921E+00	3.921E+00	3.922E+00
1.930E+00	3.900E+00	4.462E-04	3.899E+00	3.900E+00	3.900E+00	3.900E+00	3.899E+00	3.900E+00
1.940E+00	3.878E+00	4.074E-04	3.878E+00	3.878E+00	3.878E+00	3.878E+00	3.878E+00	3.878E+00
1.950E+00	3.856E+00	3.712E-04	3.856E+00	3.857E+00	3.856E+00	3.856E+00	3.856E+00	3.857E+00
1.960E+00	3.835E+00	3.383E-04	3.834E+00	3.835E+00	3.835E+00	3.835E+00	3.834E+00	3.835E+00
1.970E+00	3.813E+00	3.101E-04	3.813E+00	3.813E+00	3.813E+00	3.813E+00	3.813E+00	3.813E+00
1.980E+00	3.791E+00	2.880E-04	3.791E+00	3.792E+00	3.791E+00	3.791E+00	3.791E+00	3.792E+00
1.990E+00	3.770E+00	2.735E-04	3.770E+00	3.770E+00	3.770E+00	3.770E+00	3.770E+00	3.770E+00
2.000E+00	3.748E+00	2.682E-04	3.748E+00	3.748E+00	3.748E+00	3.748E+00	3.748E+00	3.749E+00
2.010E+00	3.727E+00	2.725E-04	3.727E+00	3.727E+00	3.727E+00	3.727E+00	3.727E+00	3.727E+00
2.020E+00	3.705E+00	2.863E-04	3.706E+00	3.705E+00	3.705E+00	3.705E+00	3.705E+00	3.706E+00
2.030E+00	3.684E+00	3.082E-04	3.684E+00	3.684E+00	3.684E+00	3.684E+00	3.684E+00	3.684E+00
2.040E+00	3.663E+00	3.368E-04	3.663E+00	3.662E+00	3.663E+00	3.663E+00	3.662E+00	3.663E+00
2.050E+00	3.641E+00	3.705E-04	3.642E+00	3.641E+00	3.641E+00	3.641E+00	3.641E+00	3.642E+00
2.060E+00	3.620E+00	4.083E-04	3.620E+00	3.620E+00	3.620E+00	3.620E+00	3.620E+00	3.620E+00
2.070E+00	3.599E+00	4.490E-04	3.599E+00	3.599E+00	3.599E+00	3.599E+00	3.599E+00	3.599E+00
2.080E+00	3.578E+00	4.920E-04	3.578E+00	3.577E+00	3.578E+00	3.578E+00	3.577E+00	3.578E+00
2.090E+00	3.556E+00	5.367E-04	3.557E+00	3.556E+00	3.556E+00	3.557E+00	3.556E+00	3.557E+00
2.100E+00	3.535E+00	5.829E-04	3.536E+00	3.535E+00	3.535E+00	3.535E+00	3.535E+00	3.536E+00
2.110E+00	3.514E+00	6.301E-04	3.515E+00	3.514E+00	3.514E+00	3.514E+00	3.514E+00	3.515E+00
2.120E+00	3.493E+00	6.782E-04	3.494E+00	3.493E+00	3.493E+00	3.493E+00	3.493E+00	3.494E+00
2.130E+00	3.472E+00	7.270E-04	3.473E+00	3.472E+00	3.472E+00	3.472E+00	3.472E+00	3.473E+00
2.140E+00	3.451E+00	7.763E-04	3.452E+00	3.451E+00	3.451E+00	3.451E+00	3.451E+00	3.452E+00
2.150E+00	3.431E+00	8.262E-04	3.431E+00	3.430E+00	3.430E+00	3.431E+00	3.430E+00	3.431E+00
2.160E+00	3.410E+00	8.764E-04	3.411E+00	3.409E+00	3.410E+00	3.410E+00	3.409E+00	3.410E+00
2.170E+00	3.389E+00	9.270E-04	3.390E+00	3.388E+00	3.389E+00	3.389E+00	3.389E+00	3.389E+00
2.180E+00	3.368E+00	9.778E-04	3.369E+00	3.367E+00	3.368E+00	3.368E+00	3.368E+00	3.369E+00
2.190E+00	3.348E+00	1.029E-03	3.349E+00	3.347E+00	3.347E+00	3.348E+00	3.347E+00	3.348E+00
2.200E+00	3.327E+00	1.080E-03	3.328E+00	3.326E+00	3.327E+00	3.327E+00	3.327E+00	3.327E+00
2.210E+00	3.306E+00	1.131E-03	3.307E+00	3.305E+00	3.306E+00	3.307E+00	3.306E+00	3.307E+00
2.220E+00	3.286E+00	1.183E-03	3.287E+00	3.285E+00	3.286E+00	3.286E+00	3.286E+00	3.286E+00
2.230E+00	3.265E+00	1.235E-03	3.267E+00	3.264E+00	3.265E+00	3.266E+00	3.265E+00	3.266E+00
2.240E+00	3.245E+00	1.286E-03	3.246E+00	3.244E+00	3.245E+00	3.245E+00	3.245E+00	3.245E+00
2.250E+00	3.225E+00	1.338E-03	3.226E+00	3.223E+00	3.225E+00	3.225E+00	3.224E+00	3.225E+00
2.260E+00	3.204E+00	1.390E-03	3.206E+00	3.203E+00	3.204E+00	3.205E+00	3.204E+00	3.205E+00
2.270E+00	3.184E+00	1.442E-03	3.186E+00	3.183E+00	3.184E+00	3.184E+00	3.184E+00	3.184E+00
2.280E+00	3.164E+00	1.493E-03	3.165E+00	3.163E+00	3.164E+00	3.164E+00	3.164E+00	3.164E+00
2.290E+00	3.144E+00	1.545E-03	3.145E+00	3.142E+00	3.144E+00	3.144E+00	3.144E+00	3.144E+00
2.300E+00	3.124E+00	1.597E-03	3.125E+00	3.122E+00	3.124E+00	3.124E+00	3.123E+00	3.124E+00
2.310E+00	3.104E+00	1.649E-03	3.105E+00	3.102E+00	3.104E+00	3.104E+00	3.103E+00	3.104E+00
2.320E+00	3.084E+00	1.700E-03	3.086E+00	3.082E+00	3.084E+00	3.084E+00	3.084E+00	3.084E+00
2.330E+00	3.064E+00	1.752E-03	3.066E+00	3.062E+00	3.064E+00	3.064E+00	3.064E+00	3.064E+00
2.340E+00	3.044E+00	1.803E-03	3.046E+00	3.042E+00	3.044E+00	3.044E+00	3.044E+00	3.044E+00
2.350E+00	3.024E+00	1.855E-03	3.026E+00	3.023E+00	3.024E+00	3.025E+00	3.024E+00	3.025E+00
2.360E+00	3.005E+00	1.906E-03	3.007E+00	3.003E+00	3.004E+00	3.005E+00	3.004E+00	3.005E+00
2.370E+00	2.985E+00	1.957E-03	2.987E+00	2.983E+00	2.985E+00	2.985E+00	2.985E+00	2.985E+00
2.380E+00	2.965E+00	2.008E-03	2.967E+00	2.963E+00	2.965E+00	2.966E+00	2.965E+00	2.966E+00
2.390E+00	2.946E+00	2.059E-03	2.948E+00	2.944E+00	2.946E+00	2.946E+00	2.946E+00	2.946E+00
2.400E+00	2.926E+00	2.110E-03	2.929E+00	2.924E+00	2.926E+00	2.927E+00	2.926E+00	2.927E+00
2.410E+00	2.907E+00	2.161E-03	2.909E+00	2.905E+00	2.907E+00	2.907E+00	2.907E+00	2.907E+00
2.420E+00	2.888E+00	2.211E-03	2.890E+00	2.886E+00	2.887E+00	2.888E+00	2.887E+00	2.888E+00
2.430E+00	2.868E+00	2.261E-03	2.871E+00	2.866E+00	2.868E+00	2.869E+00	2.868E+00	2.869E+00
2.440E+00	2.849E+00	2.311E-03	2.852E+00	2.847E+00	2.849E+00	2.850E+00	2.849E+00	2.850E+00
2.450E+00	2.830E+00	2.361E-03	2.833E+00	2.828E+00	2.830E+00	2.830E+00	2.830E+00	2.830E+00
2.460E+00	2.811E+00	2.411E-03	2.814E+00	2.809E+00	2.811E+00	2.811E+00	2.811E+00	2.811E+00
2.470E+00	2.792E+00	2.461E-03	2.795E+00	2.790E+00	2.792E+00	2.792E+00	2.792E+00	2.792E+00
2.480E+00	2.773E+00	2.510E-03	2.776E+00	2.771E+00	2.773E+00	2.773E+00	2.773E+00	2.773E+00
2.490E+00	2.754E+00	2.559E-03	2.757E+00	2.752E+00	2.754E+00	2.755E+00	2.754E+00	2.755E+00
2.500E+00	2.736E+00	2.608E-03	2.738E+00	2.733E+00	2.735E+00	2.736E+00	2.735E+00	2.736E+00
2.510E+00	2.717E+00	2.657E-03	2.719E+00	2.714E+00	2.717E+00	2.717E+00	2.717E+00	2.717E+00
2.520E+00	2.698E+00	2.705E-03	2.701E+00	2.696E+00	2.698E+00	2.698E+00	2.698E+00	2.698E+00
2.530E+00	2.680E+00	2.753E-03	2.682E+00	2.677E+00	2.679E+00	2.680E+00	2.679E+00	2.680E+00
2.540E+00	2.661E+00	2.801E-03	2.664E+00	2.658E+00	2.661E+00	2.661E+00	2.661E+00	2.661E+00
2.550E+00	2.643E+00	2.849E-03	2.645E+00	2.640E+00	2.642E+00	2.643E+00	2.642E+00	2.643E+00
2.560E+00	2.624E+00	2.897E-03	2.627E+00	2.621E+00	2.624E+00	2.625E+00	2.624E+00	2.625E+00
2.570E+00	2.606E+00	2.944E-03	2.609E+00	2.603E+00	2.606E+00	2.606E+00	2.606E+00	2.606E+00
2.580E+00	2.588E+00	2.991E-03	2.591E+00	2.585E+00	2.587E+00	2.588E+00	2.587E+00	2.588E+00
2.590E+00	2.570E+00	3.037E-03	2.573E+00	2.567E+00	2.569E+00	2.570E+00	2.569E+00	2.570E+00
2.600E+00	2.551E+00	3.084E-03	2.555E+00	2.548E+00	2.551E+00	2.552E+00	2.551E+00	2.552E+00
2.610E+00	2.533E+00	3.130E-03	2.537E+00	2.530E+00	2.533E+00	2.534E+00	2.533E+00	2.534E+00
2.620E+00	2.516E+00	3.175E-03	2.519E+00	2.512E+00	2.515E+00	2.516E+00	2.515E+00	2.516E+00
2.630E+00	2.498E+00	3.221E-03	2.501E+00	2.494E+00	2.497E+00	2.498E+00	2.497E+00	2.498E+00
2.640E+00	2.480E+00	3.266E-03	2.483E+00	2.477E+00	2.480E+00	2.480E+00	2.480E+00	2.480E+00
2.650E+00	2.462E+00	3.311E-03	2.465E+00	2.459E+00	2.462E+00	2.462E+00	2.462E+00	2.462E+00
2.660E+00	2.444E+00	3.355E-03	2.448E+00	2.441E+00	2.444E+00	2.445E+00	2.444E+00	2.445E+00
2.670E+00	2.427E+00	3.399E-03	2.430E+00	2.424E+00	2.427E+00	2.427E+00	2.427E+00	2.427E+00
2.680E+00	2.409E+00	3.443E-03	2.413E+00	2.406E+00	2.409E+00	2.410E+00	2.409E+00	2.410E+00
2.690E+00	2.392E+00	3.487E-03	2.395E+00	2.389E+00	2.392E+00	2.392E+00	2.392E+00	2.392E+00
2.700E+00	2.375E+00	3.530E-03	2.378E+00	2.371E+00	2.374E+00	2.375E+00	2.374E+00	2.375E+00
2.710E+00	2.357E+00	3.573E-03	2.361E+00	2.354E+00	2.357E+00	2.358E+00	2.357E+00	2.358E+00
2.720E+00	2.340E+00	3.615E-03	2.344E+00	2.337E+00	2.340E+00	2.341E+00	2.340E+00	2.340E+00
2.730E+00	2.323E+00	3.657E-03	2.327E+00	2.319E+00	2.323E+00	2.323E+00	2.323E+00	2.323E+00
2.740E+00	2.306E+00	3.699E-03	2.310E+00	2.302E+00	2.306E+00	2.306E+00	2.306E+00	2.306E+00
2.750E+00	2.289E+00	3.740E-03	2.293E+00	2.285E+00	2.289E+00	2.289E+00	2.289E+00	2.289E+00
2.760E+00	2.272E+00	3.781E-03	2.276E+00	2.268E+00	2.272E+00	2.272E+00	2.272E+00	2.272E+00
2.770E+00	2.255E+00	3.822E-03	2.259E+00	2.252E+00	2.255E+00	2.256E+00	2.255E+00	2.256E+00
2.780E+00	2.239E+00	3.862E-03	2.242E+00	2.235E+00	2.238E+00	2.239E+00	2.238E+00	2.239E+00
2.790E+00	2.222E+00	3.902E-03	2.226E+00	2.218E+00	2.221E+00	2.222E+00	2.222E+00	2.222E+00
2.800E+00	2.205E+00	3.942E-03	2.209E+00	2.201E+00	2.205E+00	2.206E+00	2.205E+00	2.206E+00
2.810E+00	2.189E+00	3.981E-03	2.193E+00	2.185E+00	2.188E+00	2.189E+00	2.188E+00	2.189E+00
2.820E+00	2.172E+00	4.020E-03	2.176E+00	2.168E+00	2.172E+00	2.173E+00	2.172E+00	2.173E+00
2.830E+00	2.156E+00	4.058E-03	2.160E+00	2.152E+00	2.156E+00	2.156E+00	2.156E+00	2.156E+00
2.840E+00	2.140E+00	4.096E-03	2.144E+00	2.136E+00	2.139E+00	2.140E+00	2.139E+00	2.140E+00
2.850E+00	2.123E+00	4.134E-03	2.128E+00	2.119E+00	2.123E+00	2.124E+00	2.123E+00	2.124E+00
2.860E+00	2.107E+00	4.171E-03	2.112E+00	2.103E+00	2.107E+00	2.108E+00	2.107E+00	2.108E+00
2.870E+00	2.091E+00	4.208E-03	2.095E+00	2.087E+00	2.091E+00	2.092E+00	2.091E+00	2.092E+00
2.880E+00	2.075E+00	4.244E-03	2.080E+00	2.071E+00	2.075E+00	2.076E+00	2.075E+00	2.076E+00
2.890E+00	2.059E+00	4.280E-03	2.064E+00	2.055E+00	2.059E+00	2.060E+00	2.059E+00	2.060E+00
2.900E+00	2.044E+00	4.315E-03	2.048E+00	2.039E+00	2.043E+00	2.044E+00	2.043E+00	2.044E+00
2.910E+00	2.028E+00	4.350E-03	2.032E+00	2.024E+00	2.027E+00	2.028E+00	2.028E+00	2.028E+00
2.920E+00	2.012E+00	4.385E-03	2.017E+00	2.008E+00	2.012E+00	2.013E+00	2.012E+00	2.012E+00
2.930E+00	1.997E+00	4.419E-03	2.001E+00	1.992E+00	1.996E+00	1.997E+00	1.996E+00	1.997E+00
2.940E+00	1.981E+00	4.453E-03	1.986E+00	1.977E+00	1.981E+00	1.982E+00	1.981E+00	1.981E+00
2.950E+00	1.966E+00	4.487E-03	1.970E+00	1.961E+00	1.965E+00	1.966E+00	1.965E+00	1.966E+00
2.960E+00	1.950E+00	4.520E-03	1.955E+00	1.946E+00	1.950E+00	1.951E+00	1.950E+00	1.951E+00
2.970E+00	1.935E+00	4.552E-03	1.940E+00	1.931E+00	1.935E+00	1.936E+00	1.935E+00	1.935E+00
2.980E+00	1.920E+00	4.585E-03	1.924E+00	1.915E+00	1.919E+00	1.920E+00	1.920E+00	1.920E+00
2.990E+00	1.905E+00	4.616E-03	1.909E+00	1.900E+00	1.904E+00	1.905E+00	1.905E+00	1.905E+00
3.000E+00	1.890E+00	4.648E-03	1.894E+00	1.885E+00	1.889E+00	1.890E+00	1.889E+00	1.890E+00
