1.000E-02	6.442E+00	2.102E-01	6.652E+00	6.232E+00	6.434E+00	6.451E+00	6.442E+00	6.442E+00
2.000E-02	6.441E+00	2.091E-01	6.649E+00	6.231E+00	6.433E+00	6.449E+00	6.441E+00	6.441E+00
3.000E-02	6.439E+00	2.077E-01	6.646E+00	6.231E+00	6.431E+00	6.448E+00	6.439E+00	6.440E+00
4.000E-02	6.437E+00	2.060E-01	6.641E+00	6.230E+00	6.429E+00	6.446E+00	6.437E+00	6.438E+00
5.000E-02	6.435E+00	2.043E-01	6.637E+00	6.229E+00	6.427E+00	6.444E+00	6.435E+00	6.435E+00
6.000E-02	6.432E+00	2.023E-01	6.632E+00	6.227E+00	6.424E+00	6.441E+00	6.432E+00	6.433E+00
7.000E-02	6.429E+00	2.003E-01	6.626E+00	6.226E+00	6.421E+00	6.438E+00	6.429E+00	6.430E+00
8.000E-02	6.426E+00	1.982E-01	6.620E+00	6.224E+00	6.418E+00	6.435E+00	6.426E+00	6.426E+00
9.000E-02	6.423E+00	1.960E-01	6.614E+00	6.222E+00	6.414E+00	6.431E+00	6.422E+00	6.423E+00
1.000E-01	6.419E+00	1.937E-01	6.607E+00	6.220E+00	6.410E+00	6.427E+00	6.418E+00	6.419E+00
1.100E-01	6.415E+00	1.913E-01	6.600E+00	6.218E+00	6.406E+00	6.423E+00	6.414E+00	6.415E+00
1.200E-01	6.410E+00	1.889E-01	6.593E+00	6.215E+00	6.402E+00	6.419E+00	6.410E+00	6.410E+00
1.300E-01	6.406E+00	1.864E-01	6.585E+00	6.213E+00	6.397E+00	6.414E+00	6.405E+00	6.406E+00
1.400E-01	6.401E+00	1.839E-01	6.577E+00	6.210E+00	6.392E+00	6.409E+00	6.400E+00	6.401E+00
1.500E-01	6.395E+00	1.813E-01	6.569E+00	6.207E+00	6.387E+00	6.404E+00	6.395E+00	6.396E+00
1.600E-01	6.390E+00	1.787E-01	6.561E+00	6.204E+00	6.382E+00	6.398E+00	6.390E+00	6.390E+00
1.700E-01	6.384E+00	1.760E-01	6.552E+00	6.200E+00	6.376E+00	6.393E+00	6.384E+00	6.385E+00
1.800E-01	6.379E+00	1.734E-01	6.543E+00	6.197E+00	6.370E+00	6.387E+00	6.378E+00	6.379E+00
1.900E-01	6.373E+00	1.706E-01	6.534E+00	6.193E+00	6.364E+00	6.381E+00	6.372E+00	6.373E+00
2.000E-01	6.366E+00	1.679E-01	6.524E+00	6.189E+00	6.358E+00	6.375E+00	6.366E+00	6.367E+00
2.100E-01	6.360E+00	1.651E-01	6.515E+00	6.185E+00	6.352E+00	6.368E+00	6.360E+00	6.360E+00
2.200E-01	6.353E+00	1.624E-01	6.505E+00	6.181E+00	6.345E+00	6.361E+00	6.353E+00	6.353E+00
2.300E-01	6.346E+00	1.596E-01	6.495E+00	6.176E+00	6.338E+00	6.354E+00	6.346E+00	6.347E+00
2.400E-01	6.339E+00	1.567E-01	6.485E+00	6.171E+00	6.331E+00	6.347E+00	6.339E+00	6.339E+00
2.500E-01	6.332E+00	1.539E-01	6.474E+00	6.167E+00	6.324E+00	6.340E+00	6.332E+00	6.332E+00
2.600E-01	6.324E+00	1.511E-01	6.463E+00	6.162E+00	6.316E+00	6.333E+00	6.324E+00	6.325E+00
2.700E-01	6.317E+00	1.482E-01	6.453E+00	6.157E+00	6.309E+00	6.325E+00	6.316E+00	6.317E+00
2.800E-01	6.309E+00	1.453E-01	6.442E+00	6.151E+00	6.301E+00	6.317E+00	6.309E+00	6.309E+00
2.900E-01	6.301E+00	1.425E-01	6.430E+00	6.146E+00	6.293E+00	6.309E+00	6.301E+00	6.301E+00
3.000E-01	6.293E+00	1.396E-01	6.419E+00	6.140E+00	6.285E+00	6.301E+00	6.292E+00	6.293E+00
3.100E-01	6.284E+00	1.367E-01	6.408E+00	6.135E+00	6.276E+00	6.292E+00	6.284E+00	6.285E+00
3.200E-01	6.276E+00	1.339E-01	6.396E+00	6.129E+00	6.268E+00	6.284E+00	6.275E+00	6.276E+00
3.300E-01	6.267E+00	1.310E-01	6.384E+00	6.123E+00	6.259E+00	6.275E+00	6.267E+00	6.267E+00
3.400E-01	6.258E+00	1.281E-01	6.372E+00	6.116E+00	6.250E+00	6.266E+00	6.258E+00	6.258E+00
3.500E-01	6.249E+00	1.252E-01	6.360E+00	6.110E+00	6.241E+00	6.257E+00	6.249E+00	6.249E+00
3.600E-01	6.240E+00	1.224E-01	6.348E+00	6.104E+00	6.232E+00	6.248E+00	6.239E+00	6.240E+00
3.700E-01	6.230E+00	1.195E-01	6.335E+00	6.097E+00	6.223E+00	6.238E+00	6.230E+00	6.231E+00
3.800E-01	6.221E+00	1.166E-01	6.323E+00	6.090E+00	6.213E+00	6.229E+00	6.220E+00	6.221E+00
3.900E-01	6.211E+00	1.138E-01	6.310E+00	6.083E+00	6.203E+00	6.219E+00	6.211E+00	6.211E+00
4.000E-01	6.201E+00	1.109E-01	6.297E+00	6.076E+00	6.194E+00	6.209E+00	6.201E+00	6.202E+00
4.100E-01	6.191E+00	1.081E-01	6.284E+00	6.069E+00	6.184E+00	6.199E+00	6.191E+00	6.192E+00
4.200E-01	6.181E+00	1.053E-01	6.271E+00	6.061E+00	6.173E+00	6.189E+00	6.181E+00	6.181E+00
4.300E-01	6.171E+00	1.024E-01	6.258E+00	6.054E+00	6.163E+00	6.178E+00	6.170E+00	6.171E+00
4.400E-01	6.160E+00	9.963E-02	6.245E+00	6.046E+00	6.153E+00	6.168E+00	6.160E+00	6.161E+00
4.500E-01	6.150E+00	9.683E-02	6.231E+00	6.038E+00	6.142E+00	6.157E+00	6.149E+00	6.150E+00
4.600E-01	6.139E+00	9.405E-02	6.218E+00	6.030E+00	6.131E+00	6.146E+00	6.138E+00	6.139E+00
4.700E-01	6.128E+00	9.128E-02	6.204E+00	6.022E+00	6.120E+00	6.136E+00	6.128E+00	6.128E+00
4.800E-01	6.117E+00	8.853E-02	6.190E+00	6.014E+00	6.109E+00	6.124E+00	6.117E+00	6.117E+00
4.900E-01	6.106E+00	8.579E-02	6.176E+00	6.005E+00	6.098E+00	6.113E+00	6.105E+00	6.106E+00
5.000E-01	6.094E+00	8.307E-02	6.162E+00	5.997E+00	6.087E+00	6.102E+00	6.094E+00	6.095E+00
5.100E-01	6.083E+00	8.036E-02	6.148E+00	5.988E+00	6.076E+00	6.090E+00	6.083E+00	6.084E+00
5.200E-01	6.071E+00	7.767E-02	6.134E+00	5.979E+00	6.064E+00	6.079E+00	6.071E+00	6.072E+00
5.300E-01	6.060E+00	7.500E-02	6.119E+00	5.970E+00	6.052E+00	6.067E+00	6.059E+00	6.060E+00
5.400E-01	6.048E+00	7.235E-02	6.105E+00	5.961E+00	6.041E+00	6.055E+00	6.047E+00	6.048E+00
5.500E-01	6.036E+00	6.971E-02	6.091E+00	5.952E+00	6.029E+00	6.043E+00	6.036E+00	6.036E+00
5.600E-01	6.024E+00	6.710E-02	6.076E+00	5.942E+00	6.017E+00	6.031E+00	6.023E+00	6.024E+00
5.700E-01	6.012E+00	6.450E-02	6.061E+00	5.933E+00	6.005E+00	6.019E+00	6.011E+00	6.012E+00
5.800E-01	5.999E+00	6.193E-02	6.046E+00	5.923E+00	5.992E+00	6.006E+00	5.999E+00	6.000E+00
5.900E-01	5.987E+00	5.938E-02	6.031E+00	5.914E+00	5.980E+00	5.994E+00	5.986E+00	5.987E+00
6.000E-01	5.974E+00	5.685E-02	6.016E+00	5.904E+00	5.967E+00	5.981E+00	5.974E+00	5.975E+00
6.100E-01	5.962E+00	5.434E-02	6.001E+00	5.894E+00	5.955E+00	5.969E+00	5.961E+00	5.962E+00
6.200E-01	5.949E+00	5.186E-02	5.986E+00	5.884E+00	5.942E+00	5.956E+00	5.948E+00	5.949E+00
6.300E-01	5.936E+00	4.939E-02	5.971E+00	5.873E+00	5.929E+00	5.943E+00	5.935E+00	5.937E+00
6.400E-01	5.923E+00	4.696E-02	5.956E+00	5.863E+00	5.916E+00	5.930E+00	5.922E+00	5.924E+00
6.500E-01	5.910E+00	4.455E-02	5.940E+00	5.852E+00	5.903E+00	5.917E+00	5.909E+00	5.910E+00
6.600E-01	5.897E+00	4.216E-02	5.925E+00	5.842E+00	5.890E+00	5.903E+00	5.896E+00	5.897E+00
6.700E-01	5.883E+00	3.980E-02	5.909E+00	5.831E+00	5.876E+00	5.890E+00	5.883E+00	5.884E+00
6.800E-01	5.870E+00	3.747E-02	5.894E+00	5.820E+00	5.863E+00	5.876E+00	5.869E+00	5.870E+00
6.900E-01	5.856E+00	3.516E-02	5.878E+00	5.809E+00	5.850E+00	5.863E+00	5.856E+00	5.857E+00
7.000E-01	5.843E+00	3.288E-02	5.862E+00	5.798E+00	5.836E+00	5.849E+00	5.842E+00	5.843E+00
7.100E-01	5.829E+00	3.064E-02	5.846E+00	5.787E+00	5.822E+00	5.835E+00	5.828E+00	5.829E+00
7.200E-01	5.815E+00	2.842E-02	5.831E+00	5.775E+00	5.808E+00	5.821E+00	5.814E+00	5.816E+00
7.300E-01	5.801E+00	2.624E-02	5.815E+00	5.764E+00	5.795E+00	5.807E+00	5.800E+00	5.802E+00
7.400E-01	5.787E+00	2.409E-02	5.799E+00	5.752E+00	5.780E+00	5.793E+00	5.786E+00	5.788E+00
7.500E-01	5.773E+00	2.197E-02	5.783E+00	5.740E+00	5.766E+00	5.779E+00	5.772E+00	5.773E+00
7.600E-01	5.759E+00	1.990E-02	5.766E+00	5.729E+00	5.752E+00	5.765E+00	5.758E+00	5.759E+00
7.700E-01	5.744E+00	1.788E-02	5.750E+00	5.717E+00	5.738E+00	5.751E+00	5.744E+00	5.745E+00
7.800E-01	5.730E+00	1.591E-02	5.734E+00	5.705E+00	5.724E+00	5.736E+00	5.729E+00	5.730E+00
7.900E-01	5.715E+00	1.400E-02	5.718E+00	5.693E+00	5.709E+00	5.721E+00	5.715E+00	5.716E+00
8.000E-01	5.701E+00	1.218E-02	5.701E+00	5.680E+00	5.694E+00	5.707E+00	5.700E+00	5.701E+00
8.100E-01	5.686E+00	1.046E-02	5.685E+00	5.668E+00	5.680E+00	5.692E+00	5.685E+00	5.687E+00
8.200E-01	5.671E+00	8.890E-03	5.668E+00	5.655E+00	5.665E+00	5.677E+00	5.670E+00	5.672E+00
8.300E-01	5.656E+00	7.546E-03	5.652E+00	5.643E+00	5.650E+00	5.662E+00	5.656E+00	5.657E+00
8.400E-01	5.641E+00	6.541E-03	5.635E+00	5.630E+00	5.635E+00	5.647E+00	5.641E+00	5.642E+00
8.500E-01	5.626E+00	6.018E-03	5.619E+00	5.617E+00	5.620E+00	5.632E+00	5.626E+00	5.627E+00
8.600E-01	5.611E+00	6.078E-03	5.602E+00	5.605E+00	5.605E+00	5.617E+00	5.611E+00	5.612E+00
8.700E-01	5.596E+00	6.680E-03	5.585E+00	5.592E+00	5.590E+00	5.602E+00	5.595E+00	5.597E+00
8.800E-01	5.581E+00	7.679E-03	5.569E+00	5.578E+00	5.575E+00	5.587E+00	5.580E+00	5.582E+00
8.900E-01	5.565E+00	8.925E-03	5.552E+00	5.565E+00	5.560E+00	5.571E+00	5.565E+00	5.566E+00
9.000E-01	5.550E+00	1.031E-02	5.535E+00	5.552E+00	5.544E+00	5.556E+00	5.549E+00	5.551E+00
9.100E-01	5.535E+00	1.178E-02	5.518E+00	5.539E+00	5.529E+00	5.540E+00	5.534E+00	5.535E+00
9.200E-01	5.519E+00	1.329E-02	5.501E+00	5.525E+00	5.513E+00	5.525E+00	5.518E+00	5.520E+00
9.300E-01	5.503E+00	1.483E-02	5.484E+00	5.512E+00	5.498E+00	5.509E+00	5.503E+00	5.504E+00
9.400E-01	5.488E+00	1.636E-02	5.467E+00	5.498E+00	5.482E+00	5.493E+00	5.487E+00	5.489E+00
9.500E-01	5.472E+00	1.789E-02	5.450E+00	5.484E+00	5.466E+00	5.477E+00	5.471E+00	5.473E+00
9.600E-01	5.456E+00	1.941E-02	5.433E+00	5.470E+00	5.451E+00	5.462E+00	5.455E+00	5.457E+00
9.700E-01	5.440E+00	2.092E-02	5.416E+00	5.456E+00	5.435E+00	5.446E+00	5.439E+00	5.441E+00
9.800E-01	5.424E+00	2.241E-02	5.399E+00	5.442E+00	5.419E+00	5.430E+00	5.423E+00	5.425E+00
9.900E-01	5.408E+00	2.388E-02	5.382E+00	5.428E+00	5.403E+00	5.413E+00	5.407E+00	5.409E+00
1.000E+00	5.392E+00	2.532E-02	5.365E+00	5.414E+00	5.387E+00	5.397E+00	5.391E+00	5.393E+00
1.010E+00	5.376E+00	2.675E-02	5.347E+00	5.400E+00	5.371E+00	5.381E+00	5.375E+00	5.377E+00
1.020E+00	5.360E+00	2.814E-02	5.330E+00	5.385E+00	5.355E+00	5.365E+00	5.359E+00	5.361E+00
1.030E+00	5.343E+00	2.952E-02	5.313E+00	5.371E+00	5.338E+00	5.349E+00	5.343E+00	5.344E+00
1.040E+00	5.327E+00	3.087E-02	5.295E+00	5.356E+00	5.322E+00	5.332E+00	5.326E+00	5.328E+00
1.050E+00	5.311E+00	3.219E-02	5.278E+00	5.342E+00	5.306E+00	5.316E+00	5.310E+00	5.312E+00
1.060E+00	5.294E+00	3.349E-02	5.261E+00	5.327E+00	5.289E+00	5.299E+00	5.293E+00	5.295E+00
1.070E+00	5.278E+00	3.475E-02	5.243E+00	5.312E+00	5.273E+00	5.283E+00	5.277E+00	5.279E+00
1.080E+00	5.261E+00	3.600E-02	5.226E+00	5.297E+00	5.256E+00	5.266E+00	5.260E+00	5.262E+00
1.090E+00	5.245E+00	3.721E-02	5.209E+00	5.282E+00	5.240E+00	5.249E+00	5.244E+00	5.246E+00
1.100E+00	5.228E+00	3.840E-02	5.191E+00	5.267E+00	5.223E+00	5.233E+00	5.227E+00	5.229E+00
1.110E+00	5.211E+00	3.956E-02	5.174E+00	5.252E+00	5.207E+00	5.216E+00	5.210E+00	5.212E+00
1.120E+00	5.195E+00	4.070E-02	5.156E+00	5.237E+00	5.190E+00	5.199E+00	5.194E+00	5.196E+00
1.130E+00	5.178E+00	4.180E-02	5.139E+00	5.222E+00	5.173E+00	5.182E+00	5.177E+00	5.179E+00
1.140E+00	5.161E+00	4.288E-02	5.121E+00	5.207E+00	5.156E+00	5.165E+00	5.160E+00	5.162E+00
1.150E+00	5.144E+00	4.393E-02	5.104E+00	5.191E+00	5.140E+00	5.148E+00	5.143E+00	5.145E+00
1.160E+00	5.127E+00	4.495E-02	5.086E+00	5.176E+00	5.123E+00	5.131E+00	5.126E+00	5.128E+00
1.170E+00	5.110E+00	4.595E-02	5.069E+00	5.160E+00	5.106E+00	5.114E+00	5.109E+00	5.111E+00
1.180E+00	5.093E+00	4.692E-02	5.051E+00	5.145E+00	5.089E+00	5.097E+00	5.092E+00	5.094E+00
1.190E+00	5.076E+00	4.786E-02	5.034E+00	5.129E+00	5.072E+00	5.080E+00	5.075E+00	5.077E+00
1.200E+00	5.059E+00	4.877E-02	5.016E+00	5.113E+00	5.055E+00	5.063E+00	5.058E+00	5.060E+00
1.210E+00	5.042E+00	4.966E-02	4.998E+00	5.097E+00	5.038E+00	5.046E+00	5.041E+00	5.043E+00
1.220E+00	5.025E+00	5.052E-02	4.981E+00	5.081E+00	5.020E+00	5.029E+00	5.023E+00	5.026E+00
1.230E+00	5.007E+00	5.135E-02	4.963E+00	5.066E+00	5.003E+00	5.011E+00	5.006E+00	5.008E+00
1.240E+00	4.990E+00	5.215E-02	4.946E+00	5.050E+00	4.986E+00	4.994E+00	4.989E+00	4.991E+00
1.250E+00	4.973E+00	5.293E-02	4.928E+00	5.033E+00	4.969E+00	4.977E+00	4.972E+00	4.974E+00
1.260E+00	4.955E+00	5.368E-02	4.910E+00	5.017E+00	4.952E+00	4.959E+00	4.954E+00	4.957E+00
1.270E+00	4.938E+00	5.440E-02	4.893E+00	5.001E+00	4.934E+00	4.942E+00	4.937E+00	4.939E+00
1.280E+00	4.921E+00	5.510E-02	4.875E+00	4.985E+00	4.917E+00	4.924E+00	4.920E+00	4.922E+00
1.290E+00	4.903E+00	5.577E-02	4.857E+00	4.969E+00	4.900E+00	4.907E+00	4.902E+00	4.904E+00
1.300E+00	4.886E+00	5.641E-02	4.840E+00	4.952E+00	4.882E+00	4.889E+00	4.885E+00	4.887E+00
1.310E+00	4.868E+00	5.703E-02	4.822E+00	4.936E+00	4.865E+00	4.872E+00	4.867E+00	4.870E+00
1.320E+00	4.851E+00	5.762E-02	4.804E+00	4.919E+00	4.847E+00	4.854E+00	4.850E+00	4.852E+00
1.330E+00	4.833E+00	5.818E-02	4.787E+00	4.903E+00	4.830E+00	4.837E+00	4.832E+00	4.835E+00
1.340E+00	4.816E+00	5.872E-02	4.769E+00	4.886E+00	4.812E+00	4.819E+00	4.815E+00	4.817E+00
1.350E+00	4.798E+00	5.923E-02	4.752E+00	4.870E+00	4.795E+00	4.802E+00	4.797E+00	4.799E+00
1.360E+00	4.781E+00	5.971E-02	4.734E+00	4.853E+00	4.777E+00	4.784E+00	4.779E+00	4.782E+00
1.370E+00	4.763E+00	6.017E-02	4.716E+00	4.836E+00	4.760E+00	4.766E+00	4.762E+00	4.764E+00
1.380E+00	4.745E+00	6.061E-02	4.699E+00	4.820E+00	4.742E+00	4.749E+00	4.744E+00	4.747E+00
1.390E+00	4.728E+00	6.102E-02	4.681E+00	4.803E+00	4.724E+00	4.731E+00	4.726E+00	4.729E+00
1.400E+00	4.710E+00	6.140E-02	4.663E+00	4.786E+00	4.707E+00	4.713E+00	4.709E+00	4.711E+00
1.410E+00	4.692E+00	6.176E-02	4.646E+00	4.769E+00	4.689E+00	4.695E+00	4.691E+00	4.693E+00
1.420E+00	4.674E+00	6.209E-02	4.628E+00	4.752E+00	4.671E+00	4.677E+00	4.673E+00	4.676E+00
1.430E+00	4.657E+00	6.240E-02	4.610E+00	4.735E+00	4.654E+00	4.660E+00	4.655E+00	4.658E+00
1.440E+00	4.639E+00	6.269E-02	4.593E+00	4.718E+00	4.636E+00	4.642E+00	4.638E+00	4.640E+00
1.450E+00	4.621E+00	6.295E-02	4.575E+00	4.701E+00	4.618E+00	4.624E+00	4.620E+00	4.622E+00
1.460E+00	4.603E+00	6.318E-02	4.558E+00	4.684E+00	4.601E+00	4.606E+00	4.602E+00	4.605E+00
1.470E+00	4.586E+00	6.339E-02	4.540E+00	4.667E+00	4.583E+00	4.588E+00	4.584E+00	4.587E+00
1.480E+00	4.568E+00	6.358E-02	4.522E+00	4.650E+00	4.565E+00	4.570E+00	4.566E+00	4.569E+00
1.490E+00	4.550E+00	6.374E-02	4.505E+00	4.632E+00	4.547E+00	4.553E+00	4.549E+00	4.551E+00
1.500E+00	4.532E+00	6.388E-02	4.487E+00	4.615E+00	4.529E+00	4.535E+00	4.531E+00	4.533E+00
1.510E+00	4.514E+00	6.400E-02	4.470E+00	4.598E+00	4.512E+00	4.517E+00	4.513E+00	4.516E+00
1.520E+00	4.496E+00	6.409E-02	4.452E+00	4.580E+00	4.494E+00	4.499E+00	4.495E+00	4.498E+00
1.530E+00	4.478E+00	6.416E-02	4.435E+00	4.563E+00	4.476E+00	4.481E+00	4.477E+00	4.480E+00
1.540E+00	4.461E+00	6.421E-02	4.417E+00	4.546E+00	4.458E+00	4.463E+00	4.459E+00	4.462E+00
1.550E+00	4.443E+00	6.424E-02	4.400E+00	4.528E+00	4.440E+00	4.445E+00	4.441E+00	4.444E+00
1.560E+00	4.425E+00	6.424E-02	4.382E+00	4.511E+00	4.422E+00	4.427E+00	4.423E+00	4.426E+00
1.570E+00	4.407E+00	6.422E-02	4.365E+00	4.493E+00	4.405E+00	4.409E+00	4.405E+00	4.408E+00
1.580E+00	4.389E+00	6.418E-02	4.347E+00	4.476E+00	4.387E+00	4.391E+00	4.388E+00	4.390E+00
1.590E+00	4.371E+00	6.411E-02	4.330E+00	4.458E+00	4.369E+00	4.373E+00	4.370E+00	4.372E+00
1.600E+00	4.353E+00	6.403E-02	4.313E+00	4.441E+00	4.351E+00	4.355E+00	4.352E+00	4.355E+00
1.610E+00	4.335E+00	6.392E-02	4.295E+00	4.423E+00	4.333E+00	4.337E+00	4.334E+00	4.337E+00
1.620E+00	4.317E+00	6.379E-02	4.278E+00	4.405E+00	4.315E+00	4.319E+00	4.316E+00	4.319E+00
1.630E+00	4.299E+00	6.364E-02	4.260E+00	4.388E+00	4.297E+00	4.301E+00	4.298E+00	4.301E+00
1.640E+00	4.281E+00	6.347E-02	4.243E+00	4.370E+00	4.279E+00	4.283E+00	4.280E+00	4.283E+00
1.650E+00	4.263E+00	6.328E-02	4.226E+00	4.352E+00	4.262E+00	4.265E+00	4.262E+00	4.265E+00
1.660E+00	4.246E+00	6.307E-02	4.208E+00	4.335E+00	4.244E+00	4.247E+00	4.244E+00	4.247E+00
1.670E+00	4.228E+00	6.284E-02	4.191E+00	4.317E+00	4.226E+00	4.229E+00	4.226E+00	4.229E+00
1.680E+00	4.210E+00	6.259E-02	4.174E+00	4.299E+00	4.208E+00	4.211E+00	4.208E+00	4.211E+00
1.690E+00	4.192E+00	6.232E-02	4.157E+00	4.281E+00	4.190E+00	4.193E+00	4.190E+00	4.193E+00
1.700E+00	4.174E+00	6.203E-02	4.139E+00	4.263E+00	4.172E+00	4.176E+00	4.172E+00	4.175E+00
1.710E+00	4.156E+00	6.172E-02	4.122E+00	4.246E+00	4.154E+00	4.158E+00	4.154E+00	4.158E+00
1.720E+00	4.138E+00	6.139E-02	4.105E+00	4.228E+00	4.137E+00	4.140E+00	4.137E+00	4.140E+00
1.730E+00	4.120E+00	6.104E-02	4.088E+00	4.210E+00	4.119E+00	4.122E+00	4.119E+00	4.122E+00
1.740E+00	4.102E+00	6.067E-02	4.071E+00	4.192E+00	4.101E+00	4.104E+00	4.101E+00	4.104E+00
1.750E+00	4.084E+00	6.029E-02	4.054E+00	4.174E+00	4.083E+00	4.086E+00	4.083E+00	4.086E+00
1.760E+00	4.067E+00	5.988E-02	4.037E+00	4.156E+00	4.065E+00	4.068E+00	4.065E+00	4.068E+00
1.770E+00	4.049E+00	5.946E-02	4.020E+00	4.138E+00	4.047E+00	4.050E+00	4.047E+00	4.050E+00
1.780E+00	4.031E+00	5.902E-02	4.003E+00	4.120E+00	4.030E+00	4.032E+00	4.029E+00	4.032E+00
1.790E+00	4.013E+00	5.856E-02	3.985E+00	4.103E+00	4.012E+00	4.014E+00	4.011E+00	4.015E+00
1.800E+00	3.995E+00	5.809E-02	3.969E+00	4.085E+00	3.994E+00	3.996E+00	3.994E+00	3.997E+00
1.810E+00	3.977E+00	5.760E-02	3.952E+00	4.067E+00	3.976E+00	3.978E+00	3.976E+00	3.979E+00
1.820E+00	3.960E+00	5.709E-02	3.935E+00	4.049E+00	3.959E+00	3.961E+00	3.958E+00	3.961E+00
1.830E+00	3.942E+00	5.656E-02	3.918E+00	4.031E+00	3.941E+00	3.943E+00	3.940E+00	3.943E+00
1.840E+00	3.924E+00	5.602E-02	3.901E+00	4.013E+00	3.923E+00	3.925E+00	3.922E+00	3.926E+00
1.850E+00	3.906E+00	5.546E-02	3.884E+00	3.995E+00	3.905E+00	3.907E+00	3.905E+00	3.908E+00
1.860E+00	3.889E+00	5.489E-02	3.867E+00	3.977E+00	3.888E+00	3.889E+00	3.887E+00	3.890E+00
1.870E+00	3.871E+00	5.430E-02	3.850E+00	3.959E+00	3.870E+00	3.872E+00	3.869E+00	3.872E+00
1.880E+00	3.853E+00	5.369E-02	3.834E+00	3.941E+00	3.852E+00	3.854E+00	3.852E+00	3.855E+00
1.890E+00	3.835E+00	5.307E-02	3.817E+00	3.923E+00	3.835E+00	3.836E+00	3.834E+00	3.837E+00
1.900E+00	3.818E+00	5.244E-02	3.800E+00	3.905E+00	3.817E+00	3.818E+00	3.816E+00	3.819E+00
1.910E+00	3.800E+00	5.179E-02	3.784E+00	3.887E+00	3.799E+00	3.801E+00	3.798E+00	3.802E+00
1.920E+00	3.782E+00	5.112E-02	3.767E+00	3.869E+00	3.782E+00	3.783E+00	3.781E+00	3.784E+00
1.930E+00	3.765E+00	5.044E-02	3.750E+00	3.851E+00	3.764E+00	3.765E+00	3.763E+00	3.767E+00
1.940E+00	3.747E+00	4.974E-02	3.734E+00	3.833E+00	3.747E+00	3.748E+00	3.746E+00	3.749E+00
1.950E+00	3.730E+00	4.904E-02	3.717E+00	3.815E+00	3.729E+00	3.730E+00	3.728E+00	3.731E+00
1.960E+00	3.712E+00	4.831E-02	3.701E+00	3.797E+00	3.712E+00	3.713E+00	3.710E+00	3.714E+00
1.970E+00	3.695E+00	4.758E-02	3.684E+00	3.779E+00	3.694E+00	3.695E+00	3.693E+00	3.696E+00
1.980E+00	3.677E+00	4.683E-02	3.668E+00	3.761E+00	3.677E+00	3.677E+00	3.675E+00	3.679E+00
1.990E+00	3.660E+00	4.607E-02	3.651E+00	3.743E+00	3.659E+00	3.660E+00	3.658E+00	3.661E+00
2.000E+00	3.642E+00	4.529E-02	3.635E+00	3.725E+00	3.642E+00	3.642E+00	3.640E+00	3.644E+00
2.010E+00	3.625E+00	4.450E-02	3.619E+00	3.708E+00	3.625E+00	3.625E+00	3.623E+00	3.626E+00
2.020E+00	3.607E+00	4.370E-02	3.602E+00	3.690E+00	3.607E+00	3.607E+00	3.606E+00	3.609E+00
2.030E+00	3.590E+00	4.289E-02	3.586E+00	3.672E+00	3.590E+00	3.590E+00	3.588E+00	3.592E+00
2.040E+00	3.573E+00	4.207E-02	3.570E+00	3.654E+00	3.572E+00	3.573E+00	3.571E+00	3.574E+00
2.050E+00	3.555E+00	4.123E-02	3.554E+00	3.636E+00	3.555E+00	3.555E+00	3.554E+00	3.557E+00
2.060E+00	3.538E+00	4.038E-02	3.537E+00	3.618E+00	3.538E+00	3.538E+00	3.536E+00	3.540E+00
2.070E+00	3.521E+00	3.953E-02	3.521E+00	3.600E+00	3.521E+00	3.521E+00	3.519E+00	3.522E+00
2.080E+00	3.503E+00	3.866E-02	3.505E+00	3.582E+00	3.503E+00	3.503E+00	3.502E+00	3.505E+00
2.090E+00	3.486E+00	3.777E-02	3.489E+00	3.565E+00	3.486E+00	3.486E+00	3.484E+00	3.488E+00
2.100E+00	3.469E+00	3.688E-02	3.473E+00	3.547E+00	3.469E+00	3.469E+00	3.467E+00	3.471E+00
2.110E+00	3.452E+00	3.598E-02	3.457E+00	3.529E+00	3.452E+00	3.452E+00	3.450E+00	3.454E+00
2.120E+00	3.435E+00	3.507E-02	3.441E+00	3.511E+00	3.435E+00	3.434E+00	3.433E+00	3.436E+00
2.130E+00	3.418E+00	3.415E-02	3.425E+00	3.493E+00	3.418E+00	3.417E+00	3.416E+00	3.419E+00
2.140E+00	3.400E+00	3.322E-02	3.409E+00	3.476E+00	3.401E+00	3.400E+00	3.399E+00	3.402E+00
2.150E+00	3.383E+00	3.228E-02	3.393E+00	3.458E+00	3.384E+00	3.383E+00	3.382E+00	3.385E+00
2.160E+00	3.366E+00	3.133E-02	3.378E+00	3.440E+00	3.367E+00	3.366E+00	3.365E+00	3.368E+00
2.170E+00	3.349E+00	3.037E-02	3.362E+00	3.423E+00	3.350E+00	3.349E+00	3.348E+00	3.351E+00
2.180E+00	3.332E+00	2.940E-02	3.346E+00	3.405E+00	3.333E+00	3.332E+00	3.331E+00	3.334E+00
2.190E+00	3.316E+00	2.843E-02	3.330E+00	3.387E+00	3.316E+00	3.315E+00	3.314E+00	3.317E+00
2.200E+00	3.299E+00	2.744E-02	3.315E+00	3.370E+00	3.299E+00	3.298E+00	3.297E+00	3.300E+00
2.210E+00	3.282E+00	2.645E-02	3.299E+00	3.352E+00	3.282E+00	3.281E+00	3.280E+00	3.284E+00
2.220E+00	3.265E+00	2.545E-02	3.284E+00	3.334E+00	3.266E+00	3.264E+00	3.263E+00	3.267E+00
2.230E+00	3.248E+00	2.444E-02	3.268E+00	3.317E+00	3.249E+00	3.248E+00	3.246E+00	3.250E+00
2.240E+00	3.232E+00	2.343E-02	3.253E+00	3.299E+00	3.232E+00	3.231E+00	3.230E+00	3.233E+00
2.250E+00	3.215E+00	2.241E-02	3.237E+00	3.282E+00	3.216E+00	3.214E+00	3.213E+00	3.217E+00
2.260E+00	3.198E+00	2.138E-02	3.222E+00	3.264E+00	3.199E+00	3.197E+00	3.196E+00	3.200E+00
2.270E+00	3.182E+00	2.034E-02	3.206E+00	3.247E+00	3.182E+00	3.181E+00	3.180E+00	3.183E+00
2.280E+00	3.165E+00	1.930E-02	3.191E+00	3.229E+00	3.166E+00	3.164E+00	3.163E+00	3.167E+00
2.290E+00	3.148E+00	1.826E-02	3.176E+00	3.212E+00	3.149E+00	3.147E+00	3.147E+00	3.150E+00
2.300E+00	3.132E+00	1.721E-02	3.160E+00	3.195E+00	3.133E+00	3.131E+00	3.130E+00	3.134E+00
2.310E+00	3.115E+00	1.615E-02	3.145E+00	3.177E+00	3.116E+00	3.114E+00	3.114E+00	3.117E+00
2.320E+00	3.099E+00	1.509E-02	3.130E+00	3.160E+00	3.100E+00	3.098E+00	3.097E+00	3.101E+00
2.330E+00	3.083E+00	1.403E-02	3.115E+00	3.143E+00	3.084E+00	3.081E+00	3.081E+00	3.084E+00
2.340E+00	3.066E+00	1.296E-02	3.100E+00	3.125E+00	3.067E+00	3.065E+00	3.064E+00	3.068E+00
2.350E+00	3.050E+00	1.189E-02	3.085E+00	3.108E+00	3.051E+00	3.049E+00	3.048E+00	3.052E+00
2.360E+00	3.034E+00	1.082E-02	3.070E+00	3.091E+00	3.035E+00	3.032E+00	3.032E+00	3.035E+00
2.370E+00	3.017E+00	9.746E-03	3.055E+00	3.074E+00	3.018E+00	3.016E+00	3.015E+00	3.019E+00
2.380E+00	3.001E+00	8.679E-03	3.040E+00	3.057E+00	3.002E+00	3.000E+00	2.999E+00	3.003E+00
2.390E+00	2.985E+00	7.617E-03	3.025E+00	3.040E+00	2.986E+00	2.984E+00	2.983E+00	2.987E+00
2.400E+00	2.969E+00	6.568E-03	3.010E+00	3.023E+00	2.970E+00	2.968E+00	2.967E+00	2.971E+00
2.410E+00	2.953E+00	5.539E-03	2.995E+00	3.005E+00	2.954E+00	2.951E+00	2.951E+00	2.955E+00
2.420E+00	2.937E+00	4.550E-03	2.981E+00	2.988E+00	2.938E+00	2.935E+00	2.935E+00	2.939E+00
2.430E+00	2.921E+00	3.635E-03	2.966E+00	2.972E+00	2.922E+00	2.919E+00	2.919E+00	2.923E+00
2.440E+00	2.905E+00	2.873E-03	2.951E+00	2.955E+00	2.906E+00	2.903E+00	2.903E+00	2.907E+00
2.450E+00	2.889E+00	2.416E-03	2.937E+00	2.938E+00	2.890E+00	2.887E+00	2.887E+00	2.891E+00
2.460E+00	2.873E+00	2.448E-03	2.922E+00	2.921E+00	2.874E+00	2.871E+00	2.871E+00	2.875E+00
2.470E+00	2.857E+00	2.956E-03	2.908E+00	2.904E+00	2.859E+00	2.856E+00	2.855E+00	2.859E+00
2.480E+00	2.841E+00	3.755E-03	2.893E+00	2.887E+00	2.843E+00	2.840E+00	2.840E+00	2.843E+00
2.490E+00	2.826E+00	4.700E-03	2.879E+00	2.871E+00	2.827E+00	2.824E+00	2.824E+00	2.827E+00
2.500E+00	2.810E+00	5.721E-03	2.864E+00	2.854E+00	2.812E+00	2.808E+00	2.808E+00	2.812E+00
2.510E+00	2.794E+00	6.784E-03	2.850E+00	2.837E+00	2.796E+00	2.793E+00	2.792E+00	2.796E+00
2.520E+00	2.779E+00	7.874E-03	2.836E+00	2.821E+00	2.780E+00	2.777E+00	2.777E+00	2.781E+00
2.530E+00	2.763E+00	8.981E-03	2.821E+00	2.804E+00	2.765E+00	2.761E+00	2.761E+00	2.765E+00
2.540E+00	2.748E+00	1.010E-02	2.807E+00	2.787E+00	2.749E+00	2.746E+00	2.746E+00	2.749E+00
2.550E+00	2.732E+00	1.123E-02	2.793E+00	2.771E+00	2.734E+00	2.730E+00	2.730E+00	2.734E+00
2.560E+00	2.717E+00	1.236E-02	2.779E+00	2.755E+00	2.719E+00	2.715E+00	2.715E+00	2.719E+00
2.570E+00	2.701E+00	1.350E-02	2.765E+00	2.738E+00	2.703E+00	2.700E+00	2.700E+00	2.703E+00
2.580E+00	2.686E+00	1.465E-02	2.751E+00	2.722E+00	2.688E+00	2.684E+00	2.684E+00	2.688E+00
2.590E+00	2.671E+00	1.580E-02	2.737E+00	2.705E+00	2.673E+00	2.669E+00	2.669E+00	2.673E+00
2.600E+00	2.656E+00	1.695E-02	2.723E+00	2.689E+00	2.657E+00	2.654E+00	2.654E+00	2.657E+00
2.610E+00	2.640E+00	1.810E-02	2.709E+00	2.673E+00	2.642E+00	2.638E+00	2.638E+00	2.642E+00
2.620E+00	2.625E+00	1.925E-02	2.695E+00	2.657E+00	2.627E+00	2.623E+00	2.623E+00	2.627E+00
2.630E+00	2.610E+00	2.041E-02	2.681E+00	2.641E+00	2.612E+00	2.608E+00	2.608E+00	2.612E+00
2.640E+00	2.595E+00	2.157E-02	2.667E+00	2.624E+00	2.597E+00	2.593E+00	2.593E+00	2.597E+00
2.650E+00	2.580E+00	2.272E-02	2.653E+00	2.608E+00	2.582E+00	2.578E+00	2.578E+00	2.582E+00
2.660E+00	2.565E+00	2.388E-02	2.640E+00	2.592E+00	2.567E+00	2.563E+00	2.563E+00	2.567E+00
2.670E+00	2.550E+00	2.504E-02	2.626E+00	2.576E+00	2.552E+00	2.548E+00	2.548E+00	2.552E+00
2.680E+00	2.535E+00	2.620E-02	2.613E+00	2.560E+00	2.538E+00	2.533E+00	2.534E+00	2.537E+00
2.690E+00	2.521E+00	2.735E-02	2.599E+00	2.545E+00	2.523E+00	2.518E+00	2.519E+00	2.522E+00
2.700E+00	2.506E+00	2.851E-02	2.586E+00	2.529E+00	2.508E+00	2.504E+00	2.504E+00	2.508E+00
2.710E+00	2.491E+00	2.967E-02	2.572E+00	2.513E+00	2.493E+00	2.489E+00	2.489E+00	2.493E+00
2.720E+00	2.477E+00	3.082E-02	2.559E+00	2.497E+00	2.479E+00	2.474E+00	2.475E+00	2.478E+00
2.730E+00	2.462E+00	3.198E-02	2.545E+00	2.482E+00	2.464E+00	2.460E+00	2.460E+00	2.464E+00
2.740E+00	2.447E+00	3.313E-02	2.532E+00	2.466E+00	2.450E+00	2.445E+00	2.445E+00	2.449E+00
2.750E+00	2.433E+00	3.429E-02	2.519E+00	2.450E+00	2.435E+00	2.431E+00	2.431E+00	2.435E+00
2.760E+00	2.418E+00	3.544E-02	2.505E+00	2.435E+00	2.421E+00	2.416E+00	2.417E+00	2.420E+00
2.770E+00	2.404E+00	3.658E-02	2.492E+00	2.419E+00	2.406E+00	2.402E+00	2.402E+00	2.406E+00
2.780E+00	2.390E+00	3.773E-02	2.479E+00	2.404E+00	2.392E+00	2.387E+00	2.388E+00	2.392E+00
2.790E+00	2.375E+00	3.888E-02	2.466E+00	2.389E+00	2.378E+00	2.373E+00	2.373E+00	2.377E+00
2.800E+00	2.361E+00	4.002E-02	2.453E+00	2.373E+00	2.364E+00	2.359E+00	2.359E+00	2.363E+00
2.810E+00	2.347E+00	4.116E-02	2.440E+00	2.358E+00	2.349E+00	2.345E+00	2.345E+00	2.349E+00
2.820E+00	2.333E+00	4.230E-02	2.427E+00	2.343E+00	2.335E+00	2.330E+00	2.331E+00	2.335E+00
2.830E+00	2.319E+00	4.344E-02	2.414E+00	2.328E+00	2.321E+00	2.316E+00	2.317E+00	2.321E+00
2.840E+00	2.305E+00	4.457E-02	2.401E+00	2.312E+00	2.307E+00	2.302E+00	2.303E+00	2.307E+00
2.850E+00	2.291E+00	4.570E-02	2.388E+00	2.297E+00	2.293E+00	2.288E+00	2.289E+00	2.293E+00
2.860E+00	2.277E+00	4.683E-02	2.376E+00	2.282E+00	2.279E+00	2.274E+00	2.275E+00	2.279E+00
2.870E+00	2.263E+00	4.795E-02	2.363E+00	2.267E+00	2.265E+00	2.260E+00	2.261E+00	2.265E+00
2.880E+00	2.249E+00	4.907E-02	2.350E+00	2.252E+00	2.252E+00	2.246E+00	2.247E+00	2.251E+00
2.890E+00	2.235E+00	5.019E-02	2.338E+00	2.238E+00	2.238E+00	2.233E+00	2.233E+00	2.237E+00
2.900E+00	2.222E+00	5.130E-02	2.325E+00	2.223E+00	2.224E+00	2.219E+00	2.220E+00	2.223E+00
2.910E+00	2.208E+00	5.241E-02	2.313E+00	2.208E+00	2.210E+00	2.205E+00	2.206E+00	2.210E+00
2.920E+00	2.194E+00	5.352E-02	2.300E+00	2.193E+00	2.197E+00	2.192E+00	2.192E+00	2.196E+00
2.930E+00	2.181E+00	5.462E-02	2.288E+00	2.179E+00	2.183E+00	2.178E+00	2.179E+00	2.183E+00
2.940E+00	2.167E+00	5.572E-02	2.275E+00	2.164E+00	2.170E+00	2.164E+00	2.165E+00	2.169E+00
2.950E+00	2.154E+00	5.682E-02	2.263E+00	2.149E+00	2.156E+00	2.151E+00	2.152E+00	2.156E+00
2.960E+00	2.140E+00	5.791E-02	2.251E+00	2.135E+00	2.143E+00	2.138E+00	2.138E+00	2.142E+00
2.970E+00	2.127E+00	5.900E-02	2.238E+00	2.121E+00	2.130E+00	2.124E+00	2.125E+00	2.129E+00
2.980E+00	2.114E+00	6.008E-02	2.226E+00	2.106E+00	2.116E+00	2.111E+00	2.112E+00	2.115E+00
2.990E+00	2.100E+00	6.115E-02	2.214E+00	2.092E+00	2.103E+00	2.098E+00	2.098E+00	2.102E+00
3.000E+00	2.087E+00	6.223E-02	2.202E+00	2.078E+00	2.090E+00	2.084E+00	2.085E+00	2.089E+00
