1.000E-02	5.229E+00	2.950E-02	5.259E+00	5.200E+00	5.226E+00	5.232E+00	5.229E+00	5.230E+00
2.000E-02	5.228E+00	2.929E-02	5.257E+00	5.199E+00	5.225E+00	5.231E+00	5.228E+00	5.229E+00
3.000E-02	5.227E+00	2.901E-02	5.255E+00	5.198E+00	5.224E+00	5.230E+00	5.226E+00	5.227E+00
4.000E-02	5.225E+00	2.868E-02	5.253E+00	5.196E+00	5.222E+00	5.228E+00	5.224E+00	5.225E+00
5.000E-02	5.222E+00	2.831E-02	5.250E+00	5.194E+00	5.219E+00	5.225E+00	5.222E+00	5.223E+00
6.000E-02	5.220E+00	2.791E-02	5.247E+00	5.192E+00	5.217E+00	5.223E+00	5.219E+00	5.220E+00
7.000E-02	5.217E+00	2.749E-02	5.244E+00	5.189E+00	5.214E+00	5.220E+00	5.216E+00	5.217E+00
8.000E-02	5.213E+00	2.704E-02	5.240E+00	5.186E+00	5.210E+00	5.216E+00	5.213E+00	5.214E+00
9.000E-02	5.209E+00	2.657E-02	5.236E+00	5.183E+00	5.207E+00	5.212E+00	5.209E+00	5.210E+00
1.000E-01	5.205E+00	2.608E-02	5.231E+00	5.179E+00	5.202E+00	5.208E+00	5.205E+00	5.206E+00
1.100E-01	5.201E+00	2.557E-02	5.226E+00	5.175E+00	5.198E+00	5.204E+00	5.201E+00	5.201E+00
1.200E-01	5.196E+00	2.505E-02	5.221E+00	5.171E+00	5.193E+00	5.199E+00	5.196E+00	5.197E+00
1.300E-01	5.191E+00	2.452E-02	5.215E+00	5.167E+00	5.188E+00	5.194E+00	5.191E+00	5.192E+00
1.400E-01	5.186E+00	2.398E-02	5.210E+00	5.162E+00	5.183E+00	5.189E+00	5.186E+00	5.187E+00
1.500E-01	5.181E+00	2.343E-02	5.203E+00	5.157E+00	5.178E+00	5.183E+00	5.180E+00	5.181E+00
1.600E-01	5.175E+00	2.287E-02	5.197E+00	5.152E+00	5.172E+00	5.178E+00	5.174E+00	5.175E+00
1.700E-01	5.169E+00	2.230E-02	5.190E+00	5.146E+00	5.166E+00	5.172E+00	5.168E+00	5.169E+00
1.800E-01	5.162E+00	2.172E-02	5.183E+00	5.140E+00	5.160E+00	5.165E+00	5.162E+00	5.163E+00
1.900E-01	5.156E+00	2.114E-02	5.176E+00	5.134E+00	5.153E+00	5.159E+00	5.155E+00	5.156E+00
2.000E-01	5.149E+00	2.056E-02	5.169E+00	5.128E+00	5.146E+00	5.152E+00	5.148E+00	5.149E+00
2.100E-01	5.142E+00	1.997E-02	5.161E+00	5.122E+00	5.139E+00	5.145E+00	5.141E+00	5.142E+00
2.200E-01	5.134E+00	1.938E-02	5.153E+00	5.115E+00	5.132E+00	5.137E+00	5.134E+00	5.135E+00
2.300E-01	5.127E+00	1.879E-02	5.145E+00	5.108E+00	5.124E+00	5.130E+00	5.126E+00	5.127E+00
2.400E-01	5.119E+00	1.820E-02	5.137E+00	5.101E+00	5.116E+00	5.122E+00	5.119E+00	5.120E+00
2.500E-01	5.111E+00	1.761E-02	5.128E+00	5.093E+00	5.108E+00	5.114E+00	5.111E+00	5.112E+00
2.600E-01	5.103E+00	1.701E-02	5.119E+00	5.085E+00	5.100E+00	5.106E+00	5.102E+00	5.103E+00
2.700E-01	5.094E+00	1.642E-02	5.110E+00	5.078E+00	5.092E+00	5.097E+00	5.094E+00	5.095E+00
2.800E-01	5.086E+00	1.583E-02	5.101E+00	5.069E+00	5.083E+00	5.088E+00	5.085E+00	5.086E+00
2.900E-01	5.077E+00	1.524E-02	5.091E+00	5.061E+00	5.074E+00	5.079E+00	5.076E+00	5.077E+00
3.000E-01	5.067E+00	1.465E-02	5.081E+00	5.052E+00	5.065E+00	5.070E+00	5.067E+00	5.068E+00
3.100E-01	5.058E+00	1.406E-02	5.071E+00	5.044E+00	5.055E+00	5.061E+00	5.058E+00	5.059E+00
3.200E-01	5.049E+00	1.348E-02	5.061E+00	5.035E+00	5.046E+00	5.051E+00	5.048E+00	5.049E+00
3.300E-01	5.039E+00	1.290E-02	5.051E+00	5.026E+00	5.036E+00	5.041E+00	5.038E+00	5.039E+00
3.400E-01	5.029E+00	1.233E-02	5.040E+00	5.016E+00	5.026E+00	5.031E+00	5.028E+00	5.029E+00
3.500E-01	5.019E+00	1.175E-02	5.029E+00	5.006E+00	5.016E+00	5.021E+00	5.018E+00	5.019E+00
3.600E-01	5.008E+00	1.119E-02	5.018E+00	4.997E+00	5.006E+00	5.011E+00	5.008E+00	5.009E+00
3.700E-01	4.998E+00	1.063E-02	5.007E+00	4.987E+00	4.995E+00	5.000E+00	4.997E+00	4.998E+00
3.800E-01	4.987E+00	1.008E-02	4.996E+00	4.976E+00	4.984E+00	4.989E+00	4.986E+00	4.987E+00
3.900E-01	4.976E+00	9.529E-03	4.984E+00	4.966E+00	4.973E+00	4.979E+00	4.975E+00	4.976E+00
4.000E-01	4.965E+00	8.988E-03	4.973E+00	4.956E+00	4.962E+00	4.967E+00	4.964E+00	4.965E+00
4.100E-01	4.953E+00	8.456E-03	4.961E+00	4.945E+00	4.951E+00	4.956E+00	4.953E+00	4.954E+00
4.200E-01	4.942E+00	7.932E-03	4.949E+00	4.934E+00	4.939E+00	4.945E+00	4.941E+00	4.943E+00
4.300E-01	4.930E+00	7.416E-03	4.937E+00	4.923E+00	4.928E+00	4.933E+00	4.930E+00	4.931E+00
4.400E-01	4.918E+00	6.911E-03	4.924E+00	4.911E+00	4.916E+00	4.921E+00	4.918E+00	4.919E+00
4.500E-01	4.906E+00	6.417E-03	4.912E+00	4.900E+00	4.904E+00	4.909E+00	4.906E+00	4.907E+00
4.600E-01	4.894E+00	5.935E-03	4.899E+00	4.888E+00	4.892E+00	4.897E+00	4.894E+00	4.895E+00
4.700E-01	4.882E+00	5.466E-03	4.886E+00	4.876E+00	4.879E+00	4.884E+00	4.881E+00	4.883E+00
4.800E-01	4.869E+00	5.013E-03	4.873E+00	4.864E+00	4.867E+00	4.872E+00	4.869E+00	4.870E+00
4.900E-01	4.857E+00	4.578E-03	4.860E+00	4.852E+00	4.854E+00	4.859E+00	4.856E+00	4.857E+00
5.000E-01	4.844E+00	4.164E-03	4.847E+00	4.840E+00	4.841E+00	4.846E+00	4.843E+00	4.844E+00
5.100E-01	4.831E+00	3.775E-03	4.833E+00	4.827E+00	4.828E+00	4.833E+00	4.830E+00	4.831E+00
5.200E-01	4.818E+00	3.417E-03	4.819E+00	4.815E+00	4.815E+00	4.820E+00	4.817E+00	4.818E+00
5.300E-01	4.804E+00	3.097E-03	4.806E+00	4.802E+00	4.802E+00	4.807E+00	4.804E+00	4.805E+00
5.400E-01	4.791E+00	2.824E-03	4.792E+00	4.789E+00	4.789E+00	4.793E+00	4.790E+00	4.792E+00
5.500E-01	4.777E+00	2.608E-03	4.778E+00	4.776E+00	4.775E+00	4.780E+00	4.777E+00	4.778E+00
5.600E-01	4.764E+00	2.461E-03	4.763E+00	4.762E+00	4.761E+00	4.766E+00	4.763E+00	4.764E+00
5.700E-01	4.750E+00	2.391E-03	4.749E+00	4.749E+00	4.747E+00	4.752E+00	4.749E+00	4.750E+00
5.800E-01	4.736E+00	2.398E-03	4.735E+00	4.735E+00	4.733E+00	4.738E+00	4.735E+00	4.736E+00
5.900E-01	4.722E+00	2.480E-03	4.720E+00	4.722E+00	4.719E+00	4.724E+00	4.721E+00	4.722E+00
6.000E-01	4.707E+00	2.623E-03	4.705E+00	4.708E+00	4.705E+00	4.709E+00	4.707E+00	4.708E+00
6.100E-01	4.693E+00	2.816E-03	4.691E+00	4.694E+00	4.691E+00	4.695E+00	4.692E+00	4.693E+00
6.200E-01	4.678E+00	3.045E-03	4.676E+00	4.680E+00	4.676E+00	4.680E+00	4.678E+00	4.679E+00
6.300E-01	4.664E+00	3.299E-03	4.661E+00	4.665E+00	4.661E+00	4.666E+00	4.663E+00	4.664E+00
6.400E-01	4.649E+00	3.570E-03	4.645E+00	4.651E+00	4.647E+00	4.651E+00	4.648E+00	4.649E+00
6.500E-01	4.634E+00	3.852E-03	4.630E+00	4.636E+00	4.632E+00	4.636E+00	4.633E+00	4.634E+00
6.600E-01	4.619E+00	4.140E-03	4.615E+00	4.622E+00	4.617E+00	4.621E+00	4.618E+00	4.619E+00
6.700E-01	4.604E+00	4.431E-03	4.599E+00	4.607E+00	4.601E+00	4.606E+00	4.603E+00	4.604E+00
6.800E-01	4.588E+00	4.722E-03	4.584E+00	4.592E+00	4.586E+00	4.590E+00	4.587E+00	4.589E+00
6.900E-01	4.573E+00	5.011E-03	4.568E+00	4.577E+00	4.571E+00	4.575E+00	4.572E+00	4.574E+00
7.000E-01	4.557E+00	5.296E-03	4.552E+00	4.562E+00	4.555E+00	4.559E+00	4.556E+00	4.558E+00
7.100E-01	4.542E+00	5.577E-03	4.536E+00	4.546E+00	4.540E+00	4.544E+00	4.541E+00	4.542E+00
7.200E-01	4.526E+00	5.852E-03	4.520E+00	4.531E+00	4.524E+00	4.528E+00	4.525E+00	4.527E+00
7.300E-01	4.510E+00	6.122E-03	4.504E+00	4.515E+00	4.508E+00	4.512E+00	4.509E+00	4.511E+00
7.400E-01	4.494E+00	6.385E-03	4.488E+00	4.500E+00	4.492E+00	4.496E+00	4.493E+00	4.495E+00
7.500E-01	4.478E+00	6.640E-03	4.471E+00	4.484E+00	4.476E+00	4.480E+00	4.477E+00	4.479E+00
7.600E-01	4.462E+00	6.889E-03	4.455E+00	4.468E+00	4.460E+00	4.464E+00	4.461E+00	4.463E+00
7.700E-01	4.446E+00	7.129E-03	4.438E+00	4.452E+00	4.444E+00	4.447E+00	4.445E+00	4.446E+00
7.800E-01	4.429E+00	7.362E-03	4.422E+00	4.436E+00	4.427E+00	4.431E+00	4.428E+00	4.430E+00
7.900E-01	4.413E+00	7.586E-03	4.405E+00	4.420E+00	4.411E+00	4.415E+00	4.412E+00	4.414E+00
8.000E-01	4.396E+00	7.802E-03	4.388E+00	4.403E+00	4.394E+00	4.398E+00	4.395E+00	4.397E+00
8.100E-01	4.379E+00	8.009E-03	4.371E+00	4.387E+00	4.378E+00	4.381E+00	4.379E+00	4.380E+00
8.200E-01	4.363E+00	8.208E-03	4.354E+00	4.370E+00	4.361E+00	4.365E+00	4.362E+00	4.364E+00
8.300E-01	4.346E+00	8.398E-03	4.337E+00	4.354E+00	4.344E+00	4.348E+00	4.345E+00	4.347E+00
8.400E-01	4.329E+00	8.580E-03	4.320E+00	4.337E+00	4.327E+00	4.331E+00	4.328E+00	4.330E+00
8.500E-01	4.312E+00	8.752E-03	4.303E+00	4.320E+00	4.310E+00	4.314E+00	4.311E+00	4.313E+00
8.600E-01	4.295E+00	8.916E-03	4.286E+00	4.303E+00	4.293E+00	4.297E+00	4.294E+00	4.296E+00
8.700E-01	4.278E+00	9.071E-03	4.269E+00	4.286E+00	4.276E+00	4.279E+00	4.277E+00	4.279E+00
8.800E-01	4.261E+00	9.217E-03	4.251E+00	4.269E+00	4.259E+00	4.262E+00	4.260E+00	4.261E+00
8.900E-01	4.243E+00	9.354E-03	4.234E+00	4.252E+00	4.242E+00	4.245E+00	4.242E+00	4.244E+00
9.000E-01	4.226E+00	9.482E-03	4.216E+00	4.235E+00	4.224E+00	4.227E+00	4.225E+00	4.227E+00
9.100E-01	4.208E+00	9.601E-03	4.199E+00	4.218E+00	4.207E+00	4.210E+00	4.208E+00	4.209E+00
9.200E-01	4.191E+00	9.711E-03	4.181E+00	4.200E+00	4.189E+00	4.192E+00	4.190E+00	4.192E+00
9.300E-01	4.173E+00	9.813E-03	4.164E+00	4.183E+00	4.172E+00	4.175E+00	4.172E+00	4.174E+00
9.400E-01	4.156E+00	9.905E-03	4.146E+00	4.165E+00	4.154E+00	4.157E+00	4.155E+00	4.157E+00
9.500E-01	4.138E+00	9.989E-03	4.128E+00	4.148E+00	4.137E+00	4.139E+00	4.137E+00	4.139E+00
9.600E-01	4.120E+00	1.006E-02	4.110E+00	4.130E+00	4.119E+00	4.122E+00	4.119E+00	4.121E+00
9.700E-01	4.102E+00	1.013E-02	4.092E+00	4.112E+00	4.101E+00	4.104E+00	4.101E+00	4.103E+00
9.800E-01	4.084E+00	1.019E-02	4.074E+00	4.094E+00	4.083E+00	4.086E+00	4.084E+00	4.085E+00
9.900E-01	4.067E+00	1.024E-02	4.056E+00	4.077E+00	4.065E+00	4.068E+00	4.066E+00	4.067E+00
1.000E+00	4.049E+00	1.028E-02	4.038E+00	4.059E+00	4.047E+00	4.050E+00	4.048E+00	4.049E+00
1.010E+00	4.030E+00	1.031E-02	4.020E+00	4.041E+00	4.029E+00	4.032E+00	4.029E+00	4.031E+00
1.020E+00	4.012E+00	1.033E-02	4.002E+00	4.023E+00	4.011E+00	4.014E+00	4.011E+00	4.013E+00
1.030E+00	3.994E+00	1.035E-02	3.984E+00	4.004E+00	3.993E+00	3.995E+00	3.993E+00	3.995E+00
1.040E+00	3.976E+00	1.035E-02	3.966E+00	3.986E+00	3.975E+00	3.977E+00	3.975E+00	3.977E+00
1.050E+00	3.958E+00	1.035E-02	3.948E+00	3.968E+00	3.956E+00	3.959E+00	3.957E+00	3.959E+00
1.060E+00	3.939E+00	1.034E-02	3.929E+00	3.950E+00	3.938E+00	3.941E+00	3.938E+00	3.940E+00
1.070E+00	3.921E+00	1.032E-02	3.911E+00	3.931E+00	3.920E+00	3.922E+00	3.920E+00	3.922E+00
1.080E+00	3.903E+00	1.029E-02	3.893E+00	3.913E+00	3.902E+00	3.904E+00	3.902E+00	3.904E+00
1.090E+00	3.884E+00	1.026E-02	3.874E+00	3.894E+00	3.883E+00	3.885E+00	3.883E+00	3.885E+00
1.100E+00	3.866E+00	1.022E-02	3.856E+00	3.876E+00	3.865E+00	3.867E+00	3.865E+00	3.867E+00
1.110E+00	3.847E+00	1.017E-02	3.837E+00	3.857E+00	3.846E+00	3.848E+00	3.846E+00	3.848E+00
1.120E+00	3.829E+00	1.011E-02	3.819E+00	3.839E+00	3.828E+00	3.830E+00	3.828E+00	3.830E+00
1.130E+00	3.810E+00	1.004E-02	3.800E+00	3.820E+00	3.809E+00	3.811E+00	3.809E+00	3.811E+00
1.140E+00	3.792E+00	9.967E-03	3.782E+00	3.802E+00	3.791E+00	3.793E+00	3.791E+00	3.793E+00
1.150E+00	3.773E+00	9.885E-03	3.763E+00	3.783E+00	3.772E+00	3.774E+00	3.772E+00	3.774E+00
1.160E+00	3.754E+00	9.796E-03	3.745E+00	3.764E+00	3.753E+00	3.755E+00	3.753E+00	3.755E+00
1.170E+00	3.736E+00	9.700E-03	3.726E+00	3.745E+00	3.735E+00	3.737E+00	3.735E+00	3.737E+00
1.180E+00	3.717E+00	9.596E-03	3.708E+00	3.727E+00	3.716E+00	3.718E+00	3.716E+00	3.718E+00
1.190E+00	3.698E+00	9.486E-03	3.689E+00	3.708E+00	3.697E+00	3.699E+00	3.697E+00	3.699E+00
1.200E+00	3.679E+00	9.368E-03	3.670E+00	3.689E+00	3.679E+00	3.680E+00	3.678E+00	3.681E+00
1.210E+00	3.661E+00	9.243E-03	3.652E+00	3.670E+00	3.660E+00	3.662E+00	3.660E+00	3.662E+00
1.220E+00	3.642E+00	9.111E-03	3.633E+00	3.651E+00	3.641E+00	3.643E+00	3.641E+00	3.643E+00
1.230E+00	3.623E+00	8.973E-03	3.615E+00	3.632E+00	3.622E+00	3.624E+00	3.622E+00	3.624E+00
1.240E+00	3.604E+00	8.828E-03	3.596E+00	3.613E+00	3.604E+00	3.605E+00	3.603E+00	3.605E+00
1.250E+00	3.585E+00	8.676E-03	3.577E+00	3.594E+00	3.585E+00	3.586E+00	3.584E+00	3.587E+00
1.260E+00	3.567E+00	8.518E-03	3.559E+00	3.575E+00	3.566E+00	3.567E+00	3.565E+00	3.568E+00
1.270E+00	3.548E+00	8.353E-03	3.540E+00	3.556E+00	3.547E+00	3.549E+00	3.547E+00	3.549E+00
1.280E+00	3.529E+00	8.182E-03	3.521E+00	3.537E+00	3.528E+00	3.530E+00	3.528E+00	3.530E+00
1.290E+00	3.510E+00	8.006E-03	3.503E+00	3.518E+00	3.509E+00	3.511E+00	3.509E+00	3.511E+00
1.300E+00	3.491E+00	7.823E-03	3.484E+00	3.499E+00	3.490E+00	3.492E+00	3.490E+00	3.492E+00
1.310E+00	3.472E+00	7.634E-03	3.465E+00	3.480E+00	3.472E+00	3.473E+00	3.471E+00	3.473E+00
1.320E+00	3.453E+00	7.439E-03	3.447E+00	3.461E+00	3.453E+00	3.454E+00	3.452E+00	3.455E+00
1.330E+00	3.435E+00	7.239E-03	3.428E+00	3.442E+00	3.434E+00	3.435E+00	3.433E+00	3.436E+00
1.340E+00	3.416E+00	7.034E-03	3.409E+00	3.423E+00	3.415E+00	3.416E+00	3.414E+00	3.417E+00
1.350E+00	3.397E+00	6.823E-03	3.390E+00	3.404E+00	3.396E+00	3.397E+00	3.396E+00	3.398E+00
1.360E+00	3.378E+00	6.606E-03	3.372E+00	3.385E+00	3.377E+00	3.378E+00	3.377E+00	3.379E+00
1.370E+00	3.359E+00	6.385E-03	3.353E+00	3.366E+00	3.358E+00	3.359E+00	3.358E+00	3.360E+00
1.380E+00	3.340E+00	6.159E-03	3.335E+00	3.347E+00	3.340E+00	3.341E+00	3.339E+00	3.341E+00
1.390E+00	3.321E+00	5.928E-03	3.316E+00	3.327E+00	3.321E+00	3.322E+00	3.320E+00	3.322E+00
1.400E+00	3.302E+00	5.693E-03	3.297E+00	3.308E+00	3.302E+00	3.303E+00	3.301E+00	3.304E+00
1.410E+00	3.283E+00	5.453E-03	3.279E+00	3.289E+00	3.283E+00	3.284E+00	3.282E+00	3.285E+00
1.420E+00	3.265E+00	5.209E-03	3.260E+00	3.270E+00	3.264E+00	3.265E+00	3.263E+00	3.266E+00
1.430E+00	3.246E+00	4.962E-03	3.242E+00	3.251E+00	3.245E+00	3.246E+00	3.244E+00	3.247E+00
1.440E+00	3.227E+00	4.710E-03	3.223E+00	3.232E+00	3.227E+00	3.227E+00	3.226E+00	3.228E+00
1.450E+00	3.208E+00	4.456E-03	3.204E+00	3.213E+00	3.208E+00	3.208E+00	3.207E+00	3.209E+00
1.460E+00	3.189E+00	4.199E-03	3.186E+00	3.194E+00	3.189E+00	3.190E+00	3.188E+00	3.191E+00
1.470E+00	3.170E+00	3.939E-03	3.167E+00	3.175E+00	3.170E+00	3.171E+00	3.169E+00	3.172E+00
1.480E+00	3.152E+00	3.677E-03	3.149E+00	3.156E+00	3.151E+00	3.152E+00	3.150E+00	3.153E+00
1.490E+00	3.133E+00	3.414E-03	3.130E+00	3.137E+00	3.133E+00	3.133E+00	3.132E+00	3.134E+00
1.500E+00	3.114E+00	3.152E-03	3.112E+00	3.118E+00	3.114E+00	3.114E+00	3.113E+00	3.116E+00
1.510E+00	3.096E+00	2.890E-03	3.094E+00	3.099E+00	3.095E+00	3.096E+00	3.094E+00	3.097E+00
1.520E+00	3.077E+00	2.631E-03	3.075E+00	3.080E+00	3.077E+00	3.077E+00	3.076E+00	3.078E+00
1.530E+00	3.058E+00	2.377E-03	3.057E+00	3.061E+00	3.058E+00	3.058E+00	3.057E+00	3.059E+00
1.540E+00	3.039E+00	2.132E-03	3.038E+00	3.042E+00	3.039E+00	3.040E+00	3.038E+00	3.041E+00
1.550E+00	3.021E+00	1.901E-03	3.020E+00	3.023E+00	3.021E+00	3.021E+00	3.020E+00	3.022E+00
1.560E+00	3.002E+00	1.692E-03	3.002E+00	3.004E+00	3.002E+00	3.002E+00	3.001E+00	3.004E+00
1.570E+00	2.984E+00	1.516E-03	2.984E+00	2.985E+00	2.984E+00	2.984E+00	2.982E+00	2.985E+00
1.580E+00	2.965E+00	1.387E-03	2.965E+00	2.966E+00	2.965E+00	2.965E+00	2.964E+00	2.966E+00
1.590E+00	2.947E+00	1.322E-03	2.947E+00	2.947E+00	2.947E+00	2.947E+00	2.945E+00	2.948E+00
1.600E+00	2.928E+00	1.333E-03	2.929E+00	2.929E+00	2.928E+00	2.928E+00	2.927E+00	2.929E+00
1.610E+00	2.910E+00	1.420E-03	2.911E+00	2.910E+00	2.910E+00	2.910E+00	2.908E+00	2.911E+00
1.620E+00	2.891E+00	1.572E-03	2.893E+00	2.891E+00	2.891E+00	2.891E+00	2.890E+00	2.893E+00
1.630E+00	2.873E+00	1.773E-03	2.875E+00	2.872E+00	2.873E+00	2.873E+00	2.872E+00	2.874E+00
1.640E+00	2.855E+00	2.011E-03	2.857E+00	2.854E+00	2.855E+00	2.855E+00	2.853E+00	2.856E+00
1.650E+00	2.836E+00	2.275E-03	2.839E+00	2.835E+00	2.836E+00	2.836E+00	2.835E+00	2.838E+00
1.660E+00	2.818E+00	2.557E-03	2.821E+00	2.817E+00	2.818E+00	2.818E+00	2.817E+00	2.819E+00
1.670E+00	2.800E+00	2.853E-03	2.803E+00	2.798E+00	2.800E+00	2.800E+00	2.798E+00	2.801E+00
1.680E+00	2.781E+00	3.160E-03	2.785E+00	2.779E+00	2.782E+00	2.781E+00	2.780E+00	2.783E+00
1.690E+00	2.763E+00	3.475E-03	2.767E+00	2.761E+00	2.763E+00	2.763E+00	2.762E+00	2.765E+00
1.700E+00	2.745E+00	3.797E-03	2.750E+00	2.742E+00	2.745E+00	2.745E+00	2.744E+00	2.747E+00
1.710E+00	2.727E+00	4.124E-03	2.732E+00	2.724E+00	2.727E+00	2.727E+00	2.726E+00	2.728E+00
1.720E+00	2.709E+00	4.456E-03	2.714E+00	2.706E+00	2.709E+00	2.709E+00	2.708E+00	2.710E+00
1.730E+00	2.691E+00	4.792E-03	2.696E+00	2.687E+00	2.691E+00	2.691E+00	2.690E+00	2.692E+00
1.740E+00	2.673E+00	5.131E-03	2.679E+00	2.669E+00	2.673E+00	2.673E+00	2.672E+00	2.674E+00
1.750E+00	2.655E+00	5.474E-03	2.661E+00	2.651E+00	2.655E+00	2.655E+00	2.654E+00	2.657E+00
1.760E+00	2.637E+00	5.819E-03	2.644E+00	2.633E+00	2.638E+00	2.637E+00	2.636E+00	2.639E+00
1.770E+00	2.619E+00	6.166E-03	2.626E+00	2.614E+00	2.620E+00	2.619E+00	2.618E+00	2.621E+00
1.780E+00	2.602E+00	6.515E-03	2.609E+00	2.596E+00	2.602E+00	2.601E+00	2.600E+00	2.603E+00
1.790E+00	2.584E+00	6.866E-03	2.592E+00	2.578E+00	2.584E+00	2.584E+00	2.583E+00	2.585E+00
1.800E+00	2.566E+00	7.219E-03	2.574E+00	2.560E+00	2.567E+00	2.566E+00	2.565E+00	2.568E+00
1.810E+00	2.549E+00	7.573E-03	2.557E+00	2.542E+00	2.549E+00	2.548E+00	2.547E+00	2.550E+00
1.820E+00	2.531E+00	7.928E-03	2.540E+00	2.524E+00	2.531E+00	2.531E+00	2.530E+00	2.532E+00
1.830E+00	2.514E+00	8.284E-03	2.523E+00	2.506E+00	2.514E+00	2.513E+00	2.512E+00	2.515E+00
1.840E+00	2.496E+00	8.642E-03	2.505E+00	2.488E+00	2.496E+00	2.496E+00	2.495E+00	2.497E+00
1.850E+00	2.479E+00	9.000E-03	2.488E+00	2.471E+00	2.479E+00	2.478E+00	2.477E+00	2.480E+00
1.860E+00	2.461E+00	9.359E-03	2.471E+00	2.453E+00	2.462E+00	2.461E+00	2.460E+00	2.463E+00
1.870E+00	2.444E+00	9.718E-03	2.454E+00	2.435E+00	2.444E+00	2.444E+00	2.443E+00	2.445E+00
1.880E+00	2.427E+00	1.008E-02	2.438E+00	2.418E+00	2.427E+00	2.426E+00	2.425E+00	2.428E+00
1.890E+00	2.409E+00	1.044E-02	2.421E+00	2.400E+00	2.410E+00	2.409E+00	2.408E+00	2.411E+00
1.900E+00	2.392E+00	1.080E-02	2.404E+00	2.382E+00	2.393E+00	2.392E+00	2.391E+00	2.394E+00
1.910E+00	2.375E+00	1.116E-02	2.387E+00	2.365E+00	2.376E+00	2.375E+00	2.374E+00	2.377E+00
1.920E+00	2.358E+00	1.152E-02	2.370E+00	2.348E+00	2.359E+00	2.358E+00	2.357E+00	2.359E+00
1.930E+00	2.341E+00	1.188E-02	2.354E+00	2.330E+00	2.342E+00	2.341E+00	2.340E+00	2.342E+00
1.940E+00	2.324E+00	1.224E-02	2.337E+00	2.313E+00	2.325E+00	2.324E+00	2.323E+00	2.326E+00
1.950E+00	2.307E+00	1.260E-02	2.321E+00	2.296E+00	2.308E+00	2.307E+00	2.306E+00	2.309E+00
1.960E+00	2.290E+00	1.296E-02	2.304E+00	2.279E+00	2.291E+00	2.290E+00	2.289E+00	2.292E+00
1.970E+00	2.274E+00	1.332E-02	2.288E+00	2.261E+00	2.274E+00	2.273E+00	2.272E+00	2.275E+00
1.980E+00	2.257E+00	1.368E-02	2.272E+00	2.244E+00	2.258E+00	2.256E+00	2.256E+00	2.258E+00
1.990E+00	2.240E+00	1.403E-02	2.255E+00	2.227E+00	2.241E+00	2.240E+00	2.239E+00	2.242E+00
2.000E+00	2.224E+00	1.439E-02	2.239E+00	2.210E+00	2.224E+00	2.223E+00	2.222E+00	2.225E+00
2.010E+00	2.207E+00	1.475E-02	2.223E+00	2.194E+00	2.208E+00	2.207E+00	2.206E+00	2.209E+00
2.020E+00	2.191E+00	1.510E-02	2.207E+00	2.177E+00	2.191E+00	2.190E+00	2.189E+00	2.192E+00
2.030E+00	2.174E+00	1.546E-02	2.191E+00	2.160E+00	2.175E+00	2.174E+00	2.173E+00	2.176E+00
2.040E+00	2.158E+00	1.581E-02	2.175E+00	2.143E+00	2.159E+00	2.158E+00	2.157E+00	2.160E+00
2.050E+00	2.142E+00	1.616E-02	2.159E+00	2.127E+00	2.142E+00	2.141E+00	2.140E+00	2.143E+00
2.060E+00	2.126E+00	1.651E-02	2.143E+00	2.110E+00	2.126E+00	2.125E+00	2.124E+00	2.127E+00
2.070E+00	2.110E+00	1.686E-02	2.127E+00	2.094E+00	2.110E+00	2.109E+00	2.108E+00	2.111E+00
2.080E+00	2.093E+00	1.721E-02	2.112E+00	2.077E+00	2.094E+00	2.093E+00	2.092E+00	2.095E+00
2.090E+00	2.077E+00	1.756E-02	2.096E+00	2.061E+00	2.078E+00	2.077E+00	2.076E+00	2.079E+00
2.100E+00	2.062E+00	1.790E-02	2.080E+00	2.045E+00	2.062E+00	2.061E+00	2.060E+00	2.063E+00
2.110E+00	2.046E+00	1.825E-02	2.065E+00	2.028E+00	2.046E+00	2.045E+00	2.044E+00	2.047E+00
2.120E+00	2.030E+00	1.859E-02	2.049E+00	2.012E+00	2.031E+00	2.029E+00	2.028E+00	2.031E+00
2.130E+00	2.014E+00	1.893E-02	2.034E+00	1.996E+00	2.015E+00	2.013E+00	2.013E+00	2.016E+00
2.140E+00	1.998E+00	1.927E-02	2.019E+00	1.980E+00	1.999E+00	1.998E+00	1.997E+00	2.000E+00
2.150E+00	1.983E+00	1.961E-02	2.003E+00	1.964E+00	1.984E+00	1.982E+00	1.981E+00	1.984E+00
2.160E+00	1.967E+00	1.994E-02	1.988E+00	1.948E+00	1.968E+00	1.967E+00	1.966E+00	1.969E+00
2.170E+00	1.952E+00	2.027E-02	1.973E+00	1.933E+00	1.953E+00	1.951E+00	1.950E+00	1.953E+00
2.180E+00	1.936E+00	2.061E-02	1.958E+00	1.917E+00	1.937E+00	1.936E+00	1.935E+00	1.938E+00
2.190E+00	1.921E+00	2.093E-02	1.943E+00	1.901E+00	1.922E+00	1.920E+00	1.920E+00	1.923E+00
2.200E+00	1.906E+00	2.126E-02	1.928E+00	1.886E+00	1.907E+00	1.905E+00	1.905E+00	1.907E+00
2.210E+00	1.891E+00	2.159E-02	1.913E+00	1.870E+00	1.892E+00	1.890E+00	1.889E+00	1.892E+00
2.220E+00	1.876E+00	2.191E-02	1.899E+00	1.855E+00	1.876E+00	1.875E+00	1.874E+00	1.877E+00
2.230E+00	1.861E+00	2.223E-02	1.884E+00	1.839E+00	1.861E+00	1.860E+00	1.859E+00	1.862E+00
2.240E+00	1.846E+00	2.255E-02	1.869E+00	1.824E+00	1.846E+00	1.845E+00	1.844E+00	1.847E+00
2.250E+00	1.831E+00	2.286E-02	1.855E+00	1.809E+00	1.832E+00	1.830E+00	1.829E+00	1.832E+00
2.260E+00	1.816E+00	2.318E-02	1.840E+00	1.794E+00	1.817E+00	1.815E+00	1.815E+00	1.817E+00
2.270E+00	1.801E+00	2.349E-02	1.826E+00	1.779E+00	1.802E+00	1.800E+00	1.800E+00	1.803E+00
2.280E+00	1.786E+00	2.379E-02	1.811E+00	1.764E+00	1.787E+00	1.786E+00	1.785E+00	1.788E+00
2.290E+00	1.772E+00	2.410E-02	1.797E+00	1.749E+00	1.773E+00	1.771E+00	1.770E+00	1.773E+00
2.300E+00	1.757E+00	2.440E-02	1.783E+00	1.734E+00	1.758E+00	1.756E+00	1.756E+00	1.759E+00
2.310E+00	1.743E+00	2.470E-02	1.769E+00	1.719E+00	1.744E+00	1.742E+00	1.742E+00	1.744E+00
2.320E+00	1.728E+00	2.500E-02	1.754E+00	1.705E+00	1.729E+00	1.728E+00	1.727E+00	1.730E+00
2.330E+00	1.714E+00	2.529E-02	1.740E+00	1.690E+00	1.715E+00	1.713E+00	1.713E+00	1.716E+00
2.340E+00	1.700E+00	2.559E-02	1.727E+00	1.675E+00	1.701E+00	1.699E+00	1.699E+00	1.701E+00
2.350E+00	1.686E+00	2.588E-02	1.713E+00	1.661E+00	1.687E+00	1.685E+00	1.684E+00	1.687E+00
2.360E+00	1.672E+00	2.616E-02	1.699E+00	1.647E+00	1.673E+00	1.671E+00	1.670E+00	1.673E+00
2.370E+00	1.658E+00	2.644E-02	1.685E+00	1.632E+00	1.659E+00	1.657E+00	1.656E+00	1.659E+00
2.380E+00	1.644E+00	2.673E-02	1.671E+00	1.618E+00	1.645E+00	1.643E+00	1.642E+00	1.645E+00
2.390E+00	1.630E+00	2.700E-02	1.658E+00	1.604E+00	1.631E+00	1.629E+00	1.628E+00	1.631E+00
2.400E+00	1.616E+00	2.728E-02	1.644E+00	1.590E+00	1.617E+00	1.615E+00	1.615E+00	1.617E+00
2.410E+00	1.602E+00	2.755E-02	1.631E+00	1.576E+00	1.603E+00	1.601E+00	1.601E+00	1.604E+00
2.420E+00	1.589E+00	2.782E-02	1.618E+00	1.562E+00	1.590E+00	1.588E+00	1.587E+00	1.590E+00
2.430E+00	1.575E+00	2.808E-02	1.604E+00	1.548E+00	1.576E+00	1.574E+00	1.574E+00	1.576E+00
2.440E+00	1.562E+00	2.834E-02	1.591E+00	1.534E+00	1.563E+00	1.561E+00	1.560E+00	1.563E+00
2.450E+00	1.548E+00	2.860E-02	1.578E+00	1.521E+00	1.549E+00	1.547E+00	1.547E+00	1.550E+00
2.460E+00	1.535E+00	2.886E-02	1.565E+00	1.507E+00	1.536E+00	1.534E+00	1.533E+00	1.536E+00
2.470E+00	1.522E+00	2.911E-02	1.552E+00	1.494E+00	1.523E+00	1.521E+00	1.520E+00	1.523E+00
2.480E+00	1.508E+00	2.936E-02	1.539E+00	1.480E+00	1.509E+00	1.507E+00	1.507E+00	1.510E+00
2.490E+00	1.495E+00	2.960E-02	1.526E+00	1.467E+00	1.496E+00	1.494E+00	1.494E+00	1.497E+00
2.500E+00	1.482E+00	2.985E-02	1.513E+00	1.453E+00	1.483E+00	1.481E+00	1.481E+00	1.484E+00
2.510E+00	1.469E+00	3.008E-02	1.500E+00	1.440E+00	1.470E+00	1.468E+00	1.468E+00	1.471E+00
2.520E+00	1.456E+00	3.032E-02	1.488E+00	1.427E+00	1.457E+00	1.455E+00	1.455E+00	1.458E+00
2.530E+00	1.444E+00	3.055E-02	1.475E+00	1.414E+00	1.445E+00	1.443E+00	1.442E+00	1.445E+00
2.540E+00	1.431E+00	3.078E-02	1.463E+00	1.401E+00	1.432E+00	1.430E+00	1.429E+00	1.432E+00
2.550E+00	1.418E+00	3.101E-02	1.450E+00	1.388E+00	1.419E+00	1.417E+00	1.417E+00	1.419E+00
2.560E+00	1.406E+00	3.123E-02	1.438E+00	1.375E+00	1.407E+00	1.404E+00	1.404E+00	1.407E+00
2.570E+00	1.393E+00	3.145E-02	1.426E+00	1.363E+00	1.394E+00	1.392E+00	1.392E+00	1.394E+00
2.580E+00	1.381E+00	3.166E-02	1.413E+00	1.350E+00	1.382E+00	1.380E+00	1.379E+00	1.382E+00
2.590E+00	1.368E+00	3.187E-02	1.401E+00	1.337E+00	1.369E+00	1.367E+00	1.367E+00	1.369E+00
2.600E+00	1.356E+00	3.208E-02	1.389E+00	1.325E+00	1.357E+00	1.355E+00	1.355E+00	1.357E+00
2.610E+00	1.344E+00	3.229E-02	1.377E+00	1.313E+00	1.345E+00	1.343E+00	1.342E+00	1.345E+00
2.620E+00	1.332E+00	3.249E-02	1.365E+00	1.300E+00	1.333E+00	1.331E+00	1.330E+00	1.333E+00
2.630E+00	1.320E+00	3.268E-02	1.353E+00	1.288E+00	1.321E+00	1.318E+00	1.318E+00	1.321E+00
2.640E+00	1.308E+00	3.288E-02	1.341E+00	1.276E+00	1.309E+00	1.306E+00	1.306E+00	1.309E+00
2.650E+00	1.296E+00	3.307E-02	1.330E+00	1.264E+00	1.297E+00	1.295E+00	1.294E+00	1.297E+00
2.660E+00	1.284E+00	3.325E-02	1.318E+00	1.252E+00	1.285E+00	1.283E+00	1.283E+00	1.285E+00
2.670E+00	1.272E+00	3.344E-02	1.307E+00	1.240E+00	1.273E+00	1.271E+00	1.271E+00	1.273E+00
2.680E+00	1.260E+00	3.362E-02	1.295E+00	1.228E+00	1.261E+00	1.259E+00	1.259E+00	1.262E+00
2.690E+00	1.249E+00	3.379E-02	1.284E+00	1.216E+00	1.250E+00	1.248E+00	1.247E+00	1.250E+00
2.700E+00	1.237E+00	3.396E-02	1.272E+00	1.204E+00	1.238E+00	1.236E+00	1.236E+00	1.238E+00
2.710E+00	1.226E+00	3.413E-02	1.261E+00	1.193E+00	1.227E+00	1.225E+00	1.225E+00	1.227E+00
2.720E+00	1.214E+00	3.430E-02	1.250E+00	1.181E+00	1.215E+00	1.213E+00	1.213E+00	1.216E+00
2.730E+00	1.203E+00	3.446E-02	1.239E+00	1.170E+00	1.204E+00	1.202E+00	1.202E+00	1.204E+00
2.740E+00	1.192E+00	3.462E-02	1.228E+00	1.158E+00	1.193E+00	1.191E+00	1.191E+00	1.193E+00
2.750E+00	1.181E+00	3.477E-02	1.217E+00	1.147E+00	1.182E+00	1.180E+00	1.179E+00	1.182E+00
2.760E+00	1.170E+00	3.492E-02	1.206E+00	1.136E+00	1.171E+00	1.169E+00	1.168E+00	1.171E+00
2.770E+00	1.159E+00	3.507E-02	1.195E+00	1.125E+00	1.160E+00	1.158E+00	1.157E+00	1.160E+00
2.780E+00	1.148E+00	3.521E-02	1.184E+00	1.114E+00	1.149E+00	1.147E+00	1.146E+00	1.149E+00
2.790E+00	1.137E+00	3.535E-02	1.173E+00	1.103E+00	1.138E+00	1.136E+00	1.136E+00	1.138E+00
2.800E+00	1.126E+00	3.549E-02	1.163E+00	1.092E+00	1.127E+00	1.125E+00	1.125E+00	1.127E+00
2.810E+00	1.115E+00	3.562E-02	1.152E+00	1.081E+00	1.116E+00	1.114E+00	1.114E+00	1.117E+00
2.820E+00	1.105E+00	3.575E-02	1.142E+00	1.070E+00	1.106E+00	1.104E+00	1.103E+00	1.106E+00
2.830E+00	1.094E+00	3.587E-02	1.131E+00	1.059E+00	1.095E+00	1.093E+00	1.093E+00	1.095E+00
2.840E+00	1.084E+00	3.600E-02	1.121E+00	1.049E+00	1.085E+00	1.083E+00	1.082E+00	1.085E+00
2.850E+00	1.073E+00	3.611E-02	1.110E+00	1.038E+00	1.074E+00	1.072E+00	1.072E+00	1.074E+00
2.860E+00	1.063E+00	3.623E-02	1.100E+00	1.028E+00	1.064E+00	1.062E+00	1.062E+00	1.064E+00
2.870E+00	1.053E+00	3.634E-02	1.090E+00	1.017E+00	1.054E+00	1.052E+00	1.051E+00	1.054E+00
2.880E+00	1.042E+00	3.645E-02	1.080E+00	1.007E+00	1.043E+00	1.041E+00	1.041E+00	1.044E+00
2.890E+00	1.032E+00	3.655E-02	1.070E+00	9.970E-01	1.033E+00	1.031E+00	1.031E+00	1.033E+00
2.900E+00	1.022E+00	3.665E-02	1.060E+00	9.868E-01	1.023E+00	1.021E+00	1.021E+00	1.023E+00
2.910E+00	1.012E+00	3.675E-02	1.050E+00	9.768E-01	1.013E+00	1.011E+00	1.011E+00	1.013E+00
2.920E+00	1.002E+00	3.684E-02	1.040E+00	9.668E-01	1.003E+00	1.001E+00	1.001E+00	1.004E+00
2.930E+00	9.925E-01	3.693E-02	1.031E+00	9.568E-01	9.936E-01	9.915E-01	9.914E-01	9.937E-01
2.940E+00	9.828E-01	3.701E-02	1.021E+00	9.470E-01	9.839E-01	9.817E-01	9.816E-01	9.839E-01
2.950E+00	9.731E-01	3.710E-02	1.011E+00	9.372E-01	9.742E-01	9.720E-01	9.720E-01	9.742E-01
2.960E+00	9.635E-01	3.718E-02	1.002E+00	9.275E-01	9.646E-01	9.624E-01	9.623E-01	9.646E-01
2.970E+00	9.539E-01	3.725E-02	9.924E-01	9.179E-01	9.550E-01	9.529E-01	9.528E-01	9.551E-01
2.980E+00	9.445E-01	3.732E-02	9.830E-01	9.084E-01	9.455E-01	9.434E-01	9.433E-01	9.456E-01
2.990E+00	9.351E-01	3.739E-02	9.736E-01	8.989E-01	9.361E-01	9.340E-01	9.339E-01	9.362E-01
3.000E+00	9.257E-01	3.746E-02	9.644E-01	8.895E-01	9.268E-01	9.246E-01	9.246E-01	9.268E-01
