1.000E-02	6.970E+00	3.026E-03	6.973E+00	6.968E+00	6.972E+00	6.968E+00	6.970E+00	6.970E+00
2.000E-02	6.969E+00	3.008E-03	6.972E+00	6.967E+00	6.971E+00	6.967E+00	6.969E+00	6.969E+00
3.000E-02	6.968E+00	2.984E-03	6.970E+00	6.965E+00	6.970E+00	6.966E+00	6.968E+00	6.968E+00
4.000E-02	6.966E+00	2.955E-03	6.968E+00	6.964E+00	6.968E+00	6.964E+00	6.966E+00	6.966E+00
5.000E-02	6.964E+00	2.923E-03	6.966E+00	6.961E+00	6.966E+00	6.962E+00	6.964E+00	6.964E+00
6.000E-02	6.961E+00	2.888E-03	6.963E+00	6.959E+00	6.963E+00	6.959E+00	6.961E+00	6.961E+00
7.000E-02	6.958E+00	2.851E-03	6.960E+00	6.956E+00	6.960E+00	6.956E+00	6.958E+00	6.958E+00
8.000E-02	6.955E+00	2.811E-03	6.957E+00	6.952E+00	6.956E+00	6.953E+00	6.954E+00	6.955E+00
9.000E-02	6.951E+00	2.770E-03	6.953E+00	6.949E+00	6.953E+00	6.949E+00	6.951E+00	6.951E+00
1.000E-01	6.947E+00	2.728E-03	6.949E+00	6.945E+00	6.949E+00	6.945E+00	6.947E+00	6.947E+00
1.100E-01	6.942E+00	2.684E-03	6.944E+00	6.940E+00	6.944E+00	6.940E+00	6.942E+00	6.942E+00
1.200E-01	6.938E+00	2.639E-03	6.939E+00	6.936E+00	6.939E+00	6.936E+00	6.937E+00	6.938E+00
1.300E-01	6.932E+00	2.594E-03	6.934E+00	6.931E+00	6.934E+00	6.931E+00	6.932E+00	6.933E+00
1.400E-01	6.927E+00	2.548E-03	6.929E+00	6.925E+00	6.929E+00	6.925E+00	6.927E+00	6.927E+00
1.500E-01	6.921E+00	2.502E-03	6.923E+00	6.920E+00	6.923E+00	6.920E+00	6.921E+00	6.922E+00
1.600E-01	6.916E+00	2.456E-03	6.917E+00	6.914E+00	6.917E+00	6.914E+00	6.915E+00	6.916E+00
1.700E-01	6.909E+00	2.410E-03	6.911E+00	6.908E+00	6.911E+00	6.907E+00	6.909E+00	6.909E+00
1.800E-01	6.903E+00	2.364E-03	6.904E+00	6.901E+00	6.905E+00	6.901E+00	6.903E+00	6.903E+00
1.900E-01	6.896E+00	2.319E-03	6.897E+00	6.895E+00	6.898E+00	6.894E+00	6.896E+00	6.896E+00
2.000E-01	6.889E+00	2.274E-03	6.890E+00	6.887E+00	6.891E+00	6.887E+00	6.889E+00	6.889E+00
2.100E-01	6.881E+00	2.230E-03	6.883E+00	6.880E+00	6.883E+00	6.880E+00	6.881E+00	6.882E+00
2.200E-01	6.874E+00	2.187E-03	6.875E+00	6.873E+00	6.876E+00	6.872E+00	6.874E+00	6.874E+00
2.300E-01	6.866E+00	2.145E-03	6.867E+00	6.865E+00	6.868E+00	6.864E+00	6.866E+00	6.866E+00
2.400E-01	6.858E+00	2.104E-03	6.859E+00	6.857E+00	6.860E+00	6.856E+00	6.858E+00	6.858E+00
2.500E-01	6.849E+00	2.065E-03	6.850E+00	6.848E+00	6.851E+00	6.848E+00	6.849E+00	6.849E+00
2.600E-01	6.841E+00	2.027E-03	6.842E+00	6.840E+00	6.842E+00	6.839E+00	6.841E+00	6.841E+00
2.700E-01	6.832E+00	1.990E-03	6.833E+00	6.831E+00	6.833E+00	6.830E+00	6.832E+00	6.832E+00
2.800E-01	6.823E+00	1.956E-03	6.823E+00	6.822E+00	6.824E+00	6.821E+00	6.822E+00	6.823E+00
2.900E-01	6.813E+00	1.923E-03	6.814E+00	6.812E+00	6.815E+00	6.811E+00	6.813E+00	6.813E+00
3.000E-01	6.803E+00	1.892E-03	6.804E+00	6.803E+00	6.805E+00	6.802E+00	6.803E+00	6.803E+00
3.100E-01	6.793E+00	1.863E-03	6.794E+00	6.793E+00	6.795E+00	6.792E+00	6.793E+00	6.794E+00
3.200E-01	6.783E+00	1.837E-03	6.784E+00	6.783E+00	6.785E+00	6.782E+00	6.783E+00	6.783E+00
3.300E-01	6.773E+00	1.813E-03	6.773E+00	6.772E+00	6.775E+00	6.771E+00	6.773E+00	6.773E+00
3.400E-01	6.762E+00	1.791E-03	6.763E+00	6.762E+00	6.764E+00	6.761E+00	6.762E+00	6.762E+00
3.500E-01	6.751E+00	1.772E-03	6.752E+00	6.751E+00	6.753E+00	6.750E+00	6.751E+00	6.752E+00
3.600E-01	6.740E+00	1.755E-03	6.741E+00	6.740E+00	6.742E+00	6.739E+00	6.740E+00	6.740E+00
3.700E-01	6.729E+00	1.740E-03	6.729E+00	6.729E+00	6.731E+00	6.727E+00	6.729E+00	6.729E+00
3.800E-01	6.718E+00	1.728E-03	6.718E+00	6.717E+00	6.719E+00	6.716E+00	6.717E+00	6.718E+00
3.900E-01	6.706E+00	1.719E-03	6.706E+00	6.706E+00	6.707E+00	6.704E+00	6.706E+00	6.706E+00
4.000E-01	6.694E+00	1.712E-03	6.694E+00	6.694E+00	6.696E+00	6.692E+00	6.694E+00	6.694E+00
4.100E-01	6.682E+00	1.708E-03	6.682E+00	6.682E+00	6.683E+00	6.680E+00	6.682E+00	6.682E+00
4.200E-01	6.669E+00	1.706E-03	6.669E+00	6.669E+00	6.671E+00	6.668E+00	6.669E+00	6.669E+00
4.300E-01	6.657E+00	1.706E-03	6.656E+00	6.657E+00	6.658E+00	6.655E+00	6.657E+00	6.657E+00
4.400E-01	6.644E+00	1.709E-03	6.644E+00	6.644E+00	6.646E+00	6.642E+00	6.644E+00	6.644E+00
4.500E-01	6.631E+00	1.714E-03	6.630E+00	6.631E+00	6.633E+00	6.629E+00	6.631E+00	6.631E+00
4.600E-01	6.618E+00	1.721E-03	6.617E+00	6.618E+00	6.619E+00	6.616E+00	6.618E+00	6.618E+00
4.700E-01	6.604E+00	1.730E-03	6.604E+00	6.605E+00	6.606E+00	6.603E+00	6.604E+00	6.604E+00
4.800E-01	6.591E+00	1.741E-03	6.590E+00	6.591E+00	6.592E+00	6.589E+00	6.591E+00	6.591E+00
4.900E-01	6.577E+00	1.753E-03	6.576E+00	6.577E+00	6.578E+00	6.575E+00	6.577E+00	6.577E+00
5.000E-01	6.563E+00	1.768E-03	6.562E+00	6.564E+00	6.564E+00	6.561E+00	6.563E+00	6.563E+00
5.100E-01	6.549E+00	1.783E-03	6.548E+00	6.549E+00	6.550E+00	6.547E+00	6.549E+00	6.549E+00
5.200E-01	6.534E+00	1.800E-03	6.533E+00	6.535E+00	6.536E+00	6.533E+00	6.534E+00	6.534E+00
5.300E-01	6.520E+00	1.819E-03	6.519E+00	6.521E+00	6.521E+00	6.518E+00	6.520E+00	6.520E+00
5.400E-01	6.505E+00	1.838E-03	6.504E+00	6.506E+00	6.507E+00	6.503E+00	6.505E+00	6.505E+00
5.500E-01	6.490E+00	1.859E-03	6.489E+00	6.491E+00	6.492E+00	6.489E+00	6.490E+00	6.490E+00
5.600E-01	6.475E+00	1.880E-03	6.474E+00	6.476E+00	6.477E+00	6.473E+00	6.475E+00	6.475E+00
5.700E-01	6.460E+00	1.902E-03	6.459E+00	6.461E+00	6.461E+00	6.458E+00	6.460E+00	6.460E+00
5.800E-01	6.444E+00	1.924E-03	6.443E+00	6.445E+00	6.446E+00	6.443E+00	6.444E+00	6.444E+00
5.900E-01	6.429E+00	1.948E-03	6.428E+00	6.430E+00	6.430E+00	6.427E+00	6.429E+00	6.429E+00
6.000E-01	6.413E+00	1.971E-03	6.412E+00	6.414E+00	6.414E+00	6.411E+00	6.413E+00	6.413E+00
6.100E-01	6.397E+00	1.995E-03	6.396E+00	6.398E+00	6.399E+00	6.395E+00	6.397E+00	6.397E+00
6.200E-01	6.381E+00	2.019E-03	6.380E+00	6.382E+00	6.382E+00	6.379E+00	6.381E+00	6.381E+00
6.300E-01	6.365E+00	2.043E-03	6.363E+00	6.366E+00	6.366E+00	6.363E+00	6.364E+00	6.365E+00
6.400E-01	6.348E+00	2.067E-03	6.347E+00	6.350E+00	6.350E+00	6.347E+00	6.348E+00	6.348E+00
6.500E-01	6.332E+00	2.092E-03	6.330E+00	6.333E+00	6.333E+00	6.330E+00	6.331E+00	6.332E+00
6.600E-01	6.315E+00	2.116E-03	6.313E+00	6.316E+00	6.316E+00	6.313E+00	6.315E+00	6.315E+00
6.700E-01	6.298E+00	2.139E-03	6.296E+00	6.299E+00	6.299E+00	6.296E+00	6.298E+00	6.298E+00
6.800E-01	6.281E+00	2.163E-03	6.279E+00	6.282E+00	6.282E+00	6.279E+00	6.281E+00	6.281E+00
6.900E-01	6.264E+00	2.186E-03	6.262E+00	6.265E+00	6.265E+00	6.262E+00	6.264E+00	6.264E+00
7.000E-01	6.246E+00	2.209E-03	6.245E+00	6.248E+00	6.248E+00	6.245E+00	6.246E+00	6.246E+00
7.100E-01	6.229E+00	2.232E-03	6.227E+00	6.231E+00	6.230E+00	6.227E+00	6.229E+00	6.229E+00
7.200E-01	6.211E+00	2.254E-03	6.209E+00	6.213E+00	6.213E+00	6.210E+00	6.211E+00	6.211E+00
7.300E-01	6.193E+00	2.276E-03	6.192E+00	6.195E+00	6.195E+00	6.192E+00	6.193E+00	6.194E+00
7.400E-01	6.175E+00	2.296E-03	6.174E+00	6.177E+00	6.177E+00	6.174E+00	6.175E+00	6.176E+00
7.500E-01	6.157E+00	2.317E-03	6.156E+00	6.159E+00	6.159E+00	6.156E+00	6.157E+00	6.158E+00
7.600E-01	6.139E+00	2.337E-03	6.137E+00	6.141E+00	6.141E+00	6.138E+00	6.139E+00	6.139E+00
7.700E-01	6.121E+00	2.356E-03	6.119E+00	6.123E+00	6.122E+00	6.120E+00	6.121E+00	6.121E+00
7.800E-01	6.102E+00	2.374E-03	6.100E+00	6.104E+00	6.104E+00	6.101E+00	6.102E+00	6.103E+00
7.900E-01	6.084E+00	2.392E-03	6.082E+00	6.086E+00	6.085E+00	6.083E+00	6.084E+00	6.084E+00
8.000E-01	6.065E+00	2.409E-03	6.063E+00	6.067E+00	6.066E+00	6.064E+00	6.065E+00	6.065E+00
8.100E-01	6.046E+00	2.425E-03	6.044E+00	6.048E+00	6.048E+00	6.045E+00	6.046E+00	6.046E+00
8.200E-01	6.027E+00	2.440E-03	6.025E+00	6.029E+00	6.029E+00	6.026E+00	6.027E+00	6.027E+00
8.300E-01	6.008E+00	2.455E-03	6.006E+00	6.010E+00	6.010E+00	6.007E+00	6.008E+00	6.008E+00
8.400E-01	5.989E+00	2.468E-03	5.987E+00	5.991E+00	5.990E+00	5.988E+00	5.989E+00	5.989E+00
8.500E-01	5.970E+00	2.481E-03	5.968E+00	5.972E+00	5.971E+00	5.968E+00	5.970E+00	5.970E+00
8.600E-01	5.950E+00	2.493E-03	5.948E+00	5.952E+00	5.952E+00	5.949E+00	5.950E+00	5.950E+00
8.700E-01	5.931E+00	2.504E-03	5.929E+00	5.933E+00	5.932E+00	5.930E+00	5.931E+00	5.931E+00
8.800E-01	5.911E+00	2.514E-03	5.909E+00	5.913E+00	5.912E+00	5.910E+00	5.911E+00	5.911E+00
8.900E-01	5.891E+00	2.523E-03	5.889E+00	5.894E+00	5.892E+00	5.890E+00	5.891E+00	5.892E+00
9.000E-01	5.871E+00	2.531E-03	5.869E+00	5.874E+00	5.873E+00	5.870E+00	5.871E+00	5.872E+00
9.100E-01	5.851E+00	2.538E-03	5.849E+00	5.854E+00	5.853E+00	5.850E+00	5.851E+00	5.852E+00
9.200E-01	5.831E+00	2.545E-03	5.829E+00	5.834E+00	5.833E+00	5.830E+00	5.831E+00	5.832E+00
9.300E-01	5.811E+00	2.550E-03	5.809E+00	5.813E+00	5.812E+00	5.810E+00	5.811E+00	5.811E+00
9.400E-01	5.791E+00	2.554E-03	5.789E+00	5.793E+00	5.792E+00	5.790E+00	5.791E+00	5.791E+00
9.500E-01	5.771E+00	2.558E-03	5.768E+00	5.773E+00	5.772E+00	5.769E+00	5.770E+00	5.771E+00
9.600E-01	5.750E+00	2.560E-03	5.748E+00	5.752E+00	5.751E+00	5.749E+00	5.750E+00	5.750E+00
9.700E-01	5.729E+00	2.561E-03	5.727E+00	5.732E+00	5.731E+00	5.728E+00	5.729E+00	5.730E+00
9.800E-01	5.709E+00	2.562E-03	5.707E+00	5.711E+00	5.710E+00	5.708E+00	5.709E+00	5.709E+00
9.900E-01	5.688E+00	2.561E-03	5.686E+00	5.690E+00	5.689E+00	5.687E+00	5.688E+00	5.688E+00
1.000E+00	5.667E+00	2.559E-03	5.665E+00	5.670E+00	5.668E+00	5.666E+00	5.667E+00	5.667E+00
1.010E+00	5.646E+00	2.557E-03	5.644E+00	5.649E+00	5.647E+00	5.645E+00	5.646E+00	5.647E+00
1.020E+00	5.625E+00	2.553E-03	5.623E+00	5.628E+00	5.626E+00	5.624E+00	5.625E+00	5.626E+00
1.030E+00	5.604E+00	2.548E-03	5.602E+00	5.607E+00	5.605E+00	5.603E+00	5.604E+00	5.604E+00
1.040E+00	5.583E+00	2.543E-03	5.581E+00	5.585E+00	5.584E+00	5.582E+00	5.583E+00	5.583E+00
1.050E+00	5.562E+00	2.536E-03	5.559E+00	5.564E+00	5.563E+00	5.561E+00	5.562E+00	5.562E+00
1.060E+00	5.540E+00	2.528E-03	5.538E+00	5.543E+00	5.541E+00	5.539E+00	5.540E+00	5.541E+00
1.070E+00	5.519E+00	2.520E-03	5.517E+00	5.521E+00	5.520E+00	5.518E+00	5.519E+00	5.519E+00
1.080E+00	5.498E+00	2.510E-03	5.495E+00	5.500E+00	5.499E+00	5.497E+00	5.497E+00	5.498E+00
1.090E+00	5.476E+00	2.500E-03	5.474E+00	5.478E+00	5.477E+00	5.475E+00	5.476E+00	5.476E+00
1.100E+00	5.454E+00	2.488E-03	5.452E+00	5.457E+00	5.455E+00	5.453E+00	5.454E+00	5.455E+00
1.110E+00	5.433E+00	2.475E-03	5.430E+00	5.435E+00	5.434E+00	5.432E+00	5.432E+00	5.433E+00
1.120E+00	5.411E+00	2.462E-03	5.409E+00	5.413E+00	5.412E+00	5.410E+00	5.411E+00	5.411E+00
1.130E+00	5.389E+00	2.447E-03	5.387E+00	5.391E+00	5.390E+00	5.388E+00	5.389E+00	5.389E+00
1.140E+00	5.367E+00	2.432E-03	5.365E+00	5.370E+00	5.368E+00	5.366E+00	5.367E+00	5.368E+00
1.150E+00	5.345E+00	2.415E-03	5.343E+00	5.348E+00	5.346E+00	5.345E+00	5.345E+00	5.346E+00
1.160E+00	5.323E+00	2.398E-03	5.321E+00	5.326E+00	5.324E+00	5.323E+00	5.323E+00	5.324E+00
1.170E+00	5.301E+00	2.379E-03	5.299E+00	5.304E+00	5.302E+00	5.300E+00	5.301E+00	5.302E+00
1.180E+00	5.279E+00	2.360E-03	5.277E+00	5.281E+00	5.280E+00	5.278E+00	5.279E+00	5.279E+00
1.190E+00	5.257E+00	2.340E-03	5.255E+00	5.259E+00	5.258E+00	5.256E+00	5.257E+00	5.257E+00
1.200E+00	5.235E+00	2.319E-03	5.233E+00	5.237E+00	5.236E+00	5.234E+00	5.235E+00	5.235E+00
1.210E+00	5.213E+00	2.296E-03	5.210E+00	5.215E+00	5.213E+00	5.212E+00	5.212E+00	5.213E+00
1.220E+00	5.190E+00	2.273E-03	5.188E+00	5.192E+00	5.191E+00	5.190E+00	5.190E+00	5.191E+00
1.230E+00	5.168E+00	2.250E-03	5.166E+00	5.170E+00	5.169E+00	5.167E+00	5.168E+00	5.168E+00
1.240E+00	5.146E+00	2.225E-03	5.143E+00	5.148E+00	5.146E+00	5.145E+00	5.145E+00	5.146E+00
1.250E+00	5.123E+00	2.199E-03	5.121E+00	5.125E+00	5.124E+00	5.122E+00	5.123E+00	5.123E+00
1.260E+00	5.101E+00	2.172E-03	5.099E+00	5.103E+00	5.101E+00	5.100E+00	5.100E+00	5.101E+00
1.270E+00	5.078E+00	2.145E-03	5.076E+00	5.080E+00	5.079E+00	5.077E+00	5.078E+00	5.078E+00
1.280E+00	5.056E+00	2.117E-03	5.054E+00	5.057E+00	5.056E+00	5.055E+00	5.055E+00	5.056E+00
1.290E+00	5.033E+00	2.088E-03	5.031E+00	5.035E+00	5.034E+00	5.032E+00	5.033E+00	5.033E+00
1.300E+00	5.010E+00	2.058E-03	5.008E+00	5.012E+00	5.011E+00	5.010E+00	5.010E+00	5.011E+00
1.310E+00	4.988E+00	2.027E-03	4.986E+00	4.990E+00	4.988E+00	4.987E+00	4.987E+00	4.988E+00
1.320E+00	4.965E+00	1.995E-03	4.963E+00	4.967E+00	4.966E+00	4.964E+00	4.965E+00	4.965E+00
1.330E+00	4.942E+00	1.963E-03	4.940E+00	4.944E+00	4.943E+00	4.942E+00	4.942E+00	4.942E+00
1.340E+00	4.919E+00	1.930E-03	4.918E+00	4.921E+00	4.920E+00	4.919E+00	4.919E+00	4.920E+00
1.350E+00	4.897E+00	1.896E-03	4.895E+00	4.898E+00	4.897E+00	4.896E+00	4.896E+00	4.897E+00
1.360E+00	4.874E+00	1.862E-03	4.872E+00	4.876E+00	4.874E+00	4.873E+00	4.873E+00	4.874E+00
1.370E+00	4.851E+00	1.826E-03	4.849E+00	4.853E+00	4.852E+00	4.850E+00	4.851E+00	4.851E+00
1.380E+00	4.828E+00	1.790E-03	4.826E+00	4.830E+00	4.829E+00	4.828E+00	4.828E+00	4.828E+00
1.390E+00	4.805E+00	1.753E-03	4.804E+00	4.807E+00	4.806E+00	4.805E+00	4.805E+00	4.806E+00
1.400E+00	4.782E+00	1.716E-03	4.781E+00	4.784E+00	4.783E+00	4.782E+00	4.782E+00	4.783E+00
1.410E+00	4.759E+00	1.678E-03	4.758E+00	4.761E+00	4.760E+00	4.759E+00	4.759E+00	4.760E+00
1.420E+00	4.736E+00	1.639E-03	4.735E+00	4.738E+00	4.737E+00	4.736E+00	4.736E+00	4.737E+00
1.430E+00	4.714E+00	1.600E-03	4.712E+00	4.715E+00	4.714E+00	4.713E+00	4.713E+00	4.714E+00
1.440E+00	4.691E+00	1.560E-03	4.689E+00	4.692E+00	4.691E+00	4.690E+00	4.690E+00	4.691E+00
1.450E+00	4.668E+00	1.519E-03	4.666E+00	4.669E+00	4.668E+00	4.667E+00	4.667E+00	4.668E+00
1.460E+00	4.645E+00	1.478E-03	4.643E+00	4.646E+00	4.645E+00	4.644E+00	4.644E+00	4.645E+00
1.470E+00	4.622E+00	1.436E-03	4.620E+00	4.623E+00	4.622E+00	4.621E+00	4.621E+00	4.622E+00
1.480E+00	4.599E+00	1.394E-03	4.597E+00	4.600E+00	4.599E+00	4.598E+00	4.598E+00	4.599E+00
1.490E+00	4.576E+00	1.351E-03	4.574E+00	4.577E+00	4.576E+00	4.575E+00	4.575E+00	4.576E+00
1.500E+00	4.553E+00	1.308E-03	4.551E+00	4.554E+00	4.553E+00	4.552E+00	4.552E+00	4.553E+00
1.510E+00	4.530E+00	1.264E-03	4.528E+00	4.531E+00	4.530E+00	4.529E+00	4.529E+00	4.530E+00
1.520E+00	4.507E+00	1.220E-03	4.505E+00	4.508E+00	4.507E+00	4.506E+00	4.506E+00	4.507E+00
1.530E+00	4.484E+00	1.176E-03	4.482E+00	4.485E+00	4.484E+00	4.483E+00	4.483E+00	4.484E+00
1.540E+00	4.461E+00	1.131E-03	4.460E+00	4.462E+00	4.461E+00	4.460E+00	4.460E+00	4.461E+00
1.550E+00	4.438E+00	1.086E-03	4.437E+00	4.438E+00	4.438E+00	4.437E+00	4.437E+00	4.438E+00
1.560E+00	4.414E+00	1.041E-03	4.414E+00	4.415E+00	4.415E+00	4.414E+00	4.414E+00	4.415E+00
1.570E+00	4.391E+00	9.956E-04	4.391E+00	4.392E+00	4.392E+00	4.391E+00	4.391E+00	4.392E+00
1.580E+00	4.368E+00	9.502E-04	4.368E+00	4.369E+00	4.369E+00	4.368E+00	4.368E+00	4.369E+00
1.590E+00	4.345E+00	9.048E-04	4.345E+00	4.346E+00	4.346E+00	4.345E+00	4.345E+00	4.346E+00
1.600E+00	4.323E+00	8.596E-04	4.322E+00	4.323E+00	4.323E+00	4.322E+00	4.322E+00	4.323E+00
1.610E+00	4.300E+00	8.145E-04	4.299E+00	4.300E+00	4.300E+00	4.299E+00	4.299E+00	4.300E+00
1.620E+00	4.277E+00	7.699E-04	4.276E+00	4.277E+00	4.277E+00	4.276E+00	4.276E+00	4.277E+00
1.630E+00	4.254E+00	7.259E-04	4.253E+00	4.254E+00	4.254E+00	4.253E+00	4.253E+00	4.254E+00
1.640E+00	4.231E+00	6.827E-04	4.230E+00	4.231E+00	4.231E+00	4.230E+00	4.230E+00	4.231E+00
1.650E+00	4.208E+00	6.407E-04	4.207E+00	4.208E+00	4.208E+00	4.208E+00	4.207E+00	4.208E+00
1.660E+00	4.185E+00	6.001E-04	4.184E+00	4.185E+00	4.185E+00	4.185E+00	4.184E+00	4.185E+00
1.670E+00	4.162E+00	5.614E-04	4.162E+00	4.162E+00	4.162E+00	4.162E+00	4.162E+00	4.162E+00
1.680E+00	4.139E+00	5.252E-04	4.139E+00	4.139E+00	4.139E+00	4.139E+00	4.139E+00	4.139E+00
1.690E+00	4.116E+00	4.922E-04	4.116E+00	4.117E+00	4.116E+00	4.116E+00	4.116E+00	4.117E+00
1.700E+00	4.093E+00	4.631E-04	4.093E+00	4.094E+00	4.094E+00	4.093E+00	4.093E+00	4.094E+00
1.710E+00	4.071E+00	4.391E-04	4.070E+00	4.071E+00	4.071E+00	4.070E+00	4.070E+00	4.071E+00
1.720E+00	4.048E+00	4.209E-04	4.048E+00	4.048E+00	4.048E+00	4.048E+00	4.047E+00	4.048E+00
1.730E+00	4.025E+00	4.096E-04	4.025E+00	4.025E+00	4.025E+00	4.025E+00	4.025E+00	4.025E+00
1.740E+00	4.002E+00	4.059E-04	4.002E+00	4.002E+00	4.003E+00	4.002E+00	4.002E+00	4.003E+00
1.750E+00	3.980E+00	4.101E-04	3.980E+00	3.980E+00	3.980E+00	3.980E+00	3.979E+00	3.980E+00
1.760E+00	3.957E+00	4.221E-04	3.957E+00	3.957E+00	3.957E+00	3.957E+00	3.957E+00	3.957E+00
1.770E+00	3.934E+00	4.414E-04	3.935E+00	3.934E+00	3.934E+00	3.934E+00	3.934E+00	3.935E+00
1.780E+00	3.912E+00	4.671E-04	3.912E+00	3.911E+00	3.912E+00	3.912E+00	3.911E+00	3.912E+00
1.790E+00	3.889E+00	4.984E-04	3.889E+00	3.889E+00	3.889E+00	3.889E+00	3.889E+00	3.890E+00
1.800E+00	3.867E+00	5.344E-04	3.867E+00	3.866E+00	3.867E+00	3.867E+00	3.866E+00	3.867E+00
1.810E+00	3.844E+00	5.742E-04	3.845E+00	3.844E+00	3.844E+00	3.844E+00	3.844E+00	3.844E+00
1.820E+00	3.822E+00	6.172E-04	3.822E+00	3.821E+00	3.822E+00	3.822E+00	3.821E+00	3.822E+00
1.830E+00	3.799E+00	6.627E-04	3.800E+00	3.799E+00	3.799E+00	3.799E+00	3.799E+00	3.800E+00
1.840E+00	3.777E+00	7.104E-04	3.777E+00	3.776E+00	3.777E+00	3.777E+00	3.776E+00	3.777E+00
1.850E+00	3.754E+00	7.599E-04	3.755E+00	3.754E+00	3.754E+00	3.754E+00	3.754E+00	3.755E+00
1.860E+00	3.732E+00	8.108E-04	3.733E+00	3.731E+00	3.732E+00	3.732E+00	3.732E+00	3.732E+00
1.870E+00	3.710E+00	8.630E-04	3.711E+00	3.709E+00	3.710E+00	3.710E+00	3.709E+00	3.710E+00
1.880E+00	3.687E+00	9.162E-04	3.688E+00	3.687E+00	3.687E+00	3.687E+00	3.687E+00	3.688E+00
1.890E+00	3.665E+00	9.703E-04	3.666E+00	3.664E+00	3.665E+00	3.665E+00	3.665E+00	3.666E+00
1.900E+00	3.643E+00	1.025E-03	3.644E+00	3.642E+00	3.643E+00	3.643E+00	3.643E+00	3.644E+00
1.910E+00	3.621E+00	1.081E-03	3.622E+00	3.620E+00	3.621E+00	3.621E+00	3.621E+00	3.621E+00
1.920E+00	3.599E+00	1.137E-03	3.600E+00	3.598E+00	3.599E+00	3.599E+00	3.599E+00	3.599E+00
1.930E+00	3.577E+00	1.193E-03	3.578E+00	3.576E+00	3.577E+00	3.577E+00	3.576E+00	3.577E+00
1.940E+00	3.555E+00	1.250E-03	3.556E+00	3.554E+00	3.555E+00	3.555E+00	3.554E+00	3.555E+00
1.950E+00	3.533E+00	1.308E-03	3.534E+00	3.532E+00	3.533E+00	3.533E+00	3.533E+00	3.533E+00
1.960E+00	3.511E+00	1.365E-03	3.512E+00	3.510E+00	3.511E+00	3.511E+00	3.511E+00	3.511E+00
1.970E+00	3.489E+00	1.423E-03	3.491E+00	3.488E+00	3.489E+00	3.489E+00	3.489E+00	3.490E+00
1.980E+00	3.467E+00	1.481E-03	3.469E+00	3.466E+00	3.467E+00	3.468E+00	3.467E+00	3.468E+00
1.990E+00	3.446E+00	1.540E-03	3.447E+00	3.444E+00	3.446E+00	3.446E+00	3.445E+00	3.446E+00
2.000E+00	3.424E+00	1.598E-03	3.426E+00	3.422E+00	3.424E+00	3.424E+00	3.424E+00	3.424E+00
2.010E+00	3.402E+00	1.657E-03	3.404E+00	3.401E+00	3.402E+00	3.402E+00	3.402E+00	3.403E+00
2.020E+00	3.381E+00	1.716E-03	3.382E+00	3.379E+00	3.381E+00	3.381E+00	3.380E+00	3.381E+00
2.030E+00	3.359E+00	1.775E-03	3.361E+00	3.358E+00	3.359E+00	3.359E+00	3.359E+00	3.360E+00
2.040E+00	3.338E+00	1.834E-03	3.340E+00	3.336E+00	3.338E+00	3.338E+00	3.337E+00	3.338E+00
2.050E+00	3.316E+00	1.893E-03	3.318E+00	3.315E+00	3.316E+00	3.317E+00	3.316E+00	3.317E+00
2.060E+00	3.295E+00	1.952E-03	3.297E+00	3.293E+00	3.295E+00	3.295E+00	3.295E+00	3.295E+00
2.070E+00	3.274E+00	2.011E-03	3.276E+00	3.272E+00	3.274E+00	3.274E+00	3.273E+00	3.274E+00
2.080E+00	3.252E+00	2.070E-03	3.254E+00	3.250E+00	3.252E+00	3.253E+00	3.252E+00	3.253E+00
2.090E+00	3.231E+00	2.129E-03	3.233E+00	3.229E+00	3.231E+00	3.231E+00	3.231E+00	3.232E+00
2.100E+00	3.210E+00	2.188E-03	3.212E+00	3.208E+00	3.210E+00	3.210E+00	3.210E+00	3.211E+00
2.110E+00	3.189E+00	2.247E-03	3.191E+00	3.187E+00	3.189E+00	3.189E+00	3.189E+00	3.189E+00
2.120E+00	3.168E+00	2.305E-03	3.170E+00	3.166E+00	3.168E+00	3.168E+00	3.168E+00	3.168E+00
2.130E+00	3.147E+00	2.364E-03	3.149E+00	3.145E+00	3.147E+00	3.147E+00	3.147E+00	3.148E+00
2.140E+00	3.126E+00	2.423E-03	3.129E+00	3.124E+00	3.126E+00	3.126E+00	3.126E+00	3.127E+00
2.150E+00	3.105E+00	2.481E-03	3.108E+00	3.103E+00	3.105E+00	3.106E+00	3.105E+00	3.106E+00
2.160E+00	3.085E+00	2.540E-03	3.087E+00	3.082E+00	3.084E+00	3.085E+00	3.084E+00	3.085E+00
2.170E+00	3.064E+00	2.598E-03	3.067E+00	3.061E+00	3.064E+00	3.064E+00	3.064E+00	3.064E+00
2.180E+00	3.043E+00	2.656E-03	3.046E+00	3.041E+00	3.043E+00	3.044E+00	3.043E+00	3.044E+00
2.190E+00	3.023E+00	2.714E-03	3.025E+00	3.020E+00	3.022E+00	3.023E+00	3.022E+00	3.023E+00
2.200E+00	3.002E+00	2.772E-03	3.005E+00	3.000E+00	3.002E+00	3.003E+00	3.002E+00	3.003E+00
2.210E+00	2.982E+00	2.829E-03	2.985E+00	2.979E+00	2.982E+00	2.982E+00	2.981E+00	2.982E+00
2.220E+00	2.961E+00	2.887E-03	2.964E+00	2.959E+00	2.961E+00	2.962E+00	2.961E+00	2.962E+00
2.230E+00	2.941E+00	2.944E-03	2.944E+00	2.938E+00	2.941E+00	2.941E+00	2.941E+00	2.942E+00
2.240E+00	2.921E+00	3.001E-03	2.924E+00	2.918E+00	2.921E+00	2.921E+00	2.921E+00	2.921E+00
2.250E+00	2.901E+00	3.058E-03	2.904E+00	2.898E+00	2.900E+00	2.901E+00	2.900E+00	2.901E+00
2.260E+00	2.881E+00	3.114E-03	2.884E+00	2.878E+00	2.880E+00	2.881E+00	2.880E+00	2.881E+00
2.270E+00	2.861E+00	3.170E-03	2.864E+00	2.858E+00	2.860E+00	2.861E+00	2.860E+00	2.861E+00
2.280E+00	2.841E+00	3.226E-03	2.844E+00	2.838E+00	2.840E+00	2.841E+00	2.840E+00	2.841E+00
2.290E+00	2.821E+00	3.282E-03	2.824E+00	2.818E+00	2.821E+00	2.821E+00	2.820E+00	2.821E+00
2.300E+00	2.801E+00	3.337E-03	2.804E+00	2.798E+00	2.801E+00	2.801E+00	2.801E+00	2.802E+00
2.310E+00	2.781E+00	3.393E-03	2.785E+00	2.778E+00	2.781E+00	2.782E+00	2.781E+00	2.782E+00
2.320E+00	2.762E+00	3.448E-03	2.765E+00	2.758E+00	2.761E+00	2.762E+00	2.761E+00	2.762E+00
2.330E+00	2.742E+00	3.502E-03	2.746E+00	2.739E+00	2.742E+00	2.743E+00	2.742E+00	2.743E+00
2.340E+00	2.723E+00	3.556E-03	2.726E+00	2.719E+00	2.722E+00	2.723E+00	2.722E+00	2.723E+00
2.350E+00	2.703E+00	3.610E-03	2.707E+00	2.700E+00	2.703E+00	2.704E+00	2.703E+00	2.704E+00
2.360E+00	2.684E+00	3.664E-03	2.687E+00	2.680E+00	2.683E+00	2.684E+00	2.683E+00	2.684E+00
2.370E+00	2.665E+00	3.717E-03	2.668E+00	2.661E+00	2.664E+00	2.665E+00	2.664E+00	2.665E+00
2.380E+00	2.645E+00	3.770E-03	2.649E+00	2.642E+00	2.645E+00	2.646E+00	2.645E+00	2.646E+00
2.390E+00	2.626E+00	3.823E-03	2.630E+00	2.622E+00	2.626E+00	2.627E+00	2.626E+00	2.627E+00
2.400E+00	2.607E+00	3.875E-03	2.611E+00	2.603E+00	2.607E+00	2.608E+00	2.607E+00	2.608E+00
2.410E+00	2.588E+00	3.927E-03	2.592E+00	2.584E+00	2.588E+00	2.589E+00	2.588E+00	2.589E+00
2.420E+00	2.569E+00	3.979E-03	2.573E+00	2.565E+00	2.569E+00	2.570E+00	2.569E+00	2.570E+00
2.430E+00	2.550E+00	4.030E-03	2.554E+00	2.546E+00	2.550E+00	2.551E+00	2.550E+00	2.551E+00
2.440E+00	2.532E+00	4.081E-03	2.536E+00	2.528E+00	2.531E+00	2.532E+00	2.531E+00	2.532E+00
2.450E+00	2.513E+00	4.131E-03	2.517E+00	2.509E+00	2.513E+00	2.513E+00	2.513E+00	2.513E+00
2.460E+00	2.494E+00	4.181E-03	2.499E+00	2.490E+00	2.494E+00	2.495E+00	2.494E+00	2.495E+00
2.470E+00	2.476E+00	4.231E-03	2.480E+00	2.472E+00	2.476E+00	2.476E+00	2.476E+00	2.476E+00
2.480E+00	2.458E+00	4.280E-03	2.462E+00	2.453E+00	2.457E+00	2.458E+00	2.457E+00	2.458E+00
2.490E+00	2.439E+00	4.329E-03	2.443E+00	2.435E+00	2.439E+00	2.440E+00	2.439E+00	2.440E+00
2.500E+00	2.421E+00	4.377E-03	2.425E+00	2.417E+00	2.420E+00	2.421E+00	2.420E+00	2.421E+00
2.510E+00	2.403E+00	4.425E-03	2.407E+00	2.398E+00	2.402E+00	2.403E+00	2.402E+00	2.403E+00
2.520E+00	2.385E+00	4.472E-03	2.389E+00	2.380E+00	2.384E+00	2.385E+00	2.384E+00	2.385E+00
2.530E+00	2.367E+00	4.520E-03	2.371E+00	2.362E+00	2.366E+00	2.367E+00	2.366E+00	2.367E+00
2.540E+00	2.349E+00	4.566E-03	2.353E+00	2.344E+00	2.348E+00	2.349E+00	2.348E+00	2.349E+00
2.550E+00	2.331E+00	4.612E-03	2.335E+00	2.326E+00	2.330E+00	2.331E+00	2.330E+00	2.331E+00
2.560E+00	2.313E+00	4.658E-03	2.318E+00	2.308E+00	2.312E+00	2.313E+00	2.313E+00	2.313E+00
2.570E+00	2.295E+00	4.703E-03	2.300E+00	2.291E+00	2.295E+00	2.296E+00	2.295E+00	2.296E+00
2.580E+00	2.278E+00	4.748E-03	2.282E+00	2.273E+00	2.277E+00	2.278E+00	2.277E+00	2.278E+00
2.590E+00	2.260E+00	4.793E-03	2.265E+00	2.255E+00	2.260E+00	2.261E+00	2.260E+00	2.261E+00
2.600E+00	2.243E+00	4.836E-03	2.247E+00	2.238E+00	2.242E+00	2.243E+00	2.242E+00	2.243E+00
2.610E+00	2.225E+00	4.880E-03	2.230E+00	2.221E+00	2.225E+00	2.226E+00	2.225E+00	2.226E+00
2.620E+00	2.208E+00	4.923E-03	2.213E+00	2.203E+00	2.208E+00	2.209E+00	2.208E+00	2.208E+00
2.630E+00	2.191E+00	4.965E-03	2.196E+00	2.186E+00	2.190E+00	2.191E+00	2.190E+00	2.191E+00
2.640E+00	2.174E+00	5.007E-03	2.179E+00	2.169E+00	2.173E+00	2.174E+00	2.173E+00	2.174E+00
2.650E+00	2.157E+00	5.049E-03	2.162E+00	2.152E+00	2.156E+00	2.157E+00	2.156E+00	2.157E+00
2.660E+00	2.140E+00	5.090E-03	2.145E+00	2.135E+00	2.139E+00	2.140E+00	2.139E+00	2.140E+00
2.670E+00	2.123E+00	5.130E-03	2.128E+00	2.118E+00	2.122E+00	2.123E+00	2.122E+00	2.123E+00
2.680E+00	2.106E+00	5.170E-03	2.111E+00	2.101E+00	2.106E+00	2.107E+00	2.106E+00	2.106E+00
2.690E+00	2.089E+00	5.210E-03	2.095E+00	2.084E+00	2.089E+00	2.090E+00	2.089E+00	2.090E+00
2.700E+00	2.073E+00	5.249E-03	2.078E+00	2.068E+00	2.072E+00	2.073E+00	2.072E+00	2.073E+00
2.710E+00	2.056E+00	5.287E-03	2.061E+00	2.051E+00	2.056E+00	2.057E+00	2.056E+00	2.057E+00
2.720E+00	2.040E+00	5.325E-03	2.045E+00	2.035E+00	2.039E+00	2.040E+00	2.039E+00	2.040E+00
2.730E+00	2.023E+00	5.363E-03	2.029E+00	2.018E+00	2.023E+00	2.024E+00	2.023E+00	2.024E+00
2.740E+00	2.007E+00	5.400E-03	2.013E+00	2.002E+00	2.007E+00	2.008E+00	2.007E+00	2.008E+00
2.750E+00	1.991E+00	5.436E-03	1.996E+00	1.986E+00	1.990E+00	1.992E+00	1.991E+00	1.991E+00
2.760E+00	1.975E+00	5.472E-03	1.980E+00	1.969E+00	1.974E+00	1.975E+00	1.974E+00	1.975E+00
2.770E+00	1.959E+00	5.507E-03	1.964E+00	1.953E+00	1.958E+00	1.959E+00	1.958E+00	1.959E+00
2.780E+00	1.943E+00	5.542E-03	1.948E+00	1.937E+00	1.942E+00	1.943E+00	1.942E+00	1.943E+00
2.790E+00	1.927E+00	5.577E-03	1.933E+00	1.922E+00	1.926E+00	1.928E+00	1.927E+00	1.927E+00
2.800E+00	1.911E+00	5.610E-03	1.917E+00	1.906E+00	1.911E+00	1.912E+00	1.911E+00	1.912E+00
2.810E+00	1.896E+00	5.644E-03	1.901E+00	1.890E+00	1.895E+00	1.896E+00	1.895E+00	1.896E+00
2.820E+00	1.880E+00	5.676E-03	1.886E+00	1.874E+00	1.879E+00	1.881E+00	1.880E+00	1.880E+00
2.830E+00	1.864E+00	5.709E-03	1.870E+00	1.859E+00	1.864E+00	1.865E+00	1.864E+00	1.865E+00
2.840E+00	1.849E+00	5.740E-03	1.855E+00	1.843E+00	1.848E+00	1.850E+00	1.849E+00	1.849E+00
2.850E+00	1.834E+00	5.771E-03	1.839E+00	1.828E+00	1.833E+00	1.834E+00	1.833E+00	1.834E+00
2.860E+00	1.818E+00	5.802E-03	1.824E+00	1.813E+00	1.818E+00	1.819E+00	1.818E+00	1.819E+00
2.870E+00	1.803E+00	5.832E-03	1.809E+00	1.798E+00	1.803E+00	1.804E+00	1.803E+00	1.804E+00
2.880E+00	1.788E+00	5.862E-03	1.794E+00	1.782E+00	1.788E+00	1.789E+00	1.788E+00	1.789E+00
2.890E+00	1.773E+00	5.891E-03	1.779E+00	1.767E+00	1.773E+00	1.774E+00	1.773E+00	1.774E+00
2.900E+00	1.758E+00	5.919E-03	1.764E+00	1.752E+00	1.758E+00	1.759E+00	1.758E+00	1.759E+00
2.910E+00	1.744E+00	5.947E-03	1.749E+00	1.738E+00	1.743E+00	1.744E+00	1.743E+00	1.744E+00
2.920E+00	1.729E+00	5.974E-03	1.735E+00	1.723E+00	1.728E+00	1.729E+00	1.728E+00	1.729E+00
2.930E+00	1.714E+00	6.001E-03	1.720E+00	1.708E+00	1.714E+00	1.715E+00	1.714E+00	1.715E+00
2.940E+00	1.700E+00	6.027E-03	1.706E+00	1.694E+00	1.699E+00	1.700E+00	1.699E+00	1.700E+00
2.950E+00	1.685E+00	6.053E-03	1.691E+00	1.679E+00	1.684E+00	1.686E+00	1.685E+00	1.685E+00
2.960E+00	1.671E+00	6.078E-03	1.677E+00	1.665E+00	1.670E+00	1.671E+00	1.670E+00	1.671E+00
2.970E+00	1.656E+00	6.103E-03	1.662E+00	1.650E+00	1.656E+00	1.657E+00	1.656E+00	1.657E+00
2.980E+00	1.642E+00	6.127E-03	1.648E+00	1.636E+00	1.642E+00	1.643E+00	1.642E+00	1.643E+00
2.990E+00	1.628E+00	6.150E-03	1.634E+00	1.622E+00	1.627E+00	1.629E+00	1.628E+00	1.628E+00
3.000E+00	1.614E+00	6.173E-03	1.620E+00	1.608E+00	1.613E+00	1.615E+00	1.614E+00	1.614E+00
