1.000E-02	5.642E+00	1.843E-01	5.458E+00	5.826E+00	5.646E+00	5.638E+00	5.642E+00	5.642E+00
2.000E-02	5.642E+00	1.843E-01	5.458E+00	5.826E+00	5.646E+00	5.638E+00	5.642E+00	5.642E+00
3.000E-02	5.642E+00	1.842E-01	5.458E+00	5.826E+00	5.646E+00	5.638E+00	5.642E+00	5.642E+00
4.000E-02	5.642E+00	1.842E-01	5.458E+00	5.826E+00	5.646E+00	5.638E+00	5.642E+00	5.642E+00
5.000E-02	5.642E+00	1.841E-01	5.458E+00	5.826E+00	5.646E+00	5.638E+00	5.642E+00	5.642E+00
6.000E-02	5.642E+00	1.839E-01	5.458E+00	5.825E+00	5.646E+00	5.638E+00	5.642E+00	5.642E+00
7.000E-02	5.642E+00	1.838E-01	5.458E+00	5.825E+00	5.646E+00	5.637E+00	5.642E+00	5.642E+00
8.000E-02	5.642E+00	1.836E-01	5.458E+00	5.825E+00	5.646E+00	5.637E+00	5.642E+00	5.642E+00
9.000E-02	5.642E+00	1.834E-01	5.458E+00	5.824E+00	5.646E+00	5.637E+00	5.642E+00	5.642E+00
1.000E-01	5.642E+00	1.831E-01	5.458E+00	5.824E+00	5.646E+00	5.637E+00	5.642E+00	5.642E+00
1.100E-01	5.642E+00	1.828E-01	5.458E+00	5.823E+00	5.646E+00	5.637E+00	5.642E+00	5.642E+00
1.200E-01	5.642E+00	1.824E-01	5.458E+00	5.822E+00	5.646E+00	5.637E+00	5.642E+00	5.642E+00
1.300E-01	5.641E+00	1.821E-01	5.458E+00	5.822E+00	5.646E+00	5.637E+00	5.641E+00	5.641E+00
1.400E-01	5.641E+00	1.816E-01	5.458E+00	5.821E+00	5.646E+00	5.637E+00	5.641E+00	5.641E+00
1.500E-01	5.641E+00	1.812E-01	5.458E+00	5.820E+00	5.645E+00	5.637E+00	5.641E+00	5.641E+00
1.600E-01	5.641E+00	1.807E-01	5.458E+00	5.819E+00	5.645E+00	5.637E+00	5.641E+00	5.641E+00
1.700E-01	5.641E+00	1.801E-01	5.458E+00	5.818E+00	5.645E+00	5.637E+00	5.641E+00	5.641E+00
1.800E-01	5.641E+00	1.795E-01	5.458E+00	5.816E+00	5.645E+00	5.636E+00	5.641E+00	5.641E+00
1.900E-01	5.640E+00	1.789E-01	5.457E+00	5.815E+00	5.645E+00	5.636E+00	5.640E+00	5.640E+00
2.000E-01	5.640E+00	1.782E-01	5.457E+00	5.814E+00	5.644E+00	5.636E+00	5.640E+00	5.640E+00
2.100E-01	5.640E+00	1.774E-01	5.457E+00	5.812E+00	5.644E+00	5.636E+00	5.640E+00	5.640E+00
2.200E-01	5.640E+00	1.766E-01	5.457E+00	5.811E+00	5.644E+00	5.635E+00	5.640E+00	5.640E+00
2.300E-01	5.639E+00	1.758E-01	5.457E+00	5.809E+00	5.644E+00	5.635E+00	5.639E+00	5.639E+00
2.400E-01	5.639E+00	1.749E-01	5.457E+00	5.807E+00	5.643E+00	5.635E+00	5.639E+00	5.639E+00
2.500E-01	5.638E+00	1.740E-01	5.457E+00	5.805E+00	5.643E+00	5.634E+00	5.638E+00	5.638E+00
2.600E-01	5.638E+00	1.730E-01	5.457E+00	5.803E+00	5.642E+00	5.634E+00	5.638E+00	5.638E+00
2.700E-01	5.637E+00	1.719E-01	5.457E+00	5.801E+00	5.642E+00	5.633E+00	5.637E+00	5.637E+00
2.800E-01	5.637E+00	1.708E-01	5.457E+00	5.799E+00	5.641E+00	5.633E+00	5.637E+00	5.637E+00
2.900E-01	5.636E+00	1.697E-01	5.457E+00	5.796E+00	5.641E+00	5.632E+00	5.636E+00	5.636E+00
3.000E-01	5.636E+00	1.685E-01	5.457E+00	5.794E+00	5.640E+00	5.631E+00	5.636E+00	5.636E+00
3.100E-01	5.635E+00	1.673E-01	5.457E+00	5.791E+00	5.639E+00	5.631E+00	5.635E+00	5.635E+00
3.200E-01	5.634E+00	1.660E-01	5.457E+00	5.789E+00	5.638E+00	5.630E+00	5.634E+00	5.634E+00
3.300E-01	5.633E+00	1.646E-01	5.457E+00	5.786E+00	5.638E+00	5.629E+00	5.633E+00	5.633E+00
3.400E-01	5.633E+00	1.632E-01	5.457E+00	5.783E+00	5.637E+00	5.628E+00	5.632E+00	5.633E+00
3.500E-01	5.632E+00	1.617E-01	5.456E+00	5.780E+00	5.636E+00	5.627E+00	5.632E+00	5.632E+00
3.600E-01	5.631E+00	1.602E-01	5.456E+00	5.777E+00	5.635E+00	5.626E+00	5.631E+00	5.631E+00
3.700E-01	5.630E+00	1.587E-01	5.456E+00	5.773E+00	5.634E+00	5.625E+00	5.630E+00	5.630E+00
3.800E-01	5.628E+00	1.570E-01	5.456E+00	5.770E+00	5.633E+00	5.624E+00	5.628E+00	5.628E+00
3.900E-01	5.627E+00	1.554E-01	5.456E+00	5.766E+00	5.631E+00	5.623E+00	5.627E+00	5.627E+00
4.000E-01	5.626E+00	1.536E-01	5.456E+00	5.763E+00	5.630E+00	5.622E+00	5.626E+00	5.626E+00
4.100E-01	5.625E+00	1.519E-01	5.455E+00	5.759E+00	5.629E+00	5.620E+00	5.625E+00	5.625E+00
4.200E-01	5.623E+00	1.500E-01	5.455E+00	5.755E+00	5.627E+00	5.619E+00	5.623E+00	5.623E+00
4.300E-01	5.622E+00	1.481E-01	5.455E+00	5.751E+00	5.626E+00	5.617E+00	5.622E+00	5.622E+00
4.400E-01	5.620E+00	1.462E-01	5.454E+00	5.747E+00	5.624E+00	5.616E+00	5.620E+00	5.620E+00
4.500E-01	5.619E+00	1.442E-01	5.454E+00	5.742E+00	5.623E+00	5.614E+00	5.619E+00	5.619E+00
4.600E-01	5.617E+00	1.422E-01	5.454E+00	5.738E+00	5.621E+00	5.613E+00	5.617E+00	5.617E+00
4.700E-01	5.615E+00	1.401E-01	5.454E+00	5.734E+00	5.619E+00	5.611E+00	5.615E+00	5.615E+00
4.800E-01	5.613E+00	1.379E-01	5.453E+00	5.729E+00	5.617E+00	5.609E+00	5.613E+00	5.613E+00
4.900E-01	5.611E+00	1.357E-01	5.453E+00	5.724E+00	5.615E+00	5.607E+00	5.611E+00	5.611E+00
5.000E-01	5.609E+00	1.335E-01	5.452E+00	5.719E+00	5.613E+00	5.605E+00	5.609E+00	5.609E+00
5.100E-01	5.607E+00	1.312E-01	5.452E+00	5.714E+00	5.611E+00	5.603E+00	5.607E+00	5.607E+00
5.200E-01	5.604E+00	1.288E-01	5.451E+00	5.709E+00	5.609E+00	5.600E+00	5.604E+00	5.604E+00
5.300E-01	5.602E+00	1.264E-01	5.451E+00	5.703E+00	5.606E+00	5.598E+00	5.602E+00	5.602E+00
5.400E-01	5.600E+00	1.239E-01	5.450E+00	5.698E+00	5.604E+00	5.595E+00	5.600E+00	5.600E+00
5.500E-01	5.597E+00	1.214E-01	5.450E+00	5.692E+00	5.601E+00	5.593E+00	5.597E+00	5.597E+00
5.600E-01	5.594E+00	1.188E-01	5.449E+00	5.687E+00	5.598E+00	5.590E+00	5.594E+00	5.594E+00
5.700E-01	5.591E+00	1.162E-01	5.448E+00	5.681E+00	5.596E+00	5.587E+00	5.591E+00	5.591E+00
5.800E-01	5.588E+00	1.136E-01	5.448E+00	5.675E+00	5.593E+00	5.584E+00	5.588E+00	5.589E+00
5.900E-01	5.585E+00	1.109E-01	5.447E+00	5.669E+00	5.590E+00	5.581E+00	5.585E+00	5.585E+00
6.000E-01	5.582E+00	1.081E-01	5.446E+00	5.662E+00	5.586E+00	5.578E+00	5.582E+00	5.582E+00
6.100E-01	5.579E+00	1.053E-01	5.445E+00	5.656E+00	5.583E+00	5.575E+00	5.579E+00	5.579E+00
6.200E-01	5.576E+00	1.025E-01	5.445E+00	5.649E+00	5.580E+00	5.571E+00	5.576E+00	5.576E+00
6.300E-01	5.572E+00	9.955E-02	5.444E+00	5.643E+00	5.576E+00	5.568E+00	5.572E+00	5.572E+00
6.400E-01	5.568E+00	9.661E-02	5.443E+00	5.636E+00	5.573E+00	5.564E+00	5.568E+00	5.568E+00
6.500E-01	5.565E+00	9.362E-02	5.442E+00	5.629E+00	5.569E+00	5.560E+00	5.565E+00	5.565E+00
6.600E-01	5.561E+00	9.058E-02	5.441E+00	5.622E+00	5.565E+00	5.556E+00	5.561E+00	5.561E+00
6.700E-01	5.557E+00	8.751E-02	5.440E+00	5.614E+00	5.561E+00	5.552E+00	5.557E+00	5.557E+00
6.800E-01	5.552E+00	8.439E-02	5.439E+00	5.607E+00	5.557E+00	5.548E+00	5.552E+00	5.552E+00
6.900E-01	5.548E+00	8.122E-02	5.437E+00	5.600E+00	5.552E+00	5.544E+00	5.548E+00	5.548E+00
7.000E-01	5.544E+00	7.802E-02	5.436E+00	5.592E+00	5.548E+00	5.539E+00	5.544E+00	5.544E+00
7.100E-01	5.539E+00	7.477E-02	5.435E+00	5.584E+00	5.543E+00	5.535E+00	5.539E+00	5.539E+00
7.200E-01	5.534E+00	7.149E-02	5.433E+00	5.576E+00	5.538E+00	5.530E+00	5.534E+00	5.534E+00
7.300E-01	5.529E+00	6.817E-02	5.432E+00	5.568E+00	5.533E+00	5.525E+00	5.529E+00	5.529E+00
7.400E-01	5.524E+00	6.480E-02	5.430E+00	5.560E+00	5.528E+00	5.520E+00	5.524E+00	5.524E+00
7.500E-01	5.519E+00	6.141E-02	5.429E+00	5.551E+00	5.523E+00	5.515E+00	5.519E+00	5.519E+00
7.600E-01	5.514E+00	5.797E-02	5.427E+00	5.543E+00	5.518E+00	5.509E+00	5.514E+00	5.514E+00
7.700E-01	5.508E+00	5.450E-02	5.426E+00	5.534E+00	5.512E+00	5.504E+00	5.508E+00	5.508E+00
7.800E-01	5.502E+00	5.100E-02	5.424E+00	5.525E+00	5.506E+00	5.498E+00	5.502E+00	5.502E+00
7.900E-01	5.497E+00	4.747E-02	5.422E+00	5.517E+00	5.501E+00	5.492E+00	5.496E+00	5.497E+00
8.000E-01	5.491E+00	4.390E-02	5.420E+00	5.507E+00	5.495E+00	5.486E+00	5.490E+00	5.491E+00
8.100E-01	5.484E+00	4.031E-02	5.418E+00	5.498E+00	5.488E+00	5.480E+00	5.484E+00	5.484E+00
8.200E-01	5.478E+00	3.669E-02	5.416E+00	5.489E+00	5.482E+00	5.474E+00	5.478E+00	5.478E+00
8.300E-01	5.471E+00	3.304E-02	5.414E+00	5.479E+00	5.476E+00	5.467E+00	5.471E+00	5.472E+00
8.400E-01	5.465E+00	2.937E-02	5.412E+00	5.470E+00	5.469E+00	5.461E+00	5.465E+00	5.465E+00
8.500E-01	5.458E+00	2.568E-02	5.409E+00	5.460E+00	5.462E+00	5.454E+00	5.458E+00	5.458E+00
8.600E-01	5.451E+00	2.199E-02	5.407E+00	5.450E+00	5.455E+00	5.447E+00	5.451E+00	5.451E+00
8.700E-01	5.444E+00	1.828E-02	5.404E+00	5.440E+00	5.448E+00	5.440E+00	5.444E+00	5.444E+00
8.800E-01	5.436E+00	1.460E-02	5.402E+00	5.430E+00	5.440E+00	5.432E+00	5.436E+00	5.436E+00
8.900E-01	5.429E+00	1.097E-02	5.399E+00	5.419E+00	5.433E+00	5.425E+00	5.429E+00	5.429E+00
9.000E-01	5.421E+00	7.514E-03	5.396E+00	5.409E+00	5.425E+00	5.417E+00	5.421E+00	5.421E+00
9.100E-01	5.413E+00	4.706E-03	5.393E+00	5.398E+00	5.417E+00	5.409E+00	5.413E+00	5.413E+00
9.200E-01	5.405E+00	4.218E-03	5.390E+00	5.388E+00	5.409E+00	5.401E+00	5.405E+00	5.405E+00
9.300E-01	5.396E+00	6.619E-03	5.387E+00	5.377E+00	5.400E+00	5.392E+00	5.396E+00	5.396E+00
9.400E-01	5.388E+00	1.003E-02	5.384E+00	5.366E+00	5.392E+00	5.384E+00	5.388E+00	5.388E+00
9.500E-01	5.379E+00	1.373E-02	5.381E+00	5.355E+00	5.383E+00	5.375E+00	5.379E+00	5.379E+00
9.600E-01	5.370E+00	1.755E-02	5.377E+00	5.343E+00	5.374E+00	5.366E+00	5.370E+00	5.370E+00
9.700E-01	5.361E+00	2.142E-02	5.374E+00	5.332E+00	5.365E+00	5.357E+00	5.361E+00	5.361E+00
9.800E-01	5.352E+00	2.533E-02	5.370E+00	5.320E+00	5.356E+00	5.348E+00	5.352E+00	5.352E+00
9.900E-01	5.342E+00	2.927E-02	5.367E+00	5.309E+00	5.346E+00	5.338E+00	5.342E+00	5.342E+00
1.000E+00	5.332E+00	3.323E-02	5.363E+00	5.297E+00	5.336E+00	5.329E+00	5.332E+00	5.333E+00
1.010E+00	5.323E+00	3.720E-02	5.359E+00	5.285E+00	5.326E+00	5.319E+00	5.322E+00	5.323E+00
1.020E+00	5.312E+00	4.118E-02	5.355E+00	5.273E+00	5.316E+00	5.309E+00	5.312E+00	5.312E+00
1.030E+00	5.302E+00	4.517E-02	5.350E+00	5.260E+00	5.306E+00	5.298E+00	5.302E+00	5.302E+00
1.040E+00	5.291E+00	4.916E-02	5.346E+00	5.248E+00	5.295E+00	5.288E+00	5.291E+00	5.292E+00
1.050E+00	5.281E+00	5.316E-02	5.341E+00	5.235E+00	5.284E+00	5.277E+00	5.281E+00	5.281E+00
1.060E+00	5.270E+00	5.715E-02	5.337E+00	5.223E+00	5.273E+00	5.266E+00	5.270E+00	5.270E+00
1.070E+00	5.258E+00	6.115E-02	5.332E+00	5.210E+00	5.262E+00	5.255E+00	5.258E+00	5.259E+00
1.080E+00	5.247E+00	6.514E-02	5.327E+00	5.197E+00	5.251E+00	5.243E+00	5.247E+00	5.247E+00
1.090E+00	5.235E+00	6.913E-02	5.322E+00	5.184E+00	5.239E+00	5.232E+00	5.235E+00	5.236E+00
1.100E+00	5.224E+00	7.311E-02	5.317E+00	5.171E+00	5.227E+00	5.220E+00	5.223E+00	5.224E+00
1.110E+00	5.212E+00	7.709E-02	5.312E+00	5.158E+00	5.215E+00	5.208E+00	5.211E+00	5.212E+00
1.120E+00	5.199E+00	8.105E-02	5.306E+00	5.144E+00	5.203E+00	5.196E+00	5.199E+00	5.199E+00
1.130E+00	5.187E+00	8.501E-02	5.300E+00	5.131E+00	5.190E+00	5.183E+00	5.187E+00	5.187E+00
1.140E+00	5.174E+00	8.895E-02	5.295E+00	5.117E+00	5.178E+00	5.170E+00	5.174E+00	5.174E+00
1.150E+00	5.161E+00	9.287E-02	5.289E+00	5.103E+00	5.165E+00	5.157E+00	5.161E+00	5.161E+00
1.160E+00	5.148E+00	9.678E-02	5.282E+00	5.089E+00	5.151E+00	5.144E+00	5.148E+00	5.148E+00
1.170E+00	5.134E+00	1.007E-01	5.276E+00	5.075E+00	5.138E+00	5.131E+00	5.134E+00	5.135E+00
1.180E+00	5.121E+00	1.045E-01	5.270E+00	5.061E+00	5.124E+00	5.117E+00	5.121E+00	5.121E+00
1.190E+00	5.107E+00	1.084E-01	5.263E+00	5.046E+00	5.111E+00	5.103E+00	5.107E+00	5.107E+00
1.200E+00	5.093E+00	1.122E-01	5.256E+00	5.032E+00	5.096E+00	5.089E+00	5.093E+00	5.093E+00
1.210E+00	5.079E+00	1.160E-01	5.249E+00	5.017E+00	5.082E+00	5.075E+00	5.078E+00	5.079E+00
1.220E+00	5.064E+00	1.198E-01	5.242E+00	5.003E+00	5.067E+00	5.060E+00	5.064E+00	5.064E+00
1.230E+00	5.049E+00	1.235E-01	5.235E+00	4.988E+00	5.053E+00	5.046E+00	5.049E+00	5.049E+00
1.240E+00	5.034E+00	1.273E-01	5.227E+00	4.973E+00	5.038E+00	5.031E+00	5.034E+00	5.034E+00
1.250E+00	5.019E+00	1.309E-01	5.220E+00	4.958E+00	5.022E+00	5.015E+00	5.019E+00	5.019E+00
1.260E+00	5.003E+00	1.346E-01	5.212E+00	4.943E+00	5.007E+00	5.000E+00	5.003E+00	5.004E+00
1.270E+00	4.988E+00	1.382E-01	5.204E+00	4.927E+00	4.991E+00	4.984E+00	4.988E+00	4.988E+00
1.280E+00	4.972E+00	1.418E-01	5.196E+00	4.912E+00	4.975E+00	4.968E+00	4.972E+00	4.972E+00
1.290E+00	4.956E+00	1.453E-01	5.187E+00	4.897E+00	4.959E+00	4.952E+00	4.955E+00	4.956E+00
1.300E+00	4.939E+00	1.488E-01	5.178E+00	4.881E+00	4.943E+00	4.936E+00	4.939E+00	4.939E+00
1.310E+00	4.923E+00	1.523E-01	5.170E+00	4.865E+00	4.926E+00	4.919E+00	4.922E+00	4.923E+00
1.320E+00	4.906E+00	1.557E-01	5.161E+00	4.849E+00	4.909E+00	4.902E+00	4.905E+00	4.906E+00
1.330E+00	4.889E+00	1.591E-01	5.151E+00	4.833E+00	4.892E+00	4.885E+00	4.888E+00	4.889E+00
1.340E+00	4.871E+00	1.624E-01	5.142E+00	4.817E+00	4.875E+00	4.868E+00	4.871E+00	4.871E+00
1.350E+00	4.854E+00	1.657E-01	5.132E+00	4.801E+00	4.857E+00	4.850E+00	4.853E+00	4.854E+00
1.360E+00	4.836E+00	1.689E-01	5.122E+00	4.785E+00	4.839E+00	4.833E+00	4.836E+00	4.836E+00
1.370E+00	4.818E+00	1.720E-01	5.112E+00	4.768E+00	4.821E+00	4.815E+00	4.818E+00	4.818E+00
1.380E+00	4.800E+00	1.751E-01	5.102E+00	4.752E+00	4.803E+00	4.796E+00	4.799E+00	4.800E+00
1.390E+00	4.781E+00	1.782E-01	5.092E+00	4.735E+00	4.784E+00	4.778E+00	4.781E+00	4.781E+00
1.400E+00	4.762E+00	1.812E-01	5.081E+00	4.718E+00	4.765E+00	4.759E+00	4.762E+00	4.763E+00
1.410E+00	4.743E+00	1.841E-01	5.070E+00	4.702E+00	4.746E+00	4.740E+00	4.743E+00	4.744E+00
1.420E+00	4.724E+00	1.870E-01	5.059E+00	4.685E+00	4.727E+00	4.721E+00	4.724E+00	4.724E+00
1.430E+00	4.705E+00	1.898E-01	5.047E+00	4.668E+00	4.708E+00	4.702E+00	4.704E+00	4.705E+00
1.440E+00	4.685E+00	1.926E-01	5.036E+00	4.650E+00	4.688E+00	4.682E+00	4.685E+00	4.685E+00
1.450E+00	4.665E+00	1.952E-01	5.024E+00	4.633E+00	4.668E+00	4.662E+00	4.665E+00	4.665E+00
1.460E+00	4.645E+00	1.979E-01	5.012E+00	4.616E+00	4.648E+00	4.642E+00	4.645E+00	4.645E+00
1.470E+00	4.625E+00	2.004E-01	4.999E+00	4.598E+00	4.628E+00	4.622E+00	4.624E+00	4.625E+00
1.480E+00	4.604E+00	2.029E-01	4.987E+00	4.581E+00	4.607E+00	4.601E+00	4.604E+00	4.604E+00
1.490E+00	4.583E+00	2.053E-01	4.974E+00	4.563E+00	4.586E+00	4.580E+00	4.583E+00	4.584E+00
1.500E+00	4.562E+00	2.076E-01	4.961E+00	4.546E+00	4.565E+00	4.559E+00	4.562E+00	4.563E+00
1.510E+00	4.541E+00	2.098E-01	4.947E+00	4.528E+00	4.544E+00	4.538E+00	4.541E+00	4.541E+00
1.520E+00	4.520E+00	2.120E-01	4.934E+00	4.510E+00	4.522E+00	4.517E+00	4.519E+00	4.520E+00
1.530E+00	4.498E+00	2.141E-01	4.920E+00	4.492E+00	4.501E+00	4.495E+00	4.498E+00	4.498E+00
1.540E+00	4.476E+00	2.161E-01	4.906E+00	4.474E+00	4.479E+00	4.473E+00	4.476E+00	4.476E+00
1.550E+00	4.454E+00	2.180E-01	4.892E+00	4.456E+00	4.457E+00	4.451E+00	4.454E+00	4.454E+00
1.560E+00	4.432E+00	2.199E-01	4.877E+00	4.437E+00	4.434E+00	4.429E+00	4.431E+00	4.432E+00
1.570E+00	4.409E+00	2.216E-01	4.862E+00	4.419E+00	4.412E+00	4.406E+00	4.409E+00	4.410E+00
1.580E+00	4.386E+00	2.233E-01	4.847E+00	4.401E+00	4.389E+00	4.384E+00	4.386E+00	4.387E+00
1.590E+00	4.363E+00	2.249E-01	4.832E+00	4.382E+00	4.366E+00	4.361E+00	4.363E+00	4.364E+00
1.600E+00	4.340E+00	2.264E-01	4.816E+00	4.364E+00	4.343E+00	4.338E+00	4.340E+00	4.341E+00
1.610E+00	4.317E+00	2.278E-01	4.800E+00	4.345E+00	4.319E+00	4.314E+00	4.317E+00	4.317E+00
1.620E+00	4.293E+00	2.291E-01	4.784E+00	4.326E+00	4.296E+00	4.291E+00	4.293E+00	4.294E+00
1.630E+00	4.270E+00	2.303E-01	4.768E+00	4.307E+00	4.272E+00	4.267E+00	4.269E+00	4.270E+00
1.640E+00	4.246E+00	2.314E-01	4.751E+00	4.289E+00	4.248E+00	4.243E+00	4.245E+00	4.246E+00
1.650E+00	4.221E+00	2.325E-01	4.734E+00	4.270E+00	4.224E+00	4.219E+00	4.221E+00	4.222E+00
1.660E+00	4.197E+00	2.334E-01	4.717E+00	4.251E+00	4.200E+00	4.195E+00	4.197E+00	4.197E+00
1.670E+00	4.173E+00	2.342E-01	4.700E+00	4.231E+00	4.175E+00	4.170E+00	4.172E+00	4.173E+00
1.680E+00	4.148E+00	2.349E-01	4.682E+00	4.212E+00	4.150E+00	4.145E+00	4.147E+00	4.148E+00
1.690E+00	4.123E+00	2.356E-01	4.664E+00	4.193E+00	4.125E+00	4.120E+00	4.122E+00	4.123E+00
1.700E+00	4.098E+00	2.361E-01	4.646E+00	4.174E+00	4.100E+00	4.095E+00	4.097E+00	4.098E+00
1.710E+00	4.072E+00	2.365E-01	4.627E+00	4.154E+00	4.075E+00	4.070E+00	4.072E+00	4.073E+00
1.720E+00	4.047E+00	2.368E-01	4.609E+00	4.135E+00	4.049E+00	4.045E+00	4.047E+00	4.047E+00
1.730E+00	4.021E+00	2.371E-01	4.589E+00	4.115E+00	4.024E+00	4.019E+00	4.021E+00	4.022E+00
1.740E+00	3.995E+00	2.372E-01	4.570E+00	4.096E+00	3.998E+00	3.993E+00	3.995E+00	3.996E+00
1.750E+00	3.969E+00	2.372E-01	4.551E+00	4.076E+00	3.972E+00	3.967E+00	3.969E+00	3.970E+00
1.760E+00	3.943E+00	2.371E-01	4.531E+00	4.057E+00	3.945E+00	3.941E+00	3.943E+00	3.944E+00
1.770E+00	3.917E+00	2.368E-01	4.510E+00	4.037E+00	3.919E+00	3.915E+00	3.917E+00	3.917E+00
1.780E+00	3.891E+00	2.365E-01	4.490E+00	4.017E+00	3.893E+00	3.888E+00	3.890E+00	3.891E+00
1.790E+00	3.864E+00	2.361E-01	4.469E+00	3.997E+00	3.866E+00	3.862E+00	3.863E+00	3.864E+00
1.800E+00	3.837E+00	2.356E-01	4.448E+00	3.977E+00	3.839E+00	3.835E+00	3.837E+00	3.838E+00
1.810E+00	3.810E+00	2.349E-01	4.427E+00	3.957E+00	3.812E+00	3.808E+00	3.810E+00	3.811E+00
1.820E+00	3.783E+00	2.341E-01	4.406E+00	3.937E+00	3.785E+00	3.781E+00	3.783E+00	3.784E+00
1.830E+00	3.756E+00	2.333E-01	4.384E+00	3.917E+00	3.758E+00	3.754E+00	3.755E+00	3.756E+00
1.840E+00	3.728E+00	2.323E-01	4.362E+00	3.897E+00	3.730E+00	3.727E+00	3.728E+00	3.729E+00
1.850E+00	3.701E+00	2.312E-01	4.339E+00	3.877E+00	3.703E+00	3.699E+00	3.700E+00	3.701E+00
1.860E+00	3.673E+00	2.300E-01	4.317E+00	3.857E+00	3.675E+00	3.671E+00	3.673E+00	3.674E+00
1.870E+00	3.645E+00	2.286E-01	4.294E+00	3.837E+00	3.647E+00	3.644E+00	3.645E+00	3.646E+00
1.880E+00	3.618E+00	2.272E-01	4.271E+00	3.816E+00	3.619E+00	3.616E+00	3.617E+00	3.618E+00
1.890E+00	3.590E+00	2.256E-01	4.247E+00	3.796E+00	3.591E+00	3.588E+00	3.589E+00	3.590E+00
1.900E+00	3.561E+00	2.240E-01	4.224E+00	3.776E+00	3.563E+00	3.560E+00	3.561E+00	3.562E+00
1.910E+00	3.533E+00	2.222E-01	4.200E+00	3.755E+00	3.535E+00	3.531E+00	3.533E+00	3.534E+00
1.920E+00	3.505E+00	2.203E-01	4.176E+00	3.735E+00	3.506E+00	3.503E+00	3.504E+00	3.505E+00
1.930E+00	3.476E+00	2.183E-01	4.151E+00	3.715E+00	3.478E+00	3.475E+00	3.476E+00	3.477E+00
1.940E+00	3.448E+00	2.162E-01	4.126E+00	3.694E+00	3.449E+00	3.446E+00	3.447E+00	3.448E+00
1.950E+00	3.419E+00	2.139E-01	4.101E+00	3.674E+00	3.421E+00	3.418E+00	3.419E+00	3.420E+00
1.960E+00	3.390E+00	2.116E-01	4.076E+00	3.653E+00	3.392E+00	3.389E+00	3.390E+00	3.391E+00
1.970E+00	3.361E+00	2.091E-01	4.051E+00	3.632E+00	3.363E+00	3.360E+00	3.361E+00	3.362E+00
1.980E+00	3.333E+00	2.065E-01	4.025E+00	3.612E+00	3.334E+00	3.331E+00	3.332E+00	3.333E+00
1.990E+00	3.304E+00	2.038E-01	3.999E+00	3.591E+00	3.305E+00	3.302E+00	3.303E+00	3.304E+00
2.000E+00	3.274E+00	2.010E-01	3.973E+00	3.571E+00	3.276E+00	3.273E+00	3.274E+00	3.275E+00
2.010E+00	3.245E+00	1.981E-01	3.946E+00	3.550E+00	3.247E+00	3.244E+00	3.245E+00	3.246E+00
2.020E+00	3.216E+00	1.951E-01	3.920E+00	3.529E+00	3.217E+00	3.215E+00	3.215E+00	3.217E+00
2.030E+00	3.187E+00	1.920E-01	3.893E+00	3.509E+00	3.188E+00	3.185E+00	3.186E+00	3.187E+00
2.040E+00	3.157E+00	1.887E-01	3.865E+00	3.488E+00	3.159E+00	3.156E+00	3.157E+00	3.158E+00
2.050E+00	3.128E+00	1.854E-01	3.838E+00	3.467E+00	3.129E+00	3.127E+00	3.127E+00	3.129E+00
2.060E+00	3.099E+00	1.819E-01	3.810E+00	3.446E+00	3.100E+00	3.097E+00	3.098E+00	3.099E+00
2.070E+00	3.069E+00	1.783E-01	3.782E+00	3.426E+00	3.070E+00	3.068E+00	3.068E+00	3.070E+00
2.080E+00	3.040E+00	1.747E-01	3.754E+00	3.405E+00	3.041E+00	3.038E+00	3.039E+00	3.040E+00
2.090E+00	3.010E+00	1.709E-01	3.726E+00	3.384E+00	3.011E+00	3.009E+00	3.009E+00	3.011E+00
2.100E+00	2.980E+00	1.670E-01	3.697E+00	3.363E+00	2.981E+00	2.979E+00	2.980E+00	2.981E+00
2.110E+00	2.951E+00	1.630E-01	3.669E+00	3.343E+00	2.952E+00	2.950E+00	2.950E+00	2.951E+00
2.120E+00	2.921E+00	1.589E-01	3.640E+00	3.322E+00	2.922E+00	2.920E+00	2.920E+00	2.922E+00
2.130E+00	2.891E+00	1.548E-01	3.611E+00	3.301E+00	2.892E+00	2.890E+00	2.891E+00	2.892E+00
2.140E+00	2.862E+00	1.505E-01	3.581E+00	3.280E+00	2.863E+00	2.861E+00	2.861E+00	2.862E+00
2.150E+00	2.832E+00	1.461E-01	3.552E+00	3.259E+00	2.833E+00	2.831E+00	2.831E+00	2.833E+00
2.160E+00	2.802E+00	1.416E-01	3.522E+00	3.239E+00	2.803E+00	2.801E+00	2.802E+00	2.803E+00
2.170E+00	2.773E+00	1.370E-01	3.492E+00	3.218E+00	2.774E+00	2.772E+00	2.772E+00	2.773E+00
2.180E+00	2.743E+00	1.324E-01	3.462E+00	3.197E+00	2.744E+00	2.742E+00	2.742E+00	2.744E+00
2.190E+00	2.713E+00	1.276E-01	3.432E+00	3.176E+00	2.714E+00	2.712E+00	2.713E+00	2.714E+00
2.200E+00	2.684E+00	1.228E-01	3.401E+00	3.156E+00	2.684E+00	2.683E+00	2.683E+00	2.684E+00
2.210E+00	2.654E+00	1.178E-01	3.370E+00	3.135E+00	2.655E+00	2.653E+00	2.653E+00	2.655E+00
2.220E+00	2.624E+00	1.128E-01	3.340E+00	3.114E+00	2.625E+00	2.624E+00	2.624E+00	2.625E+00
2.230E+00	2.595E+00	1.077E-01	3.309E+00	3.093E+00	2.596E+00	2.594E+00	2.594E+00	2.596E+00
2.240E+00	2.565E+00	1.025E-01	3.278E+00	3.073E+00	2.566E+00	2.565E+00	2.565E+00	2.566E+00
2.250E+00	2.536E+00	9.728E-02	3.246E+00	3.052E+00	2.537E+00	2.535E+00	2.535E+00	2.537E+00
2.260E+00	2.506E+00	9.194E-02	3.215E+00	3.031E+00	2.507E+00	2.506E+00	2.506E+00	2.507E+00
2.270E+00	2.477E+00	8.653E-02	3.183E+00	3.010E+00	2.478E+00	2.476E+00	2.476E+00	2.478E+00
2.280E+00	2.448E+00	8.104E-02	3.152E+00	2.990E+00	2.448E+00	2.447E+00	2.447E+00	2.448E+00
2.290E+00	2.418E+00	7.548E-02	3.120E+00	2.969E+00	2.419E+00	2.418E+00	2.418E+00	2.419E+00
2.300E+00	2.389E+00	6.985E-02	3.088E+00	2.948E+00	2.390E+00	2.389E+00	2.388E+00	2.390E+00
2.310E+00	2.360E+00	6.415E-02	3.056E+00	2.928E+00	2.361E+00	2.359E+00	2.359E+00	2.361E+00
2.320E+00	2.331E+00	5.839E-02	3.024E+00	2.907E+00	2.331E+00	2.330E+00	2.330E+00	2.332E+00
2.330E+00	2.302E+00	5.257E-02	2.992E+00	2.887E+00	2.302E+00	2.301E+00	2.301E+00	2.303E+00
2.340E+00	2.273E+00	4.669E-02	2.960E+00	2.866E+00	2.273E+00	2.273E+00	2.272E+00	2.274E+00
2.350E+00	2.244E+00	4.075E-02	2.927E+00	2.846E+00	2.245E+00	2.244E+00	2.243E+00	2.245E+00
2.360E+00	2.215E+00	3.476E-02	2.895E+00	2.825E+00	2.216E+00	2.215E+00	2.215E+00	2.216E+00
2.370E+00	2.187E+00	2.871E-02	2.862E+00	2.805E+00	2.187E+00	2.186E+00	2.186E+00	2.187E+00
2.380E+00	2.158E+00	2.262E-02	2.830E+00	2.784E+00	2.159E+00	2.158E+00	2.158E+00	2.159E+00
2.390E+00	2.130E+00	1.649E-02	2.797E+00	2.764E+00	2.130E+00	2.129E+00	2.129E+00	2.130E+00
2.400E+00	2.101E+00	1.032E-02	2.764E+00	2.744E+00	2.102E+00	2.101E+00	2.101E+00	2.102E+00
2.410E+00	2.073E+00	4.134E-03	2.731E+00	2.723E+00	2.074E+00	2.073E+00	2.073E+00	2.074E+00
2.420E+00	2.045E+00	2.315E-03	2.699E+00	2.703E+00	2.045E+00	2.045E+00	2.044E+00	2.046E+00
2.430E+00	2.017E+00	8.521E-03	2.666E+00	2.683E+00	2.017E+00	2.017E+00	2.016E+00	2.018E+00
2.440E+00	1.989E+00	1.483E-02	2.633E+00	2.663E+00	1.990E+00	1.989E+00	1.989E+00	1.990E+00
2.450E+00	1.962E+00	2.119E-02	2.600E+00	2.642E+00	1.962E+00	1.961E+00	1.961E+00	1.962E+00
2.460E+00	1.934E+00	2.757E-02	2.567E+00	2.622E+00	1.934E+00	1.934E+00	1.933E+00	1.935E+00
2.470E+00	1.907E+00	3.397E-02	2.534E+00	2.602E+00	1.907E+00	1.906E+00	1.906E+00	1.907E+00
2.480E+00	1.879E+00	4.039E-02	2.501E+00	2.582E+00	1.879E+00	1.879E+00	1.879E+00	1.880E+00
2.490E+00	1.852E+00	4.684E-02	2.469E+00	2.562E+00	1.852E+00	1.852E+00	1.851E+00	1.853E+00
2.500E+00	1.825E+00	5.329E-02	2.436E+00	2.542E+00	1.825E+00	1.825E+00	1.824E+00	1.826E+00
2.510E+00	1.798E+00	5.976E-02	2.403E+00	2.522E+00	1.798E+00	1.798E+00	1.797E+00	1.799E+00
2.520E+00	1.771E+00	6.624E-02	2.370E+00	2.503E+00	1.772E+00	1.771E+00	1.771E+00	1.772E+00
2.530E+00	1.745E+00	7.272E-02	2.337E+00	2.483E+00	1.745E+00	1.745E+00	1.744E+00	1.746E+00
2.540E+00	1.719E+00	7.920E-02	2.305E+00	2.463E+00	1.719E+00	1.718E+00	1.718E+00	1.719E+00
2.550E+00	1.692E+00	8.569E-02	2.272E+00	2.443E+00	1.692E+00	1.692E+00	1.692E+00	1.693E+00
2.560E+00	1.666E+00	9.216E-02	2.239E+00	2.424E+00	1.666E+00	1.666E+00	1.666E+00	1.667E+00
2.570E+00	1.640E+00	9.863E-02	2.207E+00	2.404E+00	1.640E+00	1.640E+00	1.640E+00	1.641E+00
2.580E+00	1.615E+00	1.051E-01	2.174E+00	2.385E+00	1.615E+00	1.615E+00	1.614E+00	1.615E+00
2.590E+00	1.589E+00	1.115E-01	2.142E+00	2.365E+00	1.589E+00	1.589E+00	1.589E+00	1.590E+00
2.600E+00	1.564E+00	1.180E-01	2.110E+00	2.346E+00	1.564E+00	1.564E+00	1.563E+00	1.565E+00
2.610E+00	1.539E+00	1.244E-01	2.078E+00	2.326E+00	1.539E+00	1.539E+00	1.538E+00	1.539E+00
2.620E+00	1.514E+00	1.308E-01	2.046E+00	2.307E+00	1.514E+00	1.514E+00	1.513E+00	1.514E+00
2.630E+00	1.489E+00	1.371E-01	2.014E+00	2.288E+00	1.489E+00	1.489E+00	1.488E+00	1.490E+00
2.640E+00	1.464E+00	1.435E-01	1.982E+00	2.269E+00	1.464E+00	1.465E+00	1.464E+00	1.465E+00
2.650E+00	1.440E+00	1.498E-01	1.950E+00	2.250E+00	1.440E+00	1.440E+00	1.439E+00	1.441E+00
2.660E+00	1.416E+00	1.560E-01	1.918E+00	2.231E+00	1.416E+00	1.416E+00	1.415E+00	1.417E+00
2.670E+00	1.392E+00	1.623E-01	1.887E+00	2.212E+00	1.392E+00	1.392E+00	1.391E+00	1.393E+00
2.680E+00	1.368E+00	1.684E-01	1.856E+00	2.193E+00	1.368E+00	1.368E+00	1.368E+00	1.369E+00
2.690E+00	1.345E+00	1.746E-01	1.825E+00	2.174E+00	1.344E+00	1.345E+00	1.344E+00	1.345E+00
2.700E+00	1.321E+00	1.807E-01	1.794E+00	2.155E+00	1.321E+00	1.322E+00	1.321E+00	1.322E+00
2.710E+00	1.298E+00	1.867E-01	1.763E+00	2.136E+00	1.298E+00	1.298E+00	1.298E+00	1.299E+00
2.720E+00	1.275E+00	1.927E-01	1.732E+00	2.118E+00	1.275E+00	1.276E+00	1.275E+00	1.276E+00
2.730E+00	1.253E+00	1.986E-01	1.702E+00	2.099E+00	1.252E+00	1.253E+00	1.252E+00	1.253E+00
2.740E+00	1.230E+00	2.045E-01	1.672E+00	2.081E+00	1.230E+00	1.230E+00	1.230E+00	1.231E+00
2.750E+00	1.208E+00	2.103E-01	1.641E+00	2.062E+00	1.208E+00	1.208E+00	1.207E+00	1.209E+00
2.760E+00	1.186E+00	2.161E-01	1.612E+00	2.044E+00	1.186E+00	1.186E+00	1.185E+00	1.186E+00
2.770E+00	1.164E+00	2.218E-01	1.582E+00	2.025E+00	1.164E+00	1.164E+00	1.163E+00	1.165E+00
2.780E+00	1.142E+00	2.274E-01	1.552E+00	2.007E+00	1.142E+00	1.143E+00	1.142E+00	1.143E+00
2.790E+00	1.121E+00	2.329E-01	1.523E+00	1.989E+00	1.121E+00	1.121E+00	1.121E+00	1.122E+00
2.800E+00	1.100E+00	2.384E-01	1.494E+00	1.971E+00	1.100E+00	1.100E+00	1.099E+00	1.101E+00
2.810E+00	1.079E+00	2.438E-01	1.465E+00	1.953E+00	1.079E+00	1.079E+00	1.079E+00	1.080E+00
2.820E+00	1.058E+00	2.491E-01	1.437E+00	1.935E+00	1.058E+00	1.059E+00	1.058E+00	1.059E+00
2.830E+00	1.038E+00	2.544E-01	1.409E+00	1.917E+00	1.038E+00	1.038E+00	1.037E+00	1.039E+00
2.840E+00	1.018E+00	2.595E-01	1.381E+00	1.900E+00	1.018E+00	1.018E+00	1.017E+00	1.018E+00
2.850E+00	9.979E-01	2.646E-01	1.353E+00	1.882E+00	9.976E-01	9.982E-01	9.973E-01	9.985E-01
2.860E+00	9.782E-01	2.696E-01	1.325E+00	1.864E+00	9.779E-01	9.785E-01	9.776E-01	9.788E-01
2.870E+00	9.587E-01	2.744E-01	1.298E+00	1.847E+00	9.584E-01	9.591E-01	9.582E-01	9.593E-01
2.880E+00	9.395E-01	2.792E-01	1.271E+00	1.829E+00	9.391E-01	9.398E-01	9.389E-01	9.400E-01
2.890E+00	9.205E-01	2.839E-01	1.244E+00	1.812E+00	9.201E-01	9.208E-01	9.199E-01	9.210E-01
2.900E+00	9.017E-01	2.885E-01	1.218E+00	1.795E+00	9.014E-01	9.021E-01	9.012E-01	9.023E-01
2.910E+00	8.832E-01	2.930E-01	1.192E+00	1.778E+00	8.828E-01	8.835E-01	8.826E-01	8.837E-01
2.920E+00	8.649E-01	2.975E-01	1.166E+00	1.761E+00	8.646E-01	8.653E-01	8.644E-01	8.654E-01
2.930E+00	8.469E-01	3.018E-01	1.140E+00	1.744E+00	8.465E-01	8.472E-01	8.463E-01	8.474E-01
2.940E+00	8.291E-01	3.060E-01	1.115E+00	1.727E+00	8.287E-01	8.294E-01	8.285E-01	8.296E-01
2.950E+00	8.115E-01	3.101E-01	1.090E+00	1.710E+00	8.111E-01	8.119E-01	8.110E-01	8.120E-01
2.960E+00	7.942E-01	3.140E-01	1.065E+00	1.693E+00	7.938E-01	7.945E-01	7.937E-01	7.947E-01
2.970E+00	7.771E-01	3.179E-01	1.041E+00	1.677E+00	7.767E-01	7.775E-01	7.766E-01	7.776E-01
2.980E+00	7.603E-01	3.217E-01	1.017E+00	1.660E+00	7.599E-01	7.606E-01	7.597E-01	7.608E-01
2.990E+00	7.437E-01	3.254E-01	9.928E-01	1.643E+00	7.433E-01	7.440E-01	7.432E-01	7.441E-01
3.000E+00	7.273E-01	3.289E-01	9.693E-01	1.627E+00	7.269E-01	7.277E-01	7.268E-01	7.278E-01
