1.000E-02	7.263E+00	7.892E-03	7.255E+00	7.270E+00	7.260E+00	7.265E+00	7.263E+00	7.263E+00
2.000E-02	7.261E+00	7.831E-03	7.254E+00	7.269E+00	7.259E+00	7.264E+00	7.261E+00	7.261E+00
3.000E-02	7.259E+00	7.755E-03	7.252E+00	7.266E+00	7.256E+00	7.262E+00	7.259E+00	7.259E+00
4.000E-02	7.256E+00	7.670E-03	7.249E+00	7.263E+00	7.254E+00	7.259E+00	7.256E+00	7.256E+00
5.000E-02	7.253E+00	7.576E-03	7.246E+00	7.260E+00	7.251E+00	7.256E+00	7.253E+00	7.253E+00
6.000E-02	7.250E+00	7.476E-03	7.243E+00	7.257E+00	7.247E+00	7.252E+00	7.249E+00	7.250E+00
7.000E-02	7.246E+00	7.370E-03	7.239E+00	7.252E+00	7.243E+00	7.248E+00	7.246E+00	7.246E+00
8.000E-02	7.241E+00	7.260E-03	7.234E+00	7.248E+00	7.239E+00	7.244E+00	7.241E+00	7.241E+00
9.000E-02	7.237E+00	7.147E-03	7.230E+00	7.243E+00	7.234E+00	7.239E+00	7.236E+00	7.237E+00
1.000E-01	7.232E+00	7.029E-03	7.225E+00	7.238E+00	7.229E+00	7.234E+00	7.231E+00	7.232E+00
1.100E-01	7.226E+00	6.909E-03	7.220E+00	7.233E+00	7.224E+00	7.229E+00	7.226E+00	7.226E+00
1.200E-01	7.220E+00	6.787E-03	7.214E+00	7.227E+00	7.218E+00	7.223E+00	7.220E+00	7.221E+00
1.300E-01	7.215E+00	6.662E-03	7.208E+00	7.221E+00	7.212E+00	7.217E+00	7.214E+00	7.215E+00
1.400E-01	7.208E+00	6.536E-03	7.202E+00	7.214E+00	7.206E+00	7.211E+00	7.208E+00	7.208E+00
1.500E-01	7.202E+00	6.408E-03	7.196E+00	7.208E+00	7.199E+00	7.204E+00	7.202E+00	7.202E+00
1.600E-01	7.195E+00	6.279E-03	7.189E+00	7.201E+00	7.192E+00	7.197E+00	7.195E+00	7.195E+00
1.700E-01	7.188E+00	6.149E-03	7.182E+00	7.193E+00	7.185E+00	7.190E+00	7.188E+00	7.188E+00
1.800E-01	7.180E+00	6.019E-03	7.175E+00	7.186E+00	7.178E+00	7.183E+00	7.180E+00	7.181E+00
1.900E-01	7.173E+00	5.888E-03	7.168E+00	7.178E+00	7.170E+00	7.175E+00	7.173E+00	7.173E+00
2.000E-01	7.165E+00	5.756E-03	7.160E+00	7.170E+00	7.163E+00	7.168E+00	7.165E+00	7.165E+00
2.100E-01	7.157E+00	5.624E-03	7.152E+00	7.162E+00	7.154E+00	7.159E+00	7.157E+00	7.157E+00
2.200E-01	7.149E+00	5.493E-03	7.144E+00	7.154E+00	7.146E+00	7.151E+00	7.149E+00	7.149E+00
2.300E-01	7.140E+00	5.361E-03	7.135E+00	7.145E+00	7.138E+00	7.143E+00	7.140E+00	7.140E+00
2.400E-01	7.131E+00	5.230E-03	7.127E+00	7.136E+00	7.129E+00	7.134E+00	7.131E+00	7.131E+00
2.500E-01	7.122E+00	5.099E-03	7.118E+00	7.127E+00	7.120E+00	7.125E+00	7.122E+00	7.122E+00
2.600E-01	7.113E+00	4.969E-03	7.109E+00	7.117E+00	7.111E+00	7.116E+00	7.113E+00	7.113E+00
2.700E-01	7.104E+00	4.840E-03	7.099E+00	7.108E+00	7.101E+00	7.106E+00	7.104E+00	7.104E+00
2.800E-01	7.094E+00	4.711E-03	7.090E+00	7.098E+00	7.092E+00	7.096E+00	7.094E+00	7.094E+00
2.900E-01	7.084E+00	4.584E-03	7.080E+00	7.088E+00	7.082E+00	7.087E+00	7.084E+00	7.084E+00
3.000E-01	7.074E+00	4.458E-03	7.070E+00	7.078E+00	7.072E+00	7.077E+00	7.074E+00	7.074E+00
3.100E-01	7.064E+00	4.333E-03	7.060E+00	7.067E+00	7.061E+00	7.066E+00	7.064E+00	7.064E+00
3.200E-01	7.053E+00	4.210E-03	7.050E+00	7.057E+00	7.051E+00	7.056E+00	7.053E+00	7.053E+00
3.300E-01	7.043E+00	4.088E-03	7.039E+00	7.046E+00	7.040E+00	7.045E+00	7.043E+00	7.043E+00
3.400E-01	7.032E+00	3.968E-03	7.029E+00	7.035E+00	7.030E+00	7.034E+00	7.032E+00	7.032E+00
3.500E-01	7.021E+00	3.850E-03	7.018E+00	7.024E+00	7.019E+00	7.023E+00	7.021E+00	7.021E+00
3.600E-01	7.010E+00	3.735E-03	7.007E+00	7.013E+00	7.007E+00	7.012E+00	7.010E+00	7.010E+00
3.700E-01	6.998E+00	3.621E-03	6.996E+00	7.001E+00	6.996E+00	7.001E+00	6.998E+00	6.998E+00
3.800E-01	6.987E+00	3.510E-03	6.984E+00	6.989E+00	6.984E+00	6.989E+00	6.987E+00	6.987E+00
3.900E-01	6.975E+00	3.402E-03	6.973E+00	6.977E+00	6.973E+00	6.977E+00	6.975E+00	6.975E+00
4.000E-01	6.963E+00	3.296E-03	6.961E+00	6.965E+00	6.961E+00	6.966E+00	6.963E+00	6.963E+00
4.100E-01	6.951E+00	3.194E-03	6.949E+00	6.953E+00	6.949E+00	6.953E+00	6.951E+00	6.951E+00
4.200E-01	6.939E+00	3.095E-03	6.937E+00	6.941E+00	6.937E+00	6.941E+00	6.939E+00	6.939E+00
4.300E-01	6.926E+00	2.999E-03	6.925E+00	6.928E+00	6.924E+00	6.929E+00	6.926E+00	6.927E+00
4.400E-01	6.914E+00	2.908E-03	6.912E+00	6.916E+00	6.912E+00	6.916E+00	6.914E+00	6.914E+00
4.500E-01	6.901E+00	2.820E-03	6.900E+00	6.903E+00	6.899E+00	6.904E+00	6.901E+00	6.901E+00
4.600E-01	6.888E+00	2.736E-03	6.887E+00	6.890E+00	6.886E+00	6.891E+00	6.888E+00	6.888E+00
4.700E-01	6.875E+00	2.657E-03	6.874E+00	6.877E+00	6.873E+00	6.878E+00	6.875E+00	6.875E+00
4.800E-01	6.862E+00	2.583E-03	6.861E+00	6.863E+00	6.860E+00	6.864E+00	6.862E+00	6.862E+00
4.900E-01	6.849E+00	2.513E-03	6.848E+00	6.850E+00	6.847E+00	6.851E+00	6.849E+00	6.849E+00
5.000E-01	6.835E+00	2.449E-03	6.834E+00	6.836E+00	6.833E+00	6.838E+00	6.835E+00	6.835E+00
5.100E-01	6.822E+00	2.390E-03	6.821E+00	6.823E+00	6.820E+00	6.824E+00	6.822E+00	6.822E+00
5.200E-01	6.808E+00	2.337E-03	6.807E+00	6.809E+00	6.806E+00	6.810E+00	6.808E+00	6.808E+00
5.300E-01	6.794E+00	2.290E-03	6.793E+00	6.795E+00	6.792E+00	6.796E+00	6.794E+00	6.794E+00
5.400E-01	6.780E+00	2.249E-03	6.780E+00	6.781E+00	6.778E+00	6.782E+00	6.780E+00	6.780E+00
5.500E-01	6.766E+00	2.214E-03	6.766E+00	6.766E+00	6.764E+00	6.768E+00	6.766E+00	6.766E+00
5.600E-01	6.752E+00	2.186E-03	6.751E+00	6.752E+00	6.750E+00	6.754E+00	6.752E+00	6.752E+00
5.700E-01	6.737E+00	2.163E-03	6.737E+00	6.737E+00	6.735E+00	6.739E+00	6.737E+00	6.737E+00
5.800E-01	6.723E+00	2.147E-03	6.723E+00	6.723E+00	6.721E+00	6.725E+00	6.723E+00	6.723E+00
5.900E-01	6.708E+00	2.137E-03	6.708E+00	6.708E+00	6.706E+00	6.710E+00	6.708E+00	6.708E+00
6.000E-01	6.693E+00	2.133E-03	6.693E+00	6.693E+00	6.691E+00	6.695E+00	6.693E+00	6.693E+00
6.100E-01	6.678E+00	2.135E-03	6.679E+00	6.678E+00	6.676E+00	6.680E+00	6.678E+00	6.678E+00
6.200E-01	6.663E+00	2.142E-03	6.664E+00	6.663E+00	6.661E+00	6.665E+00	6.663E+00	6.663E+00
6.300E-01	6.648E+00	2.155E-03	6.649E+00	6.648E+00	6.646E+00	6.650E+00	6.648E+00	6.648E+00
6.400E-01	6.633E+00	2.172E-03	6.633E+00	6.632E+00	6.631E+00	6.635E+00	6.633E+00	6.633E+00
6.500E-01	6.617E+00	2.194E-03	6.618E+00	6.617E+00	6.615E+00	6.619E+00	6.617E+00	6.618E+00
6.600E-01	6.602E+00	2.221E-03	6.603E+00	6.601E+00	6.600E+00	6.604E+00	6.602E+00	6.602E+00
6.700E-01	6.586E+00	2.251E-03	6.587E+00	6.585E+00	6.584E+00	6.588E+00	6.586E+00	6.586E+00
6.800E-01	6.570E+00	2.284E-03	6.572E+00	6.569E+00	6.568E+00	6.573E+00	6.570E+00	6.571E+00
6.900E-01	6.555E+00	2.321E-03	6.556E+00	6.553E+00	6.553E+00	6.557E+00	6.555E+00	6.555E+00
7.000E-01	6.539E+00	2.361E-03	6.540E+00	6.537E+00	6.537E+00	6.541E+00	6.539E+00	6.539E+00
7.100E-01	6.523E+00	2.403E-03	6.524E+00	6.521E+00	6.521E+00	6.525E+00	6.523E+00	6.523E+00
7.200E-01	6.506E+00	2.447E-03	6.508E+00	6.505E+00	6.505E+00	6.508E+00	6.506E+00	6.507E+00
7.300E-01	6.490E+00	2.493E-03	6.492E+00	6.489E+00	6.488E+00	6.492E+00	6.490E+00	6.490E+00
7.400E-01	6.474E+00	2.541E-03	6.475E+00	6.472E+00	6.472E+00	6.476E+00	6.474E+00	6.474E+00
7.500E-01	6.457E+00	2.590E-03	6.459E+00	6.456E+00	6.455E+00	6.459E+00	6.457E+00	6.458E+00
7.600E-01	6.441E+00	2.639E-03	6.443E+00	6.439E+00	6.439E+00	6.443E+00	6.441E+00	6.441E+00
7.700E-01	6.424E+00	2.690E-03	6.426E+00	6.422E+00	6.422E+00	6.426E+00	6.424E+00	6.424E+00
7.800E-01	6.407E+00	2.742E-03	6.409E+00	6.405E+00	6.406E+00	6.409E+00	6.407E+00	6.408E+00
7.900E-01	6.391E+00	2.793E-03	6.393E+00	6.389E+00	6.389E+00	6.392E+00	6.390E+00	6.391E+00
8.000E-01	6.374E+00	2.845E-03	6.376E+00	6.372E+00	6.372E+00	6.376E+00	6.374E+00	6.374E+00
8.100E-01	6.357E+00	2.898E-03	6.359E+00	6.354E+00	6.355E+00	6.359E+00	6.357E+00	6.357E+00
8.200E-01	6.340E+00	2.950E-03	6.342E+00	6.337E+00	6.338E+00	6.341E+00	6.339E+00	6.340E+00
8.300E-01	6.322E+00	3.002E-03	6.325E+00	6.320E+00	6.321E+00	6.324E+00	6.322E+00	6.323E+00
8.400E-01	6.305E+00	3.053E-03	6.308E+00	6.303E+00	6.303E+00	6.307E+00	6.305E+00	6.305E+00
8.500E-01	6.288E+00	3.105E-03	6.290E+00	6.285E+00	6.286E+00	6.290E+00	6.288E+00	6.288E+00
8.600E-01	6.270E+00	3.155E-03	6.273E+00	6.268E+00	6.269E+00	6.272E+00	6.270E+00	6.271E+00
8.700E-01	6.253E+00	3.206E-03	6.255E+00	6.250E+00	6.251E+00	6.255E+00	6.253E+00	6.253E+00
8.800E-01	6.235E+00	3.255E-03	6.238E+00	6.232E+00	6.233E+00	6.237E+00	6.235E+00	6.235E+00
8.900E-01	6.218E+00	3.304E-03	6.220E+00	6.215E+00	6.216E+00	6.219E+00	6.217E+00	6.218E+00
9.000E-01	6.200E+00	3.352E-03	6.203E+00	6.197E+00	6.198E+00	6.202E+00	6.200E+00	6.200E+00
9.100E-01	6.182E+00	3.399E-03	6.185E+00	6.179E+00	6.180E+00	6.184E+00	6.182E+00	6.182E+00
9.200E-01	6.164E+00	3.446E-03	6.167E+00	6.161E+00	6.162E+00	6.166E+00	6.164E+00	6.164E+00
9.300E-01	6.146E+00	3.491E-03	6.149E+00	6.143E+00	6.144E+00	6.148E+00	6.146E+00	6.146E+00
9.400E-01	6.128E+00	3.536E-03	6.131E+00	6.125E+00	6.126E+00	6.130E+00	6.128E+00	6.128E+00
9.500E-01	6.110E+00	3.579E-03	6.113E+00	6.107E+00	6.108E+00	6.112E+00	6.110E+00	6.110E+00
9.600E-01	6.092E+00	3.621E-03	6.095E+00	6.089E+00	6.090E+00	6.094E+00	6.092E+00	6.092E+00
9.700E-01	6.074E+00	3.662E-03	6.077E+00	6.070E+00	6.072E+00	6.075E+00	6.073E+00	6.074E+00
9.800E-01	6.055E+00	3.702E-03	6.059E+00	6.052E+00	6.054E+00	6.057E+00	6.055E+00	6.056E+00
9.900E-01	6.037E+00	3.741E-03	6.040E+00	6.034E+00	6.035E+00	6.039E+00	6.037E+00	6.037E+00
1.000E+00	6.019E+00	3.779E-03	6.022E+00	6.015E+00	6.017E+00	6.020E+00	6.018E+00	6.019E+00
1.010E+00	6.000E+00	3.815E-03	6.004E+00	5.997E+00	5.999E+00	6.002E+00	6.000E+00	6.000E+00
1.020E+00	5.982E+00	3.851E-03	5.985E+00	5.978E+00	5.980E+00	5.983E+00	5.981E+00	5.982E+00
1.030E+00	5.963E+00	3.885E-03	5.967E+00	5.959E+00	5.961E+00	5.965E+00	5.963E+00	5.963E+00
1.040E+00	5.944E+00	3.917E-03	5.948E+00	5.941E+00	5.943E+00	5.946E+00	5.944E+00	5.945E+00
1.050E+00	5.926E+00	3.949E-03	5.929E+00	5.922E+00	5.924E+00	5.927E+00	5.925E+00	5.926E+00
1.060E+00	5.907E+00	3.979E-03	5.911E+00	5.903E+00	5.905E+00	5.908E+00	5.907E+00	5.907E+00
1.070E+00	5.888E+00	4.008E-03	5.892E+00	5.884E+00	5.887E+00	5.890E+00	5.888E+00	5.888E+00
1.080E+00	5.869E+00	4.035E-03	5.873E+00	5.866E+00	5.868E+00	5.871E+00	5.869E+00	5.869E+00
1.090E+00	5.850E+00	4.062E-03	5.854E+00	5.847E+00	5.849E+00	5.852E+00	5.850E+00	5.851E+00
1.100E+00	5.831E+00	4.087E-03	5.835E+00	5.828E+00	5.830E+00	5.833E+00	5.831E+00	5.832E+00
1.110E+00	5.812E+00	4.110E-03	5.816E+00	5.809E+00	5.811E+00	5.814E+00	5.812E+00	5.813E+00
1.120E+00	5.793E+00	4.132E-03	5.797E+00	5.789E+00	5.792E+00	5.795E+00	5.793E+00	5.794E+00
1.130E+00	5.774E+00	4.153E-03	5.778E+00	5.770E+00	5.773E+00	5.776E+00	5.774E+00	5.774E+00
1.140E+00	5.755E+00	4.173E-03	5.759E+00	5.751E+00	5.754E+00	5.757E+00	5.755E+00	5.755E+00
1.150E+00	5.736E+00	4.191E-03	5.740E+00	5.732E+00	5.735E+00	5.737E+00	5.736E+00	5.736E+00
1.160E+00	5.717E+00	4.208E-03	5.721E+00	5.713E+00	5.715E+00	5.718E+00	5.717E+00	5.717E+00
1.170E+00	5.697E+00	4.223E-03	5.702E+00	5.694E+00	5.696E+00	5.699E+00	5.697E+00	5.698E+00
1.180E+00	5.678E+00	4.238E-03	5.682E+00	5.674E+00	5.677E+00	5.680E+00	5.678E+00	5.678E+00
1.190E+00	5.659E+00	4.251E-03	5.663E+00	5.655E+00	5.658E+00	5.660E+00	5.659E+00	5.659E+00
1.200E+00	5.639E+00	4.262E-03	5.644E+00	5.635E+00	5.638E+00	5.641E+00	5.639E+00	5.640E+00
1.210E+00	5.620E+00	4.272E-03	5.624E+00	5.616E+00	5.619E+00	5.621E+00	5.620E+00	5.620E+00
1.220E+00	5.601E+00	4.281E-03	5.605E+00	5.597E+00	5.599E+00	5.602E+00	5.600E+00	5.601E+00
1.230E+00	5.581E+00	4.289E-03	5.585E+00	5.577E+00	5.580E+00	5.582E+00	5.581E+00	5.581E+00
1.240E+00	5.562E+00	4.295E-03	5.566E+00	5.558E+00	5.560E+00	5.563E+00	5.561E+00	5.562E+00
1.250E+00	5.542E+00	4.300E-03	5.546E+00	5.538E+00	5.541E+00	5.543E+00	5.542E+00	5.542E+00
1.260E+00	5.523E+00	4.303E-03	5.527E+00	5.518E+00	5.521E+00	5.524E+00	5.522E+00	5.523E+00
1.270E+00	5.503E+00	4.306E-03	5.507E+00	5.499E+00	5.502E+00	5.504E+00	5.503E+00	5.503E+00
1.280E+00	5.483E+00	4.307E-03	5.488E+00	5.479E+00	5.482E+00	5.485E+00	5.483E+00	5.484E+00
1.290E+00	5.464E+00	4.306E-03	5.468E+00	5.460E+00	5.463E+00	5.465E+00	5.463E+00	5.464E+00
1.300E+00	5.444E+00	4.305E-03	5.448E+00	5.440E+00	5.443E+00	5.445E+00	5.444E+00	5.444E+00
1.310E+00	5.424E+00	4.302E-03	5.429E+00	5.420E+00	5.423E+00	5.426E+00	5.424E+00	5.425E+00
1.320E+00	5.405E+00	4.298E-03	5.409E+00	5.401E+00	5.404E+00	5.406E+00	5.404E+00	5.405E+00
1.330E+00	5.385E+00	4.292E-03	5.389E+00	5.381E+00	5.384E+00	5.386E+00	5.385E+00	5.385E+00
1.340E+00	5.365E+00	4.286E-03	5.369E+00	5.361E+00	5.364E+00	5.366E+00	5.365E+00	5.365E+00
1.350E+00	5.345E+00	4.278E-03	5.350E+00	5.341E+00	5.344E+00	5.346E+00	5.345E+00	5.346E+00
1.360E+00	5.326E+00	4.268E-03	5.330E+00	5.321E+00	5.325E+00	5.327E+00	5.325E+00	5.326E+00
1.370E+00	5.306E+00	4.258E-03	5.310E+00	5.302E+00	5.305E+00	5.307E+00	5.305E+00	5.306E+00
1.380E+00	5.286E+00	4.246E-03	5.290E+00	5.282E+00	5.285E+00	5.287E+00	5.286E+00	5.286E+00
1.390E+00	5.266E+00	4.234E-03	5.270E+00	5.262E+00	5.265E+00	5.267E+00	5.266E+00	5.266E+00
1.400E+00	5.246E+00	4.220E-03	5.250E+00	5.242E+00	5.245E+00	5.247E+00	5.246E+00	5.247E+00
1.410E+00	5.226E+00	4.204E-03	5.230E+00	5.222E+00	5.225E+00	5.227E+00	5.226E+00	5.227E+00
1.420E+00	5.206E+00	4.188E-03	5.211E+00	5.202E+00	5.205E+00	5.207E+00	5.206E+00	5.207E+00
1.430E+00	5.187E+00	4.170E-03	5.191E+00	5.183E+00	5.186E+00	5.187E+00	5.186E+00	5.187E+00
1.440E+00	5.167E+00	4.152E-03	5.171E+00	5.163E+00	5.166E+00	5.168E+00	5.166E+00	5.167E+00
1.450E+00	5.147E+00	4.132E-03	5.151E+00	5.143E+00	5.146E+00	5.148E+00	5.146E+00	5.147E+00
1.460E+00	5.127E+00	4.111E-03	5.131E+00	5.123E+00	5.126E+00	5.128E+00	5.126E+00	5.127E+00
1.470E+00	5.107E+00	4.089E-03	5.111E+00	5.103E+00	5.106E+00	5.108E+00	5.107E+00	5.107E+00
1.480E+00	5.087E+00	4.065E-03	5.091E+00	5.083E+00	5.086E+00	5.088E+00	5.087E+00	5.087E+00
1.490E+00	5.067E+00	4.041E-03	5.071E+00	5.063E+00	5.066E+00	5.068E+00	5.067E+00	5.067E+00
1.500E+00	5.047E+00	4.016E-03	5.051E+00	5.043E+00	5.046E+00	5.048E+00	5.047E+00	5.047E+00
1.510E+00	5.027E+00	3.989E-03	5.031E+00	5.023E+00	5.026E+00	5.028E+00	5.027E+00	5.027E+00
1.520E+00	5.007E+00	3.961E-03	5.011E+00	5.003E+00	5.006E+00	5.008E+00	5.007E+00	5.007E+00
1.530E+00	4.987E+00	3.933E-03	4.991E+00	4.983E+00	4.986E+00	4.988E+00	4.987E+00	4.987E+00
1.540E+00	4.967E+00	3.903E-03	4.971E+00	4.963E+00	4.966E+00	4.968E+00	4.967E+00	4.967E+00
1.550E+00	4.947E+00	3.872E-03	4.951E+00	4.943E+00	4.946E+00	4.948E+00	4.947E+00	4.947E+00
1.560E+00	4.927E+00	3.841E-03	4.931E+00	4.923E+00	4.926E+00	4.928E+00	4.927E+00	4.927E+00
1.570E+00	4.907E+00	3.808E-03	4.911E+00	4.903E+00	4.906E+00	4.908E+00	4.907E+00	4.907E+00
1.580E+00	4.887E+00	3.774E-03	4.891E+00	4.883E+00	4.886E+00	4.888E+00	4.887E+00	4.887E+00
1.590E+00	4.867E+00	3.739E-03	4.871E+00	4.864E+00	4.866E+00	4.868E+00	4.867E+00	4.867E+00
1.600E+00	4.847E+00	3.704E-03	4.851E+00	4.844E+00	4.846E+00	4.848E+00	4.847E+00	4.847E+00
1.610E+00	4.827E+00	3.667E-03	4.831E+00	4.824E+00	4.827E+00	4.828E+00	4.827E+00	4.828E+00
1.620E+00	4.807E+00	3.629E-03	4.811E+00	4.804E+00	4.807E+00	4.808E+00	4.807E+00	4.808E+00
1.630E+00	4.787E+00	3.591E-03	4.791E+00	4.784E+00	4.787E+00	4.788E+00	4.787E+00	4.788E+00
1.640E+00	4.767E+00	3.551E-03	4.771E+00	4.764E+00	4.767E+00	4.768E+00	4.767E+00	4.768E+00
1.650E+00	4.747E+00	3.511E-03	4.751E+00	4.744E+00	4.747E+00	4.748E+00	4.747E+00	4.748E+00
1.660E+00	4.727E+00	3.469E-03	4.731E+00	4.724E+00	4.727E+00	4.728E+00	4.727E+00	4.728E+00
1.670E+00	4.708E+00	3.427E-03	4.711E+00	4.704E+00	4.707E+00	4.708E+00	4.707E+00	4.708E+00
1.680E+00	4.688E+00	3.384E-03	4.691E+00	4.684E+00	4.687E+00	4.688E+00	4.687E+00	4.688E+00
1.690E+00	4.668E+00	3.340E-03	4.671E+00	4.664E+00	4.667E+00	4.668E+00	4.667E+00	4.668E+00
1.700E+00	4.648E+00	3.296E-03	4.651E+00	4.645E+00	4.647E+00	4.648E+00	4.647E+00	4.648E+00
1.710E+00	4.628E+00	3.250E-03	4.631E+00	4.625E+00	4.627E+00	4.628E+00	4.628E+00	4.628E+00
1.720E+00	4.608E+00	3.204E-03	4.611E+00	4.605E+00	4.607E+00	4.609E+00	4.608E+00	4.608E+00
1.730E+00	4.588E+00	3.157E-03	4.591E+00	4.585E+00	4.588E+00	4.589E+00	4.588E+00	4.588E+00
1.740E+00	4.568E+00	3.109E-03	4.571E+00	4.565E+00	4.568E+00	4.569E+00	4.568E+00	4.569E+00
1.750E+00	4.548E+00	3.060E-03	4.552E+00	4.546E+00	4.548E+00	4.549E+00	4.548E+00	4.549E+00
1.760E+00	4.529E+00	3.010E-03	4.532E+00	4.526E+00	4.528E+00	4.529E+00	4.528E+00	4.529E+00
1.770E+00	4.509E+00	2.960E-03	4.512E+00	4.506E+00	4.508E+00	4.509E+00	4.508E+00	4.509E+00
1.780E+00	4.489E+00	2.909E-03	4.492E+00	4.486E+00	4.489E+00	4.489E+00	4.489E+00	4.489E+00
1.790E+00	4.469E+00	2.858E-03	4.472E+00	4.467E+00	4.469E+00	4.470E+00	4.469E+00	4.470E+00
1.800E+00	4.449E+00	2.805E-03	4.452E+00	4.447E+00	4.449E+00	4.450E+00	4.449E+00	4.450E+00
1.810E+00	4.430E+00	2.752E-03	4.433E+00	4.427E+00	4.429E+00	4.430E+00	4.429E+00	4.430E+00
1.820E+00	4.410E+00	2.698E-03	4.413E+00	4.407E+00	4.410E+00	4.410E+00	4.410E+00	4.410E+00
1.830E+00	4.390E+00	2.644E-03	4.393E+00	4.388E+00	4.390E+00	4.391E+00	4.390E+00	4.391E+00
1.840E+00	4.371E+00	2.589E-03	4.373E+00	4.368E+00	4.370E+00	4.371E+00	4.370E+00	4.371E+00
1.850E+00	4.351E+00	2.534E-03	4.354E+00	4.349E+00	4.351E+00	4.351E+00	4.351E+00	4.351E+00
1.860E+00	4.331E+00	2.477E-03	4.334E+00	4.329E+00	4.331E+00	4.332E+00	4.331E+00	4.332E+00
1.870E+00	4.312E+00	2.420E-03	4.314E+00	4.309E+00	4.311E+00	4.312E+00	4.311E+00	4.312E+00
1.880E+00	4.292E+00	2.363E-03	4.295E+00	4.290E+00	4.292E+00	4.293E+00	4.292E+00	4.293E+00
1.890E+00	4.273E+00	2.305E-03	4.275E+00	4.270E+00	4.272E+00	4.273E+00	4.272E+00	4.273E+00
1.900E+00	4.253E+00	2.247E-03	4.255E+00	4.251E+00	4.253E+00	4.253E+00	4.253E+00	4.253E+00
1.910E+00	4.234E+00	2.188E-03	4.236E+00	4.231E+00	4.233E+00	4.234E+00	4.233E+00	4.234E+00
1.920E+00	4.214E+00	2.128E-03	4.216E+00	4.212E+00	4.214E+00	4.214E+00	4.214E+00	4.214E+00
1.930E+00	4.195E+00	2.068E-03	4.197E+00	4.193E+00	4.194E+00	4.195E+00	4.194E+00	4.195E+00
1.940E+00	4.175E+00	2.008E-03	4.177E+00	4.173E+00	4.175E+00	4.175E+00	4.175E+00	4.176E+00
1.950E+00	4.156E+00	1.947E-03	4.158E+00	4.154E+00	4.156E+00	4.156E+00	4.155E+00	4.156E+00
1.960E+00	4.136E+00	1.885E-03	4.138E+00	4.135E+00	4.136E+00	4.137E+00	4.136E+00	4.137E+00
1.970E+00	4.117E+00	1.824E-03	4.119E+00	4.115E+00	4.117E+00	4.117E+00	4.117E+00	4.117E+00
1.980E+00	4.098E+00	1.762E-03	4.099E+00	4.096E+00	4.097E+00	4.098E+00	4.097E+00	4.098E+00
1.990E+00	4.078E+00	1.699E-03	4.080E+00	4.077E+00	4.078E+00	4.079E+00	4.078E+00	4.079E+00
2.000E+00	4.059E+00	1.636E-03	4.061E+00	4.058E+00	4.059E+00	4.059E+00	4.059E+00	4.060E+00
2.010E+00	4.040E+00	1.573E-03	4.041E+00	4.038E+00	4.040E+00	4.040E+00	4.040E+00	4.040E+00
2.020E+00	4.021E+00	1.510E-03	4.022E+00	4.019E+00	4.021E+00	4.021E+00	4.020E+00	4.021E+00
2.030E+00	4.002E+00	1.446E-03	4.003E+00	4.000E+00	4.001E+00	4.002E+00	4.001E+00	4.002E+00
2.040E+00	3.982E+00	1.383E-03	3.984E+00	3.981E+00	3.982E+00	3.983E+00	3.982E+00	3.983E+00
2.050E+00	3.963E+00	1.319E-03	3.965E+00	3.962E+00	3.963E+00	3.963E+00	3.963E+00	3.964E+00
2.060E+00	3.944E+00	1.255E-03	3.945E+00	3.943E+00	3.944E+00	3.944E+00	3.944E+00	3.945E+00
2.070E+00	3.925E+00	1.191E-03	3.926E+00	3.924E+00	3.925E+00	3.925E+00	3.925E+00	3.926E+00
2.080E+00	3.906E+00	1.128E-03	3.907E+00	3.905E+00	3.906E+00	3.906E+00	3.906E+00	3.907E+00
2.090E+00	3.887E+00	1.064E-03	3.888E+00	3.886E+00	3.887E+00	3.887E+00	3.887E+00	3.888E+00
2.100E+00	3.868E+00	1.001E-03	3.869E+00	3.867E+00	3.868E+00	3.868E+00	3.868E+00	3.869E+00
2.110E+00	3.849E+00	9.382E-04	3.850E+00	3.849E+00	3.849E+00	3.849E+00	3.849E+00	3.850E+00
2.120E+00	3.830E+00	8.761E-04	3.831E+00	3.830E+00	3.830E+00	3.831E+00	3.830E+00	3.831E+00
2.130E+00	3.812E+00	8.150E-04	3.812E+00	3.811E+00	3.812E+00	3.812E+00	3.811E+00	3.812E+00
2.140E+00	3.793E+00	7.551E-04	3.794E+00	3.792E+00	3.793E+00	3.793E+00	3.792E+00	3.793E+00
2.150E+00	3.774E+00	6.968E-04	3.775E+00	3.774E+00	3.774E+00	3.774E+00	3.774E+00	3.775E+00
2.160E+00	3.755E+00	6.408E-04	3.756E+00	3.755E+00	3.755E+00	3.755E+00	3.755E+00	3.756E+00
2.170E+00	3.737E+00	5.877E-04	3.737E+00	3.736E+00	3.737E+00	3.737E+00	3.736E+00	3.737E+00
2.180E+00	3.718E+00	5.385E-04	3.719E+00	3.718E+00	3.718E+00	3.718E+00	3.718E+00	3.718E+00
2.190E+00	3.700E+00	4.946E-04	3.700E+00	3.699E+00	3.700E+00	3.699E+00	3.699E+00	3.700E+00
2.200E+00	3.681E+00	4.574E-04	3.681E+00	3.681E+00	3.681E+00	3.681E+00	3.681E+00	3.681E+00
2.210E+00	3.662E+00	4.291E-04	3.663E+00	3.662E+00	3.662E+00	3.662E+00	3.662E+00	3.663E+00
2.220E+00	3.644E+00	4.114E-04	3.644E+00	3.644E+00	3.644E+00	3.644E+00	3.644E+00	3.644E+00
2.230E+00	3.626E+00	4.059E-04	3.626E+00	3.626E+00	3.626E+00	3.625E+00	3.625E+00	3.626E+00
2.240E+00	3.607E+00	4.131E-04	3.607E+00	3.607E+00	3.607E+00	3.607E+00	3.607E+00	3.608E+00
2.250E+00	3.589E+00	4.326E-04	3.589E+00	3.589E+00	3.589E+00	3.589E+00	3.588E+00	3.589E+00
2.260E+00	3.570E+00	4.629E-04	3.570E+00	3.571E+00	3.571E+00	3.570E+00	3.570E+00	3.571E+00
2.270E+00	3.552E+00	5.020E-04	3.552E+00	3.553E+00	3.552E+00	3.552E+00	3.552E+00	3.553E+00
2.280E+00	3.534E+00	5.482E-04	3.534E+00	3.534E+00	3.534E+00	3.534E+00	3.534E+00	3.534E+00
2.290E+00	3.516E+00	5.998E-04	3.515E+00	3.516E+00	3.516E+00	3.516E+00	3.515E+00	3.516E+00
2.300E+00	3.498E+00	6.557E-04	3.497E+00	3.498E+00	3.498E+00	3.498E+00	3.497E+00	3.498E+00
2.310E+00	3.480E+00	7.147E-04	3.479E+00	3.480E+00	3.480E+00	3.479E+00	3.479E+00	3.480E+00
2.320E+00	3.462E+00	7.764E-04	3.461E+00	3.462E+00	3.462E+00	3.461E+00	3.461E+00	3.462E+00
2.330E+00	3.444E+00	8.400E-04	3.443E+00	3.444E+00	3.444E+00	3.443E+00	3.443E+00	3.444E+00
2.340E+00	3.426E+00	9.052E-04	3.425E+00	3.426E+00	3.426E+00	3.425E+00	3.425E+00	3.426E+00
2.350E+00	3.408E+00	9.717E-04	3.407E+00	3.409E+00	3.408E+00	3.407E+00	3.407E+00	3.408E+00
2.360E+00	3.390E+00	1.039E-03	3.389E+00	3.391E+00	3.390E+00	3.390E+00	3.389E+00	3.390E+00
2.370E+00	3.372E+00	1.108E-03	3.371E+00	3.373E+00	3.372E+00	3.372E+00	3.372E+00	3.372E+00
2.380E+00	3.354E+00	1.177E-03	3.353E+00	3.355E+00	3.354E+00	3.354E+00	3.354E+00	3.355E+00
2.390E+00	3.336E+00	1.246E-03	3.335E+00	3.338E+00	3.337E+00	3.336E+00	3.336E+00	3.337E+00
2.400E+00	3.319E+00	1.316E-03	3.318E+00	3.320E+00	3.319E+00	3.319E+00	3.318E+00	3.319E+00
2.410E+00	3.301E+00	1.387E-03	3.300E+00	3.303E+00	3.301E+00	3.301E+00	3.301E+00	3.302E+00
2.420E+00	3.284E+00	1.458E-03	3.282E+00	3.285E+00	3.284E+00	3.283E+00	3.283E+00	3.284E+00
2.430E+00	3.266E+00	1.529E-03	3.265E+00	3.268E+00	3.266E+00	3.266E+00	3.266E+00	3.266E+00
2.440E+00	3.249E+00	1.600E-03	3.247E+00	3.250E+00	3.249E+00	3.248E+00	3.248E+00	3.249E+00
2.450E+00	3.231E+00	1.672E-03	3.230E+00	3.233E+00	3.231E+00	3.231E+00	3.231E+00	3.232E+00
2.460E+00	3.214E+00	1.744E-03	3.212E+00	3.215E+00	3.214E+00	3.213E+00	3.213E+00	3.214E+00
2.470E+00	3.196E+00	1.816E-03	3.195E+00	3.198E+00	3.197E+00	3.196E+00	3.196E+00	3.197E+00
2.480E+00	3.179E+00	1.888E-03	3.177E+00	3.181E+00	3.179E+00	3.179E+00	3.179E+00	3.180E+00
2.490E+00	3.162E+00	1.960E-03	3.160E+00	3.164E+00	3.162E+00	3.162E+00	3.161E+00	3.162E+00
2.500E+00	3.145E+00	2.032E-03	3.143E+00	3.147E+00	3.145E+00	3.144E+00	3.144E+00	3.145E+00
2.510E+00	3.128E+00	2.104E-03	3.126E+00	3.130E+00	3.128E+00	3.127E+00	3.127E+00	3.128E+00
2.520E+00	3.110E+00	2.176E-03	3.108E+00	3.113E+00	3.111E+00	3.110E+00	3.110E+00	3.111E+00
2.530E+00	3.093E+00	2.248E-03	3.091E+00	3.096E+00	3.094E+00	3.093E+00	3.093E+00	3.094E+00
2.540E+00	3.076E+00	2.320E-03	3.074E+00	3.079E+00	3.077E+00	3.076E+00	3.076E+00	3.077E+00
2.550E+00	3.059E+00	2.392E-03	3.057E+00	3.062E+00	3.060E+00	3.059E+00	3.059E+00	3.060E+00
2.560E+00	3.043E+00	2.464E-03	3.040E+00	3.045E+00	3.043E+00	3.042E+00	3.042E+00	3.043E+00
2.570E+00	3.026E+00	2.536E-03	3.023E+00	3.028E+00	3.026E+00	3.025E+00	3.025E+00	3.026E+00
2.580E+00	3.009E+00	2.608E-03	3.007E+00	3.012E+00	3.009E+00	3.009E+00	3.009E+00	3.009E+00
2.590E+00	2.992E+00	2.680E-03	2.990E+00	2.995E+00	2.993E+00	2.992E+00	2.992E+00	2.993E+00
2.600E+00	2.976E+00	2.752E-03	2.973E+00	2.978E+00	2.976E+00	2.975E+00	2.975E+00	2.976E+00
2.610E+00	2.959E+00	2.823E-03	2.956E+00	2.962E+00	2.959E+00	2.959E+00	2.959E+00	2.959E+00
2.620E+00	2.942E+00	2.895E-03	2.940E+00	2.945E+00	2.943E+00	2.942E+00	2.942E+00	2.943E+00
2.630E+00	2.926E+00	2.966E-03	2.923E+00	2.929E+00	2.926E+00	2.925E+00	2.925E+00	2.926E+00
2.640E+00	2.909E+00	3.037E-03	2.907E+00	2.913E+00	2.910E+00	2.909E+00	2.909E+00	2.910E+00
2.650E+00	2.893E+00	3.108E-03	2.890E+00	2.896E+00	2.893E+00	2.893E+00	2.893E+00	2.893E+00
2.660E+00	2.877E+00	3.179E-03	2.874E+00	2.880E+00	2.877E+00	2.876E+00	2.876E+00	2.877E+00
2.670E+00	2.860E+00	3.250E-03	2.857E+00	2.864E+00	2.861E+00	2.860E+00	2.860E+00	2.861E+00
2.680E+00	2.844E+00	3.320E-03	2.841E+00	2.847E+00	2.845E+00	2.844E+00	2.844E+00	2.845E+00
2.690E+00	2.828E+00	3.390E-03	2.825E+00	2.831E+00	2.828E+00	2.827E+00	2.828E+00	2.828E+00
2.700E+00	2.812E+00	3.460E-03	2.808E+00	2.815E+00	2.812E+00	2.811E+00	2.811E+00	2.812E+00
2.710E+00	2.796E+00	3.530E-03	2.792E+00	2.799E+00	2.796E+00	2.795E+00	2.795E+00	2.796E+00
2.720E+00	2.780E+00	3.600E-03	2.776E+00	2.783E+00	2.780E+00	2.779E+00	2.779E+00	2.780E+00
2.730E+00	2.764E+00	3.669E-03	2.760E+00	2.767E+00	2.764E+00	2.763E+00	2.763E+00	2.764E+00
2.740E+00	2.748E+00	3.738E-03	2.744E+00	2.752E+00	2.748E+00	2.747E+00	2.747E+00	2.748E+00
2.750E+00	2.732E+00	3.807E-03	2.728E+00	2.736E+00	2.732E+00	2.731E+00	2.732E+00	2.732E+00
2.760E+00	2.716E+00	3.876E-03	2.712E+00	2.720E+00	2.717E+00	2.716E+00	2.716E+00	2.717E+00
2.770E+00	2.700E+00	3.944E-03	2.697E+00	2.704E+00	2.701E+00	2.700E+00	2.700E+00	2.701E+00
2.780E+00	2.685E+00	4.012E-03	2.681E+00	2.689E+00	2.685E+00	2.684E+00	2.684E+00	2.685E+00
2.790E+00	2.669E+00	4.080E-03	2.665E+00	2.673E+00	2.670E+00	2.669E+00	2.669E+00	2.669E+00
2.800E+00	2.653E+00	4.147E-03	2.649E+00	2.658E+00	2.654E+00	2.653E+00	2.653E+00	2.654E+00
2.810E+00	2.638E+00	4.215E-03	2.634E+00	2.642E+00	2.638E+00	2.637E+00	2.638E+00	2.638E+00
2.820E+00	2.622E+00	4.282E-03	2.618E+00	2.627E+00	2.623E+00	2.622E+00	2.622E+00	2.623E+00
2.830E+00	2.607E+00	4.348E-03	2.603E+00	2.611E+00	2.608E+00	2.606E+00	2.607E+00	2.607E+00
2.840E+00	2.592E+00	4.415E-03	2.587E+00	2.596E+00	2.592E+00	2.591E+00	2.591E+00	2.592E+00
2.850E+00	2.576E+00	4.481E-03	2.572E+00	2.581E+00	2.577E+00	2.576E+00	2.576E+00	2.577E+00
2.860E+00	2.561E+00	4.547E-03	2.557E+00	2.566E+00	2.562E+00	2.561E+00	2.561E+00	2.562E+00
2.870E+00	2.546E+00	4.612E-03	2.542E+00	2.551E+00	2.547E+00	2.545E+00	2.546E+00	2.546E+00
2.880E+00	2.531E+00	4.677E-03	2.526E+00	2.536E+00	2.531E+00	2.530E+00	2.530E+00	2.531E+00
2.890E+00	2.516E+00	4.742E-03	2.511E+00	2.521E+00	2.516E+00	2.515E+00	2.515E+00	2.516E+00
2.900E+00	2.501E+00	4.806E-03	2.496E+00	2.506E+00	2.501E+00	2.500E+00	2.500E+00	2.501E+00
2.910E+00	2.486E+00	4.870E-03	2.481E+00	2.491E+00	2.486E+00	2.485E+00	2.485E+00	2.486E+00
2.920E+00	2.471E+00	4.934E-03	2.466E+00	2.476E+00	2.471E+00	2.470E+00	2.470E+00	2.471E+00
2.930E+00	2.456E+00	4.997E-03	2.451E+00	2.461E+00	2.457E+00	2.455E+00	2.456E+00	2.456E+00
2.940E+00	2.441E+00	5.060E-03	2.436E+00	2.446E+00	2.442E+00	2.441E+00	2.441E+00	2.442E+00
2.950E+00	2.427E+00	5.123E-03	2.422E+00	2.432E+00	2.427E+00	2.426E+00	2.426E+00	2.427E+00
2.960E+00	2.412E+00	5.185E-03	2.407E+00	2.417E+00	2.412E+00	2.411E+00	2.411E+00	2.412E+00
2.970E+00	2.397E+00	5.247E-03	2.392E+00	2.403E+00	2.398E+00	2.397E+00	2.397E+00	2.398E+00
2.980E+00	2.383E+00	5.309E-03	2.378E+00	2.388E+00	2.383E+00	2.382E+00	2.382E+00	2.383E+00
2.990E+00	2.368E+00	5.370E-03	2.363E+00	2.374E+00	2.369E+00	2.368E+00	2.368E+00	2.369E+00
3.000E+00	2.354E+00	5.430E-03	2.348E+00	2.359E+00	2.354E+00	2.353E+00	2.353E+00	2.354E+00
