1.000E-02	6.506E+00	2.867E-01	6.219E+00	6.793E+00	6.509E+00	6.503E+00	6.506E+00	6.506E+00
2.000E-02	6.506E+00	2.865E-01	6.219E+00	6.792E+00	6.509E+00	6.503E+00	6.506E+00	6.506E+00
3.000E-02	6.506E+00	2.861E-01	6.219E+00	6.791E+00	6.509E+00	6.502E+00	6.506E+00	6.506E+00
4.000E-02	6.505E+00	2.856E-01	6.219E+00	6.790E+00	6.509E+00	6.502E+00	6.505E+00	6.505E+00
5.000E-02	6.505E+00	2.850E-01	6.219E+00	6.789E+00	6.508E+00	6.502E+00	6.505E+00	6.505E+00
6.000E-02	6.505E+00	2.843E-01	6.219E+00	6.788E+00	6.508E+00	6.502E+00	6.505E+00	6.505E+00
7.000E-02	6.504E+00	2.835E-01	6.219E+00	6.786E+00	6.508E+00	6.501E+00	6.504E+00	6.504E+00
8.000E-02	6.504E+00	2.826E-01	6.219E+00	6.784E+00	6.507E+00	6.501E+00	6.504E+00	6.504E+00
9.000E-02	6.503E+00	2.816E-01	6.219E+00	6.782E+00	6.506E+00	6.500E+00	6.503E+00	6.503E+00
1.000E-01	6.503E+00	2.806E-01	6.218E+00	6.779E+00	6.506E+00	6.499E+00	6.502E+00	6.503E+00
1.100E-01	6.502E+00	2.794E-01	6.218E+00	6.777E+00	6.505E+00	6.498E+00	6.502E+00	6.502E+00
1.200E-01	6.501E+00	2.781E-01	6.218E+00	6.774E+00	6.504E+00	6.498E+00	6.501E+00	6.501E+00
1.300E-01	6.500E+00	2.768E-01	6.218E+00	6.771E+00	6.503E+00	6.497E+00	6.500E+00	6.500E+00
1.400E-01	6.499E+00	2.754E-01	6.217E+00	6.768E+00	6.502E+00	6.495E+00	6.499E+00	6.499E+00
1.500E-01	6.497E+00	2.738E-01	6.217E+00	6.765E+00	6.501E+00	6.494E+00	6.497E+00	6.497E+00
1.600E-01	6.496E+00	2.723E-01	6.217E+00	6.761E+00	6.499E+00	6.493E+00	6.496E+00	6.496E+00
1.700E-01	6.495E+00	2.706E-01	6.216E+00	6.757E+00	6.498E+00	6.491E+00	6.495E+00	6.495E+00
1.800E-01	6.493E+00	2.689E-01	6.216E+00	6.753E+00	6.496E+00	6.490E+00	6.493E+00	6.493E+00
1.900E-01	6.491E+00	2.671E-01	6.215E+00	6.749E+00	6.495E+00	6.488E+00	6.491E+00	6.491E+00
2.000E-01	6.490E+00	2.652E-01	6.215E+00	6.745E+00	6.493E+00	6.486E+00	6.490E+00	6.490E+00
2.100E-01	6.488E+00	2.633E-01	6.214E+00	6.740E+00	6.491E+00	6.484E+00	6.488E+00	6.488E+00
2.200E-01	6.486E+00	2.613E-01	6.213E+00	6.736E+00	6.489E+00	6.482E+00	6.486E+00	6.486E+00
2.300E-01	6.484E+00	2.592E-01	6.213E+00	6.731E+00	6.487E+00	6.480E+00	6.483E+00	6.484E+00
2.400E-01	6.481E+00	2.571E-01	6.212E+00	6.726E+00	6.484E+00	6.478E+00	6.481E+00	6.481E+00
2.500E-01	6.479E+00	2.549E-01	6.211E+00	6.721E+00	6.482E+00	6.476E+00	6.479E+00	6.479E+00
2.600E-01	6.476E+00	2.526E-01	6.210E+00	6.715E+00	6.480E+00	6.473E+00	6.476E+00	6.476E+00
2.700E-01	6.474E+00	2.503E-01	6.209E+00	6.710E+00	6.477E+00	6.471E+00	6.474E+00	6.474E+00
2.800E-01	6.471E+00	2.479E-01	6.208E+00	6.704E+00	6.474E+00	6.468E+00	6.471E+00	6.471E+00
2.900E-01	6.468E+00	2.455E-01	6.207E+00	6.698E+00	6.471E+00	6.465E+00	6.468E+00	6.468E+00
3.000E-01	6.465E+00	2.430E-01	6.206E+00	6.692E+00	6.468E+00	6.462E+00	6.465E+00	6.465E+00
3.100E-01	6.462E+00	2.405E-01	6.205E+00	6.686E+00	6.465E+00	6.459E+00	6.462E+00	6.462E+00
3.200E-01	6.459E+00	2.379E-01	6.203E+00	6.679E+00	6.462E+00	6.455E+00	6.459E+00	6.459E+00
3.300E-01	6.455E+00	2.353E-01	6.202E+00	6.673E+00	6.458E+00	6.452E+00	6.455E+00	6.455E+00
3.400E-01	6.452E+00	2.326E-01	6.201E+00	6.666E+00	6.455E+00	6.449E+00	6.452E+00	6.452E+00
3.500E-01	6.448E+00	2.299E-01	6.199E+00	6.659E+00	6.451E+00	6.445E+00	6.448E+00	6.448E+00
3.600E-01	6.444E+00	2.271E-01	6.197E+00	6.652E+00	6.447E+00	6.441E+00	6.444E+00	6.444E+00
3.700E-01	6.440E+00	2.243E-01	6.196E+00	6.644E+00	6.443E+00	6.437E+00	6.440E+00	6.440E+00
3.800E-01	6.436E+00	2.215E-01	6.194E+00	6.637E+00	6.439E+00	6.433E+00	6.436E+00	6.436E+00
3.900E-01	6.432E+00	2.186E-01	6.192E+00	6.629E+00	6.435E+00	6.429E+00	6.432E+00	6.432E+00
4.000E-01	6.428E+00	2.156E-01	6.190E+00	6.622E+00	6.431E+00	6.425E+00	6.428E+00	6.428E+00
4.100E-01	6.423E+00	2.127E-01	6.188E+00	6.614E+00	6.426E+00	6.420E+00	6.423E+00	6.423E+00
4.200E-01	6.419E+00	2.097E-01	6.186E+00	6.606E+00	6.422E+00	6.415E+00	6.419E+00	6.419E+00
4.300E-01	6.414E+00	2.066E-01	6.184E+00	6.597E+00	6.417E+00	6.411E+00	6.414E+00	6.414E+00
4.400E-01	6.409E+00	2.035E-01	6.182E+00	6.589E+00	6.412E+00	6.406E+00	6.409E+00	6.409E+00
4.500E-01	6.404E+00	2.004E-01	6.180E+00	6.581E+00	6.407E+00	6.401E+00	6.404E+00	6.404E+00
4.600E-01	6.399E+00	1.973E-01	6.177E+00	6.572E+00	6.402E+00	6.396E+00	6.399E+00	6.399E+00
4.700E-01	6.393E+00	1.941E-01	6.175E+00	6.563E+00	6.397E+00	6.390E+00	6.393E+00	6.393E+00
4.800E-01	6.388E+00	1.909E-01	6.172E+00	6.554E+00	6.391E+00	6.385E+00	6.388E+00	6.388E+00
4.900E-01	6.382E+00	1.876E-01	6.170E+00	6.545E+00	6.385E+00	6.379E+00	6.382E+00	6.382E+00
5.000E-01	6.377E+00	1.844E-01	6.167E+00	6.536E+00	6.380E+00	6.374E+00	6.377E+00	6.377E+00
5.100E-01	6.371E+00	1.811E-01	6.164E+00	6.526E+00	6.374E+00	6.368E+00	6.371E+00	6.371E+00
5.200E-01	6.365E+00	1.777E-01	6.161E+00	6.517E+00	6.368E+00	6.362E+00	6.365E+00	6.365E+00
5.300E-01	6.359E+00	1.744E-01	6.158E+00	6.507E+00	6.362E+00	6.356E+00	6.358E+00	6.359E+00
5.400E-01	6.352E+00	1.710E-01	6.155E+00	6.497E+00	6.355E+00	6.349E+00	6.352E+00	6.352E+00
5.500E-01	6.346E+00	1.676E-01	6.152E+00	6.487E+00	6.349E+00	6.343E+00	6.346E+00	6.346E+00
5.600E-01	6.339E+00	1.642E-01	6.149E+00	6.477E+00	6.342E+00	6.336E+00	6.339E+00	6.339E+00
5.700E-01	6.332E+00	1.608E-01	6.145E+00	6.467E+00	6.335E+00	6.329E+00	6.332E+00	6.332E+00
5.800E-01	6.326E+00	1.573E-01	6.142E+00	6.456E+00	6.329E+00	6.323E+00	6.326E+00	6.326E+00
5.900E-01	6.319E+00	1.538E-01	6.138E+00	6.446E+00	6.322E+00	6.316E+00	6.318E+00	6.319E+00
6.000E-01	6.311E+00	1.504E-01	6.134E+00	6.435E+00	6.314E+00	6.308E+00	6.311E+00	6.311E+00
6.100E-01	6.304E+00	1.468E-01	6.131E+00	6.424E+00	6.307E+00	6.301E+00	6.304E+00	6.304E+00
6.200E-01	6.297E+00	1.433E-01	6.127E+00	6.413E+00	6.300E+00	6.294E+00	6.296E+00	6.297E+00
6.300E-01	6.289E+00	1.398E-01	6.123E+00	6.402E+00	6.292E+00	6.286E+00	6.289E+00	6.289E+00
6.400E-01	6.281E+00	1.362E-01	6.118E+00	6.391E+00	6.284E+00	6.278E+00	6.281E+00	6.281E+00
6.500E-01	6.273E+00	1.327E-01	6.114E+00	6.380E+00	6.276E+00	6.270E+00	6.273E+00	6.273E+00
6.600E-01	6.265E+00	1.291E-01	6.110E+00	6.368E+00	6.268E+00	6.262E+00	6.265E+00	6.265E+00
6.700E-01	6.257E+00	1.255E-01	6.105E+00	6.356E+00	6.260E+00	6.254E+00	6.257E+00	6.257E+00
6.800E-01	6.249E+00	1.220E-01	6.101E+00	6.345E+00	6.252E+00	6.246E+00	6.249E+00	6.249E+00
6.900E-01	6.240E+00	1.184E-01	6.096E+00	6.333E+00	6.243E+00	6.237E+00	6.240E+00	6.240E+00
7.000E-01	6.232E+00	1.148E-01	6.091E+00	6.321E+00	6.234E+00	6.229E+00	6.232E+00	6.232E+00
7.100E-01	6.223E+00	1.111E-01	6.086E+00	6.309E+00	6.226E+00	6.220E+00	6.223E+00	6.223E+00
7.200E-01	6.214E+00	1.075E-01	6.081E+00	6.296E+00	6.217E+00	6.211E+00	6.214E+00	6.214E+00
7.300E-01	6.205E+00	1.039E-01	6.076E+00	6.284E+00	6.208E+00	6.202E+00	6.205E+00	6.205E+00
7.400E-01	6.196E+00	1.003E-01	6.071E+00	6.272E+00	6.198E+00	6.193E+00	6.196E+00	6.196E+00
7.500E-01	6.186E+00	9.668E-02	6.066E+00	6.259E+00	6.189E+00	6.183E+00	6.186E+00	6.186E+00
7.600E-01	6.177E+00	9.306E-02	6.060E+00	6.246E+00	6.180E+00	6.174E+00	6.177E+00	6.177E+00
7.700E-01	6.167E+00	8.944E-02	6.055E+00	6.233E+00	6.170E+00	6.164E+00	6.167E+00	6.167E+00
7.800E-01	6.157E+00	8.582E-02	6.049E+00	6.220E+00	6.160E+00	6.155E+00	6.157E+00	6.157E+00
7.900E-01	6.147E+00	8.220E-02	6.043E+00	6.207E+00	6.150E+00	6.145E+00	6.147E+00	6.147E+00
8.000E-01	6.137E+00	7.858E-02	6.037E+00	6.194E+00	6.140E+00	6.135E+00	6.137E+00	6.137E+00
8.100E-01	6.127E+00	7.497E-02	6.031E+00	6.181E+00	6.130E+00	6.124E+00	6.127E+00	6.127E+00
8.200E-01	6.117E+00	7.136E-02	6.025E+00	6.167E+00	6.119E+00	6.114E+00	6.117E+00	6.117E+00
8.300E-01	6.106E+00	6.776E-02	6.019E+00	6.154E+00	6.109E+00	6.103E+00	6.106E+00	6.106E+00
8.400E-01	6.095E+00	6.417E-02	6.012E+00	6.140E+00	6.098E+00	6.093E+00	6.095E+00	6.096E+00
8.500E-01	6.085E+00	6.058E-02	6.005E+00	6.127E+00	6.087E+00	6.082E+00	6.085E+00	6.085E+00
8.600E-01	6.074E+00	5.700E-02	5.999E+00	6.113E+00	6.076E+00	6.071E+00	6.074E+00	6.074E+00
8.700E-01	6.063E+00	5.344E-02	5.992E+00	6.099E+00	6.065E+00	6.060E+00	6.063E+00	6.063E+00
8.800E-01	6.051E+00	4.988E-02	5.985E+00	6.085E+00	6.054E+00	6.049E+00	6.051E+00	6.051E+00
8.900E-01	6.040E+00	4.633E-02	5.978E+00	6.070E+00	6.043E+00	6.037E+00	6.040E+00	6.040E+00
9.000E-01	6.029E+00	4.280E-02	5.971E+00	6.056E+00	6.031E+00	6.026E+00	6.028E+00	6.029E+00
9.100E-01	6.017E+00	3.927E-02	5.963E+00	6.042E+00	6.019E+00	6.014E+00	6.017E+00	6.017E+00
9.200E-01	6.005E+00	3.577E-02	5.956E+00	6.027E+00	6.008E+00	6.003E+00	6.005E+00	6.005E+00
9.300E-01	5.993E+00	3.228E-02	5.948E+00	6.013E+00	5.996E+00	5.991E+00	5.993E+00	5.993E+00
9.400E-01	5.981E+00	2.880E-02	5.941E+00	5.998E+00	5.984E+00	5.979E+00	5.981E+00	5.981E+00
9.500E-01	5.969E+00	2.535E-02	5.933E+00	5.983E+00	5.971E+00	5.966E+00	5.969E+00	5.969E+00
9.600E-01	5.956E+00	2.191E-02	5.925E+00	5.968E+00	5.959E+00	5.954E+00	5.956E+00	5.957E+00
9.700E-01	5.944E+00	1.850E-02	5.917E+00	5.953E+00	5.946E+00	5.941E+00	5.944E+00	5.944E+00
9.800E-01	5.931E+00	1.511E-02	5.909E+00	5.938E+00	5.934E+00	5.929E+00	5.931E+00	5.931E+00
9.900E-01	5.919E+00	1.177E-02	5.900E+00	5.923E+00	5.921E+00	5.916E+00	5.918E+00	5.919E+00
1.000E+00	5.906E+00	8.486E-03	5.892E+00	5.908E+00	5.908E+00	5.903E+00	5.906E+00	5.906E+00
1.010E+00	5.893E+00	5.341E-03	5.883E+00	5.893E+00	5.895E+00	5.890E+00	5.892E+00	5.893E+00
1.020E+00	5.879E+00	2.771E-03	5.874E+00	5.877E+00	5.882E+00	5.877E+00	5.879E+00	5.880E+00
1.030E+00	5.866E+00	3.004E-03	5.866E+00	5.862E+00	5.868E+00	5.864E+00	5.866E+00	5.866E+00
1.040E+00	5.853E+00	5.669E-03	5.856E+00	5.846E+00	5.855E+00	5.850E+00	5.853E+00	5.853E+00
1.050E+00	5.839E+00	8.750E-03	5.847E+00	5.830E+00	5.841E+00	5.837E+00	5.839E+00	5.839E+00
1.060E+00	5.825E+00	1.191E-02	5.838E+00	5.815E+00	5.828E+00	5.823E+00	5.825E+00	5.825E+00
1.070E+00	5.811E+00	1.508E-02	5.829E+00	5.799E+00	5.814E+00	5.809E+00	5.811E+00	5.812E+00
1.080E+00	5.798E+00	1.824E-02	5.819E+00	5.783E+00	5.800E+00	5.795E+00	5.797E+00	5.798E+00
1.090E+00	5.783E+00	2.139E-02	5.809E+00	5.767E+00	5.786E+00	5.781E+00	5.783E+00	5.784E+00
1.100E+00	5.769E+00	2.452E-02	5.800E+00	5.751E+00	5.771E+00	5.767E+00	5.769E+00	5.769E+00
1.110E+00	5.755E+00	2.763E-02	5.790E+00	5.735E+00	5.757E+00	5.753E+00	5.755E+00	5.755E+00
1.120E+00	5.740E+00	3.071E-02	5.780E+00	5.718E+00	5.742E+00	5.738E+00	5.740E+00	5.740E+00
1.130E+00	5.726E+00	3.376E-02	5.769E+00	5.702E+00	5.728E+00	5.724E+00	5.725E+00	5.726E+00
1.140E+00	5.711E+00	3.678E-02	5.759E+00	5.686E+00	5.713E+00	5.709E+00	5.711E+00	5.711E+00
1.150E+00	5.696E+00	3.978E-02	5.748E+00	5.669E+00	5.698E+00	5.694E+00	5.696E+00	5.696E+00
1.160E+00	5.681E+00	4.275E-02	5.738E+00	5.652E+00	5.683E+00	5.679E+00	5.681E+00	5.681E+00
1.170E+00	5.666E+00	4.568E-02	5.727E+00	5.636E+00	5.668E+00	5.664E+00	5.666E+00	5.666E+00
1.180E+00	5.651E+00	4.859E-02	5.716E+00	5.619E+00	5.653E+00	5.649E+00	5.650E+00	5.651E+00
1.190E+00	5.635E+00	5.146E-02	5.705E+00	5.602E+00	5.637E+00	5.633E+00	5.635E+00	5.635E+00
1.200E+00	5.620E+00	5.431E-02	5.694E+00	5.585E+00	5.622E+00	5.618E+00	5.620E+00	5.620E+00
1.210E+00	5.604E+00	5.711E-02	5.683E+00	5.569E+00	5.606E+00	5.602E+00	5.604E+00	5.604E+00
1.220E+00	5.588E+00	5.989E-02	5.671E+00	5.552E+00	5.590E+00	5.586E+00	5.588E+00	5.589E+00
1.230E+00	5.572E+00	6.263E-02	5.660E+00	5.534E+00	5.574E+00	5.571E+00	5.572E+00	5.573E+00
1.240E+00	5.556E+00	6.534E-02	5.648E+00	5.517E+00	5.558E+00	5.555E+00	5.556E+00	5.557E+00
1.250E+00	5.540E+00	6.801E-02	5.636E+00	5.500E+00	5.542E+00	5.538E+00	5.540E+00	5.541E+00
1.260E+00	5.524E+00	7.065E-02	5.624E+00	5.483E+00	5.526E+00	5.522E+00	5.524E+00	5.524E+00
1.270E+00	5.508E+00	7.325E-02	5.612E+00	5.466E+00	5.510E+00	5.506E+00	5.508E+00	5.508E+00
1.280E+00	5.491E+00	7.581E-02	5.600E+00	5.448E+00	5.493E+00	5.490E+00	5.491E+00	5.492E+00
1.290E+00	5.475E+00	7.834E-02	5.587E+00	5.431E+00	5.477E+00	5.473E+00	5.475E+00	5.475E+00
1.300E+00	5.458E+00	8.083E-02	5.575E+00	5.413E+00	5.460E+00	5.456E+00	5.458E+00	5.458E+00
1.310E+00	5.441E+00	8.328E-02	5.562E+00	5.396E+00	5.443E+00	5.440E+00	5.441E+00	5.442E+00
1.320E+00	5.424E+00	8.569E-02	5.549E+00	5.378E+00	5.426E+00	5.423E+00	5.424E+00	5.425E+00
1.330E+00	5.407E+00	8.806E-02	5.536E+00	5.360E+00	5.409E+00	5.406E+00	5.407E+00	5.408E+00
1.340E+00	5.390E+00	9.040E-02	5.523E+00	5.343E+00	5.392E+00	5.389E+00	5.390E+00	5.391E+00
1.350E+00	5.373E+00	9.269E-02	5.510E+00	5.325E+00	5.375E+00	5.371E+00	5.373E+00	5.373E+00
1.360E+00	5.356E+00	9.494E-02	5.497E+00	5.307E+00	5.357E+00	5.354E+00	5.356E+00	5.356E+00
1.370E+00	5.338E+00	9.716E-02	5.483E+00	5.289E+00	5.340E+00	5.337E+00	5.338E+00	5.339E+00
1.380E+00	5.321E+00	9.933E-02	5.470E+00	5.271E+00	5.322E+00	5.319E+00	5.321E+00	5.321E+00
1.390E+00	5.303E+00	1.015E-01	5.456E+00	5.253E+00	5.305E+00	5.302E+00	5.303E+00	5.303E+00
1.400E+00	5.285E+00	1.036E-01	5.442E+00	5.235E+00	5.287E+00	5.284E+00	5.285E+00	5.286E+00
1.410E+00	5.267E+00	1.056E-01	5.428E+00	5.217E+00	5.269E+00	5.266E+00	5.267E+00	5.268E+00
1.420E+00	5.250E+00	1.076E-01	5.414E+00	5.199E+00	5.251E+00	5.248E+00	5.249E+00	5.250E+00
1.430E+00	5.231E+00	1.096E-01	5.400E+00	5.181E+00	5.233E+00	5.230E+00	5.231E+00	5.232E+00
1.440E+00	5.213E+00	1.115E-01	5.385E+00	5.162E+00	5.215E+00	5.212E+00	5.213E+00	5.214E+00
1.450E+00	5.195E+00	1.134E-01	5.371E+00	5.144E+00	5.196E+00	5.194E+00	5.195E+00	5.195E+00
1.460E+00	5.177E+00	1.152E-01	5.356E+00	5.126E+00	5.178E+00	5.175E+00	5.176E+00	5.177E+00
1.470E+00	5.158E+00	1.170E-01	5.341E+00	5.108E+00	5.160E+00	5.157E+00	5.158E+00	5.159E+00
1.480E+00	5.140E+00	1.187E-01	5.327E+00	5.089E+00	5.141E+00	5.138E+00	5.139E+00	5.140E+00
1.490E+00	5.121E+00	1.204E-01	5.312E+00	5.071E+00	5.122E+00	5.120E+00	5.121E+00	5.121E+00
1.500E+00	5.102E+00	1.221E-01	5.296E+00	5.052E+00	5.104E+00	5.101E+00	5.102E+00	5.103E+00
1.510E+00	5.084E+00	1.237E-01	5.281E+00	5.034E+00	5.085E+00	5.082E+00	5.083E+00	5.084E+00
1.520E+00	5.065E+00	1.253E-01	5.266E+00	5.015E+00	5.066E+00	5.063E+00	5.064E+00	5.065E+00
1.530E+00	5.046E+00	1.268E-01	5.250E+00	4.997E+00	5.047E+00	5.044E+00	5.045E+00	5.046E+00
1.540E+00	5.027E+00	1.283E-01	5.234E+00	4.978E+00	5.028E+00	5.025E+00	5.026E+00	5.027E+00
1.550E+00	5.007E+00	1.297E-01	5.219E+00	4.959E+00	5.009E+00	5.006E+00	5.007E+00	5.008E+00
1.560E+00	4.988E+00	1.311E-01	5.203E+00	4.941E+00	4.989E+00	4.987E+00	4.988E+00	4.989E+00
1.570E+00	4.969E+00	1.324E-01	5.187E+00	4.922E+00	4.970E+00	4.968E+00	4.969E+00	4.969E+00
1.580E+00	4.950E+00	1.337E-01	5.171E+00	4.903E+00	4.951E+00	4.948E+00	4.949E+00	4.950E+00
1.590E+00	4.930E+00	1.350E-01	5.154E+00	4.884E+00	4.931E+00	4.929E+00	4.930E+00	4.930E+00
1.600E+00	4.910E+00	1.362E-01	5.138E+00	4.866E+00	4.912E+00	4.909E+00	4.910E+00	4.911E+00
1.610E+00	4.891E+00	1.373E-01	5.121E+00	4.847E+00	4.892E+00	4.890E+00	4.891E+00	4.891E+00
1.620E+00	4.871E+00	1.384E-01	5.105E+00	4.828E+00	4.872E+00	4.870E+00	4.871E+00	4.871E+00
1.630E+00	4.851E+00	1.395E-01	5.088E+00	4.809E+00	4.852E+00	4.850E+00	4.851E+00	4.852E+00
1.640E+00	4.831E+00	1.405E-01	5.071E+00	4.790E+00	4.832E+00	4.830E+00	4.831E+00	4.832E+00
1.650E+00	4.812E+00	1.415E-01	5.054E+00	4.771E+00	4.812E+00	4.811E+00	4.811E+00	4.812E+00
1.660E+00	4.792E+00	1.424E-01	5.037E+00	4.752E+00	4.792E+00	4.791E+00	4.791E+00	4.792E+00
1.670E+00	4.771E+00	1.433E-01	5.020E+00	4.733E+00	4.772E+00	4.771E+00	4.771E+00	4.772E+00
1.680E+00	4.751E+00	1.441E-01	5.002E+00	4.714E+00	4.752E+00	4.750E+00	4.751E+00	4.752E+00
1.690E+00	4.731E+00	1.449E-01	4.985E+00	4.695E+00	4.732E+00	4.730E+00	4.731E+00	4.731E+00
1.700E+00	4.711E+00	1.456E-01	4.967E+00	4.676E+00	4.712E+00	4.710E+00	4.711E+00	4.711E+00
1.710E+00	4.690E+00	1.463E-01	4.950E+00	4.657E+00	4.691E+00	4.690E+00	4.690E+00	4.691E+00
1.720E+00	4.670E+00	1.469E-01	4.932E+00	4.638E+00	4.671E+00	4.669E+00	4.670E+00	4.670E+00
1.730E+00	4.650E+00	1.475E-01	4.914E+00	4.619E+00	4.650E+00	4.649E+00	4.649E+00	4.650E+00
1.740E+00	4.629E+00	1.481E-01	4.896E+00	4.600E+00	4.630E+00	4.628E+00	4.629E+00	4.629E+00
1.750E+00	4.609E+00	1.486E-01	4.878E+00	4.581E+00	4.609E+00	4.608E+00	4.608E+00	4.609E+00
1.760E+00	4.588E+00	1.490E-01	4.860E+00	4.562E+00	4.589E+00	4.587E+00	4.588E+00	4.588E+00
1.770E+00	4.567E+00	1.494E-01	4.841E+00	4.542E+00	4.568E+00	4.567E+00	4.567E+00	4.567E+00
1.780E+00	4.546E+00	1.498E-01	4.823E+00	4.523E+00	4.547E+00	4.546E+00	4.546E+00	4.547E+00
1.790E+00	4.526E+00	1.501E-01	4.804E+00	4.504E+00	4.526E+00	4.525E+00	4.525E+00	4.526E+00
1.800E+00	4.505E+00	1.503E-01	4.786E+00	4.485E+00	4.505E+00	4.504E+00	4.504E+00	4.505E+00
1.810E+00	4.484E+00	1.506E-01	4.767E+00	4.466E+00	4.484E+00	4.483E+00	4.484E+00	4.484E+00
1.820E+00	4.463E+00	1.507E-01	4.748E+00	4.446E+00	4.463E+00	4.462E+00	4.463E+00	4.463E+00
1.830E+00	4.442E+00	1.509E-01	4.729E+00	4.427E+00	4.442E+00	4.441E+00	4.442E+00	4.442E+00
1.840E+00	4.421E+00	1.509E-01	4.710E+00	4.408E+00	4.421E+00	4.420E+00	4.420E+00	4.421E+00
1.850E+00	4.400E+00	1.510E-01	4.691E+00	4.389E+00	4.400E+00	4.399E+00	4.399E+00	4.400E+00
1.860E+00	4.379E+00	1.510E-01	4.671E+00	4.370E+00	4.379E+00	4.378E+00	4.378E+00	4.379E+00
1.870E+00	4.357E+00	1.509E-01	4.652E+00	4.350E+00	4.358E+00	4.357E+00	4.357E+00	4.358E+00
1.880E+00	4.336E+00	1.508E-01	4.633E+00	4.331E+00	4.337E+00	4.336E+00	4.336E+00	4.337E+00
1.890E+00	4.315E+00	1.506E-01	4.613E+00	4.312E+00	4.315E+00	4.315E+00	4.315E+00	4.315E+00
1.900E+00	4.294E+00	1.505E-01	4.594E+00	4.293E+00	4.294E+00	4.293E+00	4.293E+00	4.294E+00
1.910E+00	4.272E+00	1.502E-01	4.574E+00	4.273E+00	4.273E+00	4.272E+00	4.272E+00	4.273E+00
1.920E+00	4.251E+00	1.499E-01	4.554E+00	4.254E+00	4.251E+00	4.251E+00	4.251E+00	4.251E+00
1.930E+00	4.230E+00	1.496E-01	4.534E+00	4.235E+00	4.230E+00	4.229E+00	4.229E+00	4.230E+00
1.940E+00	4.208E+00	1.492E-01	4.514E+00	4.216E+00	4.208E+00	4.208E+00	4.208E+00	4.208E+00
1.950E+00	4.187E+00	1.488E-01	4.494E+00	4.197E+00	4.187E+00	4.186E+00	4.186E+00	4.187E+00
1.960E+00	4.165E+00	1.484E-01	4.474E+00	4.177E+00	4.165E+00	4.165E+00	4.165E+00	4.165E+00
1.970E+00	4.144E+00	1.478E-01	4.454E+00	4.158E+00	4.144E+00	4.143E+00	4.143E+00	4.144E+00
1.980E+00	4.122E+00	1.473E-01	4.433E+00	4.139E+00	4.122E+00	4.122E+00	4.122E+00	4.122E+00
1.990E+00	4.100E+00	1.467E-01	4.413E+00	4.120E+00	4.101E+00	4.100E+00	4.100E+00	4.101E+00
2.000E+00	4.079E+00	1.461E-01	4.393E+00	4.100E+00	4.079E+00	4.079E+00	4.078E+00	4.079E+00
2.010E+00	4.057E+00	1.454E-01	4.372E+00	4.081E+00	4.057E+00	4.057E+00	4.057E+00	4.058E+00
2.020E+00	4.036E+00	1.447E-01	4.351E+00	4.062E+00	4.036E+00	4.036E+00	4.035E+00	4.036E+00
2.030E+00	4.014E+00	1.439E-01	4.331E+00	4.043E+00	4.014E+00	4.014E+00	4.014E+00	4.014E+00
2.040E+00	3.992E+00	1.431E-01	4.310E+00	4.024E+00	3.992E+00	3.992E+00	3.992E+00	3.993E+00
2.050E+00	3.971E+00	1.423E-01	4.289E+00	4.005E+00	3.971E+00	3.971E+00	3.970E+00	3.971E+00
2.060E+00	3.949E+00	1.414E-01	4.268E+00	3.985E+00	3.949E+00	3.949E+00	3.948E+00	3.949E+00
2.070E+00	3.927E+00	1.405E-01	4.247E+00	3.966E+00	3.927E+00	3.927E+00	3.927E+00	3.927E+00
2.080E+00	3.905E+00	1.395E-01	4.226E+00	3.947E+00	3.905E+00	3.905E+00	3.905E+00	3.906E+00
2.090E+00	3.884E+00	1.385E-01	4.205E+00	3.928E+00	3.883E+00	3.884E+00	3.883E+00	3.884E+00
2.100E+00	3.862E+00	1.375E-01	4.184E+00	3.909E+00	3.862E+00	3.862E+00	3.861E+00	3.862E+00
2.110E+00	3.840E+00	1.364E-01	4.163E+00	3.890E+00	3.840E+00	3.840E+00	3.840E+00	3.840E+00
2.120E+00	3.818E+00	1.353E-01	4.141E+00	3.871E+00	3.818E+00	3.818E+00	3.818E+00	3.819E+00
2.130E+00	3.796E+00	1.341E-01	4.120E+00	3.852E+00	3.796E+00	3.797E+00	3.796E+00	3.797E+00
2.140E+00	3.775E+00	1.329E-01	4.099E+00	3.833E+00	3.774E+00	3.775E+00	3.774E+00	3.775E+00
2.150E+00	3.753E+00	1.317E-01	4.077E+00	3.814E+00	3.753E+00	3.753E+00	3.752E+00	3.753E+00
2.160E+00	3.731E+00	1.304E-01	4.056E+00	3.795E+00	3.731E+00	3.731E+00	3.731E+00	3.731E+00
2.170E+00	3.709E+00	1.291E-01	4.034E+00	3.776E+00	3.709E+00	3.710E+00	3.709E+00	3.710E+00
2.180E+00	3.687E+00	1.278E-01	4.012E+00	3.757E+00	3.687E+00	3.688E+00	3.687E+00	3.688E+00
2.190E+00	3.666E+00	1.264E-01	3.991E+00	3.738E+00	3.665E+00	3.666E+00	3.665E+00	3.666E+00
2.200E+00	3.644E+00	1.250E-01	3.969E+00	3.719E+00	3.644E+00	3.644E+00	3.643E+00	3.644E+00
2.210E+00	3.622E+00	1.235E-01	3.947E+00	3.700E+00	3.622E+00	3.622E+00	3.622E+00	3.622E+00
2.220E+00	3.600E+00	1.220E-01	3.925E+00	3.681E+00	3.600E+00	3.601E+00	3.600E+00	3.601E+00
2.230E+00	3.579E+00	1.205E-01	3.904E+00	3.663E+00	3.578E+00	3.579E+00	3.578E+00	3.579E+00
2.240E+00	3.557E+00	1.190E-01	3.882E+00	3.644E+00	3.556E+00	3.557E+00	3.556E+00	3.557E+00
2.250E+00	3.535E+00	1.174E-01	3.860E+00	3.625E+00	3.535E+00	3.535E+00	3.535E+00	3.535E+00
2.260E+00	3.513E+00	1.157E-01	3.838E+00	3.606E+00	3.513E+00	3.514E+00	3.513E+00	3.514E+00
2.270E+00	3.491E+00	1.141E-01	3.816E+00	3.587E+00	3.491E+00	3.492E+00	3.491E+00	3.492E+00
2.280E+00	3.470E+00	1.124E-01	3.794E+00	3.569E+00	3.469E+00	3.470E+00	3.469E+00	3.470E+00
2.290E+00	3.448E+00	1.107E-01	3.771E+00	3.550E+00	3.448E+00	3.449E+00	3.448E+00	3.448E+00
2.300E+00	3.426E+00	1.090E-01	3.749E+00	3.531E+00	3.426E+00	3.427E+00	3.426E+00	3.427E+00
2.310E+00	3.405E+00	1.072E-01	3.727E+00	3.513E+00	3.404E+00	3.405E+00	3.404E+00	3.405E+00
2.320E+00	3.383E+00	1.054E-01	3.705E+00	3.494E+00	3.382E+00	3.384E+00	3.383E+00	3.383E+00
2.330E+00	3.361E+00	1.035E-01	3.683E+00	3.476E+00	3.361E+00	3.362E+00	3.361E+00	3.362E+00
2.340E+00	3.340E+00	1.017E-01	3.661E+00	3.457E+00	3.339E+00	3.340E+00	3.339E+00	3.340E+00
2.350E+00	3.318E+00	9.980E-02	3.638E+00	3.439E+00	3.318E+00	3.319E+00	3.318E+00	3.319E+00
2.360E+00	3.297E+00	9.788E-02	3.616E+00	3.420E+00	3.296E+00	3.297E+00	3.296E+00	3.297E+00
2.370E+00	3.275E+00	9.593E-02	3.594E+00	3.402E+00	3.274E+00	3.276E+00	3.275E+00	3.276E+00
2.380E+00	3.254E+00	9.396E-02	3.571E+00	3.383E+00	3.253E+00	3.254E+00	3.253E+00	3.254E+00
2.390E+00	3.232E+00	9.197E-02	3.549E+00	3.365E+00	3.231E+00	3.233E+00	3.232E+00	3.233E+00
2.400E+00	3.211E+00	8.994E-02	3.527E+00	3.347E+00	3.210E+00	3.211E+00	3.210E+00	3.211E+00
2.410E+00	3.189E+00	8.789E-02	3.504E+00	3.328E+00	3.188E+00	3.190E+00	3.189E+00	3.190E+00
2.420E+00	3.168E+00	8.582E-02	3.482E+00	3.310E+00	3.167E+00	3.169E+00	3.167E+00	3.168E+00
2.430E+00	3.146E+00	8.373E-02	3.459E+00	3.292E+00	3.146E+00	3.147E+00	3.146E+00	3.147E+00
2.440E+00	3.125E+00	8.161E-02	3.437E+00	3.274E+00	3.124E+00	3.126E+00	3.125E+00	3.126E+00
2.450E+00	3.104E+00	7.946E-02	3.415E+00	3.256E+00	3.103E+00	3.105E+00	3.103E+00	3.104E+00
2.460E+00	3.083E+00	7.730E-02	3.392E+00	3.237E+00	3.082E+00	3.083E+00	3.082E+00	3.083E+00
2.470E+00	3.061E+00	7.511E-02	3.370E+00	3.219E+00	3.060E+00	3.062E+00	3.061E+00	3.062E+00
2.480E+00	3.040E+00	7.290E-02	3.347E+00	3.201E+00	3.039E+00	3.041E+00	3.040E+00	3.041E+00
2.490E+00	3.019E+00	7.068E-02	3.325E+00	3.183E+00	3.018E+00	3.020E+00	3.018E+00	3.019E+00
2.500E+00	2.998E+00	6.843E-02	3.302E+00	3.165E+00	2.997E+00	2.999E+00	2.997E+00	2.998E+00
2.510E+00	2.977E+00	6.616E-02	3.280E+00	3.148E+00	2.976E+00	2.978E+00	2.976E+00	2.977E+00
2.520E+00	2.956E+00	6.387E-02	3.257E+00	3.130E+00	2.955E+00	2.957E+00	2.955E+00	2.956E+00
2.530E+00	2.935E+00	6.157E-02	3.235E+00	3.112E+00	2.934E+00	2.936E+00	2.934E+00	2.935E+00
2.540E+00	2.914E+00	5.925E-02	3.212E+00	3.094E+00	2.913E+00	2.915E+00	2.913E+00	2.914E+00
2.550E+00	2.893E+00	5.691E-02	3.190E+00	3.076E+00	2.892E+00	2.894E+00	2.892E+00	2.893E+00
2.560E+00	2.872E+00	5.455E-02	3.168E+00	3.059E+00	2.871E+00	2.873E+00	2.872E+00	2.873E+00
2.570E+00	2.851E+00	5.218E-02	3.145E+00	3.041E+00	2.850E+00	2.852E+00	2.851E+00	2.852E+00
2.580E+00	2.831E+00	4.979E-02	3.123E+00	3.023E+00	2.829E+00	2.832E+00	2.830E+00	2.831E+00
2.590E+00	2.810E+00	4.739E-02	3.100E+00	3.006E+00	2.809E+00	2.811E+00	2.809E+00	2.810E+00
2.600E+00	2.789E+00	4.497E-02	3.078E+00	2.988E+00	2.788E+00	2.790E+00	2.789E+00	2.790E+00
2.610E+00	2.769E+00	4.254E-02	3.056E+00	2.971E+00	2.767E+00	2.770E+00	2.768E+00	2.769E+00
2.620E+00	2.748E+00	4.010E-02	3.033E+00	2.953E+00	2.747E+00	2.749E+00	2.748E+00	2.748E+00
2.630E+00	2.728E+00	3.764E-02	3.011E+00	2.936E+00	2.726E+00	2.729E+00	2.727E+00	2.728E+00
2.640E+00	2.707E+00	3.517E-02	2.989E+00	2.919E+00	2.706E+00	2.708E+00	2.707E+00	2.708E+00
2.650E+00	2.687E+00	3.269E-02	2.967E+00	2.901E+00	2.686E+00	2.688E+00	2.686E+00	2.687E+00
2.660E+00	2.666E+00	3.020E-02	2.944E+00	2.884E+00	2.665E+00	2.668E+00	2.666E+00	2.667E+00
2.670E+00	2.646E+00	2.771E-02	2.922E+00	2.867E+00	2.645E+00	2.647E+00	2.646E+00	2.647E+00
2.680E+00	2.626E+00	2.520E-02	2.900E+00	2.850E+00	2.625E+00	2.627E+00	2.625E+00	2.626E+00
2.690E+00	2.606E+00	2.268E-02	2.878E+00	2.832E+00	2.605E+00	2.607E+00	2.605E+00	2.606E+00
2.700E+00	2.586E+00	2.016E-02	2.856E+00	2.815E+00	2.584E+00	2.587E+00	2.585E+00	2.586E+00
2.710E+00	2.566E+00	1.763E-02	2.834E+00	2.798E+00	2.564E+00	2.567E+00	2.565E+00	2.566E+00
2.720E+00	2.546E+00	1.509E-02	2.812E+00	2.781E+00	2.544E+00	2.547E+00	2.545E+00	2.546E+00
2.730E+00	2.526E+00	1.255E-02	2.790E+00	2.765E+00	2.525E+00	2.527E+00	2.525E+00	2.526E+00
2.740E+00	2.506E+00	1.001E-02	2.768E+00	2.748E+00	2.505E+00	2.507E+00	2.505E+00	2.506E+00
2.750E+00	2.486E+00	7.479E-03	2.746E+00	2.731E+00	2.485E+00	2.487E+00	2.486E+00	2.487E+00
2.760E+00	2.466E+00	4.976E-03	2.724E+00	2.714E+00	2.465E+00	2.468E+00	2.466E+00	2.467E+00
2.770E+00	2.447E+00	2.599E-03	2.702E+00	2.697E+00	2.446E+00	2.448E+00	2.446E+00	2.447E+00
2.780E+00	2.427E+00	1.413E-03	2.680E+00	2.681E+00	2.426E+00	2.429E+00	2.427E+00	2.428E+00
2.790E+00	2.408E+00	3.248E-03	2.658E+00	2.664E+00	2.406E+00	2.409E+00	2.407E+00	2.408E+00
2.800E+00	2.388E+00	5.697E-03	2.637E+00	2.648E+00	2.387E+00	2.390E+00	2.388E+00	2.389E+00
2.810E+00	2.369E+00	8.232E-03	2.615E+00	2.631E+00	2.368E+00	2.370E+00	2.368E+00	2.369E+00
2.820E+00	2.350E+00	1.079E-02	2.593E+00	2.615E+00	2.348E+00	2.351E+00	2.349E+00	2.350E+00
2.830E+00	2.330E+00	1.336E-02	2.572E+00	2.598E+00	2.329E+00	2.332E+00	2.330E+00	2.331E+00
2.840E+00	2.311E+00	1.594E-02	2.550E+00	2.582E+00	2.310E+00	2.313E+00	2.311E+00	2.312E+00
2.850E+00	2.292E+00	1.853E-02	2.529E+00	2.566E+00	2.291E+00	2.294E+00	2.292E+00	2.293E+00
2.860E+00	2.273E+00	2.111E-02	2.507E+00	2.549E+00	2.272E+00	2.275E+00	2.273E+00	2.274E+00
2.870E+00	2.254E+00	2.369E-02	2.486E+00	2.533E+00	2.253E+00	2.256E+00	2.254E+00	2.255E+00
2.880E+00	2.235E+00	2.628E-02	2.465E+00	2.517E+00	2.234E+00	2.237E+00	2.235E+00	2.236E+00
2.890E+00	2.217E+00	2.886E-02	2.443E+00	2.501E+00	2.215E+00	2.218E+00	2.216E+00	2.217E+00
2.900E+00	2.198E+00	3.144E-02	2.422E+00	2.485E+00	2.196E+00	2.199E+00	2.197E+00	2.198E+00
2.910E+00	2.179E+00	3.402E-02	2.401E+00	2.469E+00	2.178E+00	2.181E+00	2.179E+00	2.180E+00
2.920E+00	2.161E+00	3.659E-02	2.380E+00	2.453E+00	2.159E+00	2.162E+00	2.160E+00	2.161E+00
2.930E+00	2.142E+00	3.916E-02	2.359E+00	2.437E+00	2.141E+00	2.144E+00	2.142E+00	2.143E+00
2.940E+00	2.124E+00	4.173E-02	2.338E+00	2.422E+00	2.122E+00	2.125E+00	2.123E+00	2.124E+00
2.950E+00	2.105E+00	4.429E-02	2.317E+00	2.406E+00	2.104E+00	2.107E+00	2.105E+00	2.106E+00
2.960E+00	2.087E+00	4.685E-02	2.296E+00	2.390E+00	2.086E+00	2.089E+00	2.087E+00	2.088E+00
2.970E+00	2.069E+00	4.940E-02	2.276E+00	2.375E+00	2.068E+00	2.071E+00	2.069E+00	2.070E+00
2.980E+00	2.051E+00	5.194E-02	2.255E+00	2.359E+00	2.050E+00	2.052E+00	2.051E+00	2.051E+00
2.990E+00	2.033E+00	5.448E-02	2.235E+00	2.343E+00	2.032E+00	2.034E+00	2.033E+00	2.033E+00
3.000E+00	2.015E+00	5.701E-02	2.214E+00	2.328E+00	2.014E+00	2.017E+00	2.015E+00	2.016E+00
