1.000E-02	7.900E+00	1.305E+00	6.580E+00	9.190E+00	7.905E+00	7.895E+00	7.900E+00	7.901E+00
2.000E-02	7.897E+00	1.288E+00	6.580E+00	9.156E+00	7.902E+00	7.892E+00	7.897E+00	7.898E+00
3.000E-02	7.893E+00	1.271E+00	6.579E+00	9.121E+00	7.898E+00	7.888E+00	7.893E+00	7.893E+00
4.000E-02	7.888E+00	1.254E+00	6.579E+00	9.087E+00	7.893E+00	7.883E+00	7.888E+00	7.889E+00
5.000E-02	7.883E+00	1.237E+00	6.579E+00	9.052E+00	7.888E+00	7.878E+00	7.882E+00	7.883E+00
6.000E-02	7.877E+00	1.219E+00	6.578E+00	9.017E+00	7.882E+00	7.872E+00	7.876E+00	7.877E+00
7.000E-02	7.870E+00	1.202E+00	6.578E+00	8.982E+00	7.875E+00	7.865E+00	7.869E+00	7.870E+00
8.000E-02	7.863E+00	1.185E+00	6.577E+00	8.947E+00	7.868E+00	7.858E+00	7.862E+00	7.863E+00
9.000E-02	7.855E+00	1.168E+00	6.576E+00	8.913E+00	7.860E+00	7.850E+00	7.854E+00	7.855E+00
1.000E-01	7.847E+00	1.151E+00	6.575E+00	8.878E+00	7.852E+00	7.842E+00	7.846E+00	7.847E+00
1.100E-01	7.838E+00	1.135E+00	6.574E+00	8.843E+00	7.843E+00	7.833E+00	7.838E+00	7.839E+00
1.200E-01	7.829E+00	1.118E+00	6.573E+00	8.809E+00	7.834E+00	7.824E+00	7.829E+00	7.830E+00
1.300E-01	7.820E+00	1.101E+00	6.572E+00	8.774E+00	7.825E+00	7.815E+00	7.819E+00	7.820E+00
1.400E-01	7.810E+00	1.085E+00	6.571E+00	8.740E+00	7.815E+00	7.805E+00	7.809E+00	7.810E+00
1.500E-01	7.800E+00	1.068E+00	6.570E+00	8.706E+00	7.805E+00	7.795E+00	7.799E+00	7.800E+00
1.600E-01	7.789E+00	1.052E+00	6.568E+00	8.672E+00	7.794E+00	7.784E+00	7.789E+00	7.790E+00
1.700E-01	7.778E+00	1.035E+00	6.567E+00	8.638E+00	7.783E+00	7.774E+00	7.778E+00	7.779E+00
1.800E-01	7.767E+00	1.019E+00	6.565E+00	8.604E+00	7.772E+00	7.762E+00	7.767E+00	7.768E+00
1.900E-01	7.756E+00	1.003E+00	6.563E+00	8.570E+00	7.760E+00	7.751E+00	7.755E+00	7.756E+00
2.000E-01	7.744E+00	9.871E-01	6.562E+00	8.536E+00	7.749E+00	7.739E+00	7.743E+00	7.744E+00
2.100E-01	7.732E+00	9.712E-01	6.560E+00	8.502E+00	7.736E+00	7.727E+00	7.731E+00	7.732E+00
2.200E-01	7.719E+00	9.554E-01	6.558E+00	8.469E+00	7.724E+00	7.715E+00	7.719E+00	7.720E+00
2.300E-01	7.707E+00	9.397E-01	6.556E+00	8.435E+00	7.711E+00	7.702E+00	7.706E+00	7.707E+00
2.400E-01	7.694E+00	9.241E-01	6.553E+00	8.402E+00	7.698E+00	7.689E+00	7.693E+00	7.694E+00
2.500E-01	7.680E+00	9.086E-01	6.551E+00	8.368E+00	7.685E+00	7.676E+00	7.680E+00	7.681E+00
2.600E-01	7.667E+00	8.932E-01	6.549E+00	8.335E+00	7.671E+00	7.662E+00	7.666E+00	7.667E+00
2.700E-01	7.653E+00	8.779E-01	6.546E+00	8.302E+00	7.658E+00	7.649E+00	7.653E+00	7.654E+00
2.800E-01	7.639E+00	8.627E-01	6.544E+00	8.269E+00	7.644E+00	7.635E+00	7.639E+00	7.640E+00
2.900E-01	7.625E+00	8.476E-01	6.541E+00	8.236E+00	7.629E+00	7.621E+00	7.624E+00	7.626E+00
3.000E-01	7.611E+00	8.326E-01	6.538E+00	8.203E+00	7.615E+00	7.606E+00	7.610E+00	7.611E+00
3.100E-01	7.596E+00	8.177E-01	6.535E+00	8.171E+00	7.600E+00	7.591E+00	7.595E+00	7.596E+00
3.200E-01	7.581E+00	8.029E-01	6.533E+00	8.138E+00	7.585E+00	7.577E+00	7.580E+00	7.581E+00
3.300E-01	7.566E+00	7.882E-01	6.529E+00	8.106E+00	7.570E+00	7.562E+00	7.565E+00	7.566E+00
3.400E-01	7.550E+00	7.736E-01	6.526E+00	8.073E+00	7.555E+00	7.546E+00	7.550E+00	7.551E+00
3.500E-01	7.535E+00	7.591E-01	6.523E+00	8.041E+00	7.539E+00	7.531E+00	7.534E+00	7.535E+00
3.600E-01	7.519E+00	7.447E-01	6.520E+00	8.009E+00	7.523E+00	7.515E+00	7.519E+00	7.520E+00
3.700E-01	7.503E+00	7.304E-01	6.516E+00	7.977E+00	7.507E+00	7.499E+00	7.503E+00	7.504E+00
3.800E-01	7.487E+00	7.162E-01	6.513E+00	7.945E+00	7.491E+00	7.483E+00	7.486E+00	7.488E+00
3.900E-01	7.471E+00	7.021E-01	6.509E+00	7.913E+00	7.475E+00	7.467E+00	7.470E+00	7.471E+00
4.000E-01	7.454E+00	6.882E-01	6.505E+00	7.882E+00	7.458E+00	7.450E+00	7.453E+00	7.455E+00
4.100E-01	7.437E+00	6.743E-01	6.502E+00	7.850E+00	7.441E+00	7.433E+00	7.437E+00	7.438E+00
4.200E-01	7.420E+00	6.605E-01	6.498E+00	7.819E+00	7.424E+00	7.417E+00	7.420E+00	7.421E+00
4.300E-01	7.403E+00	6.468E-01	6.494E+00	7.787E+00	7.407E+00	7.400E+00	7.403E+00	7.404E+00
4.400E-01	7.386E+00	6.333E-01	6.490E+00	7.756E+00	7.390E+00	7.382E+00	7.386E+00	7.387E+00
4.500E-01	7.369E+00	6.198E-01	6.485E+00	7.725E+00	7.372E+00	7.365E+00	7.368E+00	7.369E+00
4.600E-01	7.351E+00	6.065E-01	6.481E+00	7.694E+00	7.355E+00	7.347E+00	7.350E+00	7.352E+00
4.700E-01	7.333E+00	5.932E-01	6.477E+00	7.663E+00	7.337E+00	7.330E+00	7.333E+00	7.334E+00
4.800E-01	7.315E+00	5.801E-01	6.472E+00	7.632E+00	7.319E+00	7.312E+00	7.315E+00	7.316E+00
4.900E-01	7.297E+00	5.670E-01	6.468E+00	7.602E+00	7.301E+00	7.294E+00	7.297E+00	7.298E+00
5.000E-01	7.279E+00	5.541E-01	6.463E+00	7.571E+00	7.283E+00	7.276E+00	7.279E+00	7.280E+00
5.100E-01	7.261E+00	5.412E-01	6.458E+00	7.541E+00	7.264E+00	7.257E+00	7.260E+00	7.262E+00
5.200E-01	7.242E+00	5.285E-01	6.453E+00	7.510E+00	7.246E+00	7.239E+00	7.242E+00	7.243E+00
5.300E-01	7.224E+00	5.158E-01	6.449E+00	7.480E+00	7.227E+00	7.220E+00	7.223E+00	7.224E+00
5.400E-01	7.205E+00	5.033E-01	6.443E+00	7.450E+00	7.208E+00	7.202E+00	7.204E+00	7.206E+00
5.500E-01	7.186E+00	4.909E-01	6.438E+00	7.420E+00	7.189E+00	7.183E+00	7.185E+00	7.187E+00
5.600E-01	7.167E+00	4.785E-01	6.433E+00	7.390E+00	7.170E+00	7.164E+00	7.166E+00	7.168E+00
5.700E-01	7.148E+00	4.663E-01	6.428E+00	7.360E+00	7.151E+00	7.145E+00	7.147E+00	7.149E+00
5.800E-01	7.129E+00	4.542E-01	6.422E+00	7.331E+00	7.132E+00	7.125E+00	7.128E+00	7.129E+00
5.900E-01	7.109E+00	4.421E-01	6.417E+00	7.301E+00	7.112E+00	7.106E+00	7.108E+00	7.110E+00
6.000E-01	7.090E+00	4.302E-01	6.411E+00	7.272E+00	7.092E+00	7.087E+00	7.089E+00	7.090E+00
6.100E-01	7.070E+00	4.184E-01	6.406E+00	7.242E+00	7.073E+00	7.067E+00	7.069E+00	7.071E+00
6.200E-01	7.050E+00	4.067E-01	6.400E+00	7.213E+00	7.053E+00	7.047E+00	7.049E+00	7.051E+00
6.300E-01	7.030E+00	3.950E-01	6.394E+00	7.184E+00	7.033E+00	7.027E+00	7.029E+00	7.031E+00
6.400E-01	7.010E+00	3.835E-01	6.388E+00	7.155E+00	7.013E+00	7.007E+00	7.009E+00	7.011E+00
6.500E-01	6.990E+00	3.721E-01	6.382E+00	7.126E+00	6.993E+00	6.987E+00	6.989E+00	6.991E+00
6.600E-01	6.970E+00	3.608E-01	6.376E+00	7.097E+00	6.972E+00	6.967E+00	6.969E+00	6.971E+00
6.700E-01	6.950E+00	3.495E-01	6.369E+00	7.068E+00	6.952E+00	6.947E+00	6.949E+00	6.950E+00
6.800E-01	6.929E+00	3.384E-01	6.363E+00	7.040E+00	6.932E+00	6.927E+00	6.928E+00	6.930E+00
6.900E-01	6.909E+00	3.274E-01	6.357E+00	7.011E+00	6.911E+00	6.906E+00	6.908E+00	6.909E+00
7.000E-01	6.888E+00	3.165E-01	6.350E+00	6.983E+00	6.890E+00	6.886E+00	6.887E+00	6.889E+00
7.100E-01	6.867E+00	3.056E-01	6.343E+00	6.955E+00	6.870E+00	6.865E+00	6.866E+00	6.868E+00
7.200E-01	6.846E+00	2.949E-01	6.337E+00	6.927E+00	6.849E+00	6.844E+00	6.846E+00	6.847E+00
7.300E-01	6.825E+00	2.843E-01	6.330E+00	6.899E+00	6.828E+00	6.823E+00	6.825E+00	6.826E+00
7.400E-01	6.804E+00	2.737E-01	6.323E+00	6.871E+00	6.807E+00	6.802E+00	6.804E+00	6.805E+00
7.500E-01	6.783E+00	2.633E-01	6.316E+00	6.843E+00	6.786E+00	6.781E+00	6.783E+00	6.784E+00
7.600E-01	6.762E+00	2.530E-01	6.309E+00	6.815E+00	6.764E+00	6.760E+00	6.761E+00	6.763E+00
7.700E-01	6.741E+00	2.427E-01	6.302E+00	6.787E+00	6.743E+00	6.739E+00	6.740E+00	6.742E+00
7.800E-01	6.720E+00	2.326E-01	6.295E+00	6.760E+00	6.722E+00	6.718E+00	6.719E+00	6.721E+00
7.900E-01	6.698E+00	2.225E-01	6.287E+00	6.732E+00	6.700E+00	6.696E+00	6.697E+00	6.699E+00
8.000E-01	6.677E+00	2.126E-01	6.280E+00	6.705E+00	6.679E+00	6.675E+00	6.676E+00	6.678E+00
8.100E-01	6.655E+00	2.027E-01	6.272E+00	6.678E+00	6.657E+00	6.654E+00	6.654E+00	6.656E+00
8.200E-01	6.634E+00	1.930E-01	6.265E+00	6.651E+00	6.635E+00	6.632E+00	6.633E+00	6.635E+00
8.300E-01	6.612E+00	1.833E-01	6.257E+00	6.624E+00	6.614E+00	6.610E+00	6.611E+00	6.613E+00
8.400E-01	6.590E+00	1.737E-01	6.249E+00	6.597E+00	6.592E+00	6.589E+00	6.589E+00	6.591E+00
8.500E-01	6.568E+00	1.643E-01	6.241E+00	6.570E+00	6.570E+00	6.567E+00	6.567E+00	6.569E+00
8.600E-01	6.547E+00	1.549E-01	6.234E+00	6.543E+00	6.548E+00	6.545E+00	6.546E+00	6.547E+00
8.700E-01	6.525E+00	1.456E-01	6.225E+00	6.517E+00	6.526E+00	6.523E+00	6.524E+00	6.526E+00
8.800E-01	6.503E+00	1.364E-01	6.217E+00	6.490E+00	6.504E+00	6.501E+00	6.502E+00	6.504E+00
8.900E-01	6.480E+00	1.273E-01	6.209E+00	6.464E+00	6.482E+00	6.479E+00	6.480E+00	6.481E+00
9.000E-01	6.458E+00	1.183E-01	6.201E+00	6.437E+00	6.460E+00	6.457E+00	6.457E+00	6.459E+00
9.100E-01	6.436E+00	1.094E-01	6.192E+00	6.411E+00	6.437E+00	6.435E+00	6.435E+00	6.437E+00
9.200E-01	6.414E+00	1.006E-01	6.184E+00	6.385E+00	6.415E+00	6.413E+00	6.413E+00	6.415E+00
9.300E-01	6.392E+00	9.186E-02	6.175E+00	6.359E+00	6.393E+00	6.391E+00	6.391E+00	6.393E+00
9.400E-01	6.369E+00	8.323E-02	6.167E+00	6.333E+00	6.370E+00	6.368E+00	6.368E+00	6.370E+00
9.500E-01	6.347E+00	7.469E-02	6.158E+00	6.307E+00	6.348E+00	6.346E+00	6.346E+00	6.348E+00
9.600E-01	6.325E+00	6.624E-02	6.149E+00	6.282E+00	6.325E+00	6.324E+00	6.324E+00	6.326E+00
9.700E-01	6.302E+00	5.788E-02	6.140E+00	6.256E+00	6.303E+00	6.301E+00	6.301E+00	6.303E+00
9.800E-01	6.280E+00	4.962E-02	6.132E+00	6.231E+00	6.280E+00	6.279E+00	6.279E+00	6.281E+00
9.900E-01	6.257E+00	4.144E-02	6.122E+00	6.205E+00	6.258E+00	6.256E+00	6.256E+00	6.258E+00
1.000E+00	6.234E+00	3.336E-02	6.113E+00	6.180E+00	6.235E+00	6.234E+00	6.233E+00	6.236E+00
1.010E+00	6.212E+00	2.537E-02	6.104E+00	6.155E+00	6.212E+00	6.211E+00	6.211E+00	6.213E+00
1.020E+00	6.189E+00	1.747E-02	6.095E+00	6.130E+00	6.190E+00	6.189E+00	6.188E+00	6.190E+00
1.030E+00	6.166E+00	9.680E-03	6.085E+00	6.105E+00	6.167E+00	6.166E+00	6.165E+00	6.168E+00
1.040E+00	6.144E+00	2.186E-03	6.076E+00	6.080E+00	6.144E+00	6.143E+00	6.143E+00	6.145E+00
1.050E+00	6.121E+00	5.859E-03	6.066E+00	6.055E+00	6.121E+00	6.121E+00	6.120E+00	6.122E+00
1.060E+00	6.098E+00	1.335E-02	6.057E+00	6.030E+00	6.098E+00	6.098E+00	6.097E+00	6.099E+00
1.070E+00	6.075E+00	2.080E-02	6.047E+00	6.006E+00	6.075E+00	6.075E+00	6.074E+00	6.076E+00
1.080E+00	6.053E+00	2.817E-02	6.037E+00	5.981E+00	6.053E+00	6.052E+00	6.051E+00	6.054E+00
1.090E+00	6.030E+00	3.546E-02	6.028E+00	5.957E+00	6.030E+00	6.030E+00	6.029E+00	6.031E+00
1.100E+00	6.007E+00	4.266E-02	6.018E+00	5.932E+00	6.007E+00	6.007E+00	6.006E+00	6.008E+00
1.110E+00	5.984E+00	4.978E-02	6.008E+00	5.908E+00	5.984E+00	5.984E+00	5.983E+00	5.985E+00
1.120E+00	5.961E+00	5.681E-02	5.998E+00	5.884E+00	5.961E+00	5.961E+00	5.960E+00	5.962E+00
1.130E+00	5.938E+00	6.375E-02	5.987E+00	5.860E+00	5.938E+00	5.938E+00	5.937E+00	5.939E+00
1.140E+00	5.915E+00	7.061E-02	5.977E+00	5.836E+00	5.915E+00	5.915E+00	5.914E+00	5.916E+00
1.150E+00	5.892E+00	7.739E-02	5.967E+00	5.812E+00	5.892E+00	5.892E+00	5.891E+00	5.893E+00
1.160E+00	5.869E+00	8.408E-02	5.956E+00	5.788E+00	5.868E+00	5.869E+00	5.868E+00	5.870E+00
1.170E+00	5.846E+00	9.069E-02	5.946E+00	5.765E+00	5.845E+00	5.846E+00	5.845E+00	5.847E+00
1.180E+00	5.823E+00	9.721E-02	5.935E+00	5.741E+00	5.822E+00	5.823E+00	5.822E+00	5.824E+00
1.190E+00	5.800E+00	1.037E-01	5.925E+00	5.718E+00	5.799E+00	5.800E+00	5.799E+00	5.801E+00
1.200E+00	5.777E+00	1.100E-01	5.914E+00	5.694E+00	5.776E+00	5.777E+00	5.776E+00	5.778E+00
1.210E+00	5.754E+00	1.163E-01	5.903E+00	5.671E+00	5.753E+00	5.754E+00	5.752E+00	5.755E+00
1.220E+00	5.731E+00	1.225E-01	5.893E+00	5.648E+00	5.730E+00	5.731E+00	5.729E+00	5.732E+00
1.230E+00	5.707E+00	1.286E-01	5.882E+00	5.625E+00	5.707E+00	5.708E+00	5.706E+00	5.709E+00
1.240E+00	5.684E+00	1.346E-01	5.871E+00	5.602E+00	5.683E+00	5.685E+00	5.683E+00	5.686E+00
1.250E+00	5.661E+00	1.406E-01	5.860E+00	5.579E+00	5.660E+00	5.662E+00	5.660E+00	5.662E+00
1.260E+00	5.638E+00	1.464E-01	5.849E+00	5.556E+00	5.637E+00	5.639E+00	5.637E+00	5.639E+00
1.270E+00	5.615E+00	1.522E-01	5.837E+00	5.533E+00	5.614E+00	5.616E+00	5.614E+00	5.616E+00
1.280E+00	5.592E+00	1.579E-01	5.826E+00	5.510E+00	5.591E+00	5.593E+00	5.591E+00	5.593E+00
1.290E+00	5.569E+00	1.636E-01	5.815E+00	5.488E+00	5.568E+00	5.570E+00	5.568E+00	5.570E+00
1.300E+00	5.546E+00	1.691E-01	5.803E+00	5.465E+00	5.544E+00	5.547E+00	5.545E+00	5.547E+00
1.310E+00	5.523E+00	1.746E-01	5.792E+00	5.443E+00	5.521E+00	5.524E+00	5.521E+00	5.524E+00
1.320E+00	5.500E+00	1.800E-01	5.780E+00	5.420E+00	5.498E+00	5.501E+00	5.498E+00	5.501E+00
1.330E+00	5.476E+00	1.853E-01	5.769E+00	5.398E+00	5.475E+00	5.478E+00	5.475E+00	5.478E+00
1.340E+00	5.453E+00	1.905E-01	5.757E+00	5.376E+00	5.452E+00	5.455E+00	5.452E+00	5.455E+00
1.350E+00	5.430E+00	1.957E-01	5.745E+00	5.354E+00	5.429E+00	5.432E+00	5.429E+00	5.432E+00
1.360E+00	5.407E+00	2.007E-01	5.734E+00	5.332E+00	5.405E+00	5.409E+00	5.406E+00	5.408E+00
1.370E+00	5.384E+00	2.058E-01	5.722E+00	5.310E+00	5.382E+00	5.386E+00	5.383E+00	5.385E+00
1.380E+00	5.361E+00	2.107E-01	5.710E+00	5.288E+00	5.359E+00	5.363E+00	5.360E+00	5.362E+00
1.390E+00	5.338E+00	2.155E-01	5.698E+00	5.267E+00	5.336E+00	5.340E+00	5.337E+00	5.339E+00
1.400E+00	5.315E+00	2.203E-01	5.686E+00	5.245E+00	5.313E+00	5.317E+00	5.314E+00	5.316E+00
1.410E+00	5.292E+00	2.250E-01	5.674E+00	5.224E+00	5.290E+00	5.294E+00	5.291E+00	5.293E+00
1.420E+00	5.269E+00	2.296E-01	5.661E+00	5.202E+00	5.267E+00	5.271E+00	5.268E+00	5.270E+00
1.430E+00	5.246E+00	2.342E-01	5.649E+00	5.181E+00	5.244E+00	5.248E+00	5.245E+00	5.247E+00
1.440E+00	5.223E+00	2.387E-01	5.637E+00	5.159E+00	5.221E+00	5.225E+00	5.222E+00	5.224E+00
1.450E+00	5.200E+00	2.431E-01	5.624E+00	5.138E+00	5.198E+00	5.202E+00	5.199E+00	5.201E+00
1.460E+00	5.177E+00	2.474E-01	5.612E+00	5.117E+00	5.175E+00	5.179E+00	5.176E+00	5.178E+00
1.470E+00	5.154E+00	2.517E-01	5.599E+00	5.096E+00	5.152E+00	5.156E+00	5.153E+00	5.155E+00
1.480E+00	5.131E+00	2.559E-01	5.587E+00	5.075E+00	5.129E+00	5.134E+00	5.130E+00	5.132E+00
1.490E+00	5.108E+00	2.600E-01	5.574E+00	5.054E+00	5.106E+00	5.111E+00	5.107E+00	5.110E+00
1.500E+00	5.085E+00	2.640E-01	5.562E+00	5.034E+00	5.083E+00	5.088E+00	5.084E+00	5.087E+00
1.510E+00	5.063E+00	2.680E-01	5.549E+00	5.013E+00	5.060E+00	5.065E+00	5.061E+00	5.064E+00
1.520E+00	5.040E+00	2.719E-01	5.536E+00	4.992E+00	5.037E+00	5.042E+00	5.038E+00	5.041E+00
1.530E+00	5.017E+00	2.758E-01	5.523E+00	4.972E+00	5.014E+00	5.020E+00	5.016E+00	5.018E+00
1.540E+00	4.994E+00	2.795E-01	5.510E+00	4.951E+00	4.991E+00	4.997E+00	4.993E+00	4.995E+00
1.550E+00	4.971E+00	2.832E-01	5.497E+00	4.931E+00	4.969E+00	4.974E+00	4.970E+00	4.973E+00
1.560E+00	4.949E+00	2.868E-01	5.484E+00	4.911E+00	4.946E+00	4.951E+00	4.947E+00	4.950E+00
1.570E+00	4.926E+00	2.904E-01	5.471E+00	4.890E+00	4.923E+00	4.929E+00	4.925E+00	4.927E+00
1.580E+00	4.903E+00	2.939E-01	5.458E+00	4.870E+00	4.900E+00	4.906E+00	4.902E+00	4.905E+00
1.590E+00	4.881E+00	2.973E-01	5.445E+00	4.850E+00	4.878E+00	4.884E+00	4.879E+00	4.882E+00
1.600E+00	4.858E+00	3.007E-01	5.432E+00	4.830E+00	4.855E+00	4.861E+00	4.857E+00	4.859E+00
1.610E+00	4.835E+00	3.040E-01	5.418E+00	4.810E+00	4.832E+00	4.838E+00	4.834E+00	4.837E+00
1.620E+00	4.813E+00	3.072E-01	5.405E+00	4.791E+00	4.810E+00	4.816E+00	4.811E+00	4.814E+00
1.630E+00	4.790E+00	3.104E-01	5.392E+00	4.771E+00	4.787E+00	4.794E+00	4.789E+00	4.792E+00
1.640E+00	4.768E+00	3.134E-01	5.378E+00	4.751E+00	4.765E+00	4.771E+00	4.766E+00	4.769E+00
1.650E+00	4.745E+00	3.165E-01	5.365E+00	4.732E+00	4.742E+00	4.749E+00	4.744E+00	4.747E+00
1.660E+00	4.723E+00	3.194E-01	5.351E+00	4.712E+00	4.720E+00	4.726E+00	4.722E+00	4.724E+00
1.670E+00	4.701E+00	3.223E-01	5.337E+00	4.693E+00	4.697E+00	4.704E+00	4.699E+00	4.702E+00
1.680E+00	4.678E+00	3.252E-01	5.324E+00	4.673E+00	4.675E+00	4.682E+00	4.677E+00	4.680E+00
1.690E+00	4.656E+00	3.279E-01	5.310E+00	4.654E+00	4.652E+00	4.659E+00	4.655E+00	4.657E+00
1.700E+00	4.634E+00	3.306E-01	5.296E+00	4.635E+00	4.630E+00	4.637E+00	4.632E+00	4.635E+00
1.710E+00	4.611E+00	3.333E-01	5.282E+00	4.616E+00	4.608E+00	4.615E+00	4.610E+00	4.613E+00
1.720E+00	4.589E+00	3.359E-01	5.269E+00	4.597E+00	4.586E+00	4.593E+00	4.588E+00	4.591E+00
1.730E+00	4.567E+00	3.384E-01	5.255E+00	4.578E+00	4.563E+00	4.571E+00	4.566E+00	4.568E+00
1.740E+00	4.545E+00	3.409E-01	5.241E+00	4.559E+00	4.541E+00	4.549E+00	4.543E+00	4.546E+00
1.750E+00	4.523E+00	3.433E-01	5.227E+00	4.540E+00	4.519E+00	4.527E+00	4.521E+00	4.524E+00
1.760E+00	4.501E+00	3.456E-01	5.213E+00	4.521E+00	4.497E+00	4.505E+00	4.499E+00	4.502E+00
1.770E+00	4.479E+00	3.479E-01	5.199E+00	4.503E+00	4.475E+00	4.483E+00	4.477E+00	4.480E+00
1.780E+00	4.457E+00	3.501E-01	5.184E+00	4.484E+00	4.453E+00	4.461E+00	4.455E+00	4.458E+00
1.790E+00	4.435E+00	3.523E-01	5.170E+00	4.466E+00	4.431E+00	4.439E+00	4.433E+00	4.436E+00
1.800E+00	4.413E+00	3.544E-01	5.156E+00	4.447E+00	4.409E+00	4.417E+00	4.412E+00	4.415E+00
1.810E+00	4.391E+00	3.564E-01	5.142E+00	4.429E+00	4.387E+00	4.395E+00	4.390E+00	4.393E+00
1.820E+00	4.369E+00	3.584E-01	5.127E+00	4.411E+00	4.365E+00	4.374E+00	4.368E+00	4.371E+00
1.830E+00	4.348E+00	3.603E-01	5.113E+00	4.393E+00	4.344E+00	4.352E+00	4.346E+00	4.349E+00
1.840E+00	4.326E+00	3.622E-01	5.099E+00	4.374E+00	4.322E+00	4.330E+00	4.325E+00	4.327E+00
1.850E+00	4.304E+00	3.640E-01	5.084E+00	4.356E+00	4.300E+00	4.309E+00	4.303E+00	4.306E+00
1.860E+00	4.283E+00	3.658E-01	5.070E+00	4.338E+00	4.278E+00	4.287E+00	4.281E+00	4.284E+00
1.870E+00	4.261E+00	3.675E-01	5.055E+00	4.320E+00	4.257E+00	4.266E+00	4.260E+00	4.263E+00
1.880E+00	4.240E+00	3.691E-01	5.041E+00	4.303E+00	4.235E+00	4.244E+00	4.238E+00	4.241E+00
1.890E+00	4.218E+00	3.707E-01	5.026E+00	4.285E+00	4.214E+00	4.223E+00	4.217E+00	4.220E+00
1.900E+00	4.197E+00	3.722E-01	5.011E+00	4.267E+00	4.192E+00	4.201E+00	4.195E+00	4.198E+00
1.910E+00	4.175E+00	3.737E-01	4.997E+00	4.249E+00	4.171E+00	4.180E+00	4.174E+00	4.177E+00
1.920E+00	4.154E+00	3.751E-01	4.982E+00	4.232E+00	4.150E+00	4.159E+00	4.153E+00	4.156E+00
1.930E+00	4.133E+00	3.765E-01	4.967E+00	4.214E+00	4.128E+00	4.137E+00	4.131E+00	4.134E+00
1.940E+00	4.112E+00	3.778E-01	4.953E+00	4.197E+00	4.107E+00	4.116E+00	4.110E+00	4.113E+00
1.950E+00	4.091E+00	3.791E-01	4.938E+00	4.180E+00	4.086E+00	4.095E+00	4.089E+00	4.092E+00
1.960E+00	4.069E+00	3.803E-01	4.923E+00	4.162E+00	4.065E+00	4.074E+00	4.068E+00	4.071E+00
1.970E+00	4.048E+00	3.815E-01	4.908E+00	4.145E+00	4.044E+00	4.053E+00	4.047E+00	4.050E+00
1.980E+00	4.027E+00	3.826E-01	4.893E+00	4.128E+00	4.023E+00	4.032E+00	4.026E+00	4.029E+00
1.990E+00	4.006E+00	3.836E-01	4.878E+00	4.111E+00	4.002E+00	4.011E+00	4.005E+00	4.008E+00
2.000E+00	3.986E+00	3.847E-01	4.863E+00	4.094E+00	3.981E+00	3.990E+00	3.984E+00	3.987E+00
2.010E+00	3.965E+00	3.856E-01	4.848E+00	4.077E+00	3.960E+00	3.970E+00	3.963E+00	3.966E+00
2.020E+00	3.944E+00	3.865E-01	4.833E+00	4.060E+00	3.939E+00	3.949E+00	3.942E+00	3.945E+00
2.030E+00	3.923E+00	3.874E-01	4.818E+00	4.043E+00	3.918E+00	3.928E+00	3.922E+00	3.925E+00
2.040E+00	3.902E+00	3.882E-01	4.803E+00	4.027E+00	3.897E+00	3.908E+00	3.901E+00	3.904E+00
2.050E+00	3.882E+00	3.890E-01	4.788E+00	4.010E+00	3.877E+00	3.887E+00	3.880E+00	3.883E+00
2.060E+00	3.861E+00	3.897E-01	4.773E+00	3.993E+00	3.856E+00	3.866E+00	3.860E+00	3.863E+00
2.070E+00	3.841E+00	3.904E-01	4.758E+00	3.977E+00	3.836E+00	3.846E+00	3.839E+00	3.842E+00
2.080E+00	3.820E+00	3.910E-01	4.742E+00	3.960E+00	3.815E+00	3.826E+00	3.819E+00	3.822E+00
2.090E+00	3.800E+00	3.915E-01	4.727E+00	3.944E+00	3.795E+00	3.805E+00	3.798E+00	3.801E+00
2.100E+00	3.780E+00	3.921E-01	4.712E+00	3.928E+00	3.774E+00	3.785E+00	3.778E+00	3.781E+00
2.110E+00	3.759E+00	3.926E-01	4.697E+00	3.911E+00	3.754E+00	3.765E+00	3.758E+00	3.761E+00
2.120E+00	3.739E+00	3.930E-01	4.681E+00	3.895E+00	3.734E+00	3.744E+00	3.738E+00	3.741E+00
2.130E+00	3.719E+00	3.934E-01	4.666E+00	3.879E+00	3.714E+00	3.724E+00	3.717E+00	3.721E+00
2.140E+00	3.699E+00	3.937E-01	4.650E+00	3.863E+00	3.693E+00	3.704E+00	3.697E+00	3.700E+00
2.150E+00	3.679E+00	3.940E-01	4.635E+00	3.847E+00	3.673E+00	3.684E+00	3.677E+00	3.680E+00
2.160E+00	3.659E+00	3.943E-01	4.620E+00	3.831E+00	3.653E+00	3.664E+00	3.657E+00	3.660E+00
2.170E+00	3.639E+00	3.945E-01	4.604E+00	3.815E+00	3.633E+00	3.644E+00	3.637E+00	3.640E+00
2.180E+00	3.619E+00	3.947E-01	4.589E+00	3.800E+00	3.614E+00	3.625E+00	3.617E+00	3.621E+00
2.190E+00	3.599E+00	3.948E-01	4.573E+00	3.784E+00	3.594E+00	3.605E+00	3.598E+00	3.601E+00
2.200E+00	3.579E+00	3.949E-01	4.558E+00	3.768E+00	3.574E+00	3.585E+00	3.578E+00	3.581E+00
2.210E+00	3.560E+00	3.949E-01	4.542E+00	3.752E+00	3.554E+00	3.565E+00	3.558E+00	3.561E+00
2.220E+00	3.540E+00	3.949E-01	4.527E+00	3.737E+00	3.535E+00	3.546E+00	3.539E+00	3.542E+00
2.230E+00	3.521E+00	3.949E-01	4.511E+00	3.721E+00	3.515E+00	3.526E+00	3.519E+00	3.522E+00
2.240E+00	3.501E+00	3.948E-01	4.496E+00	3.706E+00	3.495E+00	3.507E+00	3.500E+00	3.503E+00
2.250E+00	3.482E+00	3.947E-01	4.480E+00	3.691E+00	3.476E+00	3.487E+00	3.480E+00	3.483E+00
2.260E+00	3.462E+00	3.945E-01	4.464E+00	3.675E+00	3.457E+00	3.468E+00	3.461E+00	3.464E+00
2.270E+00	3.443E+00	3.943E-01	4.449E+00	3.660E+00	3.437E+00	3.449E+00	3.441E+00	3.445E+00
2.280E+00	3.424E+00	3.941E-01	4.433E+00	3.645E+00	3.418E+00	3.430E+00	3.422E+00	3.425E+00
2.290E+00	3.405E+00	3.938E-01	4.417E+00	3.630E+00	3.399E+00	3.410E+00	3.403E+00	3.406E+00
2.300E+00	3.385E+00	3.935E-01	4.402E+00	3.615E+00	3.380E+00	3.391E+00	3.384E+00	3.387E+00
2.310E+00	3.366E+00	3.931E-01	4.386E+00	3.600E+00	3.361E+00	3.372E+00	3.365E+00	3.368E+00
2.320E+00	3.347E+00	3.928E-01	4.370E+00	3.585E+00	3.342E+00	3.353E+00	3.346E+00	3.349E+00
2.330E+00	3.328E+00	3.923E-01	4.355E+00	3.570E+00	3.323E+00	3.334E+00	3.327E+00	3.330E+00
2.340E+00	3.310E+00	3.919E-01	4.339E+00	3.555E+00	3.304E+00	3.316E+00	3.308E+00	3.311E+00
2.350E+00	3.291E+00	3.914E-01	4.323E+00	3.540E+00	3.285E+00	3.297E+00	3.289E+00	3.292E+00
2.360E+00	3.272E+00	3.908E-01	4.307E+00	3.526E+00	3.266E+00	3.278E+00	3.271E+00	3.274E+00
2.370E+00	3.253E+00	3.902E-01	4.292E+00	3.511E+00	3.247E+00	3.259E+00	3.252E+00	3.255E+00
2.380E+00	3.235E+00	3.896E-01	4.276E+00	3.497E+00	3.229E+00	3.241E+00	3.233E+00	3.236E+00
2.390E+00	3.216E+00	3.890E-01	4.260E+00	3.482E+00	3.210E+00	3.222E+00	3.215E+00	3.218E+00
2.400E+00	3.198E+00	3.883E-01	4.244E+00	3.468E+00	3.192E+00	3.204E+00	3.196E+00	3.199E+00
2.410E+00	3.179E+00	3.876E-01	4.228E+00	3.453E+00	3.173E+00	3.186E+00	3.178E+00	3.181E+00
2.420E+00	3.161E+00	3.868E-01	4.212E+00	3.439E+00	3.155E+00	3.167E+00	3.159E+00	3.163E+00
2.430E+00	3.143E+00	3.861E-01	4.197E+00	3.425E+00	3.137E+00	3.149E+00	3.141E+00	3.144E+00
2.440E+00	3.125E+00	3.853E-01	4.181E+00	3.410E+00	3.118E+00	3.131E+00	3.123E+00	3.126E+00
2.450E+00	3.106E+00	3.844E-01	4.165E+00	3.396E+00	3.100E+00	3.113E+00	3.105E+00	3.108E+00
2.460E+00	3.088E+00	3.835E-01	4.149E+00	3.382E+00	3.082E+00	3.095E+00	3.087E+00	3.090E+00
2.470E+00	3.070E+00	3.826E-01	4.133E+00	3.368E+00	3.064E+00	3.077E+00	3.069E+00	3.072E+00
2.480E+00	3.052E+00	3.817E-01	4.117E+00	3.354E+00	3.046E+00	3.059E+00	3.051E+00	3.054E+00
2.490E+00	3.034E+00	3.807E-01	4.101E+00	3.340E+00	3.028E+00	3.041E+00	3.033E+00	3.036E+00
2.500E+00	3.017E+00	3.797E-01	4.086E+00	3.326E+00	3.010E+00	3.023E+00	3.015E+00	3.018E+00
2.510E+00	2.999E+00	3.787E-01	4.070E+00	3.312E+00	2.993E+00	3.005E+00	2.997E+00	3.000E+00
2.520E+00	2.981E+00	3.776E-01	4.054E+00	3.299E+00	2.975E+00	2.988E+00	2.980E+00	2.983E+00
2.530E+00	2.964E+00	3.765E-01	4.038E+00	3.285E+00	2.957E+00	2.970E+00	2.962E+00	2.965E+00
2.540E+00	2.946E+00	3.754E-01	4.022E+00	3.271E+00	2.940E+00	2.953E+00	2.945E+00	2.948E+00
2.550E+00	2.929E+00	3.742E-01	4.006E+00	3.258E+00	2.922E+00	2.935E+00	2.927E+00	2.930E+00
2.560E+00	2.911E+00	3.730E-01	3.990E+00	3.244E+00	2.905E+00	2.918E+00	2.910E+00	2.913E+00
2.570E+00	2.894E+00	3.718E-01	3.974E+00	3.231E+00	2.887E+00	2.900E+00	2.892E+00	2.895E+00
2.580E+00	2.877E+00	3.706E-01	3.958E+00	3.217E+00	2.870E+00	2.883E+00	2.875E+00	2.878E+00
2.590E+00	2.859E+00	3.693E-01	3.942E+00	3.204E+00	2.853E+00	2.866E+00	2.858E+00	2.861E+00
2.600E+00	2.842E+00	3.680E-01	3.927E+00	3.191E+00	2.836E+00	2.849E+00	2.841E+00	2.844E+00
2.610E+00	2.825E+00	3.667E-01	3.911E+00	3.177E+00	2.819E+00	2.832E+00	2.824E+00	2.827E+00
2.620E+00	2.808E+00	3.654E-01	3.895E+00	3.164E+00	2.802E+00	2.815E+00	2.807E+00	2.810E+00
2.630E+00	2.791E+00	3.640E-01	3.879E+00	3.151E+00	2.785E+00	2.798E+00	2.790E+00	2.793E+00
2.640E+00	2.774E+00	3.626E-01	3.863E+00	3.138E+00	2.768E+00	2.781E+00	2.773E+00	2.776E+00
2.650E+00	2.758E+00	3.612E-01	3.847E+00	3.125E+00	2.751E+00	2.764E+00	2.756E+00	2.759E+00
2.660E+00	2.741E+00	3.597E-01	3.831E+00	3.112E+00	2.734E+00	2.748E+00	2.739E+00	2.742E+00
2.670E+00	2.724E+00	3.583E-01	3.815E+00	3.099E+00	2.718E+00	2.731E+00	2.723E+00	2.726E+00
2.680E+00	2.708E+00	3.568E-01	3.799E+00	3.086E+00	2.701E+00	2.714E+00	2.706E+00	2.709E+00
2.690E+00	2.691E+00	3.553E-01	3.784E+00	3.073E+00	2.684E+00	2.698E+00	2.690E+00	2.693E+00
2.700E+00	2.675E+00	3.537E-01	3.768E+00	3.060E+00	2.668E+00	2.681E+00	2.673E+00	2.676E+00
2.710E+00	2.658E+00	3.521E-01	3.752E+00	3.048E+00	2.652E+00	2.665E+00	2.657E+00	2.660E+00
2.720E+00	2.642E+00	3.506E-01	3.736E+00	3.035E+00	2.635E+00	2.649E+00	2.640E+00	2.644E+00
2.730E+00	2.626E+00	3.489E-01	3.720E+00	3.022E+00	2.619E+00	2.632E+00	2.624E+00	2.627E+00
2.740E+00	2.610E+00	3.473E-01	3.704E+00	3.010E+00	2.603E+00	2.616E+00	2.608E+00	2.611E+00
2.750E+00	2.593E+00	3.457E-01	3.688E+00	2.997E+00	2.587E+00	2.600E+00	2.592E+00	2.595E+00
2.760E+00	2.577E+00	3.440E-01	3.673E+00	2.985E+00	2.571E+00	2.584E+00	2.576E+00	2.579E+00
2.770E+00	2.561E+00	3.423E-01	3.657E+00	2.972E+00	2.555E+00	2.568E+00	2.560E+00	2.563E+00
2.780E+00	2.546E+00	3.406E-01	3.641E+00	2.960E+00	2.539E+00	2.552E+00	2.544E+00	2.547E+00
2.790E+00	2.530E+00	3.388E-01	3.625E+00	2.948E+00	2.523E+00	2.536E+00	2.528E+00	2.531E+00
2.800E+00	2.514E+00	3.371E-01	3.609E+00	2.935E+00	2.507E+00	2.521E+00	2.512E+00	2.515E+00
2.810E+00	2.498E+00	3.353E-01	3.594E+00	2.923E+00	2.491E+00	2.505E+00	2.497E+00	2.500E+00
2.820E+00	2.483E+00	3.335E-01	3.578E+00	2.911E+00	2.476E+00	2.489E+00	2.481E+00	2.484E+00
2.830E+00	2.467E+00	3.317E-01	3.562E+00	2.899E+00	2.460E+00	2.474E+00	2.466E+00	2.469E+00
2.840E+00	2.452E+00	3.298E-01	3.546E+00	2.887E+00	2.445E+00	2.458E+00	2.450E+00	2.453E+00
2.850E+00	2.436E+00	3.280E-01	3.531E+00	2.875E+00	2.429E+00	2.443E+00	2.435E+00	2.438E+00
2.860E+00	2.421E+00	3.261E-01	3.515E+00	2.863E+00	2.414E+00	2.428E+00	2.419E+00	2.422E+00
2.870E+00	2.405E+00	3.242E-01	3.499E+00	2.851E+00	2.399E+00	2.412E+00	2.404E+00	2.407E+00
2.880E+00	2.390E+00	3.223E-01	3.483E+00	2.839E+00	2.383E+00	2.397E+00	2.389E+00	2.392E+00
2.890E+00	2.375E+00	3.204E-01	3.468E+00	2.827E+00	2.368E+00	2.382E+00	2.374E+00	2.377E+00
2.900E+00	2.360E+00	3.184E-01	3.452E+00	2.815E+00	2.353E+00	2.367E+00	2.359E+00	2.362E+00
2.910E+00	2.345E+00	3.165E-01	3.436E+00	2.804E+00	2.338E+00	2.352E+00	2.344E+00	2.347E+00
2.920E+00	2.330E+00	3.145E-01	3.421E+00	2.792E+00	2.323E+00	2.337E+00	2.329E+00	2.332E+00
2.930E+00	2.315E+00	3.125E-01	3.405E+00	2.780E+00	2.308E+00	2.322E+00	2.314E+00	2.317E+00
2.940E+00	2.300E+00	3.105E-01	3.390E+00	2.769E+00	2.294E+00	2.307E+00	2.299E+00	2.302E+00
2.950E+00	2.286E+00	3.084E-01	3.374E+00	2.757E+00	2.279E+00	2.293E+00	2.284E+00	2.287E+00
2.960E+00	2.271E+00	3.064E-01	3.358E+00	2.746E+00	2.264E+00	2.278E+00	2.270E+00	2.272E+00
2.970E+00	2.256E+00	3.044E-01	3.343E+00	2.734E+00	2.250E+00	2.263E+00	2.255E+00	2.258E+00
2.980E+00	2.242E+00	3.023E-01	3.327E+00	2.723E+00	2.235E+00	2.249E+00	2.240E+00	2.243E+00
2.990E+00	2.227E+00	3.002E-01	3.312E+00	2.712E+00	2.221E+00	2.234E+00	2.226E+00	2.229E+00
3.000E+00	2.213E+00	2.981E-01	3.296E+00	2.700E+00	2.206E+00	2.220E+00	2.212E+00	2.214E+00
