1.000E-02	5.970E+00	2.913E-01	5.678E+00	6.258E+00	5.992E+00	5.948E+00	5.969E+00	5.971E+00
2.000E-02	5.967E+00	2.866E-01	5.677E+00	6.248E+00	5.989E+00	5.945E+00	5.966E+00	5.968E+00
3.000E-02	5.963E+00	2.817E-01	5.675E+00	6.237E+00	5.985E+00	5.941E+00	5.961E+00	5.964E+00
4.000E-02	5.958E+00	2.765E-01	5.673E+00	6.225E+00	5.980E+00	5.936E+00	5.957E+00	5.959E+00
5.000E-02	5.952E+00	2.713E-01	5.671E+00	6.212E+00	5.974E+00	5.930E+00	5.951E+00	5.954E+00
6.000E-02	5.946E+00	2.661E-01	5.669E+00	6.199E+00	5.968E+00	5.925E+00	5.945E+00	5.948E+00
7.000E-02	5.940E+00	2.607E-01	5.666E+00	6.186E+00	5.962E+00	5.918E+00	5.939E+00	5.941E+00
8.000E-02	5.933E+00	2.554E-01	5.663E+00	6.172E+00	5.955E+00	5.912E+00	5.932E+00	5.935E+00
9.000E-02	5.926E+00	2.501E-01	5.660E+00	6.158E+00	5.948E+00	5.905E+00	5.925E+00	5.928E+00
1.000E-01	5.919E+00	2.447E-01	5.656E+00	6.144E+00	5.941E+00	5.897E+00	5.918E+00	5.920E+00
1.100E-01	5.911E+00	2.394E-01	5.653E+00	6.130E+00	5.933E+00	5.890E+00	5.910E+00	5.913E+00
1.200E-01	5.903E+00	2.341E-01	5.649E+00	6.115E+00	5.925E+00	5.882E+00	5.902E+00	5.905E+00
1.300E-01	5.895E+00	2.288E-01	5.645E+00	6.100E+00	5.917E+00	5.874E+00	5.894E+00	5.896E+00
1.400E-01	5.887E+00	2.235E-01	5.640E+00	6.085E+00	5.908E+00	5.865E+00	5.885E+00	5.888E+00
1.500E-01	5.878E+00	2.182E-01	5.636E+00	6.070E+00	5.899E+00	5.856E+00	5.876E+00	5.879E+00
1.600E-01	5.869E+00	2.130E-01	5.631E+00	6.055E+00	5.890E+00	5.848E+00	5.867E+00	5.870E+00
1.700E-01	5.860E+00	2.078E-01	5.626E+00	6.040E+00	5.881E+00	5.838E+00	5.858E+00	5.861E+00
1.800E-01	5.850E+00	2.027E-01	5.621E+00	6.024E+00	5.871E+00	5.829E+00	5.849E+00	5.852E+00
1.900E-01	5.841E+00	1.976E-01	5.616E+00	6.009E+00	5.862E+00	5.819E+00	5.839E+00	5.842E+00
2.000E-01	5.831E+00	1.925E-01	5.610E+00	5.993E+00	5.852E+00	5.810E+00	5.829E+00	5.832E+00
2.100E-01	5.821E+00	1.875E-01	5.604E+00	5.977E+00	5.842E+00	5.800E+00	5.819E+00	5.822E+00
2.200E-01	5.810E+00	1.825E-01	5.598E+00	5.961E+00	5.831E+00	5.790E+00	5.809E+00	5.812E+00
2.300E-01	5.800E+00	1.776E-01	5.592E+00	5.945E+00	5.821E+00	5.779E+00	5.799E+00	5.802E+00
2.400E-01	5.789E+00	1.727E-01	5.586E+00	5.929E+00	5.810E+00	5.769E+00	5.788E+00	5.791E+00
2.500E-01	5.779E+00	1.679E-01	5.580E+00	5.913E+00	5.799E+00	5.758E+00	5.777E+00	5.780E+00
2.600E-01	5.768E+00	1.631E-01	5.573E+00	5.897E+00	5.788E+00	5.747E+00	5.766E+00	5.769E+00
2.700E-01	5.757E+00	1.583E-01	5.566E+00	5.880E+00	5.777E+00	5.736E+00	5.755E+00	5.758E+00
2.800E-01	5.746E+00	1.536E-01	5.560E+00	5.864E+00	5.766E+00	5.725E+00	5.744E+00	5.747E+00
2.900E-01	5.734E+00	1.490E-01	5.553E+00	5.848E+00	5.754E+00	5.714E+00	5.733E+00	5.736E+00
3.000E-01	5.723E+00	1.444E-01	5.545E+00	5.831E+00	5.743E+00	5.703E+00	5.721E+00	5.724E+00
3.100E-01	5.711E+00	1.399E-01	5.538E+00	5.815E+00	5.731E+00	5.691E+00	5.709E+00	5.713E+00
3.200E-01	5.699E+00	1.354E-01	5.531E+00	5.798E+00	5.719E+00	5.679E+00	5.698E+00	5.701E+00
3.300E-01	5.687E+00	1.309E-01	5.523E+00	5.782E+00	5.707E+00	5.668E+00	5.686E+00	5.689E+00
3.400E-01	5.675E+00	1.266E-01	5.515E+00	5.765E+00	5.695E+00	5.656E+00	5.674E+00	5.677E+00
3.500E-01	5.663E+00	1.222E-01	5.507E+00	5.748E+00	5.683E+00	5.644E+00	5.661E+00	5.665E+00
3.600E-01	5.651E+00	1.180E-01	5.499E+00	5.732E+00	5.670E+00	5.631E+00	5.649E+00	5.653E+00
3.700E-01	5.639E+00	1.137E-01	5.491E+00	5.715E+00	5.658E+00	5.619E+00	5.637E+00	5.640E+00
3.800E-01	5.626E+00	1.096E-01	5.483E+00	5.698E+00	5.645E+00	5.607E+00	5.624E+00	5.628E+00
3.900E-01	5.613E+00	1.055E-01	5.474E+00	5.681E+00	5.633E+00	5.594E+00	5.612E+00	5.615E+00
4.000E-01	5.601E+00	1.014E-01	5.465E+00	5.665E+00	5.620E+00	5.582E+00	5.599E+00	5.603E+00
4.100E-01	5.588E+00	9.743E-02	5.457E+00	5.648E+00	5.607E+00	5.569E+00	5.586E+00	5.590E+00
4.200E-01	5.575E+00	9.349E-02	5.448E+00	5.631E+00	5.594E+00	5.556E+00	5.573E+00	5.577E+00
4.300E-01	5.562E+00	8.961E-02	5.439E+00	5.614E+00	5.581E+00	5.543E+00	5.560E+00	5.564E+00
4.400E-01	5.549E+00	8.579E-02	5.430E+00	5.597E+00	5.567E+00	5.530E+00	5.547E+00	5.551E+00
4.500E-01	5.536E+00	8.202E-02	5.421E+00	5.580E+00	5.554E+00	5.517E+00	5.534E+00	5.538E+00
4.600E-01	5.522E+00	7.831E-02	5.411E+00	5.563E+00	5.541E+00	5.504E+00	5.520E+00	5.524E+00
4.700E-01	5.509E+00	7.466E-02	5.402E+00	5.546E+00	5.527E+00	5.491E+00	5.507E+00	5.511E+00
4.800E-01	5.495E+00	7.108E-02	5.392E+00	5.529E+00	5.514E+00	5.477E+00	5.493E+00	5.497E+00
4.900E-01	5.482E+00	6.755E-02	5.382E+00	5.512E+00	5.500E+00	5.464E+00	5.480E+00	5.484E+00
5.000E-01	5.468E+00	6.408E-02	5.373E+00	5.495E+00	5.486E+00	5.450E+00	5.466E+00	5.470E+00
5.100E-01	5.454E+00	6.068E-02	5.363E+00	5.479E+00	5.472E+00	5.437E+00	5.452E+00	5.457E+00
5.200E-01	5.441E+00	5.734E-02	5.353E+00	5.462E+00	5.458E+00	5.423E+00	5.438E+00	5.443E+00
5.300E-01	5.427E+00	5.407E-02	5.342E+00	5.445E+00	5.444E+00	5.409E+00	5.424E+00	5.429E+00
5.400E-01	5.413E+00	5.086E-02	5.332E+00	5.428E+00	5.430E+00	5.395E+00	5.411E+00	5.415E+00
5.500E-01	5.399E+00	4.773E-02	5.322E+00	5.411E+00	5.416E+00	5.381E+00	5.396E+00	5.401E+00
5.600E-01	5.385E+00	4.467E-02	5.311E+00	5.394E+00	5.402E+00	5.367E+00	5.382E+00	5.387E+00
5.700E-01	5.370E+00	4.168E-02	5.301E+00	5.377E+00	5.388E+00	5.353E+00	5.368E+00	5.373E+00
5.800E-01	5.356E+00	3.878E-02	5.290E+00	5.360E+00	5.373E+00	5.339E+00	5.354E+00	5.359E+00
5.900E-01	5.342E+00	3.597E-02	5.279E+00	5.343E+00	5.359E+00	5.325E+00	5.339E+00	5.344E+00
6.000E-01	5.327E+00	3.325E-02	5.268E+00	5.326E+00	5.344E+00	5.311E+00	5.325E+00	5.330E+00
6.100E-01	5.313E+00	3.064E-02	5.257E+00	5.309E+00	5.330E+00	5.296E+00	5.311E+00	5.316E+00
6.200E-01	5.299E+00	2.815E-02	5.246E+00	5.292E+00	5.315E+00	5.282E+00	5.296E+00	5.301E+00
6.300E-01	5.284E+00	2.579E-02	5.235E+00	5.275E+00	5.300E+00	5.268E+00	5.282E+00	5.287E+00
6.400E-01	5.269E+00	2.359E-02	5.224E+00	5.258E+00	5.286E+00	5.253E+00	5.267E+00	5.272E+00
6.500E-01	5.255E+00	2.158E-02	5.212E+00	5.241E+00	5.271E+00	5.239E+00	5.252E+00	5.257E+00
6.600E-01	5.240E+00	1.979E-02	5.201E+00	5.224E+00	5.256E+00	5.224E+00	5.237E+00	5.243E+00
6.700E-01	5.225E+00	1.826E-02	5.189E+00	5.207E+00	5.241E+00	5.209E+00	5.223E+00	5.228E+00
6.800E-01	5.210E+00	1.704E-02	5.178E+00	5.190E+00	5.226E+00	5.195E+00	5.208E+00	5.213E+00
6.900E-01	5.196E+00	1.618E-02	5.166E+00	5.173E+00	5.211E+00	5.180E+00	5.193E+00	5.198E+00
7.000E-01	5.181E+00	1.571E-02	5.154E+00	5.156E+00	5.196E+00	5.165E+00	5.178E+00	5.183E+00
7.100E-01	5.166E+00	1.565E-02	5.142E+00	5.139E+00	5.181E+00	5.150E+00	5.163E+00	5.168E+00
7.200E-01	5.151E+00	1.596E-02	5.130E+00	5.122E+00	5.166E+00	5.135E+00	5.148E+00	5.153E+00
7.300E-01	5.136E+00	1.662E-02	5.118E+00	5.105E+00	5.151E+00	5.120E+00	5.133E+00	5.138E+00
7.400E-01	5.120E+00	1.756E-02	5.106E+00	5.088E+00	5.135E+00	5.106E+00	5.118E+00	5.123E+00
7.500E-01	5.105E+00	1.872E-02	5.094E+00	5.072E+00	5.120E+00	5.091E+00	5.103E+00	5.108E+00
7.600E-01	5.090E+00	2.005E-02	5.082E+00	5.055E+00	5.105E+00	5.075E+00	5.087E+00	5.093E+00
7.700E-01	5.075E+00	2.150E-02	5.069E+00	5.038E+00	5.089E+00	5.060E+00	5.072E+00	5.078E+00
7.800E-01	5.060E+00	2.304E-02	5.057E+00	5.021E+00	5.074E+00	5.045E+00	5.057E+00	5.063E+00
7.900E-01	5.044E+00	2.463E-02	5.044E+00	5.004E+00	5.059E+00	5.030E+00	5.041E+00	5.047E+00
8.000E-01	5.029E+00	2.626E-02	5.032E+00	4.988E+00	5.043E+00	5.015E+00	5.026E+00	5.032E+00
8.100E-01	5.014E+00	2.791E-02	5.019E+00	4.971E+00	5.028E+00	5.000E+00	5.011E+00	5.017E+00
8.200E-01	4.998E+00	2.956E-02	5.006E+00	4.954E+00	5.012E+00	4.984E+00	4.995E+00	5.001E+00
8.300E-01	4.983E+00	3.122E-02	4.993E+00	4.938E+00	4.997E+00	4.969E+00	4.980E+00	4.986E+00
8.400E-01	4.967E+00	3.286E-02	4.980E+00	4.921E+00	4.981E+00	4.954E+00	4.964E+00	4.970E+00
8.500E-01	4.952E+00	3.449E-02	4.967E+00	4.904E+00	4.965E+00	4.938E+00	4.949E+00	4.955E+00
8.600E-01	4.936E+00	3.609E-02	4.954E+00	4.888E+00	4.950E+00	4.923E+00	4.933E+00	4.940E+00
8.700E-01	4.921E+00	3.768E-02	4.941E+00	4.871E+00	4.934E+00	4.908E+00	4.918E+00	4.924E+00
8.800E-01	4.905E+00	3.923E-02	4.928E+00	4.854E+00	4.918E+00	4.892E+00	4.902E+00	4.908E+00
8.900E-01	4.890E+00	4.076E-02	4.915E+00	4.838E+00	4.903E+00	4.877E+00	4.887E+00	4.893E+00
9.000E-01	4.874E+00	4.226E-02	4.902E+00	4.821E+00	4.887E+00	4.861E+00	4.871E+00	4.877E+00
9.100E-01	4.858E+00	4.372E-02	4.888E+00	4.805E+00	4.871E+00	4.846E+00	4.855E+00	4.862E+00
9.200E-01	4.843E+00	4.516E-02	4.875E+00	4.788E+00	4.855E+00	4.830E+00	4.840E+00	4.846E+00
9.300E-01	4.827E+00	4.655E-02	4.861E+00	4.772E+00	4.840E+00	4.815E+00	4.824E+00	4.830E+00
9.400E-01	4.811E+00	4.792E-02	4.848E+00	4.755E+00	4.824E+00	4.799E+00	4.808E+00	4.815E+00
9.500E-01	4.796E+00	4.925E-02	4.834E+00	4.739E+00	4.808E+00	4.784E+00	4.792E+00	4.799E+00
9.600E-01	4.780E+00	5.054E-02	4.821E+00	4.723E+00	4.792E+00	4.768E+00	4.777E+00	4.783E+00
9.700E-01	4.764E+00	5.180E-02	4.807E+00	4.706E+00	4.776E+00	4.752E+00	4.761E+00	4.768E+00
9.800E-01	4.748E+00	5.302E-02	4.793E+00	4.690E+00	4.760E+00	4.737E+00	4.745E+00	4.752E+00
9.900E-01	4.733E+00	5.421E-02	4.779E+00	4.674E+00	4.744E+00	4.721E+00	4.729E+00	4.736E+00
1.000E+00	4.717E+00	5.535E-02	4.765E+00	4.657E+00	4.728E+00	4.705E+00	4.713E+00	4.720E+00
1.010E+00	4.701E+00	5.647E-02	4.752E+00	4.641E+00	4.712E+00	4.690E+00	4.698E+00	4.705E+00
1.020E+00	4.685E+00	5.754E-02	4.738E+00	4.625E+00	4.696E+00	4.674E+00	4.682E+00	4.689E+00
1.030E+00	4.669E+00	5.858E-02	4.724E+00	4.609E+00	4.680E+00	4.658E+00	4.666E+00	4.673E+00
1.040E+00	4.654E+00	5.959E-02	4.709E+00	4.593E+00	4.664E+00	4.643E+00	4.650E+00	4.657E+00
1.050E+00	4.638E+00	6.056E-02	4.695E+00	4.576E+00	4.648E+00	4.627E+00	4.634E+00	4.641E+00
1.060E+00	4.622E+00	6.149E-02	4.681E+00	4.560E+00	4.632E+00	4.611E+00	4.618E+00	4.625E+00
1.070E+00	4.606E+00	6.238E-02	4.667E+00	4.544E+00	4.616E+00	4.595E+00	4.602E+00	4.610E+00
1.080E+00	4.590E+00	6.324E-02	4.653E+00	4.528E+00	4.600E+00	4.580E+00	4.586E+00	4.594E+00
1.090E+00	4.574E+00	6.407E-02	4.638E+00	4.512E+00	4.584E+00	4.564E+00	4.570E+00	4.578E+00
1.100E+00	4.558E+00	6.486E-02	4.624E+00	4.496E+00	4.568E+00	4.548E+00	4.555E+00	4.562E+00
1.110E+00	4.542E+00	6.561E-02	4.610E+00	4.480E+00	4.552E+00	4.532E+00	4.539E+00	4.546E+00
1.120E+00	4.526E+00	6.633E-02	4.595E+00	4.464E+00	4.536E+00	4.517E+00	4.523E+00	4.530E+00
1.130E+00	4.511E+00	6.702E-02	4.581E+00	4.448E+00	4.520E+00	4.501E+00	4.507E+00	4.514E+00
1.140E+00	4.495E+00	6.767E-02	4.566E+00	4.433E+00	4.504E+00	4.485E+00	4.491E+00	4.498E+00
1.150E+00	4.479E+00	6.829E-02	4.552E+00	4.417E+00	4.488E+00	4.469E+00	4.475E+00	4.483E+00
1.160E+00	4.463E+00	6.887E-02	4.537E+00	4.401E+00	4.472E+00	4.453E+00	4.459E+00	4.467E+00
1.170E+00	4.447E+00	6.942E-02	4.523E+00	4.385E+00	4.456E+00	4.438E+00	4.443E+00	4.451E+00
1.180E+00	4.431E+00	6.994E-02	4.508E+00	4.370E+00	4.440E+00	4.422E+00	4.427E+00	4.435E+00
1.190E+00	4.415E+00	7.042E-02	4.493E+00	4.354E+00	4.424E+00	4.406E+00	4.411E+00	4.419E+00
1.200E+00	4.399E+00	7.087E-02	4.479E+00	4.338E+00	4.408E+00	4.390E+00	4.395E+00	4.403E+00
1.210E+00	4.383E+00	7.129E-02	4.464E+00	4.323E+00	4.392E+00	4.374E+00	4.379E+00	4.387E+00
1.220E+00	4.367E+00	7.168E-02	4.449E+00	4.307E+00	4.376E+00	4.359E+00	4.363E+00	4.371E+00
1.230E+00	4.351E+00	7.203E-02	4.434E+00	4.291E+00	4.360E+00	4.343E+00	4.347E+00	4.355E+00
1.240E+00	4.335E+00	7.236E-02	4.419E+00	4.276E+00	4.344E+00	4.327E+00	4.331E+00	4.340E+00
1.250E+00	4.320E+00	7.265E-02	4.405E+00	4.260E+00	4.328E+00	4.311E+00	4.315E+00	4.324E+00
1.260E+00	4.304E+00	7.291E-02	4.390E+00	4.245E+00	4.312E+00	4.296E+00	4.300E+00	4.308E+00
1.270E+00	4.288E+00	7.314E-02	4.375E+00	4.230E+00	4.296E+00	4.280E+00	4.284E+00	4.292E+00
1.280E+00	4.272E+00	7.334E-02	4.360E+00	4.214E+00	4.280E+00	4.264E+00	4.268E+00	4.276E+00
1.290E+00	4.256E+00	7.351E-02	4.345E+00	4.199E+00	4.264E+00	4.248E+00	4.252E+00	4.260E+00
1.300E+00	4.240E+00	7.365E-02	4.330E+00	4.183E+00	4.248E+00	4.233E+00	4.236E+00	4.244E+00
1.310E+00	4.224E+00	7.376E-02	4.315E+00	4.168E+00	4.232E+00	4.217E+00	4.220E+00	4.229E+00
1.320E+00	4.208E+00	7.385E-02	4.300E+00	4.153E+00	4.216E+00	4.201E+00	4.204E+00	4.213E+00
1.330E+00	4.193E+00	7.390E-02	4.285E+00	4.138E+00	4.200E+00	4.185E+00	4.188E+00	4.197E+00
1.340E+00	4.177E+00	7.392E-02	4.270E+00	4.123E+00	4.184E+00	4.170E+00	4.172E+00	4.181E+00
1.350E+00	4.161E+00	7.392E-02	4.254E+00	4.107E+00	4.168E+00	4.154E+00	4.157E+00	4.165E+00
1.360E+00	4.145E+00	7.389E-02	4.239E+00	4.092E+00	4.152E+00	4.138E+00	4.141E+00	4.149E+00
1.370E+00	4.129E+00	7.383E-02	4.224E+00	4.077E+00	4.136E+00	4.123E+00	4.125E+00	4.134E+00
1.380E+00	4.114E+00	7.375E-02	4.209E+00	4.062E+00	4.120E+00	4.107E+00	4.109E+00	4.118E+00
1.390E+00	4.098E+00	7.363E-02	4.194E+00	4.047E+00	4.104E+00	4.091E+00	4.093E+00	4.102E+00
1.400E+00	4.082E+00	7.349E-02	4.178E+00	4.032E+00	4.088E+00	4.076E+00	4.078E+00	4.086E+00
1.410E+00	4.066E+00	7.333E-02	4.163E+00	4.017E+00	4.072E+00	4.060E+00	4.062E+00	4.071E+00
1.420E+00	4.051E+00	7.314E-02	4.148E+00	4.002E+00	4.056E+00	4.045E+00	4.046E+00	4.055E+00
1.430E+00	4.035E+00	7.292E-02	4.133E+00	3.988E+00	4.041E+00	4.029E+00	4.030E+00	4.039E+00
1.440E+00	4.019E+00	7.268E-02	4.117E+00	3.973E+00	4.025E+00	4.013E+00	4.015E+00	4.024E+00
1.450E+00	4.003E+00	7.241E-02	4.102E+00	3.958E+00	4.009E+00	3.998E+00	3.999E+00	4.008E+00
1.460E+00	3.988E+00	7.212E-02	4.087E+00	3.943E+00	3.993E+00	3.982E+00	3.983E+00	3.992E+00
1.470E+00	3.972E+00	7.180E-02	4.072E+00	3.929E+00	3.977E+00	3.967E+00	3.968E+00	3.977E+00
1.480E+00	3.956E+00	7.146E-02	4.056E+00	3.914E+00	3.962E+00	3.951E+00	3.952E+00	3.961E+00
1.490E+00	3.941E+00	7.110E-02	4.041E+00	3.899E+00	3.946E+00	3.936E+00	3.936E+00	3.945E+00
1.500E+00	3.925E+00	7.071E-02	4.025E+00	3.885E+00	3.930E+00	3.920E+00	3.921E+00	3.930E+00
1.510E+00	3.910E+00	7.030E-02	4.010E+00	3.870E+00	3.914E+00	3.905E+00	3.905E+00	3.914E+00
1.520E+00	3.894E+00	6.987E-02	3.995E+00	3.856E+00	3.899E+00	3.889E+00	3.889E+00	3.899E+00
1.530E+00	3.878E+00	6.941E-02	3.979E+00	3.841E+00	3.883E+00	3.874E+00	3.874E+00	3.883E+00
1.540E+00	3.863E+00	6.893E-02	3.964E+00	3.827E+00	3.867E+00	3.858E+00	3.858E+00	3.868E+00
1.550E+00	3.847E+00	6.843E-02	3.949E+00	3.812E+00	3.852E+00	3.843E+00	3.843E+00	3.852E+00
1.560E+00	3.832E+00	6.791E-02	3.933E+00	3.798E+00	3.836E+00	3.828E+00	3.827E+00	3.837E+00
1.570E+00	3.817E+00	6.737E-02	3.918E+00	3.784E+00	3.821E+00	3.812E+00	3.812E+00	3.821E+00
1.580E+00	3.801E+00	6.680E-02	3.902E+00	3.769E+00	3.805E+00	3.797E+00	3.796E+00	3.806E+00
1.590E+00	3.786E+00	6.622E-02	3.887E+00	3.755E+00	3.790E+00	3.782E+00	3.781E+00	3.790E+00
1.600E+00	3.770E+00	6.561E-02	3.872E+00	3.741E+00	3.774E+00	3.766E+00	3.765E+00	3.775E+00
1.610E+00	3.755E+00	6.499E-02	3.856E+00	3.727E+00	3.759E+00	3.751E+00	3.750E+00	3.760E+00
1.620E+00	3.739E+00	6.434E-02	3.841E+00	3.713E+00	3.743E+00	3.736E+00	3.735E+00	3.744E+00
1.630E+00	3.724E+00	6.368E-02	3.825E+00	3.699E+00	3.728E+00	3.721E+00	3.719E+00	3.729E+00
1.640E+00	3.709E+00	6.299E-02	3.810E+00	3.684E+00	3.712E+00	3.705E+00	3.704E+00	3.714E+00
1.650E+00	3.694E+00	6.229E-02	3.794E+00	3.670E+00	3.697E+00	3.690E+00	3.689E+00	3.698E+00
1.660E+00	3.678E+00	6.157E-02	3.779E+00	3.656E+00	3.681E+00	3.675E+00	3.673E+00	3.683E+00
1.670E+00	3.663E+00	6.083E-02	3.764E+00	3.643E+00	3.666E+00	3.660E+00	3.658E+00	3.668E+00
1.680E+00	3.648E+00	6.007E-02	3.748E+00	3.629E+00	3.651E+00	3.645E+00	3.643E+00	3.653E+00
1.690E+00	3.633E+00	5.929E-02	3.733E+00	3.615E+00	3.635E+00	3.630E+00	3.628E+00	3.638E+00
1.700E+00	3.617E+00	5.850E-02	3.717E+00	3.601E+00	3.620E+00	3.615E+00	3.613E+00	3.622E+00
1.710E+00	3.602E+00	5.769E-02	3.702E+00	3.587E+00	3.605E+00	3.600E+00	3.597E+00	3.607E+00
1.720E+00	3.587E+00	5.686E-02	3.687E+00	3.573E+00	3.590E+00	3.585E+00	3.582E+00	3.592E+00
1.730E+00	3.572E+00	5.602E-02	3.671E+00	3.560E+00	3.574E+00	3.570E+00	3.567E+00	3.577E+00
1.740E+00	3.557E+00	5.516E-02	3.656E+00	3.546E+00	3.559E+00	3.555E+00	3.552E+00	3.562E+00
1.750E+00	3.542E+00	5.428E-02	3.640E+00	3.532E+00	3.544E+00	3.540E+00	3.537E+00	3.547E+00
1.760E+00	3.527E+00	5.339E-02	3.625E+00	3.519E+00	3.529E+00	3.525E+00	3.522E+00	3.532E+00
1.770E+00	3.512E+00	5.249E-02	3.610E+00	3.505E+00	3.514E+00	3.510E+00	3.507E+00	3.517E+00
1.780E+00	3.497E+00	5.156E-02	3.594E+00	3.492E+00	3.499E+00	3.495E+00	3.492E+00	3.502E+00
1.790E+00	3.482E+00	5.063E-02	3.579E+00	3.478E+00	3.484E+00	3.481E+00	3.477E+00	3.487E+00
1.800E+00	3.467E+00	4.968E-02	3.564E+00	3.465E+00	3.469E+00	3.466E+00	3.462E+00	3.472E+00
1.810E+00	3.452E+00	4.871E-02	3.548E+00	3.451E+00	3.454E+00	3.451E+00	3.447E+00	3.458E+00
1.820E+00	3.438E+00	4.773E-02	3.533E+00	3.438E+00	3.439E+00	3.436E+00	3.433E+00	3.443E+00
1.830E+00	3.423E+00	4.674E-02	3.518E+00	3.425E+00	3.424E+00	3.422E+00	3.418E+00	3.428E+00
1.840E+00	3.408E+00	4.573E-02	3.502E+00	3.411E+00	3.409E+00	3.407E+00	3.403E+00	3.413E+00
1.850E+00	3.393E+00	4.471E-02	3.487E+00	3.398E+00	3.394E+00	3.392E+00	3.388E+00	3.399E+00
1.860E+00	3.379E+00	4.368E-02	3.472E+00	3.385E+00	3.380E+00	3.378E+00	3.373E+00	3.384E+00
1.870E+00	3.364E+00	4.264E-02	3.456E+00	3.372E+00	3.365E+00	3.363E+00	3.359E+00	3.369E+00
1.880E+00	3.349E+00	4.158E-02	3.441E+00	3.359E+00	3.350E+00	3.349E+00	3.344E+00	3.355E+00
1.890E+00	3.335E+00	4.051E-02	3.426E+00	3.346E+00	3.335E+00	3.334E+00	3.329E+00	3.340E+00
1.900E+00	3.320E+00	3.943E-02	3.411E+00	3.333E+00	3.321E+00	3.320E+00	3.315E+00	3.325E+00
1.910E+00	3.306E+00	3.834E-02	3.396E+00	3.320E+00	3.306E+00	3.305E+00	3.300E+00	3.311E+00
1.920E+00	3.291E+00	3.724E-02	3.380E+00	3.307E+00	3.291E+00	3.291E+00	3.286E+00	3.296E+00
1.930E+00	3.277E+00	3.613E-02	3.365E+00	3.294E+00	3.277E+00	3.276E+00	3.271E+00	3.282E+00
1.940E+00	3.262E+00	3.500E-02	3.350E+00	3.281E+00	3.262E+00	3.262E+00	3.257E+00	3.267E+00
1.950E+00	3.248E+00	3.387E-02	3.335E+00	3.268E+00	3.248E+00	3.248E+00	3.242E+00	3.253E+00
1.960E+00	3.233E+00	3.273E-02	3.320E+00	3.255E+00	3.233E+00	3.233E+00	3.228E+00	3.239E+00
1.970E+00	3.219E+00	3.158E-02	3.305E+00	3.242E+00	3.219E+00	3.219E+00	3.214E+00	3.224E+00
1.980E+00	3.205E+00	3.042E-02	3.289E+00	3.230E+00	3.204E+00	3.205E+00	3.199E+00	3.210E+00
1.990E+00	3.190E+00	2.925E-02	3.274E+00	3.217E+00	3.190E+00	3.191E+00	3.185E+00	3.196E+00
2.000E+00	3.176E+00	2.808E-02	3.259E+00	3.204E+00	3.176E+00	3.176E+00	3.171E+00	3.181E+00
2.010E+00	3.162E+00	2.690E-02	3.244E+00	3.192E+00	3.161E+00	3.162E+00	3.156E+00	3.167E+00
2.020E+00	3.148E+00	2.571E-02	3.229E+00	3.179E+00	3.147E+00	3.148E+00	3.142E+00	3.153E+00
2.030E+00	3.133E+00	2.452E-02	3.214E+00	3.166E+00	3.133E+00	3.134E+00	3.128E+00	3.139E+00
2.040E+00	3.119E+00	2.332E-02	3.199E+00	3.154E+00	3.119E+00	3.120E+00	3.114E+00	3.125E+00
2.050E+00	3.105E+00	2.212E-02	3.184E+00	3.141E+00	3.104E+00	3.106E+00	3.100E+00	3.111E+00
2.060E+00	3.091E+00	2.091E-02	3.169E+00	3.129E+00	3.090E+00	3.092E+00	3.086E+00	3.097E+00
2.070E+00	3.077E+00	1.970E-02	3.155E+00	3.117E+00	3.076E+00	3.078E+00	3.072E+00	3.083E+00
2.080E+00	3.063E+00	1.850E-02	3.140E+00	3.104E+00	3.062E+00	3.064E+00	3.058E+00	3.069E+00
2.090E+00	3.049E+00	1.729E-02	3.125E+00	3.092E+00	3.048E+00	3.051E+00	3.044E+00	3.055E+00
2.100E+00	3.035E+00	1.609E-02	3.110E+00	3.080E+00	3.034E+00	3.037E+00	3.030E+00	3.041E+00
2.110E+00	3.022E+00	1.490E-02	3.095E+00	3.067E+00	3.020E+00	3.023E+00	3.016E+00	3.027E+00
2.120E+00	3.008E+00	1.372E-02	3.080E+00	3.055E+00	3.006E+00	3.009E+00	3.002E+00	3.013E+00
2.130E+00	2.994E+00	1.256E-02	3.066E+00	3.043E+00	2.992E+00	2.995E+00	2.988E+00	2.999E+00
2.140E+00	2.980E+00	1.142E-02	3.051E+00	3.031E+00	2.978E+00	2.982E+00	2.975E+00	2.986E+00
2.150E+00	2.966E+00	1.032E-02	3.036E+00	3.019E+00	2.965E+00	2.968E+00	2.961E+00	2.972E+00
2.160E+00	2.953E+00	9.270E-03	3.021E+00	3.007E+00	2.951E+00	2.955E+00	2.947E+00	2.958E+00
2.170E+00	2.939E+00	8.297E-03	3.007E+00	2.995E+00	2.937E+00	2.941E+00	2.934E+00	2.945E+00
2.180E+00	2.925E+00	7.434E-03	2.992E+00	2.983E+00	2.923E+00	2.927E+00	2.920E+00	2.931E+00
2.190E+00	2.912E+00	6.725E-03	2.977E+00	2.971E+00	2.910E+00	2.914E+00	2.906E+00	2.917E+00
2.200E+00	2.898E+00	6.227E-03	2.963E+00	2.959E+00	2.896E+00	2.900E+00	2.893E+00	2.904E+00
2.210E+00	2.885E+00	5.998E-03	2.948E+00	2.947E+00	2.882E+00	2.887E+00	2.879E+00	2.890E+00
2.220E+00	2.871E+00	6.070E-03	2.934E+00	2.935E+00	2.869E+00	2.874E+00	2.866E+00	2.877E+00
2.230E+00	2.858E+00	6.436E-03	2.919E+00	2.924E+00	2.855E+00	2.860E+00	2.852E+00	2.863E+00
2.240E+00	2.844E+00	7.055E-03	2.905E+00	2.912E+00	2.842E+00	2.847E+00	2.839E+00	2.850E+00
2.250E+00	2.831E+00	7.868E-03	2.890E+00	2.900E+00	2.828E+00	2.834E+00	2.826E+00	2.837E+00
2.260E+00	2.818E+00	8.823E-03	2.876E+00	2.889E+00	2.815E+00	2.820E+00	2.812E+00	2.823E+00
2.270E+00	2.805E+00	9.882E-03	2.862E+00	2.877E+00	2.802E+00	2.807E+00	2.799E+00	2.810E+00
2.280E+00	2.791E+00	1.102E-02	2.847E+00	2.865E+00	2.788E+00	2.794E+00	2.786E+00	2.797E+00
2.290E+00	2.778E+00	1.220E-02	2.833E+00	2.854E+00	2.775E+00	2.781E+00	2.773E+00	2.784E+00
2.300E+00	2.765E+00	1.344E-02	2.819E+00	2.842E+00	2.762E+00	2.768E+00	2.759E+00	2.770E+00
2.310E+00	2.752E+00	1.470E-02	2.804E+00	2.831E+00	2.749E+00	2.755E+00	2.746E+00	2.757E+00
2.320E+00	2.739E+00	1.598E-02	2.790E+00	2.819E+00	2.735E+00	2.742E+00	2.733E+00	2.744E+00
2.330E+00	2.726E+00	1.729E-02	2.776E+00	2.808E+00	2.722E+00	2.729E+00	2.720E+00	2.731E+00
2.340E+00	2.713E+00	1.861E-02	2.762E+00	2.797E+00	2.709E+00	2.716E+00	2.707E+00	2.718E+00
2.350E+00	2.700E+00	1.995E-02	2.748E+00	2.785E+00	2.696E+00	2.703E+00	2.694E+00	2.705E+00
2.360E+00	2.687E+00	2.130E-02	2.733E+00	2.774E+00	2.683E+00	2.690E+00	2.681E+00	2.692E+00
2.370E+00	2.674E+00	2.266E-02	2.719E+00	2.763E+00	2.670E+00	2.677E+00	2.668E+00	2.679E+00
2.380E+00	2.661E+00	2.402E-02	2.705E+00	2.752E+00	2.657E+00	2.665E+00	2.655E+00	2.667E+00
2.390E+00	2.648E+00	2.539E-02	2.691E+00	2.740E+00	2.644E+00	2.652E+00	2.643E+00	2.654E+00
2.400E+00	2.635E+00	2.677E-02	2.677E+00	2.729E+00	2.632E+00	2.639E+00	2.630E+00	2.641E+00
2.410E+00	2.623E+00	2.816E-02	2.663E+00	2.718E+00	2.619E+00	2.626E+00	2.617E+00	2.628E+00
2.420E+00	2.610E+00	2.954E-02	2.650E+00	2.707E+00	2.606E+00	2.614E+00	2.604E+00	2.616E+00
2.430E+00	2.597E+00	3.094E-02	2.636E+00	2.696E+00	2.593E+00	2.601E+00	2.592E+00	2.603E+00
2.440E+00	2.585E+00	3.233E-02	2.622E+00	2.685E+00	2.581E+00	2.589E+00	2.579E+00	2.590E+00
2.450E+00	2.572E+00	3.373E-02	2.608E+00	2.674E+00	2.568E+00	2.576E+00	2.566E+00	2.578E+00
2.460E+00	2.560E+00	3.513E-02	2.594E+00	2.663E+00	2.555E+00	2.564E+00	2.554E+00	2.565E+00
2.470E+00	2.547E+00	3.653E-02	2.581E+00	2.652E+00	2.543E+00	2.551E+00	2.541E+00	2.553E+00
2.480E+00	2.535E+00	3.794E-02	2.567E+00	2.641E+00	2.530E+00	2.539E+00	2.529E+00	2.540E+00
2.490E+00	2.522E+00	3.934E-02	2.553E+00	2.631E+00	2.518E+00	2.527E+00	2.517E+00	2.528E+00
2.500E+00	2.510E+00	4.075E-02	2.540E+00	2.620E+00	2.505E+00	2.514E+00	2.504E+00	2.515E+00
2.510E+00	2.497E+00	4.216E-02	2.526E+00	2.609E+00	2.493E+00	2.502E+00	2.492E+00	2.503E+00
2.520E+00	2.485E+00	4.357E-02	2.513E+00	2.598E+00	2.481E+00	2.490E+00	2.480E+00	2.491E+00
2.530E+00	2.473E+00	4.498E-02	2.499E+00	2.588E+00	2.468E+00	2.478E+00	2.467E+00	2.479E+00
2.540E+00	2.461E+00	4.639E-02	2.486E+00	2.577E+00	2.456E+00	2.465E+00	2.455E+00	2.466E+00
2.550E+00	2.449E+00	4.780E-02	2.472E+00	2.567E+00	2.444E+00	2.453E+00	2.443E+00	2.454E+00
2.560E+00	2.436E+00	4.921E-02	2.459E+00	2.556E+00	2.432E+00	2.441E+00	2.431E+00	2.442E+00
2.570E+00	2.424E+00	5.062E-02	2.445E+00	2.545E+00	2.419E+00	2.429E+00	2.419E+00	2.430E+00
2.580E+00	2.412E+00	5.203E-02	2.432E+00	2.535E+00	2.407E+00	2.417E+00	2.407E+00	2.418E+00
2.590E+00	2.400E+00	5.344E-02	2.419E+00	2.525E+00	2.395E+00	2.405E+00	2.395E+00	2.406E+00
2.600E+00	2.388E+00	5.484E-02	2.406E+00	2.514E+00	2.383E+00	2.393E+00	2.383E+00	2.394E+00
2.610E+00	2.376E+00	5.625E-02	2.392E+00	2.504E+00	2.371E+00	2.381E+00	2.371E+00	2.382E+00
2.620E+00	2.364E+00	5.766E-02	2.379E+00	2.493E+00	2.359E+00	2.370E+00	2.359E+00	2.370E+00
2.630E+00	2.353E+00	5.906E-02	2.366E+00	2.483E+00	2.347E+00	2.358E+00	2.347E+00	2.358E+00
2.640E+00	2.341E+00	6.046E-02	2.353E+00	2.473E+00	2.335E+00	2.346E+00	2.335E+00	2.346E+00
2.650E+00	2.329E+00	6.186E-02	2.340E+00	2.463E+00	2.324E+00	2.334E+00	2.323E+00	2.335E+00
2.660E+00	2.317E+00	6.326E-02	2.327E+00	2.452E+00	2.312E+00	2.323E+00	2.312E+00	2.323E+00
2.670E+00	2.306E+00	6.466E-02	2.314E+00	2.442E+00	2.300E+00	2.311E+00	2.300E+00	2.311E+00
2.680E+00	2.294E+00	6.605E-02	2.301E+00	2.432E+00	2.288E+00	2.299E+00	2.288E+00	2.300E+00
2.690E+00	2.282E+00	6.744E-02	2.288E+00	2.422E+00	2.277E+00	2.288E+00	2.277E+00	2.288E+00
2.700E+00	2.271E+00	6.883E-02	2.275E+00	2.412E+00	2.265E+00	2.276E+00	2.265E+00	2.276E+00
2.710E+00	2.259E+00	7.022E-02	2.263E+00	2.402E+00	2.253E+00	2.265E+00	2.254E+00	2.265E+00
2.720E+00	2.248E+00	7.160E-02	2.250E+00	2.392E+00	2.242E+00	2.253E+00	2.242E+00	2.253E+00
2.730E+00	2.236E+00	7.299E-02	2.237E+00	2.382E+00	2.230E+00	2.242E+00	2.231E+00	2.242E+00
2.740E+00	2.225E+00	7.436E-02	2.224E+00	2.372E+00	2.219E+00	2.231E+00	2.219E+00	2.230E+00
2.750E+00	2.213E+00	7.574E-02	2.212E+00	2.362E+00	2.208E+00	2.219E+00	2.208E+00	2.219E+00
2.760E+00	2.202E+00	7.711E-02	2.199E+00	2.352E+00	2.196E+00	2.208E+00	2.197E+00	2.208E+00
2.770E+00	2.191E+00	7.848E-02	2.187E+00	2.343E+00	2.185E+00	2.197E+00	2.185E+00	2.197E+00
2.780E+00	2.180E+00	7.985E-02	2.174E+00	2.333E+00	2.174E+00	2.186E+00	2.174E+00	2.185E+00
2.790E+00	2.168E+00	8.121E-02	2.162E+00	2.323E+00	2.162E+00	2.175E+00	2.163E+00	2.174E+00
2.800E+00	2.157E+00	8.257E-02	2.149E+00	2.313E+00	2.151E+00	2.163E+00	2.152E+00	2.163E+00
2.810E+00	2.146E+00	8.392E-02	2.137E+00	2.304E+00	2.140E+00	2.152E+00	2.141E+00	2.152E+00
2.820E+00	2.135E+00	8.527E-02	2.124E+00	2.294E+00	2.129E+00	2.141E+00	2.129E+00	2.141E+00
2.830E+00	2.124E+00	8.662E-02	2.112E+00	2.285E+00	2.118E+00	2.130E+00	2.118E+00	2.130E+00
2.840E+00	2.113E+00	8.796E-02	2.100E+00	2.275E+00	2.107E+00	2.119E+00	2.107E+00	2.119E+00
2.850E+00	2.102E+00	8.930E-02	2.088E+00	2.265E+00	2.096E+00	2.108E+00	2.096E+00	2.108E+00
2.860E+00	2.091E+00	9.063E-02	2.075E+00	2.256E+00	2.085E+00	2.098E+00	2.086E+00	2.097E+00
2.870E+00	2.080E+00	9.196E-02	2.063E+00	2.246E+00	2.074E+00	2.087E+00	2.075E+00	2.086E+00
2.880E+00	2.069E+00	9.329E-02	2.051E+00	2.237E+00	2.063E+00	2.076E+00	2.064E+00	2.075E+00
2.890E+00	2.059E+00	9.461E-02	2.039E+00	2.228E+00	2.052E+00	2.065E+00	2.053E+00	2.064E+00
2.900E+00	2.048E+00	9.593E-02	2.027E+00	2.218E+00	2.041E+00	2.054E+00	2.042E+00	2.054E+00
2.910E+00	2.037E+00	9.724E-02	2.015E+00	2.209E+00	2.031E+00	2.044E+00	2.032E+00	2.043E+00
2.920E+00	2.027E+00	9.854E-02	2.003E+00	2.200E+00	2.020E+00	2.033E+00	2.021E+00	2.032E+00
2.930E+00	2.016E+00	9.985E-02	1.992E+00	2.190E+00	2.009E+00	2.023E+00	2.010E+00	2.021E+00
2.940E+00	2.005E+00	1.011E-01	1.980E+00	2.181E+00	1.998E+00	2.012E+00	2.000E+00	2.011E+00
2.950E+00	1.995E+00	1.024E-01	1.968E+00	2.172E+00	1.988E+00	2.002E+00	1.989E+00	2.000E+00
2.960E+00	1.984E+00	1.037E-01	1.956E+00	2.163E+00	1.977E+00	1.991E+00	1.979E+00	1.990E+00
2.970E+00	1.974E+00	1.050E-01	1.944E+00	2.154E+00	1.967E+00	1.981E+00	1.968E+00	1.979E+00
2.980E+00	1.963E+00	1.063E-01	1.933E+00	2.145E+00	1.956E+00	1.970E+00	1.958E+00	1.969E+00
2.990E+00	1.953E+00	1.075E-01	1.921E+00	2.136E+00	1.946E+00	1.960E+00	1.947E+00	1.959E+00
3.000E+00	1.943E+00	1.088E-01	1.910E+00	2.127E+00	1.936E+00	1.950E+00	1.937E+00	1.948E+00
