1.000E-02	6.378E+00	6.234E-04	6.378E+00	6.377E+00	6.378E+00	6.378E+00	6.378E+00	6.378E+00
2.000E-02	6.377E+00	6.204E-04	6.378E+00	6.377E+00	6.378E+00	6.377E+00	6.377E+00	6.377E+00
3.000E-02	6.376E+00	6.164E-04	6.376E+00	6.375E+00	6.376E+00	6.375E+00	6.376E+00	6.376E+00
4.000E-02	6.374E+00	6.116E-04	6.375E+00	6.374E+00	6.375E+00	6.374E+00	6.374E+00	6.374E+00
5.000E-02	6.372E+00	6.061E-04	6.373E+00	6.372E+00	6.373E+00	6.372E+00	6.372E+00	6.372E+00
6.000E-02	6.370E+00	6.000E-04	6.370E+00	6.369E+00	6.370E+00	6.370E+00	6.370E+00	6.370E+00
7.000E-02	6.367E+00	5.934E-04	6.368E+00	6.367E+00	6.368E+00	6.367E+00	6.367E+00	6.367E+00
8.000E-02	6.364E+00	5.865E-04	6.365E+00	6.364E+00	6.365E+00	6.364E+00	6.364E+00	6.364E+00
9.000E-02	6.361E+00	5.791E-04	6.361E+00	6.360E+00	6.361E+00	6.360E+00	6.361E+00	6.361E+00
1.000E-01	6.357E+00	5.716E-04	6.357E+00	6.357E+00	6.357E+00	6.357E+00	6.357E+00	6.357E+00
1.100E-01	6.353E+00	5.637E-04	6.353E+00	6.353E+00	6.353E+00	6.352E+00	6.353E+00	6.353E+00
1.200E-01	6.349E+00	5.557E-04	6.349E+00	6.348E+00	6.349E+00	6.348E+00	6.348E+00	6.349E+00
1.300E-01	6.344E+00	5.475E-04	6.344E+00	6.343E+00	6.344E+00	6.343E+00	6.344E+00	6.344E+00
1.400E-01	6.339E+00	5.393E-04	6.339E+00	6.338E+00	6.339E+00	6.338E+00	6.339E+00	6.339E+00
1.500E-01	6.333E+00	5.309E-04	6.334E+00	6.333E+00	6.334E+00	6.333E+00	6.333E+00	6.334E+00
1.600E-01	6.328E+00	5.226E-04	6.328E+00	6.328E+00	6.328E+00	6.327E+00	6.328E+00	6.328E+00
1.700E-01	6.322E+00	5.142E-04	6.322E+00	6.322E+00	6.322E+00	6.322E+00	6.322E+00	6.322E+00
1.800E-01	6.316E+00	5.059E-04	6.316E+00	6.315E+00	6.316E+00	6.315E+00	6.316E+00	6.316E+00
1.900E-01	6.309E+00	4.976E-04	6.310E+00	6.309E+00	6.310E+00	6.309E+00	6.309E+00	6.309E+00
2.000E-01	6.302E+00	4.894E-04	6.303E+00	6.302E+00	6.303E+00	6.302E+00	6.302E+00	6.302E+00
2.100E-01	6.295E+00	4.814E-04	6.296E+00	6.295E+00	6.296E+00	6.295E+00	6.295E+00	6.295E+00
2.200E-01	6.288E+00	4.734E-04	6.288E+00	6.288E+00	6.288E+00	6.288E+00	6.288E+00	6.288E+00
2.300E-01	6.280E+00	4.657E-04	6.281E+00	6.280E+00	6.281E+00	6.280E+00	6.280E+00	6.280E+00
2.400E-01	6.272E+00	4.582E-04	6.273E+00	6.272E+00	6.273E+00	6.272E+00	6.272E+00	6.273E+00
2.500E-01	6.264E+00	4.509E-04	6.265E+00	6.264E+00	6.265E+00	6.264E+00	6.264E+00	6.264E+00
2.600E-01	6.256E+00	4.439E-04	6.256E+00	6.256E+00	6.256E+00	6.255E+00	6.256E+00	6.256E+00
2.700E-01	6.247E+00	4.371E-04	6.247E+00	6.247E+00	6.248E+00	6.247E+00	6.247E+00	6.247E+00
2.800E-01	6.238E+00	4.307E-04	6.238E+00	6.238E+00	6.239E+00	6.238E+00	6.238E+00	6.238E+00
2.900E-01	6.229E+00	4.245E-04	6.229E+00	6.229E+00	6.229E+00	6.229E+00	6.229E+00	6.229E+00
3.000E-01	6.219E+00	4.187E-04	6.220E+00	6.219E+00	6.220E+00	6.219E+00	6.219E+00	6.220E+00
3.100E-01	6.210E+00	4.133E-04	6.210E+00	6.210E+00	6.210E+00	6.209E+00	6.210E+00	6.210E+00
3.200E-01	6.200E+00	4.082E-04	6.200E+00	6.200E+00	6.200E+00	6.199E+00	6.200E+00	6.200E+00
3.300E-01	6.189E+00	4.035E-04	6.190E+00	6.189E+00	6.190E+00	6.189E+00	6.189E+00	6.190E+00
3.400E-01	6.179E+00	3.992E-04	6.179E+00	6.179E+00	6.179E+00	6.179E+00	6.179E+00	6.179E+00
3.500E-01	6.168E+00	3.953E-04	6.168E+00	6.168E+00	6.169E+00	6.168E+00	6.168E+00	6.168E+00
3.600E-01	6.157E+00	3.918E-04	6.157E+00	6.157E+00	6.158E+00	6.157E+00	6.157E+00	6.157E+00
3.700E-01	6.146E+00	3.887E-04	6.146E+00	6.146E+00	6.146E+00	6.146E+00	6.146E+00	6.146E+00
3.800E-01	6.135E+00	3.860E-04	6.135E+00	6.135E+00	6.135E+00	6.134E+00	6.135E+00	6.135E+00
3.900E-01	6.123E+00	3.837E-04	6.123E+00	6.123E+00	6.123E+00	6.123E+00	6.123E+00	6.123E+00
4.000E-01	6.111E+00	3.819E-04	6.111E+00	6.111E+00	6.111E+00	6.111E+00	6.111E+00	6.111E+00
4.100E-01	6.099E+00	3.804E-04	6.099E+00	6.099E+00	6.099E+00	6.099E+00	6.099E+00	6.099E+00
4.200E-01	6.087E+00	3.794E-04	6.086E+00	6.087E+00	6.087E+00	6.086E+00	6.086E+00	6.087E+00
4.300E-01	6.074E+00	3.787E-04	6.074E+00	6.074E+00	6.074E+00	6.074E+00	6.074E+00	6.074E+00
4.400E-01	6.061E+00	3.784E-04	6.061E+00	6.061E+00	6.061E+00	6.061E+00	6.061E+00	6.061E+00
4.500E-01	6.048E+00	3.785E-04	6.048E+00	6.048E+00	6.048E+00	6.048E+00	6.048E+00	6.048E+00
4.600E-01	6.035E+00	3.789E-04	6.035E+00	6.035E+00	6.035E+00	6.034E+00	6.035E+00	6.035E+00
4.700E-01	6.021E+00	3.796E-04	6.021E+00	6.021E+00	6.022E+00	6.021E+00	6.021E+00	6.021E+00
4.800E-01	6.008E+00	3.807E-04	6.008E+00	6.008E+00	6.008E+00	6.007E+00	6.008E+00	6.008E+00
4.900E-01	5.994E+00	3.820E-04	5.994E+00	5.994E+00	5.994E+00	5.993E+00	5.994E+00	5.994E+00
5.000E-01	5.980E+00	3.836E-04	5.980E+00	5.980E+00	5.980E+00	5.979E+00	5.980E+00	5.980E+00
5.100E-01	5.965E+00	3.855E-04	5.965E+00	5.966E+00	5.966E+00	5.965E+00	5.965E+00	5.965E+00
5.200E-01	5.951E+00	3.875E-04	5.951E+00	5.951E+00	5.951E+00	5.951E+00	5.951E+00	5.951E+00
5.300E-01	5.936E+00	3.898E-04	5.936E+00	5.936E+00	5.937E+00	5.936E+00	5.936E+00	5.936E+00
5.400E-01	5.921E+00	3.922E-04	5.921E+00	5.921E+00	5.922E+00	5.921E+00	5.921E+00	5.921E+00
5.500E-01	5.906E+00	3.949E-04	5.906E+00	5.906E+00	5.907E+00	5.906E+00	5.906E+00	5.906E+00
5.600E-01	5.891E+00	3.976E-04	5.891E+00	5.891E+00	5.891E+00	5.891E+00	5.891E+00	5.891E+00
5.700E-01	5.875E+00	4.005E-04	5.875E+00	5.876E+00	5.876E+00	5.875E+00	5.875E+00	5.875E+00
5.800E-01	5.860E+00	4.035E-04	5.860E+00	5.860E+00	5.860E+00	5.859E+00	5.860E+00	5.860E+00
5.900E-01	5.844E+00	4.065E-04	5.844E+00	5.844E+00	5.844E+00	5.844E+00	5.844E+00	5.844E+00
6.000E-01	5.828E+00	4.096E-04	5.828E+00	5.828E+00	5.828E+00	5.828E+00	5.828E+00	5.828E+00
6.100E-01	5.812E+00	4.128E-04	5.811E+00	5.812E+00	5.812E+00	5.811E+00	5.812E+00	5.812E+00
6.200E-01	5.795E+00	4.160E-04	5.795E+00	5.795E+00	5.796E+00	5.795E+00	5.795E+00	5.795E+00
6.300E-01	5.779E+00	4.191E-04	5.778E+00	5.779E+00	5.779E+00	5.778E+00	5.779E+00	5.779E+00
6.400E-01	5.762E+00	4.223E-04	5.762E+00	5.762E+00	5.762E+00	5.762E+00	5.762E+00	5.762E+00
6.500E-01	5.745E+00	4.255E-04	5.745E+00	5.745E+00	5.745E+00	5.745E+00	5.745E+00	5.745E+00
6.600E-01	5.728E+00	4.286E-04	5.728E+00	5.728E+00	5.728E+00	5.728E+00	5.728E+00	5.728E+00
6.700E-01	5.711E+00	4.317E-04	5.710E+00	5.711E+00	5.711E+00	5.710E+00	5.711E+00	5.711E+00
6.800E-01	5.693E+00	4.347E-04	5.693E+00	5.694E+00	5.694E+00	5.693E+00	5.693E+00	5.693E+00
6.900E-01	5.676E+00	4.376E-04	5.675E+00	5.676E+00	5.676E+00	5.675E+00	5.676E+00	5.676E+00
7.000E-01	5.658E+00	4.405E-04	5.658E+00	5.658E+00	5.658E+00	5.658E+00	5.658E+00	5.658E+00
7.100E-01	5.640E+00	4.432E-04	5.640E+00	5.640E+00	5.640E+00	5.640E+00	5.640E+00	5.640E+00
7.200E-01	5.622E+00	4.459E-04	5.622E+00	5.622E+00	5.622E+00	5.622E+00	5.622E+00	5.622E+00
7.300E-01	5.604E+00	4.484E-04	5.603E+00	5.604E+00	5.604E+00	5.603E+00	5.604E+00	5.604E+00
7.400E-01	5.585E+00	4.508E-04	5.585E+00	5.586E+00	5.586E+00	5.585E+00	5.585E+00	5.585E+00
7.500E-01	5.567E+00	4.531E-04	5.567E+00	5.567E+00	5.567E+00	5.567E+00	5.567E+00	5.567E+00
7.600E-01	5.548E+00	4.552E-04	5.548E+00	5.549E+00	5.549E+00	5.548E+00	5.548E+00	5.548E+00
7.700E-01	5.529E+00	4.572E-04	5.529E+00	5.530E+00	5.530E+00	5.529E+00	5.529E+00	5.529E+00
7.800E-01	5.510E+00	4.590E-04	5.510E+00	5.511E+00	5.511E+00	5.510E+00	5.510E+00	5.511E+00
7.900E-01	5.491E+00	4.607E-04	5.491E+00	5.492E+00	5.492E+00	5.491E+00	5.491E+00	5.491E+00
8.000E-01	5.472E+00	4.622E-04	5.472E+00	5.473E+00	5.472E+00	5.472E+00	5.472E+00	5.472E+00
8.100E-01	5.453E+00	4.636E-04	5.452E+00	5.453E+00	5.453E+00	5.453E+00	5.453E+00	5.453E+00
8.200E-01	5.433E+00	4.647E-04	5.433E+00	5.434E+00	5.434E+00	5.433E+00	5.433E+00	5.433E+00
8.300E-01	5.414E+00	4.657E-04	5.413E+00	5.414E+00	5.414E+00	5.413E+00	5.414E+00	5.414E+00
8.400E-01	5.394E+00	4.665E-04	5.394E+00	5.394E+00	5.394E+00	5.394E+00	5.394E+00	5.394E+00
8.500E-01	5.374E+00	4.671E-04	5.374E+00	5.375E+00	5.374E+00	5.374E+00	5.374E+00	5.374E+00
8.600E-01	5.354E+00	4.675E-04	5.354E+00	5.355E+00	5.354E+00	5.354E+00	5.354E+00	5.354E+00
8.700E-01	5.334E+00	4.678E-04	5.334E+00	5.334E+00	5.334E+00	5.334E+00	5.334E+00	5.334E+00
8.800E-01	5.314E+00	4.678E-04	5.313E+00	5.314E+00	5.314E+00	5.314E+00	5.314E+00	5.314E+00
8.900E-01	5.293E+00	4.676E-04	5.293E+00	5.294E+00	5.294E+00	5.293E+00	5.293E+00	5.294E+00
9.000E-01	5.273E+00	4.672E-04	5.273E+00	5.273E+00	5.273E+00	5.273E+00	5.273E+00	5.273E+00
9.100E-01	5.252E+00	4.667E-04	5.252E+00	5.253E+00	5.253E+00	5.252E+00	5.252E+00	5.253E+00
9.200E-01	5.232E+00	4.659E-04	5.231E+00	5.232E+00	5.232E+00	5.232E+00	5.232E+00	5.232E+00
9.300E-01	5.211E+00	4.649E-04	5.211E+00	5.211E+00	5.211E+00	5.211E+00	5.211E+00	5.211E+00
9.400E-01	5.190E+00	4.637E-04	5.190E+00	5.190E+00	5.190E+00	5.190E+00	5.190E+00	5.190E+00
9.500E-01	5.169E+00	4.623E-04	5.169E+00	5.169E+00	5.169E+00	5.169E+00	5.169E+00	5.169E+00
9.600E-01	5.148E+00	4.607E-04	5.148E+00	5.148E+00	5.148E+00	5.148E+00	5.148E+00	5.148E+00
9.700E-01	5.127E+00	4.589E-04	5.126E+00	5.127E+00	5.127E+00	5.127E+00	5.127E+00	5.127E+00
9.800E-01	5.106E+00	4.568E-04	5.105E+00	5.106E+00	5.106E+00	5.105E+00	5.105E+00	5.106E+00
9.900E-01	5.084E+00	4.546E-04	5.084E+00	5.085E+00	5.084E+00	5.084E+00	5.084E+00	5.084E+00
1.000E+00	5.063E+00	4.522E-04	5.062E+00	5.063E+00	5.063E+00	5.062E+00	5.063E+00	5.063E+00
1.010E+00	5.041E+00	4.495E-04	5.041E+00	5.041E+00	5.041E+00	5.041E+00	5.041E+00	5.041E+00
1.020E+00	5.019E+00	4.466E-04	5.019E+00	5.020E+00	5.020E+00	5.019E+00	5.019E+00	5.020E+00
1.030E+00	4.998E+00	4.436E-04	4.997E+00	4.998E+00	4.998E+00	4.997E+00	4.998E+00	4.998E+00
1.040E+00	4.976E+00	4.403E-04	4.976E+00	4.976E+00	4.976E+00	4.976E+00	4.976E+00	4.976E+00
1.050E+00	4.954E+00	4.368E-04	4.954E+00	4.954E+00	4.954E+00	4.954E+00	4.954E+00	4.954E+00
1.060E+00	4.932E+00	4.331E-04	4.932E+00	4.932E+00	4.932E+00	4.932E+00	4.932E+00	4.932E+00
1.070E+00	4.910E+00	4.293E-04	4.910E+00	4.910E+00	4.910E+00	4.910E+00	4.910E+00	4.910E+00
1.080E+00	4.888E+00	4.252E-04	4.887E+00	4.888E+00	4.888E+00	4.888E+00	4.888E+00	4.888E+00
1.090E+00	4.866E+00	4.209E-04	4.865E+00	4.866E+00	4.866E+00	4.865E+00	4.866E+00	4.866E+00
1.100E+00	4.843E+00	4.164E-04	4.843E+00	4.844E+00	4.844E+00	4.843E+00	4.843E+00	4.843E+00
1.110E+00	4.821E+00	4.118E-04	4.821E+00	4.821E+00	4.821E+00	4.821E+00	4.821E+00	4.821E+00
1.120E+00	4.799E+00	4.069E-04	4.798E+00	4.799E+00	4.799E+00	4.798E+00	4.799E+00	4.799E+00
1.130E+00	4.776E+00	4.019E-04	4.776E+00	4.777E+00	4.776E+00	4.776E+00	4.776E+00	4.776E+00
1.140E+00	4.754E+00	3.966E-04	4.753E+00	4.754E+00	4.754E+00	4.753E+00	4.754E+00	4.754E+00
1.150E+00	4.731E+00	3.912E-04	4.731E+00	4.731E+00	4.731E+00	4.731E+00	4.731E+00	4.731E+00
1.160E+00	4.708E+00	3.856E-04	4.708E+00	4.709E+00	4.709E+00	4.708E+00	4.708E+00	4.709E+00
1.170E+00	4.686E+00	3.799E-04	4.685E+00	4.686E+00	4.686E+00	4.686E+00	4.686E+00	4.686E+00
1.180E+00	4.663E+00	3.739E-04	4.663E+00	4.663E+00	4.663E+00	4.663E+00	4.663E+00	4.663E+00
1.190E+00	4.640E+00	3.678E-04	4.640E+00	4.640E+00	4.640E+00	4.640E+00	4.640E+00	4.640E+00
1.200E+00	4.617E+00	3.616E-04	4.617E+00	4.618E+00	4.617E+00	4.617E+00	4.617E+00	4.617E+00
1.210E+00	4.594E+00	3.551E-04	4.594E+00	4.595E+00	4.595E+00	4.594E+00	4.594E+00	4.595E+00
1.220E+00	4.571E+00	3.486E-04	4.571E+00	4.572E+00	4.572E+00	4.571E+00	4.571E+00	4.572E+00
1.230E+00	4.548E+00	3.418E-04	4.548E+00	4.549E+00	4.549E+00	4.548E+00	4.548E+00	4.549E+00
1.240E+00	4.525E+00	3.350E-04	4.525E+00	4.526E+00	4.526E+00	4.525E+00	4.525E+00	4.526E+00
1.250E+00	4.502E+00	3.280E-04	4.502E+00	4.503E+00	4.503E+00	4.502E+00	4.502E+00	4.503E+00
1.260E+00	4.479E+00	3.208E-04	4.479E+00	4.480E+00	4.479E+00	4.479E+00	4.479E+00	4.479E+00
1.270E+00	4.456E+00	3.136E-04	4.456E+00	4.456E+00	4.456E+00	4.456E+00	4.456E+00	4.456E+00
1.280E+00	4.433E+00	3.062E-04	4.433E+00	4.433E+00	4.433E+00	4.433E+00	4.433E+00	4.433E+00
1.290E+00	4.410E+00	2.988E-04	4.410E+00	4.410E+00	4.410E+00	4.410E+00	4.410E+00	4.410E+00
1.300E+00	4.387E+00	2.912E-04	4.386E+00	4.387E+00	4.387E+00	4.386E+00	4.386E+00	4.387E+00
1.310E+00	4.363E+00	2.836E-04	4.363E+00	4.364E+00	4.363E+00	4.363E+00	4.363E+00	4.363E+00
1.320E+00	4.340E+00	2.758E-04	4.340E+00	4.340E+00	4.340E+00	4.340E+00	4.340E+00	4.340E+00
1.330E+00	4.317E+00	2.680E-04	4.317E+00	4.317E+00	4.317E+00	4.317E+00	4.317E+00	4.317E+00
1.340E+00	4.293E+00	2.602E-04	4.293E+00	4.294E+00	4.294E+00	4.293E+00	4.293E+00	4.294E+00
1.350E+00	4.270E+00	2.524E-04	4.270E+00	4.270E+00	4.270E+00	4.270E+00	4.270E+00	4.270E+00
1.360E+00	4.247E+00	2.445E-04	4.247E+00	4.247E+00	4.247E+00	4.247E+00	4.247E+00	4.247E+00
1.370E+00	4.223E+00	2.366E-04	4.223E+00	4.224E+00	4.223E+00	4.223E+00	4.223E+00	4.223E+00
1.380E+00	4.200E+00	2.288E-04	4.200E+00	4.200E+00	4.200E+00	4.200E+00	4.200E+00	4.200E+00
1.390E+00	4.177E+00	2.210E-04	4.176E+00	4.177E+00	4.177E+00	4.176E+00	4.176E+00	4.177E+00
1.400E+00	4.153E+00	2.133E-04	4.153E+00	4.153E+00	4.153E+00	4.153E+00	4.153E+00	4.153E+00
1.410E+00	4.130E+00	2.057E-04	4.130E+00	4.130E+00	4.130E+00	4.130E+00	4.130E+00	4.130E+00
1.420E+00	4.106E+00	1.982E-04	4.106E+00	4.106E+00	4.106E+00	4.106E+00	4.106E+00	4.106E+00
1.430E+00	4.083E+00	1.910E-04	4.083E+00	4.083E+00	4.083E+00	4.083E+00	4.083E+00	4.083E+00
1.440E+00	4.059E+00	1.840E-04	4.059E+00	4.060E+00	4.060E+00	4.059E+00	4.059E+00	4.060E+00
1.450E+00	4.036E+00	1.773E-04	4.036E+00	4.036E+00	4.036E+00	4.036E+00	4.036E+00	4.036E+00
1.460E+00	4.013E+00	1.709E-04	4.012E+00	4.013E+00	4.013E+00	4.012E+00	4.012E+00	4.013E+00
1.470E+00	3.989E+00	1.649E-04	3.989E+00	3.989E+00	3.989E+00	3.989E+00	3.989E+00	3.989E+00
1.480E+00	3.966E+00	1.595E-04	3.966E+00	3.966E+00	3.966E+00	3.966E+00	3.966E+00	3.966E+00
1.490E+00	3.942E+00	1.546E-04	3.942E+00	3.942E+00	3.942E+00	3.942E+00	3.942E+00	3.942E+00
1.500E+00	3.919E+00	1.504E-04	3.919E+00	3.919E+00	3.919E+00	3.919E+00	3.919E+00	3.919E+00
1.510E+00	3.895E+00	1.469E-04	3.895E+00	3.895E+00	3.895E+00	3.895E+00	3.895E+00	3.896E+00
1.520E+00	3.872E+00	1.442E-04	3.872E+00	3.872E+00	3.872E+00	3.872E+00	3.872E+00	3.872E+00
1.530E+00	3.849E+00	1.424E-04	3.849E+00	3.849E+00	3.849E+00	3.849E+00	3.848E+00	3.849E+00
1.540E+00	3.825E+00	1.415E-04	3.825E+00	3.825E+00	3.825E+00	3.825E+00	3.825E+00	3.825E+00
1.550E+00	3.802E+00	1.416E-04	3.802E+00	3.802E+00	3.802E+00	3.802E+00	3.802E+00	3.802E+00
1.560E+00	3.779E+00	1.428E-04	3.779E+00	3.779E+00	3.779E+00	3.778E+00	3.778E+00	3.779E+00
1.570E+00	3.755E+00	1.449E-04	3.755E+00	3.755E+00	3.755E+00	3.755E+00	3.755E+00	3.755E+00
1.580E+00	3.732E+00	1.480E-04	3.732E+00	3.732E+00	3.732E+00	3.732E+00	3.732E+00	3.732E+00
1.590E+00	3.709E+00	1.520E-04	3.709E+00	3.709E+00	3.709E+00	3.709E+00	3.709E+00	3.709E+00
1.600E+00	3.685E+00	1.569E-04	3.685E+00	3.685E+00	3.685E+00	3.685E+00	3.685E+00	3.685E+00
1.610E+00	3.662E+00	1.627E-04	3.662E+00	3.662E+00	3.662E+00	3.662E+00	3.662E+00	3.662E+00
1.620E+00	3.639E+00	1.691E-04	3.639E+00	3.639E+00	3.639E+00	3.639E+00	3.639E+00	3.639E+00
1.630E+00	3.616E+00	1.763E-04	3.616E+00	3.616E+00	3.616E+00	3.616E+00	3.616E+00	3.616E+00
1.640E+00	3.593E+00	1.841E-04	3.593E+00	3.592E+00	3.593E+00	3.593E+00	3.592E+00	3.593E+00
1.650E+00	3.569E+00	1.924E-04	3.570E+00	3.569E+00	3.570E+00	3.569E+00	3.569E+00	3.570E+00
1.660E+00	3.546E+00	2.012E-04	3.547E+00	3.546E+00	3.546E+00	3.546E+00	3.546E+00	3.547E+00
1.670E+00	3.523E+00	2.104E-04	3.523E+00	3.523E+00	3.523E+00	3.523E+00	3.523E+00	3.523E+00
1.680E+00	3.500E+00	2.200E-04	3.500E+00	3.500E+00	3.500E+00	3.500E+00	3.500E+00	3.500E+00
1.690E+00	3.477E+00	2.299E-04	3.478E+00	3.477E+00	3.477E+00	3.477E+00	3.477E+00	3.477E+00
1.700E+00	3.454E+00	2.402E-04	3.455E+00	3.454E+00	3.454E+00	3.454E+00	3.454E+00	3.455E+00
1.710E+00	3.431E+00	2.507E-04	3.432E+00	3.431E+00	3.431E+00	3.431E+00	3.431E+00	3.432E+00
1.720E+00	3.409E+00	2.614E-04	3.409E+00	3.408E+00	3.409E+00	3.409E+00	3.408E+00	3.409E+00
1.730E+00	3.386E+00	2.724E-04	3.386E+00	3.386E+00	3.386E+00	3.386E+00	3.386E+00	3.386E+00
1.740E+00	3.363E+00	2.836E-04	3.363E+00	3.363E+00	3.363E+00	3.363E+00	3.363E+00	3.363E+00
1.750E+00	3.340E+00	2.949E-04	3.341E+00	3.340E+00	3.340E+00	3.340E+00	3.340E+00	3.340E+00
1.760E+00	3.318E+00	3.064E-04	3.318E+00	3.317E+00	3.318E+00	3.318E+00	3.317E+00	3.318E+00
1.770E+00	3.295E+00	3.180E-04	3.295E+00	3.295E+00	3.295E+00	3.295E+00	3.295E+00	3.295E+00
1.780E+00	3.272E+00	3.297E-04	3.273E+00	3.272E+00	3.272E+00	3.272E+00	3.272E+00	3.272E+00
1.790E+00	3.250E+00	3.416E-04	3.250E+00	3.249E+00	3.250E+00	3.250E+00	3.250E+00	3.250E+00
1.800E+00	3.227E+00	3.535E-04	3.228E+00	3.227E+00	3.227E+00	3.227E+00	3.227E+00	3.227E+00
1.810E+00	3.205E+00	3.655E-04	3.205E+00	3.204E+00	3.205E+00	3.205E+00	3.205E+00	3.205E+00
1.820E+00	3.182E+00	3.776E-04	3.183E+00	3.182E+00	3.182E+00	3.182E+00	3.182E+00	3.183E+00
1.830E+00	3.160E+00	3.897E-04	3.160E+00	3.160E+00	3.160E+00	3.160E+00	3.160E+00	3.160E+00
1.840E+00	3.138E+00	4.019E-04	3.138E+00	3.137E+00	3.138E+00	3.138E+00	3.138E+00	3.138E+00
1.850E+00	3.116E+00	4.142E-04	3.116E+00	3.115E+00	3.116E+00	3.116E+00	3.115E+00	3.116E+00
1.860E+00	3.093E+00	4.265E-04	3.094E+00	3.093E+00	3.093E+00	3.093E+00	3.093E+00	3.094E+00
1.870E+00	3.071E+00	4.388E-04	3.072E+00	3.071E+00	3.071E+00	3.071E+00	3.071E+00	3.071E+00
1.880E+00	3.049E+00	4.511E-04	3.050E+00	3.049E+00	3.049E+00	3.049E+00	3.049E+00	3.049E+00
1.890E+00	3.027E+00	4.635E-04	3.028E+00	3.027E+00	3.027E+00	3.027E+00	3.027E+00	3.027E+00
1.900E+00	3.005E+00	4.759E-04	3.006E+00	3.005E+00	3.005E+00	3.005E+00	3.005E+00	3.005E+00
1.910E+00	2.983E+00	4.883E-04	2.984E+00	2.983E+00	2.983E+00	2.983E+00	2.983E+00	2.984E+00
1.920E+00	2.962E+00	5.007E-04	2.962E+00	2.961E+00	2.962E+00	2.962E+00	2.961E+00	2.962E+00
1.930E+00	2.940E+00	5.130E-04	2.940E+00	2.939E+00	2.940E+00	2.940E+00	2.940E+00	2.940E+00
1.940E+00	2.918E+00	5.254E-04	2.919E+00	2.918E+00	2.918E+00	2.918E+00	2.918E+00	2.918E+00
1.950E+00	2.897E+00	5.378E-04	2.897E+00	2.896E+00	2.897E+00	2.897E+00	2.896E+00	2.897E+00
1.960E+00	2.875E+00	5.501E-04	2.876E+00	2.875E+00	2.875E+00	2.875E+00	2.875E+00	2.875E+00
1.970E+00	2.854E+00	5.625E-04	2.854E+00	2.853E+00	2.854E+00	2.854E+00	2.853E+00	2.854E+00
1.980E+00	2.832E+00	5.748E-04	2.833E+00	2.832E+00	2.832E+00	2.832E+00	2.832E+00	2.832E+00
1.990E+00	2.811E+00	5.871E-04	2.811E+00	2.810E+00	2.811E+00	2.811E+00	2.811E+00	2.811E+00
2.000E+00	2.790E+00	5.993E-04	2.790E+00	2.789E+00	2.790E+00	2.790E+00	2.789E+00	2.790E+00
2.010E+00	2.768E+00	6.115E-04	2.769E+00	2.768E+00	2.768E+00	2.768E+00	2.768E+00	2.769E+00
2.020E+00	2.747E+00	6.237E-04	2.748E+00	2.747E+00	2.747E+00	2.747E+00	2.747E+00	2.747E+00
2.030E+00	2.726E+00	6.358E-04	2.727E+00	2.726E+00	2.726E+00	2.726E+00	2.726E+00	2.726E+00
2.040E+00	2.705E+00	6.479E-04	2.706E+00	2.705E+00	2.705E+00	2.705E+00	2.705E+00	2.705E+00
2.050E+00	2.684E+00	6.600E-04	2.685E+00	2.684E+00	2.684E+00	2.684E+00	2.684E+00	2.685E+00
2.060E+00	2.664E+00	6.720E-04	2.664E+00	2.663E+00	2.664E+00	2.664E+00	2.663E+00	2.664E+00
2.070E+00	2.643E+00	6.839E-04	2.643E+00	2.642E+00	2.643E+00	2.643E+00	2.643E+00	2.643E+00
2.080E+00	2.622E+00	6.958E-04	2.623E+00	2.621E+00	2.622E+00	2.622E+00	2.622E+00	2.622E+00
2.090E+00	2.602E+00	7.076E-04	2.602E+00	2.601E+00	2.602E+00	2.602E+00	2.601E+00	2.602E+00
2.100E+00	2.581E+00	7.194E-04	2.582E+00	2.580E+00	2.581E+00	2.581E+00	2.581E+00	2.581E+00
2.110E+00	2.561E+00	7.310E-04	2.561E+00	2.560E+00	2.561E+00	2.561E+00	2.561E+00	2.561E+00
2.120E+00	2.540E+00	7.427E-04	2.541E+00	2.540E+00	2.540E+00	2.540E+00	2.540E+00	2.540E+00
2.130E+00	2.520E+00	7.542E-04	2.521E+00	2.519E+00	2.520E+00	2.520E+00	2.520E+00	2.520E+00
2.140E+00	2.500E+00	7.657E-04	2.501E+00	2.499E+00	2.500E+00	2.500E+00	2.500E+00	2.500E+00
2.150E+00	2.480E+00	7.771E-04	2.481E+00	2.479E+00	2.480E+00	2.480E+00	2.480E+00	2.480E+00
2.160E+00	2.460E+00	7.884E-04	2.461E+00	2.459E+00	2.460E+00	2.460E+00	2.460E+00	2.460E+00
2.170E+00	2.440E+00	7.997E-04	2.441E+00	2.439E+00	2.440E+00	2.440E+00	2.440E+00	2.440E+00
2.180E+00	2.420E+00	8.108E-04	2.421E+00	2.419E+00	2.420E+00	2.420E+00	2.420E+00	2.420E+00
2.190E+00	2.400E+00	8.219E-04	2.401E+00	2.399E+00	2.400E+00	2.400E+00	2.400E+00	2.400E+00
2.200E+00	2.381E+00	8.329E-04	2.381E+00	2.380E+00	2.381E+00	2.381E+00	2.380E+00	2.381E+00
2.210E+00	2.361E+00	8.438E-04	2.362E+00	2.360E+00	2.361E+00	2.361E+00	2.361E+00	2.361E+00
2.220E+00	2.342E+00	8.546E-04	2.342E+00	2.341E+00	2.341E+00	2.342E+00	2.341E+00	2.342E+00
2.230E+00	2.322E+00	8.653E-04	2.323E+00	2.321E+00	2.322E+00	2.322E+00	2.322E+00	2.322E+00
2.240E+00	2.303E+00	8.760E-04	2.304E+00	2.302E+00	2.303E+00	2.303E+00	2.303E+00	2.303E+00
2.250E+00	2.284E+00	8.865E-04	2.284E+00	2.283E+00	2.284E+00	2.284E+00	2.283E+00	2.284E+00
2.260E+00	2.264E+00	8.969E-04	2.265E+00	2.264E+00	2.264E+00	2.265E+00	2.264E+00	2.265E+00
2.270E+00	2.245E+00	9.072E-04	2.246E+00	2.245E+00	2.245E+00	2.246E+00	2.245E+00	2.246E+00
2.280E+00	2.226E+00	9.175E-04	2.227E+00	2.226E+00	2.226E+00	2.227E+00	2.226E+00	2.227E+00
2.290E+00	2.208E+00	9.276E-04	2.209E+00	2.207E+00	2.208E+00	2.208E+00	2.207E+00	2.208E+00
2.300E+00	2.189E+00	9.376E-04	2.190E+00	2.188E+00	2.189E+00	2.189E+00	2.189E+00	2.189E+00
2.310E+00	2.170E+00	9.475E-04	2.171E+00	2.169E+00	2.170E+00	2.170E+00	2.170E+00	2.170E+00
2.320E+00	2.152E+00	9.573E-04	2.152E+00	2.151E+00	2.151E+00	2.152E+00	2.151E+00	2.152E+00
2.330E+00	2.133E+00	9.670E-04	2.134E+00	2.132E+00	2.133E+00	2.133E+00	2.133E+00	2.133E+00
2.340E+00	2.115E+00	9.766E-04	2.116E+00	2.114E+00	2.115E+00	2.115E+00	2.115E+00	2.115E+00
2.350E+00	2.096E+00	9.861E-04	2.097E+00	2.095E+00	2.096E+00	2.096E+00	2.096E+00	2.096E+00
2.360E+00	2.078E+00	9.954E-04	2.079E+00	2.077E+00	2.078E+00	2.078E+00	2.078E+00	2.078E+00
2.370E+00	2.060E+00	1.005E-03	2.061E+00	2.059E+00	2.060E+00	2.060E+00	2.060E+00	2.060E+00
2.380E+00	2.042E+00	1.014E-03	2.043E+00	2.041E+00	2.042E+00	2.042E+00	2.042E+00	2.042E+00
2.390E+00	2.024E+00	1.023E-03	2.025E+00	2.023E+00	2.024E+00	2.024E+00	2.024E+00	2.024E+00
2.400E+00	2.006E+00	1.032E-03	2.007E+00	2.005E+00	2.006E+00	2.006E+00	2.006E+00	2.006E+00
2.410E+00	1.988E+00	1.040E-03	1.989E+00	1.987E+00	1.988E+00	1.989E+00	1.988E+00	1.989E+00
2.420E+00	1.971E+00	1.049E-03	1.972E+00	1.970E+00	1.971E+00	1.971E+00	1.971E+00	1.971E+00
2.430E+00	1.953E+00	1.058E-03	1.954E+00	1.952E+00	1.953E+00	1.953E+00	1.953E+00	1.953E+00
2.440E+00	1.936E+00	1.066E-03	1.937E+00	1.935E+00	1.936E+00	1.936E+00	1.936E+00	1.936E+00
2.450E+00	1.918E+00	1.074E-03	1.920E+00	1.917E+00	1.918E+00	1.919E+00	1.918E+00	1.919E+00
2.460E+00	1.901E+00	1.082E-03	1.902E+00	1.900E+00	1.901E+00	1.901E+00	1.901E+00	1.901E+00
2.470E+00	1.884E+00	1.091E-03	1.885E+00	1.883E+00	1.884E+00	1.884E+00	1.884E+00	1.884E+00
2.480E+00	1.867E+00	1.098E-03	1.868E+00	1.866E+00	1.867E+00	1.867E+00	1.867E+00	1.867E+00
2.490E+00	1.850E+00	1.106E-03	1.851E+00	1.849E+00	1.850E+00	1.850E+00	1.850E+00	1.850E+00
2.500E+00	1.833E+00	1.114E-03	1.834E+00	1.832E+00	1.833E+00	1.833E+00	1.833E+00	1.833E+00
2.510E+00	1.816E+00	1.121E-03	1.817E+00	1.815E+00	1.816E+00	1.816E+00	1.816E+00	1.816E+00
2.520E+00	1.800E+00	1.129E-03	1.801E+00	1.799E+00	1.800E+00	1.800E+00	1.800E+00	1.800E+00
2.530E+00	1.783E+00	1.136E-03	1.784E+00	1.782E+00	1.783E+00	1.783E+00	1.783E+00	1.783E+00
2.540E+00	1.767E+00	1.143E-03	1.768E+00	1.765E+00	1.767E+00	1.767E+00	1.766E+00	1.767E+00
2.550E+00	1.750E+00	1.150E-03	1.751E+00	1.749E+00	1.750E+00	1.750E+00	1.750E+00	1.750E+00
2.560E+00	1.734E+00	1.157E-03	1.735E+00	1.733E+00	1.734E+00	1.734E+00	1.734E+00	1.734E+00
2.570E+00	1.718E+00	1.164E-03	1.719E+00	1.717E+00	1.718E+00	1.718E+00	1.718E+00	1.718E+00
2.580E+00	1.702E+00	1.170E-03	1.703E+00	1.701E+00	1.702E+00	1.702E+00	1.702E+00	1.702E+00
2.590E+00	1.686E+00	1.177E-03	1.687E+00	1.685E+00	1.686E+00	1.686E+00	1.686E+00	1.686E+00
2.600E+00	1.670E+00	1.183E-03	1.671E+00	1.669E+00	1.670E+00	1.670E+00	1.670E+00	1.670E+00
2.610E+00	1.654E+00	1.189E-03	1.655E+00	1.653E+00	1.654E+00	1.654E+00	1.654E+00	1.654E+00
2.620E+00	1.638E+00	1.195E-03	1.640E+00	1.637E+00	1.638E+00	1.638E+00	1.638E+00	1.638E+00
2.630E+00	1.623E+00	1.201E-03	1.624E+00	1.622E+00	1.623E+00	1.623E+00	1.623E+00	1.623E+00
2.640E+00	1.607E+00	1.207E-03	1.608E+00	1.606E+00	1.607E+00	1.607E+00	1.607E+00	1.607E+00
2.650E+00	1.592E+00	1.213E-03	1.593E+00	1.591E+00	1.592E+00	1.592E+00	1.592E+00	1.592E+00
2.660E+00	1.577E+00	1.218E-03	1.578E+00	1.575E+00	1.576E+00	1.577E+00	1.576E+00	1.577E+00
2.670E+00	1.561E+00	1.224E-03	1.563E+00	1.560E+00	1.561E+00	1.561E+00	1.561E+00	1.562E+00
2.680E+00	1.546E+00	1.229E-03	1.548E+00	1.545E+00	1.546E+00	1.546E+00	1.546E+00	1.546E+00
2.690E+00	1.531E+00	1.234E-03	1.533E+00	1.530E+00	1.531E+00	1.531E+00	1.531E+00	1.531E+00
2.700E+00	1.516E+00	1.239E-03	1.518E+00	1.515E+00	1.516E+00	1.517E+00	1.516E+00	1.517E+00
2.710E+00	1.502E+00	1.244E-03	1.503E+00	1.500E+00	1.501E+00	1.502E+00	1.501E+00	1.502E+00
2.720E+00	1.487E+00	1.249E-03	1.488E+00	1.486E+00	1.487E+00	1.487E+00	1.487E+00	1.487E+00
2.730E+00	1.472E+00	1.253E-03	1.474E+00	1.471E+00	1.472E+00	1.472E+00	1.472E+00	1.472E+00
2.740E+00	1.458E+00	1.258E-03	1.459E+00	1.457E+00	1.458E+00	1.458E+00	1.458E+00	1.458E+00
2.750E+00	1.443E+00	1.262E-03	1.445E+00	1.442E+00	1.443E+00	1.444E+00	1.443E+00	1.444E+00
2.760E+00	1.429E+00	1.266E-03	1.430E+00	1.428E+00	1.429E+00	1.429E+00	1.429E+00	1.429E+00
2.770E+00	1.415E+00	1.270E-03	1.416E+00	1.414E+00	1.415E+00	1.415E+00	1.415E+00	1.415E+00
2.780E+00	1.401E+00	1.274E-03	1.402E+00	1.400E+00	1.401E+00	1.401E+00	1.401E+00	1.401E+00
2.790E+00	1.387E+00	1.278E-03	1.388E+00	1.386E+00	1.387E+00	1.387E+00	1.387E+00	1.387E+00
2.800E+00	1.373E+00	1.281E-03	1.374E+00	1.372E+00	1.373E+00	1.373E+00	1.373E+00	1.373E+00
2.810E+00	1.359E+00	1.285E-03	1.360E+00	1.358E+00	1.359E+00	1.359E+00	1.359E+00	1.359E+00
2.820E+00	1.345E+00	1.288E-03	1.347E+00	1.344E+00	1.345E+00	1.345E+00	1.345E+00	1.346E+00
2.830E+00	1.332E+00	1.291E-03	1.333E+00	1.330E+00	1.332E+00	1.332E+00	1.332E+00	1.332E+00
2.840E+00	1.318E+00	1.295E-03	1.320E+00	1.317E+00	1.318E+00	1.318E+00	1.318E+00	1.318E+00
2.850E+00	1.305E+00	1.298E-03	1.306E+00	1.304E+00	1.305E+00	1.305E+00	1.305E+00	1.305E+00
2.860E+00	1.292E+00	1.300E-03	1.293E+00	1.290E+00	1.291E+00	1.292E+00	1.291E+00	1.292E+00
2.870E+00	1.278E+00	1.303E-03	1.280E+00	1.277E+00	1.278E+00	1.278E+00	1.278E+00	1.278E+00
2.880E+00	1.265E+00	1.306E-03	1.266E+00	1.264E+00	1.265E+00	1.265E+00	1.265E+00	1.265E+00
2.890E+00	1.252E+00	1.308E-03	1.253E+00	1.251E+00	1.252E+00	1.252E+00	1.252E+00	1.252E+00
2.900E+00	1.239E+00	1.310E-03	1.241E+00	1.238E+00	1.239E+00	1.239E+00	1.239E+00	1.239E+00
2.910E+00	1.226E+00	1.313E-03	1.228E+00	1.225E+00	1.226E+00	1.226E+00	1.226E+00	1.226E+00
2.920E+00	1.214E+00	1.315E-03	1.215E+00	1.212E+00	1.214E+00	1.214E+00	1.214E+00	1.214E+00
2.930E+00	1.201E+00	1.316E-03	1.202E+00	1.200E+00	1.201E+00	1.201E+00	1.201E+00	1.201E+00
2.940E+00	1.188E+00	1.318E-03	1.190E+00	1.187E+00	1.188E+00	1.189E+00	1.188E+00	1.189E+00
2.950E+00	1.176E+00	1.320E-03	1.177E+00	1.175E+00	1.176E+00	1.176E+00	1.176E+00	1.176E+00
2.960E+00	1.164E+00	1.321E-03	1.165E+00	1.162E+00	1.164E+00	1.164E+00	1.164E+00	1.164E+00
2.970E+00	1.151E+00	1.323E-03	1.153E+00	1.150E+00	1.151E+00	1.152E+00	1.151E+00	1.152E+00
2.980E+00	1.139E+00	1.324E-03	1.141E+00	1.138E+00	1.139E+00	1.139E+00	1.139E+00	1.139E+00
2.990E+00	1.127E+00	1.325E-03	1.128E+00	1.126E+00	1.127E+00	1.127E+00	1.127E+00	1.127E+00
3.000E+00	1.115E+00	1.326E-03	1.116E+00	1.114E+00	1.115E+00	1.115E+00	1.115E+00	1.115E+00
