1.000E-02	6.970E+00	2.501E-03	6.972E+00	6.969E+00	6.972E+00	6.968E+00	6.970E+00	6.970E+00
2.000E-02	6.969E+00	2.488E-03	6.971E+00	6.968E+00	6.971E+00	6.967E+00	6.969E+00	6.969E+00
3.000E-02	6.968E+00	2.471E-03	6.969E+00	6.966E+00	6.970E+00	6.966E+00	6.968E+00	6.968E+00
4.000E-02	6.966E+00	2.451E-03	6.968E+00	6.964E+00	6.968E+00	6.964E+00	6.966E+00	6.966E+00
5.000E-02	6.964E+00	2.429E-03	6.965E+00	6.962E+00	6.966E+00	6.962E+00	6.964E+00	6.964E+00
6.000E-02	6.961E+00	2.404E-03	6.963E+00	6.959E+00	6.963E+00	6.959E+00	6.961E+00	6.961E+00
7.000E-02	6.958E+00	2.378E-03	6.959E+00	6.956E+00	6.960E+00	6.956E+00	6.958E+00	6.958E+00
8.000E-02	6.955E+00	2.351E-03	6.956E+00	6.953E+00	6.956E+00	6.953E+00	6.955E+00	6.955E+00
9.000E-02	6.951E+00	2.323E-03	6.952E+00	6.949E+00	6.953E+00	6.949E+00	6.951E+00	6.951E+00
1.000E-01	6.947E+00	2.294E-03	6.948E+00	6.945E+00	6.949E+00	6.945E+00	6.947E+00	6.947E+00
1.100E-01	6.942E+00	2.264E-03	6.944E+00	6.941E+00	6.944E+00	6.941E+00	6.942E+00	6.942E+00
1.200E-01	6.938E+00	2.234E-03	6.939E+00	6.936E+00	6.940E+00	6.936E+00	6.938E+00	6.938E+00
1.300E-01	6.933E+00	2.204E-03	6.934E+00	6.931E+00	6.935E+00	6.931E+00	6.933E+00	6.933E+00
1.400E-01	6.927E+00	2.173E-03	6.929E+00	6.926E+00	6.929E+00	6.926E+00	6.927E+00	6.927E+00
1.500E-01	6.922E+00	2.143E-03	6.923E+00	6.921E+00	6.924E+00	6.920E+00	6.922E+00	6.922E+00
1.600E-01	6.916E+00	2.113E-03	6.917E+00	6.915E+00	6.918E+00	6.914E+00	6.916E+00	6.916E+00
1.700E-01	6.910E+00	2.084E-03	6.911E+00	6.909E+00	6.911E+00	6.908E+00	6.910E+00	6.910E+00
1.800E-01	6.903E+00	2.055E-03	6.904E+00	6.902E+00	6.905E+00	6.901E+00	6.903E+00	6.903E+00
1.900E-01	6.896E+00	2.026E-03	6.897E+00	6.895E+00	6.898E+00	6.894E+00	6.896E+00	6.896E+00
2.000E-01	6.889E+00	1.998E-03	6.890E+00	6.888E+00	6.891E+00	6.887E+00	6.889E+00	6.889E+00
2.100E-01	6.882E+00	1.971E-03	6.883E+00	6.881E+00	6.884E+00	6.880E+00	6.882E+00	6.882E+00
2.200E-01	6.874E+00	1.945E-03	6.875E+00	6.874E+00	6.876E+00	6.872E+00	6.874E+00	6.874E+00
2.300E-01	6.866E+00	1.921E-03	6.867E+00	6.866E+00	6.868E+00	6.865E+00	6.866E+00	6.866E+00
2.400E-01	6.858E+00	1.897E-03	6.859E+00	6.858E+00	6.860E+00	6.856E+00	6.858E+00	6.858E+00
2.500E-01	6.850E+00	1.874E-03	6.850E+00	6.849E+00	6.852E+00	6.848E+00	6.850E+00	6.850E+00
2.600E-01	6.841E+00	1.853E-03	6.842E+00	6.841E+00	6.843E+00	6.839E+00	6.841E+00	6.841E+00
2.700E-01	6.832E+00	1.833E-03	6.833E+00	6.832E+00	6.834E+00	6.831E+00	6.832E+00	6.832E+00
2.800E-01	6.823E+00	1.815E-03	6.824E+00	6.823E+00	6.825E+00	6.821E+00	6.823E+00	6.823E+00
2.900E-01	6.814E+00	1.798E-03	6.814E+00	6.813E+00	6.816E+00	6.812E+00	6.814E+00	6.814E+00
3.000E-01	6.804E+00	1.783E-03	6.804E+00	6.804E+00	6.806E+00	6.802E+00	6.804E+00	6.804E+00
3.100E-01	6.794E+00	1.769E-03	6.795E+00	6.794E+00	6.796E+00	6.793E+00	6.794E+00	6.794E+00
3.200E-01	6.784E+00	1.757E-03	6.784E+00	6.784E+00	6.786E+00	6.782E+00	6.784E+00	6.784E+00
3.300E-01	6.774E+00	1.746E-03	6.774E+00	6.774E+00	6.776E+00	6.772E+00	6.774E+00	6.774E+00
3.400E-01	6.763E+00	1.737E-03	6.763E+00	6.763E+00	6.765E+00	6.762E+00	6.763E+00	6.763E+00
3.500E-01	6.752E+00	1.730E-03	6.752E+00	6.752E+00	6.754E+00	6.751E+00	6.753E+00	6.752E+00
3.600E-01	6.741E+00	1.724E-03	6.741E+00	6.742E+00	6.743E+00	6.740E+00	6.742E+00	6.741E+00
3.700E-01	6.730E+00	1.720E-03	6.730E+00	6.730E+00	6.732E+00	6.728E+00	6.730E+00	6.730E+00
3.800E-01	6.719E+00	1.718E-03	6.719E+00	6.719E+00	6.720E+00	6.717E+00	6.719E+00	6.719E+00
3.900E-01	6.707E+00	1.717E-03	6.707E+00	6.707E+00	6.709E+00	6.705E+00	6.707E+00	6.707E+00
4.000E-01	6.695E+00	1.718E-03	6.695E+00	6.695E+00	6.697E+00	6.693E+00	6.695E+00	6.695E+00
4.100E-01	6.683E+00	1.720E-03	6.683E+00	6.683E+00	6.685E+00	6.681E+00	6.683E+00	6.683E+00
4.200E-01	6.671E+00	1.724E-03	6.670E+00	6.671E+00	6.672E+00	6.669E+00	6.671E+00	6.671E+00
4.300E-01	6.658E+00	1.729E-03	6.658E+00	6.659E+00	6.660E+00	6.656E+00	6.658E+00	6.658E+00
4.400E-01	6.645E+00	1.735E-03	6.645E+00	6.646E+00	6.647E+00	6.644E+00	6.645E+00	6.645E+00
4.500E-01	6.632E+00	1.742E-03	6.632E+00	6.633E+00	6.634E+00	6.631E+00	6.633E+00	6.632E+00
4.600E-01	6.619E+00	1.751E-03	6.619E+00	6.620E+00	6.621E+00	6.618E+00	6.619E+00	6.619E+00
4.700E-01	6.606E+00	1.760E-03	6.605E+00	6.607E+00	6.608E+00	6.604E+00	6.606E+00	6.606E+00
4.800E-01	6.592E+00	1.771E-03	6.592E+00	6.593E+00	6.594E+00	6.591E+00	6.593E+00	6.592E+00
4.900E-01	6.579E+00	1.783E-03	6.578E+00	6.579E+00	6.580E+00	6.577E+00	6.579E+00	6.579E+00
5.000E-01	6.565E+00	1.795E-03	6.564E+00	6.566E+00	6.566E+00	6.563E+00	6.565E+00	6.565E+00
5.100E-01	6.551E+00	1.808E-03	6.550E+00	6.551E+00	6.552E+00	6.549E+00	6.551E+00	6.551E+00
5.200E-01	6.536E+00	1.822E-03	6.535E+00	6.537E+00	6.538E+00	6.535E+00	6.536E+00	6.536E+00
5.300E-01	6.522E+00	1.837E-03	6.521E+00	6.523E+00	6.523E+00	6.520E+00	6.522E+00	6.522E+00
5.400E-01	6.507E+00	1.852E-03	6.506E+00	6.508E+00	6.509E+00	6.506E+00	6.507E+00	6.507E+00
5.500E-01	6.492E+00	1.867E-03	6.491E+00	6.493E+00	6.494E+00	6.491E+00	6.492E+00	6.492E+00
5.600E-01	6.477E+00	1.883E-03	6.476E+00	6.478E+00	6.479E+00	6.476E+00	6.477E+00	6.477E+00
5.700E-01	6.462E+00	1.899E-03	6.461E+00	6.463E+00	6.464E+00	6.461E+00	6.462E+00	6.462E+00
5.800E-01	6.447E+00	1.915E-03	6.446E+00	6.448E+00	6.448E+00	6.445E+00	6.447E+00	6.447E+00
5.900E-01	6.431E+00	1.932E-03	6.430E+00	6.432E+00	6.433E+00	6.430E+00	6.431E+00	6.431E+00
6.000E-01	6.416E+00	1.948E-03	6.414E+00	6.417E+00	6.417E+00	6.414E+00	6.416E+00	6.415E+00
6.100E-01	6.400E+00	1.965E-03	6.398E+00	6.401E+00	6.401E+00	6.398E+00	6.400E+00	6.400E+00
6.200E-01	6.384E+00	1.982E-03	6.382E+00	6.385E+00	6.385E+00	6.382E+00	6.384E+00	6.383E+00
6.300E-01	6.367E+00	1.998E-03	6.366E+00	6.369E+00	6.369E+00	6.366E+00	6.368E+00	6.367E+00
6.400E-01	6.351E+00	2.015E-03	6.350E+00	6.352E+00	6.353E+00	6.350E+00	6.351E+00	6.351E+00
6.500E-01	6.335E+00	2.031E-03	6.333E+00	6.336E+00	6.336E+00	6.333E+00	6.335E+00	6.334E+00
6.600E-01	6.318E+00	2.048E-03	6.316E+00	6.319E+00	6.319E+00	6.316E+00	6.318E+00	6.318E+00
6.700E-01	6.301E+00	2.064E-03	6.300E+00	6.302E+00	6.302E+00	6.300E+00	6.301E+00	6.301E+00
6.800E-01	6.284E+00	2.079E-03	6.283E+00	6.286E+00	6.285E+00	6.283E+00	6.284E+00	6.284E+00
6.900E-01	6.267E+00	2.095E-03	6.265E+00	6.268E+00	6.268E+00	6.265E+00	6.267E+00	6.267E+00
7.000E-01	6.250E+00	2.109E-03	6.248E+00	6.251E+00	6.251E+00	6.248E+00	6.250E+00	6.249E+00
7.100E-01	6.232E+00	2.124E-03	6.231E+00	6.234E+00	6.234E+00	6.231E+00	6.232E+00	6.232E+00
7.200E-01	6.215E+00	2.138E-03	6.213E+00	6.216E+00	6.216E+00	6.213E+00	6.215E+00	6.214E+00
7.300E-01	6.197E+00	2.152E-03	6.195E+00	6.199E+00	6.198E+00	6.196E+00	6.197E+00	6.197E+00
7.400E-01	6.179E+00	2.165E-03	6.177E+00	6.181E+00	6.180E+00	6.178E+00	6.179E+00	6.179E+00
7.500E-01	6.161E+00	2.178E-03	6.159E+00	6.163E+00	6.162E+00	6.160E+00	6.161E+00	6.161E+00
7.600E-01	6.143E+00	2.190E-03	6.141E+00	6.145E+00	6.144E+00	6.142E+00	6.143E+00	6.143E+00
7.700E-01	6.125E+00	2.201E-03	6.123E+00	6.126E+00	6.126E+00	6.123E+00	6.125E+00	6.125E+00
7.800E-01	6.106E+00	2.212E-03	6.105E+00	6.108E+00	6.108E+00	6.105E+00	6.107E+00	6.106E+00
7.900E-01	6.088E+00	2.222E-03	6.086E+00	6.090E+00	6.089E+00	6.087E+00	6.088E+00	6.088E+00
8.000E-01	6.069E+00	2.232E-03	6.067E+00	6.071E+00	6.070E+00	6.068E+00	6.069E+00	6.069E+00
8.100E-01	6.050E+00	2.241E-03	6.049E+00	6.052E+00	6.052E+00	6.049E+00	6.051E+00	6.050E+00
8.200E-01	6.032E+00	2.249E-03	6.030E+00	6.033E+00	6.033E+00	6.030E+00	6.032E+00	6.031E+00
8.300E-01	6.013E+00	2.257E-03	6.011E+00	6.014E+00	6.014E+00	6.011E+00	6.013E+00	6.012E+00
8.400E-01	5.993E+00	2.264E-03	5.992E+00	5.995E+00	5.995E+00	5.992E+00	5.994E+00	5.993E+00
8.500E-01	5.974E+00	2.270E-03	5.972E+00	5.976E+00	5.975E+00	5.973E+00	5.974E+00	5.974E+00
8.600E-01	5.955E+00	2.276E-03	5.953E+00	5.957E+00	5.956E+00	5.954E+00	5.955E+00	5.955E+00
8.700E-01	5.935E+00	2.281E-03	5.933E+00	5.937E+00	5.937E+00	5.934E+00	5.936E+00	5.935E+00
8.800E-01	5.916E+00	2.285E-03	5.914E+00	5.918E+00	5.917E+00	5.915E+00	5.916E+00	5.916E+00
8.900E-01	5.896E+00	2.288E-03	5.894E+00	5.898E+00	5.897E+00	5.895E+00	5.896E+00	5.896E+00
9.000E-01	5.876E+00	2.291E-03	5.874E+00	5.878E+00	5.877E+00	5.875E+00	5.876E+00	5.876E+00
9.100E-01	5.856E+00	2.292E-03	5.854E+00	5.858E+00	5.858E+00	5.855E+00	5.857E+00	5.856E+00
9.200E-01	5.836E+00	2.293E-03	5.834E+00	5.838E+00	5.838E+00	5.835E+00	5.837E+00	5.836E+00
9.300E-01	5.816E+00	2.293E-03	5.814E+00	5.818E+00	5.817E+00	5.815E+00	5.816E+00	5.816E+00
9.400E-01	5.796E+00	2.293E-03	5.794E+00	5.798E+00	5.797E+00	5.795E+00	5.796E+00	5.796E+00
9.500E-01	5.776E+00	2.291E-03	5.774E+00	5.778E+00	5.777E+00	5.775E+00	5.776E+00	5.776E+00
9.600E-01	5.755E+00	2.289E-03	5.753E+00	5.757E+00	5.756E+00	5.754E+00	5.756E+00	5.755E+00
9.700E-01	5.735E+00	2.286E-03	5.733E+00	5.737E+00	5.736E+00	5.734E+00	5.735E+00	5.735E+00
9.800E-01	5.714E+00	2.282E-03	5.712E+00	5.716E+00	5.715E+00	5.713E+00	5.715E+00	5.714E+00
9.900E-01	5.694E+00	2.278E-03	5.692E+00	5.696E+00	5.695E+00	5.693E+00	5.694E+00	5.693E+00
1.000E+00	5.673E+00	2.272E-03	5.671E+00	5.675E+00	5.674E+00	5.672E+00	5.673E+00	5.673E+00
1.010E+00	5.652E+00	2.266E-03	5.650E+00	5.654E+00	5.653E+00	5.651E+00	5.652E+00	5.652E+00
1.020E+00	5.631E+00	2.259E-03	5.629E+00	5.633E+00	5.632E+00	5.630E+00	5.631E+00	5.631E+00
1.030E+00	5.610E+00	2.251E-03	5.608E+00	5.612E+00	5.611E+00	5.609E+00	5.610E+00	5.610E+00
1.040E+00	5.589E+00	2.243E-03	5.587E+00	5.591E+00	5.590E+00	5.588E+00	5.589E+00	5.589E+00
1.050E+00	5.568E+00	2.233E-03	5.566E+00	5.570E+00	5.569E+00	5.567E+00	5.568E+00	5.568E+00
1.060E+00	5.547E+00	2.223E-03	5.545E+00	5.549E+00	5.548E+00	5.546E+00	5.547E+00	5.546E+00
1.070E+00	5.525E+00	2.212E-03	5.523E+00	5.527E+00	5.526E+00	5.524E+00	5.526E+00	5.525E+00
1.080E+00	5.504E+00	2.200E-03	5.502E+00	5.506E+00	5.505E+00	5.503E+00	5.504E+00	5.504E+00
1.090E+00	5.482E+00	2.187E-03	5.480E+00	5.484E+00	5.483E+00	5.481E+00	5.483E+00	5.482E+00
1.100E+00	5.461E+00	2.174E-03	5.459E+00	5.463E+00	5.462E+00	5.460E+00	5.461E+00	5.461E+00
1.110E+00	5.439E+00	2.160E-03	5.437E+00	5.441E+00	5.440E+00	5.438E+00	5.440E+00	5.439E+00
1.120E+00	5.418E+00	2.145E-03	5.416E+00	5.420E+00	5.419E+00	5.417E+00	5.418E+00	5.417E+00
1.130E+00	5.396E+00	2.129E-03	5.394E+00	5.398E+00	5.397E+00	5.395E+00	5.396E+00	5.396E+00
1.140E+00	5.374E+00	2.112E-03	5.372E+00	5.376E+00	5.375E+00	5.373E+00	5.374E+00	5.374E+00
1.150E+00	5.352E+00	2.095E-03	5.350E+00	5.354E+00	5.353E+00	5.351E+00	5.352E+00	5.352E+00
1.160E+00	5.330E+00	2.077E-03	5.328E+00	5.332E+00	5.331E+00	5.329E+00	5.331E+00	5.330E+00
1.170E+00	5.308E+00	2.058E-03	5.306E+00	5.310E+00	5.309E+00	5.308E+00	5.309E+00	5.308E+00
1.180E+00	5.286E+00	2.038E-03	5.284E+00	5.288E+00	5.287E+00	5.285E+00	5.287E+00	5.286E+00
1.190E+00	5.264E+00	2.018E-03	5.262E+00	5.266E+00	5.265E+00	5.263E+00	5.265E+00	5.264E+00
1.200E+00	5.242E+00	1.997E-03	5.240E+00	5.244E+00	5.243E+00	5.241E+00	5.242E+00	5.242E+00
1.210E+00	5.220E+00	1.975E-03	5.218E+00	5.222E+00	5.221E+00	5.219E+00	5.220E+00	5.220E+00
1.220E+00	5.198E+00	1.952E-03	5.196E+00	5.199E+00	5.198E+00	5.197E+00	5.198E+00	5.197E+00
1.230E+00	5.175E+00	1.929E-03	5.174E+00	5.177E+00	5.176E+00	5.175E+00	5.176E+00	5.175E+00
1.240E+00	5.153E+00	1.905E-03	5.151E+00	5.155E+00	5.154E+00	5.152E+00	5.153E+00	5.153E+00
1.250E+00	5.131E+00	1.880E-03	5.129E+00	5.132E+00	5.131E+00	5.130E+00	5.131E+00	5.130E+00
1.260E+00	5.108E+00	1.855E-03	5.107E+00	5.110E+00	5.109E+00	5.108E+00	5.109E+00	5.108E+00
1.270E+00	5.086E+00	1.829E-03	5.084E+00	5.088E+00	5.087E+00	5.085E+00	5.086E+00	5.086E+00
1.280E+00	5.063E+00	1.802E-03	5.062E+00	5.065E+00	5.064E+00	5.063E+00	5.064E+00	5.063E+00
1.290E+00	5.041E+00	1.775E-03	5.039E+00	5.042E+00	5.042E+00	5.040E+00	5.041E+00	5.041E+00
1.300E+00	5.018E+00	1.747E-03	5.017E+00	5.020E+00	5.019E+00	5.018E+00	5.019E+00	5.018E+00
1.310E+00	4.996E+00	1.718E-03	4.994E+00	4.997E+00	4.996E+00	4.995E+00	4.996E+00	4.995E+00
1.320E+00	4.973E+00	1.689E-03	4.972E+00	4.975E+00	4.974E+00	4.972E+00	4.973E+00	4.973E+00
1.330E+00	4.950E+00	1.659E-03	4.949E+00	4.952E+00	4.951E+00	4.950E+00	4.951E+00	4.950E+00
1.340E+00	4.928E+00	1.628E-03	4.926E+00	4.929E+00	4.928E+00	4.927E+00	4.928E+00	4.927E+00
1.350E+00	4.905E+00	1.597E-03	4.904E+00	4.906E+00	4.906E+00	4.904E+00	4.905E+00	4.905E+00
1.360E+00	4.882E+00	1.566E-03	4.881E+00	4.884E+00	4.883E+00	4.882E+00	4.883E+00	4.882E+00
1.370E+00	4.859E+00	1.533E-03	4.858E+00	4.861E+00	4.860E+00	4.859E+00	4.860E+00	4.859E+00
1.380E+00	4.837E+00	1.501E-03	4.835E+00	4.838E+00	4.837E+00	4.836E+00	4.837E+00	4.836E+00
1.390E+00	4.814E+00	1.467E-03	4.813E+00	4.815E+00	4.814E+00	4.813E+00	4.814E+00	4.814E+00
1.400E+00	4.791E+00	1.433E-03	4.790E+00	4.792E+00	4.792E+00	4.791E+00	4.791E+00	4.791E+00
1.410E+00	4.768E+00	1.399E-03	4.767E+00	4.769E+00	4.769E+00	4.768E+00	4.769E+00	4.768E+00
1.420E+00	4.745E+00	1.364E-03	4.744E+00	4.747E+00	4.746E+00	4.745E+00	4.746E+00	4.745E+00
1.430E+00	4.722E+00	1.329E-03	4.721E+00	4.724E+00	4.723E+00	4.722E+00	4.723E+00	4.722E+00
1.440E+00	4.700E+00	1.293E-03	4.698E+00	4.701E+00	4.700E+00	4.699E+00	4.700E+00	4.699E+00
1.450E+00	4.677E+00	1.257E-03	4.676E+00	4.678E+00	4.677E+00	4.676E+00	4.677E+00	4.676E+00
1.460E+00	4.654E+00	1.221E-03	4.653E+00	4.655E+00	4.654E+00	4.653E+00	4.654E+00	4.653E+00
1.470E+00	4.631E+00	1.184E-03	4.630E+00	4.632E+00	4.631E+00	4.630E+00	4.631E+00	4.630E+00
1.480E+00	4.608E+00	1.147E-03	4.607E+00	4.609E+00	4.608E+00	4.607E+00	4.608E+00	4.608E+00
1.490E+00	4.585E+00	1.109E-03	4.584E+00	4.586E+00	4.585E+00	4.584E+00	4.585E+00	4.585E+00
1.500E+00	4.562E+00	1.072E-03	4.561E+00	4.563E+00	4.562E+00	4.562E+00	4.562E+00	4.562E+00
1.510E+00	4.539E+00	1.034E-03	4.538E+00	4.540E+00	4.539E+00	4.539E+00	4.539E+00	4.539E+00
1.520E+00	4.516E+00	9.954E-04	4.515E+00	4.517E+00	4.516E+00	4.516E+00	4.516E+00	4.516E+00
1.530E+00	4.493E+00	9.572E-04	4.492E+00	4.494E+00	4.493E+00	4.493E+00	4.493E+00	4.493E+00
1.540E+00	4.470E+00	9.188E-04	4.469E+00	4.471E+00	4.471E+00	4.470E+00	4.470E+00	4.470E+00
1.550E+00	4.447E+00	8.804E-04	4.446E+00	4.448E+00	4.448E+00	4.447E+00	4.448E+00	4.447E+00
1.560E+00	4.424E+00	8.421E-04	4.424E+00	4.425E+00	4.425E+00	4.424E+00	4.425E+00	4.424E+00
1.570E+00	4.401E+00	8.040E-04	4.401E+00	4.402E+00	4.402E+00	4.401E+00	4.402E+00	4.401E+00
1.580E+00	4.378E+00	7.661E-04	4.378E+00	4.379E+00	4.379E+00	4.378E+00	4.379E+00	4.378E+00
1.590E+00	4.355E+00	7.287E-04	4.355E+00	4.356E+00	4.356E+00	4.355E+00	4.356E+00	4.355E+00
1.600E+00	4.333E+00	6.917E-04	4.332E+00	4.333E+00	4.333E+00	4.332E+00	4.333E+00	4.332E+00
1.610E+00	4.310E+00	6.555E-04	4.309E+00	4.310E+00	4.310E+00	4.309E+00	4.310E+00	4.309E+00
1.620E+00	4.287E+00	6.203E-04	4.286E+00	4.287E+00	4.287E+00	4.286E+00	4.287E+00	4.286E+00
1.630E+00	4.264E+00	5.863E-04	4.263E+00	4.264E+00	4.264E+00	4.264E+00	4.264E+00	4.263E+00
1.640E+00	4.241E+00	5.538E-04	4.241E+00	4.241E+00	4.241E+00	4.241E+00	4.241E+00	4.241E+00
1.650E+00	4.218E+00	5.232E-04	4.218E+00	4.218E+00	4.218E+00	4.218E+00	4.218E+00	4.218E+00
1.660E+00	4.195E+00	4.950E-04	4.195E+00	4.195E+00	4.195E+00	4.195E+00	4.196E+00	4.195E+00
1.670E+00	4.172E+00	4.698E-04	4.172E+00	4.173E+00	4.173E+00	4.172E+00	4.173E+00	4.172E+00
1.680E+00	4.150E+00	4.480E-04	4.149E+00	4.150E+00	4.150E+00	4.149E+00	4.150E+00	4.149E+00
1.690E+00	4.127E+00	4.304E-04	4.127E+00	4.127E+00	4.127E+00	4.127E+00	4.127E+00	4.126E+00
1.700E+00	4.104E+00	4.176E-04	4.104E+00	4.104E+00	4.104E+00	4.104E+00	4.104E+00	4.104E+00
1.710E+00	4.081E+00	4.102E-04	4.081E+00	4.081E+00	4.081E+00	4.081E+00	4.082E+00	4.081E+00
1.720E+00	4.058E+00	4.085E-04	4.059E+00	4.058E+00	4.059E+00	4.058E+00	4.059E+00	4.058E+00
1.730E+00	4.036E+00	4.127E-04	4.036E+00	4.036E+00	4.036E+00	4.036E+00	4.036E+00	4.035E+00
1.740E+00	4.013E+00	4.227E-04	4.013E+00	4.013E+00	4.013E+00	4.013E+00	4.013E+00	4.013E+00
1.750E+00	3.990E+00	4.382E-04	3.991E+00	3.990E+00	3.991E+00	3.990E+00	3.991E+00	3.990E+00
1.760E+00	3.968E+00	4.587E-04	3.968E+00	3.968E+00	3.968E+00	3.968E+00	3.968E+00	3.967E+00
1.770E+00	3.945E+00	4.836E-04	3.946E+00	3.945E+00	3.945E+00	3.945E+00	3.946E+00	3.945E+00
1.780E+00	3.923E+00	5.124E-04	3.923E+00	3.922E+00	3.923E+00	3.923E+00	3.923E+00	3.922E+00
1.790E+00	3.900E+00	5.444E-04	3.901E+00	3.900E+00	3.900E+00	3.900E+00	3.901E+00	3.900E+00
1.800E+00	3.878E+00	5.792E-04	3.878E+00	3.877E+00	3.878E+00	3.878E+00	3.878E+00	3.877E+00
1.810E+00	3.855E+00	6.164E-04	3.856E+00	3.855E+00	3.855E+00	3.855E+00	3.856E+00	3.855E+00
1.820E+00	3.833E+00	6.556E-04	3.833E+00	3.832E+00	3.833E+00	3.833E+00	3.833E+00	3.832E+00
1.830E+00	3.810E+00	6.964E-04	3.811E+00	3.810E+00	3.810E+00	3.810E+00	3.811E+00	3.810E+00
1.840E+00	3.788E+00	7.386E-04	3.789E+00	3.787E+00	3.788E+00	3.788E+00	3.788E+00	3.788E+00
1.850E+00	3.766E+00	7.821E-04	3.766E+00	3.765E+00	3.766E+00	3.766E+00	3.766E+00	3.765E+00
1.860E+00	3.743E+00	8.265E-04	3.744E+00	3.743E+00	3.743E+00	3.743E+00	3.744E+00	3.743E+00
1.870E+00	3.721E+00	8.719E-04	3.722E+00	3.720E+00	3.721E+00	3.721E+00	3.721E+00	3.721E+00
1.880E+00	3.699E+00	9.180E-04	3.700E+00	3.698E+00	3.699E+00	3.699E+00	3.699E+00	3.698E+00
1.890E+00	3.677E+00	9.648E-04	3.678E+00	3.676E+00	3.677E+00	3.677E+00	3.677E+00	3.676E+00
1.900E+00	3.655E+00	1.012E-03	3.655E+00	3.654E+00	3.655E+00	3.655E+00	3.655E+00	3.654E+00
1.910E+00	3.632E+00	1.060E-03	3.633E+00	3.631E+00	3.632E+00	3.632E+00	3.633E+00	3.632E+00
1.920E+00	3.610E+00	1.108E-03	3.611E+00	3.609E+00	3.610E+00	3.610E+00	3.611E+00	3.610E+00
1.930E+00	3.588E+00	1.157E-03	3.590E+00	3.587E+00	3.588E+00	3.588E+00	3.589E+00	3.588E+00
1.940E+00	3.566E+00	1.206E-03	3.568E+00	3.565E+00	3.566E+00	3.567E+00	3.567E+00	3.566E+00
1.950E+00	3.545E+00	1.255E-03	3.546E+00	3.543E+00	3.545E+00	3.545E+00	3.545E+00	3.544E+00
1.960E+00	3.523E+00	1.305E-03	3.524E+00	3.521E+00	3.523E+00	3.523E+00	3.523E+00	3.522E+00
1.970E+00	3.501E+00	1.354E-03	3.502E+00	3.500E+00	3.501E+00	3.501E+00	3.501E+00	3.501E+00
1.980E+00	3.479E+00	1.404E-03	3.480E+00	3.478E+00	3.479E+00	3.479E+00	3.480E+00	3.479E+00
1.990E+00	3.457E+00	1.454E-03	3.459E+00	3.456E+00	3.457E+00	3.458E+00	3.458E+00	3.457E+00
2.000E+00	3.436E+00	1.505E-03	3.437E+00	3.434E+00	3.436E+00	3.436E+00	3.436E+00	3.435E+00
2.010E+00	3.414E+00	1.555E-03	3.416E+00	3.413E+00	3.414E+00	3.414E+00	3.415E+00	3.414E+00
2.020E+00	3.393E+00	1.605E-03	3.394E+00	3.391E+00	3.392E+00	3.393E+00	3.393E+00	3.392E+00
2.030E+00	3.371E+00	1.656E-03	3.373E+00	3.370E+00	3.371E+00	3.371E+00	3.372E+00	3.371E+00
2.040E+00	3.350E+00	1.706E-03	3.351E+00	3.348E+00	3.350E+00	3.350E+00	3.350E+00	3.349E+00
2.050E+00	3.328E+00	1.757E-03	3.330E+00	3.327E+00	3.328E+00	3.328E+00	3.329E+00	3.328E+00
2.060E+00	3.307E+00	1.807E-03	3.309E+00	3.305E+00	3.307E+00	3.307E+00	3.307E+00	3.307E+00
2.070E+00	3.286E+00	1.858E-03	3.287E+00	3.284E+00	3.285E+00	3.286E+00	3.286E+00	3.285E+00
2.080E+00	3.264E+00	1.908E-03	3.266E+00	3.263E+00	3.264E+00	3.265E+00	3.265E+00	3.264E+00
2.090E+00	3.243E+00	1.959E-03	3.245E+00	3.241E+00	3.243E+00	3.243E+00	3.244E+00	3.243E+00
2.100E+00	3.222E+00	2.009E-03	3.224E+00	3.220E+00	3.222E+00	3.222E+00	3.223E+00	3.222E+00
2.110E+00	3.201E+00	2.059E-03	3.203E+00	3.199E+00	3.201E+00	3.201E+00	3.202E+00	3.201E+00
2.120E+00	3.180E+00	2.110E-03	3.182E+00	3.178E+00	3.180E+00	3.180E+00	3.181E+00	3.180E+00
2.130E+00	3.159E+00	2.160E-03	3.161E+00	3.157E+00	3.159E+00	3.159E+00	3.160E+00	3.159E+00
2.140E+00	3.138E+00	2.210E-03	3.141E+00	3.136E+00	3.138E+00	3.139E+00	3.139E+00	3.138E+00
2.150E+00	3.118E+00	2.260E-03	3.120E+00	3.115E+00	3.117E+00	3.118E+00	3.118E+00	3.117E+00
2.160E+00	3.097E+00	2.310E-03	3.099E+00	3.095E+00	3.097E+00	3.097E+00	3.097E+00	3.096E+00
2.170E+00	3.076E+00	2.359E-03	3.078E+00	3.074E+00	3.076E+00	3.076E+00	3.077E+00	3.076E+00
2.180E+00	3.056E+00	2.409E-03	3.058E+00	3.053E+00	3.055E+00	3.056E+00	3.056E+00	3.055E+00
2.190E+00	3.035E+00	2.458E-03	3.037E+00	3.033E+00	3.035E+00	3.035E+00	3.035E+00	3.035E+00
2.200E+00	3.015E+00	2.508E-03	3.017E+00	3.012E+00	3.014E+00	3.015E+00	3.015E+00	3.014E+00
2.210E+00	2.994E+00	2.557E-03	2.997E+00	2.992E+00	2.994E+00	2.994E+00	2.995E+00	2.994E+00
2.220E+00	2.974E+00	2.606E-03	2.976E+00	2.971E+00	2.973E+00	2.974E+00	2.974E+00	2.973E+00
2.230E+00	2.953E+00	2.655E-03	2.956E+00	2.951E+00	2.953E+00	2.954E+00	2.954E+00	2.953E+00
2.240E+00	2.933E+00	2.703E-03	2.936E+00	2.931E+00	2.933E+00	2.934E+00	2.934E+00	2.933E+00
2.250E+00	2.913E+00	2.751E-03	2.916E+00	2.910E+00	2.913E+00	2.913E+00	2.914E+00	2.913E+00
2.260E+00	2.893E+00	2.800E-03	2.896E+00	2.890E+00	2.893E+00	2.893E+00	2.893E+00	2.893E+00
2.270E+00	2.873E+00	2.847E-03	2.876E+00	2.870E+00	2.873E+00	2.873E+00	2.873E+00	2.873E+00
2.280E+00	2.853E+00	2.895E-03	2.856E+00	2.850E+00	2.853E+00	2.853E+00	2.854E+00	2.853E+00
2.290E+00	2.833E+00	2.943E-03	2.836E+00	2.830E+00	2.833E+00	2.834E+00	2.834E+00	2.833E+00
2.300E+00	2.813E+00	2.990E-03	2.816E+00	2.811E+00	2.813E+00	2.814E+00	2.814E+00	2.813E+00
2.310E+00	2.794E+00	3.037E-03	2.797E+00	2.791E+00	2.793E+00	2.794E+00	2.794E+00	2.793E+00
2.320E+00	2.774E+00	3.083E-03	2.777E+00	2.771E+00	2.774E+00	2.774E+00	2.775E+00	2.774E+00
2.330E+00	2.755E+00	3.130E-03	2.758E+00	2.751E+00	2.754E+00	2.755E+00	2.755E+00	2.754E+00
2.340E+00	2.735E+00	3.176E-03	2.738E+00	2.732E+00	2.735E+00	2.735E+00	2.735E+00	2.735E+00
2.350E+00	2.716E+00	3.222E-03	2.719E+00	2.712E+00	2.715E+00	2.716E+00	2.716E+00	2.715E+00
2.360E+00	2.696E+00	3.267E-03	2.699E+00	2.693E+00	2.696E+00	2.697E+00	2.697E+00	2.696E+00
2.370E+00	2.677E+00	3.313E-03	2.680E+00	2.674E+00	2.677E+00	2.677E+00	2.677E+00	2.677E+00
2.380E+00	2.658E+00	3.358E-03	2.661E+00	2.654E+00	2.657E+00	2.658E+00	2.658E+00	2.657E+00
2.390E+00	2.639E+00	3.402E-03	2.642E+00	2.635E+00	2.638E+00	2.639E+00	2.639E+00	2.638E+00
2.400E+00	2.620E+00	3.447E-03	2.623E+00	2.616E+00	2.619E+00	2.620E+00	2.620E+00	2.619E+00
2.410E+00	2.601E+00	3.491E-03	2.604E+00	2.597E+00	2.600E+00	2.601E+00	2.601E+00	2.600E+00
2.420E+00	2.582E+00	3.534E-03	2.585E+00	2.578E+00	2.581E+00	2.582E+00	2.582E+00	2.581E+00
2.430E+00	2.563E+00	3.578E-03	2.566E+00	2.559E+00	2.562E+00	2.563E+00	2.563E+00	2.562E+00
2.440E+00	2.544E+00	3.621E-03	2.548E+00	2.541E+00	2.544E+00	2.545E+00	2.545E+00	2.544E+00
2.450E+00	2.525E+00	3.664E-03	2.529E+00	2.522E+00	2.525E+00	2.526E+00	2.526E+00	2.525E+00
2.460E+00	2.507E+00	3.706E-03	2.511E+00	2.503E+00	2.506E+00	2.507E+00	2.507E+00	2.506E+00
2.470E+00	2.488E+00	3.748E-03	2.492E+00	2.485E+00	2.488E+00	2.489E+00	2.489E+00	2.488E+00
2.480E+00	2.470E+00	3.790E-03	2.474E+00	2.466E+00	2.469E+00	2.470E+00	2.470E+00	2.470E+00
2.490E+00	2.452E+00	3.831E-03	2.455E+00	2.448E+00	2.451E+00	2.452E+00	2.452E+00	2.451E+00
2.500E+00	2.433E+00	3.872E-03	2.437E+00	2.429E+00	2.433E+00	2.434E+00	2.434E+00	2.433E+00
2.510E+00	2.415E+00	3.913E-03	2.419E+00	2.411E+00	2.415E+00	2.416E+00	2.416E+00	2.415E+00
2.520E+00	2.397E+00	3.953E-03	2.401E+00	2.393E+00	2.397E+00	2.397E+00	2.397E+00	2.397E+00
2.530E+00	2.379E+00	3.993E-03	2.383E+00	2.375E+00	2.379E+00	2.379E+00	2.379E+00	2.379E+00
2.540E+00	2.361E+00	4.032E-03	2.365E+00	2.357E+00	2.361E+00	2.361E+00	2.361E+00	2.361E+00
2.550E+00	2.343E+00	4.071E-03	2.347E+00	2.339E+00	2.343E+00	2.344E+00	2.344E+00	2.343E+00
2.560E+00	2.325E+00	4.110E-03	2.329E+00	2.321E+00	2.325E+00	2.326E+00	2.326E+00	2.325E+00
2.570E+00	2.308E+00	4.148E-03	2.312E+00	2.304E+00	2.307E+00	2.308E+00	2.308E+00	2.307E+00
2.580E+00	2.290E+00	4.186E-03	2.294E+00	2.286E+00	2.290E+00	2.291E+00	2.290E+00	2.290E+00
2.590E+00	2.272E+00	4.223E-03	2.277E+00	2.268E+00	2.272E+00	2.273E+00	2.273E+00	2.272E+00
2.600E+00	2.255E+00	4.260E-03	2.259E+00	2.251E+00	2.255E+00	2.256E+00	2.255E+00	2.255E+00
2.610E+00	2.238E+00	4.297E-03	2.242E+00	2.233E+00	2.237E+00	2.238E+00	2.238E+00	2.237E+00
2.620E+00	2.220E+00	4.333E-03	2.225E+00	2.216E+00	2.220E+00	2.221E+00	2.221E+00	2.220E+00
2.630E+00	2.203E+00	4.369E-03	2.207E+00	2.199E+00	2.203E+00	2.204E+00	2.204E+00	2.203E+00
2.640E+00	2.186E+00	4.405E-03	2.190E+00	2.182E+00	2.185E+00	2.186E+00	2.186E+00	2.186E+00
2.650E+00	2.169E+00	4.440E-03	2.173E+00	2.165E+00	2.168E+00	2.169E+00	2.169E+00	2.169E+00
2.660E+00	2.152E+00	4.474E-03	2.156E+00	2.148E+00	2.151E+00	2.152E+00	2.152E+00	2.152E+00
2.670E+00	2.135E+00	4.508E-03	2.140E+00	2.131E+00	2.135E+00	2.136E+00	2.135E+00	2.135E+00
2.680E+00	2.118E+00	4.542E-03	2.123E+00	2.114E+00	2.118E+00	2.119E+00	2.119E+00	2.118E+00
2.690E+00	2.102E+00	4.575E-03	2.106E+00	2.097E+00	2.101E+00	2.102E+00	2.102E+00	2.101E+00
2.700E+00	2.085E+00	4.608E-03	2.090E+00	2.080E+00	2.084E+00	2.085E+00	2.085E+00	2.085E+00
2.710E+00	2.068E+00	4.640E-03	2.073E+00	2.064E+00	2.068E+00	2.069E+00	2.069E+00	2.068E+00
2.720E+00	2.052E+00	4.672E-03	2.057E+00	2.047E+00	2.051E+00	2.052E+00	2.052E+00	2.052E+00
2.730E+00	2.036E+00	4.704E-03	2.040E+00	2.031E+00	2.035E+00	2.036E+00	2.036E+00	2.035E+00
2.740E+00	2.019E+00	4.735E-03	2.024E+00	2.015E+00	2.019E+00	2.020E+00	2.020E+00	2.019E+00
2.750E+00	2.003E+00	4.766E-03	2.008E+00	1.998E+00	2.002E+00	2.004E+00	2.003E+00	2.003E+00
2.760E+00	1.987E+00	4.796E-03	1.992E+00	1.982E+00	1.986E+00	1.987E+00	1.987E+00	1.987E+00
2.770E+00	1.971E+00	4.825E-03	1.976E+00	1.966E+00	1.970E+00	1.971E+00	1.971E+00	1.970E+00
2.780E+00	1.955E+00	4.855E-03	1.960E+00	1.950E+00	1.954E+00	1.955E+00	1.955E+00	1.955E+00
2.790E+00	1.939E+00	4.884E-03	1.944E+00	1.934E+00	1.938E+00	1.940E+00	1.939E+00	1.939E+00
2.800E+00	1.923E+00	4.912E-03	1.928E+00	1.918E+00	1.923E+00	1.924E+00	1.924E+00	1.923E+00
2.810E+00	1.908E+00	4.940E-03	1.912E+00	1.903E+00	1.907E+00	1.908E+00	1.908E+00	1.907E+00
2.820E+00	1.892E+00	4.967E-03	1.897E+00	1.887E+00	1.891E+00	1.893E+00	1.892E+00	1.892E+00
2.830E+00	1.876E+00	4.994E-03	1.881E+00	1.871E+00	1.876E+00	1.877E+00	1.877E+00	1.876E+00
2.840E+00	1.861E+00	5.021E-03	1.866E+00	1.856E+00	1.860E+00	1.862E+00	1.861E+00	1.861E+00
2.850E+00	1.846E+00	5.047E-03	1.851E+00	1.841E+00	1.845E+00	1.846E+00	1.846E+00	1.845E+00
2.860E+00	1.830E+00	5.072E-03	1.835E+00	1.825E+00	1.830E+00	1.831E+00	1.831E+00	1.830E+00
2.870E+00	1.815E+00	5.098E-03	1.820E+00	1.810E+00	1.815E+00	1.816E+00	1.816E+00	1.815E+00
2.880E+00	1.800E+00	5.122E-03	1.805E+00	1.795E+00	1.799E+00	1.801E+00	1.800E+00	1.800E+00
2.890E+00	1.785E+00	5.146E-03	1.790E+00	1.780E+00	1.784E+00	1.786E+00	1.785E+00	1.785E+00
2.900E+00	1.770E+00	5.170E-03	1.775E+00	1.765E+00	1.769E+00	1.771E+00	1.770E+00	1.770E+00
2.910E+00	1.755E+00	5.193E-03	1.760E+00	1.750E+00	1.755E+00	1.756E+00	1.756E+00	1.755E+00
2.920E+00	1.740E+00	5.216E-03	1.746E+00	1.735E+00	1.740E+00	1.741E+00	1.741E+00	1.740E+00
2.930E+00	1.726E+00	5.239E-03	1.731E+00	1.721E+00	1.725E+00	1.726E+00	1.726E+00	1.725E+00
2.940E+00	1.711E+00	5.260E-03	1.716E+00	1.706E+00	1.711E+00	1.712E+00	1.712E+00	1.711E+00
2.950E+00	1.697E+00	5.282E-03	1.702E+00	1.691E+00	1.696E+00	1.697E+00	1.697E+00	1.696E+00
2.960E+00	1.682E+00	5.303E-03	1.688E+00	1.677E+00	1.682E+00	1.683E+00	1.683E+00	1.682E+00
2.970E+00	1.668E+00	5.323E-03	1.673E+00	1.663E+00	1.667E+00	1.669E+00	1.668E+00	1.668E+00
2.980E+00	1.654E+00	5.343E-03	1.659E+00	1.648E+00	1.653E+00	1.654E+00	1.654E+00	1.653E+00
2.990E+00	1.639E+00	5.363E-03	1.645E+00	1.634E+00	1.639E+00	1.640E+00	1.640E+00	1.639E+00
3.000E+00	1.625E+00	5.382E-03	1.631E+00	1.620E+00	1.625E+00	1.626E+00	1.626E+00	1.625E+00
