1.000E-02	7.437E+00	3.880E-01	7.048E+00	7.824E+00	7.439E+00	7.435E+00	7.437E+00	7.437E+00
2.000E-02	7.435E+00	3.858E-01	7.047E+00	7.819E+00	7.437E+00	7.433E+00	7.435E+00	7.435E+00
3.000E-02	7.432E+00	3.830E-01	7.046E+00	7.812E+00	7.434E+00	7.430E+00	7.432E+00	7.432E+00
4.000E-02	7.428E+00	3.799E-01	7.044E+00	7.804E+00	7.430E+00	7.426E+00	7.428E+00	7.428E+00
5.000E-02	7.424E+00	3.765E-01	7.042E+00	7.795E+00	7.426E+00	7.422E+00	7.424E+00	7.424E+00
6.000E-02	7.419E+00	3.729E-01	7.040E+00	7.786E+00	7.421E+00	7.417E+00	7.419E+00	7.419E+00
7.000E-02	7.413E+00	3.691E-01	7.037E+00	7.775E+00	7.415E+00	7.411E+00	7.413E+00	7.413E+00
8.000E-02	7.407E+00	3.651E-01	7.034E+00	7.764E+00	7.409E+00	7.405E+00	7.407E+00	7.407E+00
9.000E-02	7.401E+00	3.610E-01	7.031E+00	7.753E+00	7.403E+00	7.399E+00	7.401E+00	7.401E+00
1.000E-01	7.394E+00	3.568E-01	7.027E+00	7.741E+00	7.396E+00	7.392E+00	7.394E+00	7.394E+00
1.100E-01	7.386E+00	3.524E-01	7.023E+00	7.728E+00	7.388E+00	7.384E+00	7.386E+00	7.386E+00
1.200E-01	7.379E+00	3.480E-01	7.019E+00	7.715E+00	7.381E+00	7.377E+00	7.379E+00	7.379E+00
1.300E-01	7.370E+00	3.434E-01	7.014E+00	7.701E+00	7.372E+00	7.368E+00	7.370E+00	7.370E+00
1.400E-01	7.362E+00	3.388E-01	7.009E+00	7.687E+00	7.364E+00	7.360E+00	7.362E+00	7.362E+00
1.500E-01	7.353E+00	3.342E-01	7.004E+00	7.673E+00	7.355E+00	7.351E+00	7.353E+00	7.353E+00
1.600E-01	7.343E+00	3.294E-01	6.999E+00	7.658E+00	7.345E+00	7.342E+00	7.343E+00	7.343E+00
1.700E-01	7.334E+00	3.246E-01	6.993E+00	7.642E+00	7.336E+00	7.332E+00	7.334E+00	7.334E+00
1.800E-01	7.324E+00	3.198E-01	6.987E+00	7.627E+00	7.326E+00	7.322E+00	7.324E+00	7.324E+00
1.900E-01	7.313E+00	3.149E-01	6.981E+00	7.610E+00	7.315E+00	7.311E+00	7.313E+00	7.313E+00
2.000E-01	7.302E+00	3.100E-01	6.974E+00	7.594E+00	7.304E+00	7.301E+00	7.302E+00	7.303E+00
2.100E-01	7.291E+00	3.050E-01	6.967E+00	7.577E+00	7.293E+00	7.289E+00	7.291E+00	7.291E+00
2.200E-01	7.280E+00	3.000E-01	6.960E+00	7.560E+00	7.282E+00	7.278E+00	7.280E+00	7.280E+00
2.300E-01	7.268E+00	2.950E-01	6.953E+00	7.543E+00	7.270E+00	7.266E+00	7.268E+00	7.268E+00
2.400E-01	7.256E+00	2.900E-01	6.945E+00	7.525E+00	7.258E+00	7.254E+00	7.256E+00	7.256E+00
2.500E-01	7.244E+00	2.850E-01	6.937E+00	7.507E+00	7.246E+00	7.242E+00	7.244E+00	7.244E+00
2.600E-01	7.231E+00	2.799E-01	6.929E+00	7.489E+00	7.233E+00	7.229E+00	7.231E+00	7.231E+00
2.700E-01	7.218E+00	2.748E-01	6.921E+00	7.470E+00	7.220E+00	7.216E+00	7.218E+00	7.218E+00
2.800E-01	7.205E+00	2.698E-01	6.912E+00	7.452E+00	7.207E+00	7.203E+00	7.205E+00	7.205E+00
2.900E-01	7.192E+00	2.647E-01	6.903E+00	7.433E+00	7.194E+00	7.190E+00	7.192E+00	7.192E+00
3.000E-01	7.178E+00	2.596E-01	6.894E+00	7.413E+00	7.180E+00	7.176E+00	7.178E+00	7.178E+00
3.100E-01	7.164E+00	2.545E-01	6.885E+00	7.394E+00	7.166E+00	7.162E+00	7.164E+00	7.164E+00
3.200E-01	7.150E+00	2.494E-01	6.875E+00	7.374E+00	7.152E+00	7.148E+00	7.150E+00	7.150E+00
3.300E-01	7.135E+00	2.444E-01	6.865E+00	7.354E+00	7.137E+00	7.133E+00	7.135E+00	7.135E+00
3.400E-01	7.120E+00	2.393E-01	6.855E+00	7.334E+00	7.122E+00	7.119E+00	7.120E+00	7.121E+00
3.500E-01	7.105E+00	2.342E-01	6.845E+00	7.314E+00	7.107E+00	7.104E+00	7.105E+00	7.106E+00
3.600E-01	7.090E+00	2.292E-01	6.835E+00	7.293E+00	7.092E+00	7.088E+00	7.090E+00	7.090E+00
3.700E-01	7.075E+00	2.242E-01	6.824E+00	7.272E+00	7.077E+00	7.073E+00	7.075E+00	7.075E+00
3.800E-01	7.059E+00	2.192E-01	6.813E+00	7.251E+00	7.061E+00	7.057E+00	7.059E+00	7.059E+00
3.900E-01	7.043E+00	2.142E-01	6.802E+00	7.230E+00	7.045E+00	7.041E+00	7.043E+00	7.043E+00
4.000E-01	7.027E+00	2.092E-01	6.790E+00	7.209E+00	7.029E+00	7.025E+00	7.027E+00	7.027E+00
4.100E-01	7.011E+00	2.042E-01	6.779E+00	7.187E+00	7.012E+00	7.009E+00	7.011E+00	7.011E+00
4.200E-01	6.994E+00	1.993E-01	6.767E+00	7.166E+00	6.996E+00	6.992E+00	6.994E+00	6.994E+00
4.300E-01	6.977E+00	1.944E-01	6.755E+00	7.144E+00	6.979E+00	6.975E+00	6.977E+00	6.977E+00
4.400E-01	6.960E+00	1.895E-01	6.743E+00	7.122E+00	6.962E+00	6.958E+00	6.960E+00	6.960E+00
4.500E-01	6.943E+00	1.846E-01	6.730E+00	7.100E+00	6.945E+00	6.941E+00	6.943E+00	6.943E+00
4.600E-01	6.926E+00	1.798E-01	6.718E+00	7.077E+00	6.927E+00	6.924E+00	6.926E+00	6.926E+00
4.700E-01	6.908E+00	1.750E-01	6.705E+00	7.055E+00	6.910E+00	6.906E+00	6.908E+00	6.908E+00
4.800E-01	6.890E+00	1.702E-01	6.692E+00	7.032E+00	6.892E+00	6.888E+00	6.890E+00	6.890E+00
4.900E-01	6.872E+00	1.655E-01	6.679E+00	7.009E+00	6.874E+00	6.870E+00	6.872E+00	6.872E+00
5.000E-01	6.854E+00	1.608E-01	6.665E+00	6.987E+00	6.856E+00	6.852E+00	6.854E+00	6.854E+00
5.100E-01	6.836E+00	1.561E-01	6.651E+00	6.964E+00	6.837E+00	6.834E+00	6.836E+00	6.836E+00
5.200E-01	6.817E+00	1.514E-01	6.638E+00	6.940E+00	6.819E+00	6.815E+00	6.817E+00	6.817E+00
5.300E-01	6.798E+00	1.468E-01	6.624E+00	6.917E+00	6.800E+00	6.797E+00	6.798E+00	6.798E+00
5.400E-01	6.780E+00	1.423E-01	6.609E+00	6.894E+00	6.781E+00	6.778E+00	6.779E+00	6.780E+00
5.500E-01	6.760E+00	1.377E-01	6.595E+00	6.870E+00	6.762E+00	6.759E+00	6.760E+00	6.761E+00
5.600E-01	6.741E+00	1.332E-01	6.580E+00	6.847E+00	6.743E+00	6.740E+00	6.741E+00	6.741E+00
5.700E-01	6.722E+00	1.287E-01	6.566E+00	6.823E+00	6.724E+00	6.720E+00	6.722E+00	6.722E+00
5.800E-01	6.702E+00	1.243E-01	6.551E+00	6.799E+00	6.704E+00	6.701E+00	6.702E+00	6.702E+00
5.900E-01	6.683E+00	1.199E-01	6.536E+00	6.775E+00	6.684E+00	6.681E+00	6.683E+00	6.683E+00
6.000E-01	6.663E+00	1.156E-01	6.520E+00	6.752E+00	6.664E+00	6.661E+00	6.663E+00	6.663E+00
6.100E-01	6.643E+00	1.112E-01	6.505E+00	6.727E+00	6.644E+00	6.641E+00	6.643E+00	6.643E+00
6.200E-01	6.623E+00	1.070E-01	6.489E+00	6.703E+00	6.624E+00	6.621E+00	6.623E+00	6.623E+00
6.300E-01	6.602E+00	1.027E-01	6.474E+00	6.679E+00	6.604E+00	6.601E+00	6.602E+00	6.602E+00
6.400E-01	6.582E+00	9.855E-02	6.458E+00	6.655E+00	6.584E+00	6.580E+00	6.582E+00	6.582E+00
6.500E-01	6.561E+00	9.440E-02	6.442E+00	6.630E+00	6.563E+00	6.560E+00	6.561E+00	6.561E+00
6.600E-01	6.541E+00	9.030E-02	6.425E+00	6.606E+00	6.542E+00	6.539E+00	6.541E+00	6.541E+00
6.700E-01	6.520E+00	8.624E-02	6.409E+00	6.581E+00	6.521E+00	6.518E+00	6.520E+00	6.520E+00
6.800E-01	6.499E+00	8.222E-02	6.392E+00	6.557E+00	6.501E+00	6.497E+00	6.499E+00	6.499E+00
6.900E-01	6.478E+00	7.825E-02	6.375E+00	6.532E+00	6.479E+00	6.476E+00	6.478E+00	6.478E+00
7.000E-01	6.457E+00	7.432E-02	6.359E+00	6.507E+00	6.458E+00	6.455E+00	6.457E+00	6.457E+00
7.100E-01	6.435E+00	7.044E-02	6.341E+00	6.482E+00	6.437E+00	6.434E+00	6.435E+00	6.435E+00
7.200E-01	6.414E+00	6.660E-02	6.324E+00	6.457E+00	6.415E+00	6.412E+00	6.414E+00	6.414E+00
7.300E-01	6.392E+00	6.281E-02	6.307E+00	6.432E+00	6.394E+00	6.391E+00	6.392E+00	6.392E+00
7.400E-01	6.371E+00	5.906E-02	6.289E+00	6.407E+00	6.372E+00	6.369E+00	6.371E+00	6.371E+00
7.500E-01	6.349E+00	5.536E-02	6.272E+00	6.382E+00	6.350E+00	6.347E+00	6.349E+00	6.349E+00
7.600E-01	6.327E+00	5.171E-02	6.254E+00	6.357E+00	6.328E+00	6.325E+00	6.327E+00	6.327E+00
7.700E-01	6.305E+00	4.810E-02	6.236E+00	6.332E+00	6.306E+00	6.303E+00	6.305E+00	6.305E+00
7.800E-01	6.283E+00	4.454E-02	6.218E+00	6.307E+00	6.284E+00	6.281E+00	6.283E+00	6.283E+00
7.900E-01	6.261E+00	4.102E-02	6.200E+00	6.282E+00	6.262E+00	6.259E+00	6.261E+00	6.261E+00
8.000E-01	6.238E+00	3.756E-02	6.181E+00	6.256E+00	6.240E+00	6.237E+00	6.238E+00	6.238E+00
8.100E-01	6.216E+00	3.414E-02	6.163E+00	6.231E+00	6.217E+00	6.215E+00	6.216E+00	6.216E+00
8.200E-01	6.193E+00	3.077E-02	6.144E+00	6.206E+00	6.195E+00	6.192E+00	6.193E+00	6.194E+00
8.300E-01	6.171E+00	2.745E-02	6.126E+00	6.180E+00	6.172E+00	6.169E+00	6.171E+00	6.171E+00
8.400E-01	6.148E+00	2.418E-02	6.107E+00	6.155E+00	6.150E+00	6.147E+00	6.148E+00	6.148E+00
8.500E-01	6.125E+00	2.095E-02	6.088E+00	6.129E+00	6.127E+00	6.124E+00	6.125E+00	6.125E+00
8.600E-01	6.103E+00	1.778E-02	6.069E+00	6.104E+00	6.104E+00	6.101E+00	6.103E+00	6.103E+00
8.700E-01	6.080E+00	1.465E-02	6.049E+00	6.078E+00	6.081E+00	6.078E+00	6.080E+00	6.080E+00
8.800E-01	6.057E+00	1.158E-02	6.030E+00	6.053E+00	6.058E+00	6.055E+00	6.057E+00	6.057E+00
8.900E-01	6.034E+00	8.571E-03	6.010E+00	6.027E+00	6.035E+00	6.032E+00	6.034E+00	6.034E+00
9.000E-01	6.010E+00	5.635E-03	5.991E+00	6.002E+00	6.012E+00	6.009E+00	6.010E+00	6.010E+00
9.100E-01	5.987E+00	2.855E-03	5.971E+00	5.976E+00	5.988E+00	5.986E+00	5.987E+00	5.987E+00
9.200E-01	5.964E+00	1.348E-03	5.951E+00	5.951E+00	5.965E+00	5.963E+00	5.964E+00	5.964E+00
9.300E-01	5.941E+00	3.452E-03	5.931E+00	5.925E+00	5.942E+00	5.939E+00	5.940E+00	5.941E+00
9.400E-01	5.917E+00	6.133E-03	5.911E+00	5.899E+00	5.918E+00	5.916E+00	5.917E+00	5.917E+00
9.500E-01	5.894E+00	8.839E-03	5.891E+00	5.874E+00	5.895E+00	5.892E+00	5.894E+00	5.894E+00
9.600E-01	5.870E+00	1.152E-02	5.871E+00	5.848E+00	5.871E+00	5.869E+00	5.870E+00	5.870E+00
9.700E-01	5.846E+00	1.416E-02	5.851E+00	5.823E+00	5.848E+00	5.845E+00	5.846E+00	5.846E+00
9.800E-01	5.823E+00	1.675E-02	5.830E+00	5.797E+00	5.824E+00	5.821E+00	5.823E+00	5.823E+00
9.900E-01	5.799E+00	1.930E-02	5.810E+00	5.771E+00	5.800E+00	5.798E+00	5.799E+00	5.799E+00
1.000E+00	5.775E+00	2.180E-02	5.789E+00	5.746E+00	5.776E+00	5.774E+00	5.775E+00	5.775E+00
1.010E+00	5.751E+00	2.426E-02	5.768E+00	5.720E+00	5.753E+00	5.750E+00	5.751E+00	5.751E+00
1.020E+00	5.727E+00	2.667E-02	5.748E+00	5.694E+00	5.729E+00	5.726E+00	5.727E+00	5.728E+00
1.030E+00	5.704E+00	2.904E-02	5.727E+00	5.669E+00	5.705E+00	5.702E+00	5.703E+00	5.704E+00
1.040E+00	5.680E+00	3.135E-02	5.706E+00	5.643E+00	5.681E+00	5.678E+00	5.679E+00	5.680E+00
1.050E+00	5.656E+00	3.362E-02	5.684E+00	5.617E+00	5.657E+00	5.654E+00	5.655E+00	5.656E+00
1.060E+00	5.631E+00	3.585E-02	5.663E+00	5.592E+00	5.633E+00	5.630E+00	5.631E+00	5.632E+00
1.070E+00	5.607E+00	3.802E-02	5.642E+00	5.566E+00	5.608E+00	5.606E+00	5.607E+00	5.607E+00
1.080E+00	5.583E+00	4.015E-02	5.621E+00	5.540E+00	5.584E+00	5.582E+00	5.583E+00	5.583E+00
1.090E+00	5.559E+00	4.224E-02	5.599E+00	5.515E+00	5.560E+00	5.558E+00	5.559E+00	5.559E+00
1.100E+00	5.535E+00	4.427E-02	5.578E+00	5.489E+00	5.536E+00	5.534E+00	5.535E+00	5.535E+00
1.110E+00	5.511E+00	4.626E-02	5.556E+00	5.464E+00	5.512E+00	5.509E+00	5.510E+00	5.511E+00
1.120E+00	5.486E+00	4.821E-02	5.535E+00	5.438E+00	5.487E+00	5.485E+00	5.486E+00	5.486E+00
1.130E+00	5.462E+00	5.011E-02	5.513E+00	5.413E+00	5.463E+00	5.461E+00	5.462E+00	5.462E+00
1.140E+00	5.438E+00	5.196E-02	5.491E+00	5.387E+00	5.439E+00	5.437E+00	5.437E+00	5.438E+00
1.150E+00	5.413E+00	5.377E-02	5.469E+00	5.362E+00	5.414E+00	5.412E+00	5.413E+00	5.413E+00
1.160E+00	5.389E+00	5.553E-02	5.447E+00	5.336E+00	5.390E+00	5.388E+00	5.389E+00	5.389E+00
1.170E+00	5.364E+00	5.725E-02	5.425E+00	5.311E+00	5.365E+00	5.363E+00	5.364E+00	5.364E+00
1.180E+00	5.340E+00	5.893E-02	5.403E+00	5.285E+00	5.341E+00	5.339E+00	5.340E+00	5.340E+00
1.190E+00	5.316E+00	6.056E-02	5.381E+00	5.260E+00	5.316E+00	5.315E+00	5.315E+00	5.316E+00
1.200E+00	5.291E+00	6.214E-02	5.359E+00	5.235E+00	5.292E+00	5.290E+00	5.291E+00	5.291E+00
1.210E+00	5.267E+00	6.368E-02	5.337E+00	5.209E+00	5.267E+00	5.266E+00	5.266E+00	5.267E+00
1.220E+00	5.242E+00	6.518E-02	5.314E+00	5.184E+00	5.243E+00	5.241E+00	5.242E+00	5.242E+00
1.230E+00	5.218E+00	6.664E-02	5.292E+00	5.159E+00	5.218E+00	5.217E+00	5.217E+00	5.218E+00
1.240E+00	5.193E+00	6.805E-02	5.269E+00	5.133E+00	5.194E+00	5.192E+00	5.193E+00	5.193E+00
1.250E+00	5.169E+00	6.942E-02	5.247E+00	5.108E+00	5.169E+00	5.168E+00	5.168E+00	5.169E+00
1.260E+00	5.144E+00	7.074E-02	5.224E+00	5.083E+00	5.145E+00	5.143E+00	5.144E+00	5.144E+00
1.270E+00	5.119E+00	7.203E-02	5.202E+00	5.058E+00	5.120E+00	5.119E+00	5.119E+00	5.120E+00
1.280E+00	5.095E+00	7.327E-02	5.179E+00	5.033E+00	5.096E+00	5.094E+00	5.095E+00	5.095E+00
1.290E+00	5.070E+00	7.447E-02	5.157E+00	5.008E+00	5.071E+00	5.070E+00	5.070E+00	5.070E+00
1.300E+00	5.046E+00	7.563E-02	5.134E+00	4.983E+00	5.047E+00	5.045E+00	5.046E+00	5.046E+00
1.310E+00	5.021E+00	7.675E-02	5.111E+00	4.958E+00	5.022E+00	5.020E+00	5.021E+00	5.021E+00
1.320E+00	4.997E+00	7.783E-02	5.088E+00	4.933E+00	4.997E+00	4.996E+00	4.997E+00	4.997E+00
1.330E+00	4.972E+00	7.887E-02	5.066E+00	4.908E+00	4.973E+00	4.971E+00	4.972E+00	4.972E+00
1.340E+00	4.948E+00	7.986E-02	5.043E+00	4.883E+00	4.948E+00	4.947E+00	4.948E+00	4.948E+00
1.350E+00	4.923E+00	8.082E-02	5.020E+00	4.858E+00	4.924E+00	4.922E+00	4.923E+00	4.923E+00
1.360E+00	4.899E+00	8.174E-02	4.997E+00	4.833E+00	4.899E+00	4.898E+00	4.898E+00	4.899E+00
1.370E+00	4.874E+00	8.262E-02	4.974E+00	4.809E+00	4.875E+00	4.873E+00	4.874E+00	4.874E+00
1.380E+00	4.850E+00	8.346E-02	4.951E+00	4.784E+00	4.850E+00	4.849E+00	4.849E+00	4.850E+00
1.390E+00	4.825E+00	8.426E-02	4.928E+00	4.759E+00	4.826E+00	4.824E+00	4.825E+00	4.825E+00
1.400E+00	4.801E+00	8.503E-02	4.905E+00	4.735E+00	4.801E+00	4.800E+00	4.800E+00	4.801E+00
1.410E+00	4.776E+00	8.575E-02	4.882E+00	4.710E+00	4.777E+00	4.775E+00	4.776E+00	4.776E+00
1.420E+00	4.752E+00	8.644E-02	4.859E+00	4.686E+00	4.752E+00	4.751E+00	4.752E+00	4.752E+00
1.430E+00	4.727E+00	8.709E-02	4.836E+00	4.661E+00	4.728E+00	4.727E+00	4.727E+00	4.727E+00
1.440E+00	4.703E+00	8.771E-02	4.812E+00	4.637E+00	4.703E+00	4.702E+00	4.703E+00	4.703E+00
1.450E+00	4.678E+00	8.829E-02	4.789E+00	4.613E+00	4.679E+00	4.678E+00	4.678E+00	4.679E+00
1.460E+00	4.654E+00	8.883E-02	4.766E+00	4.588E+00	4.655E+00	4.653E+00	4.654E+00	4.654E+00
1.470E+00	4.630E+00	8.934E-02	4.743E+00	4.564E+00	4.630E+00	4.629E+00	4.630E+00	4.630E+00
1.480E+00	4.605E+00	8.981E-02	4.720E+00	4.540E+00	4.606E+00	4.605E+00	4.605E+00	4.605E+00
1.490E+00	4.581E+00	9.025E-02	4.696E+00	4.516E+00	4.582E+00	4.581E+00	4.581E+00	4.581E+00
1.500E+00	4.557E+00	9.066E-02	4.673E+00	4.492E+00	4.557E+00	4.556E+00	4.557E+00	4.557E+00
1.510E+00	4.533E+00	9.103E-02	4.650E+00	4.468E+00	4.533E+00	4.532E+00	4.532E+00	4.533E+00
1.520E+00	4.508E+00	9.136E-02	4.627E+00	4.444E+00	4.509E+00	4.508E+00	4.508E+00	4.508E+00
1.530E+00	4.484E+00	9.167E-02	4.603E+00	4.420E+00	4.485E+00	4.484E+00	4.484E+00	4.484E+00
1.540E+00	4.460E+00	9.194E-02	4.580E+00	4.396E+00	4.461E+00	4.459E+00	4.460E+00	4.460E+00
1.550E+00	4.436E+00	9.217E-02	4.557E+00	4.373E+00	4.436E+00	4.435E+00	4.436E+00	4.436E+00
1.560E+00	4.412E+00	9.238E-02	4.534E+00	4.349E+00	4.412E+00	4.411E+00	4.412E+00	4.412E+00
1.570E+00	4.388E+00	9.255E-02	4.510E+00	4.325E+00	4.388E+00	4.387E+00	4.388E+00	4.388E+00
1.580E+00	4.364E+00	9.270E-02	4.487E+00	4.302E+00	4.364E+00	4.363E+00	4.364E+00	4.364E+00
1.590E+00	4.340E+00	9.281E-02	4.464E+00	4.278E+00	4.340E+00	4.339E+00	4.340E+00	4.340E+00
1.600E+00	4.316E+00	9.289E-02	4.440E+00	4.255E+00	4.316E+00	4.315E+00	4.316E+00	4.316E+00
1.610E+00	4.292E+00	9.294E-02	4.417E+00	4.231E+00	4.292E+00	4.291E+00	4.292E+00	4.292E+00
1.620E+00	4.268E+00	9.296E-02	4.394E+00	4.208E+00	4.268E+00	4.268E+00	4.268E+00	4.268E+00
1.630E+00	4.244E+00	9.295E-02	4.371E+00	4.185E+00	4.245E+00	4.244E+00	4.244E+00	4.244E+00
1.640E+00	4.220E+00	9.291E-02	4.347E+00	4.162E+00	4.221E+00	4.220E+00	4.220E+00	4.220E+00
1.650E+00	4.197E+00	9.285E-02	4.324E+00	4.138E+00	4.197E+00	4.196E+00	4.197E+00	4.197E+00
1.660E+00	4.173E+00	9.275E-02	4.301E+00	4.115E+00	4.173E+00	4.173E+00	4.173E+00	4.173E+00
1.670E+00	4.149E+00	9.263E-02	4.278E+00	4.092E+00	4.150E+00	4.149E+00	4.149E+00	4.149E+00
1.680E+00	4.126E+00	9.248E-02	4.254E+00	4.069E+00	4.126E+00	4.125E+00	4.126E+00	4.126E+00
1.690E+00	4.102E+00	9.230E-02	4.231E+00	4.047E+00	4.102E+00	4.102E+00	4.102E+00	4.102E+00
1.700E+00	4.079E+00	9.210E-02	4.208E+00	4.024E+00	4.079E+00	4.078E+00	4.078E+00	4.079E+00
1.710E+00	4.055E+00	9.187E-02	4.185E+00	4.001E+00	4.055E+00	4.055E+00	4.055E+00	4.055E+00
1.720E+00	4.032E+00	9.161E-02	4.162E+00	3.978E+00	4.032E+00	4.031E+00	4.032E+00	4.032E+00
1.730E+00	4.008E+00	9.133E-02	4.139E+00	3.956E+00	4.009E+00	4.008E+00	4.008E+00	4.008E+00
1.740E+00	3.985E+00	9.102E-02	4.115E+00	3.933E+00	3.985E+00	3.985E+00	3.985E+00	3.985E+00
1.750E+00	3.962E+00	9.069E-02	4.092E+00	3.911E+00	3.962E+00	3.961E+00	3.962E+00	3.962E+00
1.760E+00	3.938E+00	9.033E-02	4.069E+00	3.889E+00	3.939E+00	3.938E+00	3.938E+00	3.939E+00
1.770E+00	3.915E+00	8.995E-02	4.046E+00	3.866E+00	3.916E+00	3.915E+00	3.915E+00	3.915E+00
1.780E+00	3.892E+00	8.955E-02	4.023E+00	3.844E+00	3.892E+00	3.892E+00	3.892E+00	3.892E+00
1.790E+00	3.869E+00	8.912E-02	4.000E+00	3.822E+00	3.869E+00	3.869E+00	3.869E+00	3.869E+00
1.800E+00	3.846E+00	8.867E-02	3.977E+00	3.800E+00	3.846E+00	3.846E+00	3.846E+00	3.846E+00
1.810E+00	3.823E+00	8.820E-02	3.954E+00	3.778E+00	3.823E+00	3.823E+00	3.823E+00	3.823E+00
1.820E+00	3.800E+00	8.771E-02	3.931E+00	3.756E+00	3.801E+00	3.800E+00	3.800E+00	3.800E+00
1.830E+00	3.777E+00	8.719E-02	3.909E+00	3.734E+00	3.778E+00	3.777E+00	3.777E+00	3.778E+00
1.840E+00	3.755E+00	8.665E-02	3.886E+00	3.712E+00	3.755E+00	3.755E+00	3.755E+00	3.755E+00
1.850E+00	3.732E+00	8.610E-02	3.863E+00	3.691E+00	3.732E+00	3.732E+00	3.732E+00	3.732E+00
1.860E+00	3.709E+00	8.552E-02	3.840E+00	3.669E+00	3.710E+00	3.709E+00	3.709E+00	3.709E+00
1.870E+00	3.687E+00	8.492E-02	3.817E+00	3.647E+00	3.687E+00	3.687E+00	3.687E+00	3.687E+00
1.880E+00	3.664E+00	8.430E-02	3.795E+00	3.626E+00	3.664E+00	3.664E+00	3.664E+00	3.664E+00
1.890E+00	3.642E+00	8.366E-02	3.772E+00	3.605E+00	3.642E+00	3.642E+00	3.642E+00	3.642E+00
1.900E+00	3.619E+00	8.300E-02	3.749E+00	3.583E+00	3.620E+00	3.619E+00	3.619E+00	3.620E+00
1.910E+00	3.597E+00	8.233E-02	3.727E+00	3.562E+00	3.597E+00	3.597E+00	3.597E+00	3.597E+00
1.920E+00	3.575E+00	8.164E-02	3.704E+00	3.541E+00	3.575E+00	3.575E+00	3.575E+00	3.575E+00
1.930E+00	3.553E+00	8.092E-02	3.682E+00	3.520E+00	3.553E+00	3.553E+00	3.552E+00	3.553E+00
1.940E+00	3.530E+00	8.019E-02	3.659E+00	3.499E+00	3.531E+00	3.530E+00	3.530E+00	3.531E+00
1.950E+00	3.508E+00	7.945E-02	3.637E+00	3.478E+00	3.508E+00	3.508E+00	3.508E+00	3.509E+00
1.960E+00	3.486E+00	7.868E-02	3.614E+00	3.457E+00	3.486E+00	3.486E+00	3.486E+00	3.487E+00
1.970E+00	3.464E+00	7.790E-02	3.592E+00	3.436E+00	3.465E+00	3.464E+00	3.464E+00	3.465E+00
1.980E+00	3.443E+00	7.711E-02	3.570E+00	3.415E+00	3.443E+00	3.443E+00	3.442E+00	3.443E+00
1.990E+00	3.421E+00	7.630E-02	3.547E+00	3.395E+00	3.421E+00	3.421E+00	3.421E+00	3.421E+00
2.000E+00	3.399E+00	7.547E-02	3.525E+00	3.374E+00	3.399E+00	3.399E+00	3.399E+00	3.399E+00
2.010E+00	3.377E+00	7.463E-02	3.503E+00	3.354E+00	3.377E+00	3.377E+00	3.377E+00	3.378E+00
2.020E+00	3.356E+00	7.377E-02	3.481E+00	3.333E+00	3.356E+00	3.356E+00	3.356E+00	3.356E+00
2.030E+00	3.334E+00	7.290E-02	3.459E+00	3.313E+00	3.334E+00	3.334E+00	3.334E+00	3.334E+00
2.040E+00	3.313E+00	7.202E-02	3.437E+00	3.293E+00	3.313E+00	3.313E+00	3.313E+00	3.313E+00
2.050E+00	3.291E+00	7.112E-02	3.415E+00	3.273E+00	3.291E+00	3.292E+00	3.291E+00	3.292E+00
2.060E+00	3.270E+00	7.021E-02	3.393E+00	3.253E+00	3.270E+00	3.270E+00	3.270E+00	3.270E+00
2.070E+00	3.249E+00	6.928E-02	3.371E+00	3.233E+00	3.249E+00	3.249E+00	3.249E+00	3.249E+00
2.080E+00	3.228E+00	6.834E-02	3.350E+00	3.213E+00	3.228E+00	3.228E+00	3.228E+00	3.228E+00
2.090E+00	3.207E+00	6.739E-02	3.328E+00	3.193E+00	3.207E+00	3.207E+00	3.207E+00	3.207E+00
2.100E+00	3.186E+00	6.643E-02	3.306E+00	3.173E+00	3.186E+00	3.186E+00	3.186E+00	3.186E+00
2.110E+00	3.165E+00	6.546E-02	3.285E+00	3.154E+00	3.165E+00	3.165E+00	3.165E+00	3.165E+00
2.120E+00	3.144E+00	6.448E-02	3.263E+00	3.134E+00	3.144E+00	3.144E+00	3.144E+00	3.144E+00
2.130E+00	3.123E+00	6.348E-02	3.241E+00	3.115E+00	3.123E+00	3.123E+00	3.123E+00	3.123E+00
2.140E+00	3.102E+00	6.248E-02	3.220E+00	3.095E+00	3.102E+00	3.103E+00	3.102E+00	3.103E+00
2.150E+00	3.082E+00	6.146E-02	3.199E+00	3.076E+00	3.082E+00	3.082E+00	3.082E+00	3.082E+00
2.160E+00	3.061E+00	6.044E-02	3.177E+00	3.056E+00	3.061E+00	3.061E+00	3.061E+00	3.061E+00
2.170E+00	3.041E+00	5.940E-02	3.156E+00	3.037E+00	3.041E+00	3.041E+00	3.041E+00	3.041E+00
2.180E+00	3.020E+00	5.836E-02	3.135E+00	3.018E+00	3.020E+00	3.021E+00	3.020E+00	3.021E+00
2.190E+00	3.000E+00	5.730E-02	3.114E+00	2.999E+00	3.000E+00	3.000E+00	3.000E+00	3.000E+00
2.200E+00	2.980E+00	5.624E-02	3.093E+00	2.980E+00	2.980E+00	2.980E+00	2.980E+00	2.980E+00
2.210E+00	2.960E+00	5.517E-02	3.072E+00	2.961E+00	2.960E+00	2.960E+00	2.960E+00	2.960E+00
2.220E+00	2.940E+00	5.409E-02	3.051E+00	2.943E+00	2.940E+00	2.940E+00	2.940E+00	2.940E+00
2.230E+00	2.920E+00	5.301E-02	3.030E+00	2.924E+00	2.919E+00	2.920E+00	2.920E+00	2.920E+00
2.240E+00	2.900E+00	5.191E-02	3.009E+00	2.905E+00	2.900E+00	2.900E+00	2.900E+00	2.900E+00
2.250E+00	2.880E+00	5.081E-02	2.988E+00	2.887E+00	2.880E+00	2.880E+00	2.880E+00	2.880E+00
2.260E+00	2.860E+00	4.971E-02	2.968E+00	2.868E+00	2.860E+00	2.860E+00	2.860E+00	2.860E+00
2.270E+00	2.840E+00	4.859E-02	2.947E+00	2.850E+00	2.840E+00	2.841E+00	2.840E+00	2.841E+00
2.280E+00	2.821E+00	4.747E-02	2.927E+00	2.832E+00	2.821E+00	2.821E+00	2.821E+00	2.821E+00
2.290E+00	2.801E+00	4.635E-02	2.906E+00	2.814E+00	2.801E+00	2.802E+00	2.801E+00	2.802E+00
2.300E+00	2.782E+00	4.522E-02	2.886E+00	2.795E+00	2.782E+00	2.782E+00	2.782E+00	2.782E+00
2.310E+00	2.763E+00	4.408E-02	2.866E+00	2.777E+00	2.762E+00	2.763E+00	2.762E+00	2.763E+00
2.320E+00	2.743E+00	4.294E-02	2.845E+00	2.759E+00	2.743E+00	2.744E+00	2.743E+00	2.743E+00
2.330E+00	2.724E+00	4.179E-02	2.825E+00	2.742E+00	2.724E+00	2.724E+00	2.724E+00	2.724E+00
2.340E+00	2.705E+00	4.064E-02	2.805E+00	2.724E+00	2.705E+00	2.705E+00	2.705E+00	2.705E+00
2.350E+00	2.686E+00	3.948E-02	2.785E+00	2.706E+00	2.686E+00	2.686E+00	2.686E+00	2.686E+00
2.360E+00	2.667E+00	3.832E-02	2.765E+00	2.688E+00	2.667E+00	2.667E+00	2.667E+00	2.667E+00
2.370E+00	2.648E+00	3.716E-02	2.745E+00	2.671E+00	2.648E+00	2.649E+00	2.648E+00	2.648E+00
2.380E+00	2.629E+00	3.599E-02	2.725E+00	2.653E+00	2.629E+00	2.630E+00	2.629E+00	2.630E+00
2.390E+00	2.611E+00	3.483E-02	2.706E+00	2.636E+00	2.611E+00	2.611E+00	2.611E+00	2.611E+00
2.400E+00	2.592E+00	3.365E-02	2.686E+00	2.619E+00	2.592E+00	2.593E+00	2.592E+00	2.592E+00
2.410E+00	2.574E+00	3.248E-02	2.667E+00	2.602E+00	2.573E+00	2.574E+00	2.574E+00	2.574E+00
2.420E+00	2.555E+00	3.130E-02	2.647E+00	2.584E+00	2.555E+00	2.556E+00	2.555E+00	2.555E+00
2.430E+00	2.537E+00	3.012E-02	2.628E+00	2.567E+00	2.537E+00	2.537E+00	2.537E+00	2.537E+00
2.440E+00	2.519E+00	2.894E-02	2.608E+00	2.550E+00	2.518E+00	2.519E+00	2.519E+00	2.519E+00
2.450E+00	2.500E+00	2.776E-02	2.589E+00	2.534E+00	2.500E+00	2.501E+00	2.500E+00	2.501E+00
2.460E+00	2.482E+00	2.657E-02	2.570E+00	2.517E+00	2.482E+00	2.483E+00	2.482E+00	2.483E+00
2.470E+00	2.464E+00	2.539E-02	2.551E+00	2.500E+00	2.464E+00	2.465E+00	2.464E+00	2.465E+00
2.480E+00	2.446E+00	2.420E-02	2.532E+00	2.483E+00	2.446E+00	2.447E+00	2.446E+00	2.447E+00
2.490E+00	2.429E+00	2.301E-02	2.513E+00	2.467E+00	2.428E+00	2.429E+00	2.429E+00	2.429E+00
2.500E+00	2.411E+00	2.182E-02	2.494E+00	2.450E+00	2.411E+00	2.411E+00	2.411E+00	2.411E+00
2.510E+00	2.393E+00	2.064E-02	2.475E+00	2.434E+00	2.393E+00	2.394E+00	2.393E+00	2.393E+00
2.520E+00	2.376E+00	1.945E-02	2.456E+00	2.418E+00	2.375E+00	2.376E+00	2.376E+00	2.376E+00
2.530E+00	2.358E+00	1.826E-02	2.438E+00	2.401E+00	2.358E+00	2.359E+00	2.358E+00	2.358E+00
2.540E+00	2.341E+00	1.707E-02	2.419E+00	2.385E+00	2.340E+00	2.341E+00	2.341E+00	2.341E+00
2.550E+00	2.323E+00	1.589E-02	2.401E+00	2.369E+00	2.323E+00	2.324E+00	2.323E+00	2.324E+00
2.560E+00	2.306E+00	1.470E-02	2.383E+00	2.353E+00	2.306E+00	2.307E+00	2.306E+00	2.306E+00
2.570E+00	2.289E+00	1.352E-02	2.364E+00	2.337E+00	2.289E+00	2.289E+00	2.289E+00	2.289E+00
2.580E+00	2.272E+00	1.233E-02	2.346E+00	2.321E+00	2.272E+00	2.272E+00	2.272E+00	2.272E+00
2.590E+00	2.255E+00	1.115E-02	2.328E+00	2.306E+00	2.255E+00	2.255E+00	2.255E+00	2.255E+00
2.600E+00	2.238E+00	9.972E-03	2.310E+00	2.290E+00	2.238E+00	2.238E+00	2.238E+00	2.238E+00
2.610E+00	2.221E+00	8.794E-03	2.292E+00	2.274E+00	2.221E+00	2.222E+00	2.221E+00	2.221E+00
2.620E+00	2.205E+00	7.619E-03	2.274E+00	2.259E+00	2.204E+00	2.205E+00	2.204E+00	2.205E+00
2.630E+00	2.188E+00	6.447E-03	2.256E+00	2.243E+00	2.187E+00	2.188E+00	2.188E+00	2.188E+00
2.640E+00	2.171E+00	5.278E-03	2.239E+00	2.228E+00	2.171E+00	2.172E+00	2.171E+00	2.171E+00
2.650E+00	2.155E+00	4.114E-03	2.221E+00	2.213E+00	2.154E+00	2.155E+00	2.155E+00	2.155E+00
2.660E+00	2.139E+00	2.957E-03	2.203E+00	2.198E+00	2.138E+00	2.139E+00	2.138E+00	2.139E+00
2.670E+00	2.122E+00	1.816E-03	2.186E+00	2.182E+00	2.122E+00	2.123E+00	2.122E+00	2.122E+00
2.680E+00	2.106E+00	7.510E-04	2.169E+00	2.167E+00	2.106E+00	2.106E+00	2.106E+00	2.106E+00
2.690E+00	2.090E+00	7.221E-04	2.151E+00	2.152E+00	2.089E+00	2.090E+00	2.090E+00	2.090E+00
2.700E+00	2.074E+00	1.774E-03	2.134E+00	2.138E+00	2.073E+00	2.074E+00	2.074E+00	2.074E+00
2.710E+00	2.058E+00	2.900E-03	2.117E+00	2.123E+00	2.057E+00	2.058E+00	2.058E+00	2.058E+00
2.720E+00	2.042E+00	4.037E-03	2.100E+00	2.108E+00	2.042E+00	2.043E+00	2.042E+00	2.042E+00
2.730E+00	2.026E+00	5.173E-03	2.083E+00	2.093E+00	2.026E+00	2.027E+00	2.026E+00	2.026E+00
2.740E+00	2.011E+00	6.308E-03	2.066E+00	2.079E+00	2.010E+00	2.011E+00	2.010E+00	2.011E+00
2.750E+00	1.995E+00	7.439E-03	2.049E+00	2.064E+00	1.995E+00	1.995E+00	1.995E+00	1.995E+00
2.760E+00	1.979E+00	8.567E-03	2.033E+00	2.050E+00	1.979E+00	1.980E+00	1.979E+00	1.980E+00
2.770E+00	1.964E+00	9.691E-03	2.016E+00	2.036E+00	1.964E+00	1.965E+00	1.964E+00	1.964E+00
2.780E+00	1.949E+00	1.081E-02	2.000E+00	2.021E+00	1.948E+00	1.949E+00	1.949E+00	1.949E+00
2.790E+00	1.933E+00	1.192E-02	1.983E+00	2.007E+00	1.933E+00	1.934E+00	1.933E+00	1.934E+00
2.800E+00	1.918E+00	1.303E-02	1.967E+00	1.993E+00	1.918E+00	1.919E+00	1.918E+00	1.918E+00
2.810E+00	1.903E+00	1.414E-02	1.951E+00	1.979E+00	1.903E+00	1.904E+00	1.903E+00	1.903E+00
2.820E+00	1.888E+00	1.524E-02	1.935E+00	1.965E+00	1.888E+00	1.889E+00	1.888E+00	1.888E+00
2.830E+00	1.873E+00	1.633E-02	1.919E+00	1.951E+00	1.873E+00	1.874E+00	1.873E+00	1.873E+00
2.840E+00	1.858E+00	1.742E-02	1.903E+00	1.937E+00	1.858E+00	1.859E+00	1.858E+00	1.859E+00
2.850E+00	1.844E+00	1.850E-02	1.887E+00	1.924E+00	1.843E+00	1.844E+00	1.844E+00	1.844E+00
2.860E+00	1.829E+00	1.958E-02	1.871E+00	1.910E+00	1.828E+00	1.829E+00	1.829E+00	1.829E+00
2.870E+00	1.814E+00	2.065E-02	1.855E+00	1.896E+00	1.814E+00	1.815E+00	1.814E+00	1.815E+00
2.880E+00	1.800E+00	2.171E-02	1.840E+00	1.883E+00	1.799E+00	1.800E+00	1.800E+00	1.800E+00
2.890E+00	1.786E+00	2.277E-02	1.824E+00	1.870E+00	1.785E+00	1.786E+00	1.785E+00	1.786E+00
2.900E+00	1.771E+00	2.382E-02	1.809E+00	1.856E+00	1.771E+00	1.772E+00	1.771E+00	1.771E+00
2.910E+00	1.757E+00	2.487E-02	1.793E+00	1.843E+00	1.756E+00	1.757E+00	1.757E+00	1.757E+00
2.920E+00	1.743E+00	2.591E-02	1.778E+00	1.830E+00	1.742E+00	1.743E+00	1.743E+00	1.743E+00
2.930E+00	1.729E+00	2.694E-02	1.763E+00	1.817E+00	1.728E+00	1.729E+00	1.729E+00	1.729E+00
2.940E+00	1.715E+00	2.797E-02	1.748E+00	1.804E+00	1.714E+00	1.715E+00	1.715E+00	1.715E+00
2.950E+00	1.701E+00	2.899E-02	1.733E+00	1.791E+00	1.700E+00	1.701E+00	1.701E+00	1.701E+00
2.960E+00	1.687E+00	3.000E-02	1.718E+00	1.778E+00	1.686E+00	1.688E+00	1.687E+00	1.687E+00
2.970E+00	1.673E+00	3.100E-02	1.703E+00	1.765E+00	1.673E+00	1.674E+00	1.673E+00	1.673E+00
2.980E+00	1.660E+00	3.200E-02	1.688E+00	1.752E+00	1.659E+00	1.660E+00	1.659E+00	1.660E+00
2.990E+00	1.646E+00	3.299E-02	1.674E+00	1.739E+00	1.645E+00	1.647E+00	1.646E+00	1.646E+00
3.000E+00	1.633E+00	3.397E-02	1.659E+00	1.727E+00	1.632E+00	1.633E+00	1.632E+00	1.633E+00
