1.000E-02	6.906E+00	2.220E-01	7.128E+00	6.684E+00	6.901E+00	6.911E+00	6.906E+00	6.906E+00
2.000E-02	6.904E+00	2.207E-01	7.124E+00	6.683E+00	6.900E+00	6.909E+00	6.904E+00	6.905E+00
3.000E-02	6.902E+00	2.191E-01	7.120E+00	6.682E+00	6.897E+00	6.907E+00	6.902E+00	6.902E+00
4.000E-02	6.899E+00	2.172E-01	7.114E+00	6.680E+00	6.894E+00	6.904E+00	6.899E+00	6.899E+00
5.000E-02	6.895E+00	2.152E-01	7.108E+00	6.678E+00	6.891E+00	6.900E+00	6.895E+00	6.896E+00
6.000E-02	6.891E+00	2.130E-01	7.102E+00	6.676E+00	6.887E+00	6.896E+00	6.891E+00	6.892E+00
7.000E-02	6.887E+00	2.107E-01	7.094E+00	6.673E+00	6.882E+00	6.892E+00	6.887E+00	6.887E+00
8.000E-02	6.882E+00	2.082E-01	7.087E+00	6.670E+00	6.877E+00	6.887E+00	6.882E+00	6.882E+00
9.000E-02	6.877E+00	2.057E-01	7.078E+00	6.667E+00	6.872E+00	6.882E+00	6.877E+00	6.877E+00
1.000E-01	6.871E+00	2.031E-01	7.069E+00	6.663E+00	6.866E+00	6.876E+00	6.871E+00	6.871E+00
1.100E-01	6.865E+00	2.005E-01	7.060E+00	6.659E+00	6.860E+00	6.870E+00	6.865E+00	6.865E+00
1.200E-01	6.858E+00	1.977E-01	7.051E+00	6.655E+00	6.854E+00	6.863E+00	6.858E+00	6.859E+00
1.300E-01	6.852E+00	1.949E-01	7.041E+00	6.651E+00	6.847E+00	6.856E+00	6.851E+00	6.852E+00
1.400E-01	6.844E+00	1.921E-01	7.030E+00	6.646E+00	6.840E+00	6.849E+00	6.844E+00	6.845E+00
1.500E-01	6.837E+00	1.892E-01	7.019E+00	6.641E+00	6.832E+00	6.842E+00	6.837E+00	6.837E+00
1.600E-01	6.829E+00	1.863E-01	7.008E+00	6.636E+00	6.824E+00	6.834E+00	6.829E+00	6.829E+00
1.700E-01	6.821E+00	1.833E-01	6.997E+00	6.630E+00	6.816E+00	6.826E+00	6.821E+00	6.821E+00
1.800E-01	6.813E+00	1.803E-01	6.985E+00	6.624E+00	6.808E+00	6.817E+00	6.812E+00	6.813E+00
1.900E-01	6.804E+00	1.773E-01	6.973E+00	6.618E+00	6.799E+00	6.809E+00	6.804E+00	6.804E+00
2.000E-01	6.795E+00	1.742E-01	6.960E+00	6.612E+00	6.790E+00	6.800E+00	6.795E+00	6.795E+00
2.100E-01	6.785E+00	1.711E-01	6.948E+00	6.605E+00	6.781E+00	6.790E+00	6.785E+00	6.786E+00
2.200E-01	6.776E+00	1.680E-01	6.935E+00	6.599E+00	6.771E+00	6.781E+00	6.776E+00	6.776E+00
2.300E-01	6.766E+00	1.649E-01	6.921E+00	6.592E+00	6.761E+00	6.771E+00	6.766E+00	6.766E+00
2.400E-01	6.756E+00	1.618E-01	6.908E+00	6.584E+00	6.751E+00	6.761E+00	6.756E+00	6.756E+00
2.500E-01	6.745E+00	1.587E-01	6.894E+00	6.577E+00	6.741E+00	6.750E+00	6.745E+00	6.746E+00
2.600E-01	6.735E+00	1.555E-01	6.880E+00	6.569E+00	6.730E+00	6.739E+00	6.735E+00	6.735E+00
2.700E-01	6.724E+00	1.524E-01	6.866E+00	6.561E+00	6.719E+00	6.729E+00	6.724E+00	6.724E+00
2.800E-01	6.713E+00	1.492E-01	6.851E+00	6.553E+00	6.708E+00	6.717E+00	6.712E+00	6.713E+00
2.900E-01	6.701E+00	1.461E-01	6.836E+00	6.544E+00	6.697E+00	6.706E+00	6.701E+00	6.702E+00
3.000E-01	6.690E+00	1.429E-01	6.821E+00	6.535E+00	6.685E+00	6.694E+00	6.689E+00	6.690E+00
3.100E-01	6.678E+00	1.398E-01	6.806E+00	6.527E+00	6.673E+00	6.682E+00	6.678E+00	6.678E+00
3.200E-01	6.666E+00	1.366E-01	6.791E+00	6.517E+00	6.661E+00	6.670E+00	6.665E+00	6.666E+00
3.300E-01	6.653E+00	1.335E-01	6.775E+00	6.508E+00	6.649E+00	6.658E+00	6.653E+00	6.654E+00
3.400E-01	6.641E+00	1.303E-01	6.759E+00	6.499E+00	6.636E+00	6.645E+00	6.641E+00	6.641E+00
3.500E-01	6.628E+00	1.272E-01	6.743E+00	6.489E+00	6.624E+00	6.633E+00	6.628E+00	6.628E+00
3.600E-01	6.615E+00	1.241E-01	6.727E+00	6.479E+00	6.611E+00	6.620E+00	6.615E+00	6.615E+00
3.700E-01	6.602E+00	1.210E-01	6.710E+00	6.469E+00	6.597E+00	6.606E+00	6.602E+00	6.602E+00
3.800E-01	6.588E+00	1.179E-01	6.694E+00	6.458E+00	6.584E+00	6.593E+00	6.588E+00	6.589E+00
3.900E-01	6.575E+00	1.148E-01	6.677E+00	6.448E+00	6.571E+00	6.579E+00	6.575E+00	6.575E+00
4.000E-01	6.561E+00	1.117E-01	6.660E+00	6.437E+00	6.557E+00	6.565E+00	6.561E+00	6.561E+00
4.100E-01	6.547E+00	1.086E-01	6.643E+00	6.426E+00	6.543E+00	6.551E+00	6.547E+00	6.547E+00
4.200E-01	6.533E+00	1.056E-01	6.625E+00	6.414E+00	6.529E+00	6.537E+00	6.533E+00	6.533E+00
4.300E-01	6.518E+00	1.025E-01	6.608E+00	6.403E+00	6.514E+00	6.523E+00	6.518E+00	6.519E+00
4.400E-01	6.504E+00	9.950E-02	6.590E+00	6.392E+00	6.500E+00	6.508E+00	6.504E+00	6.504E+00
4.500E-01	6.489E+00	9.650E-02	6.573E+00	6.380E+00	6.485E+00	6.493E+00	6.489E+00	6.490E+00
4.600E-01	6.474E+00	9.351E-02	6.555E+00	6.368E+00	6.470E+00	6.478E+00	6.474E+00	6.475E+00
4.700E-01	6.459E+00	9.055E-02	6.537E+00	6.356E+00	6.455E+00	6.463E+00	6.459E+00	6.459E+00
4.800E-01	6.444E+00	8.760E-02	6.518E+00	6.343E+00	6.440E+00	6.448E+00	6.443E+00	6.444E+00
4.900E-01	6.428E+00	8.468E-02	6.500E+00	6.331E+00	6.424E+00	6.432E+00	6.428E+00	6.429E+00
5.000E-01	6.413E+00	8.178E-02	6.481E+00	6.318E+00	6.409E+00	6.417E+00	6.412E+00	6.413E+00
5.100E-01	6.397E+00	7.890E-02	6.463E+00	6.305E+00	6.393E+00	6.401E+00	6.397E+00	6.397E+00
5.200E-01	6.381E+00	7.604E-02	6.444E+00	6.292E+00	6.377E+00	6.385E+00	6.381E+00	6.381E+00
5.300E-01	6.365E+00	7.321E-02	6.425E+00	6.279E+00	6.361E+00	6.369E+00	6.364E+00	6.365E+00
5.400E-01	6.349E+00	7.040E-02	6.406E+00	6.265E+00	6.345E+00	6.353E+00	6.348E+00	6.349E+00
5.500E-01	6.332E+00	6.762E-02	6.387E+00	6.252E+00	6.328E+00	6.336E+00	6.332E+00	6.333E+00
5.600E-01	6.316E+00	6.486E-02	6.368E+00	6.238E+00	6.312E+00	6.319E+00	6.315E+00	6.316E+00
5.700E-01	6.299E+00	6.212E-02	6.348E+00	6.224E+00	6.295E+00	6.303E+00	6.298E+00	6.299E+00
5.800E-01	6.282E+00	5.942E-02	6.329E+00	6.210E+00	6.278E+00	6.286E+00	6.282E+00	6.282E+00
5.900E-01	6.265E+00	5.674E-02	6.309E+00	6.196E+00	6.261E+00	6.269E+00	6.265E+00	6.265E+00
6.000E-01	6.248E+00	5.408E-02	6.289E+00	6.182E+00	6.244E+00	6.252E+00	6.247E+00	6.248E+00
6.100E-01	6.230E+00	5.146E-02	6.270E+00	6.167E+00	6.227E+00	6.234E+00	6.230E+00	6.231E+00
6.200E-01	6.213E+00	4.886E-02	6.250E+00	6.152E+00	6.209E+00	6.217E+00	6.213E+00	6.214E+00
6.300E-01	6.195E+00	4.629E-02	6.230E+00	6.137E+00	6.192E+00	6.199E+00	6.195E+00	6.196E+00
6.400E-01	6.178E+00	4.375E-02	6.210E+00	6.122E+00	6.174E+00	6.181E+00	6.177E+00	6.178E+00
6.500E-01	6.160E+00	4.124E-02	6.189E+00	6.107E+00	6.156E+00	6.164E+00	6.159E+00	6.160E+00
6.600E-01	6.142E+00	3.876E-02	6.169E+00	6.092E+00	6.138E+00	6.146E+00	6.142E+00	6.142E+00
6.700E-01	6.124E+00	3.631E-02	6.149E+00	6.076E+00	6.120E+00	6.127E+00	6.123E+00	6.124E+00
6.800E-01	6.106E+00	3.389E-02	6.128E+00	6.061E+00	6.102E+00	6.109E+00	6.105E+00	6.106E+00
6.900E-01	6.087E+00	3.150E-02	6.108E+00	6.045E+00	6.084E+00	6.091E+00	6.087E+00	6.088E+00
7.000E-01	6.069E+00	2.914E-02	6.087E+00	6.029E+00	6.066E+00	6.072E+00	6.068E+00	6.069E+00
7.100E-01	6.050E+00	2.682E-02	6.066E+00	6.013E+00	6.047E+00	6.054E+00	6.050E+00	6.051E+00
7.200E-01	6.032E+00	2.453E-02	6.046E+00	5.997E+00	6.028E+00	6.035E+00	6.031E+00	6.032E+00
7.300E-01	6.013E+00	2.227E-02	6.025E+00	5.981E+00	6.010E+00	6.016E+00	6.012E+00	6.013E+00
7.400E-01	5.994E+00	2.005E-02	6.004E+00	5.964E+00	5.991E+00	5.997E+00	5.993E+00	5.995E+00
7.500E-01	5.975E+00	1.786E-02	5.983E+00	5.948E+00	5.972E+00	5.978E+00	5.974E+00	5.976E+00
7.600E-01	5.956E+00	1.571E-02	5.962E+00	5.931E+00	5.953E+00	5.959E+00	5.955E+00	5.956E+00
7.700E-01	5.937E+00	1.361E-02	5.941E+00	5.914E+00	5.934E+00	5.940E+00	5.936E+00	5.937E+00
7.800E-01	5.917E+00	1.155E-02	5.919E+00	5.897E+00	5.914E+00	5.920E+00	5.917E+00	5.918E+00
7.900E-01	5.898E+00	9.548E-03	5.898E+00	5.880E+00	5.895E+00	5.901E+00	5.897E+00	5.899E+00
8.000E-01	5.878E+00	7.623E-03	5.877E+00	5.863E+00	5.875E+00	5.882E+00	5.878E+00	5.879E+00
8.100E-01	5.859E+00	5.815E-03	5.856E+00	5.846E+00	5.856E+00	5.862E+00	5.858E+00	5.859E+00
8.200E-01	5.839E+00	4.229E-03	5.834E+00	5.828E+00	5.836E+00	5.842E+00	5.839E+00	5.840E+00
8.300E-01	5.819E+00	3.154E-03	5.813E+00	5.811E+00	5.816E+00	5.822E+00	5.819E+00	5.820E+00
8.400E-01	5.800E+00	3.101E-03	5.791E+00	5.793E+00	5.797E+00	5.802E+00	5.799E+00	5.800E+00
8.500E-01	5.780E+00	4.065E-03	5.770E+00	5.775E+00	5.777E+00	5.782E+00	5.779E+00	5.780E+00
8.600E-01	5.760E+00	5.504E-03	5.748E+00	5.757E+00	5.757E+00	5.762E+00	5.759E+00	5.760E+00
8.700E-01	5.739E+00	7.110E-03	5.726E+00	5.739E+00	5.737E+00	5.742E+00	5.739E+00	5.740E+00
8.800E-01	5.719E+00	8.773E-03	5.705E+00	5.721E+00	5.717E+00	5.722E+00	5.719E+00	5.720E+00
8.900E-01	5.699E+00	1.045E-02	5.683E+00	5.703E+00	5.696E+00	5.702E+00	5.698E+00	5.700E+00
9.000E-01	5.679E+00	1.212E-02	5.661E+00	5.685E+00	5.676E+00	5.681E+00	5.678E+00	5.679E+00
9.100E-01	5.658E+00	1.377E-02	5.639E+00	5.666E+00	5.656E+00	5.661E+00	5.658E+00	5.659E+00
9.200E-01	5.638E+00	1.540E-02	5.617E+00	5.648E+00	5.635E+00	5.640E+00	5.637E+00	5.638E+00
9.300E-01	5.617E+00	1.700E-02	5.595E+00	5.629E+00	5.615E+00	5.620E+00	5.617E+00	5.618E+00
9.400E-01	5.597E+00	1.858E-02	5.573E+00	5.610E+00	5.594E+00	5.599E+00	5.596E+00	5.597E+00
9.500E-01	5.576E+00	2.012E-02	5.552E+00	5.591E+00	5.573E+00	5.578E+00	5.575E+00	5.576E+00
9.600E-01	5.555E+00	2.164E-02	5.530E+00	5.573E+00	5.553E+00	5.557E+00	5.554E+00	5.556E+00
9.700E-01	5.534E+00	2.313E-02	5.508E+00	5.553E+00	5.532E+00	5.537E+00	5.534E+00	5.535E+00
9.800E-01	5.513E+00	2.459E-02	5.485E+00	5.534E+00	5.511E+00	5.516E+00	5.513E+00	5.514E+00
9.900E-01	5.492E+00	2.601E-02	5.463E+00	5.515E+00	5.490E+00	5.495E+00	5.492E+00	5.493E+00
1.000E+00	5.471E+00	2.741E-02	5.441E+00	5.496E+00	5.469E+00	5.474E+00	5.471E+00	5.472E+00
1.010E+00	5.450E+00	2.877E-02	5.419E+00	5.477E+00	5.448E+00	5.453E+00	5.450E+00	5.451E+00
1.020E+00	5.429E+00	3.011E-02	5.397E+00	5.457E+00	5.427E+00	5.431E+00	5.429E+00	5.430E+00
1.030E+00	5.408E+00	3.141E-02	5.375E+00	5.438E+00	5.406E+00	5.410E+00	5.407E+00	5.409E+00
1.040E+00	5.387E+00	3.268E-02	5.353E+00	5.418E+00	5.385E+00	5.389E+00	5.386E+00	5.388E+00
1.050E+00	5.366E+00	3.392E-02	5.331E+00	5.398E+00	5.363E+00	5.368E+00	5.365E+00	5.366E+00
1.060E+00	5.344E+00	3.512E-02	5.308E+00	5.378E+00	5.342E+00	5.346E+00	5.344E+00	5.345E+00
1.070E+00	5.323E+00	3.630E-02	5.286E+00	5.359E+00	5.321E+00	5.325E+00	5.322E+00	5.324E+00
1.080E+00	5.301E+00	3.744E-02	5.264E+00	5.339E+00	5.299E+00	5.303E+00	5.301E+00	5.302E+00
1.090E+00	5.280E+00	3.856E-02	5.242E+00	5.319E+00	5.278E+00	5.282E+00	5.279E+00	5.281E+00
1.100E+00	5.259E+00	3.964E-02	5.219E+00	5.299E+00	5.257E+00	5.260E+00	5.258E+00	5.259E+00
1.110E+00	5.237E+00	4.069E-02	5.197E+00	5.278E+00	5.235E+00	5.239E+00	5.236E+00	5.238E+00
1.120E+00	5.215E+00	4.171E-02	5.175E+00	5.258E+00	5.214E+00	5.217E+00	5.215E+00	5.216E+00
1.130E+00	5.194E+00	4.270E-02	5.153E+00	5.238E+00	5.192E+00	5.196E+00	5.193E+00	5.195E+00
1.140E+00	5.172E+00	4.366E-02	5.130E+00	5.218E+00	5.170E+00	5.174E+00	5.171E+00	5.173E+00
1.150E+00	5.151E+00	4.459E-02	5.108E+00	5.197E+00	5.149E+00	5.152E+00	5.150E+00	5.151E+00
1.160E+00	5.129E+00	4.549E-02	5.086E+00	5.177E+00	5.127E+00	5.130E+00	5.128E+00	5.130E+00
1.170E+00	5.107E+00	4.636E-02	5.064E+00	5.156E+00	5.105E+00	5.109E+00	5.106E+00	5.108E+00
1.180E+00	5.085E+00	4.719E-02	5.041E+00	5.136E+00	5.084E+00	5.087E+00	5.085E+00	5.086E+00
1.190E+00	5.064E+00	4.800E-02	5.019E+00	5.115E+00	5.062E+00	5.065E+00	5.063E+00	5.064E+00
1.200E+00	5.042E+00	4.878E-02	4.997E+00	5.094E+00	5.040E+00	5.043E+00	5.041E+00	5.043E+00
1.210E+00	5.020E+00	4.953E-02	4.975E+00	5.074E+00	5.018E+00	5.021E+00	5.019E+00	5.021E+00
1.220E+00	4.998E+00	5.025E-02	4.952E+00	5.053E+00	4.997E+00	4.999E+00	4.997E+00	4.999E+00
1.230E+00	4.976E+00	5.094E-02	4.930E+00	5.032E+00	4.975E+00	4.978E+00	4.975E+00	4.977E+00
1.240E+00	4.954E+00	5.161E-02	4.908E+00	5.011E+00	4.953E+00	4.956E+00	4.953E+00	4.955E+00
1.250E+00	4.932E+00	5.224E-02	4.886E+00	4.990E+00	4.931E+00	4.934E+00	4.932E+00	4.933E+00
1.260E+00	4.910E+00	5.284E-02	4.863E+00	4.969E+00	4.909E+00	4.912E+00	4.910E+00	4.911E+00
1.270E+00	4.888E+00	5.342E-02	4.841E+00	4.948E+00	4.887E+00	4.890E+00	4.888E+00	4.889E+00
1.280E+00	4.867E+00	5.397E-02	4.819E+00	4.927E+00	4.865E+00	4.868E+00	4.866E+00	4.867E+00
1.290E+00	4.845E+00	5.449E-02	4.797E+00	4.906E+00	4.843E+00	4.846E+00	4.844E+00	4.845E+00
1.300E+00	4.823E+00	5.498E-02	4.775E+00	4.885E+00	4.821E+00	4.824E+00	4.822E+00	4.823E+00
1.310E+00	4.801E+00	5.545E-02	4.753E+00	4.864E+00	4.799E+00	4.802E+00	4.800E+00	4.801E+00
1.320E+00	4.779E+00	5.589E-02	4.731E+00	4.842E+00	4.778E+00	4.780E+00	4.778E+00	4.779E+00
1.330E+00	4.757E+00	5.630E-02	4.708E+00	4.821E+00	4.756E+00	4.758E+00	4.756E+00	4.757E+00
1.340E+00	4.735E+00	5.669E-02	4.686E+00	4.800E+00	4.734E+00	4.736E+00	4.734E+00	4.735E+00
1.350E+00	4.713E+00	5.705E-02	4.664E+00	4.778E+00	4.712E+00	4.713E+00	4.712E+00	4.713E+00
1.360E+00	4.691E+00	5.738E-02	4.642E+00	4.757E+00	4.690E+00	4.691E+00	4.690E+00	4.691E+00
1.370E+00	4.668E+00	5.768E-02	4.620E+00	4.736E+00	4.668E+00	4.669E+00	4.668E+00	4.669E+00
1.380E+00	4.646E+00	5.797E-02	4.598E+00	4.714E+00	4.646E+00	4.647E+00	4.646E+00	4.647E+00
1.390E+00	4.624E+00	5.822E-02	4.576E+00	4.693E+00	4.624E+00	4.625E+00	4.624E+00	4.625E+00
1.400E+00	4.602E+00	5.845E-02	4.554E+00	4.671E+00	4.602E+00	4.603E+00	4.602E+00	4.603E+00
1.410E+00	4.580E+00	5.865E-02	4.533E+00	4.650E+00	4.580E+00	4.581E+00	4.580E+00	4.581E+00
1.420E+00	4.558E+00	5.883E-02	4.511E+00	4.628E+00	4.558E+00	4.559E+00	4.557E+00	4.559E+00
1.430E+00	4.536E+00	5.899E-02	4.489E+00	4.607E+00	4.536E+00	4.537E+00	4.535E+00	4.537E+00
1.440E+00	4.514E+00	5.912E-02	4.467E+00	4.585E+00	4.514E+00	4.515E+00	4.513E+00	4.515E+00
1.450E+00	4.492E+00	5.923E-02	4.445E+00	4.564E+00	4.492E+00	4.493E+00	4.491E+00	4.493E+00
1.460E+00	4.470E+00	5.931E-02	4.423E+00	4.542E+00	4.470E+00	4.471E+00	4.469E+00	4.471E+00
1.470E+00	4.448E+00	5.937E-02	4.402E+00	4.520E+00	4.448E+00	4.449E+00	4.448E+00	4.449E+00
1.480E+00	4.426E+00	5.941E-02	4.380E+00	4.499E+00	4.426E+00	4.427E+00	4.426E+00	4.427E+00
1.490E+00	4.405E+00	5.942E-02	4.358E+00	4.477E+00	4.404E+00	4.405E+00	4.404E+00	4.405E+00
1.500E+00	4.383E+00	5.941E-02	4.337E+00	4.456E+00	4.382E+00	4.383E+00	4.382E+00	4.384E+00
1.510E+00	4.361E+00	5.938E-02	4.315E+00	4.434E+00	4.360E+00	4.361E+00	4.360E+00	4.362E+00
1.520E+00	4.339E+00	5.933E-02	4.294E+00	4.412E+00	4.338E+00	4.339E+00	4.338E+00	4.340E+00
1.530E+00	4.317E+00	5.925E-02	4.272E+00	4.391E+00	4.317E+00	4.317E+00	4.316E+00	4.318E+00
1.540E+00	4.295E+00	5.915E-02	4.251E+00	4.369E+00	4.295E+00	4.295E+00	4.294E+00	4.296E+00
1.550E+00	4.273E+00	5.903E-02	4.229E+00	4.347E+00	4.273E+00	4.273E+00	4.272E+00	4.274E+00
1.560E+00	4.251E+00	5.889E-02	4.208E+00	4.326E+00	4.251E+00	4.251E+00	4.250E+00	4.252E+00
1.570E+00	4.230E+00	5.873E-02	4.186E+00	4.304E+00	4.229E+00	4.230E+00	4.229E+00	4.230E+00
1.580E+00	4.208E+00	5.855E-02	4.165E+00	4.282E+00	4.208E+00	4.208E+00	4.207E+00	4.209E+00
1.590E+00	4.186E+00	5.835E-02	4.144E+00	4.261E+00	4.186E+00	4.186E+00	4.185E+00	4.187E+00
1.600E+00	4.164E+00	5.813E-02	4.123E+00	4.239E+00	4.164E+00	4.164E+00	4.163E+00	4.165E+00
1.610E+00	4.142E+00	5.789E-02	4.101E+00	4.217E+00	4.142E+00	4.142E+00	4.142E+00	4.143E+00
1.620E+00	4.121E+00	5.763E-02	4.080E+00	4.195E+00	4.121E+00	4.121E+00	4.120E+00	4.122E+00
1.630E+00	4.099E+00	5.735E-02	4.059E+00	4.174E+00	4.099E+00	4.099E+00	4.098E+00	4.100E+00
1.640E+00	4.077E+00	5.705E-02	4.038E+00	4.152E+00	4.078E+00	4.077E+00	4.077E+00	4.078E+00
1.650E+00	4.056E+00	5.673E-02	4.017E+00	4.130E+00	4.056E+00	4.056E+00	4.055E+00	4.057E+00
1.660E+00	4.034E+00	5.639E-02	3.996E+00	4.109E+00	4.034E+00	4.034E+00	4.033E+00	4.035E+00
1.670E+00	4.013E+00	5.604E-02	3.975E+00	4.087E+00	4.013E+00	4.013E+00	4.012E+00	4.014E+00
1.680E+00	3.991E+00	5.567E-02	3.954E+00	4.066E+00	3.991E+00	3.991E+00	3.990E+00	3.992E+00
1.690E+00	3.970E+00	5.528E-02	3.933E+00	4.044E+00	3.970E+00	3.970E+00	3.969E+00	3.971E+00
1.700E+00	3.948E+00	5.487E-02	3.913E+00	4.022E+00	3.949E+00	3.948E+00	3.947E+00	3.949E+00
1.710E+00	3.927E+00	5.445E-02	3.892E+00	4.001E+00	3.927E+00	3.927E+00	3.926E+00	3.928E+00
1.720E+00	3.906E+00	5.401E-02	3.871E+00	3.979E+00	3.906E+00	3.905E+00	3.905E+00	3.907E+00
1.730E+00	3.884E+00	5.355E-02	3.851E+00	3.958E+00	3.885E+00	3.884E+00	3.883E+00	3.885E+00
1.740E+00	3.863E+00	5.308E-02	3.830E+00	3.936E+00	3.863E+00	3.862E+00	3.862E+00	3.864E+00
1.750E+00	3.842E+00	5.259E-02	3.809E+00	3.915E+00	3.842E+00	3.841E+00	3.841E+00	3.843E+00
1.760E+00	3.820E+00	5.209E-02	3.789E+00	3.893E+00	3.821E+00	3.820E+00	3.819E+00	3.821E+00
1.770E+00	3.799E+00	5.157E-02	3.769E+00	3.872E+00	3.800E+00	3.799E+00	3.798E+00	3.800E+00
1.780E+00	3.778E+00	5.103E-02	3.748E+00	3.850E+00	3.779E+00	3.777E+00	3.777E+00	3.779E+00
1.790E+00	3.757E+00	5.048E-02	3.728E+00	3.829E+00	3.758E+00	3.756E+00	3.756E+00	3.758E+00
1.800E+00	3.736E+00	4.992E-02	3.708E+00	3.807E+00	3.736E+00	3.735E+00	3.735E+00	3.737E+00
1.810E+00	3.715E+00	4.934E-02	3.687E+00	3.786E+00	3.715E+00	3.714E+00	3.714E+00	3.716E+00
1.820E+00	3.694E+00	4.875E-02	3.667E+00	3.765E+00	3.695E+00	3.693E+00	3.693E+00	3.695E+00
1.830E+00	3.673E+00	4.814E-02	3.647E+00	3.743E+00	3.674E+00	3.672E+00	3.672E+00	3.674E+00
1.840E+00	3.652E+00	4.752E-02	3.627E+00	3.722E+00	3.653E+00	3.651E+00	3.651E+00	3.653E+00
1.850E+00	3.631E+00	4.689E-02	3.607E+00	3.701E+00	3.632E+00	3.630E+00	3.630E+00	3.632E+00
1.860E+00	3.610E+00	4.625E-02	3.587E+00	3.680E+00	3.611E+00	3.610E+00	3.609E+00	3.611E+00
1.870E+00	3.590E+00	4.559E-02	3.567E+00	3.658E+00	3.590E+00	3.589E+00	3.589E+00	3.591E+00
1.880E+00	3.569E+00	4.492E-02	3.547E+00	3.637E+00	3.570E+00	3.568E+00	3.568E+00	3.570E+00
1.890E+00	3.548E+00	4.424E-02	3.528E+00	3.616E+00	3.549E+00	3.547E+00	3.547E+00	3.549E+00
1.900E+00	3.528E+00	4.354E-02	3.508E+00	3.595E+00	3.529E+00	3.527E+00	3.527E+00	3.529E+00
1.910E+00	3.507E+00	4.284E-02	3.488E+00	3.574E+00	3.508E+00	3.506E+00	3.506E+00	3.508E+00
1.920E+00	3.487E+00	4.212E-02	3.469E+00	3.553E+00	3.488E+00	3.486E+00	3.486E+00	3.488E+00
1.930E+00	3.466E+00	4.139E-02	3.449E+00	3.532E+00	3.467E+00	3.465E+00	3.465E+00	3.467E+00
1.940E+00	3.446E+00	4.066E-02	3.430E+00	3.511E+00	3.447E+00	3.445E+00	3.445E+00	3.447E+00
1.950E+00	3.425E+00	3.991E-02	3.410E+00	3.490E+00	3.426E+00	3.424E+00	3.424E+00	3.426E+00
1.960E+00	3.405E+00	3.915E-02	3.391E+00	3.469E+00	3.406E+00	3.404E+00	3.404E+00	3.406E+00
1.970E+00	3.385E+00	3.838E-02	3.372E+00	3.448E+00	3.386E+00	3.384E+00	3.384E+00	3.386E+00
1.980E+00	3.365E+00	3.760E-02	3.352E+00	3.427E+00	3.366E+00	3.364E+00	3.364E+00	3.366E+00
1.990E+00	3.345E+00	3.681E-02	3.333E+00	3.407E+00	3.346E+00	3.343E+00	3.343E+00	3.346E+00
2.000E+00	3.324E+00	3.602E-02	3.314E+00	3.386E+00	3.326E+00	3.323E+00	3.323E+00	3.326E+00
2.010E+00	3.304E+00	3.521E-02	3.295E+00	3.365E+00	3.306E+00	3.303E+00	3.303E+00	3.305E+00
2.020E+00	3.284E+00	3.440E-02	3.276E+00	3.345E+00	3.286E+00	3.283E+00	3.283E+00	3.286E+00
2.030E+00	3.265E+00	3.358E-02	3.257E+00	3.324E+00	3.266E+00	3.263E+00	3.263E+00	3.266E+00
2.040E+00	3.245E+00	3.275E-02	3.238E+00	3.304E+00	3.246E+00	3.243E+00	3.244E+00	3.246E+00
2.050E+00	3.225E+00	3.191E-02	3.219E+00	3.283E+00	3.226E+00	3.224E+00	3.224E+00	3.226E+00
2.060E+00	3.205E+00	3.106E-02	3.201E+00	3.263E+00	3.206E+00	3.204E+00	3.204E+00	3.206E+00
2.070E+00	3.185E+00	3.021E-02	3.182E+00	3.242E+00	3.187E+00	3.184E+00	3.184E+00	3.187E+00
2.080E+00	3.166E+00	2.935E-02	3.163E+00	3.222E+00	3.167E+00	3.164E+00	3.165E+00	3.167E+00
2.090E+00	3.146E+00	2.848E-02	3.145E+00	3.202E+00	3.148E+00	3.145E+00	3.145E+00	3.147E+00
2.100E+00	3.127E+00	2.761E-02	3.126E+00	3.181E+00	3.128E+00	3.125E+00	3.126E+00	3.128E+00
2.110E+00	3.107E+00	2.673E-02	3.108E+00	3.161E+00	3.109E+00	3.106E+00	3.106E+00	3.108E+00
2.120E+00	3.088E+00	2.584E-02	3.090E+00	3.141E+00	3.089E+00	3.086E+00	3.087E+00	3.089E+00
2.130E+00	3.069E+00	2.495E-02	3.071E+00	3.121E+00	3.070E+00	3.067E+00	3.068E+00	3.070E+00
2.140E+00	3.049E+00	2.405E-02	3.053E+00	3.101E+00	3.051E+00	3.048E+00	3.048E+00	3.050E+00
2.150E+00	3.030E+00	2.315E-02	3.035E+00	3.081E+00	3.032E+00	3.029E+00	3.029E+00	3.031E+00
2.160E+00	3.011E+00	2.224E-02	3.017E+00	3.061E+00	3.013E+00	3.009E+00	3.010E+00	3.012E+00
2.170E+00	2.992E+00	2.133E-02	2.999E+00	3.041E+00	2.994E+00	2.990E+00	2.991E+00	2.993E+00
2.180E+00	2.973E+00	2.042E-02	2.981E+00	3.021E+00	2.975E+00	2.971E+00	2.972E+00	2.974E+00
2.190E+00	2.954E+00	1.950E-02	2.963E+00	3.002E+00	2.956E+00	2.952E+00	2.953E+00	2.955E+00
2.200E+00	2.935E+00	1.857E-02	2.945E+00	2.982E+00	2.937E+00	2.934E+00	2.934E+00	2.936E+00
2.210E+00	2.916E+00	1.764E-02	2.927E+00	2.962E+00	2.918E+00	2.915E+00	2.915E+00	2.917E+00
2.220E+00	2.898E+00	1.671E-02	2.910E+00	2.943E+00	2.899E+00	2.896E+00	2.897E+00	2.899E+00
2.230E+00	2.879E+00	1.578E-02	2.892E+00	2.923E+00	2.881E+00	2.877E+00	2.878E+00	2.880E+00
2.240E+00	2.860E+00	1.484E-02	2.874E+00	2.904E+00	2.862E+00	2.859E+00	2.859E+00	2.861E+00
2.250E+00	2.842E+00	1.391E-02	2.857E+00	2.885E+00	2.844E+00	2.840E+00	2.841E+00	2.843E+00
2.260E+00	2.823E+00	1.297E-02	2.840E+00	2.865E+00	2.825E+00	2.822E+00	2.822E+00	2.824E+00
2.270E+00	2.805E+00	1.203E-02	2.822E+00	2.846E+00	2.807E+00	2.803E+00	2.804E+00	2.806E+00
2.280E+00	2.787E+00	1.109E-02	2.805E+00	2.827E+00	2.788E+00	2.785E+00	2.785E+00	2.788E+00
2.290E+00	2.768E+00	1.015E-02	2.788E+00	2.808E+00	2.770E+00	2.767E+00	2.767E+00	2.769E+00
2.300E+00	2.750E+00	9.215E-03	2.771E+00	2.788E+00	2.752E+00	2.748E+00	2.749E+00	2.751E+00
2.310E+00	2.732E+00	8.283E-03	2.753E+00	2.769E+00	2.734E+00	2.730E+00	2.731E+00	2.733E+00
2.320E+00	2.714E+00	7.358E-03	2.736E+00	2.751E+00	2.716E+00	2.712E+00	2.713E+00	2.715E+00
2.330E+00	2.696E+00	6.444E-03	2.720E+00	2.732E+00	2.698E+00	2.694E+00	2.695E+00	2.697E+00
2.340E+00	2.678E+00	5.547E-03	2.703E+00	2.713E+00	2.680E+00	2.676E+00	2.677E+00	2.679E+00
2.350E+00	2.660E+00	4.679E-03	2.686E+00	2.694E+00	2.662E+00	2.658E+00	2.659E+00	2.661E+00
2.360E+00	2.642E+00	3.859E-03	2.669E+00	2.675E+00	2.644E+00	2.640E+00	2.641E+00	2.643E+00
2.370E+00	2.625E+00	3.127E-03	2.652E+00	2.657E+00	2.627E+00	2.623E+00	2.624E+00	2.626E+00
2.380E+00	2.607E+00	2.562E-03	2.636E+00	2.638E+00	2.609E+00	2.605E+00	2.606E+00	2.608E+00
2.390E+00	2.589E+00	2.290E-03	2.619E+00	2.620E+00	2.591E+00	2.587E+00	2.588E+00	2.591E+00
2.400E+00	2.572E+00	2.414E-03	2.603E+00	2.601E+00	2.574E+00	2.570E+00	2.571E+00	2.573E+00
2.410E+00	2.554E+00	2.884E-03	2.586E+00	2.583E+00	2.556E+00	2.552E+00	2.553E+00	2.556E+00
2.420E+00	2.537E+00	3.565E-03	2.570E+00	2.565E+00	2.539E+00	2.535E+00	2.536E+00	2.538E+00
2.430E+00	2.520E+00	4.359E-03	2.554E+00	2.547E+00	2.522E+00	2.518E+00	2.519E+00	2.521E+00
2.440E+00	2.503E+00	5.215E-03	2.538E+00	2.528E+00	2.505E+00	2.501E+00	2.501E+00	2.504E+00
2.450E+00	2.485E+00	6.106E-03	2.522E+00	2.510E+00	2.488E+00	2.483E+00	2.484E+00	2.487E+00
2.460E+00	2.468E+00	7.019E-03	2.506E+00	2.492E+00	2.470E+00	2.466E+00	2.467E+00	2.470E+00
2.470E+00	2.451E+00	7.945E-03	2.490E+00	2.474E+00	2.454E+00	2.449E+00	2.450E+00	2.453E+00
2.480E+00	2.434E+00	8.881E-03	2.474E+00	2.457E+00	2.437E+00	2.432E+00	2.433E+00	2.436E+00
2.490E+00	2.418E+00	9.822E-03	2.458E+00	2.439E+00	2.420E+00	2.415E+00	2.417E+00	2.419E+00
2.500E+00	2.401E+00	1.077E-02	2.442E+00	2.421E+00	2.403E+00	2.399E+00	2.400E+00	2.402E+00
2.510E+00	2.384E+00	1.172E-02	2.426E+00	2.403E+00	2.386E+00	2.382E+00	2.383E+00	2.385E+00
2.520E+00	2.367E+00	1.267E-02	2.411E+00	2.386E+00	2.370E+00	2.365E+00	2.366E+00	2.369E+00
2.530E+00	2.351E+00	1.362E-02	2.395E+00	2.368E+00	2.353E+00	2.349E+00	2.350E+00	2.352E+00
2.540E+00	2.334E+00	1.457E-02	2.380E+00	2.351E+00	2.337E+00	2.332E+00	2.333E+00	2.336E+00
2.550E+00	2.318E+00	1.551E-02	2.364E+00	2.334E+00	2.320E+00	2.316E+00	2.317E+00	2.319E+00
2.560E+00	2.302E+00	1.646E-02	2.349E+00	2.316E+00	2.304E+00	2.299E+00	2.301E+00	2.303E+00
2.570E+00	2.285E+00	1.741E-02	2.334E+00	2.299E+00	2.288E+00	2.283E+00	2.284E+00	2.287E+00
2.580E+00	2.269E+00	1.836E-02	2.318E+00	2.282E+00	2.271E+00	2.267E+00	2.268E+00	2.270E+00
2.590E+00	2.253E+00	1.930E-02	2.303E+00	2.265E+00	2.255E+00	2.251E+00	2.252E+00	2.254E+00
2.600E+00	2.237E+00	2.024E-02	2.288E+00	2.248E+00	2.239E+00	2.235E+00	2.236E+00	2.238E+00
2.610E+00	2.221E+00	2.118E-02	2.273E+00	2.231E+00	2.223E+00	2.219E+00	2.220E+00	2.222E+00
2.620E+00	2.205E+00	2.212E-02	2.258E+00	2.214E+00	2.208E+00	2.203E+00	2.204E+00	2.206E+00
2.630E+00	2.189E+00	2.305E-02	2.243E+00	2.198E+00	2.192E+00	2.187E+00	2.188E+00	2.191E+00
2.640E+00	2.174E+00	2.398E-02	2.229E+00	2.181E+00	2.176E+00	2.171E+00	2.173E+00	2.175E+00
2.650E+00	2.158E+00	2.491E-02	2.214E+00	2.164E+00	2.160E+00	2.156E+00	2.157E+00	2.159E+00
2.660E+00	2.142E+00	2.583E-02	2.199E+00	2.148E+00	2.145E+00	2.140E+00	2.141E+00	2.143E+00
2.670E+00	2.127E+00	2.676E-02	2.185E+00	2.131E+00	2.129E+00	2.125E+00	2.126E+00	2.128E+00
2.680E+00	2.111E+00	2.767E-02	2.170E+00	2.115E+00	2.114E+00	2.109E+00	2.110E+00	2.113E+00
2.690E+00	2.096E+00	2.859E-02	2.156E+00	2.099E+00	2.098E+00	2.094E+00	2.095E+00	2.097E+00
2.700E+00	2.081E+00	2.950E-02	2.141E+00	2.083E+00	2.083E+00	2.078E+00	2.080E+00	2.082E+00
2.710E+00	2.066E+00	3.040E-02	2.127E+00	2.066E+00	2.068E+00	2.063E+00	2.064E+00	2.067E+00
2.720E+00	2.050E+00	3.130E-02	2.113E+00	2.050E+00	2.053E+00	2.048E+00	2.049E+00	2.051E+00
2.730E+00	2.035E+00	3.220E-02	2.099E+00	2.034E+00	2.038E+00	2.033E+00	2.034E+00	2.036E+00
2.740E+00	2.020E+00	3.309E-02	2.085E+00	2.019E+00	2.023E+00	2.018E+00	2.019E+00	2.021E+00
2.750E+00	2.005E+00	3.398E-02	2.070E+00	2.003E+00	2.008E+00	2.003E+00	2.004E+00	2.007E+00
2.760E+00	1.991E+00	3.487E-02	2.057E+00	1.987E+00	1.993E+00	1.988E+00	1.990E+00	1.992E+00
2.770E+00	1.976E+00	3.575E-02	2.043E+00	1.971E+00	1.978E+00	1.973E+00	1.975E+00	1.977E+00
2.780E+00	1.961E+00	3.662E-02	2.029E+00	1.956E+00	1.964E+00	1.959E+00	1.960E+00	1.962E+00
2.790E+00	1.947E+00	3.749E-02	2.015E+00	1.940E+00	1.949E+00	1.944E+00	1.945E+00	1.948E+00
2.800E+00	1.932E+00	3.835E-02	2.001E+00	1.925E+00	1.934E+00	1.930E+00	1.931E+00	1.933E+00
2.810E+00	1.917E+00	3.921E-02	1.988E+00	1.910E+00	1.920E+00	1.915E+00	1.916E+00	1.919E+00
2.820E+00	1.903E+00	4.007E-02	1.974E+00	1.894E+00	1.906E+00	1.901E+00	1.902E+00	1.904E+00
2.830E+00	1.889E+00	4.091E-02	1.961E+00	1.879E+00	1.891E+00	1.886E+00	1.888E+00	1.890E+00
2.840E+00	1.875E+00	4.176E-02	1.947E+00	1.864E+00	1.877E+00	1.872E+00	1.873E+00	1.876E+00
2.850E+00	1.860E+00	4.259E-02	1.934E+00	1.849E+00	1.863E+00	1.858E+00	1.859E+00	1.861E+00
2.860E+00	1.846E+00	4.342E-02	1.921E+00	1.834E+00	1.849E+00	1.844E+00	1.845E+00	1.847E+00
2.870E+00	1.832E+00	4.425E-02	1.907E+00	1.819E+00	1.835E+00	1.830E+00	1.831E+00	1.833E+00
2.880E+00	1.818E+00	4.507E-02	1.894E+00	1.804E+00	1.821E+00	1.816E+00	1.817E+00	1.819E+00
2.890E+00	1.804E+00	4.588E-02	1.881E+00	1.790E+00	1.807E+00	1.802E+00	1.803E+00	1.806E+00
2.900E+00	1.791E+00	4.669E-02	1.868E+00	1.775E+00	1.793E+00	1.788E+00	1.790E+00	1.792E+00
2.910E+00	1.777E+00	4.749E-02	1.855E+00	1.761E+00	1.779E+00	1.774E+00	1.776E+00	1.778E+00
2.920E+00	1.763E+00	4.829E-02	1.842E+00	1.746E+00	1.766E+00	1.761E+00	1.762E+00	1.764E+00
2.930E+00	1.750E+00	4.908E-02	1.830E+00	1.732E+00	1.752E+00	1.747E+00	1.749E+00	1.751E+00
2.940E+00	1.736E+00	4.986E-02	1.817E+00	1.717E+00	1.739E+00	1.734E+00	1.735E+00	1.737E+00
2.950E+00	1.723E+00	5.064E-02	1.804E+00	1.703E+00	1.725E+00	1.720E+00	1.722E+00	1.724E+00
2.960E+00	1.710E+00	5.141E-02	1.792E+00	1.689E+00	1.712E+00	1.707E+00	1.708E+00	1.711E+00
2.970E+00	1.696E+00	5.218E-02	1.779E+00	1.675E+00	1.699E+00	1.694E+00	1.695E+00	1.697E+00
2.980E+00	1.683E+00	5.293E-02	1.767E+00	1.661E+00	1.686E+00	1.681E+00	1.682E+00	1.684E+00
2.990E+00	1.670E+00	5.368E-02	1.754E+00	1.647E+00	1.672E+00	1.667E+00	1.669E+00	1.671E+00
3.000E+00	1.657E+00	5.443E-02	1.742E+00	1.633E+00	1.659E+00	1.654E+00	1.656E+00	1.658E+00
