1.000E-02	5.218E+00	7.374E-03	5.225E+00	5.211E+00	5.221E+00	5.215E+00	5.217E+00	5.218E+00
2.000E-02	5.217E+00	7.316E-03	5.224E+00	5.210E+00	5.220E+00	5.214E+00	5.216E+00	5.217E+00
3.000E-02	5.215E+00	7.240E-03	5.222E+00	5.209E+00	5.218E+00	5.213E+00	5.215E+00	5.216E+00
4.000E-02	5.214E+00	7.150E-03	5.220E+00	5.207E+00	5.217E+00	5.211E+00	5.213E+00	5.214E+00
5.000E-02	5.212E+00	7.050E-03	5.218E+00	5.205E+00	5.214E+00	5.209E+00	5.211E+00	5.212E+00
6.000E-02	5.209E+00	6.940E-03	5.215E+00	5.203E+00	5.212E+00	5.206E+00	5.209E+00	5.210E+00
7.000E-02	5.206E+00	6.823E-03	5.212E+00	5.200E+00	5.209E+00	5.204E+00	5.206E+00	5.207E+00
8.000E-02	5.203E+00	6.699E-03	5.209E+00	5.197E+00	5.206E+00	5.200E+00	5.203E+00	5.204E+00
9.000E-02	5.200E+00	6.570E-03	5.206E+00	5.194E+00	5.202E+00	5.197E+00	5.199E+00	5.200E+00
1.000E-01	5.196E+00	6.436E-03	5.202E+00	5.190E+00	5.199E+00	5.193E+00	5.196E+00	5.196E+00
1.100E-01	5.192E+00	6.298E-03	5.197E+00	5.186E+00	5.195E+00	5.189E+00	5.191E+00	5.192E+00
1.200E-01	5.187E+00	6.157E-03	5.193E+00	5.182E+00	5.190E+00	5.185E+00	5.187E+00	5.188E+00
1.300E-01	5.183E+00	6.013E-03	5.188E+00	5.177E+00	5.186E+00	5.180E+00	5.182E+00	5.183E+00
1.400E-01	5.178E+00	5.867E-03	5.183E+00	5.173E+00	5.181E+00	5.175E+00	5.178E+00	5.178E+00
1.500E-01	5.173E+00	5.719E-03	5.178E+00	5.168E+00	5.175E+00	5.170E+00	5.172E+00	5.173E+00
1.600E-01	5.167E+00	5.570E-03	5.172E+00	5.162E+00	5.170E+00	5.165E+00	5.167E+00	5.168E+00
1.700E-01	5.162E+00	5.420E-03	5.166E+00	5.157E+00	5.164E+00	5.159E+00	5.161E+00	5.162E+00
1.800E-01	5.156E+00	5.269E-03	5.160E+00	5.151E+00	5.158E+00	5.153E+00	5.155E+00	5.156E+00
1.900E-01	5.149E+00	5.118E-03	5.154E+00	5.145E+00	5.152E+00	5.147E+00	5.149E+00	5.150E+00
2.000E-01	5.143E+00	4.968E-03	5.147E+00	5.139E+00	5.146E+00	5.140E+00	5.142E+00	5.143E+00
2.100E-01	5.136E+00	4.818E-03	5.140E+00	5.132E+00	5.139E+00	5.133E+00	5.136E+00	5.136E+00
2.200E-01	5.129E+00	4.669E-03	5.133E+00	5.125E+00	5.132E+00	5.126E+00	5.129E+00	5.130E+00
2.300E-01	5.122E+00	4.522E-03	5.125E+00	5.118E+00	5.125E+00	5.119E+00	5.121E+00	5.122E+00
2.400E-01	5.114E+00	4.377E-03	5.118E+00	5.111E+00	5.117E+00	5.112E+00	5.114E+00	5.115E+00
2.500E-01	5.107E+00	4.234E-03	5.110E+00	5.103E+00	5.109E+00	5.104E+00	5.106E+00	5.107E+00
2.600E-01	5.099E+00	4.093E-03	5.102E+00	5.096E+00	5.101E+00	5.096E+00	5.098E+00	5.099E+00
2.700E-01	5.091E+00	3.955E-03	5.094E+00	5.088E+00	5.093E+00	5.088E+00	5.090E+00	5.091E+00
2.800E-01	5.082E+00	3.821E-03	5.085E+00	5.080E+00	5.085E+00	5.080E+00	5.082E+00	5.083E+00
2.900E-01	5.074E+00	3.691E-03	5.076E+00	5.071E+00	5.076E+00	5.071E+00	5.073E+00	5.074E+00
3.000E-01	5.065E+00	3.565E-03	5.067E+00	5.062E+00	5.068E+00	5.062E+00	5.064E+00	5.065E+00
3.100E-01	5.056E+00	3.443E-03	5.058E+00	5.054E+00	5.059E+00	5.053E+00	5.055E+00	5.056E+00
3.200E-01	5.047E+00	3.327E-03	5.049E+00	5.045E+00	5.049E+00	5.044E+00	5.046E+00	5.047E+00
3.300E-01	5.037E+00	3.216E-03	5.039E+00	5.035E+00	5.040E+00	5.035E+00	5.037E+00	5.038E+00
3.400E-01	5.028E+00	3.111E-03	5.029E+00	5.026E+00	5.030E+00	5.025E+00	5.027E+00	5.028E+00
3.500E-01	5.018E+00	3.013E-03	5.019E+00	5.016E+00	5.020E+00	5.015E+00	5.017E+00	5.018E+00
3.600E-01	5.008E+00	2.922E-03	5.009E+00	5.006E+00	5.010E+00	5.005E+00	5.007E+00	5.008E+00
3.700E-01	4.998E+00	2.838E-03	4.999E+00	4.996E+00	5.000E+00	4.995E+00	4.997E+00	4.998E+00
3.800E-01	4.987E+00	2.762E-03	4.988E+00	4.986E+00	4.990E+00	4.985E+00	4.987E+00	4.988E+00
3.900E-01	4.977E+00	2.695E-03	4.977E+00	4.976E+00	4.979E+00	4.974E+00	4.976E+00	4.977E+00
4.000E-01	4.966E+00	2.636E-03	4.966E+00	4.965E+00	4.968E+00	4.963E+00	4.965E+00	4.966E+00
4.100E-01	4.955E+00	2.586E-03	4.955E+00	4.954E+00	4.957E+00	4.952E+00	4.954E+00	4.955E+00
4.200E-01	4.944E+00	2.545E-03	4.944E+00	4.943E+00	4.946E+00	4.941E+00	4.943E+00	4.944E+00
4.300E-01	4.932E+00	2.513E-03	4.932E+00	4.932E+00	4.935E+00	4.930E+00	4.932E+00	4.933E+00
4.400E-01	4.921E+00	2.490E-03	4.921E+00	4.921E+00	4.923E+00	4.918E+00	4.920E+00	4.921E+00
4.500E-01	4.909E+00	2.476E-03	4.909E+00	4.909E+00	4.911E+00	4.907E+00	4.908E+00	4.910E+00
4.600E-01	4.897E+00	2.470E-03	4.897E+00	4.897E+00	4.899E+00	4.895E+00	4.897E+00	4.898E+00
4.700E-01	4.885E+00	2.473E-03	4.885E+00	4.885E+00	4.887E+00	4.883E+00	4.884E+00	4.886E+00
4.800E-01	4.873E+00	2.484E-03	4.872E+00	4.873E+00	4.875E+00	4.870E+00	4.872E+00	4.873E+00
4.900E-01	4.860E+00	2.501E-03	4.860E+00	4.861E+00	4.863E+00	4.858E+00	4.860E+00	4.861E+00
5.000E-01	4.848E+00	2.526E-03	4.847E+00	4.849E+00	4.850E+00	4.846E+00	4.847E+00	4.848E+00
5.100E-01	4.835E+00	2.556E-03	4.834E+00	4.836E+00	4.837E+00	4.833E+00	4.835E+00	4.836E+00
5.200E-01	4.822E+00	2.592E-03	4.821E+00	4.823E+00	4.825E+00	4.820E+00	4.822E+00	4.823E+00
5.300E-01	4.809E+00	2.632E-03	4.808E+00	4.810E+00	4.812E+00	4.807E+00	4.809E+00	4.810E+00
5.400E-01	4.796E+00	2.677E-03	4.795E+00	4.797E+00	4.798E+00	4.794E+00	4.795E+00	4.797E+00
5.500E-01	4.783E+00	2.725E-03	4.781E+00	4.784E+00	4.785E+00	4.780E+00	4.782E+00	4.783E+00
5.600E-01	4.769E+00	2.776E-03	4.768E+00	4.771E+00	4.772E+00	4.767E+00	4.769E+00	4.770E+00
5.700E-01	4.756E+00	2.829E-03	4.754E+00	4.757E+00	4.758E+00	4.753E+00	4.755E+00	4.756E+00
5.800E-01	4.742E+00	2.884E-03	4.740E+00	4.744E+00	4.744E+00	4.740E+00	4.741E+00	4.742E+00
5.900E-01	4.728E+00	2.941E-03	4.726E+00	4.730E+00	4.730E+00	4.726E+00	4.727E+00	4.729E+00
6.000E-01	4.714E+00	2.998E-03	4.712E+00	4.716E+00	4.716E+00	4.712E+00	4.713E+00	4.715E+00
6.100E-01	4.700E+00	3.056E-03	4.698E+00	4.702E+00	4.702E+00	4.698E+00	4.699E+00	4.700E+00
6.200E-01	4.685E+00	3.114E-03	4.683E+00	4.687E+00	4.687E+00	4.683E+00	4.685E+00	4.686E+00
6.300E-01	4.671E+00	3.172E-03	4.669E+00	4.673E+00	4.673E+00	4.669E+00	4.670E+00	4.672E+00
6.400E-01	4.656E+00	3.230E-03	4.654E+00	4.659E+00	4.658E+00	4.654E+00	4.656E+00	4.657E+00
6.500E-01	4.642E+00	3.287E-03	4.639E+00	4.644E+00	4.644E+00	4.639E+00	4.641E+00	4.642E+00
6.600E-01	4.627E+00	3.343E-03	4.624E+00	4.629E+00	4.629E+00	4.625E+00	4.626E+00	4.627E+00
6.700E-01	4.612E+00	3.398E-03	4.609E+00	4.614E+00	4.614E+00	4.610E+00	4.611E+00	4.612E+00
6.800E-01	4.597E+00	3.452E-03	4.594E+00	4.599E+00	4.599E+00	4.595E+00	4.596E+00	4.597E+00
6.900E-01	4.581E+00	3.504E-03	4.578E+00	4.584E+00	4.583E+00	4.579E+00	4.581E+00	4.582E+00
7.000E-01	4.566E+00	3.555E-03	4.563E+00	4.569E+00	4.568E+00	4.564E+00	4.565E+00	4.567E+00
7.100E-01	4.550E+00	3.603E-03	4.548E+00	4.553E+00	4.552E+00	4.549E+00	4.550E+00	4.551E+00
7.200E-01	4.535E+00	3.650E-03	4.532E+00	4.538E+00	4.537E+00	4.533E+00	4.534E+00	4.536E+00
7.300E-01	4.519E+00	3.695E-03	4.516E+00	4.522E+00	4.521E+00	4.517E+00	4.518E+00	4.520E+00
7.400E-01	4.503E+00	3.738E-03	4.500E+00	4.506E+00	4.505E+00	4.501E+00	4.503E+00	4.504E+00
7.500E-01	4.487E+00	3.779E-03	4.484E+00	4.491E+00	4.489E+00	4.486E+00	4.487E+00	4.488E+00
7.600E-01	4.471E+00	3.817E-03	4.468E+00	4.475E+00	4.473E+00	4.470E+00	4.471E+00	4.472E+00
7.700E-01	4.455E+00	3.853E-03	4.452E+00	4.459E+00	4.457E+00	4.453E+00	4.455E+00	4.456E+00
7.800E-01	4.439E+00	3.887E-03	4.436E+00	4.442E+00	4.441E+00	4.437E+00	4.438E+00	4.440E+00
7.900E-01	4.423E+00	3.918E-03	4.419E+00	4.426E+00	4.425E+00	4.421E+00	4.422E+00	4.424E+00
8.000E-01	4.406E+00	3.946E-03	4.403E+00	4.410E+00	4.408E+00	4.405E+00	4.406E+00	4.407E+00
8.100E-01	4.390E+00	3.972E-03	4.386E+00	4.393E+00	4.392E+00	4.388E+00	4.389E+00	4.391E+00
8.200E-01	4.373E+00	3.996E-03	4.370E+00	4.377E+00	4.375E+00	4.371E+00	4.372E+00	4.374E+00
8.300E-01	4.356E+00	4.016E-03	4.353E+00	4.360E+00	4.358E+00	4.355E+00	4.356E+00	4.357E+00
8.400E-01	4.340E+00	4.034E-03	4.336E+00	4.343E+00	4.341E+00	4.338E+00	4.339E+00	4.340E+00
8.500E-01	4.323E+00	4.050E-03	4.319E+00	4.326E+00	4.324E+00	4.321E+00	4.322E+00	4.324E+00
8.600E-01	4.306E+00	4.063E-03	4.302E+00	4.309E+00	4.307E+00	4.304E+00	4.305E+00	4.307E+00
8.700E-01	4.289E+00	4.073E-03	4.285E+00	4.292E+00	4.290E+00	4.287E+00	4.288E+00	4.289E+00
8.800E-01	4.271E+00	4.080E-03	4.268E+00	4.275E+00	4.273E+00	4.270E+00	4.271E+00	4.272E+00
8.900E-01	4.254E+00	4.085E-03	4.251E+00	4.258E+00	4.256E+00	4.253E+00	4.253E+00	4.255E+00
9.000E-01	4.237E+00	4.086E-03	4.233E+00	4.241E+00	4.239E+00	4.235E+00	4.236E+00	4.238E+00
9.100E-01	4.220E+00	4.085E-03	4.216E+00	4.223E+00	4.221E+00	4.218E+00	4.219E+00	4.220E+00
9.200E-01	4.202E+00	4.082E-03	4.198E+00	4.206E+00	4.204E+00	4.201E+00	4.201E+00	4.203E+00
9.300E-01	4.185E+00	4.075E-03	4.181E+00	4.188E+00	4.186E+00	4.183E+00	4.184E+00	4.185E+00
9.400E-01	4.167E+00	4.066E-03	4.163E+00	4.171E+00	4.168E+00	4.165E+00	4.166E+00	4.168E+00
9.500E-01	4.149E+00	4.055E-03	4.146E+00	4.153E+00	4.151E+00	4.148E+00	4.148E+00	4.150E+00
9.600E-01	4.131E+00	4.040E-03	4.128E+00	4.135E+00	4.133E+00	4.130E+00	4.131E+00	4.132E+00
9.700E-01	4.114E+00	4.023E-03	4.110E+00	4.117E+00	4.115E+00	4.112E+00	4.113E+00	4.115E+00
9.800E-01	4.096E+00	4.003E-03	4.092E+00	4.099E+00	4.097E+00	4.094E+00	4.095E+00	4.097E+00
9.900E-01	4.078E+00	3.980E-03	4.074E+00	4.081E+00	4.079E+00	4.076E+00	4.077E+00	4.079E+00
1.000E+00	4.060E+00	3.955E-03	4.056E+00	4.063E+00	4.061E+00	4.058E+00	4.059E+00	4.061E+00
1.010E+00	4.042E+00	3.927E-03	4.038E+00	4.045E+00	4.043E+00	4.040E+00	4.041E+00	4.043E+00
1.020E+00	4.024E+00	3.897E-03	4.020E+00	4.027E+00	4.025E+00	4.022E+00	4.023E+00	4.025E+00
1.030E+00	4.005E+00	3.864E-03	4.002E+00	4.009E+00	4.007E+00	4.004E+00	4.004E+00	4.006E+00
1.040E+00	3.987E+00	3.829E-03	3.984E+00	3.991E+00	3.989E+00	3.986E+00	3.986E+00	3.988E+00
1.050E+00	3.969E+00	3.791E-03	3.966E+00	3.972E+00	3.970E+00	3.968E+00	3.968E+00	3.970E+00
1.060E+00	3.951E+00	3.750E-03	3.947E+00	3.954E+00	3.952E+00	3.949E+00	3.950E+00	3.952E+00
1.070E+00	3.932E+00	3.708E-03	3.929E+00	3.936E+00	3.933E+00	3.931E+00	3.931E+00	3.933E+00
1.080E+00	3.914E+00	3.662E-03	3.910E+00	3.917E+00	3.915E+00	3.913E+00	3.913E+00	3.915E+00
1.090E+00	3.895E+00	3.615E-03	3.892E+00	3.899E+00	3.897E+00	3.894E+00	3.894E+00	3.896E+00
1.100E+00	3.877E+00	3.565E-03	3.874E+00	3.880E+00	3.878E+00	3.876E+00	3.876E+00	3.878E+00
1.110E+00	3.858E+00	3.513E-03	3.855E+00	3.861E+00	3.859E+00	3.857E+00	3.857E+00	3.859E+00
1.120E+00	3.840E+00	3.458E-03	3.837E+00	3.843E+00	3.841E+00	3.839E+00	3.839E+00	3.841E+00
1.130E+00	3.821E+00	3.402E-03	3.818E+00	3.824E+00	3.822E+00	3.820E+00	3.820E+00	3.822E+00
1.140E+00	3.802E+00	3.343E-03	3.799E+00	3.805E+00	3.803E+00	3.801E+00	3.801E+00	3.803E+00
1.150E+00	3.784E+00	3.282E-03	3.781E+00	3.787E+00	3.785E+00	3.783E+00	3.783E+00	3.785E+00
1.160E+00	3.765E+00	3.220E-03	3.762E+00	3.768E+00	3.766E+00	3.764E+00	3.764E+00	3.766E+00
1.170E+00	3.746E+00	3.155E-03	3.743E+00	3.749E+00	3.747E+00	3.745E+00	3.745E+00	3.747E+00
1.180E+00	3.727E+00	3.089E-03	3.725E+00	3.730E+00	3.728E+00	3.726E+00	3.726E+00	3.728E+00
1.190E+00	3.709E+00	3.021E-03	3.706E+00	3.711E+00	3.710E+00	3.708E+00	3.707E+00	3.710E+00
1.200E+00	3.690E+00	2.951E-03	3.687E+00	3.692E+00	3.691E+00	3.689E+00	3.689E+00	3.691E+00
1.210E+00	3.671E+00	2.879E-03	3.668E+00	3.673E+00	3.672E+00	3.670E+00	3.670E+00	3.672E+00
1.220E+00	3.652E+00	2.806E-03	3.650E+00	3.654E+00	3.653E+00	3.651E+00	3.651E+00	3.653E+00
1.230E+00	3.633E+00	2.732E-03	3.631E+00	3.635E+00	3.634E+00	3.632E+00	3.632E+00	3.634E+00
1.240E+00	3.614E+00	2.657E-03	3.612E+00	3.616E+00	3.615E+00	3.613E+00	3.613E+00	3.615E+00
1.250E+00	3.595E+00	2.580E-03	3.593E+00	3.597E+00	3.596E+00	3.594E+00	3.594E+00	3.596E+00
1.260E+00	3.576E+00	2.502E-03	3.574E+00	3.578E+00	3.577E+00	3.575E+00	3.575E+00	3.577E+00
1.270E+00	3.557E+00	2.424E-03	3.555E+00	3.559E+00	3.558E+00	3.556E+00	3.556E+00	3.558E+00
1.280E+00	3.538E+00	2.345E-03	3.536E+00	3.540E+00	3.539E+00	3.537E+00	3.537E+00	3.539E+00
1.290E+00	3.519E+00	2.266E-03	3.517E+00	3.521E+00	3.520E+00	3.518E+00	3.518E+00	3.520E+00
1.300E+00	3.500E+00	2.186E-03	3.498E+00	3.502E+00	3.501E+00	3.499E+00	3.499E+00	3.501E+00
1.310E+00	3.481E+00	2.107E-03	3.479E+00	3.483E+00	3.482E+00	3.480E+00	3.480E+00	3.482E+00
1.320E+00	3.462E+00	2.028E-03	3.461E+00	3.464E+00	3.463E+00	3.461E+00	3.461E+00	3.463E+00
1.330E+00	3.443E+00	1.950E-03	3.442E+00	3.444E+00	3.444E+00	3.442E+00	3.442E+00	3.444E+00
1.340E+00	3.424E+00	1.874E-03	3.423E+00	3.425E+00	3.425E+00	3.423E+00	3.423E+00	3.425E+00
1.350E+00	3.405E+00	1.799E-03	3.404E+00	3.406E+00	3.406E+00	3.404E+00	3.404E+00	3.406E+00
1.360E+00	3.386E+00	1.727E-03	3.385E+00	3.387E+00	3.386E+00	3.385E+00	3.385E+00	3.387E+00
1.370E+00	3.367E+00	1.657E-03	3.366E+00	3.368E+00	3.367E+00	3.366E+00	3.366E+00	3.368E+00
1.380E+00	3.348E+00	1.592E-03	3.347E+00	3.349E+00	3.348E+00	3.347E+00	3.346E+00	3.349E+00
1.390E+00	3.329E+00	1.531E-03	3.328E+00	3.329E+00	3.329E+00	3.328E+00	3.327E+00	3.330E+00
1.400E+00	3.310E+00	1.476E-03	3.309E+00	3.310E+00	3.310E+00	3.309E+00	3.308E+00	3.311E+00
1.410E+00	3.291E+00	1.428E-03	3.290E+00	3.291E+00	3.291E+00	3.290E+00	3.289E+00	3.292E+00
1.420E+00	3.271E+00	1.387E-03	3.271E+00	3.272E+00	3.272E+00	3.271E+00	3.270E+00	3.273E+00
1.430E+00	3.252E+00	1.356E-03	3.252E+00	3.253E+00	3.253E+00	3.252E+00	3.251E+00	3.254E+00
1.440E+00	3.233E+00	1.334E-03	3.233E+00	3.234E+00	3.234E+00	3.233E+00	3.232E+00	3.235E+00
1.450E+00	3.214E+00	1.323E-03	3.214E+00	3.214E+00	3.215E+00	3.214E+00	3.213E+00	3.216E+00
1.460E+00	3.195E+00	1.324E-03	3.196E+00	3.195E+00	3.196E+00	3.195E+00	3.194E+00	3.197E+00
1.470E+00	3.176E+00	1.336E-03	3.177E+00	3.176E+00	3.177E+00	3.176E+00	3.175E+00	3.178E+00
1.480E+00	3.157E+00	1.360E-03	3.158E+00	3.157E+00	3.158E+00	3.157E+00	3.156E+00	3.159E+00
1.490E+00	3.138E+00	1.396E-03	3.139E+00	3.138E+00	3.139E+00	3.138E+00	3.137E+00	3.140E+00
1.500E+00	3.119E+00	1.443E-03	3.120E+00	3.119E+00	3.120E+00	3.119E+00	3.118E+00	3.121E+00
1.510E+00	3.101E+00	1.500E-03	3.101E+00	3.100E+00	3.101E+00	3.100E+00	3.099E+00	3.102E+00
1.520E+00	3.082E+00	1.566E-03	3.083E+00	3.081E+00	3.082E+00	3.081E+00	3.080E+00	3.083E+00
1.530E+00	3.063E+00	1.640E-03	3.064E+00	3.062E+00	3.063E+00	3.062E+00	3.062E+00	3.064E+00
1.540E+00	3.044E+00	1.722E-03	3.045E+00	3.043E+00	3.044E+00	3.044E+00	3.043E+00	3.045E+00
1.550E+00	3.025E+00	1.811E-03	3.026E+00	3.024E+00	3.025E+00	3.025E+00	3.024E+00	3.026E+00
1.560E+00	3.006E+00	1.906E-03	3.008E+00	3.005E+00	3.007E+00	3.006E+00	3.005E+00	3.008E+00
1.570E+00	2.987E+00	2.006E-03	2.989E+00	2.986E+00	2.988E+00	2.987E+00	2.986E+00	2.989E+00
1.580E+00	2.969E+00	2.111E-03	2.970E+00	2.967E+00	2.969E+00	2.968E+00	2.967E+00	2.970E+00
1.590E+00	2.950E+00	2.219E-03	2.952E+00	2.948E+00	2.950E+00	2.950E+00	2.949E+00	2.951E+00
1.600E+00	2.931E+00	2.332E-03	2.933E+00	2.929E+00	2.931E+00	2.931E+00	2.930E+00	2.933E+00
1.610E+00	2.913E+00	2.447E-03	2.915E+00	2.911E+00	2.913E+00	2.912E+00	2.911E+00	2.914E+00
1.620E+00	2.894E+00	2.566E-03	2.896E+00	2.892E+00	2.894E+00	2.894E+00	2.893E+00	2.895E+00
1.630E+00	2.875E+00	2.687E-03	2.878E+00	2.873E+00	2.875E+00	2.875E+00	2.874E+00	2.877E+00
1.640E+00	2.857E+00	2.810E-03	2.859E+00	2.854E+00	2.857E+00	2.857E+00	2.855E+00	2.858E+00
1.650E+00	2.838E+00	2.935E-03	2.841E+00	2.836E+00	2.838E+00	2.838E+00	2.837E+00	2.839E+00
1.660E+00	2.820E+00	3.062E-03	2.822E+00	2.817E+00	2.820E+00	2.819E+00	2.818E+00	2.821E+00
1.670E+00	2.801E+00	3.191E-03	2.804E+00	2.798E+00	2.801E+00	2.801E+00	2.800E+00	2.802E+00
1.680E+00	2.783E+00	3.321E-03	2.786E+00	2.780E+00	2.783E+00	2.783E+00	2.781E+00	2.784E+00
1.690E+00	2.764E+00	3.453E-03	2.767E+00	2.761E+00	2.764E+00	2.764E+00	2.763E+00	2.766E+00
1.700E+00	2.746E+00	3.586E-03	2.749E+00	2.743E+00	2.746E+00	2.746E+00	2.745E+00	2.747E+00
1.710E+00	2.728E+00	3.720E-03	2.731E+00	2.724E+00	2.728E+00	2.727E+00	2.726E+00	2.729E+00
1.720E+00	2.709E+00	3.854E-03	2.713E+00	2.706E+00	2.709E+00	2.709E+00	2.708E+00	2.711E+00
1.730E+00	2.691E+00	3.990E-03	2.695E+00	2.687E+00	2.691E+00	2.691E+00	2.690E+00	2.692E+00
1.740E+00	2.673E+00	4.127E-03	2.677E+00	2.669E+00	2.673E+00	2.673E+00	2.671E+00	2.674E+00
1.750E+00	2.655E+00	4.264E-03	2.659E+00	2.651E+00	2.655E+00	2.655E+00	2.653E+00	2.656E+00
1.760E+00	2.636E+00	4.402E-03	2.641E+00	2.632E+00	2.636E+00	2.636E+00	2.635E+00	2.638E+00
1.770E+00	2.618E+00	4.540E-03	2.623E+00	2.614E+00	2.618E+00	2.618E+00	2.617E+00	2.620E+00
1.780E+00	2.600E+00	4.679E-03	2.605E+00	2.596E+00	2.600E+00	2.600E+00	2.599E+00	2.602E+00
1.790E+00	2.582E+00	4.818E-03	2.587E+00	2.578E+00	2.582E+00	2.582E+00	2.581E+00	2.584E+00
1.800E+00	2.564E+00	4.957E-03	2.569E+00	2.560E+00	2.564E+00	2.565E+00	2.563E+00	2.566E+00
1.810E+00	2.547E+00	5.097E-03	2.552E+00	2.542E+00	2.546E+00	2.547E+00	2.545E+00	2.548E+00
1.820E+00	2.529E+00	5.237E-03	2.534E+00	2.524E+00	2.529E+00	2.529E+00	2.527E+00	2.530E+00
1.830E+00	2.511E+00	5.377E-03	2.516E+00	2.506E+00	2.511E+00	2.511E+00	2.510E+00	2.512E+00
1.840E+00	2.493E+00	5.517E-03	2.499E+00	2.488E+00	2.493E+00	2.493E+00	2.492E+00	2.495E+00
1.850E+00	2.475E+00	5.657E-03	2.481E+00	2.470E+00	2.475E+00	2.476E+00	2.474E+00	2.477E+00
1.860E+00	2.458E+00	5.797E-03	2.464E+00	2.452E+00	2.458E+00	2.458E+00	2.456E+00	2.459E+00
1.870E+00	2.440E+00	5.938E-03	2.446E+00	2.435E+00	2.440E+00	2.440E+00	2.439E+00	2.442E+00
1.880E+00	2.423E+00	6.078E-03	2.429E+00	2.417E+00	2.423E+00	2.423E+00	2.421E+00	2.424E+00
1.890E+00	2.405E+00	6.218E-03	2.411E+00	2.399E+00	2.405E+00	2.405E+00	2.404E+00	2.407E+00
1.900E+00	2.388E+00	6.357E-03	2.394E+00	2.382E+00	2.388E+00	2.388E+00	2.386E+00	2.389E+00
1.910E+00	2.370E+00	6.497E-03	2.377E+00	2.364E+00	2.370E+00	2.371E+00	2.369E+00	2.372E+00
1.920E+00	2.353E+00	6.636E-03	2.360E+00	2.347E+00	2.353E+00	2.353E+00	2.352E+00	2.355E+00
1.930E+00	2.336E+00	6.775E-03	2.343E+00	2.329E+00	2.336E+00	2.336E+00	2.335E+00	2.337E+00
1.940E+00	2.319E+00	6.914E-03	2.326E+00	2.312E+00	2.318E+00	2.319E+00	2.317E+00	2.320E+00
1.950E+00	2.302E+00	7.052E-03	2.309E+00	2.295E+00	2.301E+00	2.302E+00	2.300E+00	2.303E+00
1.960E+00	2.285E+00	7.190E-03	2.292E+00	2.278E+00	2.284E+00	2.285E+00	2.283E+00	2.286E+00
1.970E+00	2.268E+00	7.328E-03	2.275E+00	2.260E+00	2.267E+00	2.268E+00	2.266E+00	2.269E+00
1.980E+00	2.251E+00	7.465E-03	2.258E+00	2.243E+00	2.250E+00	2.251E+00	2.249E+00	2.252E+00
1.990E+00	2.234E+00	7.601E-03	2.241E+00	2.226E+00	2.233E+00	2.234E+00	2.232E+00	2.235E+00
2.000E+00	2.217E+00	7.737E-03	2.225E+00	2.209E+00	2.216E+00	2.217E+00	2.215E+00	2.218E+00
2.010E+00	2.200E+00	7.873E-03	2.208E+00	2.192E+00	2.200E+00	2.200E+00	2.199E+00	2.201E+00
2.020E+00	2.183E+00	8.008E-03	2.191E+00	2.176E+00	2.183E+00	2.184E+00	2.182E+00	2.185E+00
2.030E+00	2.167E+00	8.142E-03	2.175E+00	2.159E+00	2.166E+00	2.167E+00	2.165E+00	2.168E+00
2.040E+00	2.150E+00	8.276E-03	2.158E+00	2.142E+00	2.150E+00	2.151E+00	2.149E+00	2.152E+00
2.050E+00	2.134E+00	8.408E-03	2.142E+00	2.125E+00	2.133E+00	2.134E+00	2.132E+00	2.135E+00
2.060E+00	2.117E+00	8.541E-03	2.126E+00	2.109E+00	2.117E+00	2.118E+00	2.116E+00	2.119E+00
2.070E+00	2.101E+00	8.672E-03	2.109E+00	2.092E+00	2.100E+00	2.101E+00	2.099E+00	2.102E+00
2.080E+00	2.085E+00	8.803E-03	2.093E+00	2.076E+00	2.084E+00	2.085E+00	2.083E+00	2.086E+00
2.090E+00	2.068E+00	8.933E-03	2.077E+00	2.060E+00	2.068E+00	2.069E+00	2.067E+00	2.070E+00
2.100E+00	2.052E+00	9.062E-03	2.061E+00	2.043E+00	2.052E+00	2.053E+00	2.051E+00	2.054E+00
2.110E+00	2.036E+00	9.190E-03	2.045E+00	2.027E+00	2.036E+00	2.036E+00	2.035E+00	2.037E+00
2.120E+00	2.020E+00	9.317E-03	2.029E+00	2.011E+00	2.019E+00	2.020E+00	2.019E+00	2.021E+00
2.130E+00	2.004E+00	9.444E-03	2.013E+00	1.995E+00	2.004E+00	2.005E+00	2.003E+00	2.005E+00
2.140E+00	1.988E+00	9.569E-03	1.998E+00	1.979E+00	1.988E+00	1.989E+00	1.987E+00	1.989E+00
2.150E+00	1.972E+00	9.694E-03	1.982E+00	1.963E+00	1.972E+00	1.973E+00	1.971E+00	1.974E+00
2.160E+00	1.957E+00	9.818E-03	1.966E+00	1.947E+00	1.956E+00	1.957E+00	1.955E+00	1.958E+00
2.170E+00	1.941E+00	9.940E-03	1.951E+00	1.931E+00	1.940E+00	1.941E+00	1.939E+00	1.942E+00
2.180E+00	1.925E+00	1.006E-02	1.935E+00	1.915E+00	1.925E+00	1.926E+00	1.924E+00	1.927E+00
2.190E+00	1.910E+00	1.018E-02	1.920E+00	1.900E+00	1.909E+00	1.910E+00	1.908E+00	1.911E+00
2.200E+00	1.894E+00	1.030E-02	1.904E+00	1.884E+00	1.894E+00	1.895E+00	1.893E+00	1.896E+00
2.210E+00	1.879E+00	1.042E-02	1.889E+00	1.869E+00	1.878E+00	1.879E+00	1.877E+00	1.880E+00
2.220E+00	1.863E+00	1.054E-02	1.874E+00	1.853E+00	1.863E+00	1.864E+00	1.862E+00	1.865E+00
2.230E+00	1.848E+00	1.066E-02	1.859E+00	1.838E+00	1.848E+00	1.849E+00	1.847E+00	1.850E+00
2.240E+00	1.833E+00	1.077E-02	1.844E+00	1.822E+00	1.832E+00	1.834E+00	1.832E+00	1.834E+00
2.250E+00	1.818E+00	1.088E-02	1.829E+00	1.807E+00	1.817E+00	1.818E+00	1.816E+00	1.819E+00
2.260E+00	1.803E+00	1.100E-02	1.814E+00	1.792E+00	1.802E+00	1.803E+00	1.801E+00	1.804E+00
2.270E+00	1.788E+00	1.111E-02	1.799E+00	1.777E+00	1.787E+00	1.788E+00	1.786E+00	1.789E+00
2.280E+00	1.773E+00	1.122E-02	1.784E+00	1.762E+00	1.772E+00	1.774E+00	1.772E+00	1.774E+00
2.290E+00	1.758E+00	1.133E-02	1.769E+00	1.747E+00	1.757E+00	1.759E+00	1.757E+00	1.760E+00
2.300E+00	1.743E+00	1.144E-02	1.755E+00	1.732E+00	1.743E+00	1.744E+00	1.742E+00	1.745E+00
2.310E+00	1.729E+00	1.155E-02	1.740E+00	1.717E+00	1.728E+00	1.729E+00	1.727E+00	1.730E+00
2.320E+00	1.714E+00	1.165E-02	1.726E+00	1.703E+00	1.713E+00	1.715E+00	1.713E+00	1.715E+00
2.330E+00	1.700E+00	1.176E-02	1.711E+00	1.688E+00	1.699E+00	1.700E+00	1.698E+00	1.701E+00
2.340E+00	1.685E+00	1.186E-02	1.697E+00	1.673E+00	1.684E+00	1.686E+00	1.684E+00	1.687E+00
2.350E+00	1.671E+00	1.196E-02	1.683E+00	1.659E+00	1.670E+00	1.671E+00	1.669E+00	1.672E+00
2.360E+00	1.656E+00	1.206E-02	1.669E+00	1.645E+00	1.656E+00	1.657E+00	1.655E+00	1.658E+00
2.370E+00	1.642E+00	1.216E-02	1.654E+00	1.630E+00	1.642E+00	1.643E+00	1.641E+00	1.644E+00
2.380E+00	1.628E+00	1.226E-02	1.640E+00	1.616E+00	1.627E+00	1.629E+00	1.627E+00	1.629E+00
2.390E+00	1.614E+00	1.236E-02	1.626E+00	1.602E+00	1.613E+00	1.615E+00	1.613E+00	1.615E+00
2.400E+00	1.600E+00	1.245E-02	1.613E+00	1.588E+00	1.599E+00	1.601E+00	1.599E+00	1.601E+00
2.410E+00	1.586E+00	1.255E-02	1.599E+00	1.574E+00	1.585E+00	1.587E+00	1.585E+00	1.588E+00
2.420E+00	1.572E+00	1.264E-02	1.585E+00	1.560E+00	1.572E+00	1.573E+00	1.571E+00	1.574E+00
2.430E+00	1.559E+00	1.273E-02	1.571E+00	1.546E+00	1.558E+00	1.559E+00	1.557E+00	1.560E+00
2.440E+00	1.545E+00	1.282E-02	1.558E+00	1.532E+00	1.544E+00	1.546E+00	1.544E+00	1.546E+00
2.450E+00	1.531E+00	1.291E-02	1.544E+00	1.519E+00	1.531E+00	1.532E+00	1.530E+00	1.533E+00
2.460E+00	1.518E+00	1.300E-02	1.531E+00	1.505E+00	1.517E+00	1.519E+00	1.516E+00	1.519E+00
2.470E+00	1.504E+00	1.308E-02	1.517E+00	1.491E+00	1.504E+00	1.505E+00	1.503E+00	1.506E+00
2.480E+00	1.491E+00	1.317E-02	1.504E+00	1.478E+00	1.490E+00	1.492E+00	1.490E+00	1.492E+00
2.490E+00	1.478E+00	1.325E-02	1.491E+00	1.465E+00	1.477E+00	1.478E+00	1.476E+00	1.479E+00
2.500E+00	1.464E+00	1.333E-02	1.478E+00	1.451E+00	1.464E+00	1.465E+00	1.463E+00	1.466E+00
2.510E+00	1.451E+00	1.341E-02	1.465E+00	1.438E+00	1.451E+00	1.452E+00	1.450E+00	1.453E+00
2.520E+00	1.438E+00	1.349E-02	1.452E+00	1.425E+00	1.437E+00	1.439E+00	1.437E+00	1.440E+00
2.530E+00	1.425E+00	1.357E-02	1.439E+00	1.412E+00	1.425E+00	1.426E+00	1.424E+00	1.427E+00
2.540E+00	1.412E+00	1.364E-02	1.426E+00	1.399E+00	1.412E+00	1.413E+00	1.411E+00	1.414E+00
2.550E+00	1.400E+00	1.372E-02	1.413E+00	1.386E+00	1.399E+00	1.400E+00	1.398E+00	1.401E+00
2.560E+00	1.387E+00	1.379E-02	1.401E+00	1.373E+00	1.386E+00	1.388E+00	1.386E+00	1.388E+00
2.570E+00	1.374E+00	1.386E-02	1.388E+00	1.360E+00	1.373E+00	1.375E+00	1.373E+00	1.375E+00
2.580E+00	1.362E+00	1.393E-02	1.376E+00	1.348E+00	1.361E+00	1.362E+00	1.360E+00	1.363E+00
2.590E+00	1.349E+00	1.400E-02	1.363E+00	1.335E+00	1.348E+00	1.350E+00	1.348E+00	1.350E+00
2.600E+00	1.337E+00	1.407E-02	1.351E+00	1.323E+00	1.336E+00	1.337E+00	1.335E+00	1.338E+00
2.610E+00	1.324E+00	1.413E-02	1.338E+00	1.310E+00	1.323E+00	1.325E+00	1.323E+00	1.326E+00
2.620E+00	1.312E+00	1.420E-02	1.326E+00	1.298E+00	1.311E+00	1.313E+00	1.311E+00	1.313E+00
2.630E+00	1.300E+00	1.426E-02	1.314E+00	1.286E+00	1.299E+00	1.301E+00	1.299E+00	1.301E+00
2.640E+00	1.288E+00	1.432E-02	1.302E+00	1.274E+00	1.287E+00	1.288E+00	1.286E+00	1.289E+00
2.650E+00	1.276E+00	1.438E-02	1.290E+00	1.261E+00	1.275E+00	1.276E+00	1.274E+00	1.277E+00
2.660E+00	1.264E+00	1.444E-02	1.278E+00	1.249E+00	1.263E+00	1.264E+00	1.262E+00	1.265E+00
2.670E+00	1.252E+00	1.450E-02	1.266E+00	1.237E+00	1.251E+00	1.253E+00	1.251E+00	1.253E+00
2.680E+00	1.240E+00	1.455E-02	1.255E+00	1.226E+00	1.239E+00	1.241E+00	1.239E+00	1.241E+00
2.690E+00	1.228E+00	1.460E-02	1.243E+00	1.214E+00	1.227E+00	1.229E+00	1.227E+00	1.229E+00
2.700E+00	1.217E+00	1.466E-02	1.231E+00	1.202E+00	1.216E+00	1.217E+00	1.215E+00	1.218E+00
2.710E+00	1.205E+00	1.471E-02	1.220E+00	1.190E+00	1.204E+00	1.206E+00	1.204E+00	1.206E+00
2.720E+00	1.194E+00	1.476E-02	1.208E+00	1.179E+00	1.193E+00	1.194E+00	1.192E+00	1.195E+00
2.730E+00	1.182E+00	1.481E-02	1.197E+00	1.167E+00	1.181E+00	1.183E+00	1.181E+00	1.183E+00
2.740E+00	1.171E+00	1.485E-02	1.186E+00	1.156E+00	1.170E+00	1.172E+00	1.170E+00	1.172E+00
2.750E+00	1.159E+00	1.490E-02	1.174E+00	1.145E+00	1.159E+00	1.160E+00	1.158E+00	1.161E+00
2.760E+00	1.148E+00	1.494E-02	1.163E+00	1.134E+00	1.147E+00	1.149E+00	1.147E+00	1.150E+00
2.770E+00	1.137E+00	1.498E-02	1.152E+00	1.122E+00	1.136E+00	1.138E+00	1.136E+00	1.138E+00
2.780E+00	1.126E+00	1.502E-02	1.141E+00	1.111E+00	1.125E+00	1.127E+00	1.125E+00	1.127E+00
2.790E+00	1.115E+00	1.506E-02	1.130E+00	1.100E+00	1.114E+00	1.116E+00	1.114E+00	1.116E+00
2.800E+00	1.104E+00	1.510E-02	1.119E+00	1.089E+00	1.103E+00	1.105E+00	1.103E+00	1.106E+00
2.810E+00	1.094E+00	1.514E-02	1.109E+00	1.079E+00	1.093E+00	1.094E+00	1.092E+00	1.095E+00
2.820E+00	1.083E+00	1.517E-02	1.098E+00	1.068E+00	1.082E+00	1.084E+00	1.082E+00	1.084E+00
2.830E+00	1.072E+00	1.520E-02	1.087E+00	1.057E+00	1.071E+00	1.073E+00	1.071E+00	1.073E+00
2.840E+00	1.062E+00	1.524E-02	1.077E+00	1.047E+00	1.061E+00	1.062E+00	1.060E+00	1.063E+00
2.850E+00	1.051E+00	1.527E-02	1.066E+00	1.036E+00	1.050E+00	1.052E+00	1.050E+00	1.052E+00
2.860E+00	1.041E+00	1.530E-02	1.056E+00	1.026E+00	1.040E+00	1.042E+00	1.039E+00	1.042E+00
2.870E+00	1.030E+00	1.532E-02	1.046E+00	1.015E+00	1.029E+00	1.031E+00	1.029E+00	1.031E+00
2.880E+00	1.020E+00	1.535E-02	1.035E+00	1.005E+00	1.019E+00	1.021E+00	1.019E+00	1.021E+00
2.890E+00	1.010E+00	1.537E-02	1.025E+00	9.947E-01	1.009E+00	1.011E+00	1.009E+00	1.011E+00
2.900E+00	9.997E-01	1.540E-02	1.015E+00	9.845E-01	9.989E-01	1.001E+00	9.986E-01	1.001E+00
2.910E+00	9.897E-01	1.542E-02	1.005E+00	9.744E-01	9.888E-01	9.905E-01	9.885E-01	9.908E-01
2.920E+00	9.797E-01	1.544E-02	9.952E-01	9.645E-01	9.789E-01	9.806E-01	9.786E-01	9.808E-01
2.930E+00	9.698E-01	1.546E-02	9.853E-01	9.545E-01	9.690E-01	9.707E-01	9.687E-01	9.709E-01
2.940E+00	9.600E-01	1.548E-02	9.755E-01	9.447E-01	9.591E-01	9.608E-01	9.589E-01	9.611E-01
2.950E+00	9.502E-01	1.549E-02	9.658E-01	9.349E-01	9.494E-01	9.511E-01	9.491E-01	9.514E-01
2.960E+00	9.406E-01	1.551E-02	9.561E-01	9.253E-01	9.397E-01	9.414E-01	9.395E-01	9.417E-01
2.970E+00	9.310E-01	1.552E-02	9.466E-01	9.156E-01	9.301E-01	9.318E-01	9.299E-01	9.321E-01
2.980E+00	9.214E-01	1.553E-02	9.370E-01	9.061E-01	9.206E-01	9.223E-01	9.203E-01	9.226E-01
2.990E+00	9.120E-01	1.555E-02	9.276E-01	8.966E-01	9.111E-01	9.128E-01	9.109E-01	9.131E-01
3.000E+00	9.026E-01	1.555E-02	9.182E-01	8.872E-01	9.018E-01	9.035E-01	9.015E-01	9.037E-01
