1.000E-02	7.437E+00	1.718E-02	7.454E+00	7.420E+00	7.439E+00	7.434E+00	7.437E+00	7.437E+00
2.000E-02	7.436E+00	1.713E-02	7.453E+00	7.419E+00	7.439E+00	7.434E+00	7.436E+00	7.436E+00
3.000E-02	7.435E+00	1.705E-02	7.452E+00	7.418E+00	7.438E+00	7.433E+00	7.435E+00	7.435E+00
4.000E-02	7.434E+00	1.695E-02	7.451E+00	7.417E+00	7.437E+00	7.431E+00	7.434E+00	7.434E+00
5.000E-02	7.433E+00	1.684E-02	7.449E+00	7.416E+00	7.435E+00	7.430E+00	7.433E+00	7.433E+00
6.000E-02	7.431E+00	1.672E-02	7.447E+00	7.414E+00	7.433E+00	7.428E+00	7.431E+00	7.431E+00
7.000E-02	7.429E+00	1.658E-02	7.445E+00	7.412E+00	7.431E+00	7.426E+00	7.429E+00	7.429E+00
8.000E-02	7.426E+00	1.644E-02	7.443E+00	7.410E+00	7.429E+00	7.424E+00	7.426E+00	7.426E+00
9.000E-02	7.424E+00	1.628E-02	7.440E+00	7.408E+00	7.426E+00	7.421E+00	7.424E+00	7.424E+00
1.000E-01	7.421E+00	1.612E-02	7.437E+00	7.405E+00	7.424E+00	7.418E+00	7.421E+00	7.421E+00
1.100E-01	7.418E+00	1.594E-02	7.434E+00	7.402E+00	7.421E+00	7.415E+00	7.418E+00	7.418E+00
1.200E-01	7.415E+00	1.576E-02	7.430E+00	7.399E+00	7.417E+00	7.412E+00	7.415E+00	7.415E+00
1.300E-01	7.411E+00	1.558E-02	7.426E+00	7.396E+00	7.414E+00	7.409E+00	7.411E+00	7.411E+00
1.400E-01	7.407E+00	1.538E-02	7.422E+00	7.392E+00	7.410E+00	7.405E+00	7.407E+00	7.407E+00
1.500E-01	7.403E+00	1.518E-02	7.418E+00	7.388E+00	7.406E+00	7.401E+00	7.403E+00	7.403E+00
1.600E-01	7.399E+00	1.498E-02	7.414E+00	7.384E+00	7.402E+00	7.397E+00	7.399E+00	7.399E+00
1.700E-01	7.395E+00	1.477E-02	7.409E+00	7.380E+00	7.397E+00	7.392E+00	7.395E+00	7.395E+00
1.800E-01	7.390E+00	1.455E-02	7.404E+00	7.376E+00	7.392E+00	7.387E+00	7.390E+00	7.390E+00
1.900E-01	7.385E+00	1.433E-02	7.399E+00	7.371E+00	7.388E+00	7.382E+00	7.385E+00	7.385E+00
2.000E-01	7.380E+00	1.411E-02	7.394E+00	7.366E+00	7.382E+00	7.377E+00	7.380E+00	7.380E+00
2.100E-01	7.375E+00	1.388E-02	7.388E+00	7.361E+00	7.377E+00	7.372E+00	7.375E+00	7.375E+00
2.200E-01	7.369E+00	1.364E-02	7.382E+00	7.355E+00	7.372E+00	7.366E+00	7.369E+00	7.369E+00
2.300E-01	7.363E+00	1.341E-02	7.376E+00	7.350E+00	7.366E+00	7.361E+00	7.363E+00	7.363E+00
2.400E-01	7.357E+00	1.317E-02	7.370E+00	7.344E+00	7.360E+00	7.355E+00	7.357E+00	7.357E+00
2.500E-01	7.351E+00	1.293E-02	7.364E+00	7.338E+00	7.354E+00	7.349E+00	7.351E+00	7.351E+00
2.600E-01	7.345E+00	1.268E-02	7.357E+00	7.332E+00	7.347E+00	7.342E+00	7.345E+00	7.345E+00
2.700E-01	7.338E+00	1.244E-02	7.350E+00	7.326E+00	7.341E+00	7.336E+00	7.338E+00	7.338E+00
2.800E-01	7.331E+00	1.219E-02	7.343E+00	7.319E+00	7.334E+00	7.329E+00	7.331E+00	7.331E+00
2.900E-01	7.324E+00	1.194E-02	7.336E+00	7.312E+00	7.327E+00	7.322E+00	7.324E+00	7.324E+00
3.000E-01	7.317E+00	1.168E-02	7.328E+00	7.306E+00	7.320E+00	7.315E+00	7.317E+00	7.317E+00
3.100E-01	7.310E+00	1.143E-02	7.321E+00	7.298E+00	7.312E+00	7.307E+00	7.310E+00	7.310E+00
3.200E-01	7.302E+00	1.117E-02	7.313E+00	7.291E+00	7.305E+00	7.300E+00	7.302E+00	7.302E+00
3.300E-01	7.294E+00	1.092E-02	7.305E+00	7.284E+00	7.297E+00	7.292E+00	7.294E+00	7.294E+00
3.400E-01	7.286E+00	1.066E-02	7.297E+00	7.276E+00	7.289E+00	7.284E+00	7.286E+00	7.286E+00
3.500E-01	7.278E+00	1.040E-02	7.288E+00	7.268E+00	7.281E+00	7.276E+00	7.278E+00	7.278E+00
3.600E-01	7.270E+00	1.014E-02	7.280E+00	7.260E+00	7.272E+00	7.267E+00	7.270E+00	7.270E+00
3.700E-01	7.261E+00	9.877E-03	7.271E+00	7.252E+00	7.264E+00	7.259E+00	7.261E+00	7.261E+00
3.800E-01	7.253E+00	9.616E-03	7.262E+00	7.243E+00	7.255E+00	7.250E+00	7.252E+00	7.253E+00
3.900E-01	7.244E+00	9.354E-03	7.253E+00	7.234E+00	7.246E+00	7.241E+00	7.244E+00	7.244E+00
4.000E-01	7.235E+00	9.092E-03	7.243E+00	7.226E+00	7.237E+00	7.232E+00	7.234E+00	7.235E+00
4.100E-01	7.225E+00	8.831E-03	7.234E+00	7.217E+00	7.228E+00	7.223E+00	7.225E+00	7.225E+00
4.200E-01	7.216E+00	8.569E-03	7.224E+00	7.207E+00	7.218E+00	7.213E+00	7.216E+00	7.216E+00
4.300E-01	7.206E+00	8.308E-03	7.214E+00	7.198E+00	7.209E+00	7.204E+00	7.206E+00	7.206E+00
4.400E-01	7.196E+00	8.047E-03	7.204E+00	7.189E+00	7.199E+00	7.194E+00	7.196E+00	7.196E+00
4.500E-01	7.186E+00	7.787E-03	7.194E+00	7.179E+00	7.189E+00	7.184E+00	7.186E+00	7.186E+00
4.600E-01	7.176E+00	7.528E-03	7.183E+00	7.169E+00	7.179E+00	7.174E+00	7.176E+00	7.176E+00
4.700E-01	7.166E+00	7.270E-03	7.173E+00	7.159E+00	7.168E+00	7.164E+00	7.166E+00	7.166E+00
4.800E-01	7.155E+00	7.013E-03	7.162E+00	7.149E+00	7.158E+00	7.153E+00	7.155E+00	7.155E+00
4.900E-01	7.145E+00	6.757E-03	7.151E+00	7.138E+00	7.147E+00	7.142E+00	7.145E+00	7.145E+00
5.000E-01	7.134E+00	6.503E-03	7.140E+00	7.128E+00	7.136E+00	7.132E+00	7.134E+00	7.134E+00
5.100E-01	7.123E+00	6.251E-03	7.129E+00	7.117E+00	7.125E+00	7.121E+00	7.123E+00	7.123E+00
5.200E-01	7.112E+00	6.000E-03	7.117E+00	7.106E+00	7.114E+00	7.109E+00	7.112E+00	7.112E+00
5.300E-01	7.100E+00	5.752E-03	7.105E+00	7.095E+00	7.103E+00	7.098E+00	7.100E+00	7.100E+00
5.400E-01	7.089E+00	5.506E-03	7.094E+00	7.084E+00	7.091E+00	7.087E+00	7.089E+00	7.089E+00
5.500E-01	7.077E+00	5.263E-03	7.082E+00	7.072E+00	7.079E+00	7.075E+00	7.077E+00	7.077E+00
5.600E-01	7.065E+00	5.022E-03	7.070E+00	7.061E+00	7.068E+00	7.063E+00	7.065E+00	7.065E+00
5.700E-01	7.053E+00	4.785E-03	7.057E+00	7.049E+00	7.056E+00	7.051E+00	7.053E+00	7.053E+00
5.800E-01	7.041E+00	4.552E-03	7.045E+00	7.037E+00	7.043E+00	7.039E+00	7.041E+00	7.041E+00
5.900E-01	7.029E+00	4.323E-03	7.033E+00	7.025E+00	7.031E+00	7.027E+00	7.029E+00	7.029E+00
6.000E-01	7.016E+00	4.099E-03	7.020E+00	7.013E+00	7.019E+00	7.014E+00	7.016E+00	7.017E+00
6.100E-01	7.004E+00	3.880E-03	7.007E+00	7.001E+00	7.006E+00	7.002E+00	7.004E+00	7.004E+00
6.200E-01	6.991E+00	3.666E-03	6.994E+00	6.988E+00	6.993E+00	6.989E+00	6.991E+00	6.991E+00
6.300E-01	6.978E+00	3.460E-03	6.981E+00	6.975E+00	6.980E+00	6.976E+00	6.978E+00	6.978E+00
6.400E-01	6.965E+00	3.261E-03	6.967E+00	6.963E+00	6.967E+00	6.963E+00	6.965E+00	6.965E+00
6.500E-01	6.952E+00	3.071E-03	6.954E+00	6.950E+00	6.954E+00	6.950E+00	6.952E+00	6.952E+00
6.600E-01	6.939E+00	2.891E-03	6.940E+00	6.937E+00	6.941E+00	6.936E+00	6.939E+00	6.939E+00
6.700E-01	6.925E+00	2.722E-03	6.927E+00	6.923E+00	6.927E+00	6.923E+00	6.925E+00	6.925E+00
6.800E-01	6.911E+00	2.568E-03	6.913E+00	6.910E+00	6.914E+00	6.909E+00	6.911E+00	6.912E+00
6.900E-01	6.898E+00	2.428E-03	6.899E+00	6.896E+00	6.900E+00	6.896E+00	6.898E+00	6.898E+00
7.000E-01	6.884E+00	2.307E-03	6.885E+00	6.883E+00	6.886E+00	6.882E+00	6.884E+00	6.884E+00
7.100E-01	6.870E+00	2.205E-03	6.870E+00	6.869E+00	6.872E+00	6.868E+00	6.870E+00	6.870E+00
7.200E-01	6.856E+00	2.125E-03	6.856E+00	6.855E+00	6.858E+00	6.853E+00	6.855E+00	6.856E+00
7.300E-01	6.841E+00	2.070E-03	6.841E+00	6.841E+00	6.843E+00	6.839E+00	6.841E+00	6.841E+00
7.400E-01	6.827E+00	2.039E-03	6.827E+00	6.827E+00	6.829E+00	6.825E+00	6.827E+00	6.827E+00
7.500E-01	6.812E+00	2.035E-03	6.812E+00	6.812E+00	6.814E+00	6.810E+00	6.812E+00	6.812E+00
7.600E-01	6.797E+00	2.055E-03	6.797E+00	6.798E+00	6.799E+00	6.795E+00	6.797E+00	6.797E+00
7.700E-01	6.783E+00	2.099E-03	6.782E+00	6.783E+00	6.785E+00	6.781E+00	6.782E+00	6.783E+00
7.800E-01	6.768E+00	2.164E-03	6.767E+00	6.768E+00	6.770E+00	6.766E+00	6.767E+00	6.768E+00
7.900E-01	6.752E+00	2.247E-03	6.751E+00	6.753E+00	6.754E+00	6.750E+00	6.752E+00	6.753E+00
8.000E-01	6.737E+00	2.347E-03	6.736E+00	6.738E+00	6.739E+00	6.735E+00	6.737E+00	6.737E+00
8.100E-01	6.722E+00	2.460E-03	6.720E+00	6.723E+00	6.724E+00	6.720E+00	6.722E+00	6.722E+00
8.200E-01	6.706E+00	2.584E-03	6.705E+00	6.708E+00	6.708E+00	6.704E+00	6.706E+00	6.706E+00
8.300E-01	6.691E+00	2.717E-03	6.689E+00	6.693E+00	6.693E+00	6.689E+00	6.691E+00	6.691E+00
8.400E-01	6.675E+00	2.857E-03	6.673E+00	6.677E+00	6.677E+00	6.673E+00	6.675E+00	6.675E+00
8.500E-01	6.659E+00	3.002E-03	6.657E+00	6.661E+00	6.661E+00	6.657E+00	6.659E+00	6.659E+00
8.600E-01	6.643E+00	3.152E-03	6.640E+00	6.646E+00	6.645E+00	6.641E+00	6.643E+00	6.643E+00
8.700E-01	6.627E+00	3.304E-03	6.624E+00	6.630E+00	6.629E+00	6.625E+00	6.627E+00	6.627E+00
8.800E-01	6.611E+00	3.459E-03	6.608E+00	6.614E+00	6.613E+00	6.609E+00	6.611E+00	6.611E+00
8.900E-01	6.594E+00	3.615E-03	6.591E+00	6.597E+00	6.596E+00	6.593E+00	6.594E+00	6.595E+00
9.000E-01	6.578E+00	3.772E-03	6.575E+00	6.581E+00	6.580E+00	6.576E+00	6.578E+00	6.578E+00
9.100E-01	6.561E+00	3.929E-03	6.558E+00	6.565E+00	6.563E+00	6.560E+00	6.561E+00	6.562E+00
9.200E-01	6.545E+00	4.086E-03	6.541E+00	6.548E+00	6.547E+00	6.543E+00	6.545E+00	6.545E+00
9.300E-01	6.528E+00	4.242E-03	6.524E+00	6.532E+00	6.530E+00	6.526E+00	6.528E+00	6.528E+00
9.400E-01	6.511E+00	4.398E-03	6.507E+00	6.515E+00	6.513E+00	6.509E+00	6.511E+00	6.511E+00
9.500E-01	6.494E+00	4.552E-03	6.490E+00	6.498E+00	6.496E+00	6.492E+00	6.494E+00	6.494E+00
9.600E-01	6.477E+00	4.705E-03	6.473E+00	6.481E+00	6.479E+00	6.475E+00	6.477E+00	6.477E+00
9.700E-01	6.460E+00	4.857E-03	6.455E+00	6.464E+00	6.461E+00	6.458E+00	6.460E+00	6.460E+00
9.800E-01	6.442E+00	5.006E-03	6.438E+00	6.447E+00	6.444E+00	6.441E+00	6.442E+00	6.443E+00
9.900E-01	6.425E+00	5.154E-03	6.420E+00	6.430E+00	6.427E+00	6.423E+00	6.425E+00	6.425E+00
1.000E+00	6.407E+00	5.300E-03	6.402E+00	6.413E+00	6.409E+00	6.406E+00	6.407E+00	6.408E+00
1.010E+00	6.390E+00	5.443E-03	6.385E+00	6.395E+00	6.392E+00	6.388E+00	6.390E+00	6.390E+00
1.020E+00	6.372E+00	5.584E-03	6.367E+00	6.377E+00	6.374E+00	6.371E+00	6.372E+00	6.372E+00
1.030E+00	6.354E+00	5.723E-03	6.349E+00	6.360E+00	6.356E+00	6.353E+00	6.354E+00	6.354E+00
1.040E+00	6.336E+00	5.859E-03	6.331E+00	6.342E+00	6.338E+00	6.335E+00	6.336E+00	6.337E+00
1.050E+00	6.318E+00	5.993E-03	6.313E+00	6.324E+00	6.320E+00	6.317E+00	6.318E+00	6.319E+00
1.060E+00	6.300E+00	6.124E-03	6.294E+00	6.306E+00	6.302E+00	6.299E+00	6.300E+00	6.300E+00
1.070E+00	6.282E+00	6.253E-03	6.276E+00	6.288E+00	6.284E+00	6.281E+00	6.282E+00	6.282E+00
1.080E+00	6.264E+00	6.378E-03	6.258E+00	6.270E+00	6.265E+00	6.262E+00	6.264E+00	6.264E+00
1.090E+00	6.246E+00	6.502E-03	6.239E+00	6.252E+00	6.247E+00	6.244E+00	6.245E+00	6.246E+00
1.100E+00	6.227E+00	6.622E-03	6.221E+00	6.234E+00	6.229E+00	6.226E+00	6.227E+00	6.227E+00
1.110E+00	6.209E+00	6.739E-03	6.202E+00	6.215E+00	6.210E+00	6.207E+00	6.208E+00	6.209E+00
1.120E+00	6.190E+00	6.854E-03	6.183E+00	6.197E+00	6.191E+00	6.188E+00	6.190E+00	6.190E+00
1.130E+00	6.171E+00	6.965E-03	6.164E+00	6.178E+00	6.173E+00	6.170E+00	6.171E+00	6.171E+00
1.140E+00	6.152E+00	7.074E-03	6.146E+00	6.159E+00	6.154E+00	6.151E+00	6.152E+00	6.153E+00
1.150E+00	6.134E+00	7.180E-03	6.127E+00	6.141E+00	6.135E+00	6.132E+00	6.133E+00	6.134E+00
1.160E+00	6.115E+00	7.282E-03	6.108E+00	6.122E+00	6.116E+00	6.113E+00	6.114E+00	6.115E+00
1.170E+00	6.096E+00	7.382E-03	6.088E+00	6.103E+00	6.097E+00	6.094E+00	6.095E+00	6.096E+00
1.180E+00	6.076E+00	7.479E-03	6.069E+00	6.084E+00	6.078E+00	6.075E+00	6.076E+00	6.077E+00
1.190E+00	6.057E+00	7.573E-03	6.050E+00	6.065E+00	6.059E+00	6.056E+00	6.057E+00	6.057E+00
1.200E+00	6.038E+00	7.663E-03	6.031E+00	6.046E+00	6.039E+00	6.037E+00	6.038E+00	6.038E+00
1.210E+00	6.019E+00	7.751E-03	6.011E+00	6.026E+00	6.020E+00	6.017E+00	6.019E+00	6.019E+00
1.220E+00	5.999E+00	7.835E-03	5.992E+00	6.007E+00	6.001E+00	5.998E+00	5.999E+00	5.999E+00
1.230E+00	5.980E+00	7.917E-03	5.972E+00	5.988E+00	5.981E+00	5.979E+00	5.980E+00	5.980E+00
1.240E+00	5.960E+00	7.995E-03	5.952E+00	5.968E+00	5.962E+00	5.959E+00	5.960E+00	5.960E+00
1.250E+00	5.941E+00	8.071E-03	5.933E+00	5.949E+00	5.942E+00	5.939E+00	5.941E+00	5.941E+00
1.260E+00	5.921E+00	8.143E-03	5.913E+00	5.929E+00	5.922E+00	5.920E+00	5.921E+00	5.921E+00
1.270E+00	5.901E+00	8.212E-03	5.893E+00	5.909E+00	5.902E+00	5.900E+00	5.901E+00	5.901E+00
1.280E+00	5.881E+00	8.278E-03	5.873E+00	5.890E+00	5.883E+00	5.880E+00	5.881E+00	5.882E+00
1.290E+00	5.862E+00	8.341E-03	5.853E+00	5.870E+00	5.863E+00	5.860E+00	5.861E+00	5.862E+00
1.300E+00	5.842E+00	8.401E-03	5.833E+00	5.850E+00	5.843E+00	5.840E+00	5.841E+00	5.842E+00
1.310E+00	5.822E+00	8.458E-03	5.813E+00	5.830E+00	5.823E+00	5.820E+00	5.821E+00	5.822E+00
1.320E+00	5.802E+00	8.511E-03	5.793E+00	5.810E+00	5.803E+00	5.800E+00	5.801E+00	5.802E+00
1.330E+00	5.781E+00	8.562E-03	5.773E+00	5.790E+00	5.783E+00	5.780E+00	5.781E+00	5.782E+00
1.340E+00	5.761E+00	8.609E-03	5.753E+00	5.770E+00	5.762E+00	5.760E+00	5.761E+00	5.761E+00
1.350E+00	5.741E+00	8.654E-03	5.733E+00	5.750E+00	5.742E+00	5.740E+00	5.741E+00	5.741E+00
1.360E+00	5.721E+00	8.695E-03	5.712E+00	5.730E+00	5.722E+00	5.720E+00	5.721E+00	5.721E+00
1.370E+00	5.700E+00	8.734E-03	5.692E+00	5.709E+00	5.702E+00	5.699E+00	5.700E+00	5.701E+00
1.380E+00	5.680E+00	8.769E-03	5.672E+00	5.689E+00	5.681E+00	5.679E+00	5.680E+00	5.680E+00
1.390E+00	5.660E+00	8.801E-03	5.651E+00	5.669E+00	5.661E+00	5.659E+00	5.659E+00	5.660E+00
1.400E+00	5.639E+00	8.830E-03	5.631E+00	5.648E+00	5.640E+00	5.638E+00	5.639E+00	5.639E+00
1.410E+00	5.619E+00	8.856E-03	5.610E+00	5.628E+00	5.620E+00	5.618E+00	5.618E+00	5.619E+00
1.420E+00	5.598E+00	8.880E-03	5.589E+00	5.607E+00	5.599E+00	5.597E+00	5.598E+00	5.598E+00
1.430E+00	5.577E+00	8.900E-03	5.569E+00	5.586E+00	5.578E+00	5.576E+00	5.577E+00	5.578E+00
1.440E+00	5.557E+00	8.917E-03	5.548E+00	5.566E+00	5.558E+00	5.556E+00	5.557E+00	5.557E+00
1.450E+00	5.536E+00	8.931E-03	5.527E+00	5.545E+00	5.537E+00	5.535E+00	5.536E+00	5.536E+00
1.460E+00	5.515E+00	8.943E-03	5.507E+00	5.524E+00	5.516E+00	5.514E+00	5.515E+00	5.515E+00
1.470E+00	5.494E+00	8.951E-03	5.486E+00	5.504E+00	5.495E+00	5.494E+00	5.494E+00	5.495E+00
1.480E+00	5.474E+00	8.956E-03	5.465E+00	5.483E+00	5.475E+00	5.473E+00	5.473E+00	5.474E+00
1.490E+00	5.453E+00	8.959E-03	5.444E+00	5.462E+00	5.454E+00	5.452E+00	5.453E+00	5.453E+00
1.500E+00	5.432E+00	8.958E-03	5.423E+00	5.441E+00	5.433E+00	5.431E+00	5.432E+00	5.432E+00
1.510E+00	5.411E+00	8.955E-03	5.402E+00	5.420E+00	5.412E+00	5.410E+00	5.411E+00	5.411E+00
1.520E+00	5.390E+00	8.949E-03	5.381E+00	5.399E+00	5.391E+00	5.389E+00	5.390E+00	5.390E+00
1.530E+00	5.369E+00	8.940E-03	5.360E+00	5.378E+00	5.370E+00	5.368E+00	5.369E+00	5.369E+00
1.540E+00	5.348E+00	8.928E-03	5.339E+00	5.357E+00	5.349E+00	5.347E+00	5.348E+00	5.348E+00
1.550E+00	5.327E+00	8.914E-03	5.318E+00	5.336E+00	5.327E+00	5.326E+00	5.327E+00	5.327E+00
1.560E+00	5.306E+00	8.896E-03	5.297E+00	5.315E+00	5.306E+00	5.305E+00	5.305E+00	5.306E+00
1.570E+00	5.284E+00	8.876E-03	5.276E+00	5.294E+00	5.285E+00	5.284E+00	5.284E+00	5.285E+00
1.580E+00	5.263E+00	8.853E-03	5.255E+00	5.272E+00	5.264E+00	5.263E+00	5.263E+00	5.263E+00
1.590E+00	5.242E+00	8.827E-03	5.234E+00	5.251E+00	5.243E+00	5.241E+00	5.242E+00	5.242E+00
1.600E+00	5.221E+00	8.799E-03	5.212E+00	5.230E+00	5.222E+00	5.220E+00	5.221E+00	5.221E+00
1.610E+00	5.200E+00	8.768E-03	5.191E+00	5.209E+00	5.200E+00	5.199E+00	5.199E+00	5.200E+00
1.620E+00	5.178E+00	8.734E-03	5.170E+00	5.187E+00	5.179E+00	5.178E+00	5.178E+00	5.179E+00
1.630E+00	5.157E+00	8.698E-03	5.149E+00	5.166E+00	5.158E+00	5.156E+00	5.157E+00	5.157E+00
1.640E+00	5.136E+00	8.659E-03	5.127E+00	5.145E+00	5.136E+00	5.135E+00	5.136E+00	5.136E+00
1.650E+00	5.114E+00	8.617E-03	5.106E+00	5.123E+00	5.115E+00	5.114E+00	5.114E+00	5.115E+00
1.660E+00	5.093E+00	8.573E-03	5.085E+00	5.102E+00	5.094E+00	5.092E+00	5.093E+00	5.093E+00
1.670E+00	5.072E+00	8.526E-03	5.063E+00	5.080E+00	5.072E+00	5.071E+00	5.071E+00	5.072E+00
1.680E+00	5.050E+00	8.477E-03	5.042E+00	5.059E+00	5.051E+00	5.050E+00	5.050E+00	5.050E+00
1.690E+00	5.029E+00	8.426E-03	5.021E+00	5.038E+00	5.029E+00	5.028E+00	5.029E+00	5.029E+00
1.700E+00	5.007E+00	8.371E-03	4.999E+00	5.016E+00	5.008E+00	5.007E+00	5.007E+00	5.008E+00
1.710E+00	4.986E+00	8.315E-03	4.978E+00	4.995E+00	4.986E+00	4.985E+00	4.986E+00	4.986E+00
1.720E+00	4.964E+00	8.256E-03	4.957E+00	4.973E+00	4.965E+00	4.964E+00	4.964E+00	4.965E+00
1.730E+00	4.943E+00	8.194E-03	4.935E+00	4.951E+00	4.943E+00	4.943E+00	4.943E+00	4.943E+00
1.740E+00	4.922E+00	8.130E-03	4.914E+00	4.930E+00	4.922E+00	4.921E+00	4.921E+00	4.922E+00
1.750E+00	4.900E+00	8.064E-03	4.892E+00	4.908E+00	4.900E+00	4.900E+00	4.900E+00	4.900E+00
1.760E+00	4.879E+00	7.996E-03	4.871E+00	4.887E+00	4.879E+00	4.878E+00	4.878E+00	4.879E+00
1.770E+00	4.857E+00	7.925E-03	4.849E+00	4.865E+00	4.857E+00	4.857E+00	4.857E+00	4.857E+00
1.780E+00	4.835E+00	7.852E-03	4.828E+00	4.844E+00	4.836E+00	4.835E+00	4.835E+00	4.836E+00
1.790E+00	4.814E+00	7.776E-03	4.807E+00	4.822E+00	4.814E+00	4.814E+00	4.814E+00	4.814E+00
1.800E+00	4.792E+00	7.699E-03	4.785E+00	4.800E+00	4.793E+00	4.792E+00	4.792E+00	4.793E+00
1.810E+00	4.771E+00	7.619E-03	4.764E+00	4.779E+00	4.771E+00	4.771E+00	4.771E+00	4.771E+00
1.820E+00	4.749E+00	7.537E-03	4.742E+00	4.757E+00	4.750E+00	4.749E+00	4.749E+00	4.750E+00
1.830E+00	4.728E+00	7.453E-03	4.721E+00	4.736E+00	4.728E+00	4.728E+00	4.728E+00	4.728E+00
1.840E+00	4.706E+00	7.367E-03	4.699E+00	4.714E+00	4.707E+00	4.706E+00	4.706E+00	4.707E+00
1.850E+00	4.685E+00	7.279E-03	4.678E+00	4.692E+00	4.685E+00	4.685E+00	4.685E+00	4.685E+00
1.860E+00	4.663E+00	7.189E-03	4.656E+00	4.671E+00	4.664E+00	4.663E+00	4.663E+00	4.663E+00
1.870E+00	4.642E+00	7.096E-03	4.635E+00	4.649E+00	4.642E+00	4.641E+00	4.642E+00	4.642E+00
1.880E+00	4.620E+00	7.002E-03	4.614E+00	4.628E+00	4.620E+00	4.620E+00	4.620E+00	4.620E+00
1.890E+00	4.599E+00	6.906E-03	4.592E+00	4.606E+00	4.599E+00	4.598E+00	4.598E+00	4.599E+00
1.900E+00	4.577E+00	6.808E-03	4.571E+00	4.584E+00	4.577E+00	4.577E+00	4.577E+00	4.577E+00
1.910E+00	4.556E+00	6.708E-03	4.549E+00	4.563E+00	4.556E+00	4.555E+00	4.555E+00	4.556E+00
1.920E+00	4.534E+00	6.606E-03	4.528E+00	4.541E+00	4.534E+00	4.534E+00	4.534E+00	4.534E+00
1.930E+00	4.513E+00	6.502E-03	4.507E+00	4.520E+00	4.513E+00	4.512E+00	4.512E+00	4.513E+00
1.940E+00	4.491E+00	6.397E-03	4.485E+00	4.498E+00	4.491E+00	4.491E+00	4.491E+00	4.491E+00
1.950E+00	4.470E+00	6.289E-03	4.464E+00	4.476E+00	4.470E+00	4.470E+00	4.469E+00	4.470E+00
1.960E+00	4.448E+00	6.180E-03	4.442E+00	4.455E+00	4.448E+00	4.448E+00	4.448E+00	4.448E+00
1.970E+00	4.427E+00	6.070E-03	4.421E+00	4.433E+00	4.427E+00	4.427E+00	4.427E+00	4.427E+00
1.980E+00	4.405E+00	5.957E-03	4.400E+00	4.412E+00	4.405E+00	4.405E+00	4.405E+00	4.406E+00
1.990E+00	4.384E+00	5.843E-03	4.378E+00	4.390E+00	4.384E+00	4.384E+00	4.384E+00	4.384E+00
2.000E+00	4.362E+00	5.727E-03	4.357E+00	4.369E+00	4.362E+00	4.362E+00	4.362E+00	4.363E+00
2.010E+00	4.341E+00	5.610E-03	4.336E+00	4.347E+00	4.341E+00	4.341E+00	4.341E+00	4.341E+00
2.020E+00	4.320E+00	5.491E-03	4.315E+00	4.326E+00	4.320E+00	4.320E+00	4.319E+00	4.320E+00
2.030E+00	4.298E+00	5.371E-03	4.293E+00	4.304E+00	4.298E+00	4.298E+00	4.298E+00	4.299E+00
2.040E+00	4.277E+00	5.249E-03	4.272E+00	4.283E+00	4.277E+00	4.277E+00	4.277E+00	4.277E+00
2.050E+00	4.256E+00	5.126E-03	4.251E+00	4.261E+00	4.256E+00	4.256E+00	4.255E+00	4.256E+00
2.060E+00	4.234E+00	5.001E-03	4.230E+00	4.240E+00	4.234E+00	4.234E+00	4.234E+00	4.235E+00
2.070E+00	4.213E+00	4.875E-03	4.209E+00	4.218E+00	4.213E+00	4.213E+00	4.213E+00	4.213E+00
2.080E+00	4.192E+00	4.747E-03	4.187E+00	4.197E+00	4.192E+00	4.192E+00	4.191E+00	4.192E+00
2.090E+00	4.170E+00	4.619E-03	4.166E+00	4.176E+00	4.170E+00	4.171E+00	4.170E+00	4.171E+00
2.100E+00	4.149E+00	4.489E-03	4.145E+00	4.154E+00	4.149E+00	4.149E+00	4.149E+00	4.149E+00
2.110E+00	4.128E+00	4.357E-03	4.124E+00	4.133E+00	4.128E+00	4.128E+00	4.128E+00	4.128E+00
2.120E+00	4.107E+00	4.225E-03	4.103E+00	4.112E+00	4.107E+00	4.107E+00	4.107E+00	4.107E+00
2.130E+00	4.086E+00	4.091E-03	4.082E+00	4.090E+00	4.086E+00	4.086E+00	4.085E+00	4.086E+00
2.140E+00	4.065E+00	3.956E-03	4.061E+00	4.069E+00	4.064E+00	4.065E+00	4.064E+00	4.065E+00
2.150E+00	4.043E+00	3.820E-03	4.040E+00	4.048E+00	4.043E+00	4.044E+00	4.043E+00	4.044E+00
2.160E+00	4.022E+00	3.683E-03	4.019E+00	4.027E+00	4.022E+00	4.023E+00	4.022E+00	4.023E+00
2.170E+00	4.001E+00	3.545E-03	3.998E+00	4.005E+00	4.001E+00	4.002E+00	4.001E+00	4.002E+00
2.180E+00	3.980E+00	3.406E-03	3.977E+00	3.984E+00	3.980E+00	3.981E+00	3.980E+00	3.981E+00
2.190E+00	3.959E+00	3.267E-03	3.957E+00	3.963E+00	3.959E+00	3.960E+00	3.959E+00	3.960E+00
2.200E+00	3.938E+00	3.126E-03	3.936E+00	3.942E+00	3.938E+00	3.939E+00	3.938E+00	3.939E+00
2.210E+00	3.918E+00	2.984E-03	3.915E+00	3.921E+00	3.917E+00	3.918E+00	3.917E+00	3.918E+00
2.220E+00	3.897E+00	2.842E-03	3.894E+00	3.900E+00	3.896E+00	3.897E+00	3.896E+00	3.897E+00
2.230E+00	3.876E+00	2.699E-03	3.874E+00	3.879E+00	3.875E+00	3.876E+00	3.876E+00	3.876E+00
2.240E+00	3.855E+00	2.556E-03	3.853E+00	3.858E+00	3.855E+00	3.855E+00	3.855E+00	3.855E+00
2.250E+00	3.834E+00	2.412E-03	3.832E+00	3.837E+00	3.834E+00	3.834E+00	3.834E+00	3.834E+00
2.260E+00	3.813E+00	2.268E-03	3.812E+00	3.816E+00	3.813E+00	3.814E+00	3.813E+00	3.814E+00
2.270E+00	3.793E+00	2.123E-03	3.791E+00	3.795E+00	3.792E+00	3.793E+00	3.792E+00	3.793E+00
2.280E+00	3.772E+00	1.978E-03	3.771E+00	3.774E+00	3.772E+00	3.772E+00	3.772E+00	3.772E+00
2.290E+00	3.751E+00	1.834E-03	3.750E+00	3.754E+00	3.751E+00	3.752E+00	3.751E+00	3.752E+00
2.300E+00	3.731E+00	1.690E-03	3.730E+00	3.733E+00	3.730E+00	3.731E+00	3.730E+00	3.731E+00
2.310E+00	3.710E+00	1.547E-03	3.709E+00	3.712E+00	3.710E+00	3.711E+00	3.710E+00	3.710E+00
2.320E+00	3.690E+00	1.404E-03	3.689E+00	3.691E+00	3.689E+00	3.690E+00	3.689E+00	3.690E+00
2.330E+00	3.669E+00	1.264E-03	3.668E+00	3.671E+00	3.669E+00	3.670E+00	3.669E+00	3.669E+00
2.340E+00	3.649E+00	1.127E-03	3.648E+00	3.650E+00	3.648E+00	3.649E+00	3.648E+00	3.649E+00
2.350E+00	3.628E+00	9.946E-04	3.628E+00	3.630E+00	3.628E+00	3.629E+00	3.628E+00	3.629E+00
2.360E+00	3.608E+00	8.689E-04	3.608E+00	3.609E+00	3.607E+00	3.608E+00	3.608E+00	3.608E+00
2.370E+00	3.588E+00	7.540E-04	3.588E+00	3.589E+00	3.587E+00	3.588E+00	3.587E+00	3.588E+00
2.380E+00	3.567E+00	6.560E-04	3.567E+00	3.568E+00	3.567E+00	3.568E+00	3.567E+00	3.568E+00
2.390E+00	3.547E+00	5.839E-04	3.547E+00	3.548E+00	3.547E+00	3.548E+00	3.547E+00	3.547E+00
2.400E+00	3.527E+00	5.485E-04	3.527E+00	3.527E+00	3.526E+00	3.527E+00	3.527E+00	3.527E+00
2.410E+00	3.507E+00	5.571E-04	3.507E+00	3.507E+00	3.506E+00	3.507E+00	3.506E+00	3.507E+00
2.420E+00	3.487E+00	6.082E-04	3.487E+00	3.487E+00	3.486E+00	3.487E+00	3.486E+00	3.487E+00
2.430E+00	3.467E+00	6.927E-04	3.467E+00	3.467E+00	3.466E+00	3.467E+00	3.466E+00	3.467E+00
2.440E+00	3.447E+00	8.003E-04	3.448E+00	3.447E+00	3.446E+00	3.447E+00	3.446E+00	3.447E+00
2.450E+00	3.427E+00	9.232E-04	3.428E+00	3.426E+00	3.426E+00	3.427E+00	3.426E+00	3.427E+00
2.460E+00	3.407E+00	1.056E-03	3.408E+00	3.406E+00	3.406E+00	3.407E+00	3.406E+00	3.407E+00
2.470E+00	3.387E+00	1.196E-03	3.388E+00	3.386E+00	3.386E+00	3.387E+00	3.387E+00	3.387E+00
2.480E+00	3.367E+00	1.340E-03	3.369E+00	3.366E+00	3.366E+00	3.368E+00	3.367E+00	3.367E+00
2.490E+00	3.347E+00	1.488E-03	3.349E+00	3.346E+00	3.347E+00	3.348E+00	3.347E+00	3.347E+00
2.500E+00	3.327E+00	1.638E-03	3.330E+00	3.327E+00	3.327E+00	3.328E+00	3.327E+00	3.328E+00
2.510E+00	3.308E+00	1.791E-03	3.310E+00	3.307E+00	3.307E+00	3.308E+00	3.308E+00	3.308E+00
2.520E+00	3.288E+00	1.944E-03	3.291E+00	3.287E+00	3.288E+00	3.289E+00	3.288E+00	3.288E+00
2.530E+00	3.269E+00	2.099E-03	3.271E+00	3.267E+00	3.268E+00	3.269E+00	3.268E+00	3.269E+00
2.540E+00	3.249E+00	2.255E-03	3.252E+00	3.247E+00	3.248E+00	3.250E+00	3.249E+00	3.249E+00
2.550E+00	3.230E+00	2.412E-03	3.232E+00	3.228E+00	3.229E+00	3.230E+00	3.229E+00	3.230E+00
2.560E+00	3.210E+00	2.569E-03	3.213E+00	3.208E+00	3.210E+00	3.211E+00	3.210E+00	3.210E+00
2.570E+00	3.191E+00	2.726E-03	3.194E+00	3.189E+00	3.190E+00	3.192E+00	3.191E+00	3.191E+00
2.580E+00	3.172E+00	2.884E-03	3.175E+00	3.169E+00	3.171E+00	3.172E+00	3.171E+00	3.172E+00
2.590E+00	3.152E+00	3.043E-03	3.156E+00	3.150E+00	3.152E+00	3.153E+00	3.152E+00	3.153E+00
2.600E+00	3.133E+00	3.201E-03	3.137E+00	3.131E+00	3.132E+00	3.134E+00	3.133E+00	3.133E+00
2.610E+00	3.114E+00	3.360E-03	3.118E+00	3.111E+00	3.113E+00	3.115E+00	3.114E+00	3.114E+00
2.620E+00	3.095E+00	3.518E-03	3.099E+00	3.092E+00	3.094E+00	3.096E+00	3.095E+00	3.095E+00
2.630E+00	3.076E+00	3.677E-03	3.080E+00	3.073E+00	3.075E+00	3.077E+00	3.076E+00	3.076E+00
2.640E+00	3.057E+00	3.836E-03	3.061E+00	3.054E+00	3.056E+00	3.058E+00	3.057E+00	3.057E+00
2.650E+00	3.038E+00	3.994E-03	3.042E+00	3.035E+00	3.037E+00	3.039E+00	3.038E+00	3.038E+00
2.660E+00	3.019E+00	4.153E-03	3.024E+00	3.016E+00	3.018E+00	3.020E+00	3.019E+00	3.019E+00
2.670E+00	3.000E+00	4.311E-03	3.005E+00	2.997E+00	3.000E+00	3.001E+00	3.000E+00	3.001E+00
2.680E+00	2.982E+00	4.470E-03	2.987E+00	2.978E+00	2.981E+00	2.982E+00	2.981E+00	2.982E+00
2.690E+00	2.963E+00	4.628E-03	2.968E+00	2.959E+00	2.962E+00	2.964E+00	2.963E+00	2.963E+00
2.700E+00	2.944E+00	4.786E-03	2.950E+00	2.940E+00	2.944E+00	2.945E+00	2.944E+00	2.945E+00
2.710E+00	2.926E+00	4.943E-03	2.931E+00	2.921E+00	2.925E+00	2.926E+00	2.925E+00	2.926E+00
2.720E+00	2.907E+00	5.101E-03	2.913E+00	2.903E+00	2.906E+00	2.908E+00	2.907E+00	2.907E+00
2.730E+00	2.889E+00	5.258E-03	2.895E+00	2.884E+00	2.888E+00	2.890E+00	2.889E+00	2.889E+00
2.740E+00	2.870E+00	5.415E-03	2.876E+00	2.866E+00	2.870E+00	2.871E+00	2.870E+00	2.871E+00
2.750E+00	2.852E+00	5.571E-03	2.858E+00	2.847E+00	2.851E+00	2.853E+00	2.852E+00	2.852E+00
2.760E+00	2.834E+00	5.727E-03	2.840E+00	2.829E+00	2.833E+00	2.835E+00	2.834E+00	2.834E+00
2.770E+00	2.816E+00	5.882E-03	2.822E+00	2.810E+00	2.815E+00	2.816E+00	2.815E+00	2.816E+00
2.780E+00	2.797E+00	6.037E-03	2.804E+00	2.792E+00	2.797E+00	2.798E+00	2.797E+00	2.798E+00
2.790E+00	2.779E+00	6.192E-03	2.786E+00	2.774E+00	2.779E+00	2.780E+00	2.779E+00	2.780E+00
2.800E+00	2.761E+00	6.346E-03	2.768E+00	2.756E+00	2.761E+00	2.762E+00	2.761E+00	2.762E+00
2.810E+00	2.743E+00	6.500E-03	2.750E+00	2.738E+00	2.743E+00	2.744E+00	2.743E+00	2.744E+00
2.820E+00	2.726E+00	6.653E-03	2.733E+00	2.720E+00	2.725E+00	2.726E+00	2.725E+00	2.726E+00
2.830E+00	2.708E+00	6.806E-03	2.715E+00	2.702E+00	2.707E+00	2.709E+00	2.707E+00	2.708E+00
2.840E+00	2.690E+00	6.958E-03	2.697E+00	2.684E+00	2.689E+00	2.691E+00	2.690E+00	2.690E+00
2.850E+00	2.672E+00	7.109E-03	2.680E+00	2.666E+00	2.671E+00	2.673E+00	2.672E+00	2.673E+00
2.860E+00	2.655E+00	7.260E-03	2.662E+00	2.648E+00	2.654E+00	2.656E+00	2.654E+00	2.655E+00
2.870E+00	2.637E+00	7.410E-03	2.645E+00	2.630E+00	2.636E+00	2.638E+00	2.637E+00	2.637E+00
2.880E+00	2.620E+00	7.560E-03	2.628E+00	2.613E+00	2.619E+00	2.621E+00	2.619E+00	2.620E+00
2.890E+00	2.602E+00	7.709E-03	2.610E+00	2.595E+00	2.601E+00	2.603E+00	2.602E+00	2.602E+00
2.900E+00	2.585E+00	7.857E-03	2.593E+00	2.578E+00	2.584E+00	2.586E+00	2.585E+00	2.585E+00
2.910E+00	2.568E+00	8.005E-03	2.576E+00	2.560E+00	2.567E+00	2.568E+00	2.567E+00	2.568E+00
2.920E+00	2.550E+00	8.151E-03	2.559E+00	2.543E+00	2.549E+00	2.551E+00	2.550E+00	2.551E+00
2.930E+00	2.533E+00	8.297E-03	2.542E+00	2.525E+00	2.532E+00	2.534E+00	2.533E+00	2.533E+00
2.940E+00	2.516E+00	8.443E-03	2.525E+00	2.508E+00	2.515E+00	2.517E+00	2.516E+00	2.516E+00
2.950E+00	2.499E+00	8.587E-03	2.508E+00	2.491E+00	2.498E+00	2.500E+00	2.499E+00	2.499E+00
2.960E+00	2.482E+00	8.731E-03	2.491E+00	2.474E+00	2.481E+00	2.483E+00	2.482E+00	2.482E+00
2.970E+00	2.465E+00	8.874E-03	2.475E+00	2.457E+00	2.464E+00	2.466E+00	2.465E+00	2.465E+00
2.980E+00	2.448E+00	9.016E-03	2.458E+00	2.440E+00	2.447E+00	2.449E+00	2.448E+00	2.449E+00
2.990E+00	2.432E+00	9.158E-03	2.441E+00	2.423E+00	2.431E+00	2.432E+00	2.431E+00	2.432E+00
3.000E+00	2.415E+00	9.298E-03	2.425E+00	2.406E+00	2.414E+00	2.416E+00	2.415E+00	2.415E+00
