1.000E-02	6.732E+00	3.590E-04	6.733E+00	6.732E+00	6.733E+00	6.732E+00	6.732E+00	6.732E+00
2.000E-02	6.732E+00	3.577E-04	6.732E+00	6.731E+00	6.732E+00	6.731E+00	6.732E+00	6.731E+00
3.000E-02	6.730E+00	3.559E-04	6.730E+00	6.730E+00	6.730E+00	6.730E+00	6.730E+00	6.730E+00
4.000E-02	6.728E+00	3.538E-04	6.728E+00	6.728E+00	6.728E+00	6.728E+00	6.728E+00	6.728E+00
5.000E-02	6.726E+00	3.515E-04	6.726E+00	6.726E+00	6.726E+00	6.726E+00	6.726E+00	6.726E+00
6.000E-02	6.723E+00	3.489E-04	6.723E+00	6.723E+00	6.723E+00	6.723E+00	6.723E+00	6.723E+00
7.000E-02	6.720E+00	3.461E-04	6.720E+00	6.720E+00	6.720E+00	6.720E+00	6.720E+00	6.720E+00
8.000E-02	6.717E+00	3.432E-04	6.717E+00	6.716E+00	6.717E+00	6.716E+00	6.717E+00	6.717E+00
9.000E-02	6.713E+00	3.402E-04	6.713E+00	6.713E+00	6.713E+00	6.712E+00	6.713E+00	6.713E+00
1.000E-01	6.708E+00	3.371E-04	6.709E+00	6.708E+00	6.709E+00	6.708E+00	6.708E+00	6.708E+00
1.100E-01	6.704E+00	3.339E-04	6.704E+00	6.704E+00	6.704E+00	6.704E+00	6.704E+00	6.704E+00
1.200E-01	6.699E+00	3.307E-04	6.699E+00	6.699E+00	6.699E+00	6.699E+00	6.699E+00	6.699E+00
1.300E-01	6.694E+00	3.275E-04	6.694E+00	6.694E+00	6.694E+00	6.693E+00	6.694E+00	6.694E+00
1.400E-01	6.688E+00	3.242E-04	6.688E+00	6.688E+00	6.688E+00	6.688E+00	6.688E+00	6.688E+00
1.500E-01	6.682E+00	3.210E-04	6.682E+00	6.682E+00	6.682E+00	6.682E+00	6.682E+00	6.682E+00
1.600E-01	6.676E+00	3.179E-04	6.676E+00	6.676E+00	6.676E+00	6.676E+00	6.676E+00	6.676E+00
1.700E-01	6.669E+00	3.147E-04	6.669E+00	6.669E+00	6.670E+00	6.669E+00	6.669E+00	6.669E+00
1.800E-01	6.662E+00	3.117E-04	6.663E+00	6.662E+00	6.663E+00	6.662E+00	6.663E+00	6.662E+00
1.900E-01	6.655E+00	3.087E-04	6.655E+00	6.655E+00	6.656E+00	6.655E+00	6.655E+00	6.655E+00
2.000E-01	6.648E+00	3.058E-04	6.648E+00	6.648E+00	6.648E+00	6.648E+00	6.648E+00	6.648E+00
2.100E-01	6.640E+00	3.030E-04	6.640E+00	6.640E+00	6.640E+00	6.640E+00	6.640E+00	6.640E+00
2.200E-01	6.632E+00	3.003E-04	6.632E+00	6.632E+00	6.632E+00	6.632E+00	6.632E+00	6.632E+00
2.300E-01	6.624E+00	2.977E-04	6.624E+00	6.623E+00	6.624E+00	6.623E+00	6.624E+00	6.624E+00
2.400E-01	6.615E+00	2.952E-04	6.615E+00	6.615E+00	6.615E+00	6.615E+00	6.615E+00	6.615E+00
2.500E-01	6.606E+00	2.929E-04	6.606E+00	6.606E+00	6.606E+00	6.606E+00	6.606E+00	6.606E+00
2.600E-01	6.597E+00	2.907E-04	6.597E+00	6.597E+00	6.597E+00	6.596E+00	6.597E+00	6.597E+00
2.700E-01	6.587E+00	2.887E-04	6.587E+00	6.587E+00	6.587E+00	6.587E+00	6.587E+00	6.587E+00
2.800E-01	6.577E+00	2.868E-04	6.577E+00	6.577E+00	6.578E+00	6.577E+00	6.577E+00	6.577E+00
2.900E-01	6.567E+00	2.850E-04	6.567E+00	6.567E+00	6.568E+00	6.567E+00	6.567E+00	6.567E+00
3.000E-01	6.557E+00	2.834E-04	6.557E+00	6.557E+00	6.557E+00	6.557E+00	6.557E+00	6.557E+00
3.100E-01	6.546E+00	2.820E-04	6.546E+00	6.546E+00	6.547E+00	6.546E+00	6.546E+00	6.546E+00
3.200E-01	6.535E+00	2.807E-04	6.535E+00	6.535E+00	6.536E+00	6.535E+00	6.535E+00	6.535E+00
3.300E-01	6.524E+00	2.796E-04	6.524E+00	6.524E+00	6.525E+00	6.524E+00	6.524E+00	6.524E+00
3.400E-01	6.513E+00	2.786E-04	6.513E+00	6.513E+00	6.513E+00	6.513E+00	6.513E+00	6.513E+00
3.500E-01	6.501E+00	2.778E-04	6.501E+00	6.501E+00	6.502E+00	6.501E+00	6.501E+00	6.501E+00
3.600E-01	6.489E+00	2.772E-04	6.489E+00	6.489E+00	6.490E+00	6.489E+00	6.489E+00	6.489E+00
3.700E-01	6.477E+00	2.767E-04	6.477E+00	6.477E+00	6.478E+00	6.477E+00	6.477E+00	6.477E+00
3.800E-01	6.465E+00	2.763E-04	6.465E+00	6.465E+00	6.465E+00	6.465E+00	6.465E+00	6.465E+00
3.900E-01	6.452E+00	2.761E-04	6.452E+00	6.452E+00	6.453E+00	6.452E+00	6.452E+00	6.452E+00
4.000E-01	6.439E+00	2.761E-04	6.439E+00	6.439E+00	6.440E+00	6.439E+00	6.439E+00	6.439E+00
4.100E-01	6.426E+00	2.761E-04	6.426E+00	6.426E+00	6.427E+00	6.426E+00	6.426E+00	6.426E+00
4.200E-01	6.413E+00	2.763E-04	6.413E+00	6.413E+00	6.413E+00	6.413E+00	6.413E+00	6.413E+00
4.300E-01	6.399E+00	2.766E-04	6.399E+00	6.399E+00	6.400E+00	6.399E+00	6.399E+00	6.399E+00
4.400E-01	6.386E+00	2.771E-04	6.386E+00	6.386E+00	6.386E+00	6.385E+00	6.386E+00	6.386E+00
4.500E-01	6.372E+00	2.776E-04	6.371E+00	6.372E+00	6.372E+00	6.371E+00	6.372E+00	6.372E+00
4.600E-01	6.357E+00	2.782E-04	6.357E+00	6.357E+00	6.358E+00	6.357E+00	6.357E+00	6.357E+00
4.700E-01	6.343E+00	2.790E-04	6.343E+00	6.343E+00	6.343E+00	6.343E+00	6.343E+00	6.343E+00
4.800E-01	6.328E+00	2.798E-04	6.328E+00	6.328E+00	6.328E+00	6.328E+00	6.328E+00	6.328E+00
4.900E-01	6.313E+00	2.807E-04	6.313E+00	6.313E+00	6.314E+00	6.313E+00	6.313E+00	6.313E+00
5.000E-01	6.298E+00	2.817E-04	6.298E+00	6.298E+00	6.298E+00	6.298E+00	6.298E+00	6.298E+00
5.100E-01	6.283E+00	2.827E-04	6.283E+00	6.283E+00	6.283E+00	6.283E+00	6.283E+00	6.283E+00
5.200E-01	6.267E+00	2.838E-04	6.267E+00	6.267E+00	6.268E+00	6.267E+00	6.267E+00	6.267E+00
5.300E-01	6.252E+00	2.849E-04	6.251E+00	6.252E+00	6.252E+00	6.251E+00	6.252E+00	6.252E+00
5.400E-01	6.236E+00	2.861E-04	6.236E+00	6.236E+00	6.236E+00	6.235E+00	6.236E+00	6.236E+00
5.500E-01	6.220E+00	2.873E-04	6.219E+00	6.220E+00	6.220E+00	6.219E+00	6.220E+00	6.220E+00
5.600E-01	6.203E+00	2.885E-04	6.203E+00	6.203E+00	6.203E+00	6.203E+00	6.203E+00	6.203E+00
5.700E-01	6.187E+00	2.898E-04	6.187E+00	6.187E+00	6.187E+00	6.186E+00	6.187E+00	6.187E+00
5.800E-01	6.170E+00	2.910E-04	6.170E+00	6.170E+00	6.170E+00	6.170E+00	6.170E+00	6.170E+00
5.900E-01	6.153E+00	2.923E-04	6.153E+00	6.153E+00	6.153E+00	6.153E+00	6.153E+00	6.153E+00
6.000E-01	6.136E+00	2.935E-04	6.136E+00	6.136E+00	6.136E+00	6.136E+00	6.136E+00	6.136E+00
6.100E-01	6.119E+00	2.948E-04	6.119E+00	6.119E+00	6.119E+00	6.118E+00	6.119E+00	6.119E+00
6.200E-01	6.101E+00	2.960E-04	6.101E+00	6.101E+00	6.101E+00	6.101E+00	6.101E+00	6.101E+00
6.300E-01	6.084E+00	2.973E-04	6.083E+00	6.084E+00	6.084E+00	6.083E+00	6.084E+00	6.084E+00
6.400E-01	6.066E+00	2.984E-04	6.066E+00	6.066E+00	6.066E+00	6.066E+00	6.066E+00	6.066E+00
6.500E-01	6.048E+00	2.996E-04	6.048E+00	6.048E+00	6.048E+00	6.048E+00	6.048E+00	6.048E+00
6.600E-01	6.030E+00	3.007E-04	6.029E+00	6.030E+00	6.030E+00	6.029E+00	6.030E+00	6.030E+00
6.700E-01	6.011E+00	3.018E-04	6.011E+00	6.012E+00	6.012E+00	6.011E+00	6.011E+00	6.011E+00
6.800E-01	5.993E+00	3.028E-04	5.993E+00	5.993E+00	5.993E+00	5.993E+00	5.993E+00	5.993E+00
6.900E-01	5.974E+00	3.038E-04	5.974E+00	5.974E+00	5.974E+00	5.974E+00	5.974E+00	5.974E+00
7.000E-01	5.955E+00	3.047E-04	5.955E+00	5.956E+00	5.956E+00	5.955E+00	5.955E+00	5.955E+00
7.100E-01	5.936E+00	3.056E-04	5.936E+00	5.937E+00	5.937E+00	5.936E+00	5.936E+00	5.936E+00
7.200E-01	5.917E+00	3.064E-04	5.917E+00	5.918E+00	5.918E+00	5.917E+00	5.917E+00	5.917E+00
7.300E-01	5.898E+00	3.072E-04	5.898E+00	5.898E+00	5.898E+00	5.898E+00	5.898E+00	5.898E+00
7.400E-01	5.879E+00	3.078E-04	5.878E+00	5.879E+00	5.879E+00	5.878E+00	5.879E+00	5.879E+00
7.500E-01	5.859E+00	3.084E-04	5.859E+00	5.859E+00	5.859E+00	5.859E+00	5.859E+00	5.859E+00
7.600E-01	5.839E+00	3.090E-04	5.839E+00	5.839E+00	5.839E+00	5.839E+00	5.839E+00	5.839E+00
7.700E-01	5.819E+00	3.094E-04	5.819E+00	5.820E+00	5.820E+00	5.819E+00	5.819E+00	5.819E+00
7.800E-01	5.799E+00	3.098E-04	5.799E+00	5.800E+00	5.800E+00	5.799E+00	5.799E+00	5.799E+00
7.900E-01	5.779E+00	3.100E-04	5.779E+00	5.779E+00	5.779E+00	5.779E+00	5.779E+00	5.779E+00
8.000E-01	5.759E+00	3.102E-04	5.759E+00	5.759E+00	5.759E+00	5.759E+00	5.759E+00	5.759E+00
8.100E-01	5.738E+00	3.103E-04	5.738E+00	5.739E+00	5.739E+00	5.738E+00	5.739E+00	5.738E+00
8.200E-01	5.718E+00	3.103E-04	5.718E+00	5.718E+00	5.718E+00	5.718E+00	5.718E+00	5.718E+00
8.300E-01	5.697E+00	3.103E-04	5.697E+00	5.697E+00	5.697E+00	5.697E+00	5.697E+00	5.697E+00
8.400E-01	5.676E+00	3.101E-04	5.676E+00	5.677E+00	5.677E+00	5.676E+00	5.676E+00	5.676E+00
8.500E-01	5.656E+00	3.098E-04	5.655E+00	5.656E+00	5.656E+00	5.655E+00	5.656E+00	5.655E+00
8.600E-01	5.634E+00	3.094E-04	5.634E+00	5.635E+00	5.635E+00	5.634E+00	5.634E+00	5.634E+00
8.700E-01	5.613E+00	3.090E-04	5.613E+00	5.614E+00	5.613E+00	5.613E+00	5.613E+00	5.613E+00
8.800E-01	5.592E+00	3.084E-04	5.592E+00	5.592E+00	5.592E+00	5.592E+00	5.592E+00	5.592E+00
8.900E-01	5.571E+00	3.077E-04	5.570E+00	5.571E+00	5.571E+00	5.570E+00	5.571E+00	5.571E+00
9.000E-01	5.549E+00	3.070E-04	5.549E+00	5.549E+00	5.549E+00	5.549E+00	5.549E+00	5.549E+00
9.100E-01	5.527E+00	3.061E-04	5.527E+00	5.528E+00	5.528E+00	5.527E+00	5.527E+00	5.527E+00
9.200E-01	5.506E+00	3.051E-04	5.505E+00	5.506E+00	5.506E+00	5.505E+00	5.506E+00	5.506E+00
9.300E-01	5.484E+00	3.041E-04	5.484E+00	5.484E+00	5.484E+00	5.484E+00	5.484E+00	5.484E+00
9.400E-01	5.462E+00	3.029E-04	5.462E+00	5.462E+00	5.462E+00	5.462E+00	5.462E+00	5.462E+00
9.500E-01	5.440E+00	3.016E-04	5.440E+00	5.440E+00	5.440E+00	5.440E+00	5.440E+00	5.440E+00
9.600E-01	5.418E+00	3.002E-04	5.417E+00	5.418E+00	5.418E+00	5.417E+00	5.418E+00	5.418E+00
9.700E-01	5.395E+00	2.988E-04	5.395E+00	5.396E+00	5.396E+00	5.395E+00	5.395E+00	5.395E+00
9.800E-01	5.373E+00	2.972E-04	5.373E+00	5.373E+00	5.373E+00	5.373E+00	5.373E+00	5.373E+00
9.900E-01	5.351E+00	2.955E-04	5.350E+00	5.351E+00	5.351E+00	5.350E+00	5.351E+00	5.351E+00
1.000E+00	5.328E+00	2.937E-04	5.328E+00	5.328E+00	5.328E+00	5.328E+00	5.328E+00	5.328E+00
1.010E+00	5.305E+00	2.918E-04	5.305E+00	5.306E+00	5.306E+00	5.305E+00	5.306E+00	5.305E+00
1.020E+00	5.283E+00	2.898E-04	5.283E+00	5.283E+00	5.283E+00	5.283E+00	5.283E+00	5.283E+00
1.030E+00	5.260E+00	2.877E-04	5.260E+00	5.260E+00	5.260E+00	5.260E+00	5.260E+00	5.260E+00
1.040E+00	5.237E+00	2.854E-04	5.237E+00	5.237E+00	5.237E+00	5.237E+00	5.237E+00	5.237E+00
1.050E+00	5.214E+00	2.831E-04	5.214E+00	5.214E+00	5.214E+00	5.214E+00	5.214E+00	5.214E+00
1.060E+00	5.191E+00	2.807E-04	5.191E+00	5.191E+00	5.191E+00	5.191E+00	5.191E+00	5.191E+00
1.070E+00	5.168E+00	2.782E-04	5.168E+00	5.168E+00	5.168E+00	5.168E+00	5.168E+00	5.168E+00
1.080E+00	5.145E+00	2.756E-04	5.145E+00	5.145E+00	5.145E+00	5.145E+00	5.145E+00	5.145E+00
1.090E+00	5.122E+00	2.729E-04	5.122E+00	5.122E+00	5.122E+00	5.122E+00	5.122E+00	5.122E+00
1.100E+00	5.098E+00	2.701E-04	5.098E+00	5.099E+00	5.099E+00	5.098E+00	5.099E+00	5.098E+00
1.110E+00	5.075E+00	2.672E-04	5.075E+00	5.075E+00	5.075E+00	5.075E+00	5.075E+00	5.075E+00
1.120E+00	5.052E+00	2.642E-04	5.051E+00	5.052E+00	5.052E+00	5.052E+00	5.052E+00	5.052E+00
1.130E+00	5.028E+00	2.611E-04	5.028E+00	5.028E+00	5.028E+00	5.028E+00	5.028E+00	5.028E+00
1.140E+00	5.005E+00	2.579E-04	5.004E+00	5.005E+00	5.005E+00	5.005E+00	5.005E+00	5.005E+00
1.150E+00	4.981E+00	2.546E-04	4.981E+00	4.981E+00	4.981E+00	4.981E+00	4.981E+00	4.981E+00
1.160E+00	4.957E+00	2.512E-04	4.957E+00	4.958E+00	4.958E+00	4.957E+00	4.957E+00	4.957E+00
1.170E+00	4.934E+00	2.478E-04	4.933E+00	4.934E+00	4.934E+00	4.934E+00	4.934E+00	4.934E+00
1.180E+00	4.910E+00	2.442E-04	4.910E+00	4.910E+00	4.910E+00	4.910E+00	4.910E+00	4.910E+00
1.190E+00	4.886E+00	2.406E-04	4.886E+00	4.886E+00	4.886E+00	4.886E+00	4.886E+00	4.886E+00
1.200E+00	4.862E+00	2.369E-04	4.862E+00	4.862E+00	4.862E+00	4.862E+00	4.862E+00	4.862E+00
1.210E+00	4.838E+00	2.331E-04	4.838E+00	4.839E+00	4.839E+00	4.838E+00	4.838E+00	4.838E+00
1.220E+00	4.814E+00	2.292E-04	4.814E+00	4.815E+00	4.815E+00	4.814E+00	4.815E+00	4.814E+00
1.230E+00	4.790E+00	2.253E-04	4.790E+00	4.791E+00	4.791E+00	4.790E+00	4.791E+00	4.790E+00
1.240E+00	4.766E+00	2.212E-04	4.766E+00	4.767E+00	4.767E+00	4.766E+00	4.767E+00	4.766E+00
1.250E+00	4.742E+00	2.171E-04	4.742E+00	4.743E+00	4.743E+00	4.742E+00	4.742E+00	4.742E+00
1.260E+00	4.718E+00	2.130E-04	4.718E+00	4.719E+00	4.718E+00	4.718E+00	4.718E+00	4.718E+00
1.270E+00	4.694E+00	2.087E-04	4.694E+00	4.694E+00	4.694E+00	4.694E+00	4.694E+00	4.694E+00
1.280E+00	4.670E+00	2.044E-04	4.670E+00	4.670E+00	4.670E+00	4.670E+00	4.670E+00	4.670E+00
1.290E+00	4.646E+00	2.001E-04	4.646E+00	4.646E+00	4.646E+00	4.646E+00	4.646E+00	4.646E+00
1.300E+00	4.622E+00	1.957E-04	4.622E+00	4.622E+00	4.622E+00	4.622E+00	4.622E+00	4.622E+00
1.310E+00	4.597E+00	1.912E-04	4.597E+00	4.598E+00	4.598E+00	4.597E+00	4.598E+00	4.597E+00
1.320E+00	4.573E+00	1.867E-04	4.573E+00	4.573E+00	4.573E+00	4.573E+00	4.573E+00	4.573E+00
1.330E+00	4.549E+00	1.821E-04	4.549E+00	4.549E+00	4.549E+00	4.549E+00	4.549E+00	4.549E+00
1.340E+00	4.525E+00	1.775E-04	4.525E+00	4.525E+00	4.525E+00	4.525E+00	4.525E+00	4.525E+00
1.350E+00	4.500E+00	1.729E-04	4.500E+00	4.501E+00	4.500E+00	4.500E+00	4.500E+00	4.500E+00
1.360E+00	4.476E+00	1.682E-04	4.476E+00	4.476E+00	4.476E+00	4.476E+00	4.476E+00	4.476E+00
1.370E+00	4.452E+00	1.635E-04	4.452E+00	4.452E+00	4.452E+00	4.452E+00	4.452E+00	4.452E+00
1.380E+00	4.427E+00	1.588E-04	4.427E+00	4.428E+00	4.428E+00	4.427E+00	4.427E+00	4.427E+00
1.390E+00	4.403E+00	1.540E-04	4.403E+00	4.403E+00	4.403E+00	4.403E+00	4.403E+00	4.403E+00
1.400E+00	4.379E+00	1.493E-04	4.379E+00	4.379E+00	4.379E+00	4.379E+00	4.379E+00	4.379E+00
1.410E+00	4.354E+00	1.446E-04	4.354E+00	4.354E+00	4.354E+00	4.354E+00	4.354E+00	4.354E+00
1.420E+00	4.330E+00	1.399E-04	4.330E+00	4.330E+00	4.330E+00	4.330E+00	4.330E+00	4.330E+00
1.430E+00	4.306E+00	1.352E-04	4.306E+00	4.306E+00	4.306E+00	4.306E+00	4.306E+00	4.306E+00
1.440E+00	4.281E+00	1.305E-04	4.281E+00	4.281E+00	4.281E+00	4.281E+00	4.281E+00	4.281E+00
1.450E+00	4.257E+00	1.259E-04	4.257E+00	4.257E+00	4.257E+00	4.257E+00	4.257E+00	4.257E+00
1.460E+00	4.233E+00	1.214E-04	4.232E+00	4.233E+00	4.233E+00	4.233E+00	4.233E+00	4.232E+00
1.470E+00	4.208E+00	1.170E-04	4.208E+00	4.208E+00	4.208E+00	4.208E+00	4.208E+00	4.208E+00
1.480E+00	4.184E+00	1.127E-04	4.184E+00	4.184E+00	4.184E+00	4.184E+00	4.184E+00	4.184E+00
1.490E+00	4.160E+00	1.085E-04	4.159E+00	4.160E+00	4.160E+00	4.159E+00	4.160E+00	4.159E+00
1.500E+00	4.135E+00	1.045E-04	4.135E+00	4.135E+00	4.135E+00	4.135E+00	4.135E+00	4.135E+00
1.510E+00	4.111E+00	1.006E-04	4.111E+00	4.111E+00	4.111E+00	4.111E+00	4.111E+00	4.111E+00
1.520E+00	4.087E+00	9.700E-05	4.087E+00	4.087E+00	4.087E+00	4.087E+00	4.087E+00	4.086E+00
1.530E+00	4.062E+00	9.364E-05	4.062E+00	4.062E+00	4.062E+00	4.062E+00	4.062E+00	4.062E+00
1.540E+00	4.038E+00	9.058E-05	4.038E+00	4.038E+00	4.038E+00	4.038E+00	4.038E+00	4.038E+00
1.550E+00	4.014E+00	8.786E-05	4.014E+00	4.014E+00	4.014E+00	4.014E+00	4.014E+00	4.014E+00
1.560E+00	3.990E+00	8.552E-05	3.990E+00	3.990E+00	3.990E+00	3.989E+00	3.990E+00	3.989E+00
1.570E+00	3.965E+00	8.360E-05	3.965E+00	3.965E+00	3.965E+00	3.965E+00	3.965E+00	3.965E+00
1.580E+00	3.941E+00	8.216E-05	3.941E+00	3.941E+00	3.941E+00	3.941E+00	3.941E+00	3.941E+00
1.590E+00	3.917E+00	8.121E-05	3.917E+00	3.917E+00	3.917E+00	3.917E+00	3.917E+00	3.917E+00
1.600E+00	3.893E+00	8.078E-05	3.893E+00	3.893E+00	3.893E+00	3.893E+00	3.893E+00	3.893E+00
1.610E+00	3.869E+00	8.090E-05	3.869E+00	3.869E+00	3.869E+00	3.869E+00	3.869E+00	3.869E+00
1.620E+00	3.845E+00	8.157E-05	3.845E+00	3.845E+00	3.845E+00	3.845E+00	3.845E+00	3.845E+00
1.630E+00	3.821E+00	8.278E-05	3.821E+00	3.821E+00	3.821E+00	3.821E+00	3.821E+00	3.820E+00
1.640E+00	3.797E+00	8.452E-05	3.797E+00	3.797E+00	3.797E+00	3.797E+00	3.797E+00	3.796E+00
1.650E+00	3.773E+00	8.676E-05	3.773E+00	3.773E+00	3.773E+00	3.773E+00	3.773E+00	3.772E+00
1.660E+00	3.749E+00	8.946E-05	3.749E+00	3.749E+00	3.749E+00	3.749E+00	3.749E+00	3.749E+00
1.670E+00	3.725E+00	9.260E-05	3.725E+00	3.725E+00	3.725E+00	3.725E+00	3.725E+00	3.725E+00
1.680E+00	3.701E+00	9.614E-05	3.701E+00	3.701E+00	3.701E+00	3.701E+00	3.701E+00	3.701E+00
1.690E+00	3.677E+00	1.000E-04	3.677E+00	3.677E+00	3.677E+00	3.677E+00	3.677E+00	3.677E+00
1.700E+00	3.653E+00	1.042E-04	3.653E+00	3.653E+00	3.653E+00	3.653E+00	3.653E+00	3.653E+00
1.710E+00	3.629E+00	1.087E-04	3.629E+00	3.629E+00	3.629E+00	3.629E+00	3.629E+00	3.629E+00
1.720E+00	3.606E+00	1.135E-04	3.606E+00	3.606E+00	3.606E+00	3.606E+00	3.606E+00	3.606E+00
1.730E+00	3.582E+00	1.184E-04	3.582E+00	3.582E+00	3.582E+00	3.582E+00	3.582E+00	3.582E+00
1.740E+00	3.558E+00	1.236E-04	3.558E+00	3.558E+00	3.558E+00	3.558E+00	3.558E+00	3.558E+00
1.750E+00	3.535E+00	1.290E-04	3.535E+00	3.535E+00	3.535E+00	3.535E+00	3.535E+00	3.535E+00
1.760E+00	3.511E+00	1.344E-04	3.511E+00	3.511E+00	3.511E+00	3.511E+00	3.511E+00	3.511E+00
1.770E+00	3.488E+00	1.401E-04	3.488E+00	3.488E+00	3.488E+00	3.488E+00	3.488E+00	3.488E+00
1.780E+00	3.464E+00	1.458E-04	3.464E+00	3.464E+00	3.464E+00	3.464E+00	3.464E+00	3.464E+00
1.790E+00	3.441E+00	1.517E-04	3.441E+00	3.441E+00	3.441E+00	3.441E+00	3.441E+00	3.441E+00
1.800E+00	3.418E+00	1.577E-04	3.418E+00	3.418E+00	3.418E+00	3.418E+00	3.418E+00	3.418E+00
1.810E+00	3.394E+00	1.637E-04	3.395E+00	3.394E+00	3.394E+00	3.394E+00	3.394E+00	3.394E+00
1.820E+00	3.371E+00	1.698E-04	3.371E+00	3.371E+00	3.371E+00	3.371E+00	3.371E+00	3.371E+00
1.830E+00	3.348E+00	1.760E-04	3.348E+00	3.348E+00	3.348E+00	3.348E+00	3.348E+00	3.348E+00
1.840E+00	3.325E+00	1.822E-04	3.325E+00	3.325E+00	3.325E+00	3.325E+00	3.325E+00	3.325E+00
1.850E+00	3.302E+00	1.885E-04	3.302E+00	3.302E+00	3.302E+00	3.302E+00	3.302E+00	3.302E+00
1.860E+00	3.279E+00	1.948E-04	3.279E+00	3.279E+00	3.279E+00	3.279E+00	3.279E+00	3.279E+00
1.870E+00	3.256E+00	2.012E-04	3.256E+00	3.256E+00	3.256E+00	3.256E+00	3.256E+00	3.256E+00
1.880E+00	3.233E+00	2.075E-04	3.233E+00	3.233E+00	3.233E+00	3.233E+00	3.233E+00	3.233E+00
1.890E+00	3.210E+00	2.140E-04	3.210E+00	3.210E+00	3.210E+00	3.210E+00	3.210E+00	3.210E+00
1.900E+00	3.188E+00	2.204E-04	3.188E+00	3.187E+00	3.187E+00	3.188E+00	3.188E+00	3.187E+00
1.910E+00	3.165E+00	2.268E-04	3.165E+00	3.165E+00	3.165E+00	3.165E+00	3.165E+00	3.165E+00
1.920E+00	3.142E+00	2.333E-04	3.142E+00	3.142E+00	3.142E+00	3.142E+00	3.142E+00	3.142E+00
1.930E+00	3.120E+00	2.398E-04	3.120E+00	3.119E+00	3.120E+00	3.120E+00	3.120E+00	3.120E+00
1.940E+00	3.097E+00	2.463E-04	3.097E+00	3.097E+00	3.097E+00	3.097E+00	3.097E+00	3.097E+00
1.950E+00	3.075E+00	2.527E-04	3.075E+00	3.075E+00	3.075E+00	3.075E+00	3.075E+00	3.075E+00
1.960E+00	3.052E+00	2.592E-04	3.053E+00	3.052E+00	3.052E+00	3.053E+00	3.053E+00	3.052E+00
1.970E+00	3.030E+00	2.657E-04	3.030E+00	3.030E+00	3.030E+00	3.030E+00	3.030E+00	3.030E+00
1.980E+00	3.008E+00	2.722E-04	3.008E+00	3.008E+00	3.008E+00	3.008E+00	3.008E+00	3.008E+00
1.990E+00	2.986E+00	2.786E-04	2.986E+00	2.986E+00	2.986E+00	2.986E+00	2.986E+00	2.986E+00
2.000E+00	2.964E+00	2.851E-04	2.964E+00	2.964E+00	2.964E+00	2.964E+00	2.964E+00	2.964E+00
2.010E+00	2.942E+00	2.915E-04	2.942E+00	2.942E+00	2.942E+00	2.942E+00	2.942E+00	2.942E+00
2.020E+00	2.920E+00	2.980E-04	2.920E+00	2.920E+00	2.920E+00	2.920E+00	2.920E+00	2.920E+00
2.030E+00	2.898E+00	3.044E-04	2.898E+00	2.898E+00	2.898E+00	2.898E+00	2.898E+00	2.898E+00
2.040E+00	2.876E+00	3.108E-04	2.877E+00	2.876E+00	2.876E+00	2.876E+00	2.877E+00	2.876E+00
2.050E+00	2.855E+00	3.171E-04	2.855E+00	2.854E+00	2.855E+00	2.855E+00	2.855E+00	2.855E+00
2.060E+00	2.833E+00	3.235E-04	2.833E+00	2.833E+00	2.833E+00	2.833E+00	2.833E+00	2.833E+00
2.070E+00	2.812E+00	3.298E-04	2.812E+00	2.811E+00	2.812E+00	2.812E+00	2.812E+00	2.812E+00
2.080E+00	2.790E+00	3.361E-04	2.791E+00	2.790E+00	2.790E+00	2.790E+00	2.790E+00	2.790E+00
2.090E+00	2.769E+00	3.424E-04	2.769E+00	2.769E+00	2.769E+00	2.769E+00	2.769E+00	2.769E+00
2.100E+00	2.748E+00	3.486E-04	2.748E+00	2.747E+00	2.748E+00	2.748E+00	2.748E+00	2.748E+00
2.110E+00	2.726E+00	3.548E-04	2.727E+00	2.726E+00	2.726E+00	2.726E+00	2.727E+00	2.726E+00
2.120E+00	2.705E+00	3.610E-04	2.706E+00	2.705E+00	2.705E+00	2.705E+00	2.705E+00	2.705E+00
2.130E+00	2.684E+00	3.672E-04	2.685E+00	2.684E+00	2.684E+00	2.684E+00	2.684E+00	2.684E+00
2.140E+00	2.663E+00	3.733E-04	2.664E+00	2.663E+00	2.663E+00	2.663E+00	2.663E+00	2.663E+00
2.150E+00	2.643E+00	3.794E-04	2.643E+00	2.642E+00	2.642E+00	2.643E+00	2.643E+00	2.642E+00
2.160E+00	2.622E+00	3.854E-04	2.622E+00	2.621E+00	2.622E+00	2.622E+00	2.622E+00	2.622E+00
2.170E+00	2.601E+00	3.914E-04	2.601E+00	2.601E+00	2.601E+00	2.601E+00	2.601E+00	2.601E+00
2.180E+00	2.581E+00	3.973E-04	2.581E+00	2.580E+00	2.580E+00	2.581E+00	2.581E+00	2.580E+00
2.190E+00	2.560E+00	4.033E-04	2.560E+00	2.560E+00	2.560E+00	2.560E+00	2.560E+00	2.560E+00
2.200E+00	2.540E+00	4.091E-04	2.540E+00	2.539E+00	2.540E+00	2.540E+00	2.540E+00	2.540E+00
2.210E+00	2.519E+00	4.150E-04	2.520E+00	2.519E+00	2.519E+00	2.519E+00	2.519E+00	2.519E+00
2.220E+00	2.499E+00	4.208E-04	2.499E+00	2.499E+00	2.499E+00	2.499E+00	2.499E+00	2.499E+00
2.230E+00	2.479E+00	4.265E-04	2.479E+00	2.478E+00	2.479E+00	2.479E+00	2.479E+00	2.479E+00
2.240E+00	2.459E+00	4.322E-04	2.459E+00	2.458E+00	2.459E+00	2.459E+00	2.459E+00	2.459E+00
2.250E+00	2.439E+00	4.378E-04	2.439E+00	2.438E+00	2.439E+00	2.439E+00	2.439E+00	2.439E+00
2.260E+00	2.419E+00	4.434E-04	2.419E+00	2.419E+00	2.419E+00	2.419E+00	2.419E+00	2.419E+00
2.270E+00	2.399E+00	4.490E-04	2.400E+00	2.399E+00	2.399E+00	2.399E+00	2.399E+00	2.399E+00
2.280E+00	2.379E+00	4.545E-04	2.380E+00	2.379E+00	2.379E+00	2.380E+00	2.380E+00	2.379E+00
2.290E+00	2.360E+00	4.599E-04	2.360E+00	2.359E+00	2.360E+00	2.360E+00	2.360E+00	2.360E+00
2.300E+00	2.340E+00	4.653E-04	2.341E+00	2.340E+00	2.340E+00	2.340E+00	2.340E+00	2.340E+00
2.310E+00	2.321E+00	4.707E-04	2.321E+00	2.321E+00	2.321E+00	2.321E+00	2.321E+00	2.321E+00
2.320E+00	2.302E+00	4.759E-04	2.302E+00	2.301E+00	2.302E+00	2.302E+00	2.302E+00	2.302E+00
2.330E+00	2.282E+00	4.812E-04	2.283E+00	2.282E+00	2.282E+00	2.282E+00	2.283E+00	2.282E+00
2.340E+00	2.263E+00	4.863E-04	2.264E+00	2.263E+00	2.263E+00	2.263E+00	2.263E+00	2.263E+00
2.350E+00	2.244E+00	4.915E-04	2.245E+00	2.244E+00	2.244E+00	2.244E+00	2.244E+00	2.244E+00
2.360E+00	2.225E+00	4.965E-04	2.226E+00	2.225E+00	2.225E+00	2.225E+00	2.225E+00	2.225E+00
2.370E+00	2.206E+00	5.015E-04	2.207E+00	2.206E+00	2.206E+00	2.207E+00	2.207E+00	2.206E+00
2.380E+00	2.188E+00	5.065E-04	2.188E+00	2.187E+00	2.188E+00	2.188E+00	2.188E+00	2.188E+00
2.390E+00	2.169E+00	5.114E-04	2.170E+00	2.169E+00	2.169E+00	2.169E+00	2.169E+00	2.169E+00
2.400E+00	2.150E+00	5.162E-04	2.151E+00	2.150E+00	2.150E+00	2.151E+00	2.151E+00	2.150E+00
2.410E+00	2.132E+00	5.210E-04	2.133E+00	2.132E+00	2.132E+00	2.132E+00	2.132E+00	2.132E+00
2.420E+00	2.114E+00	5.257E-04	2.114E+00	2.113E+00	2.114E+00	2.114E+00	2.114E+00	2.114E+00
2.430E+00	2.095E+00	5.303E-04	2.096E+00	2.095E+00	2.095E+00	2.095E+00	2.095E+00	2.095E+00
2.440E+00	2.077E+00	5.349E-04	2.078E+00	2.077E+00	2.077E+00	2.077E+00	2.077E+00	2.077E+00
2.450E+00	2.059E+00	5.394E-04	2.060E+00	2.059E+00	2.059E+00	2.059E+00	2.059E+00	2.059E+00
2.460E+00	2.041E+00	5.439E-04	2.042E+00	2.041E+00	2.041E+00	2.041E+00	2.041E+00	2.041E+00
2.470E+00	2.023E+00	5.483E-04	2.024E+00	2.023E+00	2.023E+00	2.023E+00	2.023E+00	2.023E+00
2.480E+00	2.006E+00	5.526E-04	2.006E+00	2.005E+00	2.005E+00	2.006E+00	2.006E+00	2.005E+00
2.490E+00	1.988E+00	5.569E-04	1.988E+00	1.987E+00	1.988E+00	1.988E+00	1.988E+00	1.988E+00
2.500E+00	1.970E+00	5.611E-04	1.971E+00	1.970E+00	1.970E+00	1.970E+00	1.970E+00	1.970E+00
2.510E+00	1.953E+00	5.653E-04	1.953E+00	1.952E+00	1.953E+00	1.953E+00	1.953E+00	1.953E+00
2.520E+00	1.935E+00	5.693E-04	1.936E+00	1.935E+00	1.935E+00	1.936E+00	1.936E+00	1.935E+00
2.530E+00	1.918E+00	5.733E-04	1.919E+00	1.918E+00	1.918E+00	1.918E+00	1.918E+00	1.918E+00
2.540E+00	1.901E+00	5.773E-04	1.902E+00	1.900E+00	1.901E+00	1.901E+00	1.901E+00	1.901E+00
2.550E+00	1.884E+00	5.812E-04	1.884E+00	1.883E+00	1.884E+00	1.884E+00	1.884E+00	1.884E+00
2.560E+00	1.867E+00	5.850E-04	1.867E+00	1.866E+00	1.867E+00	1.867E+00	1.867E+00	1.867E+00
2.570E+00	1.850E+00	5.887E-04	1.851E+00	1.849E+00	1.850E+00	1.850E+00	1.850E+00	1.850E+00
2.580E+00	1.833E+00	5.924E-04	1.834E+00	1.833E+00	1.833E+00	1.833E+00	1.833E+00	1.833E+00
2.590E+00	1.817E+00	5.960E-04	1.817E+00	1.816E+00	1.816E+00	1.817E+00	1.817E+00	1.816E+00
2.600E+00	1.800E+00	5.996E-04	1.801E+00	1.799E+00	1.800E+00	1.800E+00	1.800E+00	1.800E+00
2.610E+00	1.783E+00	6.030E-04	1.784E+00	1.783E+00	1.783E+00	1.784E+00	1.784E+00	1.783E+00
2.620E+00	1.767E+00	6.064E-04	1.768E+00	1.767E+00	1.767E+00	1.767E+00	1.767E+00	1.767E+00
2.630E+00	1.751E+00	6.098E-04	1.751E+00	1.750E+00	1.751E+00	1.751E+00	1.751E+00	1.751E+00
2.640E+00	1.735E+00	6.130E-04	1.735E+00	1.734E+00	1.735E+00	1.735E+00	1.735E+00	1.735E+00
2.650E+00	1.719E+00	6.163E-04	1.719E+00	1.718E+00	1.718E+00	1.719E+00	1.719E+00	1.719E+00
2.660E+00	1.703E+00	6.194E-04	1.703E+00	1.702E+00	1.703E+00	1.703E+00	1.703E+00	1.703E+00
2.670E+00	1.687E+00	6.225E-04	1.687E+00	1.686E+00	1.687E+00	1.687E+00	1.687E+00	1.687E+00
2.680E+00	1.671E+00	6.255E-04	1.672E+00	1.670E+00	1.671E+00	1.671E+00	1.671E+00	1.671E+00
2.690E+00	1.655E+00	6.284E-04	1.656E+00	1.655E+00	1.655E+00	1.655E+00	1.655E+00	1.655E+00
2.700E+00	1.640E+00	6.312E-04	1.640E+00	1.639E+00	1.640E+00	1.640E+00	1.640E+00	1.640E+00
2.710E+00	1.624E+00	6.340E-04	1.625E+00	1.624E+00	1.624E+00	1.624E+00	1.624E+00	1.624E+00
2.720E+00	1.609E+00	6.368E-04	1.609E+00	1.608E+00	1.609E+00	1.609E+00	1.609E+00	1.609E+00
2.730E+00	1.594E+00	6.394E-04	1.594E+00	1.593E+00	1.593E+00	1.594E+00	1.594E+00	1.593E+00
2.740E+00	1.578E+00	6.420E-04	1.579E+00	1.578E+00	1.578E+00	1.578E+00	1.578E+00	1.578E+00
2.750E+00	1.563E+00	6.445E-04	1.564E+00	1.563E+00	1.563E+00	1.563E+00	1.563E+00	1.563E+00
2.760E+00	1.548E+00	6.470E-04	1.549E+00	1.548E+00	1.548E+00	1.548E+00	1.548E+00	1.548E+00
2.770E+00	1.533E+00	6.493E-04	1.534E+00	1.533E+00	1.533E+00	1.534E+00	1.534E+00	1.533E+00
2.780E+00	1.519E+00	6.517E-04	1.519E+00	1.518E+00	1.519E+00	1.519E+00	1.519E+00	1.519E+00
2.790E+00	1.504E+00	6.539E-04	1.505E+00	1.503E+00	1.504E+00	1.504E+00	1.504E+00	1.504E+00
2.800E+00	1.489E+00	6.561E-04	1.490E+00	1.489E+00	1.489E+00	1.490E+00	1.490E+00	1.489E+00
2.810E+00	1.475E+00	6.582E-04	1.476E+00	1.474E+00	1.475E+00	1.475E+00	1.475E+00	1.475E+00
2.820E+00	1.461E+00	6.602E-04	1.461E+00	1.460E+00	1.461E+00	1.461E+00	1.461E+00	1.461E+00
2.830E+00	1.446E+00	6.622E-04	1.447E+00	1.446E+00	1.446E+00	1.446E+00	1.446E+00	1.446E+00
2.840E+00	1.432E+00	6.641E-04	1.433E+00	1.431E+00	1.432E+00	1.432E+00	1.432E+00	1.432E+00
2.850E+00	1.418E+00	6.659E-04	1.419E+00	1.417E+00	1.418E+00	1.418E+00	1.418E+00	1.418E+00
2.860E+00	1.404E+00	6.677E-04	1.405E+00	1.403E+00	1.404E+00	1.404E+00	1.404E+00	1.404E+00
2.870E+00	1.390E+00	6.694E-04	1.391E+00	1.390E+00	1.390E+00	1.390E+00	1.390E+00	1.390E+00
2.880E+00	1.376E+00	6.710E-04	1.377E+00	1.376E+00	1.376E+00	1.377E+00	1.376E+00	1.376E+00
2.890E+00	1.363E+00	6.726E-04	1.363E+00	1.362E+00	1.363E+00	1.363E+00	1.363E+00	1.363E+00
2.900E+00	1.349E+00	6.741E-04	1.350E+00	1.348E+00	1.349E+00	1.349E+00	1.349E+00	1.349E+00
2.910E+00	1.336E+00	6.755E-04	1.336E+00	1.335E+00	1.336E+00	1.336E+00	1.336E+00	1.336E+00
2.920E+00	1.322E+00	6.769E-04	1.323E+00	1.322E+00	1.322E+00	1.322E+00	1.322E+00	1.322E+00
2.930E+00	1.309E+00	6.782E-04	1.310E+00	1.308E+00	1.309E+00	1.309E+00	1.309E+00	1.309E+00
2.940E+00	1.296E+00	6.794E-04	1.296E+00	1.295E+00	1.296E+00	1.296E+00	1.296E+00	1.296E+00
2.950E+00	1.283E+00	6.806E-04	1.283E+00	1.282E+00	1.283E+00	1.283E+00	1.283E+00	1.283E+00
2.960E+00	1.270E+00	6.817E-04	1.270E+00	1.269E+00	1.270E+00	1.270E+00	1.270E+00	1.270E+00
2.970E+00	1.257E+00	6.827E-04	1.257E+00	1.256E+00	1.257E+00	1.257E+00	1.257E+00	1.257E+00
2.980E+00	1.244E+00	6.837E-04	1.245E+00	1.243E+00	1.244E+00	1.244E+00	1.244E+00	1.244E+00
2.990E+00	1.231E+00	6.846E-04	1.232E+00	1.231E+00	1.231E+00	1.231E+00	1.231E+00	1.231E+00
3.000E+00	1.219E+00	6.854E-04	1.219E+00	1.218E+00	1.219E+00	1.219E+00	1.219E+00	1.219E+00
