1.000E-02	6.970E+00	7.744E-02	6.893E+00	7.048E+00	6.971E+00	6.970E+00	6.970E+00	6.970E+00
2.000E-02	6.969E+00	7.720E-02	6.892E+00	7.046E+00	6.970E+00	6.969E+00	6.969E+00	6.969E+00
3.000E-02	6.968E+00	7.686E-02	6.891E+00	7.045E+00	6.968E+00	6.967E+00	6.968E+00	6.968E+00
4.000E-02	6.966E+00	7.646E-02	6.889E+00	7.042E+00	6.967E+00	6.966E+00	6.966E+00	6.966E+00
5.000E-02	6.964E+00	7.600E-02	6.888E+00	7.040E+00	6.964E+00	6.963E+00	6.964E+00	6.964E+00
6.000E-02	6.961E+00	7.549E-02	6.885E+00	7.036E+00	6.962E+00	6.961E+00	6.961E+00	6.961E+00
7.000E-02	6.958E+00	7.493E-02	6.883E+00	7.033E+00	6.959E+00	6.958E+00	6.958E+00	6.958E+00
8.000E-02	6.955E+00	7.433E-02	6.880E+00	7.029E+00	6.955E+00	6.954E+00	6.955E+00	6.955E+00
9.000E-02	6.951E+00	7.369E-02	6.877E+00	7.024E+00	6.951E+00	6.950E+00	6.951E+00	6.951E+00
1.000E-01	6.947E+00	7.302E-02	6.873E+00	7.019E+00	6.947E+00	6.946E+00	6.947E+00	6.947E+00
1.100E-01	6.942E+00	7.231E-02	6.870E+00	7.014E+00	6.943E+00	6.942E+00	6.942E+00	6.942E+00
1.200E-01	6.937E+00	7.157E-02	6.865E+00	7.009E+00	6.938E+00	6.937E+00	6.937E+00	6.938E+00
1.300E-01	6.932E+00	7.081E-02	6.861E+00	7.003E+00	6.933E+00	6.932E+00	6.932E+00	6.932E+00
1.400E-01	6.927E+00	7.002E-02	6.856E+00	6.996E+00	6.927E+00	6.926E+00	6.927E+00	6.927E+00
1.500E-01	6.921E+00	6.921E-02	6.851E+00	6.990E+00	6.922E+00	6.921E+00	6.921E+00	6.921E+00
1.600E-01	6.915E+00	6.838E-02	6.846E+00	6.983E+00	6.915E+00	6.914E+00	6.915E+00	6.915E+00
1.700E-01	6.909E+00	6.752E-02	6.840E+00	6.975E+00	6.909E+00	6.908E+00	6.909E+00	6.909E+00
1.800E-01	6.902E+00	6.665E-02	6.834E+00	6.968E+00	6.902E+00	6.901E+00	6.902E+00	6.902E+00
1.900E-01	6.895E+00	6.576E-02	6.828E+00	6.960E+00	6.895E+00	6.894E+00	6.895E+00	6.895E+00
2.000E-01	6.887E+00	6.485E-02	6.822E+00	6.951E+00	6.888E+00	6.887E+00	6.887E+00	6.887E+00
2.100E-01	6.880E+00	6.393E-02	6.815E+00	6.943E+00	6.880E+00	6.879E+00	6.880E+00	6.880E+00
2.200E-01	6.872E+00	6.300E-02	6.808E+00	6.934E+00	6.872E+00	6.871E+00	6.872E+00	6.872E+00
2.300E-01	6.864E+00	6.205E-02	6.801E+00	6.925E+00	6.864E+00	6.863E+00	6.864E+00	6.864E+00
2.400E-01	6.855E+00	6.109E-02	6.793E+00	6.915E+00	6.856E+00	6.855E+00	6.855E+00	6.855E+00
2.500E-01	6.846E+00	6.011E-02	6.785E+00	6.906E+00	6.847E+00	6.846E+00	6.846E+00	6.846E+00
2.600E-01	6.837E+00	5.913E-02	6.777E+00	6.895E+00	6.838E+00	6.837E+00	6.837E+00	6.837E+00
2.700E-01	6.828E+00	5.814E-02	6.769E+00	6.885E+00	6.829E+00	6.828E+00	6.828E+00	6.828E+00
2.800E-01	6.818E+00	5.714E-02	6.760E+00	6.874E+00	6.819E+00	6.818E+00	6.818E+00	6.818E+00
2.900E-01	6.809E+00	5.613E-02	6.751E+00	6.864E+00	6.809E+00	6.808E+00	6.809E+00	6.809E+00
3.000E-01	6.798E+00	5.512E-02	6.742E+00	6.852E+00	6.799E+00	6.798E+00	6.798E+00	6.798E+00
3.100E-01	6.788E+00	5.410E-02	6.733E+00	6.841E+00	6.789E+00	6.788E+00	6.788E+00	6.788E+00
3.200E-01	6.777E+00	5.307E-02	6.723E+00	6.829E+00	6.778E+00	6.777E+00	6.777E+00	6.777E+00
3.300E-01	6.767E+00	5.204E-02	6.713E+00	6.817E+00	6.767E+00	6.766E+00	6.767E+00	6.767E+00
3.400E-01	6.755E+00	5.100E-02	6.703E+00	6.805E+00	6.756E+00	6.755E+00	6.755E+00	6.755E+00
3.500E-01	6.744E+00	4.996E-02	6.693E+00	6.793E+00	6.744E+00	6.744E+00	6.744E+00	6.744E+00
3.600E-01	6.732E+00	4.892E-02	6.682E+00	6.780E+00	6.733E+00	6.732E+00	6.732E+00	6.732E+00
3.700E-01	6.720E+00	4.788E-02	6.671E+00	6.767E+00	6.721E+00	6.720E+00	6.720E+00	6.720E+00
3.800E-01	6.708E+00	4.683E-02	6.660E+00	6.754E+00	6.709E+00	6.708E+00	6.708E+00	6.708E+00
3.900E-01	6.696E+00	4.578E-02	6.649E+00	6.740E+00	6.696E+00	6.695E+00	6.696E+00	6.696E+00
4.000E-01	6.683E+00	4.473E-02	6.637E+00	6.727E+00	6.684E+00	6.683E+00	6.683E+00	6.683E+00
4.100E-01	6.670E+00	4.368E-02	6.625E+00	6.713E+00	6.671E+00	6.670E+00	6.670E+00	6.671E+00
4.200E-01	6.657E+00	4.263E-02	6.613E+00	6.699E+00	6.658E+00	6.657E+00	6.657E+00	6.657E+00
4.300E-01	6.644E+00	4.158E-02	6.601E+00	6.684E+00	6.645E+00	6.644E+00	6.644E+00	6.644E+00
4.400E-01	6.631E+00	4.053E-02	6.589E+00	6.670E+00	6.631E+00	6.630E+00	6.631E+00	6.631E+00
4.500E-01	6.617E+00	3.948E-02	6.576E+00	6.655E+00	6.617E+00	6.616E+00	6.617E+00	6.617E+00
4.600E-01	6.603E+00	3.844E-02	6.563E+00	6.640E+00	6.603E+00	6.602E+00	6.603E+00	6.603E+00
4.700E-01	6.589E+00	3.739E-02	6.550E+00	6.625E+00	6.589E+00	6.588E+00	6.589E+00	6.589E+00
4.800E-01	6.574E+00	3.635E-02	6.536E+00	6.609E+00	6.575E+00	6.574E+00	6.574E+00	6.574E+00
4.900E-01	6.560E+00	3.532E-02	6.523E+00	6.594E+00	6.560E+00	6.559E+00	6.560E+00	6.560E+00
5.000E-01	6.545E+00	3.428E-02	6.509E+00	6.578E+00	6.545E+00	6.544E+00	6.545E+00	6.545E+00
5.100E-01	6.530E+00	3.325E-02	6.495E+00	6.562E+00	6.530E+00	6.529E+00	6.530E+00	6.530E+00
5.200E-01	6.515E+00	3.222E-02	6.481E+00	6.545E+00	6.515E+00	6.514E+00	6.515E+00	6.515E+00
5.300E-01	6.499E+00	3.120E-02	6.466E+00	6.529E+00	6.500E+00	6.499E+00	6.499E+00	6.499E+00
5.400E-01	6.483E+00	3.018E-02	6.452E+00	6.512E+00	6.484E+00	6.483E+00	6.483E+00	6.483E+00
5.500E-01	6.468E+00	2.917E-02	6.437E+00	6.495E+00	6.468E+00	6.467E+00	6.468E+00	6.468E+00
5.600E-01	6.452E+00	2.816E-02	6.422E+00	6.478E+00	6.452E+00	6.451E+00	6.452E+00	6.452E+00
5.700E-01	6.435E+00	2.716E-02	6.407E+00	6.461E+00	6.436E+00	6.435E+00	6.435E+00	6.435E+00
5.800E-01	6.419E+00	2.616E-02	6.391E+00	6.444E+00	6.419E+00	6.419E+00	6.419E+00	6.419E+00
5.900E-01	6.402E+00	2.517E-02	6.376E+00	6.426E+00	6.403E+00	6.402E+00	6.402E+00	6.402E+00
6.000E-01	6.386E+00	2.419E-02	6.360E+00	6.408E+00	6.386E+00	6.385E+00	6.385E+00	6.386E+00
6.100E-01	6.369E+00	2.321E-02	6.344E+00	6.390E+00	6.369E+00	6.368E+00	6.368E+00	6.369E+00
6.200E-01	6.351E+00	2.224E-02	6.328E+00	6.372E+00	6.352E+00	6.351E+00	6.351E+00	6.351E+00
6.300E-01	6.334E+00	2.128E-02	6.311E+00	6.354E+00	6.334E+00	6.334E+00	6.334E+00	6.334E+00
6.400E-01	6.317E+00	2.033E-02	6.295E+00	6.335E+00	6.317E+00	6.316E+00	6.316E+00	6.317E+00
6.500E-01	6.299E+00	1.938E-02	6.278E+00	6.317E+00	6.299E+00	6.298E+00	6.299E+00	6.299E+00
6.600E-01	6.281E+00	1.844E-02	6.261E+00	6.298E+00	6.281E+00	6.281E+00	6.281E+00	6.281E+00
6.700E-01	6.263E+00	1.751E-02	6.244E+00	6.279E+00	6.263E+00	6.263E+00	6.263E+00	6.263E+00
6.800E-01	6.245E+00	1.659E-02	6.227E+00	6.260E+00	6.245E+00	6.244E+00	6.245E+00	6.245E+00
6.900E-01	6.226E+00	1.567E-02	6.209E+00	6.241E+00	6.227E+00	6.226E+00	6.226E+00	6.226E+00
7.000E-01	6.208E+00	1.477E-02	6.192E+00	6.221E+00	6.208E+00	6.208E+00	6.208E+00	6.208E+00
7.100E-01	6.189E+00	1.387E-02	6.174E+00	6.202E+00	6.190E+00	6.189E+00	6.189E+00	6.189E+00
7.200E-01	6.170E+00	1.298E-02	6.156E+00	6.182E+00	6.171E+00	6.170E+00	6.170E+00	6.170E+00
7.300E-01	6.151E+00	1.211E-02	6.138E+00	6.162E+00	6.152E+00	6.151E+00	6.151E+00	6.151E+00
7.400E-01	6.132E+00	1.124E-02	6.120E+00	6.142E+00	6.133E+00	6.132E+00	6.132E+00	6.132E+00
7.500E-01	6.113E+00	1.038E-02	6.101E+00	6.122E+00	6.113E+00	6.113E+00	6.113E+00	6.113E+00
7.600E-01	6.093E+00	9.531E-03	6.083E+00	6.102E+00	6.094E+00	6.093E+00	6.093E+00	6.094E+00
7.700E-01	6.074E+00	8.692E-03	6.064E+00	6.081E+00	6.074E+00	6.074E+00	6.074E+00	6.074E+00
7.800E-01	6.054E+00	7.864E-03	6.045E+00	6.061E+00	6.054E+00	6.054E+00	6.054E+00	6.054E+00
7.900E-01	6.034E+00	7.045E-03	6.026E+00	6.040E+00	6.035E+00	6.034E+00	6.034E+00	6.034E+00
8.000E-01	6.014E+00	6.238E-03	6.007E+00	6.019E+00	6.015E+00	6.014E+00	6.014E+00	6.014E+00
8.100E-01	5.994E+00	5.441E-03	5.988E+00	5.999E+00	5.994E+00	5.994E+00	5.994E+00	5.994E+00
8.200E-01	5.974E+00	4.655E-03	5.968E+00	5.978E+00	5.974E+00	5.974E+00	5.974E+00	5.974E+00
8.300E-01	5.953E+00	3.880E-03	5.949E+00	5.956E+00	5.954E+00	5.953E+00	5.953E+00	5.953E+00
8.400E-01	5.933E+00	3.117E-03	5.929E+00	5.935E+00	5.933E+00	5.933E+00	5.933E+00	5.933E+00
8.500E-01	5.912E+00	2.366E-03	5.909E+00	5.914E+00	5.913E+00	5.912E+00	5.912E+00	5.912E+00
8.600E-01	5.891E+00	1.630E-03	5.889E+00	5.892E+00	5.892E+00	5.891E+00	5.891E+00	5.891E+00
8.700E-01	5.871E+00	9.190E-04	5.869E+00	5.871E+00	5.871E+00	5.870E+00	5.870E+00	5.871E+00
8.800E-01	5.849E+00	3.285E-04	5.849E+00	5.849E+00	5.850E+00	5.849E+00	5.849E+00	5.850E+00
8.900E-01	5.828E+00	6.324E-04	5.828E+00	5.827E+00	5.829E+00	5.828E+00	5.828E+00	5.828E+00
9.000E-01	5.807E+00	1.293E-03	5.808E+00	5.805E+00	5.807E+00	5.807E+00	5.807E+00	5.807E+00
9.100E-01	5.786E+00	1.969E-03	5.787E+00	5.783E+00	5.786E+00	5.785E+00	5.786E+00	5.786E+00
9.200E-01	5.764E+00	2.639E-03	5.766E+00	5.761E+00	5.764E+00	5.764E+00	5.764E+00	5.764E+00
9.300E-01	5.743E+00	3.300E-03	5.745E+00	5.739E+00	5.743E+00	5.742E+00	5.742E+00	5.743E+00
9.400E-01	5.721E+00	3.951E-03	5.724E+00	5.716E+00	5.721E+00	5.721E+00	5.721E+00	5.721E+00
9.500E-01	5.699E+00	4.591E-03	5.703E+00	5.694E+00	5.699E+00	5.699E+00	5.699E+00	5.699E+00
9.600E-01	5.677E+00	5.219E-03	5.682E+00	5.671E+00	5.677E+00	5.677E+00	5.677E+00	5.677E+00
9.700E-01	5.655E+00	5.835E-03	5.660E+00	5.649E+00	5.655E+00	5.655E+00	5.655E+00	5.655E+00
9.800E-01	5.633E+00	6.440E-03	5.639E+00	5.626E+00	5.633E+00	5.633E+00	5.633E+00	5.633E+00
9.900E-01	5.611E+00	7.034E-03	5.617E+00	5.603E+00	5.611E+00	5.611E+00	5.611E+00	5.611E+00
1.000E+00	5.588E+00	7.615E-03	5.596E+00	5.580E+00	5.589E+00	5.588E+00	5.588E+00	5.588E+00
1.010E+00	5.566E+00	8.185E-03	5.574E+00	5.558E+00	5.566E+00	5.566E+00	5.566E+00	5.566E+00
1.020E+00	5.544E+00	8.743E-03	5.552E+00	5.535E+00	5.544E+00	5.543E+00	5.543E+00	5.544E+00
1.030E+00	5.521E+00	9.288E-03	5.530E+00	5.511E+00	5.521E+00	5.521E+00	5.521E+00	5.521E+00
1.040E+00	5.498E+00	9.822E-03	5.508E+00	5.488E+00	5.499E+00	5.498E+00	5.498E+00	5.498E+00
1.050E+00	5.476E+00	1.034E-02	5.486E+00	5.465E+00	5.476E+00	5.475E+00	5.476E+00	5.476E+00
1.060E+00	5.453E+00	1.085E-02	5.463E+00	5.442E+00	5.453E+00	5.453E+00	5.453E+00	5.453E+00
1.070E+00	5.430E+00	1.135E-02	5.441E+00	5.418E+00	5.430E+00	5.430E+00	5.430E+00	5.430E+00
1.080E+00	5.407E+00	1.184E-02	5.419E+00	5.395E+00	5.407E+00	5.407E+00	5.407E+00	5.407E+00
1.090E+00	5.384E+00	1.231E-02	5.396E+00	5.372E+00	5.384E+00	5.384E+00	5.384E+00	5.384E+00
1.100E+00	5.361E+00	1.277E-02	5.374E+00	5.348E+00	5.361E+00	5.360E+00	5.361E+00	5.361E+00
1.110E+00	5.337E+00	1.322E-02	5.351E+00	5.324E+00	5.338E+00	5.337E+00	5.337E+00	5.338E+00
1.120E+00	5.314E+00	1.366E-02	5.328E+00	5.301E+00	5.314E+00	5.314E+00	5.314E+00	5.314E+00
1.130E+00	5.291E+00	1.409E-02	5.305E+00	5.277E+00	5.291E+00	5.291E+00	5.291E+00	5.291E+00
1.140E+00	5.267E+00	1.450E-02	5.282E+00	5.253E+00	5.268E+00	5.267E+00	5.267E+00	5.268E+00
1.150E+00	5.244E+00	1.490E-02	5.259E+00	5.229E+00	5.244E+00	5.244E+00	5.244E+00	5.244E+00
1.160E+00	5.220E+00	1.529E-02	5.236E+00	5.206E+00	5.221E+00	5.220E+00	5.220E+00	5.221E+00
1.170E+00	5.197E+00	1.567E-02	5.213E+00	5.182E+00	5.197E+00	5.197E+00	5.197E+00	5.197E+00
1.180E+00	5.173E+00	1.604E-02	5.190E+00	5.158E+00	5.173E+00	5.173E+00	5.173E+00	5.173E+00
1.190E+00	5.150E+00	1.639E-02	5.166E+00	5.134E+00	5.150E+00	5.149E+00	5.150E+00	5.150E+00
1.200E+00	5.126E+00	1.674E-02	5.143E+00	5.110E+00	5.126E+00	5.126E+00	5.126E+00	5.126E+00
1.210E+00	5.102E+00	1.707E-02	5.120E+00	5.086E+00	5.102E+00	5.102E+00	5.102E+00	5.102E+00
1.220E+00	5.078E+00	1.739E-02	5.096E+00	5.061E+00	5.078E+00	5.078E+00	5.078E+00	5.078E+00
1.230E+00	5.054E+00	1.770E-02	5.073E+00	5.037E+00	5.054E+00	5.054E+00	5.054E+00	5.054E+00
1.240E+00	5.030E+00	1.799E-02	5.049E+00	5.013E+00	5.031E+00	5.030E+00	5.030E+00	5.030E+00
1.250E+00	5.006E+00	1.828E-02	5.025E+00	4.989E+00	5.007E+00	5.006E+00	5.006E+00	5.006E+00
1.260E+00	4.982E+00	1.855E-02	5.002E+00	4.965E+00	4.983E+00	4.982E+00	4.982E+00	4.982E+00
1.270E+00	4.958E+00	1.881E-02	4.978E+00	4.940E+00	4.958E+00	4.958E+00	4.958E+00	4.958E+00
1.280E+00	4.934E+00	1.907E-02	4.954E+00	4.916E+00	4.934E+00	4.934E+00	4.934E+00	4.934E+00
1.290E+00	4.910E+00	1.930E-02	4.930E+00	4.892E+00	4.910E+00	4.910E+00	4.910E+00	4.910E+00
1.300E+00	4.886E+00	1.953E-02	4.906E+00	4.867E+00	4.886E+00	4.886E+00	4.886E+00	4.886E+00
1.310E+00	4.862E+00	1.975E-02	4.883E+00	4.843E+00	4.862E+00	4.862E+00	4.862E+00	4.862E+00
1.320E+00	4.838E+00	1.996E-02	4.859E+00	4.819E+00	4.838E+00	4.837E+00	4.838E+00	4.838E+00
1.330E+00	4.813E+00	2.015E-02	4.835E+00	4.794E+00	4.813E+00	4.813E+00	4.813E+00	4.813E+00
1.340E+00	4.789E+00	2.034E-02	4.811E+00	4.770E+00	4.789E+00	4.789E+00	4.789E+00	4.789E+00
1.350E+00	4.765E+00	2.051E-02	4.786E+00	4.745E+00	4.765E+00	4.765E+00	4.765E+00	4.765E+00
1.360E+00	4.740E+00	2.067E-02	4.762E+00	4.721E+00	4.741E+00	4.740E+00	4.740E+00	4.741E+00
1.370E+00	4.716E+00	2.082E-02	4.738E+00	4.697E+00	4.716E+00	4.716E+00	4.716E+00	4.716E+00
1.380E+00	4.692E+00	2.096E-02	4.714E+00	4.672E+00	4.692E+00	4.692E+00	4.692E+00	4.692E+00
1.390E+00	4.667E+00	2.109E-02	4.690E+00	4.648E+00	4.667E+00	4.667E+00	4.667E+00	4.667E+00
1.400E+00	4.643E+00	2.121E-02	4.666E+00	4.623E+00	4.643E+00	4.643E+00	4.643E+00	4.643E+00
1.410E+00	4.619E+00	2.132E-02	4.641E+00	4.599E+00	4.619E+00	4.619E+00	4.619E+00	4.619E+00
1.420E+00	4.594E+00	2.142E-02	4.617E+00	4.574E+00	4.594E+00	4.594E+00	4.594E+00	4.594E+00
1.430E+00	4.570E+00	2.151E-02	4.593E+00	4.550E+00	4.570E+00	4.570E+00	4.570E+00	4.570E+00
1.440E+00	4.545E+00	2.159E-02	4.568E+00	4.525E+00	4.545E+00	4.545E+00	4.545E+00	4.545E+00
1.450E+00	4.521E+00	2.166E-02	4.544E+00	4.501E+00	4.521E+00	4.521E+00	4.521E+00	4.521E+00
1.460E+00	4.497E+00	2.172E-02	4.520E+00	4.476E+00	4.497E+00	4.496E+00	4.496E+00	4.497E+00
1.470E+00	4.472E+00	2.177E-02	4.495E+00	4.452E+00	4.472E+00	4.472E+00	4.472E+00	4.472E+00
1.480E+00	4.448E+00	2.181E-02	4.471E+00	4.428E+00	4.448E+00	4.448E+00	4.448E+00	4.448E+00
1.490E+00	4.423E+00	2.184E-02	4.447E+00	4.403E+00	4.423E+00	4.423E+00	4.423E+00	4.423E+00
1.500E+00	4.399E+00	2.186E-02	4.422E+00	4.379E+00	4.399E+00	4.399E+00	4.399E+00	4.399E+00
1.510E+00	4.374E+00	2.187E-02	4.398E+00	4.354E+00	4.374E+00	4.374E+00	4.374E+00	4.374E+00
1.520E+00	4.350E+00	2.187E-02	4.374E+00	4.330E+00	4.350E+00	4.350E+00	4.350E+00	4.350E+00
1.530E+00	4.325E+00	2.187E-02	4.349E+00	4.305E+00	4.325E+00	4.325E+00	4.325E+00	4.326E+00
1.540E+00	4.301E+00	2.185E-02	4.325E+00	4.281E+00	4.301E+00	4.301E+00	4.301E+00	4.301E+00
1.550E+00	4.277E+00	2.182E-02	4.300E+00	4.257E+00	4.277E+00	4.277E+00	4.277E+00	4.277E+00
1.560E+00	4.252E+00	2.179E-02	4.276E+00	4.232E+00	4.252E+00	4.252E+00	4.252E+00	4.252E+00
1.570E+00	4.228E+00	2.175E-02	4.252E+00	4.208E+00	4.228E+00	4.228E+00	4.228E+00	4.228E+00
1.580E+00	4.204E+00	2.169E-02	4.227E+00	4.184E+00	4.203E+00	4.204E+00	4.203E+00	4.204E+00
1.590E+00	4.179E+00	2.163E-02	4.203E+00	4.160E+00	4.179E+00	4.179E+00	4.179E+00	4.179E+00
1.600E+00	4.155E+00	2.157E-02	4.179E+00	4.135E+00	4.155E+00	4.155E+00	4.155E+00	4.155E+00
1.610E+00	4.131E+00	2.149E-02	4.154E+00	4.111E+00	4.130E+00	4.131E+00	4.130E+00	4.131E+00
1.620E+00	4.106E+00	2.140E-02	4.130E+00	4.087E+00	4.106E+00	4.106E+00	4.106E+00	4.106E+00
1.630E+00	4.082E+00	2.131E-02	4.106E+00	4.063E+00	4.082E+00	4.082E+00	4.082E+00	4.082E+00
1.640E+00	4.058E+00	2.121E-02	4.081E+00	4.039E+00	4.058E+00	4.058E+00	4.058E+00	4.058E+00
1.650E+00	4.034E+00	2.110E-02	4.057E+00	4.015E+00	4.033E+00	4.034E+00	4.033E+00	4.034E+00
1.660E+00	4.009E+00	2.098E-02	4.033E+00	3.991E+00	4.009E+00	4.009E+00	4.009E+00	4.009E+00
1.670E+00	3.985E+00	2.086E-02	4.008E+00	3.967E+00	3.985E+00	3.985E+00	3.985E+00	3.985E+00
1.680E+00	3.961E+00	2.073E-02	3.984E+00	3.943E+00	3.961E+00	3.961E+00	3.961E+00	3.961E+00
1.690E+00	3.937E+00	2.059E-02	3.960E+00	3.919E+00	3.937E+00	3.937E+00	3.937E+00	3.937E+00
1.700E+00	3.913E+00	2.044E-02	3.936E+00	3.895E+00	3.913E+00	3.913E+00	3.913E+00	3.913E+00
1.710E+00	3.889E+00	2.029E-02	3.912E+00	3.871E+00	3.889E+00	3.889E+00	3.889E+00	3.889E+00
1.720E+00	3.865E+00	2.012E-02	3.887E+00	3.847E+00	3.865E+00	3.865E+00	3.865E+00	3.865E+00
1.730E+00	3.841E+00	1.996E-02	3.863E+00	3.823E+00	3.841E+00	3.841E+00	3.841E+00	3.841E+00
1.740E+00	3.817E+00	1.978E-02	3.839E+00	3.800E+00	3.817E+00	3.817E+00	3.817E+00	3.817E+00
1.750E+00	3.793E+00	1.960E-02	3.815E+00	3.776E+00	3.793E+00	3.793E+00	3.793E+00	3.793E+00
1.760E+00	3.769E+00	1.941E-02	3.791E+00	3.752E+00	3.769E+00	3.769E+00	3.769E+00	3.769E+00
1.770E+00	3.745E+00	1.922E-02	3.767E+00	3.729E+00	3.745E+00	3.745E+00	3.745E+00	3.745E+00
1.780E+00	3.722E+00	1.902E-02	3.743E+00	3.705E+00	3.721E+00	3.722E+00	3.721E+00	3.722E+00
1.790E+00	3.698E+00	1.881E-02	3.719E+00	3.682E+00	3.698E+00	3.698E+00	3.698E+00	3.698E+00
1.800E+00	3.674E+00	1.860E-02	3.696E+00	3.658E+00	3.674E+00	3.674E+00	3.674E+00	3.674E+00
1.810E+00	3.651E+00	1.838E-02	3.672E+00	3.635E+00	3.650E+00	3.651E+00	3.650E+00	3.651E+00
1.820E+00	3.627E+00	1.815E-02	3.648E+00	3.612E+00	3.627E+00	3.627E+00	3.627E+00	3.627E+00
1.830E+00	3.603E+00	1.792E-02	3.624E+00	3.588E+00	3.603E+00	3.603E+00	3.603E+00	3.603E+00
1.840E+00	3.580E+00	1.769E-02	3.601E+00	3.565E+00	3.580E+00	3.580E+00	3.580E+00	3.580E+00
1.850E+00	3.556E+00	1.745E-02	3.577E+00	3.542E+00	3.556E+00	3.557E+00	3.556E+00	3.557E+00
1.860E+00	3.533E+00	1.720E-02	3.553E+00	3.519E+00	3.533E+00	3.533E+00	3.533E+00	3.533E+00
1.870E+00	3.510E+00	1.695E-02	3.530E+00	3.496E+00	3.510E+00	3.510E+00	3.510E+00	3.510E+00
1.880E+00	3.486E+00	1.669E-02	3.506E+00	3.473E+00	3.486E+00	3.487E+00	3.486E+00	3.487E+00
1.890E+00	3.463E+00	1.643E-02	3.483E+00	3.450E+00	3.463E+00	3.463E+00	3.463E+00	3.463E+00
1.900E+00	3.440E+00	1.616E-02	3.459E+00	3.427E+00	3.440E+00	3.440E+00	3.440E+00	3.440E+00
1.910E+00	3.417E+00	1.589E-02	3.436E+00	3.404E+00	3.417E+00	3.417E+00	3.417E+00	3.417E+00
1.920E+00	3.394E+00	1.562E-02	3.413E+00	3.381E+00	3.394E+00	3.394E+00	3.394E+00	3.394E+00
1.930E+00	3.371E+00	1.533E-02	3.389E+00	3.359E+00	3.371E+00	3.371E+00	3.371E+00	3.371E+00
1.940E+00	3.348E+00	1.505E-02	3.366E+00	3.336E+00	3.348E+00	3.348E+00	3.348E+00	3.348E+00
1.950E+00	3.325E+00	1.476E-02	3.343E+00	3.314E+00	3.325E+00	3.325E+00	3.325E+00	3.325E+00
1.960E+00	3.302E+00	1.447E-02	3.320E+00	3.291E+00	3.302E+00	3.302E+00	3.302E+00	3.302E+00
1.970E+00	3.280E+00	1.417E-02	3.297E+00	3.269E+00	3.279E+00	3.280E+00	3.279E+00	3.280E+00
1.980E+00	3.257E+00	1.387E-02	3.274E+00	3.246E+00	3.257E+00	3.257E+00	3.257E+00	3.257E+00
1.990E+00	3.234E+00	1.356E-02	3.251E+00	3.224E+00	3.234E+00	3.234E+00	3.234E+00	3.234E+00
2.000E+00	3.212E+00	1.325E-02	3.228E+00	3.202E+00	3.211E+00	3.212E+00	3.212E+00	3.212E+00
2.010E+00	3.189E+00	1.294E-02	3.205E+00	3.180E+00	3.189E+00	3.189E+00	3.189E+00	3.189E+00
2.020E+00	3.167E+00	1.263E-02	3.183E+00	3.157E+00	3.167E+00	3.167E+00	3.167E+00	3.167E+00
2.030E+00	3.144E+00	1.231E-02	3.160E+00	3.135E+00	3.144E+00	3.145E+00	3.144E+00	3.144E+00
2.040E+00	3.122E+00	1.198E-02	3.137E+00	3.114E+00	3.122E+00	3.122E+00	3.122E+00	3.122E+00
2.050E+00	3.100E+00	1.166E-02	3.115E+00	3.092E+00	3.100E+00	3.100E+00	3.100E+00	3.100E+00
2.060E+00	3.078E+00	1.133E-02	3.092E+00	3.070E+00	3.078E+00	3.078E+00	3.078E+00	3.078E+00
2.070E+00	3.056E+00	1.100E-02	3.070E+00	3.048E+00	3.055E+00	3.056E+00	3.056E+00	3.056E+00
2.080E+00	3.034E+00	1.067E-02	3.048E+00	3.026E+00	3.033E+00	3.034E+00	3.034E+00	3.034E+00
2.090E+00	3.012E+00	1.033E-02	3.026E+00	3.005E+00	3.012E+00	3.012E+00	3.012E+00	3.012E+00
2.100E+00	2.990E+00	9.991E-03	3.003E+00	2.983E+00	2.990E+00	2.990E+00	2.990E+00	2.990E+00
2.110E+00	2.968E+00	9.650E-03	2.981E+00	2.962E+00	2.968E+00	2.968E+00	2.968E+00	2.968E+00
2.120E+00	2.946E+00	9.306E-03	2.959E+00	2.941E+00	2.946E+00	2.947E+00	2.946E+00	2.947E+00
2.130E+00	2.925E+00	8.960E-03	2.937E+00	2.919E+00	2.925E+00	2.925E+00	2.925E+00	2.925E+00
2.140E+00	2.903E+00	8.612E-03	2.915E+00	2.898E+00	2.903E+00	2.903E+00	2.903E+00	2.903E+00
2.150E+00	2.882E+00	8.262E-03	2.894E+00	2.877E+00	2.882E+00	2.882E+00	2.882E+00	2.882E+00
2.160E+00	2.860E+00	7.911E-03	2.872E+00	2.856E+00	2.860E+00	2.861E+00	2.860E+00	2.860E+00
2.170E+00	2.839E+00	7.557E-03	2.850E+00	2.835E+00	2.839E+00	2.839E+00	2.839E+00	2.839E+00
2.180E+00	2.818E+00	7.202E-03	2.829E+00	2.814E+00	2.818E+00	2.818E+00	2.818E+00	2.818E+00
2.190E+00	2.797E+00	6.846E-03	2.807E+00	2.793E+00	2.796E+00	2.797E+00	2.797E+00	2.797E+00
2.200E+00	2.776E+00	6.488E-03	2.786E+00	2.773E+00	2.775E+00	2.776E+00	2.776E+00	2.776E+00
2.210E+00	2.755E+00	6.128E-03	2.764E+00	2.752E+00	2.754E+00	2.755E+00	2.755E+00	2.755E+00
2.220E+00	2.734E+00	5.768E-03	2.743E+00	2.732E+00	2.734E+00	2.734E+00	2.734E+00	2.734E+00
2.230E+00	2.713E+00	5.406E-03	2.722E+00	2.711E+00	2.713E+00	2.713E+00	2.713E+00	2.713E+00
2.240E+00	2.692E+00	5.044E-03	2.701E+00	2.691E+00	2.692E+00	2.692E+00	2.692E+00	2.692E+00
2.250E+00	2.672E+00	4.680E-03	2.680E+00	2.671E+00	2.671E+00	2.672E+00	2.671E+00	2.672E+00
2.260E+00	2.651E+00	4.316E-03	2.659E+00	2.650E+00	2.651E+00	2.651E+00	2.651E+00	2.651E+00
2.270E+00	2.630E+00	3.951E-03	2.638E+00	2.630E+00	2.630E+00	2.631E+00	2.630E+00	2.631E+00
2.280E+00	2.610E+00	3.586E-03	2.617E+00	2.610E+00	2.610E+00	2.610E+00	2.610E+00	2.610E+00
2.290E+00	2.590E+00	3.220E-03	2.597E+00	2.590E+00	2.590E+00	2.590E+00	2.590E+00	2.590E+00
2.300E+00	2.570E+00	2.854E-03	2.576E+00	2.570E+00	2.569E+00	2.570E+00	2.569E+00	2.570E+00
2.310E+00	2.549E+00	2.488E-03	2.556E+00	2.551E+00	2.549E+00	2.550E+00	2.549E+00	2.549E+00
2.320E+00	2.529E+00	2.123E-03	2.535E+00	2.531E+00	2.529E+00	2.530E+00	2.529E+00	2.529E+00
2.330E+00	2.509E+00	1.758E-03	2.515E+00	2.511E+00	2.509E+00	2.510E+00	2.509E+00	2.509E+00
2.340E+00	2.490E+00	1.395E-03	2.495E+00	2.492E+00	2.489E+00	2.490E+00	2.489E+00	2.490E+00
2.350E+00	2.470E+00	1.036E-03	2.475E+00	2.473E+00	2.469E+00	2.470E+00	2.470E+00	2.470E+00
2.360E+00	2.450E+00	6.858E-04	2.454E+00	2.453E+00	2.450E+00	2.450E+00	2.450E+00	2.450E+00
2.370E+00	2.430E+00	3.731E-04	2.435E+00	2.434E+00	2.430E+00	2.431E+00	2.430E+00	2.431E+00
2.380E+00	2.411E+00	2.808E-04	2.415E+00	2.415E+00	2.411E+00	2.411E+00	2.411E+00	2.411E+00
2.390E+00	2.392E+00	5.372E-04	2.395E+00	2.396E+00	2.391E+00	2.392E+00	2.391E+00	2.392E+00
2.400E+00	2.372E+00	8.762E-04	2.375E+00	2.377E+00	2.372E+00	2.372E+00	2.372E+00	2.372E+00
2.410E+00	2.353E+00	1.231E-03	2.356E+00	2.358E+00	2.353E+00	2.353E+00	2.353E+00	2.353E+00
2.420E+00	2.334E+00	1.590E-03	2.336E+00	2.339E+00	2.334E+00	2.334E+00	2.334E+00	2.334E+00
2.430E+00	2.315E+00	1.951E-03	2.317E+00	2.321E+00	2.314E+00	2.315E+00	2.315E+00	2.315E+00
2.440E+00	2.296E+00	2.313E-03	2.297E+00	2.302E+00	2.296E+00	2.296E+00	2.296E+00	2.296E+00
2.450E+00	2.277E+00	2.675E-03	2.278E+00	2.283E+00	2.277E+00	2.277E+00	2.277E+00	2.277E+00
2.460E+00	2.258E+00	3.036E-03	2.259E+00	2.265E+00	2.258E+00	2.258E+00	2.258E+00	2.258E+00
2.470E+00	2.239E+00	3.397E-03	2.240E+00	2.247E+00	2.239E+00	2.240E+00	2.239E+00	2.240E+00
2.480E+00	2.221E+00	3.757E-03	2.221E+00	2.228E+00	2.221E+00	2.221E+00	2.221E+00	2.221E+00
2.490E+00	2.202E+00	4.115E-03	2.202E+00	2.210E+00	2.202E+00	2.203E+00	2.202E+00	2.202E+00
2.500E+00	2.184E+00	4.473E-03	2.183E+00	2.192E+00	2.184E+00	2.184E+00	2.184E+00	2.184E+00
2.510E+00	2.166E+00	4.830E-03	2.165E+00	2.174E+00	2.165E+00	2.166E+00	2.166E+00	2.166E+00
2.520E+00	2.147E+00	5.185E-03	2.146E+00	2.156E+00	2.147E+00	2.148E+00	2.147E+00	2.148E+00
2.530E+00	2.129E+00	5.540E-03	2.128E+00	2.139E+00	2.129E+00	2.130E+00	2.129E+00	2.129E+00
2.540E+00	2.111E+00	5.892E-03	2.109E+00	2.121E+00	2.111E+00	2.112E+00	2.111E+00	2.111E+00
2.550E+00	2.093E+00	6.244E-03	2.091E+00	2.104E+00	2.093E+00	2.094E+00	2.093E+00	2.094E+00
2.560E+00	2.076E+00	6.593E-03	2.073E+00	2.086E+00	2.075E+00	2.076E+00	2.076E+00	2.076E+00
2.570E+00	2.058E+00	6.941E-03	2.055E+00	2.069E+00	2.058E+00	2.058E+00	2.058E+00	2.058E+00
2.580E+00	2.040E+00	7.288E-03	2.037E+00	2.051E+00	2.040E+00	2.040E+00	2.040E+00	2.040E+00
2.590E+00	2.023E+00	7.632E-03	2.019E+00	2.034E+00	2.022E+00	2.023E+00	2.023E+00	2.023E+00
2.600E+00	2.005E+00	7.975E-03	2.001E+00	2.017E+00	2.005E+00	2.006E+00	2.005E+00	2.005E+00
2.610E+00	1.988E+00	8.316E-03	1.983E+00	2.000E+00	1.988E+00	1.988E+00	1.988E+00	1.988E+00
2.620E+00	1.971E+00	8.655E-03	1.966E+00	1.983E+00	1.970E+00	1.971E+00	1.971E+00	1.971E+00
2.630E+00	1.954E+00	8.992E-03	1.948E+00	1.966E+00	1.953E+00	1.954E+00	1.953E+00	1.954E+00
2.640E+00	1.936E+00	9.327E-03	1.931E+00	1.950E+00	1.936E+00	1.937E+00	1.936E+00	1.937E+00
2.650E+00	1.919E+00	9.659E-03	1.914E+00	1.933E+00	1.919E+00	1.920E+00	1.919E+00	1.920E+00
2.660E+00	1.903E+00	9.990E-03	1.896E+00	1.916E+00	1.902E+00	1.903E+00	1.903E+00	1.903E+00
2.670E+00	1.886E+00	1.032E-02	1.879E+00	1.900E+00	1.886E+00	1.886E+00	1.886E+00	1.886E+00
2.680E+00	1.869E+00	1.064E-02	1.862E+00	1.884E+00	1.869E+00	1.869E+00	1.869E+00	1.869E+00
2.690E+00	1.853E+00	1.097E-02	1.846E+00	1.867E+00	1.852E+00	1.853E+00	1.853E+00	1.853E+00
2.700E+00	1.836E+00	1.129E-02	1.829E+00	1.851E+00	1.836E+00	1.836E+00	1.836E+00	1.836E+00
2.710E+00	1.820E+00	1.161E-02	1.812E+00	1.835E+00	1.820E+00	1.820E+00	1.820E+00	1.820E+00
2.720E+00	1.804E+00	1.193E-02	1.795E+00	1.819E+00	1.803E+00	1.804E+00	1.803E+00	1.804E+00
2.730E+00	1.787E+00	1.224E-02	1.779E+00	1.803E+00	1.787E+00	1.788E+00	1.787E+00	1.787E+00
2.740E+00	1.771E+00	1.255E-02	1.763E+00	1.788E+00	1.771E+00	1.772E+00	1.771E+00	1.771E+00
2.750E+00	1.755E+00	1.286E-02	1.746E+00	1.772E+00	1.755E+00	1.756E+00	1.755E+00	1.755E+00
2.760E+00	1.739E+00	1.317E-02	1.730E+00	1.756E+00	1.739E+00	1.740E+00	1.739E+00	1.739E+00
2.770E+00	1.724E+00	1.347E-02	1.714E+00	1.741E+00	1.723E+00	1.724E+00	1.724E+00	1.724E+00
2.780E+00	1.708E+00	1.377E-02	1.698E+00	1.725E+00	1.708E+00	1.708E+00	1.708E+00	1.708E+00
2.790E+00	1.692E+00	1.407E-02	1.682E+00	1.710E+00	1.692E+00	1.693E+00	1.692E+00	1.692E+00
2.800E+00	1.677E+00	1.436E-02	1.666E+00	1.695E+00	1.677E+00	1.677E+00	1.677E+00	1.677E+00
2.810E+00	1.661E+00	1.466E-02	1.651E+00	1.680E+00	1.661E+00	1.662E+00	1.661E+00	1.662E+00
2.820E+00	1.646E+00	1.495E-02	1.635E+00	1.665E+00	1.646E+00	1.646E+00	1.646E+00	1.646E+00
2.830E+00	1.631E+00	1.523E-02	1.619E+00	1.650E+00	1.631E+00	1.631E+00	1.631E+00	1.631E+00
2.840E+00	1.616E+00	1.552E-02	1.604E+00	1.635E+00	1.616E+00	1.616E+00	1.616E+00	1.616E+00
2.850E+00	1.601E+00	1.580E-02	1.589E+00	1.620E+00	1.601E+00	1.601E+00	1.601E+00	1.601E+00
2.860E+00	1.586E+00	1.608E-02	1.574E+00	1.606E+00	1.586E+00	1.586E+00	1.586E+00	1.586E+00
2.870E+00	1.571E+00	1.635E-02	1.559E+00	1.591E+00	1.571E+00	1.571E+00	1.571E+00	1.571E+00
2.880E+00	1.556E+00	1.662E-02	1.544E+00	1.577E+00	1.556E+00	1.557E+00	1.556E+00	1.557E+00
2.890E+00	1.542E+00	1.689E-02	1.529E+00	1.562E+00	1.542E+00	1.542E+00	1.542E+00	1.542E+00
2.900E+00	1.527E+00	1.716E-02	1.514E+00	1.548E+00	1.527E+00	1.528E+00	1.527E+00	1.527E+00
2.910E+00	1.513E+00	1.742E-02	1.499E+00	1.534E+00	1.513E+00	1.513E+00	1.513E+00	1.513E+00
2.920E+00	1.499E+00	1.768E-02	1.485E+00	1.520E+00	1.498E+00	1.499E+00	1.498E+00	1.499E+00
2.930E+00	1.484E+00	1.793E-02	1.470E+00	1.506E+00	1.484E+00	1.485E+00	1.484E+00	1.484E+00
2.940E+00	1.470E+00	1.819E-02	1.456E+00	1.492E+00	1.470E+00	1.470E+00	1.470E+00	1.470E+00
2.950E+00	1.456E+00	1.844E-02	1.441E+00	1.478E+00	1.456E+00	1.456E+00	1.456E+00	1.456E+00
2.960E+00	1.442E+00	1.868E-02	1.427E+00	1.465E+00	1.442E+00	1.442E+00	1.442E+00	1.442E+00
2.970E+00	1.428E+00	1.893E-02	1.413E+00	1.451E+00	1.428E+00	1.429E+00	1.428E+00	1.428E+00
2.980E+00	1.415E+00	1.917E-02	1.399E+00	1.437E+00	1.414E+00	1.415E+00	1.415E+00	1.415E+00
2.990E+00	1.401E+00	1.940E-02	1.385E+00	1.424E+00	1.401E+00	1.401E+00	1.401E+00	1.401E+00
3.000E+00	1.387E+00	1.964E-02	1.371E+00	1.411E+00	1.387E+00	1.388E+00	1.387E+00	1.387E+00
