1.000E-02	6.494E+00	1.580E-02	6.478E+00	6.509E+00	6.494E+00	6.493E+00	6.494E+00	6.494E+00
2.000E-02	6.492E+00	1.571E-02	6.477E+00	6.508E+00	6.493E+00	6.492E+00	6.492E+00	6.492E+00
3.000E-02	6.490E+00	1.559E-02	6.475E+00	6.506E+00	6.491E+00	6.490E+00	6.490E+00	6.490E+00
4.000E-02	6.488E+00	1.545E-02	6.472E+00	6.503E+00	6.488E+00	6.487E+00	6.488E+00	6.488E+00
5.000E-02	6.485E+00	1.530E-02	6.469E+00	6.500E+00	6.485E+00	6.484E+00	6.485E+00	6.485E+00
6.000E-02	6.481E+00	1.513E-02	6.466E+00	6.496E+00	6.482E+00	6.481E+00	6.481E+00	6.481E+00
7.000E-02	6.477E+00	1.495E-02	6.462E+00	6.492E+00	6.478E+00	6.477E+00	6.477E+00	6.477E+00
8.000E-02	6.473E+00	1.475E-02	6.458E+00	6.488E+00	6.473E+00	6.472E+00	6.473E+00	6.473E+00
9.000E-02	6.468E+00	1.455E-02	6.453E+00	6.483E+00	6.469E+00	6.468E+00	6.468E+00	6.468E+00
1.000E-01	6.463E+00	1.434E-02	6.448E+00	6.477E+00	6.463E+00	6.462E+00	6.463E+00	6.463E+00
1.100E-01	6.457E+00	1.413E-02	6.443E+00	6.471E+00	6.458E+00	6.457E+00	6.457E+00	6.457E+00
1.200E-01	6.451E+00	1.390E-02	6.437E+00	6.465E+00	6.452E+00	6.451E+00	6.451E+00	6.451E+00
1.300E-01	6.445E+00	1.368E-02	6.431E+00	6.459E+00	6.446E+00	6.445E+00	6.445E+00	6.445E+00
1.400E-01	6.438E+00	1.344E-02	6.425E+00	6.452E+00	6.439E+00	6.438E+00	6.438E+00	6.438E+00
1.500E-01	6.431E+00	1.320E-02	6.418E+00	6.445E+00	6.432E+00	6.431E+00	6.431E+00	6.431E+00
1.600E-01	6.424E+00	1.296E-02	6.411E+00	6.437E+00	6.425E+00	6.424E+00	6.424E+00	6.424E+00
1.700E-01	6.416E+00	1.271E-02	6.404E+00	6.429E+00	6.417E+00	6.416E+00	6.416E+00	6.416E+00
1.800E-01	6.408E+00	1.246E-02	6.396E+00	6.421E+00	6.409E+00	6.408E+00	6.408E+00	6.408E+00
1.900E-01	6.400E+00	1.221E-02	6.388E+00	6.412E+00	6.401E+00	6.400E+00	6.400E+00	6.400E+00
2.000E-01	6.391E+00	1.195E-02	6.379E+00	6.403E+00	6.392E+00	6.391E+00	6.391E+00	6.392E+00
2.100E-01	6.383E+00	1.170E-02	6.371E+00	6.394E+00	6.383E+00	6.382E+00	6.383E+00	6.383E+00
2.200E-01	6.373E+00	1.144E-02	6.362E+00	6.385E+00	6.374E+00	6.373E+00	6.373E+00	6.373E+00
2.300E-01	6.364E+00	1.117E-02	6.353E+00	6.375E+00	6.364E+00	6.363E+00	6.364E+00	6.364E+00
2.400E-01	6.354E+00	1.091E-02	6.343E+00	6.365E+00	6.355E+00	6.354E+00	6.354E+00	6.354E+00
2.500E-01	6.344E+00	1.065E-02	6.333E+00	6.355E+00	6.344E+00	6.343E+00	6.344E+00	6.344E+00
2.600E-01	6.334E+00	1.038E-02	6.323E+00	6.344E+00	6.334E+00	6.333E+00	6.334E+00	6.334E+00
2.700E-01	6.323E+00	1.012E-02	6.313E+00	6.333E+00	6.323E+00	6.323E+00	6.323E+00	6.323E+00
2.800E-01	6.312E+00	9.850E-03	6.302E+00	6.322E+00	6.313E+00	6.312E+00	6.312E+00	6.312E+00
2.900E-01	6.301E+00	9.583E-03	6.291E+00	6.310E+00	6.301E+00	6.300E+00	6.301E+00	6.301E+00
3.000E-01	6.290E+00	9.316E-03	6.280E+00	6.299E+00	6.290E+00	6.289E+00	6.289E+00	6.290E+00
3.100E-01	6.278E+00	9.050E-03	6.269E+00	6.287E+00	6.278E+00	6.277E+00	6.278E+00	6.278E+00
3.200E-01	6.266E+00	8.784E-03	6.257E+00	6.275E+00	6.266E+00	6.265E+00	6.266E+00	6.266E+00
3.300E-01	6.254E+00	8.518E-03	6.245E+00	6.262E+00	6.254E+00	6.253E+00	6.254E+00	6.254E+00
3.400E-01	6.241E+00	8.253E-03	6.233E+00	6.249E+00	6.242E+00	6.241E+00	6.241E+00	6.241E+00
3.500E-01	6.229E+00	7.988E-03	6.221E+00	6.237E+00	6.229E+00	6.228E+00	6.229E+00	6.229E+00
3.600E-01	6.216E+00	7.724E-03	6.208E+00	6.223E+00	6.216E+00	6.215E+00	6.216E+00	6.216E+00
3.700E-01	6.203E+00	7.462E-03	6.195E+00	6.210E+00	6.203E+00	6.202E+00	6.203E+00	6.203E+00
3.800E-01	6.189E+00	7.200E-03	6.182E+00	6.196E+00	6.190E+00	6.189E+00	6.189E+00	6.189E+00
3.900E-01	6.176E+00	6.940E-03	6.169E+00	6.183E+00	6.176E+00	6.175E+00	6.176E+00	6.176E+00
4.000E-01	6.162E+00	6.681E-03	6.155E+00	6.168E+00	6.162E+00	6.161E+00	6.162E+00	6.162E+00
4.100E-01	6.148E+00	6.424E-03	6.141E+00	6.154E+00	6.148E+00	6.147E+00	6.148E+00	6.148E+00
4.200E-01	6.134E+00	6.168E-03	6.127E+00	6.140E+00	6.134E+00	6.133E+00	6.134E+00	6.134E+00
4.300E-01	6.119E+00	5.914E-03	6.113E+00	6.125E+00	6.120E+00	6.119E+00	6.119E+00	6.119E+00
4.400E-01	6.105E+00	5.662E-03	6.099E+00	6.110E+00	6.105E+00	6.104E+00	6.104E+00	6.105E+00
4.500E-01	6.090E+00	5.412E-03	6.084E+00	6.095E+00	6.090E+00	6.089E+00	6.090E+00	6.090E+00
4.600E-01	6.075E+00	5.164E-03	6.069E+00	6.080E+00	6.075E+00	6.074E+00	6.075E+00	6.075E+00
4.700E-01	6.059E+00	4.918E-03	6.054E+00	6.064E+00	6.060E+00	6.059E+00	6.059E+00	6.059E+00
4.800E-01	6.044E+00	4.674E-03	6.039E+00	6.048E+00	6.044E+00	6.043E+00	6.044E+00	6.044E+00
4.900E-01	6.028E+00	4.433E-03	6.024E+00	6.032E+00	6.029E+00	6.028E+00	6.028E+00	6.028E+00
5.000E-01	6.012E+00	4.194E-03	6.008E+00	6.016E+00	6.013E+00	6.012E+00	6.012E+00	6.012E+00
5.100E-01	5.996E+00	3.957E-03	5.992E+00	6.000E+00	5.997E+00	5.996E+00	5.996E+00	5.996E+00
5.200E-01	5.980E+00	3.723E-03	5.976E+00	5.984E+00	5.980E+00	5.980E+00	5.980E+00	5.980E+00
5.300E-01	5.964E+00	3.491E-03	5.960E+00	5.967E+00	5.964E+00	5.963E+00	5.964E+00	5.964E+00
5.400E-01	5.947E+00	3.263E-03	5.944E+00	5.950E+00	5.947E+00	5.947E+00	5.947E+00	5.947E+00
5.500E-01	5.930E+00	3.037E-03	5.927E+00	5.933E+00	5.931E+00	5.930E+00	5.930E+00	5.930E+00
5.600E-01	5.913E+00	2.814E-03	5.910E+00	5.916E+00	5.914E+00	5.913E+00	5.913E+00	5.913E+00
5.700E-01	5.896E+00	2.594E-03	5.894E+00	5.899E+00	5.897E+00	5.896E+00	5.896E+00	5.896E+00
5.800E-01	5.879E+00	2.378E-03	5.877E+00	5.881E+00	5.879E+00	5.879E+00	5.879E+00	5.879E+00
5.900E-01	5.862E+00	2.164E-03	5.859E+00	5.864E+00	5.862E+00	5.861E+00	5.861E+00	5.862E+00
6.000E-01	5.844E+00	1.954E-03	5.842E+00	5.846E+00	5.844E+00	5.844E+00	5.844E+00	5.844E+00
6.100E-01	5.826E+00	1.748E-03	5.824E+00	5.828E+00	5.827E+00	5.826E+00	5.826E+00	5.826E+00
6.200E-01	5.808E+00	1.546E-03	5.807E+00	5.810E+00	5.809E+00	5.808E+00	5.808E+00	5.808E+00
6.300E-01	5.790E+00	1.349E-03	5.789E+00	5.791E+00	5.791E+00	5.790E+00	5.790E+00	5.790E+00
6.400E-01	5.772E+00	1.157E-03	5.771E+00	5.773E+00	5.772E+00	5.772E+00	5.772E+00	5.772E+00
6.500E-01	5.754E+00	9.713E-04	5.753E+00	5.754E+00	5.754E+00	5.753E+00	5.754E+00	5.754E+00
6.600E-01	5.735E+00	7.947E-04	5.734E+00	5.736E+00	5.736E+00	5.735E+00	5.735E+00	5.735E+00
6.700E-01	5.717E+00	6.316E-04	5.716E+00	5.717E+00	5.717E+00	5.716E+00	5.716E+00	5.717E+00
6.800E-01	5.698E+00	4.920E-04	5.697E+00	5.698E+00	5.698E+00	5.697E+00	5.698E+00	5.698E+00
6.900E-01	5.679E+00	3.965E-04	5.679E+00	5.679E+00	5.679E+00	5.678E+00	5.679E+00	5.679E+00
7.000E-01	5.660E+00	3.752E-04	5.660E+00	5.660E+00	5.660E+00	5.659E+00	5.660E+00	5.660E+00
7.100E-01	5.641E+00	4.350E-04	5.641E+00	5.640E+00	5.641E+00	5.640E+00	5.640E+00	5.641E+00
7.200E-01	5.621E+00	5.467E-04	5.622E+00	5.621E+00	5.622E+00	5.621E+00	5.621E+00	5.621E+00
7.300E-01	5.602E+00	6.830E-04	5.602E+00	5.601E+00	5.602E+00	5.601E+00	5.602E+00	5.602E+00
7.400E-01	5.582E+00	8.296E-04	5.583E+00	5.581E+00	5.583E+00	5.582E+00	5.582E+00	5.582E+00
7.500E-01	5.563E+00	9.803E-04	5.563E+00	5.562E+00	5.563E+00	5.562E+00	5.562E+00	5.563E+00
7.600E-01	5.543E+00	1.132E-03	5.544E+00	5.542E+00	5.543E+00	5.542E+00	5.543E+00	5.543E+00
7.700E-01	5.523E+00	1.283E-03	5.524E+00	5.521E+00	5.523E+00	5.522E+00	5.523E+00	5.523E+00
7.800E-01	5.503E+00	1.432E-03	5.504E+00	5.501E+00	5.503E+00	5.502E+00	5.503E+00	5.503E+00
7.900E-01	5.483E+00	1.579E-03	5.484E+00	5.481E+00	5.483E+00	5.482E+00	5.482E+00	5.483E+00
8.000E-01	5.462E+00	1.724E-03	5.464E+00	5.461E+00	5.463E+00	5.462E+00	5.462E+00	5.462E+00
8.100E-01	5.442E+00	1.865E-03	5.444E+00	5.440E+00	5.442E+00	5.442E+00	5.442E+00	5.442E+00
8.200E-01	5.421E+00	2.004E-03	5.423E+00	5.419E+00	5.422E+00	5.421E+00	5.421E+00	5.422E+00
8.300E-01	5.401E+00	2.140E-03	5.403E+00	5.399E+00	5.401E+00	5.401E+00	5.401E+00	5.401E+00
8.400E-01	5.380E+00	2.273E-03	5.382E+00	5.378E+00	5.380E+00	5.380E+00	5.380E+00	5.380E+00
8.500E-01	5.359E+00	2.402E-03	5.362E+00	5.357E+00	5.360E+00	5.359E+00	5.359E+00	5.359E+00
8.600E-01	5.339E+00	2.528E-03	5.341E+00	5.336E+00	5.339E+00	5.338E+00	5.338E+00	5.339E+00
8.700E-01	5.318E+00	2.651E-03	5.320E+00	5.315E+00	5.318E+00	5.317E+00	5.317E+00	5.318E+00
8.800E-01	5.296E+00	2.771E-03	5.299E+00	5.294E+00	5.297E+00	5.296E+00	5.296E+00	5.297E+00
8.900E-01	5.275E+00	2.887E-03	5.278E+00	5.272E+00	5.276E+00	5.275E+00	5.275E+00	5.275E+00
9.000E-01	5.254E+00	3.000E-03	5.257E+00	5.251E+00	5.254E+00	5.254E+00	5.254E+00	5.254E+00
9.100E-01	5.233E+00	3.109E-03	5.236E+00	5.230E+00	5.233E+00	5.233E+00	5.233E+00	5.233E+00
9.200E-01	5.211E+00	3.215E-03	5.215E+00	5.208E+00	5.212E+00	5.211E+00	5.211E+00	5.211E+00
9.300E-01	5.190E+00	3.318E-03	5.193E+00	5.187E+00	5.190E+00	5.190E+00	5.190E+00	5.190E+00
9.400E-01	5.168E+00	3.417E-03	5.172E+00	5.165E+00	5.169E+00	5.168E+00	5.168E+00	5.168E+00
9.500E-01	5.147E+00	3.513E-03	5.150E+00	5.143E+00	5.147E+00	5.146E+00	5.147E+00	5.147E+00
9.600E-01	5.125E+00	3.606E-03	5.129E+00	5.121E+00	5.125E+00	5.125E+00	5.125E+00	5.125E+00
9.700E-01	5.103E+00	3.695E-03	5.107E+00	5.100E+00	5.103E+00	5.103E+00	5.103E+00	5.103E+00
9.800E-01	5.081E+00	3.781E-03	5.085E+00	5.078E+00	5.082E+00	5.081E+00	5.081E+00	5.081E+00
9.900E-01	5.059E+00	3.863E-03	5.063E+00	5.056E+00	5.060E+00	5.059E+00	5.059E+00	5.060E+00
1.000E+00	5.038E+00	3.943E-03	5.041E+00	5.034E+00	5.038E+00	5.037E+00	5.037E+00	5.038E+00
1.010E+00	5.015E+00	4.018E-03	5.019E+00	5.011E+00	5.016E+00	5.015E+00	5.015E+00	5.016E+00
1.020E+00	4.993E+00	4.091E-03	4.997E+00	4.989E+00	4.994E+00	4.993E+00	4.993E+00	4.993E+00
1.030E+00	4.971E+00	4.160E-03	4.975E+00	4.967E+00	4.971E+00	4.971E+00	4.971E+00	4.971E+00
1.040E+00	4.949E+00	4.226E-03	4.953E+00	4.945E+00	4.949E+00	4.949E+00	4.949E+00	4.949E+00
1.050E+00	4.927E+00	4.289E-03	4.931E+00	4.922E+00	4.927E+00	4.927E+00	4.927E+00	4.927E+00
1.060E+00	4.904E+00	4.348E-03	4.909E+00	4.900E+00	4.905E+00	4.904E+00	4.904E+00	4.905E+00
1.070E+00	4.882E+00	4.404E-03	4.886E+00	4.878E+00	4.882E+00	4.882E+00	4.882E+00	4.882E+00
1.080E+00	4.860E+00	4.457E-03	4.864E+00	4.855E+00	4.860E+00	4.859E+00	4.860E+00	4.860E+00
1.090E+00	4.837E+00	4.507E-03	4.842E+00	4.833E+00	4.837E+00	4.837E+00	4.837E+00	4.837E+00
1.100E+00	4.815E+00	4.554E-03	4.819E+00	4.810E+00	4.815E+00	4.814E+00	4.815E+00	4.815E+00
1.110E+00	4.792E+00	4.597E-03	4.797E+00	4.788E+00	4.792E+00	4.792E+00	4.792E+00	4.792E+00
1.120E+00	4.770E+00	4.637E-03	4.774E+00	4.765E+00	4.770E+00	4.769E+00	4.769E+00	4.770E+00
1.130E+00	4.747E+00	4.674E-03	4.752E+00	4.742E+00	4.747E+00	4.747E+00	4.747E+00	4.747E+00
1.140E+00	4.724E+00	4.708E-03	4.729E+00	4.720E+00	4.724E+00	4.724E+00	4.724E+00	4.724E+00
1.150E+00	4.702E+00	4.739E-03	4.706E+00	4.697E+00	4.702E+00	4.701E+00	4.701E+00	4.702E+00
1.160E+00	4.679E+00	4.767E-03	4.684E+00	4.674E+00	4.679E+00	4.679E+00	4.679E+00	4.679E+00
1.170E+00	4.656E+00	4.792E-03	4.661E+00	4.651E+00	4.656E+00	4.656E+00	4.656E+00	4.656E+00
1.180E+00	4.633E+00	4.814E-03	4.638E+00	4.628E+00	4.633E+00	4.633E+00	4.633E+00	4.633E+00
1.190E+00	4.610E+00	4.833E-03	4.615E+00	4.606E+00	4.611E+00	4.610E+00	4.610E+00	4.611E+00
1.200E+00	4.588E+00	4.849E-03	4.592E+00	4.583E+00	4.588E+00	4.587E+00	4.587E+00	4.588E+00
1.210E+00	4.565E+00	4.862E-03	4.570E+00	4.560E+00	4.565E+00	4.565E+00	4.565E+00	4.565E+00
1.220E+00	4.542E+00	4.873E-03	4.547E+00	4.537E+00	4.542E+00	4.542E+00	4.542E+00	4.542E+00
1.230E+00	4.519E+00	4.880E-03	4.524E+00	4.514E+00	4.519E+00	4.519E+00	4.519E+00	4.519E+00
1.240E+00	4.496E+00	4.885E-03	4.501E+00	4.491E+00	4.496E+00	4.496E+00	4.496E+00	4.496E+00
1.250E+00	4.473E+00	4.887E-03	4.478E+00	4.468E+00	4.473E+00	4.473E+00	4.473E+00	4.473E+00
1.260E+00	4.450E+00	4.886E-03	4.455E+00	4.445E+00	4.450E+00	4.450E+00	4.450E+00	4.450E+00
1.270E+00	4.427E+00	4.882E-03	4.432E+00	4.422E+00	4.427E+00	4.427E+00	4.427E+00	4.427E+00
1.280E+00	4.404E+00	4.875E-03	4.409E+00	4.399E+00	4.404E+00	4.404E+00	4.404E+00	4.404E+00
1.290E+00	4.381E+00	4.866E-03	4.386E+00	4.376E+00	4.381E+00	4.381E+00	4.381E+00	4.381E+00
1.300E+00	4.358E+00	4.855E-03	4.363E+00	4.353E+00	4.358E+00	4.358E+00	4.358E+00	4.358E+00
1.310E+00	4.335E+00	4.840E-03	4.340E+00	4.330E+00	4.335E+00	4.335E+00	4.335E+00	4.335E+00
1.320E+00	4.312E+00	4.823E-03	4.317E+00	4.307E+00	4.312E+00	4.312E+00	4.312E+00	4.312E+00
1.330E+00	4.289E+00	4.804E-03	4.294E+00	4.284E+00	4.289E+00	4.289E+00	4.289E+00	4.289E+00
1.340E+00	4.266E+00	4.782E-03	4.271E+00	4.261E+00	4.266E+00	4.266E+00	4.266E+00	4.266E+00
1.350E+00	4.243E+00	4.758E-03	4.248E+00	4.238E+00	4.243E+00	4.243E+00	4.243E+00	4.243E+00
1.360E+00	4.220E+00	4.731E-03	4.225E+00	4.215E+00	4.220E+00	4.220E+00	4.220E+00	4.220E+00
1.370E+00	4.197E+00	4.701E-03	4.202E+00	4.193E+00	4.197E+00	4.197E+00	4.197E+00	4.197E+00
1.380E+00	4.174E+00	4.670E-03	4.179E+00	4.170E+00	4.174E+00	4.174E+00	4.174E+00	4.174E+00
1.390E+00	4.151E+00	4.636E-03	4.156E+00	4.147E+00	4.151E+00	4.151E+00	4.151E+00	4.151E+00
1.400E+00	4.128E+00	4.599E-03	4.133E+00	4.124E+00	4.128E+00	4.128E+00	4.128E+00	4.128E+00
1.410E+00	4.105E+00	4.561E-03	4.110E+00	4.101E+00	4.105E+00	4.105E+00	4.105E+00	4.105E+00
1.420E+00	4.082E+00	4.520E-03	4.087E+00	4.078E+00	4.082E+00	4.082E+00	4.082E+00	4.082E+00
1.430E+00	4.059E+00	4.477E-03	4.064E+00	4.055E+00	4.059E+00	4.059E+00	4.059E+00	4.059E+00
1.440E+00	4.036E+00	4.432E-03	4.041E+00	4.032E+00	4.036E+00	4.036E+00	4.036E+00	4.036E+00
1.450E+00	4.013E+00	4.384E-03	4.018E+00	4.009E+00	4.013E+00	4.013E+00	4.013E+00	4.014E+00
1.460E+00	3.991E+00	4.335E-03	3.995E+00	3.986E+00	3.991E+00	3.990E+00	3.990E+00	3.991E+00
1.470E+00	3.968E+00	4.283E-03	3.972E+00	3.963E+00	3.968E+00	3.968E+00	3.967E+00	3.968E+00
1.480E+00	3.945E+00	4.230E-03	3.949E+00	3.941E+00	3.945E+00	3.945E+00	3.945E+00	3.945E+00
1.490E+00	3.922E+00	4.174E-03	3.926E+00	3.918E+00	3.922E+00	3.922E+00	3.922E+00	3.922E+00
1.500E+00	3.899E+00	4.117E-03	3.903E+00	3.895E+00	3.899E+00	3.899E+00	3.899E+00	3.899E+00
1.510E+00	3.876E+00	4.057E-03	3.880E+00	3.872E+00	3.876E+00	3.876E+00	3.876E+00	3.876E+00
1.520E+00	3.854E+00	3.996E-03	3.858E+00	3.850E+00	3.854E+00	3.853E+00	3.853E+00	3.854E+00
1.530E+00	3.831E+00	3.933E-03	3.835E+00	3.827E+00	3.831E+00	3.831E+00	3.831E+00	3.831E+00
1.540E+00	3.808E+00	3.868E-03	3.812E+00	3.804E+00	3.808E+00	3.808E+00	3.808E+00	3.808E+00
1.550E+00	3.785E+00	3.801E-03	3.789E+00	3.782E+00	3.785E+00	3.785E+00	3.785E+00	3.786E+00
1.560E+00	3.763E+00	3.733E-03	3.767E+00	3.759E+00	3.763E+00	3.763E+00	3.763E+00	3.763E+00
1.570E+00	3.740E+00	3.663E-03	3.744E+00	3.737E+00	3.740E+00	3.740E+00	3.740E+00	3.740E+00
1.580E+00	3.718E+00	3.591E-03	3.721E+00	3.714E+00	3.718E+00	3.717E+00	3.717E+00	3.718E+00
1.590E+00	3.695E+00	3.518E-03	3.699E+00	3.692E+00	3.695E+00	3.695E+00	3.695E+00	3.695E+00
1.600E+00	3.672E+00	3.443E-03	3.676E+00	3.669E+00	3.672E+00	3.672E+00	3.672E+00	3.673E+00
1.610E+00	3.650E+00	3.366E-03	3.653E+00	3.647E+00	3.650E+00	3.650E+00	3.650E+00	3.650E+00
1.620E+00	3.627E+00	3.288E-03	3.631E+00	3.624E+00	3.627E+00	3.627E+00	3.627E+00	3.628E+00
1.630E+00	3.605E+00	3.208E-03	3.608E+00	3.602E+00	3.605E+00	3.605E+00	3.605E+00	3.605E+00
1.640E+00	3.583E+00	3.127E-03	3.586E+00	3.580E+00	3.583E+00	3.583E+00	3.583E+00	3.583E+00
1.650E+00	3.560E+00	3.045E-03	3.564E+00	3.557E+00	3.560E+00	3.560E+00	3.560E+00	3.561E+00
1.660E+00	3.538E+00	2.961E-03	3.541E+00	3.535E+00	3.538E+00	3.538E+00	3.538E+00	3.538E+00
1.670E+00	3.516E+00	2.876E-03	3.519E+00	3.513E+00	3.516E+00	3.516E+00	3.516E+00	3.516E+00
1.680E+00	3.494E+00	2.790E-03	3.497E+00	3.491E+00	3.494E+00	3.494E+00	3.494E+00	3.494E+00
1.690E+00	3.471E+00	2.702E-03	3.474E+00	3.469E+00	3.471E+00	3.472E+00	3.471E+00	3.472E+00
1.700E+00	3.449E+00	2.613E-03	3.452E+00	3.447E+00	3.449E+00	3.449E+00	3.449E+00	3.450E+00
1.710E+00	3.427E+00	2.523E-03	3.430E+00	3.425E+00	3.427E+00	3.427E+00	3.427E+00	3.427E+00
1.720E+00	3.405E+00	2.432E-03	3.408E+00	3.403E+00	3.405E+00	3.405E+00	3.405E+00	3.405E+00
1.730E+00	3.383E+00	2.339E-03	3.386E+00	3.381E+00	3.383E+00	3.383E+00	3.383E+00	3.384E+00
1.740E+00	3.361E+00	2.246E-03	3.364E+00	3.359E+00	3.361E+00	3.362E+00	3.361E+00	3.362E+00
1.750E+00	3.340E+00	2.151E-03	3.342E+00	3.338E+00	3.340E+00	3.340E+00	3.339E+00	3.340E+00
1.760E+00	3.318E+00	2.056E-03	3.320E+00	3.316E+00	3.318E+00	3.318E+00	3.318E+00	3.318E+00
1.770E+00	3.296E+00	1.959E-03	3.298E+00	3.294E+00	3.296E+00	3.296E+00	3.296E+00	3.296E+00
1.780E+00	3.274E+00	1.862E-03	3.276E+00	3.273E+00	3.274E+00	3.274E+00	3.274E+00	3.275E+00
1.790E+00	3.253E+00	1.764E-03	3.255E+00	3.251E+00	3.253E+00	3.253E+00	3.253E+00	3.253E+00
1.800E+00	3.231E+00	1.665E-03	3.233E+00	3.230E+00	3.231E+00	3.231E+00	3.231E+00	3.231E+00
1.810E+00	3.210E+00	1.565E-03	3.211E+00	3.208E+00	3.210E+00	3.210E+00	3.209E+00	3.210E+00
1.820E+00	3.188E+00	1.464E-03	3.190E+00	3.187E+00	3.188E+00	3.188E+00	3.188E+00	3.188E+00
1.830E+00	3.167E+00	1.363E-03	3.168E+00	3.166E+00	3.167E+00	3.167E+00	3.167E+00	3.167E+00
1.840E+00	3.145E+00	1.261E-03	3.147E+00	3.144E+00	3.145E+00	3.145E+00	3.145E+00	3.146E+00
1.850E+00	3.124E+00	1.159E-03	3.125E+00	3.123E+00	3.124E+00	3.124E+00	3.124E+00	3.124E+00
1.860E+00	3.103E+00	1.056E-03	3.104E+00	3.102E+00	3.103E+00	3.103E+00	3.103E+00	3.103E+00
1.870E+00	3.082E+00	9.527E-04	3.083E+00	3.081E+00	3.082E+00	3.082E+00	3.082E+00	3.082E+00
1.880E+00	3.061E+00	8.493E-04	3.062E+00	3.060E+00	3.061E+00	3.061E+00	3.060E+00	3.061E+00
1.890E+00	3.040E+00	7.459E-04	3.040E+00	3.039E+00	3.040E+00	3.040E+00	3.039E+00	3.040E+00
1.900E+00	3.019E+00	6.430E-04	3.019E+00	3.018E+00	3.019E+00	3.019E+00	3.018E+00	3.019E+00
1.910E+00	2.998E+00	5.409E-04	2.998E+00	2.997E+00	2.998E+00	2.998E+00	2.998E+00	2.998E+00
1.920E+00	2.977E+00	4.409E-04	2.977E+00	2.977E+00	2.977E+00	2.977E+00	2.977E+00	2.977E+00
1.930E+00	2.956E+00	3.452E-04	2.957E+00	2.956E+00	2.956E+00	2.956E+00	2.956E+00	2.956E+00
1.940E+00	2.935E+00	2.591E-04	2.936E+00	2.935E+00	2.935E+00	2.936E+00	2.935E+00	2.936E+00
1.950E+00	2.915E+00	1.968E-04	2.915E+00	2.915E+00	2.915E+00	2.915E+00	2.915E+00	2.915E+00
1.960E+00	2.894E+00	1.848E-04	2.894E+00	2.894E+00	2.894E+00	2.894E+00	2.894E+00	2.894E+00
1.970E+00	2.874E+00	2.316E-04	2.874E+00	2.874E+00	2.874E+00	2.874E+00	2.874E+00	2.874E+00
1.980E+00	2.853E+00	3.121E-04	2.853E+00	2.854E+00	2.853E+00	2.853E+00	2.853E+00	2.853E+00
1.990E+00	2.833E+00	4.070E-04	2.833E+00	2.834E+00	2.833E+00	2.833E+00	2.833E+00	2.833E+00
2.000E+00	2.813E+00	5.085E-04	2.812E+00	2.813E+00	2.813E+00	2.813E+00	2.813E+00	2.813E+00
2.010E+00	2.792E+00	6.134E-04	2.792E+00	2.793E+00	2.792E+00	2.793E+00	2.792E+00	2.793E+00
2.020E+00	2.772E+00	7.203E-04	2.772E+00	2.773E+00	2.772E+00	2.772E+00	2.772E+00	2.773E+00
2.030E+00	2.752E+00	8.285E-04	2.752E+00	2.753E+00	2.752E+00	2.752E+00	2.752E+00	2.752E+00
2.040E+00	2.732E+00	9.376E-04	2.732E+00	2.733E+00	2.732E+00	2.732E+00	2.732E+00	2.732E+00
2.050E+00	2.712E+00	1.047E-03	2.712E+00	2.714E+00	2.712E+00	2.713E+00	2.712E+00	2.713E+00
2.060E+00	2.693E+00	1.157E-03	2.692E+00	2.694E+00	2.692E+00	2.693E+00	2.692E+00	2.693E+00
2.070E+00	2.673E+00	1.268E-03	2.672E+00	2.674E+00	2.673E+00	2.673E+00	2.673E+00	2.673E+00
2.080E+00	2.653E+00	1.379E-03	2.652E+00	2.655E+00	2.653E+00	2.653E+00	2.653E+00	2.653E+00
2.090E+00	2.634E+00	1.490E-03	2.632E+00	2.635E+00	2.633E+00	2.634E+00	2.633E+00	2.634E+00
2.100E+00	2.614E+00	1.601E-03	2.613E+00	2.616E+00	2.614E+00	2.614E+00	2.614E+00	2.614E+00
2.110E+00	2.595E+00	1.712E-03	2.593E+00	2.596E+00	2.594E+00	2.595E+00	2.594E+00	2.595E+00
2.120E+00	2.575E+00	1.823E-03	2.574E+00	2.577E+00	2.575E+00	2.575E+00	2.575E+00	2.575E+00
2.130E+00	2.556E+00	1.934E-03	2.554E+00	2.558E+00	2.556E+00	2.556E+00	2.556E+00	2.556E+00
2.140E+00	2.537E+00	2.045E-03	2.535E+00	2.539E+00	2.537E+00	2.537E+00	2.537E+00	2.537E+00
2.150E+00	2.518E+00	2.156E-03	2.516E+00	2.520E+00	2.517E+00	2.518E+00	2.517E+00	2.518E+00
2.160E+00	2.499E+00	2.267E-03	2.496E+00	2.501E+00	2.498E+00	2.499E+00	2.498E+00	2.499E+00
2.170E+00	2.480E+00	2.377E-03	2.477E+00	2.482E+00	2.479E+00	2.480E+00	2.479E+00	2.480E+00
2.180E+00	2.461E+00	2.488E-03	2.458E+00	2.463E+00	2.461E+00	2.461E+00	2.461E+00	2.461E+00
2.190E+00	2.442E+00	2.598E-03	2.439E+00	2.445E+00	2.442E+00	2.442E+00	2.442E+00	2.442E+00
2.200E+00	2.423E+00	2.708E-03	2.421E+00	2.426E+00	2.423E+00	2.423E+00	2.423E+00	2.423E+00
2.210E+00	2.405E+00	2.818E-03	2.402E+00	2.408E+00	2.404E+00	2.405E+00	2.404E+00	2.405E+00
2.220E+00	2.386E+00	2.927E-03	2.383E+00	2.389E+00	2.386E+00	2.386E+00	2.386E+00	2.386E+00
2.230E+00	2.368E+00	3.037E-03	2.365E+00	2.371E+00	2.367E+00	2.368E+00	2.367E+00	2.368E+00
2.240E+00	2.349E+00	3.146E-03	2.346E+00	2.352E+00	2.349E+00	2.349E+00	2.349E+00	2.349E+00
2.250E+00	2.331E+00	3.254E-03	2.328E+00	2.334E+00	2.331E+00	2.331E+00	2.331E+00	2.331E+00
2.260E+00	2.313E+00	3.362E-03	2.309E+00	2.316E+00	2.312E+00	2.313E+00	2.312E+00	2.313E+00
2.270E+00	2.295E+00	3.470E-03	2.291E+00	2.298E+00	2.294E+00	2.295E+00	2.294E+00	2.295E+00
2.280E+00	2.276E+00	3.577E-03	2.273E+00	2.280E+00	2.276E+00	2.277E+00	2.276E+00	2.277E+00
2.290E+00	2.258E+00	3.684E-03	2.255E+00	2.262E+00	2.258E+00	2.259E+00	2.258E+00	2.259E+00
2.300E+00	2.241E+00	3.791E-03	2.237E+00	2.245E+00	2.240E+00	2.241E+00	2.240E+00	2.241E+00
2.310E+00	2.223E+00	3.897E-03	2.219E+00	2.227E+00	2.223E+00	2.223E+00	2.223E+00	2.223E+00
2.320E+00	2.205E+00	4.002E-03	2.201E+00	2.209E+00	2.205E+00	2.205E+00	2.205E+00	2.205E+00
2.330E+00	2.188E+00	4.107E-03	2.184E+00	2.192E+00	2.187E+00	2.188E+00	2.187E+00	2.188E+00
2.340E+00	2.170E+00	4.212E-03	2.166E+00	2.174E+00	2.170E+00	2.170E+00	2.170E+00	2.170E+00
2.350E+00	2.153E+00	4.315E-03	2.148E+00	2.157E+00	2.152E+00	2.153E+00	2.152E+00	2.153E+00
2.360E+00	2.135E+00	4.419E-03	2.131E+00	2.140E+00	2.135E+00	2.135E+00	2.135E+00	2.135E+00
2.370E+00	2.118E+00	4.521E-03	2.114E+00	2.123E+00	2.118E+00	2.118E+00	2.118E+00	2.118E+00
2.380E+00	2.101E+00	4.624E-03	2.096E+00	2.106E+00	2.101E+00	2.101E+00	2.101E+00	2.101E+00
2.390E+00	2.084E+00	4.725E-03	2.079E+00	2.089E+00	2.083E+00	2.084E+00	2.084E+00	2.084E+00
2.400E+00	2.067E+00	4.826E-03	2.062E+00	2.072E+00	2.066E+00	2.067E+00	2.067E+00	2.067E+00
2.410E+00	2.050E+00	4.926E-03	2.045E+00	2.055E+00	2.050E+00	2.050E+00	2.050E+00	2.050E+00
2.420E+00	2.033E+00	5.026E-03	2.028E+00	2.038E+00	2.033E+00	2.033E+00	2.033E+00	2.033E+00
2.430E+00	2.016E+00	5.124E-03	2.011E+00	2.021E+00	2.016E+00	2.016E+00	2.016E+00	2.016E+00
2.440E+00	2.000E+00	5.223E-03	1.995E+00	2.005E+00	1.999E+00	2.000E+00	1.999E+00	2.000E+00
2.450E+00	1.983E+00	5.320E-03	1.978E+00	1.988E+00	1.983E+00	1.983E+00	1.983E+00	1.983E+00
2.460E+00	1.967E+00	5.417E-03	1.961E+00	1.972E+00	1.966E+00	1.967E+00	1.966E+00	1.967E+00
2.470E+00	1.950E+00	5.513E-03	1.945E+00	1.956E+00	1.950E+00	1.950E+00	1.950E+00	1.950E+00
2.480E+00	1.934E+00	5.608E-03	1.928E+00	1.940E+00	1.934E+00	1.934E+00	1.934E+00	1.934E+00
2.490E+00	1.918E+00	5.702E-03	1.912E+00	1.924E+00	1.917E+00	1.918E+00	1.917E+00	1.918E+00
2.500E+00	1.902E+00	5.796E-03	1.896E+00	1.907E+00	1.901E+00	1.902E+00	1.901E+00	1.902E+00
2.510E+00	1.885E+00	5.889E-03	1.880E+00	1.892E+00	1.885E+00	1.886E+00	1.885E+00	1.886E+00
2.520E+00	1.870E+00	5.981E-03	1.864E+00	1.876E+00	1.869E+00	1.870E+00	1.869E+00	1.870E+00
2.530E+00	1.854E+00	6.072E-03	1.848E+00	1.860E+00	1.854E+00	1.854E+00	1.854E+00	1.854E+00
2.540E+00	1.838E+00	6.162E-03	1.832E+00	1.844E+00	1.838E+00	1.838E+00	1.838E+00	1.838E+00
2.550E+00	1.822E+00	6.252E-03	1.816E+00	1.829E+00	1.822E+00	1.822E+00	1.822E+00	1.822E+00
2.560E+00	1.807E+00	6.341E-03	1.801E+00	1.813E+00	1.807E+00	1.807E+00	1.807E+00	1.807E+00
2.570E+00	1.791E+00	6.428E-03	1.785E+00	1.798E+00	1.791E+00	1.791E+00	1.791E+00	1.791E+00
2.580E+00	1.776E+00	6.515E-03	1.770E+00	1.783E+00	1.776E+00	1.776E+00	1.776E+00	1.776E+00
2.590E+00	1.761E+00	6.601E-03	1.754E+00	1.767E+00	1.760E+00	1.761E+00	1.760E+00	1.761E+00
2.600E+00	1.745E+00	6.687E-03	1.739E+00	1.752E+00	1.745E+00	1.746E+00	1.745E+00	1.745E+00
2.610E+00	1.730E+00	6.771E-03	1.724E+00	1.737E+00	1.730E+00	1.730E+00	1.730E+00	1.730E+00
2.620E+00	1.715E+00	6.854E-03	1.708E+00	1.722E+00	1.715E+00	1.715E+00	1.715E+00	1.715E+00
2.630E+00	1.700E+00	6.937E-03	1.693E+00	1.707E+00	1.700E+00	1.700E+00	1.700E+00	1.700E+00
2.640E+00	1.685E+00	7.018E-03	1.679E+00	1.693E+00	1.685E+00	1.686E+00	1.685E+00	1.685E+00
2.650E+00	1.671E+00	7.099E-03	1.664E+00	1.678E+00	1.670E+00	1.671E+00	1.670E+00	1.671E+00
2.660E+00	1.656E+00	7.178E-03	1.649E+00	1.663E+00	1.656E+00	1.656E+00	1.656E+00	1.656E+00
2.670E+00	1.641E+00	7.257E-03	1.634E+00	1.649E+00	1.641E+00	1.642E+00	1.641E+00	1.641E+00
2.680E+00	1.627E+00	7.335E-03	1.620E+00	1.634E+00	1.627E+00	1.627E+00	1.627E+00	1.627E+00
2.690E+00	1.612E+00	7.411E-03	1.605E+00	1.620E+00	1.612E+00	1.613E+00	1.612E+00	1.613E+00
2.700E+00	1.598E+00	7.487E-03	1.591E+00	1.606E+00	1.598E+00	1.598E+00	1.598E+00	1.598E+00
2.710E+00	1.584E+00	7.562E-03	1.576E+00	1.592E+00	1.584E+00	1.584E+00	1.584E+00	1.584E+00
2.720E+00	1.570E+00	7.636E-03	1.562E+00	1.578E+00	1.570E+00	1.570E+00	1.570E+00	1.570E+00
2.730E+00	1.556E+00	7.709E-03	1.548E+00	1.564E+00	1.555E+00	1.556E+00	1.556E+00	1.556E+00
2.740E+00	1.542E+00	7.780E-03	1.534E+00	1.550E+00	1.541E+00	1.542E+00	1.542E+00	1.542E+00
2.750E+00	1.528E+00	7.851E-03	1.520E+00	1.536E+00	1.528E+00	1.528E+00	1.528E+00	1.528E+00
2.760E+00	1.514E+00	7.921E-03	1.506E+00	1.522E+00	1.514E+00	1.514E+00	1.514E+00	1.514E+00
2.770E+00	1.500E+00	7.990E-03	1.493E+00	1.509E+00	1.500E+00	1.501E+00	1.500E+00	1.500E+00
2.780E+00	1.487E+00	8.058E-03	1.479E+00	1.495E+00	1.487E+00	1.487E+00	1.487E+00	1.487E+00
2.790E+00	1.473E+00	8.124E-03	1.465E+00	1.482E+00	1.473E+00	1.473E+00	1.473E+00	1.473E+00
2.800E+00	1.460E+00	8.190E-03	1.452E+00	1.468E+00	1.460E+00	1.460E+00	1.460E+00	1.460E+00
2.810E+00	1.446E+00	8.255E-03	1.438E+00	1.455E+00	1.446E+00	1.447E+00	1.446E+00	1.447E+00
2.820E+00	1.433E+00	8.318E-03	1.425E+00	1.442E+00	1.433E+00	1.433E+00	1.433E+00	1.433E+00
2.830E+00	1.420E+00	8.381E-03	1.412E+00	1.429E+00	1.420E+00	1.420E+00	1.420E+00	1.420E+00
2.840E+00	1.407E+00	8.443E-03	1.399E+00	1.416E+00	1.407E+00	1.407E+00	1.407E+00	1.407E+00
2.850E+00	1.394E+00	8.503E-03	1.386E+00	1.403E+00	1.394E+00	1.394E+00	1.394E+00	1.394E+00
2.860E+00	1.381E+00	8.563E-03	1.373E+00	1.390E+00	1.381E+00	1.381E+00	1.381E+00	1.381E+00
2.870E+00	1.368E+00	8.621E-03	1.360E+00	1.377E+00	1.368E+00	1.368E+00	1.368E+00	1.368E+00
2.880E+00	1.356E+00	8.678E-03	1.347E+00	1.364E+00	1.355E+00	1.356E+00	1.355E+00	1.356E+00
2.890E+00	1.343E+00	8.735E-03	1.334E+00	1.352E+00	1.343E+00	1.343E+00	1.343E+00	1.343E+00
2.900E+00	1.330E+00	8.790E-03	1.322E+00	1.339E+00	1.330E+00	1.331E+00	1.330E+00	1.330E+00
2.910E+00	1.318E+00	8.844E-03	1.309E+00	1.327E+00	1.318E+00	1.318E+00	1.318E+00	1.318E+00
2.920E+00	1.305E+00	8.898E-03	1.297E+00	1.315E+00	1.305E+00	1.306E+00	1.305E+00	1.306E+00
2.930E+00	1.293E+00	8.950E-03	1.284E+00	1.302E+00	1.293E+00	1.293E+00	1.293E+00	1.293E+00
2.940E+00	1.281E+00	9.001E-03	1.272E+00	1.290E+00	1.281E+00	1.281E+00	1.281E+00	1.281E+00
2.950E+00	1.269E+00	9.051E-03	1.260E+00	1.278E+00	1.269E+00	1.269E+00	1.269E+00	1.269E+00
2.960E+00	1.257E+00	9.100E-03	1.248E+00	1.266E+00	1.257E+00	1.257E+00	1.257E+00	1.257E+00
2.970E+00	1.245E+00	9.148E-03	1.236E+00	1.254E+00	1.245E+00	1.245E+00	1.245E+00	1.245E+00
2.980E+00	1.233E+00	9.195E-03	1.224E+00	1.242E+00	1.233E+00	1.233E+00	1.233E+00	1.233E+00
2.990E+00	1.221E+00	9.241E-03	1.212E+00	1.231E+00	1.221E+00	1.221E+00	1.221E+00	1.221E+00
3.000E+00	1.210E+00	9.285E-03	1.200E+00	1.219E+00	1.209E+00	1.210E+00	1.209E+00	1.210E+00
