1.000E-02	7.437E+00	4.799E-01	6.956E+00	7.915E+00	7.441E+00	7.432E+00	7.436E+00	7.437E+00
2.000E-02	7.434E+00	4.766E-01	6.955E+00	7.908E+00	7.439E+00	7.430E+00	7.434E+00	7.434E+00
3.000E-02	7.431E+00	4.729E-01	6.954E+00	7.899E+00	7.436E+00	7.426E+00	7.431E+00	7.431E+00
4.000E-02	7.427E+00	4.687E-01	6.952E+00	7.890E+00	7.432E+00	7.423E+00	7.427E+00	7.427E+00
5.000E-02	7.423E+00	4.642E-01	6.951E+00	7.879E+00	7.428E+00	7.418E+00	7.423E+00	7.423E+00
6.000E-02	7.418E+00	4.595E-01	6.949E+00	7.868E+00	7.422E+00	7.413E+00	7.418E+00	7.418E+00
7.000E-02	7.412E+00	4.546E-01	6.946E+00	7.856E+00	7.417E+00	7.408E+00	7.412E+00	7.412E+00
8.000E-02	7.406E+00	4.496E-01	6.944E+00	7.843E+00	7.411E+00	7.401E+00	7.406E+00	7.406E+00
9.000E-02	7.400E+00	4.443E-01	6.941E+00	7.830E+00	7.404E+00	7.395E+00	7.400E+00	7.400E+00
1.000E-01	7.393E+00	4.390E-01	6.938E+00	7.816E+00	7.397E+00	7.388E+00	7.393E+00	7.393E+00
1.100E-01	7.385E+00	4.335E-01	6.935E+00	7.802E+00	7.390E+00	7.381E+00	7.385E+00	7.386E+00
1.200E-01	7.378E+00	4.280E-01	6.931E+00	7.787E+00	7.382E+00	7.373E+00	7.378E+00	7.378E+00
1.300E-01	7.370E+00	4.223E-01	6.927E+00	7.772E+00	7.374E+00	7.365E+00	7.369E+00	7.370E+00
1.400E-01	7.361E+00	4.166E-01	6.923E+00	7.756E+00	7.366E+00	7.356E+00	7.361E+00	7.361E+00
1.500E-01	7.352E+00	4.108E-01	6.919E+00	7.740E+00	7.357E+00	7.348E+00	7.352E+00	7.352E+00
1.600E-01	7.343E+00	4.050E-01	6.914E+00	7.724E+00	7.348E+00	7.338E+00	7.343E+00	7.343E+00
1.700E-01	7.334E+00	3.991E-01	6.909E+00	7.707E+00	7.338E+00	7.329E+00	7.333E+00	7.334E+00
1.800E-01	7.324E+00	3.932E-01	6.904E+00	7.690E+00	7.328E+00	7.319E+00	7.324E+00	7.324E+00
1.900E-01	7.314E+00	3.872E-01	6.899E+00	7.673E+00	7.318E+00	7.309E+00	7.313E+00	7.314E+00
2.000E-01	7.303E+00	3.812E-01	6.893E+00	7.656E+00	7.308E+00	7.299E+00	7.303E+00	7.303E+00
2.100E-01	7.292E+00	3.752E-01	6.887E+00	7.638E+00	7.297E+00	7.288E+00	7.292E+00	7.293E+00
2.200E-01	7.281E+00	3.692E-01	6.881E+00	7.620E+00	7.286E+00	7.277E+00	7.281E+00	7.282E+00
2.300E-01	7.270E+00	3.631E-01	6.875E+00	7.601E+00	7.275E+00	7.266E+00	7.270E+00	7.270E+00
2.400E-01	7.258E+00	3.570E-01	6.869E+00	7.583E+00	7.263E+00	7.254E+00	7.258E+00	7.259E+00
2.500E-01	7.247E+00	3.509E-01	6.862E+00	7.564E+00	7.251E+00	7.242E+00	7.246E+00	7.247E+00
2.600E-01	7.234E+00	3.449E-01	6.855E+00	7.545E+00	7.239E+00	7.230E+00	7.234E+00	7.235E+00
2.700E-01	7.222E+00	3.388E-01	6.848E+00	7.526E+00	7.227E+00	7.218E+00	7.222E+00	7.222E+00
2.800E-01	7.209E+00	3.327E-01	6.841E+00	7.506E+00	7.214E+00	7.205E+00	7.209E+00	7.210E+00
2.900E-01	7.197E+00	3.266E-01	6.833E+00	7.487E+00	7.201E+00	7.192E+00	7.196E+00	7.197E+00
3.000E-01	7.183E+00	3.205E-01	6.826E+00	7.467E+00	7.188E+00	7.179E+00	7.183E+00	7.184E+00
3.100E-01	7.170E+00	3.144E-01	6.818E+00	7.447E+00	7.174E+00	7.166E+00	7.170E+00	7.170E+00
3.200E-01	7.156E+00	3.084E-01	6.810E+00	7.426E+00	7.161E+00	7.152E+00	7.156E+00	7.157E+00
3.300E-01	7.143E+00	3.023E-01	6.801E+00	7.406E+00	7.147E+00	7.138E+00	7.142E+00	7.143E+00
3.400E-01	7.129E+00	2.963E-01	6.793E+00	7.385E+00	7.133E+00	7.124E+00	7.128E+00	7.129E+00
3.500E-01	7.114E+00	2.903E-01	6.784E+00	7.365E+00	7.119E+00	7.110E+00	7.114E+00	7.115E+00
3.600E-01	7.100E+00	2.843E-01	6.775E+00	7.344E+00	7.104E+00	7.096E+00	7.100E+00	7.100E+00
3.700E-01	7.085E+00	2.783E-01	6.766E+00	7.323E+00	7.089E+00	7.081E+00	7.085E+00	7.085E+00
3.800E-01	7.070E+00	2.723E-01	6.757E+00	7.302E+00	7.074E+00	7.066E+00	7.070E+00	7.071E+00
3.900E-01	7.055E+00	2.664E-01	6.747E+00	7.280E+00	7.059E+00	7.051E+00	7.055E+00	7.055E+00
4.000E-01	7.040E+00	2.605E-01	6.738E+00	7.259E+00	7.044E+00	7.036E+00	7.040E+00	7.040E+00
4.100E-01	7.024E+00	2.546E-01	6.728E+00	7.237E+00	7.029E+00	7.020E+00	7.024E+00	7.025E+00
4.200E-01	7.009E+00	2.488E-01	6.718E+00	7.215E+00	7.013E+00	7.005E+00	7.008E+00	7.009E+00
4.300E-01	6.993E+00	2.430E-01	6.708E+00	7.194E+00	6.997E+00	6.989E+00	6.993E+00	6.993E+00
4.400E-01	6.977E+00	2.372E-01	6.697E+00	7.172E+00	6.981E+00	6.973E+00	6.977E+00	6.977E+00
4.500E-01	6.961E+00	2.314E-01	6.687E+00	7.150E+00	6.965E+00	6.957E+00	6.960E+00	6.961E+00
4.600E-01	6.944E+00	2.257E-01	6.676E+00	7.127E+00	6.948E+00	6.940E+00	6.944E+00	6.945E+00
4.700E-01	6.928E+00	2.200E-01	6.665E+00	7.105E+00	6.932E+00	6.924E+00	6.927E+00	6.928E+00
4.800E-01	6.911E+00	2.144E-01	6.654E+00	7.083E+00	6.915E+00	6.907E+00	6.911E+00	6.911E+00
4.900E-01	6.894E+00	2.088E-01	6.643E+00	7.060E+00	6.898E+00	6.890E+00	6.894E+00	6.894E+00
5.000E-01	6.877E+00	2.032E-01	6.631E+00	7.038E+00	6.881E+00	6.873E+00	6.877E+00	6.877E+00
5.100E-01	6.860E+00	1.977E-01	6.620E+00	7.015E+00	6.864E+00	6.856E+00	6.859E+00	6.860E+00
5.200E-01	6.842E+00	1.922E-01	6.608E+00	6.992E+00	6.846E+00	6.839E+00	6.842E+00	6.843E+00
5.300E-01	6.825E+00	1.867E-01	6.596E+00	6.969E+00	6.829E+00	6.821E+00	6.825E+00	6.825E+00
5.400E-01	6.807E+00	1.813E-01	6.584E+00	6.946E+00	6.811E+00	6.803E+00	6.807E+00	6.807E+00
5.500E-01	6.789E+00	1.759E-01	6.572E+00	6.923E+00	6.793E+00	6.786E+00	6.789E+00	6.790E+00
5.600E-01	6.771E+00	1.706E-01	6.559E+00	6.900E+00	6.775E+00	6.768E+00	6.771E+00	6.772E+00
5.700E-01	6.753E+00	1.653E-01	6.547E+00	6.877E+00	6.757E+00	6.750E+00	6.753E+00	6.754E+00
5.800E-01	6.735E+00	1.601E-01	6.534E+00	6.854E+00	6.739E+00	6.731E+00	6.735E+00	6.735E+00
5.900E-01	6.717E+00	1.549E-01	6.521E+00	6.831E+00	6.720E+00	6.713E+00	6.716E+00	6.717E+00
6.000E-01	6.698E+00	1.497E-01	6.508E+00	6.807E+00	6.702E+00	6.694E+00	6.698E+00	6.698E+00
6.100E-01	6.679E+00	1.446E-01	6.495E+00	6.784E+00	6.683E+00	6.676E+00	6.679E+00	6.680E+00
6.200E-01	6.661E+00	1.396E-01	6.481E+00	6.760E+00	6.664E+00	6.657E+00	6.660E+00	6.661E+00
6.300E-01	6.642E+00	1.345E-01	6.468E+00	6.737E+00	6.645E+00	6.638E+00	6.641E+00	6.642E+00
6.400E-01	6.623E+00	1.296E-01	6.454E+00	6.713E+00	6.626E+00	6.619E+00	6.622E+00	6.623E+00
6.500E-01	6.603E+00	1.247E-01	6.440E+00	6.690E+00	6.607E+00	6.600E+00	6.603E+00	6.604E+00
6.600E-01	6.584E+00	1.198E-01	6.426E+00	6.666E+00	6.588E+00	6.581E+00	6.584E+00	6.585E+00
6.700E-01	6.565E+00	1.150E-01	6.412E+00	6.642E+00	6.568E+00	6.561E+00	6.564E+00	6.565E+00
6.800E-01	6.545E+00	1.102E-01	6.398E+00	6.618E+00	6.549E+00	6.542E+00	6.545E+00	6.546E+00
6.900E-01	6.526E+00	1.055E-01	6.384E+00	6.595E+00	6.529E+00	6.522E+00	6.525E+00	6.526E+00
7.000E-01	6.506E+00	1.008E-01	6.369E+00	6.571E+00	6.509E+00	6.503E+00	6.506E+00	6.506E+00
7.100E-01	6.486E+00	9.621E-02	6.355E+00	6.547E+00	6.489E+00	6.483E+00	6.486E+00	6.487E+00
7.200E-01	6.466E+00	9.164E-02	6.340E+00	6.523E+00	6.469E+00	6.463E+00	6.466E+00	6.467E+00
7.300E-01	6.446E+00	8.712E-02	6.325E+00	6.499E+00	6.449E+00	6.443E+00	6.446E+00	6.447E+00
7.400E-01	6.426E+00	8.266E-02	6.310E+00	6.475E+00	6.429E+00	6.423E+00	6.426E+00	6.426E+00
7.500E-01	6.406E+00	7.824E-02	6.295E+00	6.451E+00	6.409E+00	6.403E+00	6.405E+00	6.406E+00
7.600E-01	6.385E+00	7.388E-02	6.279E+00	6.427E+00	6.389E+00	6.382E+00	6.385E+00	6.386E+00
7.700E-01	6.365E+00	6.957E-02	6.264E+00	6.403E+00	6.368E+00	6.362E+00	6.365E+00	6.365E+00
7.800E-01	6.345E+00	6.531E-02	6.248E+00	6.379E+00	6.348E+00	6.342E+00	6.344E+00	6.345E+00
7.900E-01	6.324E+00	6.111E-02	6.233E+00	6.355E+00	6.327E+00	6.321E+00	6.323E+00	6.324E+00
8.000E-01	6.303E+00	5.695E-02	6.217E+00	6.331E+00	6.306E+00	6.300E+00	6.303E+00	6.304E+00
8.100E-01	6.282E+00	5.285E-02	6.201E+00	6.306E+00	6.285E+00	6.280E+00	6.282E+00	6.283E+00
8.200E-01	6.262E+00	4.880E-02	6.185E+00	6.282E+00	6.264E+00	6.259E+00	6.261E+00	6.262E+00
8.300E-01	6.241E+00	4.481E-02	6.169E+00	6.258E+00	6.243E+00	6.238E+00	6.240E+00	6.241E+00
8.400E-01	6.220E+00	4.087E-02	6.152E+00	6.234E+00	6.222E+00	6.217E+00	6.219E+00	6.220E+00
8.500E-01	6.199E+00	3.698E-02	6.136E+00	6.210E+00	6.201E+00	6.196E+00	6.198E+00	6.199E+00
8.600E-01	6.177E+00	3.315E-02	6.119E+00	6.186E+00	6.180E+00	6.175E+00	6.177E+00	6.178E+00
8.700E-01	6.156E+00	2.938E-02	6.103E+00	6.161E+00	6.159E+00	6.153E+00	6.156E+00	6.157E+00
8.800E-01	6.135E+00	2.566E-02	6.086E+00	6.137E+00	6.137E+00	6.132E+00	6.134E+00	6.135E+00
8.900E-01	6.113E+00	2.199E-02	6.069E+00	6.113E+00	6.116E+00	6.111E+00	6.113E+00	6.114E+00
9.000E-01	6.092E+00	1.839E-02	6.052E+00	6.089E+00	6.095E+00	6.089E+00	6.091E+00	6.092E+00
9.100E-01	6.070E+00	1.485E-02	6.035E+00	6.064E+00	6.073E+00	6.068E+00	6.070E+00	6.071E+00
9.200E-01	6.049E+00	1.139E-02	6.018E+00	6.040E+00	6.051E+00	6.046E+00	6.048E+00	6.049E+00
9.300E-01	6.027E+00	8.031E-03	6.001E+00	6.016E+00	6.030E+00	6.025E+00	6.027E+00	6.028E+00
9.400E-01	6.006E+00	4.880E-03	5.983E+00	5.992E+00	6.008E+00	6.003E+00	6.005E+00	6.006E+00
9.500E-01	5.984E+00	2.566E-03	5.966E+00	5.968E+00	5.986E+00	5.981E+00	5.983E+00	5.984E+00
9.600E-01	5.962E+00	3.426E-03	5.948E+00	5.943E+00	5.964E+00	5.960E+00	5.961E+00	5.963E+00
9.700E-01	5.940E+00	6.183E-03	5.931E+00	5.919E+00	5.942E+00	5.938E+00	5.940E+00	5.941E+00
9.800E-01	5.918E+00	9.220E-03	5.913E+00	5.895E+00	5.920E+00	5.916E+00	5.918E+00	5.919E+00
9.900E-01	5.896E+00	1.229E-02	5.895E+00	5.871E+00	5.898E+00	5.894E+00	5.896E+00	5.897E+00
1.000E+00	5.874E+00	1.535E-02	5.877E+00	5.847E+00	5.876E+00	5.872E+00	5.874E+00	5.875E+00
1.010E+00	5.852E+00	1.836E-02	5.859E+00	5.823E+00	5.854E+00	5.850E+00	5.852E+00	5.853E+00
1.020E+00	5.830E+00	2.134E-02	5.841E+00	5.798E+00	5.832E+00	5.828E+00	5.829E+00	5.831E+00
1.030E+00	5.808E+00	2.427E-02	5.823E+00	5.774E+00	5.810E+00	5.806E+00	5.807E+00	5.808E+00
1.040E+00	5.786E+00	2.715E-02	5.804E+00	5.750E+00	5.788E+00	5.784E+00	5.785E+00	5.786E+00
1.050E+00	5.763E+00	2.998E-02	5.786E+00	5.726E+00	5.765E+00	5.761E+00	5.763E+00	5.764E+00
1.060E+00	5.741E+00	3.276E-02	5.767E+00	5.702E+00	5.743E+00	5.739E+00	5.741E+00	5.742E+00
1.070E+00	5.719E+00	3.549E-02	5.749E+00	5.678E+00	5.721E+00	5.717E+00	5.718E+00	5.719E+00
1.080E+00	5.696E+00	3.817E-02	5.730E+00	5.654E+00	5.698E+00	5.695E+00	5.696E+00	5.697E+00
1.090E+00	5.674E+00	4.080E-02	5.711E+00	5.630E+00	5.676E+00	5.672E+00	5.674E+00	5.675E+00
1.100E+00	5.652E+00	4.338E-02	5.693E+00	5.606E+00	5.653E+00	5.650E+00	5.651E+00	5.652E+00
1.110E+00	5.629E+00	4.591E-02	5.674E+00	5.582E+00	5.631E+00	5.627E+00	5.629E+00	5.630E+00
1.120E+00	5.607E+00	4.839E-02	5.655E+00	5.558E+00	5.608E+00	5.605E+00	5.606E+00	5.607E+00
1.130E+00	5.584E+00	5.082E-02	5.636E+00	5.534E+00	5.586E+00	5.583E+00	5.584E+00	5.585E+00
1.140E+00	5.562E+00	5.320E-02	5.617E+00	5.510E+00	5.563E+00	5.560E+00	5.561E+00	5.562E+00
1.150E+00	5.539E+00	5.553E-02	5.597E+00	5.486E+00	5.541E+00	5.538E+00	5.539E+00	5.540E+00
1.160E+00	5.517E+00	5.781E-02	5.578E+00	5.463E+00	5.518E+00	5.515E+00	5.516E+00	5.517E+00
1.170E+00	5.494E+00	6.004E-02	5.559E+00	5.439E+00	5.495E+00	5.492E+00	5.493E+00	5.495E+00
1.180E+00	5.471E+00	6.223E-02	5.539E+00	5.415E+00	5.473E+00	5.470E+00	5.471E+00	5.472E+00
1.190E+00	5.449E+00	6.436E-02	5.520E+00	5.391E+00	5.450E+00	5.447E+00	5.448E+00	5.449E+00
1.200E+00	5.426E+00	6.645E-02	5.500E+00	5.367E+00	5.427E+00	5.425E+00	5.425E+00	5.427E+00
1.210E+00	5.403E+00	6.848E-02	5.481E+00	5.344E+00	5.405E+00	5.402E+00	5.403E+00	5.404E+00
1.220E+00	5.381E+00	7.047E-02	5.461E+00	5.320E+00	5.382E+00	5.379E+00	5.380E+00	5.381E+00
1.230E+00	5.358E+00	7.241E-02	5.441E+00	5.297E+00	5.359E+00	5.357E+00	5.357E+00	5.359E+00
1.240E+00	5.335E+00	7.430E-02	5.422E+00	5.273E+00	5.336E+00	5.334E+00	5.335E+00	5.336E+00
1.250E+00	5.312E+00	7.615E-02	5.402E+00	5.249E+00	5.314E+00	5.311E+00	5.312E+00	5.313E+00
1.260E+00	5.290E+00	7.795E-02	5.382E+00	5.226E+00	5.291E+00	5.289E+00	5.289E+00	5.290E+00
1.270E+00	5.267E+00	7.970E-02	5.362E+00	5.203E+00	5.268E+00	5.266E+00	5.266E+00	5.268E+00
1.280E+00	5.244E+00	8.141E-02	5.342E+00	5.179E+00	5.245E+00	5.243E+00	5.244E+00	5.245E+00
1.290E+00	5.221E+00	8.306E-02	5.322E+00	5.156E+00	5.223E+00	5.220E+00	5.221E+00	5.222E+00
1.300E+00	5.199E+00	8.468E-02	5.302E+00	5.132E+00	5.200E+00	5.198E+00	5.198E+00	5.199E+00
1.310E+00	5.176E+00	8.625E-02	5.282E+00	5.109E+00	5.177E+00	5.175E+00	5.175E+00	5.177E+00
1.320E+00	5.153E+00	8.777E-02	5.261E+00	5.086E+00	5.154E+00	5.152E+00	5.152E+00	5.154E+00
1.330E+00	5.130E+00	8.924E-02	5.241E+00	5.063E+00	5.131E+00	5.129E+00	5.130E+00	5.131E+00
1.340E+00	5.108E+00	9.068E-02	5.221E+00	5.039E+00	5.108E+00	5.107E+00	5.107E+00	5.108E+00
1.350E+00	5.085E+00	9.206E-02	5.200E+00	5.016E+00	5.086E+00	5.084E+00	5.084E+00	5.086E+00
1.360E+00	5.062E+00	9.341E-02	5.180E+00	4.993E+00	5.063E+00	5.061E+00	5.061E+00	5.063E+00
1.370E+00	5.039E+00	9.471E-02	5.160E+00	4.970E+00	5.040E+00	5.038E+00	5.039E+00	5.040E+00
1.380E+00	5.016E+00	9.597E-02	5.139E+00	4.947E+00	5.017E+00	5.016E+00	5.016E+00	5.017E+00
1.390E+00	4.994E+00	9.718E-02	5.119E+00	4.924E+00	4.994E+00	4.993E+00	4.993E+00	4.994E+00
1.400E+00	4.971E+00	9.835E-02	5.098E+00	4.901E+00	4.972E+00	4.970E+00	4.970E+00	4.972E+00
1.410E+00	4.948E+00	9.948E-02	5.077E+00	4.879E+00	4.949E+00	4.948E+00	4.947E+00	4.949E+00
1.420E+00	4.925E+00	1.006E-01	5.057E+00	4.856E+00	4.926E+00	4.925E+00	4.925E+00	4.926E+00
1.430E+00	4.903E+00	1.016E-01	5.036E+00	4.833E+00	4.903E+00	4.902E+00	4.902E+00	4.904E+00
1.440E+00	4.880E+00	1.026E-01	5.015E+00	4.810E+00	4.881E+00	4.880E+00	4.879E+00	4.881E+00
1.450E+00	4.857E+00	1.036E-01	4.995E+00	4.788E+00	4.858E+00	4.857E+00	4.857E+00	4.858E+00
1.460E+00	4.835E+00	1.045E-01	4.974E+00	4.765E+00	4.835E+00	4.834E+00	4.834E+00	4.835E+00
1.470E+00	4.812E+00	1.054E-01	4.953E+00	4.742E+00	4.812E+00	4.812E+00	4.811E+00	4.813E+00
1.480E+00	4.789E+00	1.062E-01	4.932E+00	4.720E+00	4.790E+00	4.789E+00	4.789E+00	4.790E+00
1.490E+00	4.767E+00	1.070E-01	4.912E+00	4.697E+00	4.767E+00	4.766E+00	4.766E+00	4.767E+00
1.500E+00	4.744E+00	1.078E-01	4.891E+00	4.675E+00	4.744E+00	4.744E+00	4.743E+00	4.745E+00
1.510E+00	4.721E+00	1.085E-01	4.870E+00	4.653E+00	4.722E+00	4.721E+00	4.721E+00	4.722E+00
1.520E+00	4.699E+00	1.092E-01	4.849E+00	4.630E+00	4.699E+00	4.699E+00	4.698E+00	4.700E+00
1.530E+00	4.676E+00	1.098E-01	4.828E+00	4.608E+00	4.677E+00	4.676E+00	4.676E+00	4.677E+00
1.540E+00	4.654E+00	1.104E-01	4.807E+00	4.586E+00	4.654E+00	4.654E+00	4.653E+00	4.655E+00
1.550E+00	4.631E+00	1.110E-01	4.786E+00	4.564E+00	4.631E+00	4.631E+00	4.630E+00	4.632E+00
1.560E+00	4.609E+00	1.115E-01	4.765E+00	4.542E+00	4.609E+00	4.609E+00	4.608E+00	4.610E+00
1.570E+00	4.586E+00	1.120E-01	4.744E+00	4.520E+00	4.586E+00	4.586E+00	4.586E+00	4.587E+00
1.580E+00	4.564E+00	1.125E-01	4.723E+00	4.498E+00	4.564E+00	4.564E+00	4.563E+00	4.565E+00
1.590E+00	4.541E+00	1.129E-01	4.702E+00	4.476E+00	4.541E+00	4.541E+00	4.541E+00	4.542E+00
1.600E+00	4.519E+00	1.133E-01	4.681E+00	4.454E+00	4.519E+00	4.519E+00	4.518E+00	4.520E+00
1.610E+00	4.497E+00	1.137E-01	4.660E+00	4.432E+00	4.497E+00	4.497E+00	4.496E+00	4.498E+00
1.620E+00	4.474E+00	1.140E-01	4.639E+00	4.411E+00	4.474E+00	4.474E+00	4.474E+00	4.475E+00
1.630E+00	4.452E+00	1.143E-01	4.618E+00	4.389E+00	4.452E+00	4.452E+00	4.451E+00	4.453E+00
1.640E+00	4.430E+00	1.145E-01	4.596E+00	4.367E+00	4.430E+00	4.430E+00	4.429E+00	4.431E+00
1.650E+00	4.408E+00	1.147E-01	4.575E+00	4.346E+00	4.407E+00	4.408E+00	4.407E+00	4.408E+00
1.660E+00	4.385E+00	1.149E-01	4.554E+00	4.324E+00	4.385E+00	4.386E+00	4.385E+00	4.386E+00
1.670E+00	4.363E+00	1.151E-01	4.533E+00	4.303E+00	4.363E+00	4.363E+00	4.362E+00	4.364E+00
1.680E+00	4.341E+00	1.152E-01	4.512E+00	4.281E+00	4.341E+00	4.341E+00	4.340E+00	4.342E+00
1.690E+00	4.319E+00	1.153E-01	4.491E+00	4.260E+00	4.319E+00	4.319E+00	4.318E+00	4.320E+00
1.700E+00	4.297E+00	1.153E-01	4.470E+00	4.239E+00	4.296E+00	4.297E+00	4.296E+00	4.298E+00
1.710E+00	4.275E+00	1.154E-01	4.448E+00	4.218E+00	4.274E+00	4.275E+00	4.274E+00	4.276E+00
1.720E+00	4.253E+00	1.154E-01	4.427E+00	4.197E+00	4.252E+00	4.253E+00	4.252E+00	4.254E+00
1.730E+00	4.231E+00	1.153E-01	4.406E+00	4.176E+00	4.230E+00	4.231E+00	4.230E+00	4.232E+00
1.740E+00	4.209E+00	1.152E-01	4.385E+00	4.155E+00	4.208E+00	4.209E+00	4.208E+00	4.210E+00
1.750E+00	4.187E+00	1.151E-01	4.364E+00	4.134E+00	4.187E+00	4.188E+00	4.186E+00	4.188E+00
1.760E+00	4.165E+00	1.150E-01	4.343E+00	4.113E+00	4.165E+00	4.166E+00	4.164E+00	4.166E+00
1.770E+00	4.143E+00	1.149E-01	4.322E+00	4.092E+00	4.143E+00	4.144E+00	4.143E+00	4.144E+00
1.780E+00	4.122E+00	1.147E-01	4.300E+00	4.071E+00	4.121E+00	4.122E+00	4.121E+00	4.123E+00
1.790E+00	4.100E+00	1.145E-01	4.279E+00	4.050E+00	4.099E+00	4.101E+00	4.099E+00	4.101E+00
1.800E+00	4.078E+00	1.142E-01	4.258E+00	4.030E+00	4.078E+00	4.079E+00	4.077E+00	4.079E+00
1.810E+00	4.057E+00	1.139E-01	4.237E+00	4.009E+00	4.056E+00	4.057E+00	4.056E+00	4.058E+00
1.820E+00	4.035E+00	1.136E-01	4.216E+00	3.989E+00	4.034E+00	4.036E+00	4.034E+00	4.036E+00
1.830E+00	4.014E+00	1.133E-01	4.195E+00	3.968E+00	4.013E+00	4.014E+00	4.013E+00	4.014E+00
1.840E+00	3.992E+00	1.130E-01	4.174E+00	3.948E+00	3.991E+00	3.993E+00	3.991E+00	3.993E+00
1.850E+00	3.971E+00	1.126E-01	4.153E+00	3.928E+00	3.970E+00	3.971E+00	3.970E+00	3.972E+00
1.860E+00	3.949E+00	1.122E-01	4.132E+00	3.907E+00	3.948E+00	3.950E+00	3.948E+00	3.950E+00
1.870E+00	3.928E+00	1.118E-01	4.111E+00	3.887E+00	3.927E+00	3.929E+00	3.927E+00	3.929E+00
1.880E+00	3.907E+00	1.113E-01	4.090E+00	3.867E+00	3.906E+00	3.908E+00	3.906E+00	3.907E+00
1.890E+00	3.885E+00	1.108E-01	4.069E+00	3.847E+00	3.884E+00	3.886E+00	3.884E+00	3.886E+00
1.900E+00	3.864E+00	1.103E-01	4.048E+00	3.827E+00	3.863E+00	3.865E+00	3.863E+00	3.865E+00
1.910E+00	3.843E+00	1.098E-01	4.027E+00	3.807E+00	3.842E+00	3.844E+00	3.842E+00	3.844E+00
1.920E+00	3.822E+00	1.093E-01	4.006E+00	3.787E+00	3.821E+00	3.823E+00	3.821E+00	3.823E+00
1.930E+00	3.801E+00	1.087E-01	3.985E+00	3.768E+00	3.800E+00	3.802E+00	3.800E+00	3.802E+00
1.940E+00	3.780E+00	1.081E-01	3.964E+00	3.748E+00	3.779E+00	3.781E+00	3.779E+00	3.781E+00
1.950E+00	3.759E+00	1.075E-01	3.943E+00	3.728E+00	3.758E+00	3.760E+00	3.758E+00	3.760E+00
1.960E+00	3.738E+00	1.068E-01	3.922E+00	3.709E+00	3.737E+00	3.739E+00	3.737E+00	3.739E+00
1.970E+00	3.717E+00	1.062E-01	3.901E+00	3.689E+00	3.716E+00	3.718E+00	3.716E+00	3.718E+00
1.980E+00	3.696E+00	1.055E-01	3.881E+00	3.670E+00	3.695E+00	3.698E+00	3.695E+00	3.697E+00
1.990E+00	3.676E+00	1.048E-01	3.860E+00	3.650E+00	3.674E+00	3.677E+00	3.675E+00	3.677E+00
2.000E+00	3.655E+00	1.041E-01	3.839E+00	3.631E+00	3.654E+00	3.656E+00	3.654E+00	3.656E+00
2.010E+00	3.634E+00	1.033E-01	3.818E+00	3.612E+00	3.633E+00	3.636E+00	3.633E+00	3.635E+00
2.020E+00	3.614E+00	1.026E-01	3.798E+00	3.593E+00	3.612E+00	3.615E+00	3.613E+00	3.615E+00
2.030E+00	3.593E+00	1.018E-01	3.777E+00	3.573E+00	3.592E+00	3.595E+00	3.592E+00	3.594E+00
2.040E+00	3.573E+00	1.010E-01	3.756E+00	3.554E+00	3.571E+00	3.574E+00	3.572E+00	3.574E+00
2.050E+00	3.552E+00	1.002E-01	3.736E+00	3.535E+00	3.551E+00	3.554E+00	3.552E+00	3.553E+00
2.060E+00	3.532E+00	9.932E-02	3.715E+00	3.517E+00	3.531E+00	3.534E+00	3.531E+00	3.533E+00
2.070E+00	3.512E+00	9.846E-02	3.695E+00	3.498E+00	3.510E+00	3.513E+00	3.511E+00	3.513E+00
2.080E+00	3.492E+00	9.759E-02	3.674E+00	3.479E+00	3.490E+00	3.493E+00	3.491E+00	3.493E+00
2.090E+00	3.472E+00	9.670E-02	3.654E+00	3.460E+00	3.470E+00	3.473E+00	3.471E+00	3.472E+00
2.100E+00	3.451E+00	9.579E-02	3.633E+00	3.442E+00	3.450E+00	3.453E+00	3.450E+00	3.452E+00
2.110E+00	3.431E+00	9.486E-02	3.613E+00	3.423E+00	3.430E+00	3.433E+00	3.430E+00	3.432E+00
2.120E+00	3.411E+00	9.392E-02	3.592E+00	3.405E+00	3.410E+00	3.413E+00	3.410E+00	3.412E+00
2.130E+00	3.391E+00	9.297E-02	3.572E+00	3.386E+00	3.390E+00	3.393E+00	3.391E+00	3.392E+00
2.140E+00	3.372E+00	9.199E-02	3.552E+00	3.368E+00	3.370E+00	3.373E+00	3.371E+00	3.373E+00
2.150E+00	3.352E+00	9.100E-02	3.531E+00	3.349E+00	3.350E+00	3.353E+00	3.351E+00	3.353E+00
2.160E+00	3.332E+00	9.000E-02	3.511E+00	3.331E+00	3.330E+00	3.334E+00	3.331E+00	3.333E+00
2.170E+00	3.312E+00	8.898E-02	3.491E+00	3.313E+00	3.311E+00	3.314E+00	3.312E+00	3.313E+00
2.180E+00	3.293E+00	8.795E-02	3.471E+00	3.295E+00	3.291E+00	3.295E+00	3.292E+00	3.294E+00
2.190E+00	3.273E+00	8.691E-02	3.451E+00	3.277E+00	3.272E+00	3.275E+00	3.272E+00	3.274E+00
2.200E+00	3.254E+00	8.585E-02	3.431E+00	3.259E+00	3.252E+00	3.256E+00	3.253E+00	3.255E+00
2.210E+00	3.234E+00	8.478E-02	3.411E+00	3.241E+00	3.233E+00	3.236E+00	3.234E+00	3.235E+00
2.220E+00	3.215E+00	8.369E-02	3.391E+00	3.223E+00	3.213E+00	3.217E+00	3.214E+00	3.216E+00
2.230E+00	3.196E+00	8.259E-02	3.371E+00	3.206E+00	3.194E+00	3.198E+00	3.195E+00	3.197E+00
2.240E+00	3.177E+00	8.149E-02	3.351E+00	3.188E+00	3.175E+00	3.178E+00	3.176E+00	3.178E+00
2.250E+00	3.157E+00	8.036E-02	3.331E+00	3.170E+00	3.156E+00	3.159E+00	3.157E+00	3.158E+00
2.260E+00	3.138E+00	7.923E-02	3.311E+00	3.153E+00	3.136E+00	3.140E+00	3.137E+00	3.139E+00
2.270E+00	3.119E+00	7.809E-02	3.291E+00	3.135E+00	3.117E+00	3.121E+00	3.118E+00	3.120E+00
2.280E+00	3.100E+00	7.693E-02	3.272E+00	3.118E+00	3.098E+00	3.102E+00	3.099E+00	3.101E+00
2.290E+00	3.082E+00	7.576E-02	3.252E+00	3.101E+00	3.080E+00	3.083E+00	3.081E+00	3.082E+00
2.300E+00	3.063E+00	7.459E-02	3.233E+00	3.083E+00	3.061E+00	3.065E+00	3.062E+00	3.064E+00
2.310E+00	3.044E+00	7.340E-02	3.213E+00	3.066E+00	3.042E+00	3.046E+00	3.043E+00	3.045E+00
2.320E+00	3.025E+00	7.221E-02	3.193E+00	3.049E+00	3.023E+00	3.027E+00	3.024E+00	3.026E+00
2.330E+00	3.007E+00	7.100E-02	3.174E+00	3.032E+00	3.005E+00	3.009E+00	3.006E+00	3.008E+00
2.340E+00	2.988E+00	6.978E-02	3.155E+00	3.015E+00	2.986E+00	2.990E+00	2.987E+00	2.989E+00
2.350E+00	2.970E+00	6.856E-02	3.135E+00	2.998E+00	2.968E+00	2.972E+00	2.969E+00	2.971E+00
2.360E+00	2.951E+00	6.733E-02	3.116E+00	2.981E+00	2.949E+00	2.953E+00	2.950E+00	2.952E+00
2.370E+00	2.933E+00	6.609E-02	3.097E+00	2.965E+00	2.931E+00	2.935E+00	2.932E+00	2.934E+00
2.380E+00	2.915E+00	6.484E-02	3.077E+00	2.948E+00	2.912E+00	2.917E+00	2.914E+00	2.916E+00
2.390E+00	2.896E+00	6.358E-02	3.058E+00	2.931E+00	2.894E+00	2.898E+00	2.895E+00	2.897E+00
2.400E+00	2.878E+00	6.232E-02	3.039E+00	2.915E+00	2.876E+00	2.880E+00	2.877E+00	2.879E+00
2.410E+00	2.860E+00	6.105E-02	3.020E+00	2.898E+00	2.858E+00	2.862E+00	2.859E+00	2.861E+00
2.420E+00	2.842E+00	5.977E-02	3.001E+00	2.882E+00	2.840E+00	2.844E+00	2.841E+00	2.843E+00
2.430E+00	2.824E+00	5.849E-02	2.982E+00	2.865E+00	2.822E+00	2.826E+00	2.823E+00	2.825E+00
2.440E+00	2.806E+00	5.720E-02	2.963E+00	2.849E+00	2.804E+00	2.809E+00	2.805E+00	2.807E+00
2.450E+00	2.789E+00	5.591E-02	2.945E+00	2.833E+00	2.786E+00	2.791E+00	2.788E+00	2.790E+00
2.460E+00	2.771E+00	5.460E-02	2.926E+00	2.817E+00	2.769E+00	2.773E+00	2.770E+00	2.772E+00
2.470E+00	2.753E+00	5.330E-02	2.907E+00	2.801E+00	2.751E+00	2.755E+00	2.752E+00	2.754E+00
2.480E+00	2.736E+00	5.199E-02	2.888E+00	2.785E+00	2.733E+00	2.738E+00	2.735E+00	2.737E+00
2.490E+00	2.718E+00	5.067E-02	2.870E+00	2.769E+00	2.716E+00	2.720E+00	2.717E+00	2.719E+00
2.500E+00	2.701E+00	4.935E-02	2.851E+00	2.753E+00	2.698E+00	2.703E+00	2.700E+00	2.702E+00
2.510E+00	2.683E+00	4.802E-02	2.833E+00	2.737E+00	2.681E+00	2.686E+00	2.682E+00	2.684E+00
2.520E+00	2.666E+00	4.669E-02	2.814E+00	2.721E+00	2.664E+00	2.668E+00	2.665E+00	2.667E+00
2.530E+00	2.649E+00	4.536E-02	2.796E+00	2.706E+00	2.646E+00	2.651E+00	2.648E+00	2.650E+00
2.540E+00	2.632E+00	4.402E-02	2.778E+00	2.690E+00	2.629E+00	2.634E+00	2.631E+00	2.633E+00
2.550E+00	2.615E+00	4.268E-02	2.760E+00	2.674E+00	2.612E+00	2.617E+00	2.614E+00	2.616E+00
2.560E+00	2.598E+00	4.134E-02	2.741E+00	2.659E+00	2.595E+00	2.600E+00	2.597E+00	2.598E+00
2.570E+00	2.581E+00	3.999E-02	2.723E+00	2.644E+00	2.578E+00	2.583E+00	2.580E+00	2.582E+00
2.580E+00	2.564E+00	3.865E-02	2.705E+00	2.628E+00	2.561E+00	2.566E+00	2.563E+00	2.565E+00
2.590E+00	2.547E+00	3.730E-02	2.687E+00	2.613E+00	2.545E+00	2.549E+00	2.546E+00	2.548E+00
2.600E+00	2.530E+00	3.594E-02	2.669E+00	2.598E+00	2.528E+00	2.533E+00	2.529E+00	2.531E+00
2.610E+00	2.514E+00	3.459E-02	2.652E+00	2.583E+00	2.511E+00	2.516E+00	2.513E+00	2.515E+00
2.620E+00	2.497E+00	3.323E-02	2.634E+00	2.568E+00	2.495E+00	2.499E+00	2.496E+00	2.498E+00
2.630E+00	2.481E+00	3.188E-02	2.616E+00	2.553E+00	2.478E+00	2.483E+00	2.480E+00	2.481E+00
2.640E+00	2.464E+00	3.052E-02	2.598E+00	2.538E+00	2.462E+00	2.467E+00	2.463E+00	2.465E+00
2.650E+00	2.448E+00	2.916E-02	2.581E+00	2.523E+00	2.445E+00	2.450E+00	2.447E+00	2.449E+00
2.660E+00	2.431E+00	2.780E-02	2.563E+00	2.508E+00	2.429E+00	2.434E+00	2.431E+00	2.432E+00
2.670E+00	2.415E+00	2.645E-02	2.546E+00	2.493E+00	2.413E+00	2.418E+00	2.414E+00	2.416E+00
2.680E+00	2.399E+00	2.509E-02	2.528E+00	2.479E+00	2.397E+00	2.402E+00	2.398E+00	2.400E+00
2.690E+00	2.383E+00	2.373E-02	2.511E+00	2.464E+00	2.380E+00	2.386E+00	2.382E+00	2.384E+00
2.700E+00	2.367E+00	2.238E-02	2.494E+00	2.449E+00	2.364E+00	2.370E+00	2.366E+00	2.368E+00
2.710E+00	2.351E+00	2.102E-02	2.477E+00	2.435E+00	2.349E+00	2.354E+00	2.350E+00	2.352E+00
2.720E+00	2.335E+00	1.967E-02	2.460E+00	2.421E+00	2.333E+00	2.338E+00	2.334E+00	2.336E+00
2.730E+00	2.319E+00	1.832E-02	2.442E+00	2.406E+00	2.317E+00	2.322E+00	2.319E+00	2.320E+00
2.740E+00	2.304E+00	1.697E-02	2.426E+00	2.392E+00	2.301E+00	2.306E+00	2.303E+00	2.305E+00
2.750E+00	2.288E+00	1.563E-02	2.409E+00	2.378E+00	2.286E+00	2.291E+00	2.287E+00	2.289E+00
2.760E+00	2.273E+00	1.429E-02	2.392E+00	2.364E+00	2.270E+00	2.275E+00	2.272E+00	2.273E+00
2.770E+00	2.257E+00	1.296E-02	2.375E+00	2.350E+00	2.254E+00	2.260E+00	2.256E+00	2.258E+00
2.780E+00	2.242E+00	1.164E-02	2.358E+00	2.336E+00	2.239E+00	2.244E+00	2.241E+00	2.243E+00
2.790E+00	2.226E+00	1.033E-02	2.342E+00	2.322E+00	2.224E+00	2.229E+00	2.225E+00	2.227E+00
2.800E+00	2.211E+00	9.036E-03	2.325E+00	2.308E+00	2.208E+00	2.214E+00	2.210E+00	2.212E+00
2.810E+00	2.196E+00	7.763E-03	2.308E+00	2.294E+00	2.193E+00	2.199E+00	2.195E+00	2.197E+00
2.820E+00	2.181E+00	6.524E-03	2.292E+00	2.280E+00	2.178E+00	2.183E+00	2.180E+00	2.182E+00
2.830E+00	2.166E+00	5.343E-03	2.276E+00	2.267E+00	2.163E+00	2.168E+00	2.165E+00	2.167E+00
2.840E+00	2.151E+00	4.263E-03	2.259E+00	2.253E+00	2.148E+00	2.153E+00	2.150E+00	2.152E+00
2.850E+00	2.136E+00	3.381E-03	2.243E+00	2.239E+00	2.133E+00	2.139E+00	2.135E+00	2.137E+00
2.860E+00	2.121E+00	2.880E-03	2.227E+00	2.226E+00	2.118E+00	2.124E+00	2.120E+00	2.122E+00
2.870E+00	2.106E+00	2.957E-03	2.211E+00	2.213E+00	2.104E+00	2.109E+00	2.105E+00	2.107E+00
2.880E+00	2.092E+00	3.571E-03	2.195E+00	2.199E+00	2.089E+00	2.094E+00	2.091E+00	2.092E+00
2.890E+00	2.077E+00	4.504E-03	2.179E+00	2.186E+00	2.074E+00	2.080E+00	2.076E+00	2.078E+00
2.900E+00	2.062E+00	5.597E-03	2.163E+00	2.173E+00	2.060E+00	2.065E+00	2.062E+00	2.063E+00
2.910E+00	2.048E+00	6.770E-03	2.147E+00	2.159E+00	2.045E+00	2.051E+00	2.047E+00	2.049E+00
2.920E+00	2.034E+00	7.985E-03	2.131E+00	2.146E+00	2.031E+00	2.036E+00	2.033E+00	2.034E+00
2.930E+00	2.019E+00	9.225E-03	2.116E+00	2.133E+00	2.016E+00	2.022E+00	2.018E+00	2.020E+00
2.940E+00	2.005E+00	1.048E-02	2.100E+00	2.120E+00	2.002E+00	2.008E+00	2.004E+00	2.006E+00
2.950E+00	1.991E+00	1.174E-02	2.085E+00	2.107E+00	1.988E+00	1.994E+00	1.990E+00	1.992E+00
2.960E+00	1.977E+00	1.301E-02	2.069E+00	2.095E+00	1.974E+00	1.979E+00	1.976E+00	1.978E+00
2.970E+00	1.963E+00	1.427E-02	2.054E+00	2.082E+00	1.960E+00	1.965E+00	1.962E+00	1.964E+00
2.980E+00	1.949E+00	1.554E-02	2.039E+00	2.069E+00	1.946E+00	1.951E+00	1.948E+00	1.950E+00
2.990E+00	1.935E+00	1.681E-02	2.023E+00	2.056E+00	1.932E+00	1.938E+00	1.934E+00	1.936E+00
3.000E+00	1.921E+00	1.807E-02	2.008E+00	2.044E+00	1.918E+00	1.924E+00	1.920E+00	1.922E+00
