1.000E-02	7.785E+00	1.774E-02	7.802E+00	7.767E+00	7.782E+00	7.787E+00	7.785E+00	7.785E+00
2.000E-02	7.783E+00	1.761E-02	7.800E+00	7.765E+00	7.780E+00	7.785E+00	7.783E+00	7.783E+00
3.000E-02	7.780E+00	1.744E-02	7.797E+00	7.763E+00	7.777E+00	7.783E+00	7.780E+00	7.780E+00
4.000E-02	7.776E+00	1.726E-02	7.793E+00	7.759E+00	7.774E+00	7.779E+00	7.776E+00	7.776E+00
5.000E-02	7.772E+00	1.706E-02	7.789E+00	7.756E+00	7.770E+00	7.775E+00	7.772E+00	7.772E+00
6.000E-02	7.768E+00	1.684E-02	7.784E+00	7.751E+00	7.765E+00	7.771E+00	7.768E+00	7.768E+00
7.000E-02	7.763E+00	1.661E-02	7.779E+00	7.746E+00	7.760E+00	7.766E+00	7.763E+00	7.763E+00
8.000E-02	7.757E+00	1.637E-02	7.773E+00	7.741E+00	7.755E+00	7.760E+00	7.757E+00	7.757E+00
9.000E-02	7.751E+00	1.612E-02	7.767E+00	7.735E+00	7.749E+00	7.754E+00	7.751E+00	7.751E+00
1.000E-01	7.745E+00	1.587E-02	7.761E+00	7.729E+00	7.742E+00	7.748E+00	7.745E+00	7.745E+00
1.100E-01	7.738E+00	1.561E-02	7.754E+00	7.723E+00	7.736E+00	7.741E+00	7.738E+00	7.738E+00
1.200E-01	7.731E+00	1.534E-02	7.746E+00	7.716E+00	7.728E+00	7.734E+00	7.731E+00	7.731E+00
1.300E-01	7.724E+00	1.507E-02	7.738E+00	7.709E+00	7.721E+00	7.726E+00	7.724E+00	7.724E+00
1.400E-01	7.716E+00	1.480E-02	7.730E+00	7.701E+00	7.713E+00	7.718E+00	7.716E+00	7.716E+00
1.500E-01	7.707E+00	1.452E-02	7.722E+00	7.693E+00	7.705E+00	7.710E+00	7.707E+00	7.708E+00
1.600E-01	7.699E+00	1.423E-02	7.713E+00	7.685E+00	7.696E+00	7.702E+00	7.699E+00	7.699E+00
1.700E-01	7.690E+00	1.395E-02	7.704E+00	7.676E+00	7.687E+00	7.693E+00	7.690E+00	7.690E+00
1.800E-01	7.681E+00	1.366E-02	7.694E+00	7.667E+00	7.678E+00	7.684E+00	7.681E+00	7.681E+00
1.900E-01	7.671E+00	1.337E-02	7.684E+00	7.658E+00	7.669E+00	7.674E+00	7.671E+00	7.671E+00
2.000E-01	7.661E+00	1.308E-02	7.674E+00	7.649E+00	7.659E+00	7.664E+00	7.661E+00	7.662E+00
2.100E-01	7.651E+00	1.278E-02	7.664E+00	7.639E+00	7.649E+00	7.654E+00	7.651E+00	7.651E+00
2.200E-01	7.641E+00	1.249E-02	7.653E+00	7.629E+00	7.638E+00	7.644E+00	7.641E+00	7.641E+00
2.300E-01	7.630E+00	1.220E-02	7.642E+00	7.618E+00	7.628E+00	7.633E+00	7.630E+00	7.630E+00
2.400E-01	7.619E+00	1.190E-02	7.631E+00	7.608E+00	7.617E+00	7.622E+00	7.619E+00	7.619E+00
2.500E-01	7.608E+00	1.161E-02	7.619E+00	7.597E+00	7.605E+00	7.611E+00	7.608E+00	7.608E+00
2.600E-01	7.597E+00	1.131E-02	7.607E+00	7.585E+00	7.594E+00	7.599E+00	7.596E+00	7.597E+00
2.700E-01	7.585E+00	1.101E-02	7.595E+00	7.574E+00	7.582E+00	7.587E+00	7.585E+00	7.585E+00
2.800E-01	7.573E+00	1.072E-02	7.583E+00	7.562E+00	7.570E+00	7.575E+00	7.573E+00	7.573E+00
2.900E-01	7.560E+00	1.043E-02	7.570E+00	7.550E+00	7.558E+00	7.563E+00	7.560E+00	7.561E+00
3.000E-01	7.548E+00	1.013E-02	7.558E+00	7.538E+00	7.545E+00	7.551E+00	7.548E+00	7.548E+00
3.100E-01	7.535E+00	9.840E-03	7.545E+00	7.526E+00	7.533E+00	7.538E+00	7.535E+00	7.535E+00
3.200E-01	7.522E+00	9.548E-03	7.531E+00	7.513E+00	7.520E+00	7.525E+00	7.522E+00	7.522E+00
3.300E-01	7.509E+00	9.258E-03	7.518E+00	7.500E+00	7.506E+00	7.512E+00	7.509E+00	7.509E+00
3.400E-01	7.496E+00	8.970E-03	7.504E+00	7.487E+00	7.493E+00	7.498E+00	7.495E+00	7.496E+00
3.500E-01	7.482E+00	8.683E-03	7.490E+00	7.473E+00	7.479E+00	7.484E+00	7.482E+00	7.482E+00
3.600E-01	7.468E+00	8.398E-03	7.476E+00	7.460E+00	7.465E+00	7.471E+00	7.468E+00	7.468E+00
3.700E-01	7.454E+00	8.115E-03	7.461E+00	7.446E+00	7.451E+00	7.456E+00	7.454E+00	7.454E+00
3.800E-01	7.440E+00	7.835E-03	7.447E+00	7.432E+00	7.437E+00	7.442E+00	7.439E+00	7.440E+00
3.900E-01	7.425E+00	7.556E-03	7.432E+00	7.418E+00	7.423E+00	7.428E+00	7.425E+00	7.425E+00
4.000E-01	7.410E+00	7.281E-03	7.417E+00	7.403E+00	7.408E+00	7.413E+00	7.410E+00	7.410E+00
4.100E-01	7.395E+00	7.007E-03	7.402E+00	7.389E+00	7.393E+00	7.398E+00	7.395E+00	7.395E+00
4.200E-01	7.380E+00	6.737E-03	7.386E+00	7.374E+00	7.378E+00	7.383E+00	7.380E+00	7.380E+00
4.300E-01	7.365E+00	6.470E-03	7.371E+00	7.359E+00	7.362E+00	7.367E+00	7.365E+00	7.365E+00
4.400E-01	7.349E+00	6.206E-03	7.355E+00	7.344E+00	7.347E+00	7.352E+00	7.349E+00	7.349E+00
4.500E-01	7.334E+00	5.945E-03	7.339E+00	7.328E+00	7.331E+00	7.336E+00	7.334E+00	7.334E+00
4.600E-01	7.318E+00	5.689E-03	7.323E+00	7.313E+00	7.315E+00	7.320E+00	7.318E+00	7.318E+00
4.700E-01	7.302E+00	5.436E-03	7.307E+00	7.297E+00	7.299E+00	7.304E+00	7.302E+00	7.302E+00
4.800E-01	7.286E+00	5.187E-03	7.290E+00	7.281E+00	7.283E+00	7.288E+00	7.285E+00	7.286E+00
4.900E-01	7.269E+00	4.943E-03	7.273E+00	7.265E+00	7.267E+00	7.272E+00	7.269E+00	7.269E+00
5.000E-01	7.253E+00	4.704E-03	7.257E+00	7.248E+00	7.250E+00	7.255E+00	7.253E+00	7.253E+00
5.100E-01	7.236E+00	4.470E-03	7.240E+00	7.232E+00	7.233E+00	7.238E+00	7.236E+00	7.236E+00
5.200E-01	7.219E+00	4.241E-03	7.222E+00	7.215E+00	7.217E+00	7.221E+00	7.219E+00	7.219E+00
5.300E-01	7.202E+00	4.019E-03	7.205E+00	7.198E+00	7.200E+00	7.204E+00	7.202E+00	7.202E+00
5.400E-01	7.185E+00	3.804E-03	7.188E+00	7.181E+00	7.182E+00	7.187E+00	7.185E+00	7.185E+00
5.500E-01	7.167E+00	3.596E-03	7.170E+00	7.164E+00	7.165E+00	7.169E+00	7.167E+00	7.167E+00
5.600E-01	7.150E+00	3.396E-03	7.152E+00	7.147E+00	7.147E+00	7.152E+00	7.150E+00	7.150E+00
5.700E-01	7.132E+00	3.206E-03	7.134E+00	7.130E+00	7.130E+00	7.134E+00	7.132E+00	7.132E+00
5.800E-01	7.114E+00	3.026E-03	7.116E+00	7.112E+00	7.112E+00	7.116E+00	7.114E+00	7.114E+00
5.900E-01	7.096E+00	2.858E-03	7.098E+00	7.094E+00	7.094E+00	7.098E+00	7.096E+00	7.096E+00
6.000E-01	7.078E+00	2.702E-03	7.079E+00	7.076E+00	7.076E+00	7.080E+00	7.078E+00	7.078E+00
6.100E-01	7.060E+00	2.561E-03	7.061E+00	7.058E+00	7.057E+00	7.062E+00	7.060E+00	7.060E+00
6.200E-01	7.041E+00	2.436E-03	7.042E+00	7.040E+00	7.039E+00	7.043E+00	7.041E+00	7.041E+00
6.300E-01	7.023E+00	2.329E-03	7.023E+00	7.022E+00	7.021E+00	7.025E+00	7.023E+00	7.023E+00
6.400E-01	7.004E+00	2.241E-03	7.005E+00	7.003E+00	7.002E+00	7.006E+00	7.004E+00	7.004E+00
6.500E-01	6.985E+00	2.174E-03	6.985E+00	6.985E+00	6.983E+00	6.987E+00	6.985E+00	6.985E+00
6.600E-01	6.966E+00	2.130E-03	6.966E+00	6.966E+00	6.964E+00	6.968E+00	6.966E+00	6.966E+00
6.700E-01	6.947E+00	2.107E-03	6.947E+00	6.947E+00	6.945E+00	6.949E+00	6.947E+00	6.947E+00
6.800E-01	6.928E+00	2.107E-03	6.928E+00	6.928E+00	6.926E+00	6.930E+00	6.928E+00	6.928E+00
6.900E-01	6.909E+00	2.127E-03	6.908E+00	6.909E+00	6.907E+00	6.911E+00	6.909E+00	6.909E+00
7.000E-01	6.889E+00	2.168E-03	6.888E+00	6.890E+00	6.887E+00	6.891E+00	6.889E+00	6.889E+00
7.100E-01	6.870E+00	2.225E-03	6.869E+00	6.870E+00	6.868E+00	6.872E+00	6.870E+00	6.870E+00
7.200E-01	6.850E+00	2.299E-03	6.849E+00	6.851E+00	6.848E+00	6.852E+00	6.850E+00	6.850E+00
7.300E-01	6.830E+00	2.385E-03	6.829E+00	6.831E+00	6.828E+00	6.832E+00	6.830E+00	6.830E+00
7.400E-01	6.810E+00	2.483E-03	6.809E+00	6.812E+00	6.808E+00	6.812E+00	6.810E+00	6.810E+00
7.500E-01	6.790E+00	2.589E-03	6.788E+00	6.792E+00	6.788E+00	6.792E+00	6.790E+00	6.790E+00
7.600E-01	6.770E+00	2.703E-03	6.768E+00	6.772E+00	6.768E+00	6.772E+00	6.770E+00	6.770E+00
7.700E-01	6.750E+00	2.822E-03	6.748E+00	6.752E+00	6.748E+00	6.752E+00	6.750E+00	6.750E+00
7.800E-01	6.730E+00	2.946E-03	6.727E+00	6.732E+00	6.728E+00	6.732E+00	6.729E+00	6.730E+00
7.900E-01	6.709E+00	3.073E-03	6.707E+00	6.712E+00	6.707E+00	6.711E+00	6.709E+00	6.709E+00
8.000E-01	6.689E+00	3.203E-03	6.686E+00	6.691E+00	6.687E+00	6.691E+00	6.689E+00	6.689E+00
8.100E-01	6.668E+00	3.334E-03	6.665E+00	6.671E+00	6.666E+00	6.670E+00	6.668E+00	6.668E+00
8.200E-01	6.647E+00	3.466E-03	6.644E+00	6.650E+00	6.645E+00	6.649E+00	6.647E+00	6.647E+00
8.300E-01	6.627E+00	3.598E-03	6.623E+00	6.630E+00	6.625E+00	6.628E+00	6.626E+00	6.627E+00
8.400E-01	6.606E+00	3.730E-03	6.602E+00	6.609E+00	6.604E+00	6.607E+00	6.606E+00	6.606E+00
8.500E-01	6.585E+00	3.861E-03	6.581E+00	6.588E+00	6.583E+00	6.586E+00	6.585E+00	6.585E+00
8.600E-01	6.564E+00	3.992E-03	6.560E+00	6.567E+00	6.562E+00	6.565E+00	6.563E+00	6.564E+00
8.700E-01	6.542E+00	4.121E-03	6.539E+00	6.546E+00	6.541E+00	6.544E+00	6.542E+00	6.543E+00
8.800E-01	6.521E+00	4.249E-03	6.517E+00	6.525E+00	6.519E+00	6.523E+00	6.521E+00	6.521E+00
8.900E-01	6.500E+00	4.375E-03	6.496E+00	6.504E+00	6.498E+00	6.502E+00	6.500E+00	6.500E+00
9.000E-01	6.478E+00	4.500E-03	6.474E+00	6.483E+00	6.477E+00	6.480E+00	6.478E+00	6.479E+00
9.100E-01	6.457E+00	4.622E-03	6.453E+00	6.461E+00	6.455E+00	6.459E+00	6.457E+00	6.457E+00
9.200E-01	6.435E+00	4.742E-03	6.431E+00	6.440E+00	6.434E+00	6.437E+00	6.435E+00	6.436E+00
9.300E-01	6.414E+00	4.860E-03	6.409E+00	6.418E+00	6.412E+00	6.415E+00	6.414E+00	6.414E+00
9.400E-01	6.392E+00	4.976E-03	6.387E+00	6.397E+00	6.391E+00	6.394E+00	6.392E+00	6.392E+00
9.500E-01	6.370E+00	5.089E-03	6.366E+00	6.375E+00	6.369E+00	6.372E+00	6.370E+00	6.371E+00
9.600E-01	6.349E+00	5.200E-03	6.344E+00	6.353E+00	6.347E+00	6.350E+00	6.348E+00	6.349E+00
9.700E-01	6.327E+00	5.308E-03	6.322E+00	6.332E+00	6.325E+00	6.328E+00	6.327E+00	6.327E+00
9.800E-01	6.305E+00	5.414E-03	6.300E+00	6.310E+00	6.303E+00	6.306E+00	6.305E+00	6.305E+00
9.900E-01	6.283E+00	5.517E-03	6.277E+00	6.288E+00	6.281E+00	6.284E+00	6.283E+00	6.283E+00
1.000E+00	6.261E+00	5.617E-03	6.255E+00	6.266E+00	6.259E+00	6.262E+00	6.260E+00	6.261E+00
1.010E+00	6.238E+00	5.715E-03	6.233E+00	6.244E+00	6.237E+00	6.240E+00	6.238E+00	6.239E+00
1.020E+00	6.216E+00	5.810E-03	6.211E+00	6.222E+00	6.215E+00	6.218E+00	6.216E+00	6.216E+00
1.030E+00	6.194E+00	5.902E-03	6.188E+00	6.200E+00	6.193E+00	6.195E+00	6.194E+00	6.194E+00
1.040E+00	6.172E+00	5.991E-03	6.166E+00	6.178E+00	6.170E+00	6.173E+00	6.172E+00	6.172E+00
1.050E+00	6.149E+00	6.078E-03	6.143E+00	6.155E+00	6.148E+00	6.151E+00	6.149E+00	6.149E+00
1.060E+00	6.127E+00	6.161E-03	6.121E+00	6.133E+00	6.126E+00	6.128E+00	6.127E+00	6.127E+00
1.070E+00	6.104E+00	6.242E-03	6.098E+00	6.111E+00	6.103E+00	6.106E+00	6.104E+00	6.105E+00
1.080E+00	6.082E+00	6.320E-03	6.076E+00	6.088E+00	6.081E+00	6.083E+00	6.082E+00	6.082E+00
1.090E+00	6.059E+00	6.395E-03	6.053E+00	6.066E+00	6.058E+00	6.061E+00	6.059E+00	6.060E+00
1.100E+00	6.037E+00	6.467E-03	6.031E+00	6.043E+00	6.036E+00	6.038E+00	6.037E+00	6.037E+00
1.110E+00	6.014E+00	6.537E-03	6.008E+00	6.021E+00	6.013E+00	6.016E+00	6.014E+00	6.014E+00
1.120E+00	5.992E+00	6.603E-03	5.985E+00	5.998E+00	5.990E+00	5.993E+00	5.991E+00	5.992E+00
1.130E+00	5.969E+00	6.667E-03	5.962E+00	5.975E+00	5.968E+00	5.970E+00	5.969E+00	5.969E+00
1.140E+00	5.946E+00	6.728E-03	5.939E+00	5.953E+00	5.945E+00	5.947E+00	5.946E+00	5.946E+00
1.150E+00	5.923E+00	6.786E-03	5.917E+00	5.930E+00	5.922E+00	5.924E+00	5.923E+00	5.923E+00
1.160E+00	5.900E+00	6.841E-03	5.894E+00	5.907E+00	5.899E+00	5.902E+00	5.900E+00	5.901E+00
1.170E+00	5.878E+00	6.894E-03	5.871E+00	5.884E+00	5.876E+00	5.879E+00	5.877E+00	5.878E+00
1.180E+00	5.855E+00	6.943E-03	5.848E+00	5.862E+00	5.853E+00	5.856E+00	5.855E+00	5.855E+00
1.190E+00	5.832E+00	6.990E-03	5.825E+00	5.839E+00	5.831E+00	5.833E+00	5.832E+00	5.832E+00
1.200E+00	5.809E+00	7.034E-03	5.802E+00	5.816E+00	5.808E+00	5.810E+00	5.809E+00	5.809E+00
1.210E+00	5.786E+00	7.076E-03	5.779E+00	5.793E+00	5.785E+00	5.787E+00	5.786E+00	5.786E+00
1.220E+00	5.763E+00	7.114E-03	5.756E+00	5.770E+00	5.762E+00	5.764E+00	5.763E+00	5.763E+00
1.230E+00	5.740E+00	7.150E-03	5.733E+00	5.747E+00	5.739E+00	5.741E+00	5.740E+00	5.740E+00
1.240E+00	5.717E+00	7.184E-03	5.710E+00	5.724E+00	5.716E+00	5.718E+00	5.717E+00	5.717E+00
1.250E+00	5.694E+00	7.214E-03	5.687E+00	5.701E+00	5.693E+00	5.695E+00	5.693E+00	5.694E+00
1.260E+00	5.671E+00	7.242E-03	5.663E+00	5.678E+00	5.669E+00	5.672E+00	5.670E+00	5.671E+00
1.270E+00	5.647E+00	7.267E-03	5.640E+00	5.655E+00	5.646E+00	5.648E+00	5.647E+00	5.648E+00
1.280E+00	5.624E+00	7.289E-03	5.617E+00	5.632E+00	5.623E+00	5.625E+00	5.624E+00	5.624E+00
1.290E+00	5.601E+00	7.309E-03	5.594E+00	5.608E+00	5.600E+00	5.602E+00	5.601E+00	5.601E+00
1.300E+00	5.578E+00	7.327E-03	5.571E+00	5.585E+00	5.577E+00	5.579E+00	5.578E+00	5.578E+00
1.310E+00	5.555E+00	7.341E-03	5.548E+00	5.562E+00	5.554E+00	5.556E+00	5.555E+00	5.555E+00
1.320E+00	5.532E+00	7.353E-03	5.524E+00	5.539E+00	5.531E+00	5.532E+00	5.531E+00	5.532E+00
1.330E+00	5.508E+00	7.363E-03	5.501E+00	5.516E+00	5.507E+00	5.509E+00	5.508E+00	5.509E+00
1.340E+00	5.485E+00	7.370E-03	5.478E+00	5.493E+00	5.484E+00	5.486E+00	5.485E+00	5.485E+00
1.350E+00	5.462E+00	7.375E-03	5.455E+00	5.469E+00	5.461E+00	5.463E+00	5.462E+00	5.462E+00
1.360E+00	5.439E+00	7.377E-03	5.431E+00	5.446E+00	5.438E+00	5.439E+00	5.438E+00	5.439E+00
1.370E+00	5.415E+00	7.376E-03	5.408E+00	5.423E+00	5.415E+00	5.416E+00	5.415E+00	5.416E+00
1.380E+00	5.392E+00	7.374E-03	5.385E+00	5.400E+00	5.391E+00	5.393E+00	5.392E+00	5.392E+00
1.390E+00	5.369E+00	7.368E-03	5.362E+00	5.376E+00	5.368E+00	5.370E+00	5.369E+00	5.369E+00
1.400E+00	5.346E+00	7.361E-03	5.338E+00	5.353E+00	5.345E+00	5.346E+00	5.345E+00	5.346E+00
1.410E+00	5.322E+00	7.351E-03	5.315E+00	5.330E+00	5.322E+00	5.323E+00	5.322E+00	5.323E+00
1.420E+00	5.299E+00	7.339E-03	5.292E+00	5.307E+00	5.298E+00	5.300E+00	5.299E+00	5.299E+00
1.430E+00	5.276E+00	7.324E-03	5.269E+00	5.283E+00	5.275E+00	5.277E+00	5.276E+00	5.276E+00
1.440E+00	5.253E+00	7.307E-03	5.245E+00	5.260E+00	5.252E+00	5.253E+00	5.252E+00	5.253E+00
1.450E+00	5.229E+00	7.288E-03	5.222E+00	5.237E+00	5.229E+00	5.230E+00	5.229E+00	5.230E+00
1.460E+00	5.206E+00	7.267E-03	5.199E+00	5.213E+00	5.205E+00	5.207E+00	5.206E+00	5.206E+00
1.470E+00	5.183E+00	7.243E-03	5.176E+00	5.190E+00	5.182E+00	5.184E+00	5.183E+00	5.183E+00
1.480E+00	5.160E+00	7.217E-03	5.153E+00	5.167E+00	5.159E+00	5.160E+00	5.159E+00	5.160E+00
1.490E+00	5.136E+00	7.189E-03	5.129E+00	5.144E+00	5.136E+00	5.137E+00	5.136E+00	5.137E+00
1.500E+00	5.113E+00	7.159E-03	5.106E+00	5.120E+00	5.113E+00	5.114E+00	5.113E+00	5.113E+00
1.510E+00	5.090E+00	7.127E-03	5.083E+00	5.097E+00	5.089E+00	5.091E+00	5.090E+00	5.090E+00
1.520E+00	5.067E+00	7.093E-03	5.060E+00	5.074E+00	5.066E+00	5.067E+00	5.067E+00	5.067E+00
1.530E+00	5.044E+00	7.057E-03	5.037E+00	5.051E+00	5.043E+00	5.044E+00	5.043E+00	5.044E+00
1.540E+00	5.020E+00	7.018E-03	5.014E+00	5.028E+00	5.020E+00	5.021E+00	5.020E+00	5.021E+00
1.550E+00	4.997E+00	6.978E-03	4.990E+00	5.004E+00	4.997E+00	4.998E+00	4.997E+00	4.997E+00
1.560E+00	4.974E+00	6.936E-03	4.967E+00	4.981E+00	4.974E+00	4.975E+00	4.974E+00	4.974E+00
1.570E+00	4.951E+00	6.892E-03	4.944E+00	4.958E+00	4.950E+00	4.951E+00	4.951E+00	4.951E+00
1.580E+00	4.928E+00	6.845E-03	4.921E+00	4.935E+00	4.927E+00	4.928E+00	4.928E+00	4.928E+00
1.590E+00	4.905E+00	6.797E-03	4.898E+00	4.912E+00	4.904E+00	4.905E+00	4.905E+00	4.905E+00
1.600E+00	4.882E+00	6.748E-03	4.875E+00	4.889E+00	4.881E+00	4.882E+00	4.881E+00	4.882E+00
1.610E+00	4.859E+00	6.696E-03	4.852E+00	4.865E+00	4.858E+00	4.859E+00	4.858E+00	4.859E+00
1.620E+00	4.836E+00	6.642E-03	4.829E+00	4.842E+00	4.835E+00	4.836E+00	4.835E+00	4.836E+00
1.630E+00	4.813E+00	6.587E-03	4.806E+00	4.819E+00	4.812E+00	4.813E+00	4.812E+00	4.813E+00
1.640E+00	4.790E+00	6.530E-03	4.783E+00	4.796E+00	4.789E+00	4.790E+00	4.789E+00	4.790E+00
1.650E+00	4.767E+00	6.471E-03	4.760E+00	4.773E+00	4.766E+00	4.767E+00	4.766E+00	4.767E+00
1.660E+00	4.744E+00	6.411E-03	4.737E+00	4.750E+00	4.743E+00	4.744E+00	4.743E+00	4.744E+00
1.670E+00	4.721E+00	6.348E-03	4.714E+00	4.727E+00	4.720E+00	4.721E+00	4.720E+00	4.721E+00
1.680E+00	4.698E+00	6.284E-03	4.692E+00	4.704E+00	4.697E+00	4.698E+00	4.698E+00	4.698E+00
1.690E+00	4.675E+00	6.219E-03	4.669E+00	4.681E+00	4.675E+00	4.675E+00	4.675E+00	4.675E+00
1.700E+00	4.652E+00	6.152E-03	4.646E+00	4.658E+00	4.652E+00	4.652E+00	4.652E+00	4.652E+00
1.710E+00	4.629E+00	6.083E-03	4.623E+00	4.635E+00	4.629E+00	4.629E+00	4.629E+00	4.629E+00
1.720E+00	4.606E+00	6.013E-03	4.601E+00	4.613E+00	4.606E+00	4.607E+00	4.606E+00	4.607E+00
1.730E+00	4.584E+00	5.942E-03	4.578E+00	4.590E+00	4.583E+00	4.584E+00	4.583E+00	4.584E+00
1.740E+00	4.561E+00	5.868E-03	4.555E+00	4.567E+00	4.561E+00	4.561E+00	4.561E+00	4.561E+00
1.750E+00	4.538E+00	5.794E-03	4.533E+00	4.544E+00	4.538E+00	4.538E+00	4.538E+00	4.538E+00
1.760E+00	4.516E+00	5.718E-03	4.510E+00	4.522E+00	4.515E+00	4.516E+00	4.515E+00	4.516E+00
1.770E+00	4.493E+00	5.640E-03	4.488E+00	4.499E+00	4.493E+00	4.493E+00	4.493E+00	4.493E+00
1.780E+00	4.470E+00	5.562E-03	4.465E+00	4.476E+00	4.470E+00	4.471E+00	4.470E+00	4.471E+00
1.790E+00	4.448E+00	5.482E-03	4.443E+00	4.454E+00	4.448E+00	4.448E+00	4.448E+00	4.448E+00
1.800E+00	4.425E+00	5.400E-03	4.420E+00	4.431E+00	4.425E+00	4.425E+00	4.425E+00	4.426E+00
1.810E+00	4.403E+00	5.317E-03	4.398E+00	4.408E+00	4.403E+00	4.403E+00	4.403E+00	4.403E+00
1.820E+00	4.380E+00	5.233E-03	4.375E+00	4.386E+00	4.380E+00	4.380E+00	4.380E+00	4.381E+00
1.830E+00	4.358E+00	5.148E-03	4.353E+00	4.363E+00	4.358E+00	4.358E+00	4.358E+00	4.358E+00
1.840E+00	4.336E+00	5.062E-03	4.331E+00	4.341E+00	4.336E+00	4.336E+00	4.335E+00	4.336E+00
1.850E+00	4.313E+00	4.974E-03	4.309E+00	4.318E+00	4.313E+00	4.313E+00	4.313E+00	4.314E+00
1.860E+00	4.291E+00	4.886E-03	4.286E+00	4.296E+00	4.291E+00	4.291E+00	4.291E+00	4.291E+00
1.870E+00	4.269E+00	4.796E-03	4.264E+00	4.274E+00	4.269E+00	4.269E+00	4.269E+00	4.269E+00
1.880E+00	4.247E+00	4.705E-03	4.242E+00	4.251E+00	4.247E+00	4.247E+00	4.246E+00	4.247E+00
1.890E+00	4.224E+00	4.613E-03	4.220E+00	4.229E+00	4.224E+00	4.224E+00	4.224E+00	4.225E+00
1.900E+00	4.202E+00	4.520E-03	4.198E+00	4.207E+00	4.202E+00	4.202E+00	4.202E+00	4.203E+00
1.910E+00	4.180E+00	4.426E-03	4.176E+00	4.185E+00	4.180E+00	4.180E+00	4.180E+00	4.180E+00
1.920E+00	4.158E+00	4.331E-03	4.154E+00	4.163E+00	4.158E+00	4.158E+00	4.158E+00	4.158E+00
1.930E+00	4.136E+00	4.235E-03	4.132E+00	4.141E+00	4.136E+00	4.136E+00	4.136E+00	4.136E+00
1.940E+00	4.114E+00	4.138E-03	4.110E+00	4.119E+00	4.114E+00	4.114E+00	4.114E+00	4.114E+00
1.950E+00	4.092E+00	4.041E-03	4.089E+00	4.097E+00	4.093E+00	4.092E+00	4.092E+00	4.093E+00
1.960E+00	4.071E+00	3.942E-03	4.067E+00	4.075E+00	4.071E+00	4.070E+00	4.070E+00	4.071E+00
1.970E+00	4.049E+00	3.843E-03	4.045E+00	4.053E+00	4.049E+00	4.049E+00	4.049E+00	4.049E+00
1.980E+00	4.027E+00	3.742E-03	4.024E+00	4.031E+00	4.027E+00	4.027E+00	4.027E+00	4.027E+00
1.990E+00	4.005E+00	3.642E-03	4.002E+00	4.009E+00	4.005E+00	4.005E+00	4.005E+00	4.006E+00
2.000E+00	3.984E+00	3.540E-03	3.980E+00	3.987E+00	3.984E+00	3.983E+00	3.983E+00	3.984E+00
2.010E+00	3.962E+00	3.438E-03	3.959E+00	3.966E+00	3.962E+00	3.962E+00	3.962E+00	3.962E+00
2.020E+00	3.941E+00	3.335E-03	3.937E+00	3.944E+00	3.941E+00	3.940E+00	3.940E+00	3.941E+00
2.030E+00	3.919E+00	3.231E-03	3.916E+00	3.922E+00	3.919E+00	3.919E+00	3.919E+00	3.919E+00
2.040E+00	3.898E+00	3.127E-03	3.895E+00	3.901E+00	3.898E+00	3.897E+00	3.897E+00	3.898E+00
2.050E+00	3.876E+00	3.022E-03	3.873E+00	3.879E+00	3.876E+00	3.876E+00	3.876E+00	3.876E+00
2.060E+00	3.855E+00	2.917E-03	3.852E+00	3.858E+00	3.855E+00	3.855E+00	3.855E+00	3.855E+00
2.070E+00	3.834E+00	2.811E-03	3.831E+00	3.837E+00	3.834E+00	3.833E+00	3.833E+00	3.834E+00
2.080E+00	3.812E+00	2.705E-03	3.810E+00	3.815E+00	3.813E+00	3.812E+00	3.812E+00	3.813E+00
2.090E+00	3.791E+00	2.599E-03	3.789E+00	3.794E+00	3.791E+00	3.791E+00	3.791E+00	3.791E+00
2.100E+00	3.770E+00	2.492E-03	3.768E+00	3.773E+00	3.770E+00	3.770E+00	3.770E+00	3.770E+00
2.110E+00	3.749E+00	2.385E-03	3.747E+00	3.752E+00	3.749E+00	3.749E+00	3.749E+00	3.749E+00
2.120E+00	3.728E+00	2.278E-03	3.726E+00	3.730E+00	3.728E+00	3.728E+00	3.728E+00	3.728E+00
2.130E+00	3.707E+00	2.171E-03	3.705E+00	3.709E+00	3.707E+00	3.707E+00	3.707E+00	3.707E+00
2.140E+00	3.686E+00	2.064E-03	3.684E+00	3.688E+00	3.687E+00	3.686E+00	3.686E+00	3.686E+00
2.150E+00	3.665E+00	1.957E-03	3.664E+00	3.667E+00	3.666E+00	3.665E+00	3.665E+00	3.666E+00
2.160E+00	3.645E+00	1.850E-03	3.643E+00	3.647E+00	3.645E+00	3.644E+00	3.644E+00	3.645E+00
2.170E+00	3.624E+00	1.744E-03	3.622E+00	3.626E+00	3.624E+00	3.623E+00	3.624E+00	3.624E+00
2.180E+00	3.603E+00	1.638E-03	3.602E+00	3.605E+00	3.604E+00	3.603E+00	3.603E+00	3.603E+00
2.190E+00	3.583E+00	1.533E-03	3.581E+00	3.584E+00	3.583E+00	3.582E+00	3.582E+00	3.583E+00
2.200E+00	3.562E+00	1.429E-03	3.561E+00	3.564E+00	3.562E+00	3.562E+00	3.562E+00	3.562E+00
2.210E+00	3.542E+00	1.326E-03	3.541E+00	3.543E+00	3.542E+00	3.541E+00	3.541E+00	3.542E+00
2.220E+00	3.521E+00	1.226E-03	3.520E+00	3.522E+00	3.522E+00	3.521E+00	3.521E+00	3.521E+00
2.230E+00	3.501E+00	1.128E-03	3.500E+00	3.502E+00	3.501E+00	3.500E+00	3.501E+00	3.501E+00
2.240E+00	3.480E+00	1.034E-03	3.480E+00	3.482E+00	3.481E+00	3.480E+00	3.480E+00	3.481E+00
2.250E+00	3.460E+00	9.438E-04	3.460E+00	3.461E+00	3.461E+00	3.460E+00	3.460E+00	3.460E+00
2.260E+00	3.440E+00	8.601E-04	3.440E+00	3.441E+00	3.441E+00	3.440E+00	3.440E+00	3.440E+00
2.270E+00	3.420E+00	7.846E-04	3.420E+00	3.421E+00	3.420E+00	3.419E+00	3.420E+00	3.420E+00
2.280E+00	3.400E+00	7.201E-04	3.400E+00	3.401E+00	3.400E+00	3.399E+00	3.400E+00	3.400E+00
2.290E+00	3.380E+00	6.699E-04	3.380E+00	3.380E+00	3.380E+00	3.379E+00	3.380E+00	3.380E+00
2.300E+00	3.360E+00	6.373E-04	3.360E+00	3.360E+00	3.361E+00	3.359E+00	3.360E+00	3.360E+00
2.310E+00	3.340E+00	6.253E-04	3.340E+00	3.340E+00	3.341E+00	3.340E+00	3.340E+00	3.340E+00
2.320E+00	3.320E+00	6.351E-04	3.321E+00	3.321E+00	3.321E+00	3.320E+00	3.320E+00	3.321E+00
2.330E+00	3.301E+00	6.657E-04	3.301E+00	3.301E+00	3.301E+00	3.300E+00	3.300E+00	3.301E+00
2.340E+00	3.281E+00	7.147E-04	3.282E+00	3.281E+00	3.282E+00	3.280E+00	3.281E+00	3.281E+00
2.350E+00	3.261E+00	7.784E-04	3.262E+00	3.261E+00	3.262E+00	3.261E+00	3.261E+00	3.262E+00
2.360E+00	3.242E+00	8.537E-04	3.243E+00	3.242E+00	3.242E+00	3.241E+00	3.242E+00	3.242E+00
2.370E+00	3.222E+00	9.377E-04	3.223E+00	3.222E+00	3.223E+00	3.222E+00	3.222E+00	3.223E+00
2.380E+00	3.203E+00	1.028E-03	3.204E+00	3.202E+00	3.204E+00	3.202E+00	3.203E+00	3.203E+00
2.390E+00	3.184E+00	1.124E-03	3.185E+00	3.183E+00	3.184E+00	3.183E+00	3.183E+00	3.184E+00
2.400E+00	3.164E+00	1.223E-03	3.166E+00	3.164E+00	3.165E+00	3.164E+00	3.164E+00	3.165E+00
2.410E+00	3.145E+00	1.326E-03	3.147E+00	3.144E+00	3.146E+00	3.144E+00	3.145E+00	3.145E+00
2.420E+00	3.126E+00	1.430E-03	3.128E+00	3.125E+00	3.127E+00	3.125E+00	3.126E+00	3.126E+00
2.430E+00	3.107E+00	1.537E-03	3.109E+00	3.106E+00	3.108E+00	3.106E+00	3.107E+00	3.107E+00
2.440E+00	3.088E+00	1.644E-03	3.090E+00	3.087E+00	3.089E+00	3.087E+00	3.088E+00	3.088E+00
2.450E+00	3.069E+00	1.753E-03	3.071E+00	3.068E+00	3.070E+00	3.068E+00	3.069E+00	3.069E+00
2.460E+00	3.050E+00	1.863E-03	3.052E+00	3.049E+00	3.051E+00	3.049E+00	3.050E+00	3.050E+00
2.470E+00	3.031E+00	1.974E-03	3.034E+00	3.030E+00	3.032E+00	3.031E+00	3.031E+00	3.032E+00
2.480E+00	3.013E+00	2.085E-03	3.015E+00	3.011E+00	3.013E+00	3.012E+00	3.012E+00	3.013E+00
2.490E+00	2.994E+00	2.196E-03	2.996E+00	2.992E+00	2.995E+00	2.993E+00	2.994E+00	2.994E+00
2.500E+00	2.975E+00	2.308E-03	2.978E+00	2.974E+00	2.976E+00	2.975E+00	2.975E+00	2.976E+00
2.510E+00	2.957E+00	2.419E-03	2.960E+00	2.955E+00	2.958E+00	2.956E+00	2.957E+00	2.957E+00
2.520E+00	2.939E+00	2.532E-03	2.941E+00	2.936E+00	2.939E+00	2.938E+00	2.938E+00	2.939E+00
2.530E+00	2.920E+00	2.644E-03	2.923E+00	2.918E+00	2.921E+00	2.919E+00	2.920E+00	2.920E+00
2.540E+00	2.902E+00	2.756E-03	2.905E+00	2.900E+00	2.903E+00	2.901E+00	2.902E+00	2.902E+00
2.550E+00	2.884E+00	2.868E-03	2.887E+00	2.881E+00	2.884E+00	2.883E+00	2.883E+00	2.884E+00
2.560E+00	2.865E+00	2.980E-03	2.869E+00	2.863E+00	2.866E+00	2.865E+00	2.865E+00	2.866E+00
2.570E+00	2.847E+00	3.092E-03	2.851E+00	2.845E+00	2.848E+00	2.847E+00	2.847E+00	2.848E+00
2.580E+00	2.829E+00	3.204E-03	2.833E+00	2.827E+00	2.830E+00	2.829E+00	2.829E+00	2.830E+00
2.590E+00	2.811E+00	3.315E-03	2.815E+00	2.808E+00	2.812E+00	2.811E+00	2.811E+00	2.812E+00
2.600E+00	2.794E+00	3.427E-03	2.797E+00	2.790E+00	2.794E+00	2.793E+00	2.793E+00	2.794E+00
2.610E+00	2.776E+00	3.538E-03	2.779E+00	2.773E+00	2.777E+00	2.775E+00	2.775E+00	2.776E+00
2.620E+00	2.758E+00	3.649E-03	2.762E+00	2.755E+00	2.759E+00	2.757E+00	2.758E+00	2.758E+00
2.630E+00	2.740E+00	3.760E-03	2.744E+00	2.737E+00	2.741E+00	2.739E+00	2.740E+00	2.741E+00
2.640E+00	2.723E+00	3.870E-03	2.727E+00	2.719E+00	2.724E+00	2.722E+00	2.722E+00	2.723E+00
2.650E+00	2.705E+00	3.980E-03	2.709E+00	2.702E+00	2.706E+00	2.704E+00	2.705E+00	2.705E+00
2.660E+00	2.688E+00	4.090E-03	2.692E+00	2.684E+00	2.689E+00	2.687E+00	2.688E+00	2.688E+00
2.670E+00	2.670E+00	4.199E-03	2.675E+00	2.667E+00	2.671E+00	2.670E+00	2.670E+00	2.671E+00
2.680E+00	2.653E+00	4.308E-03	2.658E+00	2.649E+00	2.654E+00	2.652E+00	2.653E+00	2.653E+00
2.690E+00	2.636E+00	4.417E-03	2.640E+00	2.632E+00	2.637E+00	2.635E+00	2.636E+00	2.636E+00
2.700E+00	2.619E+00	4.525E-03	2.623E+00	2.615E+00	2.620E+00	2.618E+00	2.618E+00	2.619E+00
2.710E+00	2.602E+00	4.633E-03	2.606E+00	2.597E+00	2.603E+00	2.601E+00	2.601E+00	2.602E+00
2.720E+00	2.585E+00	4.740E-03	2.590E+00	2.580E+00	2.586E+00	2.584E+00	2.584E+00	2.585E+00
2.730E+00	2.568E+00	4.847E-03	2.573E+00	2.563E+00	2.569E+00	2.567E+00	2.567E+00	2.568E+00
2.740E+00	2.551E+00	4.953E-03	2.556E+00	2.546E+00	2.552E+00	2.550E+00	2.551E+00	2.551E+00
2.750E+00	2.534E+00	5.059E-03	2.539E+00	2.529E+00	2.535E+00	2.533E+00	2.534E+00	2.534E+00
2.760E+00	2.517E+00	5.164E-03	2.523E+00	2.513E+00	2.518E+00	2.516E+00	2.517E+00	2.518E+00
2.770E+00	2.501E+00	5.269E-03	2.506E+00	2.496E+00	2.502E+00	2.500E+00	2.500E+00	2.501E+00
2.780E+00	2.484E+00	5.373E-03	2.490E+00	2.479E+00	2.485E+00	2.483E+00	2.484E+00	2.484E+00
2.790E+00	2.468E+00	5.477E-03	2.473E+00	2.462E+00	2.469E+00	2.467E+00	2.467E+00	2.468E+00
2.800E+00	2.451E+00	5.580E-03	2.457E+00	2.446E+00	2.452E+00	2.450E+00	2.451E+00	2.451E+00
2.810E+00	2.435E+00	5.683E-03	2.441E+00	2.429E+00	2.436E+00	2.434E+00	2.435E+00	2.435E+00
2.820E+00	2.419E+00	5.785E-03	2.425E+00	2.413E+00	2.419E+00	2.418E+00	2.418E+00	2.419E+00
2.830E+00	2.402E+00	5.886E-03	2.408E+00	2.397E+00	2.403E+00	2.401E+00	2.402E+00	2.403E+00
2.840E+00	2.386E+00	5.987E-03	2.392E+00	2.381E+00	2.387E+00	2.385E+00	2.386E+00	2.386E+00
2.850E+00	2.370E+00	6.088E-03	2.376E+00	2.364E+00	2.371E+00	2.369E+00	2.370E+00	2.370E+00
2.860E+00	2.354E+00	6.187E-03	2.361E+00	2.348E+00	2.355E+00	2.353E+00	2.354E+00	2.354E+00
2.870E+00	2.338E+00	6.286E-03	2.345E+00	2.332E+00	2.339E+00	2.337E+00	2.338E+00	2.338E+00
2.880E+00	2.322E+00	6.385E-03	2.329E+00	2.316E+00	2.323E+00	2.321E+00	2.322E+00	2.323E+00
2.890E+00	2.307E+00	6.482E-03	2.313E+00	2.301E+00	2.308E+00	2.306E+00	2.306E+00	2.307E+00
2.900E+00	2.291E+00	6.580E-03	2.298E+00	2.285E+00	2.292E+00	2.290E+00	2.291E+00	2.291E+00
2.910E+00	2.275E+00	6.676E-03	2.282E+00	2.269E+00	2.276E+00	2.274E+00	2.275E+00	2.276E+00
2.920E+00	2.260E+00	6.772E-03	2.267E+00	2.253E+00	2.261E+00	2.259E+00	2.260E+00	2.260E+00
2.930E+00	2.244E+00	6.867E-03	2.251E+00	2.238E+00	2.245E+00	2.243E+00	2.244E+00	2.245E+00
2.940E+00	2.229E+00	6.961E-03	2.236E+00	2.222E+00	2.230E+00	2.228E+00	2.229E+00	2.229E+00
2.950E+00	2.214E+00	7.055E-03	2.221E+00	2.207E+00	2.215E+00	2.213E+00	2.213E+00	2.214E+00
2.960E+00	2.198E+00	7.148E-03	2.206E+00	2.192E+00	2.199E+00	2.197E+00	2.198E+00	2.199E+00
2.970E+00	2.183E+00	7.240E-03	2.191E+00	2.176E+00	2.184E+00	2.182E+00	2.183E+00	2.183E+00
2.980E+00	2.168E+00	7.332E-03	2.176E+00	2.161E+00	2.169E+00	2.167E+00	2.168E+00	2.168E+00
2.990E+00	2.153E+00	7.423E-03	2.161E+00	2.146E+00	2.154E+00	2.152E+00	2.153E+00	2.153E+00
3.000E+00	2.138E+00	7.513E-03	2.146E+00	2.131E+00	2.139E+00	2.137E+00	2.138E+00	2.138E+00
