1.000E-02	4.715E+00	3.199E-02	4.747E+00	4.684E+00	4.710E+00	4.721E+00	4.714E+00	4.717E+00
2.000E-02	4.715E+00	3.182E-02	4.746E+00	4.683E+00	4.709E+00	4.720E+00	4.714E+00	4.716E+00
3.000E-02	4.714E+00	3.158E-02	4.745E+00	4.682E+00	4.708E+00	4.719E+00	4.713E+00	4.715E+00
4.000E-02	4.712E+00	3.130E-02	4.743E+00	4.681E+00	4.707E+00	4.718E+00	4.711E+00	4.713E+00
5.000E-02	4.710E+00	3.097E-02	4.741E+00	4.680E+00	4.705E+00	4.716E+00	4.709E+00	4.712E+00
6.000E-02	4.708E+00	3.061E-02	4.738E+00	4.678E+00	4.703E+00	4.714E+00	4.707E+00	4.709E+00
7.000E-02	4.706E+00	3.023E-02	4.736E+00	4.676E+00	4.701E+00	4.711E+00	4.705E+00	4.707E+00
8.000E-02	4.703E+00	2.981E-02	4.732E+00	4.674E+00	4.698E+00	4.709E+00	4.702E+00	4.704E+00
9.000E-02	4.700E+00	2.938E-02	4.729E+00	4.671E+00	4.695E+00	4.706E+00	4.699E+00	4.701E+00
1.000E-01	4.697E+00	2.892E-02	4.725E+00	4.669E+00	4.692E+00	4.702E+00	4.696E+00	4.698E+00
1.100E-01	4.694E+00	2.844E-02	4.721E+00	4.665E+00	4.688E+00	4.699E+00	4.693E+00	4.695E+00
1.200E-01	4.690E+00	2.795E-02	4.717E+00	4.662E+00	4.685E+00	4.695E+00	4.689E+00	4.691E+00
1.300E-01	4.686E+00	2.744E-02	4.712E+00	4.659E+00	4.681E+00	4.691E+00	4.685E+00	4.687E+00
1.400E-01	4.682E+00	2.692E-02	4.708E+00	4.655E+00	4.676E+00	4.687E+00	4.681E+00	4.683E+00
1.500E-01	4.677E+00	2.638E-02	4.703E+00	4.651E+00	4.672E+00	4.682E+00	4.676E+00	4.678E+00
1.600E-01	4.672E+00	2.584E-02	4.697E+00	4.647E+00	4.667E+00	4.678E+00	4.671E+00	4.673E+00
1.700E-01	4.667E+00	2.528E-02	4.692E+00	4.642E+00	4.662E+00	4.673E+00	4.666E+00	4.668E+00
1.800E-01	4.662E+00	2.471E-02	4.686E+00	4.637E+00	4.657E+00	4.667E+00	4.661E+00	4.663E+00
1.900E-01	4.657E+00	2.414E-02	4.680E+00	4.633E+00	4.651E+00	4.662E+00	4.656E+00	4.658E+00
2.000E-01	4.651E+00	2.356E-02	4.673E+00	4.627E+00	4.646E+00	4.656E+00	4.650E+00	4.652E+00
2.100E-01	4.645E+00	2.298E-02	4.667E+00	4.622E+00	4.640E+00	4.650E+00	4.644E+00	4.646E+00
2.200E-01	4.639E+00	2.239E-02	4.660E+00	4.616E+00	4.634E+00	4.644E+00	4.638E+00	4.640E+00
2.300E-01	4.632E+00	2.179E-02	4.653E+00	4.611E+00	4.627E+00	4.637E+00	4.631E+00	4.634E+00
2.400E-01	4.626E+00	2.119E-02	4.646E+00	4.605E+00	4.621E+00	4.631E+00	4.625E+00	4.627E+00
2.500E-01	4.619E+00	2.059E-02	4.638E+00	4.598E+00	4.614E+00	4.624E+00	4.618E+00	4.620E+00
2.600E-01	4.612E+00	1.999E-02	4.631E+00	4.592E+00	4.607E+00	4.617E+00	4.611E+00	4.613E+00
2.700E-01	4.605E+00	1.939E-02	4.623E+00	4.585E+00	4.600E+00	4.610E+00	4.604E+00	4.606E+00
2.800E-01	4.597E+00	1.878E-02	4.615E+00	4.578E+00	4.592E+00	4.602E+00	4.596E+00	4.598E+00
2.900E-01	4.590E+00	1.818E-02	4.606E+00	4.571E+00	4.585E+00	4.595E+00	4.588E+00	4.591E+00
3.000E-01	4.582E+00	1.757E-02	4.598E+00	4.564E+00	4.577E+00	4.587E+00	4.580E+00	4.583E+00
3.100E-01	4.574E+00	1.697E-02	4.589E+00	4.557E+00	4.569E+00	4.579E+00	4.572E+00	4.575E+00
3.200E-01	4.565E+00	1.637E-02	4.580E+00	4.549E+00	4.560E+00	4.570E+00	4.564E+00	4.567E+00
3.300E-01	4.557E+00	1.577E-02	4.571E+00	4.541E+00	4.552E+00	4.562E+00	4.556E+00	4.558E+00
3.400E-01	4.548E+00	1.517E-02	4.562E+00	4.533E+00	4.543E+00	4.553E+00	4.547E+00	4.549E+00
3.500E-01	4.539E+00	1.458E-02	4.552E+00	4.525E+00	4.535E+00	4.544E+00	4.538E+00	4.541E+00
3.600E-01	4.530E+00	1.399E-02	4.543E+00	4.516E+00	4.525E+00	4.535E+00	4.529E+00	4.532E+00
3.700E-01	4.521E+00	1.341E-02	4.533E+00	4.508E+00	4.516E+00	4.526E+00	4.520E+00	4.522E+00
3.800E-01	4.512E+00	1.283E-02	4.523E+00	4.499E+00	4.507E+00	4.516E+00	4.510E+00	4.513E+00
3.900E-01	4.502E+00	1.226E-02	4.512E+00	4.490E+00	4.497E+00	4.507E+00	4.501E+00	4.503E+00
4.000E-01	4.492E+00	1.169E-02	4.502E+00	4.481E+00	4.488E+00	4.497E+00	4.491E+00	4.494E+00
4.100E-01	4.482E+00	1.114E-02	4.492E+00	4.471E+00	4.478E+00	4.487E+00	4.481E+00	4.484E+00
4.200E-01	4.472E+00	1.059E-02	4.481E+00	4.462E+00	4.468E+00	4.477E+00	4.471E+00	4.473E+00
4.300E-01	4.462E+00	1.005E-02	4.470E+00	4.452E+00	4.457E+00	4.466E+00	4.461E+00	4.463E+00
4.400E-01	4.451E+00	9.527E-03	4.459E+00	4.442E+00	4.447E+00	4.456E+00	4.450E+00	4.453E+00
4.500E-01	4.441E+00	9.012E-03	4.448E+00	4.432E+00	4.436E+00	4.445E+00	4.439E+00	4.442E+00
4.600E-01	4.430E+00	8.511E-03	4.436E+00	4.422E+00	4.425E+00	4.434E+00	4.429E+00	4.431E+00
4.700E-01	4.419E+00	8.025E-03	4.425E+00	4.412E+00	4.414E+00	4.423E+00	4.418E+00	4.420E+00
4.800E-01	4.408E+00	7.555E-03	4.413E+00	4.401E+00	4.403E+00	4.412E+00	4.406E+00	4.409E+00
4.900E-01	4.396E+00	7.105E-03	4.401E+00	4.390E+00	4.392E+00	4.401E+00	4.395E+00	4.398E+00
5.000E-01	4.385E+00	6.675E-03	4.389E+00	4.379E+00	4.381E+00	4.389E+00	4.384E+00	4.386E+00
5.100E-01	4.373E+00	6.270E-03	4.377E+00	4.368E+00	4.369E+00	4.378E+00	4.372E+00	4.375E+00
5.200E-01	4.362E+00	5.893E-03	4.365E+00	4.357E+00	4.357E+00	4.366E+00	4.360E+00	4.363E+00
5.300E-01	4.350E+00	5.546E-03	4.352E+00	4.346E+00	4.345E+00	4.354E+00	4.348E+00	4.351E+00
5.400E-01	4.338E+00	5.236E-03	4.339E+00	4.334E+00	4.333E+00	4.342E+00	4.336E+00	4.339E+00
5.500E-01	4.325E+00	4.965E-03	4.327E+00	4.322E+00	4.321E+00	4.330E+00	4.324E+00	4.327E+00
5.600E-01	4.313E+00	4.738E-03	4.314E+00	4.311E+00	4.309E+00	4.317E+00	4.312E+00	4.314E+00
5.700E-01	4.300E+00	4.560E-03	4.301E+00	4.299E+00	4.296E+00	4.305E+00	4.299E+00	4.302E+00
5.800E-01	4.288E+00	4.434E-03	4.288E+00	4.286E+00	4.284E+00	4.292E+00	4.286E+00	4.289E+00
5.900E-01	4.275E+00	4.362E-03	4.274E+00	4.274E+00	4.271E+00	4.279E+00	4.273E+00	4.277E+00
6.000E-01	4.262E+00	4.343E-03	4.261E+00	4.262E+00	4.258E+00	4.266E+00	4.261E+00	4.264E+00
6.100E-01	4.249E+00	4.375E-03	4.247E+00	4.249E+00	4.245E+00	4.253E+00	4.247E+00	4.251E+00
6.200E-01	4.236E+00	4.456E-03	4.234E+00	4.236E+00	4.232E+00	4.240E+00	4.234E+00	4.237E+00
6.300E-01	4.222E+00	4.579E-03	4.220E+00	4.223E+00	4.219E+00	4.226E+00	4.221E+00	4.224E+00
6.400E-01	4.209E+00	4.738E-03	4.206E+00	4.210E+00	4.205E+00	4.213E+00	4.207E+00	4.211E+00
6.500E-01	4.195E+00	4.929E-03	4.192E+00	4.197E+00	4.192E+00	4.199E+00	4.194E+00	4.197E+00
6.600E-01	4.182E+00	5.145E-03	4.178E+00	4.184E+00	4.178E+00	4.185E+00	4.180E+00	4.183E+00
6.700E-01	4.168E+00	5.380E-03	4.164E+00	4.171E+00	4.164E+00	4.172E+00	4.166E+00	4.169E+00
6.800E-01	4.154E+00	5.631E-03	4.149E+00	4.157E+00	4.150E+00	4.158E+00	4.152E+00	4.155E+00
6.900E-01	4.140E+00	5.893E-03	4.135E+00	4.143E+00	4.136E+00	4.143E+00	4.138E+00	4.141E+00
7.000E-01	4.126E+00	6.163E-03	4.120E+00	4.130E+00	4.122E+00	4.129E+00	4.124E+00	4.127E+00
7.100E-01	4.111E+00	6.439E-03	4.106E+00	4.116E+00	4.108E+00	4.115E+00	4.110E+00	4.113E+00
7.200E-01	4.097E+00	6.717E-03	4.091E+00	4.102E+00	4.093E+00	4.100E+00	4.095E+00	4.098E+00
7.300E-01	4.082E+00	6.997E-03	4.076E+00	4.087E+00	4.079E+00	4.086E+00	4.081E+00	4.084E+00
7.400E-01	4.068E+00	7.275E-03	4.061E+00	4.073E+00	4.064E+00	4.071E+00	4.066E+00	4.069E+00
7.500E-01	4.053E+00	7.553E-03	4.046E+00	4.059E+00	4.049E+00	4.056E+00	4.051E+00	4.055E+00
7.600E-01	4.038E+00	7.827E-03	4.031E+00	4.044E+00	4.035E+00	4.041E+00	4.036E+00	4.040E+00
7.700E-01	4.023E+00	8.097E-03	4.015E+00	4.030E+00	4.020E+00	4.026E+00	4.021E+00	4.025E+00
7.800E-01	4.008E+00	8.362E-03	4.000E+00	4.015E+00	4.005E+00	4.011E+00	4.006E+00	4.010E+00
7.900E-01	3.993E+00	8.622E-03	3.985E+00	4.000E+00	3.989E+00	3.996E+00	3.991E+00	3.995E+00
8.000E-01	3.977E+00	8.877E-03	3.969E+00	3.985E+00	3.974E+00	3.981E+00	3.976E+00	3.979E+00
8.100E-01	3.962E+00	9.124E-03	3.953E+00	3.970E+00	3.959E+00	3.965E+00	3.960E+00	3.964E+00
8.200E-01	3.947E+00	9.365E-03	3.938E+00	3.955E+00	3.943E+00	3.950E+00	3.945E+00	3.948E+00
8.300E-01	3.931E+00	9.599E-03	3.922E+00	3.940E+00	3.928E+00	3.934E+00	3.929E+00	3.933E+00
8.400E-01	3.915E+00	9.825E-03	3.906E+00	3.924E+00	3.912E+00	3.919E+00	3.914E+00	3.917E+00
8.500E-01	3.900E+00	1.004E-02	3.890E+00	3.909E+00	3.897E+00	3.903E+00	3.898E+00	3.902E+00
8.600E-01	3.884E+00	1.025E-02	3.874E+00	3.893E+00	3.881E+00	3.887E+00	3.882E+00	3.886E+00
8.700E-01	3.868E+00	1.046E-02	3.858E+00	3.877E+00	3.865E+00	3.871E+00	3.866E+00	3.870E+00
8.800E-01	3.852E+00	1.065E-02	3.842E+00	3.862E+00	3.849E+00	3.855E+00	3.850E+00	3.854E+00
8.900E-01	3.836E+00	1.084E-02	3.825E+00	3.846E+00	3.833E+00	3.839E+00	3.834E+00	3.838E+00
9.000E-01	3.820E+00	1.101E-02	3.809E+00	3.830E+00	3.817E+00	3.823E+00	3.818E+00	3.822E+00
9.100E-01	3.804E+00	1.118E-02	3.793E+00	3.814E+00	3.801E+00	3.806E+00	3.802E+00	3.805E+00
9.200E-01	3.787E+00	1.134E-02	3.776E+00	3.798E+00	3.784E+00	3.790E+00	3.785E+00	3.789E+00
9.300E-01	3.771E+00	1.149E-02	3.760E+00	3.782E+00	3.768E+00	3.774E+00	3.769E+00	3.773E+00
9.400E-01	3.754E+00	1.163E-02	3.743E+00	3.765E+00	3.752E+00	3.757E+00	3.752E+00	3.756E+00
9.500E-01	3.738E+00	1.177E-02	3.726E+00	3.749E+00	3.735E+00	3.741E+00	3.736E+00	3.740E+00
9.600E-01	3.721E+00	1.189E-02	3.710E+00	3.733E+00	3.719E+00	3.724E+00	3.719E+00	3.723E+00
9.700E-01	3.705E+00	1.201E-02	3.693E+00	3.716E+00	3.702E+00	3.707E+00	3.703E+00	3.707E+00
9.800E-01	3.688E+00	1.211E-02	3.676E+00	3.700E+00	3.685E+00	3.690E+00	3.686E+00	3.690E+00
9.900E-01	3.671E+00	1.221E-02	3.659E+00	3.683E+00	3.669E+00	3.674E+00	3.669E+00	3.673E+00
1.000E+00	3.654E+00	1.230E-02	3.642E+00	3.666E+00	3.652E+00	3.657E+00	3.652E+00	3.656E+00
1.010E+00	3.637E+00	1.238E-02	3.625E+00	3.649E+00	3.635E+00	3.640E+00	3.635E+00	3.640E+00
1.020E+00	3.620E+00	1.245E-02	3.608E+00	3.633E+00	3.618E+00	3.623E+00	3.618E+00	3.623E+00
1.030E+00	3.603E+00	1.251E-02	3.591E+00	3.616E+00	3.601E+00	3.606E+00	3.601E+00	3.606E+00
1.040E+00	3.586E+00	1.256E-02	3.574E+00	3.599E+00	3.584E+00	3.589E+00	3.584E+00	3.589E+00
1.050E+00	3.569E+00	1.260E-02	3.557E+00	3.582E+00	3.567E+00	3.572E+00	3.567E+00	3.571E+00
1.060E+00	3.552E+00	1.264E-02	3.540E+00	3.564E+00	3.550E+00	3.554E+00	3.550E+00	3.554E+00
1.070E+00	3.535E+00	1.266E-02	3.523E+00	3.547E+00	3.533E+00	3.537E+00	3.533E+00	3.537E+00
1.080E+00	3.518E+00	1.268E-02	3.505E+00	3.530E+00	3.516E+00	3.520E+00	3.515E+00	3.520E+00
1.090E+00	3.500E+00	1.269E-02	3.488E+00	3.513E+00	3.498E+00	3.502E+00	3.498E+00	3.503E+00
1.100E+00	3.483E+00	1.269E-02	3.471E+00	3.495E+00	3.481E+00	3.485E+00	3.481E+00	3.485E+00
1.110E+00	3.466E+00	1.268E-02	3.453E+00	3.478E+00	3.464E+00	3.468E+00	3.463E+00	3.468E+00
1.120E+00	3.448E+00	1.266E-02	3.436E+00	3.461E+00	3.446E+00	3.450E+00	3.446E+00	3.450E+00
1.130E+00	3.431E+00	1.264E-02	3.419E+00	3.443E+00	3.429E+00	3.433E+00	3.428E+00	3.433E+00
1.140E+00	3.413E+00	1.260E-02	3.401E+00	3.426E+00	3.411E+00	3.415E+00	3.411E+00	3.416E+00
1.150E+00	3.396E+00	1.256E-02	3.384E+00	3.408E+00	3.394E+00	3.397E+00	3.393E+00	3.398E+00
1.160E+00	3.378E+00	1.251E-02	3.366E+00	3.391E+00	3.376E+00	3.380E+00	3.376E+00	3.380E+00
1.170E+00	3.361E+00	1.245E-02	3.349E+00	3.373E+00	3.359E+00	3.362E+00	3.358E+00	3.363E+00
1.180E+00	3.343E+00	1.239E-02	3.331E+00	3.355E+00	3.341E+00	3.345E+00	3.341E+00	3.345E+00
1.190E+00	3.325E+00	1.231E-02	3.314E+00	3.338E+00	3.324E+00	3.327E+00	3.323E+00	3.328E+00
1.200E+00	3.308E+00	1.223E-02	3.296E+00	3.320E+00	3.306E+00	3.309E+00	3.305E+00	3.310E+00
1.210E+00	3.290E+00	1.214E-02	3.278E+00	3.302E+00	3.288E+00	3.291E+00	3.288E+00	3.292E+00
1.220E+00	3.272E+00	1.204E-02	3.261E+00	3.284E+00	3.271E+00	3.274E+00	3.270E+00	3.275E+00
1.230E+00	3.254E+00	1.194E-02	3.243E+00	3.266E+00	3.253E+00	3.256E+00	3.252E+00	3.257E+00
1.240E+00	3.237E+00	1.182E-02	3.226E+00	3.249E+00	3.235E+00	3.238E+00	3.234E+00	3.239E+00
1.250E+00	3.219E+00	1.170E-02	3.208E+00	3.231E+00	3.217E+00	3.220E+00	3.216E+00	3.221E+00
1.260E+00	3.201E+00	1.158E-02	3.190E+00	3.213E+00	3.200E+00	3.202E+00	3.199E+00	3.203E+00
1.270E+00	3.183E+00	1.144E-02	3.173E+00	3.195E+00	3.182E+00	3.184E+00	3.181E+00	3.186E+00
1.280E+00	3.165E+00	1.130E-02	3.155E+00	3.177E+00	3.164E+00	3.167E+00	3.163E+00	3.168E+00
1.290E+00	3.148E+00	1.115E-02	3.137E+00	3.159E+00	3.146E+00	3.149E+00	3.145E+00	3.150E+00
1.300E+00	3.130E+00	1.100E-02	3.120E+00	3.141E+00	3.129E+00	3.131E+00	3.127E+00	3.132E+00
1.310E+00	3.112E+00	1.084E-02	3.102E+00	3.123E+00	3.111E+00	3.113E+00	3.109E+00	3.114E+00
1.320E+00	3.094E+00	1.067E-02	3.084E+00	3.105E+00	3.093E+00	3.095E+00	3.091E+00	3.096E+00
1.330E+00	3.076E+00	1.050E-02	3.066E+00	3.087E+00	3.075E+00	3.077E+00	3.074E+00	3.079E+00
1.340E+00	3.058E+00	1.032E-02	3.049E+00	3.069E+00	3.057E+00	3.059E+00	3.056E+00	3.061E+00
1.350E+00	3.040E+00	1.013E-02	3.031E+00	3.051E+00	3.039E+00	3.041E+00	3.038E+00	3.043E+00
1.360E+00	3.022E+00	9.940E-03	3.013E+00	3.033E+00	3.021E+00	3.023E+00	3.020E+00	3.025E+00
1.370E+00	3.004E+00	9.743E-03	2.996E+00	3.014E+00	3.004E+00	3.005E+00	3.002E+00	3.007E+00
1.380E+00	2.987E+00	9.540E-03	2.978E+00	2.996E+00	2.986E+00	2.987E+00	2.984E+00	2.989E+00
1.390E+00	2.969E+00	9.331E-03	2.960E+00	2.978E+00	2.968E+00	2.969E+00	2.966E+00	2.971E+00
1.400E+00	2.951E+00	9.117E-03	2.943E+00	2.960E+00	2.950E+00	2.951E+00	2.948E+00	2.953E+00
1.410E+00	2.933E+00	8.899E-03	2.925E+00	2.942E+00	2.932E+00	2.934E+00	2.930E+00	2.935E+00
1.420E+00	2.915E+00	8.675E-03	2.907E+00	2.924E+00	2.914E+00	2.916E+00	2.912E+00	2.918E+00
1.430E+00	2.897E+00	8.447E-03	2.890E+00	2.906E+00	2.897E+00	2.898E+00	2.895E+00	2.900E+00
1.440E+00	2.879E+00	8.214E-03	2.872E+00	2.888E+00	2.879E+00	2.880E+00	2.877E+00	2.882E+00
1.450E+00	2.861E+00	7.978E-03	2.855E+00	2.870E+00	2.861E+00	2.862E+00	2.859E+00	2.864E+00
1.460E+00	2.844E+00	7.737E-03	2.837E+00	2.852E+00	2.843E+00	2.844E+00	2.841E+00	2.846E+00
1.470E+00	2.826E+00	7.493E-03	2.820E+00	2.834E+00	2.825E+00	2.826E+00	2.823E+00	2.828E+00
1.480E+00	2.808E+00	7.245E-03	2.802E+00	2.816E+00	2.808E+00	2.808E+00	2.805E+00	2.811E+00
1.490E+00	2.790E+00	6.995E-03	2.785E+00	2.797E+00	2.790E+00	2.791E+00	2.788E+00	2.793E+00
1.500E+00	2.772E+00	6.741E-03	2.767E+00	2.779E+00	2.772E+00	2.773E+00	2.770E+00	2.775E+00
1.510E+00	2.755E+00	6.486E-03	2.750E+00	2.761E+00	2.754E+00	2.755E+00	2.752E+00	2.757E+00
1.520E+00	2.737E+00	6.229E-03	2.732E+00	2.743E+00	2.737E+00	2.737E+00	2.734E+00	2.740E+00
1.530E+00	2.719E+00	5.970E-03	2.715E+00	2.725E+00	2.719E+00	2.719E+00	2.716E+00	2.722E+00
1.540E+00	2.701E+00	5.711E-03	2.697E+00	2.707E+00	2.701E+00	2.702E+00	2.699E+00	2.704E+00
1.550E+00	2.684E+00	5.452E-03	2.680E+00	2.689E+00	2.684E+00	2.684E+00	2.681E+00	2.686E+00
1.560E+00	2.666E+00	5.194E-03	2.663E+00	2.671E+00	2.666E+00	2.666E+00	2.663E+00	2.669E+00
1.570E+00	2.648E+00	4.938E-03	2.645E+00	2.654E+00	2.648E+00	2.649E+00	2.646E+00	2.651E+00
1.580E+00	2.631E+00	4.685E-03	2.628E+00	2.636E+00	2.631E+00	2.631E+00	2.628E+00	2.634E+00
1.590E+00	2.613E+00	4.437E-03	2.611E+00	2.618E+00	2.613E+00	2.613E+00	2.611E+00	2.616E+00
1.600E+00	2.596E+00	4.195E-03	2.594E+00	2.600E+00	2.596E+00	2.596E+00	2.593E+00	2.598E+00
1.610E+00	2.578E+00	3.961E-03	2.576E+00	2.582E+00	2.578E+00	2.578E+00	2.576E+00	2.581E+00
1.620E+00	2.561E+00	3.738E-03	2.559E+00	2.564E+00	2.561E+00	2.561E+00	2.558E+00	2.564E+00
1.630E+00	2.543E+00	3.528E-03	2.542E+00	2.547E+00	2.543E+00	2.543E+00	2.541E+00	2.546E+00
1.640E+00	2.526E+00	3.337E-03	2.525E+00	2.529E+00	2.526E+00	2.526E+00	2.523E+00	2.529E+00
1.650E+00	2.509E+00	3.167E-03	2.508E+00	2.511E+00	2.509E+00	2.508E+00	2.506E+00	2.511E+00
1.660E+00	2.491E+00	3.023E-03	2.491E+00	2.493E+00	2.491E+00	2.491E+00	2.488E+00	2.494E+00
1.670E+00	2.474E+00	2.911E-03	2.474E+00	2.476E+00	2.474E+00	2.474E+00	2.471E+00	2.477E+00
1.680E+00	2.457E+00	2.835E-03	2.457E+00	2.458E+00	2.457E+00	2.456E+00	2.454E+00	2.459E+00
1.690E+00	2.439E+00	2.799E-03	2.440E+00	2.441E+00	2.440E+00	2.439E+00	2.437E+00	2.442E+00
1.700E+00	2.422E+00	2.805E-03	2.423E+00	2.423E+00	2.422E+00	2.422E+00	2.419E+00	2.425E+00
1.710E+00	2.405E+00	2.854E-03	2.407E+00	2.406E+00	2.405E+00	2.405E+00	2.402E+00	2.408E+00
1.720E+00	2.388E+00	2.945E-03	2.390E+00	2.388E+00	2.388E+00	2.387E+00	2.385E+00	2.391E+00
1.730E+00	2.371E+00	3.074E-03	2.373E+00	2.371E+00	2.371E+00	2.370E+00	2.368E+00	2.374E+00
1.740E+00	2.354E+00	3.238E-03	2.356E+00	2.353E+00	2.354E+00	2.353E+00	2.351E+00	2.357E+00
1.750E+00	2.337E+00	3.432E-03	2.340E+00	2.336E+00	2.337E+00	2.336E+00	2.334E+00	2.340E+00
1.760E+00	2.320E+00	3.651E-03	2.323E+00	2.319E+00	2.320E+00	2.319E+00	2.317E+00	2.323E+00
1.770E+00	2.303E+00	3.893E-03	2.307E+00	2.301E+00	2.303E+00	2.302E+00	2.300E+00	2.306E+00
1.780E+00	2.286E+00	4.152E-03	2.290E+00	2.284E+00	2.287E+00	2.285E+00	2.283E+00	2.289E+00
1.790E+00	2.269E+00	4.428E-03	2.274E+00	2.267E+00	2.270E+00	2.269E+00	2.266E+00	2.272E+00
1.800E+00	2.252E+00	4.715E-03	2.257E+00	2.250E+00	2.253E+00	2.252E+00	2.250E+00	2.255E+00
1.810E+00	2.236E+00	5.014E-03	2.241E+00	2.233E+00	2.236E+00	2.235E+00	2.233E+00	2.239E+00
1.820E+00	2.219E+00	5.322E-03	2.225E+00	2.216E+00	2.220E+00	2.218E+00	2.216E+00	2.222E+00
1.830E+00	2.202E+00	5.638E-03	2.208E+00	2.199E+00	2.203E+00	2.202E+00	2.200E+00	2.205E+00
1.840E+00	2.186E+00	5.960E-03	2.192E+00	2.182E+00	2.187E+00	2.185E+00	2.183E+00	2.189E+00
1.850E+00	2.169E+00	6.288E-03	2.176E+00	2.165E+00	2.170E+00	2.169E+00	2.167E+00	2.172E+00
1.860E+00	2.153E+00	6.620E-03	2.160E+00	2.148E+00	2.154E+00	2.152E+00	2.150E+00	2.156E+00
1.870E+00	2.137E+00	6.957E-03	2.144E+00	2.131E+00	2.137E+00	2.136E+00	2.134E+00	2.139E+00
1.880E+00	2.120E+00	7.297E-03	2.128E+00	2.115E+00	2.121E+00	2.119E+00	2.117E+00	2.123E+00
1.890E+00	2.104E+00	7.640E-03	2.112E+00	2.098E+00	2.105E+00	2.103E+00	2.101E+00	2.107E+00
1.900E+00	2.088E+00	7.986E-03	2.096E+00	2.082E+00	2.089E+00	2.087E+00	2.085E+00	2.091E+00
1.910E+00	2.071E+00	8.334E-03	2.081E+00	2.065E+00	2.072E+00	2.071E+00	2.069E+00	2.074E+00
1.920E+00	2.055E+00	8.684E-03	2.065E+00	2.048E+00	2.056E+00	2.054E+00	2.053E+00	2.058E+00
1.930E+00	2.039E+00	9.035E-03	2.049E+00	2.032E+00	2.040E+00	2.038E+00	2.036E+00	2.042E+00
1.940E+00	2.023E+00	9.387E-03	2.033E+00	2.016E+00	2.024E+00	2.022E+00	2.020E+00	2.026E+00
1.950E+00	2.007E+00	9.740E-03	2.018E+00	1.999E+00	2.008E+00	2.006E+00	2.005E+00	2.010E+00
1.960E+00	1.991E+00	1.009E-02	2.002E+00	1.983E+00	1.993E+00	1.990E+00	1.989E+00	1.994E+00
1.970E+00	1.976E+00	1.045E-02	1.987E+00	1.967E+00	1.977E+00	1.975E+00	1.973E+00	1.978E+00
1.980E+00	1.960E+00	1.080E-02	1.972E+00	1.951E+00	1.961E+00	1.959E+00	1.957E+00	1.963E+00
1.990E+00	1.944E+00	1.116E-02	1.956E+00	1.935E+00	1.945E+00	1.943E+00	1.941E+00	1.947E+00
2.000E+00	1.929E+00	1.151E-02	1.941E+00	1.919E+00	1.930E+00	1.927E+00	1.926E+00	1.931E+00
2.010E+00	1.913E+00	1.187E-02	1.926E+00	1.903E+00	1.914E+00	1.912E+00	1.910E+00	1.916E+00
2.020E+00	1.897E+00	1.222E-02	1.911E+00	1.887E+00	1.899E+00	1.896E+00	1.895E+00	1.900E+00
2.030E+00	1.882E+00	1.258E-02	1.896E+00	1.871E+00	1.883E+00	1.881E+00	1.879E+00	1.885E+00
2.040E+00	1.867E+00	1.293E-02	1.881E+00	1.855E+00	1.868E+00	1.865E+00	1.864E+00	1.869E+00
2.050E+00	1.851E+00	1.328E-02	1.866E+00	1.840E+00	1.853E+00	1.850E+00	1.849E+00	1.854E+00
2.060E+00	1.836E+00	1.364E-02	1.851E+00	1.824E+00	1.837E+00	1.835E+00	1.833E+00	1.839E+00
2.070E+00	1.821E+00	1.399E-02	1.836E+00	1.809E+00	1.822E+00	1.820E+00	1.818E+00	1.824E+00
2.080E+00	1.806E+00	1.434E-02	1.821E+00	1.793E+00	1.807E+00	1.804E+00	1.803E+00	1.809E+00
2.090E+00	1.791E+00	1.468E-02	1.806E+00	1.778E+00	1.792E+00	1.789E+00	1.788E+00	1.794E+00
2.100E+00	1.776E+00	1.503E-02	1.792E+00	1.762E+00	1.777E+00	1.774E+00	1.773E+00	1.779E+00
2.110E+00	1.761E+00	1.538E-02	1.777E+00	1.747E+00	1.762E+00	1.759E+00	1.758E+00	1.764E+00
2.120E+00	1.746E+00	1.572E-02	1.763E+00	1.732E+00	1.747E+00	1.745E+00	1.743E+00	1.749E+00
2.130E+00	1.731E+00	1.606E-02	1.748E+00	1.717E+00	1.733E+00	1.730E+00	1.728E+00	1.734E+00
2.140E+00	1.717E+00	1.640E-02	1.734E+00	1.702E+00	1.718E+00	1.715E+00	1.714E+00	1.719E+00
2.150E+00	1.702E+00	1.674E-02	1.720E+00	1.687E+00	1.703E+00	1.700E+00	1.699E+00	1.705E+00
2.160E+00	1.687E+00	1.708E-02	1.705E+00	1.672E+00	1.689E+00	1.686E+00	1.685E+00	1.690E+00
2.170E+00	1.673E+00	1.742E-02	1.691E+00	1.657E+00	1.674E+00	1.671E+00	1.670E+00	1.676E+00
2.180E+00	1.658E+00	1.775E-02	1.677E+00	1.642E+00	1.660E+00	1.657E+00	1.656E+00	1.661E+00
2.190E+00	1.644E+00	1.808E-02	1.663E+00	1.628E+00	1.646E+00	1.642E+00	1.641E+00	1.647E+00
2.200E+00	1.630E+00	1.841E-02	1.649E+00	1.613E+00	1.631E+00	1.628E+00	1.627E+00	1.633E+00
2.210E+00	1.616E+00	1.874E-02	1.635E+00	1.598E+00	1.617E+00	1.614E+00	1.613E+00	1.618E+00
2.220E+00	1.601E+00	1.906E-02	1.622E+00	1.584E+00	1.603E+00	1.600E+00	1.599E+00	1.604E+00
2.230E+00	1.587E+00	1.938E-02	1.608E+00	1.570E+00	1.589E+00	1.586E+00	1.585E+00	1.590E+00
2.240E+00	1.573E+00	1.970E-02	1.594E+00	1.555E+00	1.575E+00	1.572E+00	1.571E+00	1.576E+00
2.250E+00	1.559E+00	2.002E-02	1.581E+00	1.541E+00	1.561E+00	1.558E+00	1.557E+00	1.562E+00
2.260E+00	1.546E+00	2.033E-02	1.567E+00	1.527E+00	1.547E+00	1.544E+00	1.543E+00	1.548E+00
2.270E+00	1.532E+00	2.065E-02	1.554E+00	1.513E+00	1.533E+00	1.530E+00	1.529E+00	1.535E+00
2.280E+00	1.518E+00	2.096E-02	1.540E+00	1.499E+00	1.520E+00	1.516E+00	1.515E+00	1.521E+00
2.290E+00	1.504E+00	2.126E-02	1.527E+00	1.485E+00	1.506E+00	1.503E+00	1.502E+00	1.507E+00
2.300E+00	1.491E+00	2.157E-02	1.514E+00	1.471E+00	1.493E+00	1.489E+00	1.488E+00	1.494E+00
2.310E+00	1.477E+00	2.187E-02	1.500E+00	1.457E+00	1.479E+00	1.476E+00	1.475E+00	1.480E+00
2.320E+00	1.464E+00	2.216E-02	1.487E+00	1.444E+00	1.466E+00	1.462E+00	1.461E+00	1.467E+00
2.330E+00	1.451E+00	2.246E-02	1.474E+00	1.430E+00	1.452E+00	1.449E+00	1.448E+00	1.453E+00
2.340E+00	1.437E+00	2.275E-02	1.461E+00	1.416E+00	1.439E+00	1.436E+00	1.435E+00	1.440E+00
2.350E+00	1.424E+00	2.304E-02	1.449E+00	1.403E+00	1.426E+00	1.423E+00	1.422E+00	1.427E+00
2.360E+00	1.411E+00	2.332E-02	1.436E+00	1.390E+00	1.413E+00	1.409E+00	1.409E+00	1.414E+00
2.370E+00	1.398E+00	2.361E-02	1.423E+00	1.376E+00	1.400E+00	1.396E+00	1.396E+00	1.401E+00
2.380E+00	1.385E+00	2.388E-02	1.410E+00	1.363E+00	1.387E+00	1.383E+00	1.383E+00	1.388E+00
2.390E+00	1.372E+00	2.416E-02	1.398E+00	1.350E+00	1.374E+00	1.371E+00	1.370E+00	1.375E+00
2.400E+00	1.360E+00	2.443E-02	1.385E+00	1.337E+00	1.361E+00	1.358E+00	1.357E+00	1.362E+00
2.410E+00	1.347E+00	2.470E-02	1.373E+00	1.324E+00	1.349E+00	1.345E+00	1.344E+00	1.350E+00
2.420E+00	1.334E+00	2.497E-02	1.360E+00	1.311E+00	1.336E+00	1.332E+00	1.332E+00	1.337E+00
2.430E+00	1.322E+00	2.523E-02	1.348E+00	1.298E+00	1.324E+00	1.320E+00	1.319E+00	1.324E+00
2.440E+00	1.309E+00	2.549E-02	1.336E+00	1.285E+00	1.311E+00	1.307E+00	1.307E+00	1.312E+00
2.450E+00	1.297E+00	2.574E-02	1.324E+00	1.273E+00	1.299E+00	1.295E+00	1.294E+00	1.299E+00
2.460E+00	1.284E+00	2.599E-02	1.312E+00	1.260E+00	1.286E+00	1.283E+00	1.282E+00	1.287E+00
2.470E+00	1.272E+00	2.624E-02	1.300E+00	1.248E+00	1.274E+00	1.270E+00	1.270E+00	1.275E+00
2.480E+00	1.260E+00	2.649E-02	1.288E+00	1.235E+00	1.262E+00	1.258E+00	1.257E+00	1.263E+00
2.490E+00	1.248E+00	2.673E-02	1.276E+00	1.223E+00	1.250E+00	1.246E+00	1.245E+00	1.251E+00
2.500E+00	1.236E+00	2.696E-02	1.264E+00	1.211E+00	1.238E+00	1.234E+00	1.233E+00	1.239E+00
2.510E+00	1.224E+00	2.720E-02	1.252E+00	1.198E+00	1.226E+00	1.222E+00	1.221E+00	1.227E+00
2.520E+00	1.212E+00	2.743E-02	1.241E+00	1.186E+00	1.214E+00	1.210E+00	1.210E+00	1.215E+00
2.530E+00	1.200E+00	2.765E-02	1.229E+00	1.174E+00	1.202E+00	1.198E+00	1.198E+00	1.203E+00
2.540E+00	1.189E+00	2.788E-02	1.218E+00	1.162E+00	1.191E+00	1.187E+00	1.186E+00	1.191E+00
2.550E+00	1.177E+00	2.809E-02	1.206E+00	1.150E+00	1.179E+00	1.175E+00	1.174E+00	1.180E+00
2.560E+00	1.165E+00	2.831E-02	1.195E+00	1.139E+00	1.167E+00	1.164E+00	1.163E+00	1.168E+00
2.570E+00	1.154E+00	2.852E-02	1.184E+00	1.127E+00	1.156E+00	1.152E+00	1.151E+00	1.156E+00
2.580E+00	1.143E+00	2.873E-02	1.173E+00	1.115E+00	1.144E+00	1.141E+00	1.140E+00	1.145E+00
2.590E+00	1.131E+00	2.893E-02	1.161E+00	1.104E+00	1.133E+00	1.129E+00	1.129E+00	1.134E+00
2.600E+00	1.120E+00	2.913E-02	1.150E+00	1.092E+00	1.122E+00	1.118E+00	1.117E+00	1.122E+00
2.610E+00	1.109E+00	2.933E-02	1.139E+00	1.081E+00	1.111E+00	1.107E+00	1.106E+00	1.111E+00
2.620E+00	1.098E+00	2.952E-02	1.128E+00	1.070E+00	1.100E+00	1.096E+00	1.095E+00	1.100E+00
2.630E+00	1.087E+00	2.970E-02	1.118E+00	1.059E+00	1.089E+00	1.085E+00	1.084E+00	1.089E+00
2.640E+00	1.076E+00	2.989E-02	1.107E+00	1.047E+00	1.078E+00	1.074E+00	1.073E+00	1.078E+00
2.650E+00	1.065E+00	3.007E-02	1.096E+00	1.036E+00	1.067E+00	1.063E+00	1.062E+00	1.067E+00
2.660E+00	1.054E+00	3.024E-02	1.086E+00	1.025E+00	1.056E+00	1.052E+00	1.052E+00	1.057E+00
2.670E+00	1.043E+00	3.042E-02	1.075E+00	1.015E+00	1.045E+00	1.041E+00	1.041E+00	1.046E+00
2.680E+00	1.033E+00	3.058E-02	1.065E+00	1.004E+00	1.035E+00	1.031E+00	1.030E+00	1.035E+00
2.690E+00	1.022E+00	3.075E-02	1.054E+00	9.931E-01	1.024E+00	1.020E+00	1.020E+00	1.025E+00
2.700E+00	1.012E+00	3.091E-02	1.044E+00	9.824E-01	1.014E+00	1.010E+00	1.009E+00	1.014E+00
2.710E+00	1.001E+00	3.107E-02	1.034E+00	9.719E-01	1.003E+00	9.994E-01	9.989E-01	1.004E+00
2.720E+00	9.910E-01	3.122E-02	1.024E+00	9.614E-01	9.930E-01	9.890E-01	9.886E-01	9.934E-01
2.730E+00	9.808E-01	3.137E-02	1.013E+00	9.510E-01	9.827E-01	9.788E-01	9.784E-01	9.831E-01
2.740E+00	9.706E-01	3.151E-02	1.003E+00	9.407E-01	9.725E-01	9.686E-01	9.682E-01	9.730E-01
2.750E+00	9.605E-01	3.165E-02	9.934E-01	9.304E-01	9.624E-01	9.585E-01	9.581E-01	9.629E-01
2.760E+00	9.505E-01	3.179E-02	9.836E-01	9.203E-01	9.524E-01	9.485E-01	9.481E-01	9.528E-01
2.770E+00	9.405E-01	3.192E-02	9.738E-01	9.102E-01	9.425E-01	9.386E-01	9.382E-01	9.429E-01
2.780E+00	9.306E-01	3.205E-02	9.640E-01	9.002E-01	9.326E-01	9.287E-01	9.283E-01	9.330E-01
2.790E+00	9.209E-01	3.217E-02	9.543E-01	8.903E-01	9.228E-01	9.189E-01	9.185E-01	9.232E-01
2.800E+00	9.111E-01	3.229E-02	9.447E-01	8.804E-01	9.131E-01	9.092E-01	9.088E-01	9.134E-01
2.810E+00	9.015E-01	3.241E-02	9.352E-01	8.707E-01	9.034E-01	8.995E-01	8.992E-01	9.038E-01
2.820E+00	8.919E-01	3.252E-02	9.258E-01	8.610E-01	8.939E-01	8.900E-01	8.896E-01	8.942E-01
2.830E+00	8.824E-01	3.263E-02	9.164E-01	8.514E-01	8.844E-01	8.805E-01	8.801E-01	8.847E-01
2.840E+00	8.730E-01	3.274E-02	9.071E-01	8.419E-01	8.750E-01	8.710E-01	8.707E-01	8.753E-01
2.850E+00	8.637E-01	3.284E-02	8.978E-01	8.324E-01	8.656E-01	8.617E-01	8.614E-01	8.659E-01
2.860E+00	8.544E-01	3.294E-02	8.887E-01	8.230E-01	8.563E-01	8.524E-01	8.521E-01	8.566E-01
2.870E+00	8.452E-01	3.303E-02	8.795E-01	8.138E-01	8.471E-01	8.432E-01	8.429E-01	8.474E-01
2.880E+00	8.361E-01	3.312E-02	8.705E-01	8.045E-01	8.380E-01	8.341E-01	8.338E-01	8.383E-01
2.890E+00	8.270E-01	3.321E-02	8.616E-01	7.954E-01	8.289E-01	8.251E-01	8.248E-01	8.292E-01
2.900E+00	8.180E-01	3.329E-02	8.527E-01	7.863E-01	8.200E-01	8.161E-01	8.158E-01	8.202E-01
2.910E+00	8.091E-01	3.337E-02	8.438E-01	7.774E-01	8.111E-01	8.072E-01	8.069E-01	8.113E-01
2.920E+00	8.003E-01	3.344E-02	8.351E-01	7.684E-01	8.022E-01	7.983E-01	7.981E-01	8.025E-01
2.930E+00	7.915E-01	3.351E-02	8.264E-01	7.596E-01	7.934E-01	7.896E-01	7.893E-01	7.937E-01
2.940E+00	7.828E-01	3.358E-02	8.178E-01	7.509E-01	7.848E-01	7.809E-01	7.807E-01	7.850E-01
2.950E+00	7.742E-01	3.364E-02	8.092E-01	7.422E-01	7.761E-01	7.723E-01	7.721E-01	7.764E-01
2.960E+00	7.657E-01	3.370E-02	8.007E-01	7.336E-01	7.676E-01	7.637E-01	7.635E-01	7.678E-01
2.970E+00	7.572E-01	3.376E-02	7.923E-01	7.250E-01	7.591E-01	7.553E-01	7.551E-01	7.593E-01
2.980E+00	7.488E-01	3.381E-02	7.840E-01	7.166E-01	7.507E-01	7.469E-01	7.467E-01	7.509E-01
2.990E+00	7.404E-01	3.386E-02	7.757E-01	7.082E-01	7.424E-01	7.385E-01	7.383E-01	7.425E-01
3.000E+00	7.322E-01	3.390E-02	7.675E-01	6.999E-01	7.341E-01	7.303E-01	7.301E-01	7.343E-01
