1.000E-02	6.500E+00	3.963E-02	6.539E+00	6.461E+00	6.507E+00	6.493E+00	6.500E+00	6.500E+00
2.000E-02	6.499E+00	3.933E-02	6.537E+00	6.460E+00	6.506E+00	6.491E+00	6.498E+00	6.499E+00
3.000E-02	6.497E+00	3.897E-02	6.535E+00	6.458E+00	6.504E+00	6.489E+00	6.496E+00	6.497E+00
4.000E-02	6.494E+00	3.855E-02	6.532E+00	6.456E+00	6.502E+00	6.487E+00	6.494E+00	6.494E+00
5.000E-02	6.491E+00	3.809E-02	6.529E+00	6.454E+00	6.499E+00	6.484E+00	6.491E+00	6.492E+00
6.000E-02	6.488E+00	3.761E-02	6.525E+00	6.451E+00	6.496E+00	6.481E+00	6.488E+00	6.488E+00
7.000E-02	6.485E+00	3.709E-02	6.521E+00	6.448E+00	6.492E+00	6.477E+00	6.484E+00	6.485E+00
8.000E-02	6.481E+00	3.656E-02	6.516E+00	6.445E+00	6.488E+00	6.473E+00	6.481E+00	6.481E+00
9.000E-02	6.477E+00	3.600E-02	6.512E+00	6.441E+00	6.484E+00	6.469E+00	6.476E+00	6.477E+00
1.000E-01	6.472E+00	3.543E-02	6.506E+00	6.437E+00	6.479E+00	6.465E+00	6.472E+00	6.472E+00
1.100E-01	6.467E+00	3.484E-02	6.501E+00	6.433E+00	6.475E+00	6.460E+00	6.467E+00	6.467E+00
1.200E-01	6.462E+00	3.424E-02	6.495E+00	6.428E+00	6.469E+00	6.455E+00	6.462E+00	6.462E+00
1.300E-01	6.457E+00	3.363E-02	6.489E+00	6.424E+00	6.464E+00	6.450E+00	6.457E+00	6.457E+00
1.400E-01	6.451E+00	3.300E-02	6.483E+00	6.419E+00	6.458E+00	6.444E+00	6.451E+00	6.451E+00
1.500E-01	6.445E+00	3.238E-02	6.477E+00	6.413E+00	6.453E+00	6.438E+00	6.445E+00	6.446E+00
1.600E-01	6.439E+00	3.174E-02	6.470E+00	6.408E+00	6.447E+00	6.432E+00	6.439E+00	6.440E+00
1.700E-01	6.433E+00	3.110E-02	6.463E+00	6.402E+00	6.440E+00	6.426E+00	6.433E+00	6.433E+00
1.800E-01	6.426E+00	3.045E-02	6.455E+00	6.396E+00	6.434E+00	6.419E+00	6.426E+00	6.427E+00
1.900E-01	6.420E+00	2.980E-02	6.448E+00	6.390E+00	6.427E+00	6.412E+00	6.419E+00	6.420E+00
2.000E-01	6.413E+00	2.914E-02	6.440E+00	6.384E+00	6.420E+00	6.405E+00	6.412E+00	6.413E+00
2.100E-01	6.405E+00	2.848E-02	6.432E+00	6.377E+00	6.412E+00	6.398E+00	6.405E+00	6.406E+00
2.200E-01	6.398E+00	2.782E-02	6.424E+00	6.370E+00	6.405E+00	6.391E+00	6.398E+00	6.398E+00
2.300E-01	6.390E+00	2.716E-02	6.416E+00	6.363E+00	6.397E+00	6.383E+00	6.390E+00	6.391E+00
2.400E-01	6.382E+00	2.650E-02	6.407E+00	6.356E+00	6.389E+00	6.375E+00	6.382E+00	6.383E+00
2.500E-01	6.374E+00	2.584E-02	6.399E+00	6.349E+00	6.381E+00	6.367E+00	6.374E+00	6.375E+00
2.600E-01	6.366E+00	2.518E-02	6.390E+00	6.341E+00	6.373E+00	6.359E+00	6.366E+00	6.366E+00
2.700E-01	6.358E+00	2.452E-02	6.380E+00	6.333E+00	6.365E+00	6.351E+00	6.357E+00	6.358E+00
2.800E-01	6.349E+00	2.386E-02	6.371E+00	6.325E+00	6.356E+00	6.342E+00	6.349E+00	6.349E+00
2.900E-01	6.340E+00	2.320E-02	6.362E+00	6.317E+00	6.347E+00	6.333E+00	6.340E+00	6.340E+00
3.000E-01	6.331E+00	2.255E-02	6.352E+00	6.309E+00	6.338E+00	6.324E+00	6.331E+00	6.331E+00
3.100E-01	6.322E+00	2.189E-02	6.342E+00	6.300E+00	6.329E+00	6.315E+00	6.322E+00	6.322E+00
3.200E-01	6.313E+00	2.124E-02	6.332E+00	6.292E+00	6.320E+00	6.306E+00	6.312E+00	6.313E+00
3.300E-01	6.303E+00	2.060E-02	6.322E+00	6.283E+00	6.310E+00	6.296E+00	6.303E+00	6.303E+00
3.400E-01	6.293E+00	1.996E-02	6.311E+00	6.274E+00	6.300E+00	6.287E+00	6.293E+00	6.294E+00
3.500E-01	6.284E+00	1.932E-02	6.301E+00	6.265E+00	6.290E+00	6.277E+00	6.283E+00	6.284E+00
3.600E-01	6.274E+00	1.869E-02	6.290E+00	6.255E+00	6.280E+00	6.267E+00	6.273E+00	6.274E+00
3.700E-01	6.263E+00	1.807E-02	6.279E+00	6.246E+00	6.270E+00	6.257E+00	6.263E+00	6.264E+00
3.800E-01	6.253E+00	1.745E-02	6.268E+00	6.236E+00	6.260E+00	6.246E+00	6.253E+00	6.253E+00
3.900E-01	6.243E+00	1.683E-02	6.257E+00	6.226E+00	6.249E+00	6.236E+00	6.242E+00	6.243E+00
4.000E-01	6.232E+00	1.623E-02	6.246E+00	6.216E+00	6.239E+00	6.225E+00	6.232E+00	6.232E+00
4.100E-01	6.221E+00	1.563E-02	6.234E+00	6.206E+00	6.228E+00	6.214E+00	6.221E+00	6.221E+00
4.200E-01	6.210E+00	1.504E-02	6.223E+00	6.196E+00	6.217E+00	6.204E+00	6.210E+00	6.211E+00
4.300E-01	6.199E+00	1.445E-02	6.211E+00	6.185E+00	6.206E+00	6.192E+00	6.199E+00	6.199E+00
4.400E-01	6.188E+00	1.388E-02	6.199E+00	6.175E+00	6.194E+00	6.181E+00	6.187E+00	6.188E+00
4.500E-01	6.176E+00	1.332E-02	6.187E+00	6.164E+00	6.183E+00	6.170E+00	6.176E+00	6.177E+00
4.600E-01	6.165E+00	1.276E-02	6.175E+00	6.153E+00	6.172E+00	6.158E+00	6.165E+00	6.165E+00
4.700E-01	6.153E+00	1.222E-02	6.163E+00	6.142E+00	6.160E+00	6.147E+00	6.153E+00	6.154E+00
4.800E-01	6.142E+00	1.169E-02	6.150E+00	6.131E+00	6.148E+00	6.135E+00	6.141E+00	6.142E+00
4.900E-01	6.130E+00	1.117E-02	6.138E+00	6.120E+00	6.136E+00	6.123E+00	6.129E+00	6.130E+00
5.000E-01	6.118E+00	1.067E-02	6.125E+00	6.108E+00	6.124E+00	6.111E+00	6.117E+00	6.118E+00
5.100E-01	6.105E+00	1.018E-02	6.112E+00	6.097E+00	6.112E+00	6.099E+00	6.105E+00	6.106E+00
5.200E-01	6.093E+00	9.709E-03	6.100E+00	6.085E+00	6.099E+00	6.087E+00	6.093E+00	6.094E+00
5.300E-01	6.081E+00	9.256E-03	6.087E+00	6.073E+00	6.087E+00	6.074E+00	6.080E+00	6.081E+00
5.400E-01	6.068E+00	8.822E-03	6.073E+00	6.061E+00	6.074E+00	6.062E+00	6.068E+00	6.069E+00
5.500E-01	6.055E+00	8.410E-03	6.060E+00	6.049E+00	6.062E+00	6.049E+00	6.055E+00	6.056E+00
5.600E-01	6.043E+00	8.021E-03	6.047E+00	6.037E+00	6.049E+00	6.036E+00	6.042E+00	6.043E+00
5.700E-01	6.030E+00	7.658E-03	6.033E+00	6.024E+00	6.036E+00	6.024E+00	6.029E+00	6.030E+00
5.800E-01	6.017E+00	7.324E-03	6.020E+00	6.012E+00	6.023E+00	6.011E+00	6.016E+00	6.017E+00
5.900E-01	6.004E+00	7.020E-03	6.006E+00	5.999E+00	6.010E+00	5.997E+00	6.003E+00	6.004E+00
6.000E-01	5.990E+00	6.749E-03	5.992E+00	5.987E+00	5.996E+00	5.984E+00	5.990E+00	5.991E+00
6.100E-01	5.977E+00	6.514E-03	5.979E+00	5.974E+00	5.983E+00	5.971E+00	5.976E+00	5.977E+00
6.200E-01	5.963E+00	6.318E-03	5.965E+00	5.961E+00	5.970E+00	5.957E+00	5.963E+00	5.964E+00
6.300E-01	5.950E+00	6.161E-03	5.950E+00	5.948E+00	5.956E+00	5.944E+00	5.949E+00	5.950E+00
6.400E-01	5.936E+00	6.046E-03	5.936E+00	5.935E+00	5.942E+00	5.930E+00	5.936E+00	5.937E+00
6.500E-01	5.922E+00	5.972E-03	5.922E+00	5.922E+00	5.928E+00	5.917E+00	5.922E+00	5.923E+00
6.600E-01	5.909E+00	5.941E-03	5.908E+00	5.908E+00	5.914E+00	5.903E+00	5.908E+00	5.909E+00
6.700E-01	5.895E+00	5.949E-03	5.893E+00	5.895E+00	5.900E+00	5.889E+00	5.894E+00	5.895E+00
6.800E-01	5.880E+00	5.997E-03	5.879E+00	5.881E+00	5.886E+00	5.875E+00	5.880E+00	5.881E+00
6.900E-01	5.866E+00	6.080E-03	5.864E+00	5.867E+00	5.872E+00	5.861E+00	5.866E+00	5.867E+00
7.000E-01	5.852E+00	6.196E-03	5.849E+00	5.854E+00	5.858E+00	5.846E+00	5.851E+00	5.853E+00
7.100E-01	5.838E+00	6.341E-03	5.834E+00	5.840E+00	5.843E+00	5.832E+00	5.837E+00	5.838E+00
7.200E-01	5.823E+00	6.513E-03	5.819E+00	5.826E+00	5.829E+00	5.817E+00	5.823E+00	5.824E+00
7.300E-01	5.809E+00	6.706E-03	5.805E+00	5.812E+00	5.814E+00	5.803E+00	5.808E+00	5.809E+00
7.400E-01	5.794E+00	6.918E-03	5.789E+00	5.797E+00	5.800E+00	5.788E+00	5.793E+00	5.795E+00
7.500E-01	5.779E+00	7.147E-03	5.774E+00	5.783E+00	5.785E+00	5.774E+00	5.779E+00	5.780E+00
7.600E-01	5.764E+00	7.388E-03	5.759E+00	5.769E+00	5.770E+00	5.759E+00	5.764E+00	5.765E+00
7.700E-01	5.750E+00	7.640E-03	5.744E+00	5.754E+00	5.755E+00	5.744E+00	5.749E+00	5.750E+00
7.800E-01	5.735E+00	7.900E-03	5.728E+00	5.740E+00	5.740E+00	5.729E+00	5.734E+00	5.735E+00
7.900E-01	5.719E+00	8.167E-03	5.713E+00	5.725E+00	5.725E+00	5.714E+00	5.719E+00	5.720E+00
8.000E-01	5.704E+00	8.438E-03	5.697E+00	5.710E+00	5.710E+00	5.699E+00	5.704E+00	5.705E+00
8.100E-01	5.689E+00	8.712E-03	5.682E+00	5.695E+00	5.694E+00	5.684E+00	5.688E+00	5.690E+00
8.200E-01	5.674E+00	8.989E-03	5.666E+00	5.681E+00	5.679E+00	5.668E+00	5.673E+00	5.674E+00
8.300E-01	5.658E+00	9.266E-03	5.650E+00	5.666E+00	5.664E+00	5.653E+00	5.658E+00	5.659E+00
8.400E-01	5.643E+00	9.543E-03	5.635E+00	5.651E+00	5.648E+00	5.638E+00	5.642E+00	5.644E+00
8.500E-01	5.627E+00	9.819E-03	5.619E+00	5.635E+00	5.633E+00	5.622E+00	5.627E+00	5.628E+00
8.600E-01	5.612E+00	1.009E-02	5.603E+00	5.620E+00	5.617E+00	5.607E+00	5.611E+00	5.613E+00
8.700E-01	5.596E+00	1.036E-02	5.587E+00	5.605E+00	5.601E+00	5.591E+00	5.595E+00	5.597E+00
8.800E-01	5.580E+00	1.063E-02	5.571E+00	5.589E+00	5.586E+00	5.575E+00	5.580E+00	5.581E+00
8.900E-01	5.565E+00	1.090E-02	5.555E+00	5.574E+00	5.570E+00	5.560E+00	5.564E+00	5.565E+00
9.000E-01	5.549E+00	1.116E-02	5.539E+00	5.558E+00	5.554E+00	5.544E+00	5.548E+00	5.549E+00
9.100E-01	5.533E+00	1.142E-02	5.522E+00	5.543E+00	5.538E+00	5.528E+00	5.532E+00	5.534E+00
9.200E-01	5.517E+00	1.167E-02	5.506E+00	5.527E+00	5.522E+00	5.512E+00	5.516E+00	5.518E+00
9.300E-01	5.501E+00	1.192E-02	5.490E+00	5.511E+00	5.506E+00	5.496E+00	5.500E+00	5.501E+00
9.400E-01	5.485E+00	1.216E-02	5.473E+00	5.495E+00	5.489E+00	5.480E+00	5.484E+00	5.485E+00
9.500E-01	5.468E+00	1.240E-02	5.457E+00	5.480E+00	5.473E+00	5.464E+00	5.468E+00	5.469E+00
9.600E-01	5.452E+00	1.263E-02	5.440E+00	5.464E+00	5.457E+00	5.447E+00	5.451E+00	5.453E+00
9.700E-01	5.436E+00	1.286E-02	5.424E+00	5.448E+00	5.441E+00	5.431E+00	5.435E+00	5.437E+00
9.800E-01	5.419E+00	1.308E-02	5.407E+00	5.432E+00	5.424E+00	5.415E+00	5.419E+00	5.420E+00
9.900E-01	5.403E+00	1.329E-02	5.391E+00	5.415E+00	5.408E+00	5.398E+00	5.402E+00	5.404E+00
1.000E+00	5.387E+00	1.350E-02	5.374E+00	5.399E+00	5.391E+00	5.382E+00	5.386E+00	5.387E+00
1.010E+00	5.370E+00	1.370E-02	5.357E+00	5.383E+00	5.375E+00	5.365E+00	5.369E+00	5.371E+00
1.020E+00	5.353E+00	1.390E-02	5.340E+00	5.366E+00	5.358E+00	5.349E+00	5.353E+00	5.354E+00
1.030E+00	5.337E+00	1.409E-02	5.323E+00	5.350E+00	5.341E+00	5.332E+00	5.336E+00	5.338E+00
1.040E+00	5.320E+00	1.427E-02	5.307E+00	5.334E+00	5.325E+00	5.316E+00	5.319E+00	5.321E+00
1.050E+00	5.303E+00	1.445E-02	5.290E+00	5.317E+00	5.308E+00	5.299E+00	5.302E+00	5.304E+00
1.060E+00	5.287E+00	1.462E-02	5.273E+00	5.301E+00	5.291E+00	5.282E+00	5.286E+00	5.287E+00
1.070E+00	5.270E+00	1.479E-02	5.256E+00	5.284E+00	5.274E+00	5.265E+00	5.269E+00	5.271E+00
1.080E+00	5.253E+00	1.495E-02	5.239E+00	5.267E+00	5.257E+00	5.249E+00	5.252E+00	5.254E+00
1.090E+00	5.236E+00	1.510E-02	5.222E+00	5.251E+00	5.240E+00	5.232E+00	5.235E+00	5.237E+00
1.100E+00	5.219E+00	1.524E-02	5.205E+00	5.234E+00	5.223E+00	5.215E+00	5.218E+00	5.220E+00
1.110E+00	5.202E+00	1.538E-02	5.187E+00	5.217E+00	5.206E+00	5.198E+00	5.201E+00	5.203E+00
1.120E+00	5.185E+00	1.551E-02	5.170E+00	5.200E+00	5.189E+00	5.181E+00	5.184E+00	5.186E+00
1.130E+00	5.168E+00	1.564E-02	5.153E+00	5.183E+00	5.172E+00	5.164E+00	5.167E+00	5.169E+00
1.140E+00	5.151E+00	1.576E-02	5.136E+00	5.166E+00	5.155E+00	5.147E+00	5.150E+00	5.152E+00
1.150E+00	5.134E+00	1.587E-02	5.119E+00	5.149E+00	5.138E+00	5.130E+00	5.133E+00	5.135E+00
1.160E+00	5.116E+00	1.597E-02	5.101E+00	5.132E+00	5.120E+00	5.112E+00	5.115E+00	5.117E+00
1.170E+00	5.099E+00	1.607E-02	5.084E+00	5.115E+00	5.103E+00	5.095E+00	5.098E+00	5.100E+00
1.180E+00	5.082E+00	1.616E-02	5.067E+00	5.098E+00	5.086E+00	5.078E+00	5.081E+00	5.083E+00
1.190E+00	5.065E+00	1.625E-02	5.049E+00	5.081E+00	5.068E+00	5.061E+00	5.064E+00	5.066E+00
1.200E+00	5.047E+00	1.633E-02	5.032E+00	5.063E+00	5.051E+00	5.043E+00	5.046E+00	5.048E+00
1.210E+00	5.030E+00	1.640E-02	5.014E+00	5.046E+00	5.034E+00	5.026E+00	5.029E+00	5.031E+00
1.220E+00	5.012E+00	1.647E-02	4.997E+00	5.029E+00	5.016E+00	5.009E+00	5.011E+00	5.014E+00
1.230E+00	4.995E+00	1.653E-02	4.979E+00	5.012E+00	4.999E+00	4.991E+00	4.994E+00	4.996E+00
1.240E+00	4.978E+00	1.658E-02	4.962E+00	4.994E+00	4.981E+00	4.974E+00	4.977E+00	4.979E+00
1.250E+00	4.960E+00	1.663E-02	4.944E+00	4.977E+00	4.964E+00	4.957E+00	4.959E+00	4.961E+00
1.260E+00	4.943E+00	1.667E-02	4.927E+00	4.959E+00	4.946E+00	4.939E+00	4.942E+00	4.944E+00
1.270E+00	4.925E+00	1.670E-02	4.909E+00	4.942E+00	4.929E+00	4.922E+00	4.924E+00	4.926E+00
1.280E+00	4.908E+00	1.673E-02	4.892E+00	4.924E+00	4.911E+00	4.904E+00	4.906E+00	4.909E+00
1.290E+00	4.890E+00	1.675E-02	4.874E+00	4.907E+00	4.893E+00	4.887E+00	4.889E+00	4.891E+00
1.300E+00	4.872E+00	1.677E-02	4.857E+00	4.889E+00	4.876E+00	4.869E+00	4.871E+00	4.873E+00
1.310E+00	4.855E+00	1.678E-02	4.839E+00	4.872E+00	4.858E+00	4.851E+00	4.854E+00	4.856E+00
1.320E+00	4.837E+00	1.678E-02	4.821E+00	4.854E+00	4.840E+00	4.834E+00	4.836E+00	4.838E+00
1.330E+00	4.819E+00	1.678E-02	4.804E+00	4.836E+00	4.823E+00	4.816E+00	4.818E+00	4.821E+00
1.340E+00	4.802E+00	1.677E-02	4.786E+00	4.819E+00	4.805E+00	4.798E+00	4.801E+00	4.803E+00
1.350E+00	4.784E+00	1.675E-02	4.768E+00	4.801E+00	4.787E+00	4.781E+00	4.783E+00	4.785E+00
1.360E+00	4.766E+00	1.673E-02	4.751E+00	4.783E+00	4.769E+00	4.763E+00	4.765E+00	4.767E+00
1.370E+00	4.749E+00	1.671E-02	4.733E+00	4.766E+00	4.752E+00	4.745E+00	4.747E+00	4.750E+00
1.380E+00	4.731E+00	1.667E-02	4.715E+00	4.748E+00	4.734E+00	4.728E+00	4.730E+00	4.732E+00
1.390E+00	4.713E+00	1.663E-02	4.698E+00	4.730E+00	4.716E+00	4.710E+00	4.712E+00	4.714E+00
1.400E+00	4.695E+00	1.659E-02	4.680E+00	4.712E+00	4.698E+00	4.692E+00	4.694E+00	4.696E+00
1.410E+00	4.677E+00	1.654E-02	4.662E+00	4.695E+00	4.680E+00	4.675E+00	4.676E+00	4.679E+00
1.420E+00	4.660E+00	1.648E-02	4.644E+00	4.677E+00	4.663E+00	4.657E+00	4.658E+00	4.661E+00
1.430E+00	4.642E+00	1.642E-02	4.627E+00	4.659E+00	4.645E+00	4.639E+00	4.641E+00	4.643E+00
1.440E+00	4.624E+00	1.636E-02	4.609E+00	4.641E+00	4.627E+00	4.621E+00	4.623E+00	4.625E+00
1.450E+00	4.606E+00	1.628E-02	4.591E+00	4.623E+00	4.609E+00	4.603E+00	4.605E+00	4.607E+00
1.460E+00	4.588E+00	1.621E-02	4.573E+00	4.605E+00	4.591E+00	4.586E+00	4.587E+00	4.590E+00
1.470E+00	4.571E+00	1.612E-02	4.556E+00	4.587E+00	4.573E+00	4.568E+00	4.569E+00	4.572E+00
1.480E+00	4.553E+00	1.603E-02	4.538E+00	4.569E+00	4.555E+00	4.550E+00	4.551E+00	4.554E+00
1.490E+00	4.535E+00	1.594E-02	4.520E+00	4.551E+00	4.537E+00	4.532E+00	4.534E+00	4.536E+00
1.500E+00	4.517E+00	1.584E-02	4.502E+00	4.534E+00	4.520E+00	4.514E+00	4.516E+00	4.518E+00
1.510E+00	4.499E+00	1.574E-02	4.485E+00	4.516E+00	4.502E+00	4.497E+00	4.498E+00	4.500E+00
1.520E+00	4.481E+00	1.563E-02	4.467E+00	4.498E+00	4.484E+00	4.479E+00	4.480E+00	4.482E+00
1.530E+00	4.463E+00	1.551E-02	4.449E+00	4.480E+00	4.466E+00	4.461E+00	4.462E+00	4.465E+00
1.540E+00	4.445E+00	1.539E-02	4.431E+00	4.462E+00	4.448E+00	4.443E+00	4.444E+00	4.447E+00
1.550E+00	4.428E+00	1.527E-02	4.414E+00	4.444E+00	4.430E+00	4.425E+00	4.426E+00	4.429E+00
1.560E+00	4.410E+00	1.514E-02	4.396E+00	4.426E+00	4.412E+00	4.407E+00	4.408E+00	4.411E+00
1.570E+00	4.392E+00	1.501E-02	4.378E+00	4.408E+00	4.394E+00	4.389E+00	4.390E+00	4.393E+00
1.580E+00	4.374E+00	1.487E-02	4.360E+00	4.390E+00	4.376E+00	4.372E+00	4.373E+00	4.375E+00
1.590E+00	4.356E+00	1.473E-02	4.343E+00	4.372E+00	4.358E+00	4.354E+00	4.355E+00	4.357E+00
1.600E+00	4.338E+00	1.458E-02	4.325E+00	4.354E+00	4.340E+00	4.336E+00	4.337E+00	4.339E+00
1.610E+00	4.320E+00	1.442E-02	4.307E+00	4.336E+00	4.322E+00	4.318E+00	4.319E+00	4.322E+00
1.620E+00	4.302E+00	1.427E-02	4.290E+00	4.318E+00	4.305E+00	4.300E+00	4.301E+00	4.304E+00
1.630E+00	4.285E+00	1.411E-02	4.272E+00	4.300E+00	4.287E+00	4.282E+00	4.283E+00	4.286E+00
1.640E+00	4.267E+00	1.394E-02	4.254E+00	4.282E+00	4.269E+00	4.265E+00	4.265E+00	4.268E+00
1.650E+00	4.249E+00	1.377E-02	4.237E+00	4.264E+00	4.251E+00	4.247E+00	4.247E+00	4.250E+00
1.660E+00	4.231E+00	1.360E-02	4.219E+00	4.246E+00	4.233E+00	4.229E+00	4.230E+00	4.232E+00
1.670E+00	4.213E+00	1.342E-02	4.201E+00	4.228E+00	4.215E+00	4.211E+00	4.212E+00	4.215E+00
1.680E+00	4.195E+00	1.323E-02	4.184E+00	4.210E+00	4.197E+00	4.193E+00	4.194E+00	4.197E+00
1.690E+00	4.177E+00	1.305E-02	4.166E+00	4.192E+00	4.179E+00	4.176E+00	4.176E+00	4.179E+00
1.700E+00	4.160E+00	1.286E-02	4.148E+00	4.174E+00	4.161E+00	4.158E+00	4.158E+00	4.161E+00
1.710E+00	4.142E+00	1.266E-02	4.131E+00	4.156E+00	4.144E+00	4.140E+00	4.140E+00	4.143E+00
1.720E+00	4.124E+00	1.246E-02	4.113E+00	4.138E+00	4.126E+00	4.122E+00	4.123E+00	4.125E+00
1.730E+00	4.106E+00	1.226E-02	4.096E+00	4.120E+00	4.108E+00	4.105E+00	4.105E+00	4.108E+00
1.740E+00	4.089E+00	1.205E-02	4.078E+00	4.102E+00	4.090E+00	4.087E+00	4.087E+00	4.090E+00
1.750E+00	4.071E+00	1.184E-02	4.061E+00	4.084E+00	4.072E+00	4.069E+00	4.069E+00	4.072E+00
1.760E+00	4.053E+00	1.163E-02	4.043E+00	4.066E+00	4.055E+00	4.051E+00	4.052E+00	4.054E+00
1.770E+00	4.035E+00	1.141E-02	4.026E+00	4.048E+00	4.037E+00	4.034E+00	4.034E+00	4.037E+00
1.780E+00	4.018E+00	1.119E-02	4.008E+00	4.030E+00	4.019E+00	4.016E+00	4.016E+00	4.019E+00
1.790E+00	4.000E+00	1.097E-02	3.991E+00	4.012E+00	4.001E+00	3.998E+00	3.998E+00	4.001E+00
1.800E+00	3.982E+00	1.074E-02	3.973E+00	3.994E+00	3.984E+00	3.981E+00	3.981E+00	3.984E+00
1.810E+00	3.965E+00	1.051E-02	3.956E+00	3.976E+00	3.966E+00	3.963E+00	3.963E+00	3.966E+00
1.820E+00	3.947E+00	1.028E-02	3.938E+00	3.959E+00	3.948E+00	3.946E+00	3.945E+00	3.948E+00
1.830E+00	3.929E+00	1.004E-02	3.921E+00	3.941E+00	3.931E+00	3.928E+00	3.928E+00	3.931E+00
1.840E+00	3.912E+00	9.800E-03	3.904E+00	3.923E+00	3.913E+00	3.910E+00	3.910E+00	3.913E+00
1.850E+00	3.894E+00	9.557E-03	3.886E+00	3.905E+00	3.895E+00	3.893E+00	3.893E+00	3.896E+00
1.860E+00	3.877E+00	9.312E-03	3.869E+00	3.887E+00	3.878E+00	3.875E+00	3.875E+00	3.878E+00
1.870E+00	3.859E+00	9.063E-03	3.852E+00	3.870E+00	3.860E+00	3.858E+00	3.857E+00	3.860E+00
1.880E+00	3.841E+00	8.812E-03	3.835E+00	3.852E+00	3.843E+00	3.840E+00	3.840E+00	3.843E+00
1.890E+00	3.824E+00	8.558E-03	3.817E+00	3.834E+00	3.825E+00	3.823E+00	3.822E+00	3.825E+00
1.900E+00	3.806E+00	8.302E-03	3.800E+00	3.816E+00	3.808E+00	3.805E+00	3.805E+00	3.808E+00
1.910E+00	3.789E+00	8.044E-03	3.783E+00	3.799E+00	3.790E+00	3.788E+00	3.787E+00	3.790E+00
1.920E+00	3.772E+00	7.783E-03	3.766E+00	3.781E+00	3.773E+00	3.771E+00	3.770E+00	3.773E+00
1.930E+00	3.754E+00	7.519E-03	3.749E+00	3.763E+00	3.755E+00	3.753E+00	3.753E+00	3.756E+00
1.940E+00	3.737E+00	7.254E-03	3.731E+00	3.746E+00	3.738E+00	3.736E+00	3.735E+00	3.738E+00
1.950E+00	3.719E+00	6.987E-03	3.714E+00	3.728E+00	3.720E+00	3.718E+00	3.718E+00	3.721E+00
1.960E+00	3.702E+00	6.718E-03	3.697E+00	3.710E+00	3.703E+00	3.701E+00	3.700E+00	3.704E+00
1.970E+00	3.685E+00	6.447E-03	3.680E+00	3.693E+00	3.686E+00	3.684E+00	3.683E+00	3.686E+00
1.980E+00	3.667E+00	6.175E-03	3.663E+00	3.675E+00	3.668E+00	3.667E+00	3.666E+00	3.669E+00
1.990E+00	3.650E+00	5.901E-03	3.646E+00	3.658E+00	3.651E+00	3.649E+00	3.649E+00	3.652E+00
2.000E+00	3.633E+00	5.626E-03	3.629E+00	3.640E+00	3.634E+00	3.632E+00	3.631E+00	3.634E+00
2.010E+00	3.616E+00	5.351E-03	3.612E+00	3.623E+00	3.616E+00	3.615E+00	3.614E+00	3.617E+00
2.020E+00	3.598E+00	5.075E-03	3.596E+00	3.605E+00	3.599E+00	3.598E+00	3.597E+00	3.600E+00
2.030E+00	3.581E+00	4.798E-03	3.579E+00	3.588E+00	3.582E+00	3.581E+00	3.580E+00	3.583E+00
2.040E+00	3.564E+00	4.522E-03	3.562E+00	3.570E+00	3.565E+00	3.564E+00	3.563E+00	3.566E+00
2.050E+00	3.547E+00	4.247E-03	3.545E+00	3.553E+00	3.548E+00	3.546E+00	3.545E+00	3.549E+00
2.060E+00	3.530E+00	3.973E-03	3.528E+00	3.536E+00	3.531E+00	3.529E+00	3.528E+00	3.532E+00
2.070E+00	3.513E+00	3.701E-03	3.512E+00	3.518E+00	3.513E+00	3.512E+00	3.511E+00	3.515E+00
2.080E+00	3.496E+00	3.433E-03	3.495E+00	3.501E+00	3.496E+00	3.495E+00	3.494E+00	3.498E+00
2.090E+00	3.479E+00	3.169E-03	3.478E+00	3.484E+00	3.479E+00	3.479E+00	3.477E+00	3.481E+00
2.100E+00	3.462E+00	2.912E-03	3.462E+00	3.466E+00	3.462E+00	3.462E+00	3.460E+00	3.464E+00
2.110E+00	3.445E+00	2.663E-03	3.445E+00	3.449E+00	3.446E+00	3.445E+00	3.444E+00	3.447E+00
2.120E+00	3.428E+00	2.428E-03	3.428E+00	3.432E+00	3.429E+00	3.428E+00	3.427E+00	3.430E+00
2.130E+00	3.411E+00	2.209E-03	3.412E+00	3.415E+00	3.412E+00	3.411E+00	3.410E+00	3.413E+00
2.140E+00	3.395E+00	2.014E-03	3.395E+00	3.398E+00	3.395E+00	3.394E+00	3.393E+00	3.396E+00
2.150E+00	3.378E+00	1.851E-03	3.379E+00	3.381E+00	3.378E+00	3.378E+00	3.376E+00	3.379E+00
2.160E+00	3.361E+00	1.730E-03	3.363E+00	3.364E+00	3.361E+00	3.361E+00	3.359E+00	3.363E+00
2.170E+00	3.344E+00	1.660E-03	3.346E+00	3.347E+00	3.345E+00	3.344E+00	3.343E+00	3.346E+00
2.180E+00	3.328E+00	1.649E-03	3.330E+00	3.330E+00	3.328E+00	3.327E+00	3.326E+00	3.329E+00
2.190E+00	3.311E+00	1.699E-03	3.313E+00	3.313E+00	3.311E+00	3.311E+00	3.309E+00	3.313E+00
2.200E+00	3.294E+00	1.806E-03	3.297E+00	3.296E+00	3.295E+00	3.294E+00	3.293E+00	3.296E+00
2.210E+00	3.278E+00	1.959E-03	3.281E+00	3.279E+00	3.278E+00	3.278E+00	3.276E+00	3.279E+00
2.220E+00	3.261E+00	2.151E-03	3.265E+00	3.262E+00	3.261E+00	3.261E+00	3.260E+00	3.263E+00
2.230E+00	3.245E+00	2.372E-03	3.249E+00	3.245E+00	3.245E+00	3.245E+00	3.243E+00	3.246E+00
2.240E+00	3.228E+00	2.616E-03	3.232E+00	3.228E+00	3.228E+00	3.228E+00	3.227E+00	3.230E+00
2.250E+00	3.212E+00	2.875E-03	3.216E+00	3.212E+00	3.212E+00	3.212E+00	3.210E+00	3.214E+00
2.260E+00	3.196E+00	3.148E-03	3.200E+00	3.195E+00	3.195E+00	3.196E+00	3.194E+00	3.197E+00
2.270E+00	3.179E+00	3.431E-03	3.184E+00	3.178E+00	3.179E+00	3.179E+00	3.177E+00	3.181E+00
2.280E+00	3.163E+00	3.722E-03	3.168E+00	3.162E+00	3.163E+00	3.163E+00	3.161E+00	3.165E+00
2.290E+00	3.147E+00	4.019E-03	3.152E+00	3.145E+00	3.146E+00	3.147E+00	3.145E+00	3.148E+00
2.300E+00	3.130E+00	4.321E-03	3.136E+00	3.129E+00	3.130E+00	3.131E+00	3.129E+00	3.132E+00
2.310E+00	3.114E+00	4.627E-03	3.121E+00	3.112E+00	3.114E+00	3.114E+00	3.112E+00	3.116E+00
2.320E+00	3.098E+00	4.937E-03	3.105E+00	3.096E+00	3.098E+00	3.098E+00	3.096E+00	3.100E+00
2.330E+00	3.082E+00	5.250E-03	3.089E+00	3.079E+00	3.082E+00	3.082E+00	3.080E+00	3.084E+00
2.340E+00	3.066E+00	5.565E-03	3.073E+00	3.063E+00	3.066E+00	3.066E+00	3.064E+00	3.068E+00
2.350E+00	3.050E+00	5.882E-03	3.058E+00	3.046E+00	3.049E+00	3.050E+00	3.048E+00	3.051E+00
2.360E+00	3.034E+00	6.201E-03	3.042E+00	3.030E+00	3.033E+00	3.034E+00	3.032E+00	3.035E+00
2.370E+00	3.018E+00	6.522E-03	3.026E+00	3.014E+00	3.017E+00	3.018E+00	3.016E+00	3.020E+00
2.380E+00	3.002E+00	6.844E-03	3.011E+00	2.998E+00	3.002E+00	3.002E+00	3.000E+00	3.004E+00
2.390E+00	2.986E+00	7.167E-03	2.995E+00	2.981E+00	2.986E+00	2.986E+00	2.984E+00	2.988E+00
2.400E+00	2.970E+00	7.491E-03	2.980E+00	2.965E+00	2.970E+00	2.971E+00	2.969E+00	2.972E+00
2.410E+00	2.954E+00	7.816E-03	2.964E+00	2.949E+00	2.954E+00	2.955E+00	2.953E+00	2.956E+00
2.420E+00	2.939E+00	8.142E-03	2.949E+00	2.933E+00	2.938E+00	2.939E+00	2.937E+00	2.940E+00
2.430E+00	2.923E+00	8.468E-03	2.934E+00	2.917E+00	2.923E+00	2.924E+00	2.921E+00	2.925E+00
2.440E+00	2.907E+00	8.795E-03	2.918E+00	2.901E+00	2.907E+00	2.908E+00	2.906E+00	2.909E+00
2.450E+00	2.892E+00	9.122E-03	2.903E+00	2.885E+00	2.891E+00	2.892E+00	2.890E+00	2.894E+00
2.460E+00	2.876E+00	9.450E-03	2.888E+00	2.869E+00	2.876E+00	2.877E+00	2.875E+00	2.878E+00
2.470E+00	2.861E+00	9.777E-03	2.873E+00	2.853E+00	2.860E+00	2.861E+00	2.859E+00	2.862E+00
2.480E+00	2.845E+00	1.011E-02	2.857E+00	2.838E+00	2.845E+00	2.846E+00	2.844E+00	2.847E+00
2.490E+00	2.830E+00	1.043E-02	2.842E+00	2.822E+00	2.829E+00	2.830E+00	2.828E+00	2.832E+00
2.500E+00	2.814E+00	1.076E-02	2.827E+00	2.806E+00	2.814E+00	2.815E+00	2.813E+00	2.816E+00
2.510E+00	2.799E+00	1.109E-02	2.812E+00	2.790E+00	2.798E+00	2.800E+00	2.797E+00	2.801E+00
2.520E+00	2.784E+00	1.142E-02	2.797E+00	2.775E+00	2.783E+00	2.785E+00	2.782E+00	2.786E+00
2.530E+00	2.769E+00	1.174E-02	2.782E+00	2.759E+00	2.768E+00	2.769E+00	2.767E+00	2.770E+00
2.540E+00	2.753E+00	1.207E-02	2.768E+00	2.744E+00	2.753E+00	2.754E+00	2.752E+00	2.755E+00
2.550E+00	2.738E+00	1.240E-02	2.753E+00	2.728E+00	2.737E+00	2.739E+00	2.736E+00	2.740E+00
2.560E+00	2.723E+00	1.273E-02	2.738E+00	2.713E+00	2.722E+00	2.724E+00	2.721E+00	2.725E+00
2.570E+00	2.708E+00	1.305E-02	2.723E+00	2.697E+00	2.707E+00	2.709E+00	2.706E+00	2.710E+00
2.580E+00	2.693E+00	1.338E-02	2.709E+00	2.682E+00	2.692E+00	2.694E+00	2.691E+00	2.695E+00
2.590E+00	2.678E+00	1.370E-02	2.694E+00	2.667E+00	2.677E+00	2.679E+00	2.676E+00	2.680E+00
2.600E+00	2.663E+00	1.403E-02	2.679E+00	2.652E+00	2.662E+00	2.664E+00	2.661E+00	2.665E+00
2.610E+00	2.648E+00	1.435E-02	2.665E+00	2.636E+00	2.647E+00	2.649E+00	2.647E+00	2.650E+00
2.620E+00	2.633E+00	1.468E-02	2.650E+00	2.621E+00	2.632E+00	2.634E+00	2.632E+00	2.635E+00
2.630E+00	2.619E+00	1.500E-02	2.636E+00	2.606E+00	2.618E+00	2.620E+00	2.617E+00	2.620E+00
2.640E+00	2.604E+00	1.532E-02	2.621E+00	2.591E+00	2.603E+00	2.605E+00	2.602E+00	2.606E+00
2.650E+00	2.589E+00	1.564E-02	2.607E+00	2.576E+00	2.588E+00	2.590E+00	2.587E+00	2.591E+00
2.660E+00	2.575E+00	1.596E-02	2.593E+00	2.561E+00	2.574E+00	2.576E+00	2.573E+00	2.576E+00
2.670E+00	2.560E+00	1.628E-02	2.579E+00	2.546E+00	2.559E+00	2.561E+00	2.558E+00	2.562E+00
2.680E+00	2.545E+00	1.660E-02	2.564E+00	2.531E+00	2.544E+00	2.547E+00	2.544E+00	2.547E+00
2.690E+00	2.531E+00	1.692E-02	2.550E+00	2.517E+00	2.530E+00	2.532E+00	2.529E+00	2.533E+00
2.700E+00	2.517E+00	1.724E-02	2.536E+00	2.502E+00	2.515E+00	2.518E+00	2.515E+00	2.518E+00
2.710E+00	2.502E+00	1.755E-02	2.522E+00	2.487E+00	2.501E+00	2.503E+00	2.500E+00	2.504E+00
2.720E+00	2.488E+00	1.787E-02	2.508E+00	2.472E+00	2.487E+00	2.489E+00	2.486E+00	2.490E+00
2.730E+00	2.473E+00	1.818E-02	2.494E+00	2.458E+00	2.472E+00	2.475E+00	2.472E+00	2.475E+00
2.740E+00	2.459E+00	1.850E-02	2.480E+00	2.443E+00	2.458E+00	2.460E+00	2.457E+00	2.461E+00
2.750E+00	2.445E+00	1.881E-02	2.466E+00	2.429E+00	2.444E+00	2.446E+00	2.443E+00	2.447E+00
2.760E+00	2.431E+00	1.912E-02	2.452E+00	2.414E+00	2.430E+00	2.432E+00	2.429E+00	2.433E+00
2.770E+00	2.417E+00	1.943E-02	2.439E+00	2.400E+00	2.416E+00	2.418E+00	2.415E+00	2.419E+00
2.780E+00	2.403E+00	1.974E-02	2.425E+00	2.386E+00	2.401E+00	2.404E+00	2.401E+00	2.404E+00
2.790E+00	2.389E+00	2.005E-02	2.411E+00	2.371E+00	2.387E+00	2.390E+00	2.387E+00	2.390E+00
2.800E+00	2.375E+00	2.035E-02	2.397E+00	2.357E+00	2.374E+00	2.376E+00	2.373E+00	2.377E+00
2.810E+00	2.361E+00	2.066E-02	2.384E+00	2.343E+00	2.360E+00	2.362E+00	2.359E+00	2.363E+00
2.820E+00	2.347E+00	2.096E-02	2.370E+00	2.329E+00	2.346E+00	2.348E+00	2.345E+00	2.349E+00
2.830E+00	2.333E+00	2.126E-02	2.357E+00	2.315E+00	2.332E+00	2.335E+00	2.332E+00	2.335E+00
2.840E+00	2.320E+00	2.156E-02	2.343E+00	2.300E+00	2.318E+00	2.321E+00	2.318E+00	2.321E+00
2.850E+00	2.306E+00	2.186E-02	2.330E+00	2.286E+00	2.304E+00	2.307E+00	2.304E+00	2.308E+00
2.860E+00	2.292E+00	2.216E-02	2.317E+00	2.273E+00	2.291E+00	2.294E+00	2.290E+00	2.294E+00
2.870E+00	2.279E+00	2.246E-02	2.303E+00	2.259E+00	2.277E+00	2.280E+00	2.277E+00	2.280E+00
2.880E+00	2.265E+00	2.275E-02	2.290E+00	2.245E+00	2.264E+00	2.266E+00	2.263E+00	2.267E+00
2.890E+00	2.252E+00	2.304E-02	2.277E+00	2.231E+00	2.250E+00	2.253E+00	2.250E+00	2.253E+00
2.900E+00	2.238E+00	2.334E-02	2.264E+00	2.217E+00	2.237E+00	2.240E+00	2.236E+00	2.240E+00
2.910E+00	2.225E+00	2.363E-02	2.251E+00	2.204E+00	2.223E+00	2.226E+00	2.223E+00	2.226E+00
2.920E+00	2.211E+00	2.392E-02	2.238E+00	2.190E+00	2.210E+00	2.213E+00	2.210E+00	2.213E+00
2.930E+00	2.198E+00	2.420E-02	2.225E+00	2.176E+00	2.197E+00	2.200E+00	2.196E+00	2.200E+00
2.940E+00	2.185E+00	2.449E-02	2.212E+00	2.163E+00	2.183E+00	2.186E+00	2.183E+00	2.187E+00
2.950E+00	2.172E+00	2.477E-02	2.199E+00	2.149E+00	2.170E+00	2.173E+00	2.170E+00	2.173E+00
2.960E+00	2.159E+00	2.505E-02	2.186E+00	2.136E+00	2.157E+00	2.160E+00	2.157E+00	2.160E+00
2.970E+00	2.145E+00	2.533E-02	2.173E+00	2.123E+00	2.144E+00	2.147E+00	2.144E+00	2.147E+00
2.980E+00	2.132E+00	2.561E-02	2.160E+00	2.109E+00	2.131E+00	2.134E+00	2.131E+00	2.134E+00
2.990E+00	2.119E+00	2.589E-02	2.148E+00	2.096E+00	2.118E+00	2.121E+00	2.118E+00	2.121E+00
3.000E+00	2.107E+00	2.617E-02	2.135E+00	2.083E+00	2.105E+00	2.108E+00	2.105E+00	2.108E+00
