1.000E-02	6.810E+00	4.050E-03	6.806E+00	6.814E+00	6.811E+00	6.809E+00	6.810E+00	6.810E+00
2.000E-02	6.808E+00	4.009E-03	6.804E+00	6.812E+00	6.809E+00	6.807E+00	6.808E+00	6.808E+00
3.000E-02	6.805E+00	3.959E-03	6.801E+00	6.809E+00	6.805E+00	6.804E+00	6.805E+00	6.805E+00
4.000E-02	6.801E+00	3.902E-03	6.797E+00	6.805E+00	6.802E+00	6.800E+00	6.801E+00	6.801E+00
5.000E-02	6.796E+00	3.840E-03	6.793E+00	6.800E+00	6.797E+00	6.796E+00	6.796E+00	6.796E+00
6.000E-02	6.791E+00	3.773E-03	6.787E+00	6.795E+00	6.792E+00	6.790E+00	6.791E+00	6.791E+00
7.000E-02	6.785E+00	3.703E-03	6.782E+00	6.789E+00	6.786E+00	6.785E+00	6.785E+00	6.785E+00
8.000E-02	6.779E+00	3.631E-03	6.775E+00	6.783E+00	6.780E+00	6.778E+00	6.779E+00	6.779E+00
9.000E-02	6.772E+00	3.556E-03	6.769E+00	6.776E+00	6.773E+00	6.771E+00	6.772E+00	6.772E+00
1.000E-01	6.765E+00	3.479E-03	6.761E+00	6.768E+00	6.766E+00	6.764E+00	6.765E+00	6.765E+00
1.100E-01	6.757E+00	3.401E-03	6.754E+00	6.760E+00	6.758E+00	6.756E+00	6.757E+00	6.757E+00
1.200E-01	6.749E+00	3.321E-03	6.745E+00	6.752E+00	6.749E+00	6.748E+00	6.749E+00	6.749E+00
1.300E-01	6.740E+00	3.240E-03	6.737E+00	6.743E+00	6.741E+00	6.739E+00	6.740E+00	6.740E+00
1.400E-01	6.731E+00	3.158E-03	6.728E+00	6.734E+00	6.731E+00	6.730E+00	6.731E+00	6.731E+00
1.500E-01	6.721E+00	3.076E-03	6.718E+00	6.724E+00	6.722E+00	6.720E+00	6.721E+00	6.721E+00
1.600E-01	6.711E+00	2.993E-03	6.708E+00	6.714E+00	6.712E+00	6.710E+00	6.711E+00	6.711E+00
1.700E-01	6.701E+00	2.909E-03	6.698E+00	6.703E+00	6.701E+00	6.700E+00	6.701E+00	6.701E+00
1.800E-01	6.690E+00	2.826E-03	6.687E+00	6.693E+00	6.691E+00	6.689E+00	6.690E+00	6.690E+00
1.900E-01	6.679E+00	2.742E-03	6.676E+00	6.681E+00	6.679E+00	6.678E+00	6.679E+00	6.679E+00
2.000E-01	6.667E+00	2.659E-03	6.665E+00	6.670E+00	6.668E+00	6.666E+00	6.667E+00	6.667E+00
2.100E-01	6.655E+00	2.575E-03	6.653E+00	6.658E+00	6.656E+00	6.654E+00	6.655E+00	6.655E+00
2.200E-01	6.643E+00	2.492E-03	6.641E+00	6.645E+00	6.644E+00	6.642E+00	6.643E+00	6.643E+00
2.300E-01	6.630E+00	2.410E-03	6.628E+00	6.633E+00	6.631E+00	6.630E+00	6.630E+00	6.630E+00
2.400E-01	6.617E+00	2.328E-03	6.615E+00	6.620E+00	6.618E+00	6.617E+00	6.617E+00	6.617E+00
2.500E-01	6.604E+00	2.246E-03	6.602E+00	6.606E+00	6.605E+00	6.603E+00	6.604E+00	6.604E+00
2.600E-01	6.590E+00	2.165E-03	6.588E+00	6.592E+00	6.591E+00	6.590E+00	6.590E+00	6.590E+00
2.700E-01	6.576E+00	2.085E-03	6.575E+00	6.578E+00	6.577E+00	6.576E+00	6.576E+00	6.577E+00
2.800E-01	6.562E+00	2.006E-03	6.560E+00	6.564E+00	6.563E+00	6.562E+00	6.562E+00	6.562E+00
2.900E-01	6.548E+00	1.928E-03	6.546E+00	6.549E+00	6.548E+00	6.547E+00	6.548E+00	6.548E+00
3.000E-01	6.533E+00	1.851E-03	6.531E+00	6.535E+00	6.534E+00	6.532E+00	6.533E+00	6.533E+00
3.100E-01	6.518E+00	1.775E-03	6.516E+00	6.519E+00	6.518E+00	6.517E+00	6.518E+00	6.518E+00
3.200E-01	6.502E+00	1.700E-03	6.501E+00	6.504E+00	6.503E+00	6.502E+00	6.502E+00	6.502E+00
3.300E-01	6.487E+00	1.627E-03	6.485E+00	6.488E+00	6.487E+00	6.486E+00	6.487E+00	6.487E+00
3.400E-01	6.471E+00	1.555E-03	6.469E+00	6.472E+00	6.471E+00	6.470E+00	6.471E+00	6.471E+00
3.500E-01	6.454E+00	1.484E-03	6.453E+00	6.456E+00	6.455E+00	6.454E+00	6.454E+00	6.455E+00
3.600E-01	6.438E+00	1.416E-03	6.437E+00	6.439E+00	6.439E+00	6.437E+00	6.438E+00	6.438E+00
3.700E-01	6.421E+00	1.349E-03	6.420E+00	6.422E+00	6.422E+00	6.420E+00	6.421E+00	6.421E+00
3.800E-01	6.404E+00	1.283E-03	6.403E+00	6.405E+00	6.405E+00	6.403E+00	6.404E+00	6.404E+00
3.900E-01	6.387E+00	1.220E-03	6.386E+00	6.388E+00	6.388E+00	6.386E+00	6.387E+00	6.387E+00
4.000E-01	6.369E+00	1.159E-03	6.369E+00	6.370E+00	6.370E+00	6.369E+00	6.369E+00	6.370E+00
4.100E-01	6.352E+00	1.101E-03	6.351E+00	6.353E+00	6.352E+00	6.351E+00	6.352E+00	6.352E+00
4.200E-01	6.334E+00	1.044E-03	6.333E+00	6.335E+00	6.334E+00	6.333E+00	6.334E+00	6.334E+00
4.300E-01	6.316E+00	9.911E-04	6.315E+00	6.316E+00	6.316E+00	6.315E+00	6.315E+00	6.316E+00
4.400E-01	6.297E+00	9.406E-04	6.296E+00	6.298E+00	6.298E+00	6.296E+00	6.297E+00	6.297E+00
4.500E-01	6.279E+00	8.934E-04	6.278E+00	6.279E+00	6.279E+00	6.278E+00	6.278E+00	6.279E+00
4.600E-01	6.260E+00	8.496E-04	6.259E+00	6.260E+00	6.260E+00	6.259E+00	6.260E+00	6.260E+00
4.700E-01	6.241E+00	8.095E-04	6.240E+00	6.241E+00	6.241E+00	6.240E+00	6.240E+00	6.241E+00
4.800E-01	6.221E+00	7.734E-04	6.221E+00	6.222E+00	6.222E+00	6.221E+00	6.221E+00	6.221E+00
4.900E-01	6.202E+00	7.416E-04	6.202E+00	6.202E+00	6.203E+00	6.201E+00	6.202E+00	6.202E+00
5.000E-01	6.182E+00	7.143E-04	6.182E+00	6.182E+00	6.183E+00	6.182E+00	6.182E+00	6.182E+00
5.100E-01	6.162E+00	6.917E-04	6.162E+00	6.163E+00	6.163E+00	6.162E+00	6.162E+00	6.163E+00
5.200E-01	6.142E+00	6.740E-04	6.142E+00	6.142E+00	6.143E+00	6.142E+00	6.142E+00	6.142E+00
5.300E-01	6.122E+00	6.611E-04	6.122E+00	6.122E+00	6.123E+00	6.121E+00	6.122E+00	6.122E+00
5.400E-01	6.102E+00	6.531E-04	6.102E+00	6.102E+00	6.102E+00	6.101E+00	6.101E+00	6.102E+00
5.500E-01	6.081E+00	6.497E-04	6.081E+00	6.081E+00	6.082E+00	6.080E+00	6.081E+00	6.081E+00
5.600E-01	6.060E+00	6.508E-04	6.060E+00	6.060E+00	6.061E+00	6.060E+00	6.060E+00	6.060E+00
5.700E-01	6.039E+00	6.559E-04	6.039E+00	6.039E+00	6.040E+00	6.039E+00	6.039E+00	6.040E+00
5.800E-01	6.018E+00	6.646E-04	6.018E+00	6.018E+00	6.019E+00	6.018E+00	6.018E+00	6.018E+00
5.900E-01	5.997E+00	6.765E-04	5.997E+00	5.997E+00	5.998E+00	5.996E+00	5.997E+00	5.997E+00
6.000E-01	5.976E+00	6.912E-04	5.976E+00	5.975E+00	5.976E+00	5.975E+00	5.975E+00	5.976E+00
6.100E-01	5.954E+00	7.081E-04	5.954E+00	5.954E+00	5.955E+00	5.953E+00	5.954E+00	5.954E+00
6.200E-01	5.932E+00	7.270E-04	5.933E+00	5.932E+00	5.933E+00	5.932E+00	5.932E+00	5.932E+00
6.300E-01	5.910E+00	7.473E-04	5.911E+00	5.910E+00	5.911E+00	5.910E+00	5.910E+00	5.911E+00
6.400E-01	5.888E+00	7.687E-04	5.889E+00	5.888E+00	5.889E+00	5.888E+00	5.888E+00	5.889E+00
6.500E-01	5.866E+00	7.909E-04	5.867E+00	5.866E+00	5.867E+00	5.866E+00	5.866E+00	5.866E+00
6.600E-01	5.844E+00	8.137E-04	5.844E+00	5.843E+00	5.844E+00	5.843E+00	5.844E+00	5.844E+00
6.700E-01	5.821E+00	8.368E-04	5.822E+00	5.821E+00	5.822E+00	5.821E+00	5.821E+00	5.822E+00
6.800E-01	5.799E+00	8.600E-04	5.799E+00	5.798E+00	5.799E+00	5.798E+00	5.799E+00	5.799E+00
6.900E-01	5.776E+00	8.831E-04	5.777E+00	5.775E+00	5.777E+00	5.776E+00	5.776E+00	5.776E+00
7.000E-01	5.753E+00	9.060E-04	5.754E+00	5.753E+00	5.754E+00	5.753E+00	5.753E+00	5.754E+00
7.100E-01	5.730E+00	9.285E-04	5.731E+00	5.730E+00	5.731E+00	5.730E+00	5.730E+00	5.731E+00
7.200E-01	5.707E+00	9.505E-04	5.708E+00	5.707E+00	5.708E+00	5.707E+00	5.707E+00	5.708E+00
7.300E-01	5.684E+00	9.719E-04	5.685E+00	5.683E+00	5.685E+00	5.684E+00	5.684E+00	5.684E+00
7.400E-01	5.661E+00	9.927E-04	5.662E+00	5.660E+00	5.661E+00	5.660E+00	5.661E+00	5.661E+00
7.500E-01	5.637E+00	1.013E-03	5.638E+00	5.637E+00	5.638E+00	5.637E+00	5.637E+00	5.638E+00
7.600E-01	5.614E+00	1.032E-03	5.615E+00	5.613E+00	5.614E+00	5.613E+00	5.614E+00	5.614E+00
7.700E-01	5.590E+00	1.051E-03	5.591E+00	5.589E+00	5.591E+00	5.590E+00	5.590E+00	5.591E+00
7.800E-01	5.567E+00	1.068E-03	5.568E+00	5.566E+00	5.567E+00	5.566E+00	5.566E+00	5.567E+00
7.900E-01	5.543E+00	1.085E-03	5.544E+00	5.542E+00	5.543E+00	5.542E+00	5.543E+00	5.543E+00
8.000E-01	5.519E+00	1.100E-03	5.520E+00	5.518E+00	5.519E+00	5.518E+00	5.519E+00	5.519E+00
8.100E-01	5.495E+00	1.115E-03	5.496E+00	5.494E+00	5.495E+00	5.494E+00	5.495E+00	5.495E+00
8.200E-01	5.471E+00	1.129E-03	5.472E+00	5.470E+00	5.471E+00	5.470E+00	5.471E+00	5.471E+00
8.300E-01	5.447E+00	1.142E-03	5.448E+00	5.446E+00	5.447E+00	5.446E+00	5.446E+00	5.447E+00
8.400E-01	5.422E+00	1.154E-03	5.423E+00	5.421E+00	5.423E+00	5.422E+00	5.422E+00	5.423E+00
8.500E-01	5.398E+00	1.164E-03	5.399E+00	5.397E+00	5.399E+00	5.398E+00	5.398E+00	5.398E+00
8.600E-01	5.374E+00	1.174E-03	5.375E+00	5.373E+00	5.374E+00	5.373E+00	5.373E+00	5.374E+00
8.700E-01	5.349E+00	1.182E-03	5.350E+00	5.348E+00	5.350E+00	5.349E+00	5.349E+00	5.349E+00
8.800E-01	5.325E+00	1.190E-03	5.326E+00	5.324E+00	5.325E+00	5.324E+00	5.324E+00	5.325E+00
8.900E-01	5.300E+00	1.197E-03	5.301E+00	5.299E+00	5.301E+00	5.300E+00	5.300E+00	5.300E+00
9.000E-01	5.275E+00	1.202E-03	5.276E+00	5.274E+00	5.276E+00	5.275E+00	5.275E+00	5.276E+00
9.100E-01	5.251E+00	1.206E-03	5.252E+00	5.250E+00	5.251E+00	5.250E+00	5.250E+00	5.251E+00
9.200E-01	5.226E+00	1.210E-03	5.227E+00	5.225E+00	5.226E+00	5.225E+00	5.226E+00	5.226E+00
9.300E-01	5.201E+00	1.212E-03	5.202E+00	5.200E+00	5.201E+00	5.201E+00	5.201E+00	5.201E+00
9.400E-01	5.176E+00	1.213E-03	5.177E+00	5.175E+00	5.177E+00	5.176E+00	5.176E+00	5.176E+00
9.500E-01	5.151E+00	1.214E-03	5.152E+00	5.150E+00	5.152E+00	5.151E+00	5.151E+00	5.151E+00
9.600E-01	5.126E+00	1.213E-03	5.127E+00	5.125E+00	5.127E+00	5.126E+00	5.126E+00	5.126E+00
9.700E-01	5.101E+00	1.211E-03	5.102E+00	5.100E+00	5.101E+00	5.101E+00	5.101E+00	5.101E+00
9.800E-01	5.076E+00	1.208E-03	5.077E+00	5.075E+00	5.076E+00	5.076E+00	5.076E+00	5.076E+00
9.900E-01	5.051E+00	1.204E-03	5.052E+00	5.050E+00	5.051E+00	5.050E+00	5.050E+00	5.051E+00
1.000E+00	5.026E+00	1.199E-03	5.027E+00	5.025E+00	5.026E+00	5.025E+00	5.025E+00	5.026E+00
1.010E+00	5.000E+00	1.194E-03	5.001E+00	4.999E+00	5.001E+00	5.000E+00	5.000E+00	5.001E+00
1.020E+00	4.975E+00	1.187E-03	4.976E+00	4.974E+00	4.976E+00	4.975E+00	4.975E+00	4.975E+00
1.030E+00	4.950E+00	1.179E-03	4.951E+00	4.949E+00	4.950E+00	4.949E+00	4.950E+00	4.950E+00
1.040E+00	4.924E+00	1.171E-03	4.926E+00	4.923E+00	4.925E+00	4.924E+00	4.924E+00	4.925E+00
1.050E+00	4.899E+00	1.161E-03	4.900E+00	4.898E+00	4.900E+00	4.899E+00	4.899E+00	4.899E+00
1.060E+00	4.874E+00	1.151E-03	4.875E+00	4.873E+00	4.874E+00	4.873E+00	4.873E+00	4.874E+00
1.070E+00	4.848E+00	1.139E-03	4.849E+00	4.847E+00	4.849E+00	4.848E+00	4.848E+00	4.849E+00
1.080E+00	4.823E+00	1.127E-03	4.824E+00	4.822E+00	4.823E+00	4.823E+00	4.823E+00	4.823E+00
1.090E+00	4.797E+00	1.114E-03	4.798E+00	4.796E+00	4.798E+00	4.797E+00	4.797E+00	4.798E+00
1.100E+00	4.772E+00	1.100E-03	4.773E+00	4.771E+00	4.772E+00	4.772E+00	4.772E+00	4.772E+00
1.110E+00	4.747E+00	1.085E-03	4.748E+00	4.746E+00	4.747E+00	4.746E+00	4.746E+00	4.747E+00
1.120E+00	4.721E+00	1.070E-03	4.722E+00	4.720E+00	4.721E+00	4.721E+00	4.721E+00	4.721E+00
1.130E+00	4.696E+00	1.053E-03	4.697E+00	4.695E+00	4.696E+00	4.695E+00	4.695E+00	4.696E+00
1.140E+00	4.670E+00	1.036E-03	4.671E+00	4.669E+00	4.670E+00	4.670E+00	4.670E+00	4.670E+00
1.150E+00	4.645E+00	1.018E-03	4.645E+00	4.644E+00	4.645E+00	4.644E+00	4.644E+00	4.645E+00
1.160E+00	4.619E+00	9.998E-04	4.620E+00	4.618E+00	4.619E+00	4.619E+00	4.619E+00	4.619E+00
1.170E+00	4.594E+00	9.807E-04	4.594E+00	4.593E+00	4.594E+00	4.593E+00	4.593E+00	4.594E+00
1.180E+00	4.568E+00	9.608E-04	4.569E+00	4.567E+00	4.568E+00	4.568E+00	4.568E+00	4.568E+00
1.190E+00	4.542E+00	9.404E-04	4.543E+00	4.542E+00	4.543E+00	4.542E+00	4.542E+00	4.543E+00
1.200E+00	4.517E+00	9.193E-04	4.518E+00	4.516E+00	4.517E+00	4.517E+00	4.517E+00	4.517E+00
1.210E+00	4.491E+00	8.977E-04	4.492E+00	4.491E+00	4.492E+00	4.491E+00	4.491E+00	4.492E+00
1.220E+00	4.466E+00	8.756E-04	4.467E+00	4.465E+00	4.466E+00	4.466E+00	4.466E+00	4.466E+00
1.230E+00	4.440E+00	8.531E-04	4.441E+00	4.440E+00	4.441E+00	4.440E+00	4.440E+00	4.441E+00
1.240E+00	4.415E+00	8.301E-04	4.416E+00	4.414E+00	4.415E+00	4.415E+00	4.415E+00	4.415E+00
1.250E+00	4.390E+00	8.067E-04	4.390E+00	4.389E+00	4.390E+00	4.389E+00	4.389E+00	4.390E+00
1.260E+00	4.364E+00	7.831E-04	4.365E+00	4.363E+00	4.364E+00	4.364E+00	4.364E+00	4.364E+00
1.270E+00	4.339E+00	7.591E-04	4.339E+00	4.338E+00	4.339E+00	4.338E+00	4.338E+00	4.339E+00
1.280E+00	4.313E+00	7.350E-04	4.314E+00	4.313E+00	4.314E+00	4.313E+00	4.313E+00	4.314E+00
1.290E+00	4.288E+00	7.108E-04	4.288E+00	4.287E+00	4.288E+00	4.288E+00	4.288E+00	4.288E+00
1.300E+00	4.263E+00	6.866E-04	4.263E+00	4.262E+00	4.263E+00	4.262E+00	4.262E+00	4.263E+00
1.310E+00	4.237E+00	6.624E-04	4.238E+00	4.237E+00	4.237E+00	4.237E+00	4.237E+00	4.238E+00
1.320E+00	4.212E+00	6.385E-04	4.212E+00	4.211E+00	4.212E+00	4.212E+00	4.211E+00	4.212E+00
1.330E+00	4.187E+00	6.149E-04	4.187E+00	4.186E+00	4.187E+00	4.186E+00	4.186E+00	4.187E+00
1.340E+00	4.161E+00	5.917E-04	4.162E+00	4.161E+00	4.162E+00	4.161E+00	4.161E+00	4.162E+00
1.350E+00	4.136E+00	5.693E-04	4.136E+00	4.136E+00	4.136E+00	4.136E+00	4.136E+00	4.136E+00
1.360E+00	4.111E+00	5.476E-04	4.111E+00	4.111E+00	4.111E+00	4.111E+00	4.111E+00	4.111E+00
1.370E+00	4.086E+00	5.271E-04	4.086E+00	4.085E+00	4.086E+00	4.085E+00	4.085E+00	4.086E+00
1.380E+00	4.061E+00	5.079E-04	4.061E+00	4.060E+00	4.061E+00	4.060E+00	4.060E+00	4.061E+00
1.390E+00	4.035E+00	4.903E-04	4.036E+00	4.035E+00	4.036E+00	4.035E+00	4.035E+00	4.036E+00
1.400E+00	4.010E+00	4.746E-04	4.011E+00	4.010E+00	4.011E+00	4.010E+00	4.010E+00	4.011E+00
1.410E+00	3.985E+00	4.611E-04	3.986E+00	3.985E+00	3.986E+00	3.985E+00	3.985E+00	3.986E+00
1.420E+00	3.960E+00	4.501E-04	3.961E+00	3.960E+00	3.961E+00	3.960E+00	3.960E+00	3.961E+00
1.430E+00	3.936E+00	4.421E-04	3.936E+00	3.935E+00	3.936E+00	3.935E+00	3.935E+00	3.936E+00
1.440E+00	3.911E+00	4.371E-04	3.911E+00	3.911E+00	3.911E+00	3.910E+00	3.910E+00	3.911E+00
1.450E+00	3.886E+00	4.356E-04	3.886E+00	3.886E+00	3.886E+00	3.886E+00	3.885E+00	3.886E+00
1.460E+00	3.861E+00	4.375E-04	3.861E+00	3.861E+00	3.861E+00	3.861E+00	3.861E+00	3.861E+00
1.470E+00	3.836E+00	4.430E-04	3.836E+00	3.836E+00	3.836E+00	3.836E+00	3.836E+00	3.837E+00
1.480E+00	3.812E+00	4.520E-04	3.811E+00	3.812E+00	3.812E+00	3.811E+00	3.811E+00	3.812E+00
1.490E+00	3.787E+00	4.645E-04	3.787E+00	3.787E+00	3.787E+00	3.787E+00	3.787E+00	3.787E+00
1.500E+00	3.762E+00	4.802E-04	3.762E+00	3.763E+00	3.763E+00	3.762E+00	3.762E+00	3.763E+00
1.510E+00	3.738E+00	4.989E-04	3.738E+00	3.738E+00	3.738E+00	3.738E+00	3.737E+00	3.738E+00
1.520E+00	3.713E+00	5.204E-04	3.713E+00	3.714E+00	3.713E+00	3.713E+00	3.713E+00	3.714E+00
1.530E+00	3.689E+00	5.443E-04	3.689E+00	3.689E+00	3.689E+00	3.689E+00	3.688E+00	3.689E+00
1.540E+00	3.665E+00	5.706E-04	3.664E+00	3.665E+00	3.665E+00	3.664E+00	3.664E+00	3.665E+00
1.550E+00	3.640E+00	5.988E-04	3.640E+00	3.641E+00	3.640E+00	3.640E+00	3.640E+00	3.641E+00
1.560E+00	3.616E+00	6.288E-04	3.616E+00	3.616E+00	3.616E+00	3.616E+00	3.616E+00	3.616E+00
1.570E+00	3.592E+00	6.603E-04	3.591E+00	3.592E+00	3.592E+00	3.592E+00	3.591E+00	3.592E+00
1.580E+00	3.568E+00	6.933E-04	3.567E+00	3.568E+00	3.568E+00	3.568E+00	3.567E+00	3.568E+00
1.590E+00	3.544E+00	7.275E-04	3.543E+00	3.544E+00	3.544E+00	3.543E+00	3.543E+00	3.544E+00
1.600E+00	3.520E+00	7.628E-04	3.519E+00	3.520E+00	3.520E+00	3.519E+00	3.519E+00	3.520E+00
1.610E+00	3.496E+00	7.991E-04	3.495E+00	3.496E+00	3.496E+00	3.496E+00	3.495E+00	3.496E+00
1.620E+00	3.472E+00	8.363E-04	3.471E+00	3.473E+00	3.472E+00	3.472E+00	3.471E+00	3.472E+00
1.630E+00	3.448E+00	8.742E-04	3.447E+00	3.449E+00	3.448E+00	3.448E+00	3.448E+00	3.448E+00
1.640E+00	3.424E+00	9.128E-04	3.423E+00	3.425E+00	3.424E+00	3.424E+00	3.424E+00	3.425E+00
1.650E+00	3.401E+00	9.520E-04	3.400E+00	3.401E+00	3.401E+00	3.401E+00	3.400E+00	3.401E+00
1.660E+00	3.377E+00	9.918E-04	3.376E+00	3.378E+00	3.377E+00	3.377E+00	3.377E+00	3.377E+00
1.670E+00	3.354E+00	1.032E-03	3.353E+00	3.354E+00	3.354E+00	3.353E+00	3.353E+00	3.354E+00
1.680E+00	3.330E+00	1.073E-03	3.329E+00	3.331E+00	3.330E+00	3.330E+00	3.330E+00	3.331E+00
1.690E+00	3.307E+00	1.114E-03	3.306E+00	3.308E+00	3.307E+00	3.307E+00	3.306E+00	3.307E+00
1.700E+00	3.283E+00	1.155E-03	3.282E+00	3.285E+00	3.284E+00	3.283E+00	3.283E+00	3.284E+00
1.710E+00	3.260E+00	1.197E-03	3.259E+00	3.261E+00	3.260E+00	3.260E+00	3.260E+00	3.261E+00
1.720E+00	3.237E+00	1.239E-03	3.236E+00	3.238E+00	3.237E+00	3.237E+00	3.237E+00	3.238E+00
1.730E+00	3.214E+00	1.281E-03	3.213E+00	3.215E+00	3.214E+00	3.214E+00	3.214E+00	3.214E+00
1.740E+00	3.191E+00	1.324E-03	3.190E+00	3.192E+00	3.191E+00	3.191E+00	3.191E+00	3.191E+00
1.750E+00	3.168E+00	1.367E-03	3.167E+00	3.169E+00	3.168E+00	3.168E+00	3.168E+00	3.169E+00
1.760E+00	3.145E+00	1.409E-03	3.144E+00	3.147E+00	3.145E+00	3.145E+00	3.145E+00	3.146E+00
1.770E+00	3.123E+00	1.452E-03	3.121E+00	3.124E+00	3.123E+00	3.123E+00	3.122E+00	3.123E+00
1.780E+00	3.100E+00	1.496E-03	3.098E+00	3.101E+00	3.100E+00	3.100E+00	3.100E+00	3.100E+00
1.790E+00	3.077E+00	1.539E-03	3.076E+00	3.079E+00	3.077E+00	3.077E+00	3.077E+00	3.078E+00
1.800E+00	3.055E+00	1.582E-03	3.053E+00	3.056E+00	3.055E+00	3.055E+00	3.054E+00	3.055E+00
1.810E+00	3.032E+00	1.625E-03	3.031E+00	3.034E+00	3.033E+00	3.032E+00	3.032E+00	3.033E+00
1.820E+00	3.010E+00	1.669E-03	3.009E+00	3.012E+00	3.010E+00	3.010E+00	3.010E+00	3.011E+00
1.830E+00	2.988E+00	1.712E-03	2.986E+00	2.990E+00	2.988E+00	2.988E+00	2.987E+00	2.988E+00
1.840E+00	2.966E+00	1.755E-03	2.964E+00	2.967E+00	2.966E+00	2.966E+00	2.965E+00	2.966E+00
1.850E+00	2.944E+00	1.799E-03	2.942E+00	2.945E+00	2.944E+00	2.944E+00	2.943E+00	2.944E+00
1.860E+00	2.922E+00	1.842E-03	2.920E+00	2.923E+00	2.922E+00	2.922E+00	2.921E+00	2.922E+00
1.870E+00	2.900E+00	1.885E-03	2.898E+00	2.902E+00	2.900E+00	2.900E+00	2.899E+00	2.900E+00
1.880E+00	2.878E+00	1.929E-03	2.876E+00	2.880E+00	2.878E+00	2.878E+00	2.878E+00	2.878E+00
1.890E+00	2.856E+00	1.972E-03	2.854E+00	2.858E+00	2.856E+00	2.856E+00	2.856E+00	2.857E+00
1.900E+00	2.835E+00	2.015E-03	2.833E+00	2.837E+00	2.835E+00	2.835E+00	2.834E+00	2.835E+00
1.910E+00	2.813E+00	2.058E-03	2.811E+00	2.815E+00	2.813E+00	2.813E+00	2.813E+00	2.814E+00
1.920E+00	2.792E+00	2.101E-03	2.790E+00	2.794E+00	2.792E+00	2.792E+00	2.791E+00	2.792E+00
1.930E+00	2.770E+00	2.143E-03	2.768E+00	2.772E+00	2.770E+00	2.770E+00	2.770E+00	2.771E+00
1.940E+00	2.749E+00	2.186E-03	2.747E+00	2.751E+00	2.749E+00	2.749E+00	2.749E+00	2.749E+00
1.950E+00	2.728E+00	2.228E-03	2.726E+00	2.730E+00	2.728E+00	2.728E+00	2.727E+00	2.728E+00
1.960E+00	2.707E+00	2.271E-03	2.705E+00	2.709E+00	2.707E+00	2.707E+00	2.706E+00	2.707E+00
1.970E+00	2.686E+00	2.313E-03	2.684E+00	2.688E+00	2.686E+00	2.686E+00	2.685E+00	2.686E+00
1.980E+00	2.665E+00	2.355E-03	2.663E+00	2.667E+00	2.665E+00	2.665E+00	2.665E+00	2.665E+00
1.990E+00	2.644E+00	2.396E-03	2.642E+00	2.647E+00	2.644E+00	2.644E+00	2.644E+00	2.645E+00
2.000E+00	2.623E+00	2.438E-03	2.621E+00	2.626E+00	2.623E+00	2.623E+00	2.623E+00	2.624E+00
2.010E+00	2.603E+00	2.479E-03	2.600E+00	2.605E+00	2.603E+00	2.603E+00	2.602E+00	2.603E+00
2.020E+00	2.582E+00	2.520E-03	2.580E+00	2.585E+00	2.582E+00	2.582E+00	2.582E+00	2.583E+00
2.030E+00	2.562E+00	2.561E-03	2.559E+00	2.564E+00	2.562E+00	2.562E+00	2.562E+00	2.562E+00
2.040E+00	2.542E+00	2.602E-03	2.539E+00	2.544E+00	2.542E+00	2.542E+00	2.541E+00	2.542E+00
2.050E+00	2.521E+00	2.643E-03	2.519E+00	2.524E+00	2.521E+00	2.521E+00	2.521E+00	2.522E+00
2.060E+00	2.501E+00	2.683E-03	2.499E+00	2.504E+00	2.501E+00	2.501E+00	2.501E+00	2.502E+00
2.070E+00	2.481E+00	2.723E-03	2.479E+00	2.484E+00	2.481E+00	2.481E+00	2.481E+00	2.482E+00
2.080E+00	2.461E+00	2.762E-03	2.459E+00	2.464E+00	2.461E+00	2.461E+00	2.461E+00	2.462E+00
2.090E+00	2.442E+00	2.802E-03	2.439E+00	2.444E+00	2.442E+00	2.442E+00	2.441E+00	2.442E+00
2.100E+00	2.422E+00	2.841E-03	2.419E+00	2.425E+00	2.422E+00	2.422E+00	2.421E+00	2.422E+00
2.110E+00	2.402E+00	2.880E-03	2.399E+00	2.405E+00	2.402E+00	2.402E+00	2.402E+00	2.403E+00
2.120E+00	2.383E+00	2.918E-03	2.380E+00	2.386E+00	2.383E+00	2.383E+00	2.382E+00	2.383E+00
2.130E+00	2.363E+00	2.957E-03	2.360E+00	2.366E+00	2.363E+00	2.363E+00	2.363E+00	2.364E+00
2.140E+00	2.344E+00	2.995E-03	2.341E+00	2.347E+00	2.344E+00	2.344E+00	2.343E+00	2.344E+00
2.150E+00	2.325E+00	3.032E-03	2.322E+00	2.328E+00	2.325E+00	2.325E+00	2.324E+00	2.325E+00
2.160E+00	2.306E+00	3.069E-03	2.302E+00	2.309E+00	2.305E+00	2.306E+00	2.305E+00	2.306E+00
2.170E+00	2.287E+00	3.106E-03	2.283E+00	2.290E+00	2.286E+00	2.287E+00	2.286E+00	2.287E+00
2.180E+00	2.268E+00	3.143E-03	2.264E+00	2.271E+00	2.268E+00	2.268E+00	2.267E+00	2.268E+00
2.190E+00	2.249E+00	3.179E-03	2.246E+00	2.252E+00	2.249E+00	2.249E+00	2.248E+00	2.249E+00
2.200E+00	2.230E+00	3.215E-03	2.227E+00	2.233E+00	2.230E+00	2.230E+00	2.230E+00	2.230E+00
2.210E+00	2.211E+00	3.251E-03	2.208E+00	2.215E+00	2.211E+00	2.211E+00	2.211E+00	2.212E+00
2.220E+00	2.193E+00	3.286E-03	2.190E+00	2.196E+00	2.193E+00	2.193E+00	2.192E+00	2.193E+00
2.230E+00	2.174E+00	3.321E-03	2.171E+00	2.178E+00	2.174E+00	2.175E+00	2.174E+00	2.175E+00
2.240E+00	2.156E+00	3.356E-03	2.153E+00	2.159E+00	2.156E+00	2.156E+00	2.156E+00	2.157E+00
2.250E+00	2.138E+00	3.390E-03	2.135E+00	2.141E+00	2.138E+00	2.138E+00	2.137E+00	2.138E+00
2.260E+00	2.120E+00	3.424E-03	2.116E+00	2.123E+00	2.120E+00	2.120E+00	2.119E+00	2.120E+00
2.270E+00	2.102E+00	3.457E-03	2.098E+00	2.105E+00	2.102E+00	2.102E+00	2.101E+00	2.102E+00
2.280E+00	2.084E+00	3.490E-03	2.080E+00	2.087E+00	2.084E+00	2.084E+00	2.083E+00	2.084E+00
2.290E+00	2.066E+00	3.523E-03	2.063E+00	2.070E+00	2.066E+00	2.066E+00	2.066E+00	2.066E+00
2.300E+00	2.048E+00	3.555E-03	2.045E+00	2.052E+00	2.048E+00	2.048E+00	2.048E+00	2.049E+00
2.310E+00	2.031E+00	3.587E-03	2.027E+00	2.034E+00	2.031E+00	2.031E+00	2.030E+00	2.031E+00
2.320E+00	2.013E+00	3.619E-03	2.010E+00	2.017E+00	2.013E+00	2.013E+00	2.013E+00	2.014E+00
2.330E+00	1.996E+00	3.650E-03	1.992E+00	1.999E+00	1.996E+00	1.996E+00	1.995E+00	1.996E+00
2.340E+00	1.979E+00	3.681E-03	1.975E+00	1.982E+00	1.978E+00	1.979E+00	1.978E+00	1.979E+00
2.350E+00	1.961E+00	3.711E-03	1.958E+00	1.965E+00	1.961E+00	1.961E+00	1.961E+00	1.962E+00
2.360E+00	1.944E+00	3.741E-03	1.941E+00	1.948E+00	1.944E+00	1.944E+00	1.944E+00	1.945E+00
2.370E+00	1.927E+00	3.770E-03	1.924E+00	1.931E+00	1.927E+00	1.927E+00	1.927E+00	1.928E+00
2.380E+00	1.910E+00	3.799E-03	1.907E+00	1.914E+00	1.910E+00	1.910E+00	1.910E+00	1.911E+00
2.390E+00	1.894E+00	3.828E-03	1.890E+00	1.897E+00	1.894E+00	1.894E+00	1.893E+00	1.894E+00
2.400E+00	1.877E+00	3.856E-03	1.873E+00	1.881E+00	1.877E+00	1.877E+00	1.877E+00	1.877E+00
2.410E+00	1.860E+00	3.884E-03	1.856E+00	1.864E+00	1.860E+00	1.860E+00	1.860E+00	1.861E+00
2.420E+00	1.844E+00	3.911E-03	1.840E+00	1.848E+00	1.844E+00	1.844E+00	1.843E+00	1.844E+00
2.430E+00	1.827E+00	3.938E-03	1.824E+00	1.831E+00	1.827E+00	1.828E+00	1.827E+00	1.828E+00
2.440E+00	1.811E+00	3.965E-03	1.807E+00	1.815E+00	1.811E+00	1.811E+00	1.811E+00	1.812E+00
2.450E+00	1.795E+00	3.991E-03	1.791E+00	1.799E+00	1.795E+00	1.795E+00	1.795E+00	1.795E+00
2.460E+00	1.779E+00	4.017E-03	1.775E+00	1.783E+00	1.779E+00	1.779E+00	1.779E+00	1.779E+00
2.470E+00	1.763E+00	4.042E-03	1.759E+00	1.767E+00	1.763E+00	1.763E+00	1.763E+00	1.763E+00
2.480E+00	1.747E+00	4.067E-03	1.743E+00	1.751E+00	1.747E+00	1.747E+00	1.747E+00	1.748E+00
2.490E+00	1.731E+00	4.091E-03	1.727E+00	1.735E+00	1.731E+00	1.731E+00	1.731E+00	1.732E+00
2.500E+00	1.716E+00	4.115E-03	1.712E+00	1.720E+00	1.716E+00	1.716E+00	1.715E+00	1.716E+00
2.510E+00	1.700E+00	4.138E-03	1.696E+00	1.704E+00	1.700E+00	1.700E+00	1.700E+00	1.701E+00
2.520E+00	1.685E+00	4.161E-03	1.681E+00	1.689E+00	1.685E+00	1.685E+00	1.684E+00	1.685E+00
2.530E+00	1.669E+00	4.184E-03	1.665E+00	1.674E+00	1.669E+00	1.669E+00	1.669E+00	1.670E+00
2.540E+00	1.654E+00	4.206E-03	1.650E+00	1.658E+00	1.654E+00	1.654E+00	1.654E+00	1.654E+00
2.550E+00	1.639E+00	4.228E-03	1.635E+00	1.643E+00	1.639E+00	1.639E+00	1.639E+00	1.639E+00
2.560E+00	1.624E+00	4.249E-03	1.620E+00	1.628E+00	1.624E+00	1.624E+00	1.623E+00	1.624E+00
2.570E+00	1.609E+00	4.270E-03	1.605E+00	1.613E+00	1.609E+00	1.609E+00	1.609E+00	1.609E+00
2.580E+00	1.594E+00	4.290E-03	1.590E+00	1.598E+00	1.594E+00	1.594E+00	1.594E+00	1.594E+00
2.590E+00	1.579E+00	4.310E-03	1.575E+00	1.584E+00	1.579E+00	1.579E+00	1.579E+00	1.580E+00
2.600E+00	1.565E+00	4.330E-03	1.560E+00	1.569E+00	1.565E+00	1.565E+00	1.564E+00	1.565E+00
2.610E+00	1.550E+00	4.349E-03	1.546E+00	1.554E+00	1.550E+00	1.550E+00	1.550E+00	1.550E+00
2.620E+00	1.536E+00	4.367E-03	1.531E+00	1.540E+00	1.536E+00	1.536E+00	1.535E+00	1.536E+00
2.630E+00	1.521E+00	4.385E-03	1.517E+00	1.526E+00	1.521E+00	1.521E+00	1.521E+00	1.522E+00
2.640E+00	1.507E+00	4.403E-03	1.503E+00	1.511E+00	1.507E+00	1.507E+00	1.507E+00	1.507E+00
2.650E+00	1.493E+00	4.420E-03	1.488E+00	1.497E+00	1.493E+00	1.493E+00	1.492E+00	1.493E+00
2.660E+00	1.479E+00	4.437E-03	1.474E+00	1.483E+00	1.479E+00	1.479E+00	1.478E+00	1.479E+00
2.670E+00	1.465E+00	4.454E-03	1.460E+00	1.469E+00	1.465E+00	1.465E+00	1.464E+00	1.465E+00
2.680E+00	1.451E+00	4.469E-03	1.447E+00	1.455E+00	1.451E+00	1.451E+00	1.451E+00	1.451E+00
2.690E+00	1.437E+00	4.485E-03	1.433E+00	1.442E+00	1.437E+00	1.437E+00	1.437E+00	1.438E+00
2.700E+00	1.424E+00	4.500E-03	1.419E+00	1.428E+00	1.423E+00	1.424E+00	1.423E+00	1.424E+00
2.710E+00	1.410E+00	4.515E-03	1.405E+00	1.414E+00	1.410E+00	1.410E+00	1.410E+00	1.410E+00
2.720E+00	1.397E+00	4.529E-03	1.392E+00	1.401E+00	1.396E+00	1.397E+00	1.396E+00	1.397E+00
2.730E+00	1.383E+00	4.542E-03	1.379E+00	1.388E+00	1.383E+00	1.383E+00	1.383E+00	1.383E+00
2.740E+00	1.370E+00	4.556E-03	1.365E+00	1.374E+00	1.370E+00	1.370E+00	1.369E+00	1.370E+00
2.750E+00	1.357E+00	4.569E-03	1.352E+00	1.361E+00	1.357E+00	1.357E+00	1.356E+00	1.357E+00
2.760E+00	1.344E+00	4.581E-03	1.339E+00	1.348E+00	1.343E+00	1.344E+00	1.343E+00	1.344E+00
2.770E+00	1.331E+00	4.593E-03	1.326E+00	1.335E+00	1.330E+00	1.331E+00	1.330E+00	1.331E+00
2.780E+00	1.318E+00	4.604E-03	1.313E+00	1.322E+00	1.318E+00	1.318E+00	1.317E+00	1.318E+00
2.790E+00	1.305E+00	4.616E-03	1.300E+00	1.310E+00	1.305E+00	1.305E+00	1.305E+00	1.305E+00
2.800E+00	1.292E+00	4.626E-03	1.288E+00	1.297E+00	1.292E+00	1.292E+00	1.292E+00	1.293E+00
2.810E+00	1.280E+00	4.636E-03	1.275E+00	1.284E+00	1.279E+00	1.280E+00	1.279E+00	1.280E+00
2.820E+00	1.267E+00	4.646E-03	1.262E+00	1.272E+00	1.267E+00	1.267E+00	1.267E+00	1.267E+00
2.830E+00	1.255E+00	4.656E-03	1.250E+00	1.259E+00	1.255E+00	1.255E+00	1.254E+00	1.255E+00
2.840E+00	1.242E+00	4.665E-03	1.238E+00	1.247E+00	1.242E+00	1.242E+00	1.242E+00	1.243E+00
2.850E+00	1.230E+00	4.673E-03	1.225E+00	1.235E+00	1.230E+00	1.230E+00	1.230E+00	1.230E+00
2.860E+00	1.218E+00	4.681E-03	1.213E+00	1.223E+00	1.218E+00	1.218E+00	1.218E+00	1.218E+00
2.870E+00	1.206E+00	4.689E-03	1.201E+00	1.211E+00	1.206E+00	1.206E+00	1.206E+00	1.206E+00
2.880E+00	1.194E+00	4.696E-03	1.189E+00	1.199E+00	1.194E+00	1.194E+00	1.194E+00	1.194E+00
2.890E+00	1.182E+00	4.703E-03	1.177E+00	1.187E+00	1.182E+00	1.182E+00	1.182E+00	1.182E+00
2.900E+00	1.170E+00	4.710E-03	1.166E+00	1.175E+00	1.170E+00	1.170E+00	1.170E+00	1.171E+00
2.910E+00	1.159E+00	4.716E-03	1.154E+00	1.163E+00	1.158E+00	1.159E+00	1.158E+00	1.159E+00
2.920E+00	1.147E+00	4.721E-03	1.142E+00	1.152E+00	1.147E+00	1.147E+00	1.147E+00	1.147E+00
2.930E+00	1.136E+00	4.727E-03	1.131E+00	1.140E+00	1.135E+00	1.136E+00	1.135E+00	1.136E+00
2.940E+00	1.124E+00	4.731E-03	1.119E+00	1.129E+00	1.124E+00	1.124E+00	1.124E+00	1.124E+00
2.950E+00	1.113E+00	4.736E-03	1.108E+00	1.118E+00	1.113E+00	1.113E+00	1.112E+00	1.113E+00
2.960E+00	1.102E+00	4.740E-03	1.097E+00	1.106E+00	1.101E+00	1.102E+00	1.101E+00	1.102E+00
2.970E+00	1.090E+00	4.744E-03	1.086E+00	1.095E+00	1.090E+00	1.091E+00	1.090E+00	1.091E+00
2.980E+00	1.079E+00	4.747E-03	1.075E+00	1.084E+00	1.079E+00	1.079E+00	1.079E+00	1.080E+00
2.990E+00	1.068E+00	4.750E-03	1.064E+00	1.073E+00	1.068E+00	1.069E+00	1.068E+00	1.069E+00
3.000E+00	1.058E+00	4.752E-03	1.053E+00	1.062E+00	1.057E+00	1.058E+00	1.057E+00	1.058E+00
