1.000E-02	6.868E+00	2.884E-03	6.870E+00	6.865E+00	6.868E+00	6.867E+00	6.868E+00	6.868E+00
2.000E-02	6.865E+00	2.853E-03	6.868E+00	6.863E+00	6.866E+00	6.865E+00	6.865E+00	6.865E+00
3.000E-02	6.862E+00	2.815E-03	6.865E+00	6.859E+00	6.863E+00	6.861E+00	6.862E+00	6.862E+00
4.000E-02	6.858E+00	2.772E-03	6.861E+00	6.855E+00	6.859E+00	6.857E+00	6.858E+00	6.858E+00
5.000E-02	6.853E+00	2.725E-03	6.856E+00	6.851E+00	6.854E+00	6.853E+00	6.853E+00	6.853E+00
6.000E-02	6.848E+00	2.675E-03	6.851E+00	6.845E+00	6.849E+00	6.847E+00	6.848E+00	6.848E+00
7.000E-02	6.842E+00	2.623E-03	6.844E+00	6.839E+00	6.843E+00	6.841E+00	6.842E+00	6.842E+00
8.000E-02	6.835E+00	2.569E-03	6.838E+00	6.833E+00	6.836E+00	6.835E+00	6.835E+00	6.836E+00
9.000E-02	6.828E+00	2.513E-03	6.831E+00	6.826E+00	6.829E+00	6.828E+00	6.828E+00	6.828E+00
1.000E-01	6.821E+00	2.457E-03	6.823E+00	6.818E+00	6.822E+00	6.820E+00	6.821E+00	6.821E+00
1.100E-01	6.813E+00	2.399E-03	6.815E+00	6.810E+00	6.813E+00	6.812E+00	6.813E+00	6.813E+00
1.200E-01	6.804E+00	2.340E-03	6.806E+00	6.802E+00	6.805E+00	6.803E+00	6.804E+00	6.804E+00
1.300E-01	6.795E+00	2.281E-03	6.797E+00	6.793E+00	6.796E+00	6.794E+00	6.795E+00	6.795E+00
1.400E-01	6.786E+00	2.221E-03	6.788E+00	6.784E+00	6.786E+00	6.785E+00	6.786E+00	6.786E+00
1.500E-01	6.776E+00	2.161E-03	6.778E+00	6.774E+00	6.777E+00	6.775E+00	6.776E+00	6.776E+00
1.600E-01	6.765E+00	2.100E-03	6.767E+00	6.763E+00	6.766E+00	6.765E+00	6.765E+00	6.766E+00
1.700E-01	6.755E+00	2.040E-03	6.757E+00	6.753E+00	6.755E+00	6.754E+00	6.755E+00	6.755E+00
1.800E-01	6.744E+00	1.980E-03	6.745E+00	6.742E+00	6.744E+00	6.743E+00	6.744E+00	6.744E+00
1.900E-01	6.732E+00	1.920E-03	6.734E+00	6.730E+00	6.733E+00	6.731E+00	6.732E+00	6.732E+00
2.000E-01	6.720E+00	1.860E-03	6.722E+00	6.719E+00	6.721E+00	6.720E+00	6.720E+00	6.720E+00
2.100E-01	6.708E+00	1.801E-03	6.710E+00	6.706E+00	6.709E+00	6.707E+00	6.708E+00	6.708E+00
2.200E-01	6.696E+00	1.742E-03	6.697E+00	6.694E+00	6.696E+00	6.695E+00	6.695E+00	6.696E+00
2.300E-01	6.683E+00	1.683E-03	6.684E+00	6.681E+00	6.683E+00	6.682E+00	6.683E+00	6.683E+00
2.400E-01	6.669E+00	1.625E-03	6.671E+00	6.668E+00	6.670E+00	6.669E+00	6.669E+00	6.669E+00
2.500E-01	6.656E+00	1.568E-03	6.657E+00	6.654E+00	6.656E+00	6.655E+00	6.656E+00	6.656E+00
2.600E-01	6.642E+00	1.512E-03	6.643E+00	6.640E+00	6.643E+00	6.641E+00	6.642E+00	6.642E+00
2.700E-01	6.628E+00	1.457E-03	6.629E+00	6.626E+00	6.628E+00	6.627E+00	6.628E+00	6.628E+00
2.800E-01	6.613E+00	1.403E-03	6.614E+00	6.612E+00	6.614E+00	6.612E+00	6.613E+00	6.613E+00
2.900E-01	6.598E+00	1.350E-03	6.599E+00	6.597E+00	6.599E+00	6.597E+00	6.598E+00	6.598E+00
3.000E-01	6.583E+00	1.297E-03	6.584E+00	6.582E+00	6.584E+00	6.582E+00	6.583E+00	6.583E+00
3.100E-01	6.568E+00	1.247E-03	6.569E+00	6.567E+00	6.568E+00	6.567E+00	6.568E+00	6.568E+00
3.200E-01	6.552E+00	1.197E-03	6.553E+00	6.551E+00	6.553E+00	6.551E+00	6.552E+00	6.552E+00
3.300E-01	6.536E+00	1.149E-03	6.537E+00	6.535E+00	6.537E+00	6.535E+00	6.536E+00	6.536E+00
3.400E-01	6.520E+00	1.103E-03	6.520E+00	6.519E+00	6.520E+00	6.519E+00	6.520E+00	6.520E+00
3.500E-01	6.503E+00	1.058E-03	6.504E+00	6.502E+00	6.504E+00	6.502E+00	6.503E+00	6.503E+00
3.600E-01	6.486E+00	1.015E-03	6.487E+00	6.486E+00	6.487E+00	6.486E+00	6.486E+00	6.486E+00
3.700E-01	6.469E+00	9.741E-04	6.470E+00	6.469E+00	6.470E+00	6.469E+00	6.469E+00	6.469E+00
3.800E-01	6.452E+00	9.350E-04	6.453E+00	6.451E+00	6.453E+00	6.451E+00	6.452E+00	6.452E+00
3.900E-01	6.434E+00	8.981E-04	6.435E+00	6.434E+00	6.435E+00	6.434E+00	6.434E+00	6.435E+00
4.000E-01	6.417E+00	8.634E-04	6.417E+00	6.416E+00	6.417E+00	6.416E+00	6.416E+00	6.417E+00
4.100E-01	6.399E+00	8.312E-04	6.399E+00	6.398E+00	6.399E+00	6.398E+00	6.398E+00	6.399E+00
4.200E-01	6.380E+00	8.014E-04	6.381E+00	6.380E+00	6.381E+00	6.380E+00	6.380E+00	6.380E+00
4.300E-01	6.362E+00	7.744E-04	6.362E+00	6.361E+00	6.362E+00	6.361E+00	6.362E+00	6.362E+00
4.400E-01	6.343E+00	7.501E-04	6.343E+00	6.343E+00	6.344E+00	6.342E+00	6.343E+00	6.343E+00
4.500E-01	6.324E+00	7.286E-04	6.324E+00	6.324E+00	6.325E+00	6.324E+00	6.324E+00	6.324E+00
4.600E-01	6.305E+00	7.101E-04	6.305E+00	6.305E+00	6.306E+00	6.304E+00	6.305E+00	6.305E+00
4.700E-01	6.286E+00	6.945E-04	6.286E+00	6.286E+00	6.286E+00	6.285E+00	6.286E+00	6.286E+00
4.800E-01	6.266E+00	6.819E-04	6.266E+00	6.266E+00	6.267E+00	6.265E+00	6.266E+00	6.266E+00
4.900E-01	6.246E+00	6.722E-04	6.246E+00	6.246E+00	6.247E+00	6.246E+00	6.246E+00	6.247E+00
5.000E-01	6.226E+00	6.654E-04	6.226E+00	6.226E+00	6.227E+00	6.226E+00	6.226E+00	6.227E+00
5.100E-01	6.206E+00	6.614E-04	6.206E+00	6.206E+00	6.207E+00	6.206E+00	6.206E+00	6.206E+00
5.200E-01	6.186E+00	6.600E-04	6.186E+00	6.186E+00	6.187E+00	6.185E+00	6.186E+00	6.186E+00
5.300E-01	6.165E+00	6.610E-04	6.165E+00	6.165E+00	6.166E+00	6.165E+00	6.165E+00	6.166E+00
5.400E-01	6.145E+00	6.643E-04	6.145E+00	6.145E+00	6.145E+00	6.144E+00	6.145E+00	6.145E+00
5.500E-01	6.124E+00	6.696E-04	6.124E+00	6.124E+00	6.124E+00	6.123E+00	6.124E+00	6.124E+00
5.600E-01	6.103E+00	6.767E-04	6.103E+00	6.103E+00	6.103E+00	6.102E+00	6.103E+00	6.103E+00
5.700E-01	6.082E+00	6.854E-04	6.081E+00	6.082E+00	6.082E+00	6.081E+00	6.081E+00	6.082E+00
5.800E-01	6.060E+00	6.955E-04	6.060E+00	6.060E+00	6.061E+00	6.060E+00	6.060E+00	6.060E+00
5.900E-01	6.039E+00	7.067E-04	6.038E+00	6.039E+00	6.039E+00	6.038E+00	6.038E+00	6.039E+00
6.000E-01	6.017E+00	7.188E-04	6.017E+00	6.017E+00	6.018E+00	6.016E+00	6.017E+00	6.017E+00
6.100E-01	5.995E+00	7.317E-04	5.995E+00	5.995E+00	5.996E+00	5.995E+00	5.995E+00	5.995E+00
6.200E-01	5.973E+00	7.451E-04	5.973E+00	5.974E+00	5.974E+00	5.973E+00	5.973E+00	5.973E+00
6.300E-01	5.951E+00	7.590E-04	5.951E+00	5.951E+00	5.952E+00	5.950E+00	5.951E+00	5.951E+00
6.400E-01	5.929E+00	7.731E-04	5.928E+00	5.929E+00	5.929E+00	5.928E+00	5.928E+00	5.929E+00
6.500E-01	5.906E+00	7.874E-04	5.906E+00	5.907E+00	5.907E+00	5.906E+00	5.906E+00	5.906E+00
6.600E-01	5.884E+00	8.017E-04	5.883E+00	5.884E+00	5.884E+00	5.883E+00	5.883E+00	5.884E+00
6.700E-01	5.861E+00	8.160E-04	5.860E+00	5.862E+00	5.862E+00	5.860E+00	5.861E+00	5.861E+00
6.800E-01	5.838E+00	8.300E-04	5.838E+00	5.839E+00	5.839E+00	5.838E+00	5.838E+00	5.838E+00
6.900E-01	5.815E+00	8.438E-04	5.815E+00	5.816E+00	5.816E+00	5.815E+00	5.815E+00	5.815E+00
7.000E-01	5.792E+00	8.573E-04	5.792E+00	5.793E+00	5.793E+00	5.792E+00	5.792E+00	5.792E+00
7.100E-01	5.769E+00	8.705E-04	5.768E+00	5.770E+00	5.769E+00	5.768E+00	5.769E+00	5.769E+00
7.200E-01	5.746E+00	8.831E-04	5.745E+00	5.746E+00	5.746E+00	5.745E+00	5.745E+00	5.746E+00
7.300E-01	5.722E+00	8.953E-04	5.722E+00	5.723E+00	5.723E+00	5.722E+00	5.722E+00	5.722E+00
7.400E-01	5.699E+00	9.070E-04	5.698E+00	5.699E+00	5.699E+00	5.698E+00	5.698E+00	5.699E+00
7.500E-01	5.675E+00	9.181E-04	5.674E+00	5.676E+00	5.676E+00	5.674E+00	5.675E+00	5.675E+00
7.600E-01	5.651E+00	9.286E-04	5.651E+00	5.652E+00	5.652E+00	5.651E+00	5.651E+00	5.652E+00
7.700E-01	5.627E+00	9.385E-04	5.627E+00	5.628E+00	5.628E+00	5.627E+00	5.627E+00	5.628E+00
7.800E-01	5.604E+00	9.477E-04	5.603E+00	5.604E+00	5.604E+00	5.603E+00	5.603E+00	5.604E+00
7.900E-01	5.579E+00	9.562E-04	5.579E+00	5.580E+00	5.580E+00	5.579E+00	5.579E+00	5.580E+00
8.000E-01	5.555E+00	9.641E-04	5.555E+00	5.556E+00	5.556E+00	5.555E+00	5.555E+00	5.556E+00
8.100E-01	5.531E+00	9.713E-04	5.530E+00	5.532E+00	5.532E+00	5.531E+00	5.531E+00	5.531E+00
8.200E-01	5.507E+00	9.777E-04	5.506E+00	5.508E+00	5.507E+00	5.506E+00	5.507E+00	5.507E+00
8.300E-01	5.482E+00	9.834E-04	5.482E+00	5.483E+00	5.483E+00	5.482E+00	5.482E+00	5.483E+00
8.400E-01	5.458E+00	9.884E-04	5.457E+00	5.459E+00	5.458E+00	5.457E+00	5.458E+00	5.458E+00
8.500E-01	5.433E+00	9.927E-04	5.433E+00	5.434E+00	5.434E+00	5.433E+00	5.433E+00	5.434E+00
8.600E-01	5.409E+00	9.962E-04	5.408E+00	5.410E+00	5.409E+00	5.408E+00	5.409E+00	5.409E+00
8.700E-01	5.384E+00	9.989E-04	5.383E+00	5.385E+00	5.385E+00	5.384E+00	5.384E+00	5.384E+00
8.800E-01	5.359E+00	1.001E-03	5.359E+00	5.360E+00	5.360E+00	5.359E+00	5.359E+00	5.360E+00
8.900E-01	5.335E+00	1.002E-03	5.334E+00	5.335E+00	5.335E+00	5.334E+00	5.334E+00	5.335E+00
9.000E-01	5.310E+00	1.003E-03	5.309E+00	5.311E+00	5.310E+00	5.309E+00	5.309E+00	5.310E+00
9.100E-01	5.285E+00	1.003E-03	5.284E+00	5.286E+00	5.285E+00	5.284E+00	5.285E+00	5.285E+00
9.200E-01	5.260E+00	1.002E-03	5.259E+00	5.261E+00	5.260E+00	5.259E+00	5.260E+00	5.260E+00
9.300E-01	5.235E+00	9.999E-04	5.234E+00	5.236E+00	5.235E+00	5.234E+00	5.234E+00	5.235E+00
9.400E-01	5.210E+00	9.975E-04	5.209E+00	5.210E+00	5.210E+00	5.209E+00	5.209E+00	5.210E+00
9.500E-01	5.184E+00	9.943E-04	5.184E+00	5.185E+00	5.185E+00	5.184E+00	5.184E+00	5.185E+00
9.600E-01	5.159E+00	9.904E-04	5.158E+00	5.160E+00	5.160E+00	5.159E+00	5.159E+00	5.160E+00
9.700E-01	5.134E+00	9.859E-04	5.133E+00	5.135E+00	5.134E+00	5.134E+00	5.134E+00	5.134E+00
9.800E-01	5.109E+00	9.806E-04	5.108E+00	5.110E+00	5.109E+00	5.108E+00	5.108E+00	5.109E+00
9.900E-01	5.083E+00	9.746E-04	5.083E+00	5.084E+00	5.084E+00	5.083E+00	5.083E+00	5.084E+00
1.000E+00	5.058E+00	9.680E-04	5.057E+00	5.059E+00	5.058E+00	5.058E+00	5.058E+00	5.058E+00
1.010E+00	5.033E+00	9.607E-04	5.032E+00	5.033E+00	5.033E+00	5.032E+00	5.032E+00	5.033E+00
1.020E+00	5.007E+00	9.527E-04	5.006E+00	5.008E+00	5.008E+00	5.007E+00	5.007E+00	5.008E+00
1.030E+00	4.982E+00	9.441E-04	4.981E+00	4.983E+00	4.982E+00	4.981E+00	4.981E+00	4.982E+00
1.040E+00	4.956E+00	9.348E-04	4.955E+00	4.957E+00	4.957E+00	4.956E+00	4.956E+00	4.957E+00
1.050E+00	4.931E+00	9.249E-04	4.930E+00	4.932E+00	4.931E+00	4.930E+00	4.930E+00	4.931E+00
1.060E+00	4.905E+00	9.145E-04	4.904E+00	4.906E+00	4.906E+00	4.905E+00	4.905E+00	4.906E+00
1.070E+00	4.880E+00	9.034E-04	4.879E+00	4.880E+00	4.880E+00	4.879E+00	4.879E+00	4.880E+00
1.080E+00	4.854E+00	8.918E-04	4.853E+00	4.855E+00	4.854E+00	4.854E+00	4.854E+00	4.854E+00
1.090E+00	4.828E+00	8.796E-04	4.828E+00	4.829E+00	4.829E+00	4.828E+00	4.828E+00	4.829E+00
1.100E+00	4.803E+00	8.669E-04	4.802E+00	4.804E+00	4.803E+00	4.802E+00	4.803E+00	4.803E+00
1.110E+00	4.777E+00	8.536E-04	4.777E+00	4.778E+00	4.778E+00	4.777E+00	4.777E+00	4.778E+00
1.120E+00	4.752E+00	8.399E-04	4.751E+00	4.752E+00	4.752E+00	4.751E+00	4.751E+00	4.752E+00
1.130E+00	4.726E+00	8.257E-04	4.725E+00	4.727E+00	4.726E+00	4.726E+00	4.726E+00	4.726E+00
1.140E+00	4.700E+00	8.111E-04	4.700E+00	4.701E+00	4.701E+00	4.700E+00	4.700E+00	4.701E+00
1.150E+00	4.675E+00	7.961E-04	4.674E+00	4.675E+00	4.675E+00	4.674E+00	4.674E+00	4.675E+00
1.160E+00	4.649E+00	7.806E-04	4.648E+00	4.650E+00	4.649E+00	4.649E+00	4.649E+00	4.649E+00
1.170E+00	4.623E+00	7.648E-04	4.623E+00	4.624E+00	4.624E+00	4.623E+00	4.623E+00	4.624E+00
1.180E+00	4.598E+00	7.487E-04	4.597E+00	4.598E+00	4.598E+00	4.597E+00	4.597E+00	4.598E+00
1.190E+00	4.572E+00	7.323E-04	4.571E+00	4.573E+00	4.572E+00	4.572E+00	4.572E+00	4.572E+00
1.200E+00	4.546E+00	7.157E-04	4.546E+00	4.547E+00	4.547E+00	4.546E+00	4.546E+00	4.547E+00
1.210E+00	4.521E+00	6.988E-04	4.520E+00	4.521E+00	4.521E+00	4.520E+00	4.520E+00	4.521E+00
1.220E+00	4.495E+00	6.818E-04	4.495E+00	4.496E+00	4.495E+00	4.495E+00	4.495E+00	4.495E+00
1.230E+00	4.470E+00	6.647E-04	4.469E+00	4.470E+00	4.470E+00	4.469E+00	4.469E+00	4.470E+00
1.240E+00	4.444E+00	6.475E-04	4.443E+00	4.444E+00	4.444E+00	4.444E+00	4.444E+00	4.444E+00
1.250E+00	4.418E+00	6.304E-04	4.418E+00	4.419E+00	4.419E+00	4.418E+00	4.418E+00	4.419E+00
1.260E+00	4.393E+00	6.133E-04	4.392E+00	4.393E+00	4.393E+00	4.392E+00	4.392E+00	4.393E+00
1.270E+00	4.367E+00	5.964E-04	4.367E+00	4.368E+00	4.368E+00	4.367E+00	4.367E+00	4.368E+00
1.280E+00	4.342E+00	5.797E-04	4.341E+00	4.342E+00	4.342E+00	4.341E+00	4.341E+00	4.342E+00
1.290E+00	4.316E+00	5.634E-04	4.316E+00	4.317E+00	4.316E+00	4.316E+00	4.316E+00	4.317E+00
1.300E+00	4.291E+00	5.475E-04	4.290E+00	4.291E+00	4.291E+00	4.290E+00	4.290E+00	4.291E+00
1.310E+00	4.265E+00	5.321E-04	4.265E+00	4.266E+00	4.266E+00	4.265E+00	4.265E+00	4.266E+00
1.320E+00	4.240E+00	5.174E-04	4.240E+00	4.240E+00	4.240E+00	4.240E+00	4.239E+00	4.240E+00
1.330E+00	4.214E+00	5.036E-04	4.214E+00	4.215E+00	4.215E+00	4.214E+00	4.214E+00	4.215E+00
1.340E+00	4.189E+00	4.907E-04	4.189E+00	4.189E+00	4.189E+00	4.189E+00	4.189E+00	4.189E+00
1.350E+00	4.164E+00	4.789E-04	4.164E+00	4.164E+00	4.164E+00	4.163E+00	4.163E+00	4.164E+00
1.360E+00	4.138E+00	4.683E-04	4.138E+00	4.139E+00	4.139E+00	4.138E+00	4.138E+00	4.139E+00
1.370E+00	4.113E+00	4.592E-04	4.113E+00	4.113E+00	4.113E+00	4.113E+00	4.113E+00	4.114E+00
1.380E+00	4.088E+00	4.517E-04	4.088E+00	4.088E+00	4.088E+00	4.088E+00	4.088E+00	4.088E+00
1.390E+00	4.063E+00	4.460E-04	4.063E+00	4.063E+00	4.063E+00	4.062E+00	4.062E+00	4.063E+00
1.400E+00	4.038E+00	4.422E-04	4.038E+00	4.038E+00	4.038E+00	4.037E+00	4.037E+00	4.038E+00
1.410E+00	4.012E+00	4.403E-04	4.012E+00	4.012E+00	4.013E+00	4.012E+00	4.012E+00	4.013E+00
1.420E+00	3.987E+00	4.406E-04	3.987E+00	3.987E+00	3.988E+00	3.987E+00	3.987E+00	3.988E+00
1.430E+00	3.962E+00	4.430E-04	3.962E+00	3.962E+00	3.963E+00	3.962E+00	3.962E+00	3.963E+00
1.440E+00	3.937E+00	4.477E-04	3.937E+00	3.937E+00	3.938E+00	3.937E+00	3.937E+00	3.938E+00
1.450E+00	3.912E+00	4.545E-04	3.913E+00	3.912E+00	3.913E+00	3.912E+00	3.912E+00	3.913E+00
1.460E+00	3.888E+00	4.635E-04	3.888E+00	3.887E+00	3.888E+00	3.887E+00	3.887E+00	3.888E+00
1.470E+00	3.863E+00	4.745E-04	3.863E+00	3.863E+00	3.863E+00	3.863E+00	3.862E+00	3.863E+00
1.480E+00	3.838E+00	4.876E-04	3.838E+00	3.838E+00	3.838E+00	3.838E+00	3.838E+00	3.838E+00
1.490E+00	3.813E+00	5.025E-04	3.814E+00	3.813E+00	3.813E+00	3.813E+00	3.813E+00	3.814E+00
1.500E+00	3.789E+00	5.191E-04	3.789E+00	3.788E+00	3.789E+00	3.788E+00	3.788E+00	3.789E+00
1.510E+00	3.764E+00	5.374E-04	3.764E+00	3.764E+00	3.764E+00	3.764E+00	3.764E+00	3.764E+00
1.520E+00	3.739E+00	5.572E-04	3.740E+00	3.739E+00	3.740E+00	3.739E+00	3.739E+00	3.740E+00
1.530E+00	3.715E+00	5.784E-04	3.715E+00	3.715E+00	3.715E+00	3.715E+00	3.715E+00	3.715E+00
1.540E+00	3.690E+00	6.008E-04	3.691E+00	3.690E+00	3.691E+00	3.690E+00	3.690E+00	3.691E+00
1.550E+00	3.666E+00	6.244E-04	3.667E+00	3.666E+00	3.666E+00	3.666E+00	3.666E+00	3.666E+00
1.560E+00	3.642E+00	6.490E-04	3.642E+00	3.641E+00	3.642E+00	3.642E+00	3.641E+00	3.642E+00
1.570E+00	3.617E+00	6.745E-04	3.618E+00	3.617E+00	3.618E+00	3.617E+00	3.617E+00	3.618E+00
1.580E+00	3.593E+00	7.009E-04	3.594E+00	3.593E+00	3.593E+00	3.593E+00	3.593E+00	3.594E+00
1.590E+00	3.569E+00	7.281E-04	3.570E+00	3.569E+00	3.569E+00	3.569E+00	3.569E+00	3.570E+00
1.600E+00	3.545E+00	7.560E-04	3.546E+00	3.544E+00	3.545E+00	3.545E+00	3.545E+00	3.545E+00
1.610E+00	3.521E+00	7.846E-04	3.522E+00	3.520E+00	3.521E+00	3.521E+00	3.521E+00	3.521E+00
1.620E+00	3.497E+00	8.137E-04	3.498E+00	3.496E+00	3.497E+00	3.497E+00	3.497E+00	3.498E+00
1.630E+00	3.473E+00	8.433E-04	3.474E+00	3.473E+00	3.473E+00	3.473E+00	3.473E+00	3.474E+00
1.640E+00	3.449E+00	8.734E-04	3.450E+00	3.449E+00	3.450E+00	3.449E+00	3.449E+00	3.450E+00
1.650E+00	3.426E+00	9.039E-04	3.427E+00	3.425E+00	3.426E+00	3.426E+00	3.425E+00	3.426E+00
1.660E+00	3.402E+00	9.348E-04	3.403E+00	3.401E+00	3.402E+00	3.402E+00	3.402E+00	3.403E+00
1.670E+00	3.379E+00	9.661E-04	3.379E+00	3.378E+00	3.379E+00	3.378E+00	3.378E+00	3.379E+00
1.680E+00	3.355E+00	9.977E-04	3.356E+00	3.354E+00	3.355E+00	3.355E+00	3.355E+00	3.355E+00
1.690E+00	3.332E+00	1.030E-03	3.333E+00	3.331E+00	3.332E+00	3.331E+00	3.331E+00	3.332E+00
1.700E+00	3.308E+00	1.062E-03	3.309E+00	3.307E+00	3.308E+00	3.308E+00	3.308E+00	3.309E+00
1.710E+00	3.285E+00	1.094E-03	3.286E+00	3.284E+00	3.285E+00	3.285E+00	3.285E+00	3.285E+00
1.720E+00	3.262E+00	1.127E-03	3.263E+00	3.261E+00	3.262E+00	3.262E+00	3.261E+00	3.262E+00
1.730E+00	3.239E+00	1.159E-03	3.240E+00	3.238E+00	3.239E+00	3.239E+00	3.238E+00	3.239E+00
1.740E+00	3.216E+00	1.192E-03	3.217E+00	3.214E+00	3.216E+00	3.216E+00	3.215E+00	3.216E+00
1.750E+00	3.193E+00	1.225E-03	3.194E+00	3.192E+00	3.193E+00	3.193E+00	3.192E+00	3.193E+00
1.760E+00	3.170E+00	1.258E-03	3.171E+00	3.169E+00	3.170E+00	3.170E+00	3.169E+00	3.170E+00
1.770E+00	3.147E+00	1.291E-03	3.148E+00	3.146E+00	3.147E+00	3.147E+00	3.147E+00	3.147E+00
1.780E+00	3.124E+00	1.325E-03	3.126E+00	3.123E+00	3.124E+00	3.124E+00	3.124E+00	3.125E+00
1.790E+00	3.102E+00	1.358E-03	3.103E+00	3.100E+00	3.102E+00	3.102E+00	3.101E+00	3.102E+00
1.800E+00	3.079E+00	1.391E-03	3.080E+00	3.078E+00	3.079E+00	3.079E+00	3.079E+00	3.079E+00
1.810E+00	3.057E+00	1.425E-03	3.058E+00	3.055E+00	3.057E+00	3.057E+00	3.056E+00	3.057E+00
1.820E+00	3.034E+00	1.458E-03	3.036E+00	3.033E+00	3.034E+00	3.034E+00	3.034E+00	3.035E+00
1.830E+00	3.012E+00	1.492E-03	3.013E+00	3.010E+00	3.012E+00	3.012E+00	3.011E+00	3.012E+00
1.840E+00	2.990E+00	1.525E-03	2.991E+00	2.988E+00	2.990E+00	2.990E+00	2.989E+00	2.990E+00
1.850E+00	2.968E+00	1.559E-03	2.969E+00	2.966E+00	2.968E+00	2.968E+00	2.967E+00	2.968E+00
1.860E+00	2.946E+00	1.592E-03	2.947E+00	2.944E+00	2.946E+00	2.945E+00	2.945E+00	2.946E+00
1.870E+00	2.924E+00	1.625E-03	2.925E+00	2.922E+00	2.924E+00	2.924E+00	2.923E+00	2.924E+00
1.880E+00	2.902E+00	1.659E-03	2.903E+00	2.900E+00	2.902E+00	2.902E+00	2.901E+00	2.902E+00
1.890E+00	2.880E+00	1.692E-03	2.882E+00	2.878E+00	2.880E+00	2.880E+00	2.880E+00	2.880E+00
1.900E+00	2.858E+00	1.725E-03	2.860E+00	2.857E+00	2.858E+00	2.858E+00	2.858E+00	2.859E+00
1.910E+00	2.837E+00	1.758E-03	2.838E+00	2.835E+00	2.837E+00	2.837E+00	2.836E+00	2.837E+00
1.920E+00	2.815E+00	1.791E-03	2.817E+00	2.813E+00	2.815E+00	2.815E+00	2.815E+00	2.816E+00
1.930E+00	2.794E+00	1.824E-03	2.796E+00	2.792E+00	2.794E+00	2.794E+00	2.793E+00	2.794E+00
1.940E+00	2.773E+00	1.857E-03	2.774E+00	2.771E+00	2.773E+00	2.772E+00	2.772E+00	2.773E+00
1.950E+00	2.751E+00	1.889E-03	2.753E+00	2.749E+00	2.751E+00	2.751E+00	2.751E+00	2.752E+00
1.960E+00	2.730E+00	1.922E-03	2.732E+00	2.728E+00	2.730E+00	2.730E+00	2.730E+00	2.731E+00
1.970E+00	2.709E+00	1.954E-03	2.711E+00	2.707E+00	2.709E+00	2.709E+00	2.709E+00	2.710E+00
1.980E+00	2.688E+00	1.986E-03	2.690E+00	2.686E+00	2.688E+00	2.688E+00	2.688E+00	2.689E+00
1.990E+00	2.667E+00	2.018E-03	2.669E+00	2.665E+00	2.667E+00	2.667E+00	2.667E+00	2.668E+00
2.000E+00	2.647E+00	2.050E-03	2.649E+00	2.645E+00	2.647E+00	2.647E+00	2.646E+00	2.647E+00
2.010E+00	2.626E+00	2.082E-03	2.628E+00	2.624E+00	2.626E+00	2.626E+00	2.626E+00	2.626E+00
2.020E+00	2.605E+00	2.114E-03	2.607E+00	2.603E+00	2.605E+00	2.605E+00	2.605E+00	2.606E+00
2.030E+00	2.585E+00	2.145E-03	2.587E+00	2.583E+00	2.585E+00	2.585E+00	2.585E+00	2.585E+00
2.040E+00	2.565E+00	2.176E-03	2.567E+00	2.562E+00	2.565E+00	2.565E+00	2.564E+00	2.565E+00
2.050E+00	2.544E+00	2.207E-03	2.547E+00	2.542E+00	2.544E+00	2.544E+00	2.544E+00	2.545E+00
2.060E+00	2.524E+00	2.238E-03	2.526E+00	2.522E+00	2.524E+00	2.524E+00	2.524E+00	2.525E+00
2.070E+00	2.504E+00	2.268E-03	2.506E+00	2.502E+00	2.504E+00	2.504E+00	2.504E+00	2.505E+00
2.080E+00	2.484E+00	2.299E-03	2.486E+00	2.482E+00	2.484E+00	2.484E+00	2.484E+00	2.485E+00
2.090E+00	2.464E+00	2.329E-03	2.467E+00	2.462E+00	2.464E+00	2.464E+00	2.464E+00	2.465E+00
2.100E+00	2.444E+00	2.359E-03	2.447E+00	2.442E+00	2.444E+00	2.444E+00	2.444E+00	2.445E+00
2.110E+00	2.425E+00	2.389E-03	2.427E+00	2.422E+00	2.425E+00	2.425E+00	2.424E+00	2.425E+00
2.120E+00	2.405E+00	2.418E-03	2.408E+00	2.403E+00	2.405E+00	2.405E+00	2.405E+00	2.406E+00
2.130E+00	2.386E+00	2.447E-03	2.388E+00	2.383E+00	2.386E+00	2.386E+00	2.385E+00	2.386E+00
2.140E+00	2.366E+00	2.476E-03	2.369E+00	2.364E+00	2.366E+00	2.366E+00	2.366E+00	2.367E+00
2.150E+00	2.347E+00	2.505E-03	2.350E+00	2.345E+00	2.347E+00	2.347E+00	2.347E+00	2.348E+00
2.160E+00	2.328E+00	2.533E-03	2.330E+00	2.325E+00	2.328E+00	2.328E+00	2.328E+00	2.328E+00
2.170E+00	2.309E+00	2.561E-03	2.311E+00	2.306E+00	2.309E+00	2.309E+00	2.308E+00	2.309E+00
2.180E+00	2.290E+00	2.589E-03	2.292E+00	2.287E+00	2.290E+00	2.290E+00	2.289E+00	2.290E+00
2.190E+00	2.271E+00	2.617E-03	2.274E+00	2.268E+00	2.271E+00	2.271E+00	2.271E+00	2.271E+00
2.200E+00	2.252E+00	2.644E-03	2.255E+00	2.250E+00	2.252E+00	2.252E+00	2.252E+00	2.253E+00
2.210E+00	2.234E+00	2.672E-03	2.236E+00	2.231E+00	2.234E+00	2.234E+00	2.233E+00	2.234E+00
2.220E+00	2.215E+00	2.698E-03	2.218E+00	2.212E+00	2.215E+00	2.215E+00	2.215E+00	2.215E+00
2.230E+00	2.197E+00	2.725E-03	2.199E+00	2.194E+00	2.197E+00	2.197E+00	2.196E+00	2.197E+00
2.240E+00	2.178E+00	2.751E-03	2.181E+00	2.175E+00	2.178E+00	2.178E+00	2.178E+00	2.179E+00
2.250E+00	2.160E+00	2.777E-03	2.163E+00	2.157E+00	2.160E+00	2.160E+00	2.159E+00	2.160E+00
2.260E+00	2.142E+00	2.803E-03	2.145E+00	2.139E+00	2.142E+00	2.142E+00	2.141E+00	2.142E+00
2.270E+00	2.124E+00	2.828E-03	2.126E+00	2.121E+00	2.124E+00	2.124E+00	2.123E+00	2.124E+00
2.280E+00	2.106E+00	2.853E-03	2.109E+00	2.103E+00	2.106E+00	2.106E+00	2.105E+00	2.106E+00
2.290E+00	2.088E+00	2.878E-03	2.091E+00	2.085E+00	2.088E+00	2.088E+00	2.087E+00	2.088E+00
2.300E+00	2.070E+00	2.903E-03	2.073E+00	2.067E+00	2.070E+00	2.070E+00	2.070E+00	2.071E+00
2.310E+00	2.052E+00	2.927E-03	2.055E+00	2.050E+00	2.052E+00	2.053E+00	2.052E+00	2.053E+00
2.320E+00	2.035E+00	2.951E-03	2.038E+00	2.032E+00	2.035E+00	2.035E+00	2.035E+00	2.035E+00
2.330E+00	2.017E+00	2.974E-03	2.020E+00	2.015E+00	2.017E+00	2.018E+00	2.017E+00	2.018E+00
2.340E+00	2.000E+00	2.997E-03	2.003E+00	1.997E+00	2.000E+00	2.000E+00	2.000E+00	2.001E+00
2.350E+00	1.983E+00	3.020E-03	1.986E+00	1.980E+00	1.983E+00	1.983E+00	1.982E+00	1.983E+00
2.360E+00	1.966E+00	3.043E-03	1.969E+00	1.963E+00	1.966E+00	1.966E+00	1.965E+00	1.966E+00
2.370E+00	1.949E+00	3.065E-03	1.952E+00	1.946E+00	1.949E+00	1.949E+00	1.948E+00	1.949E+00
2.380E+00	1.932E+00	3.087E-03	1.935E+00	1.929E+00	1.932E+00	1.932E+00	1.931E+00	1.932E+00
2.390E+00	1.915E+00	3.109E-03	1.918E+00	1.912E+00	1.915E+00	1.915E+00	1.915E+00	1.915E+00
2.400E+00	1.898E+00	3.130E-03	1.901E+00	1.895E+00	1.898E+00	1.898E+00	1.898E+00	1.899E+00
2.410E+00	1.882E+00	3.151E-03	1.885E+00	1.878E+00	1.882E+00	1.882E+00	1.881E+00	1.882E+00
2.420E+00	1.865E+00	3.172E-03	1.868E+00	1.862E+00	1.865E+00	1.865E+00	1.865E+00	1.865E+00
2.430E+00	1.849E+00	3.192E-03	1.852E+00	1.845E+00	1.849E+00	1.849E+00	1.848E+00	1.849E+00
2.440E+00	1.832E+00	3.212E-03	1.835E+00	1.829E+00	1.832E+00	1.832E+00	1.832E+00	1.833E+00
2.450E+00	1.816E+00	3.231E-03	1.819E+00	1.813E+00	1.816E+00	1.816E+00	1.816E+00	1.816E+00
2.460E+00	1.800E+00	3.251E-03	1.803E+00	1.797E+00	1.800E+00	1.800E+00	1.800E+00	1.800E+00
2.470E+00	1.784E+00	3.270E-03	1.787E+00	1.781E+00	1.784E+00	1.784E+00	1.784E+00	1.784E+00
2.480E+00	1.768E+00	3.288E-03	1.771E+00	1.765E+00	1.768E+00	1.768E+00	1.768E+00	1.768E+00
2.490E+00	1.752E+00	3.307E-03	1.755E+00	1.749E+00	1.752E+00	1.752E+00	1.752E+00	1.753E+00
2.500E+00	1.736E+00	3.324E-03	1.740E+00	1.733E+00	1.736E+00	1.737E+00	1.736E+00	1.737E+00
2.510E+00	1.721E+00	3.342E-03	1.724E+00	1.718E+00	1.721E+00	1.721E+00	1.720E+00	1.721E+00
2.520E+00	1.705E+00	3.359E-03	1.709E+00	1.702E+00	1.705E+00	1.705E+00	1.705E+00	1.706E+00
2.530E+00	1.690E+00	3.376E-03	1.693E+00	1.687E+00	1.690E+00	1.690E+00	1.690E+00	1.690E+00
2.540E+00	1.675E+00	3.393E-03	1.678E+00	1.671E+00	1.675E+00	1.675E+00	1.674E+00	1.675E+00
2.550E+00	1.659E+00	3.409E-03	1.663E+00	1.656E+00	1.659E+00	1.659E+00	1.659E+00	1.660E+00
2.560E+00	1.644E+00	3.425E-03	1.648E+00	1.641E+00	1.644E+00	1.644E+00	1.644E+00	1.645E+00
2.570E+00	1.629E+00	3.440E-03	1.633E+00	1.626E+00	1.629E+00	1.629E+00	1.629E+00	1.630E+00
2.580E+00	1.614E+00	3.456E-03	1.618E+00	1.611E+00	1.614E+00	1.614E+00	1.614E+00	1.615E+00
2.590E+00	1.600E+00	3.470E-03	1.603E+00	1.596E+00	1.599E+00	1.600E+00	1.599E+00	1.600E+00
2.600E+00	1.585E+00	3.485E-03	1.588E+00	1.581E+00	1.585E+00	1.585E+00	1.584E+00	1.585E+00
2.610E+00	1.570E+00	3.499E-03	1.574E+00	1.567E+00	1.570E+00	1.570E+00	1.570E+00	1.571E+00
2.620E+00	1.556E+00	3.513E-03	1.559E+00	1.552E+00	1.556E+00	1.556E+00	1.555E+00	1.556E+00
2.630E+00	1.541E+00	3.526E-03	1.545E+00	1.538E+00	1.541E+00	1.541E+00	1.541E+00	1.542E+00
2.640E+00	1.527E+00	3.539E-03	1.531E+00	1.524E+00	1.527E+00	1.527E+00	1.527E+00	1.527E+00
2.650E+00	1.513E+00	3.552E-03	1.516E+00	1.509E+00	1.513E+00	1.513E+00	1.512E+00	1.513E+00
2.660E+00	1.499E+00	3.565E-03	1.502E+00	1.495E+00	1.499E+00	1.499E+00	1.498E+00	1.499E+00
2.670E+00	1.485E+00	3.577E-03	1.488E+00	1.481E+00	1.485E+00	1.485E+00	1.484E+00	1.485E+00
2.680E+00	1.471E+00	3.588E-03	1.474E+00	1.467E+00	1.471E+00	1.471E+00	1.470E+00	1.471E+00
2.690E+00	1.457E+00	3.600E-03	1.461E+00	1.453E+00	1.457E+00	1.457E+00	1.457E+00	1.457E+00
2.700E+00	1.443E+00	3.611E-03	1.447E+00	1.440E+00	1.443E+00	1.443E+00	1.443E+00	1.444E+00
2.710E+00	1.430E+00	3.621E-03	1.433E+00	1.426E+00	1.429E+00	1.430E+00	1.429E+00	1.430E+00
2.720E+00	1.416E+00	3.632E-03	1.420E+00	1.412E+00	1.416E+00	1.416E+00	1.416E+00	1.416E+00
2.730E+00	1.403E+00	3.642E-03	1.406E+00	1.399E+00	1.403E+00	1.403E+00	1.402E+00	1.403E+00
2.740E+00	1.389E+00	3.652E-03	1.393E+00	1.386E+00	1.389E+00	1.389E+00	1.389E+00	1.390E+00
2.750E+00	1.376E+00	3.661E-03	1.380E+00	1.372E+00	1.376E+00	1.376E+00	1.376E+00	1.376E+00
2.760E+00	1.363E+00	3.670E-03	1.367E+00	1.359E+00	1.363E+00	1.363E+00	1.363E+00	1.363E+00
2.770E+00	1.350E+00	3.679E-03	1.353E+00	1.346E+00	1.350E+00	1.350E+00	1.349E+00	1.350E+00
2.780E+00	1.337E+00	3.687E-03	1.341E+00	1.333E+00	1.337E+00	1.337E+00	1.337E+00	1.337E+00
2.790E+00	1.324E+00	3.695E-03	1.328E+00	1.320E+00	1.324E+00	1.324E+00	1.324E+00	1.324E+00
2.800E+00	1.311E+00	3.703E-03	1.315E+00	1.308E+00	1.311E+00	1.311E+00	1.311E+00	1.312E+00
2.810E+00	1.299E+00	3.710E-03	1.302E+00	1.295E+00	1.298E+00	1.299E+00	1.298E+00	1.299E+00
2.820E+00	1.286E+00	3.717E-03	1.290E+00	1.282E+00	1.286E+00	1.286E+00	1.286E+00	1.286E+00
2.830E+00	1.274E+00	3.724E-03	1.277E+00	1.270E+00	1.273E+00	1.274E+00	1.273E+00	1.274E+00
2.840E+00	1.261E+00	3.730E-03	1.265E+00	1.257E+00	1.261E+00	1.261E+00	1.261E+00	1.261E+00
2.850E+00	1.249E+00	3.736E-03	1.253E+00	1.245E+00	1.249E+00	1.249E+00	1.248E+00	1.249E+00
2.860E+00	1.237E+00	3.742E-03	1.240E+00	1.233E+00	1.237E+00	1.237E+00	1.236E+00	1.237E+00
2.870E+00	1.225E+00	3.747E-03	1.228E+00	1.221E+00	1.224E+00	1.225E+00	1.224E+00	1.225E+00
2.880E+00	1.212E+00	3.752E-03	1.216E+00	1.209E+00	1.212E+00	1.213E+00	1.212E+00	1.213E+00
2.890E+00	1.201E+00	3.757E-03	1.204E+00	1.197E+00	1.200E+00	1.201E+00	1.200E+00	1.201E+00
2.900E+00	1.189E+00	3.762E-03	1.192E+00	1.185E+00	1.189E+00	1.189E+00	1.188E+00	1.189E+00
2.910E+00	1.177E+00	3.766E-03	1.181E+00	1.173E+00	1.177E+00	1.177E+00	1.177E+00	1.177E+00
2.920E+00	1.165E+00	3.769E-03	1.169E+00	1.162E+00	1.165E+00	1.165E+00	1.165E+00	1.166E+00
2.930E+00	1.154E+00	3.773E-03	1.158E+00	1.150E+00	1.154E+00	1.154E+00	1.153E+00	1.154E+00
2.940E+00	1.142E+00	3.776E-03	1.146E+00	1.139E+00	1.142E+00	1.142E+00	1.142E+00	1.143E+00
2.950E+00	1.131E+00	3.779E-03	1.135E+00	1.127E+00	1.131E+00	1.131E+00	1.131E+00	1.131E+00
2.960E+00	1.120E+00	3.782E-03	1.123E+00	1.116E+00	1.119E+00	1.120E+00	1.119E+00	1.120E+00
2.970E+00	1.108E+00	3.784E-03	1.112E+00	1.105E+00	1.108E+00	1.109E+00	1.108E+00	1.109E+00
2.980E+00	1.097E+00	3.786E-03	1.101E+00	1.094E+00	1.097E+00	1.097E+00	1.097E+00	1.098E+00
2.990E+00	1.086E+00	3.788E-03	1.090E+00	1.082E+00	1.086E+00	1.086E+00	1.086E+00	1.087E+00
3.000E+00	1.075E+00	3.789E-03	1.079E+00	1.072E+00	1.075E+00	1.075E+00	1.075E+00	1.076E+00
