1.000E-02	6.764E+00	5.380E-03	6.758E+00	6.769E+00	6.764E+00	6.763E+00	6.764E+00	6.764E+00
2.000E-02	6.761E+00	5.325E-03	6.756E+00	6.767E+00	6.762E+00	6.761E+00	6.761E+00	6.761E+00
3.000E-02	6.758E+00	5.259E-03	6.753E+00	6.763E+00	6.759E+00	6.757E+00	6.758E+00	6.758E+00
4.000E-02	6.754E+00	5.183E-03	6.749E+00	6.759E+00	6.755E+00	6.753E+00	6.754E+00	6.754E+00
5.000E-02	6.749E+00	5.101E-03	6.744E+00	6.754E+00	6.750E+00	6.748E+00	6.749E+00	6.749E+00
6.000E-02	6.744E+00	5.014E-03	6.739E+00	6.749E+00	6.744E+00	6.743E+00	6.744E+00	6.744E+00
7.000E-02	6.738E+00	4.923E-03	6.733E+00	6.743E+00	6.738E+00	6.737E+00	6.738E+00	6.738E+00
8.000E-02	6.731E+00	4.828E-03	6.726E+00	6.736E+00	6.732E+00	6.730E+00	6.731E+00	6.731E+00
9.000E-02	6.724E+00	4.730E-03	6.719E+00	6.729E+00	6.725E+00	6.723E+00	6.724E+00	6.724E+00
1.000E-01	6.716E+00	4.629E-03	6.712E+00	6.721E+00	6.717E+00	6.715E+00	6.716E+00	6.716E+00
1.100E-01	6.708E+00	4.527E-03	6.704E+00	6.713E+00	6.709E+00	6.707E+00	6.708E+00	6.708E+00
1.200E-01	6.699E+00	4.422E-03	6.695E+00	6.704E+00	6.700E+00	6.699E+00	6.699E+00	6.700E+00
1.300E-01	6.690E+00	4.317E-03	6.686E+00	6.695E+00	6.691E+00	6.690E+00	6.690E+00	6.690E+00
1.400E-01	6.681E+00	4.210E-03	6.677E+00	6.685E+00	6.682E+00	6.680E+00	6.681E+00	6.681E+00
1.500E-01	6.671E+00	4.102E-03	6.667E+00	6.675E+00	6.672E+00	6.670E+00	6.671E+00	6.671E+00
1.600E-01	6.661E+00	3.994E-03	6.657E+00	6.665E+00	6.661E+00	6.660E+00	6.661E+00	6.661E+00
1.700E-01	6.650E+00	3.885E-03	6.646E+00	6.654E+00	6.651E+00	6.649E+00	6.650E+00	6.650E+00
1.800E-01	6.639E+00	3.776E-03	6.635E+00	6.642E+00	6.639E+00	6.638E+00	6.639E+00	6.639E+00
1.900E-01	6.627E+00	3.667E-03	6.624E+00	6.631E+00	6.628E+00	6.627E+00	6.627E+00	6.627E+00
2.000E-01	6.615E+00	3.557E-03	6.612E+00	6.619E+00	6.616E+00	6.615E+00	6.615E+00	6.615E+00
2.100E-01	6.603E+00	3.448E-03	6.600E+00	6.607E+00	6.604E+00	6.602E+00	6.603E+00	6.603E+00
2.200E-01	6.591E+00	3.339E-03	6.587E+00	6.594E+00	6.591E+00	6.590E+00	6.590E+00	6.591E+00
2.300E-01	6.578E+00	3.231E-03	6.575E+00	6.581E+00	6.578E+00	6.577E+00	6.578E+00	6.578E+00
2.400E-01	6.564E+00	3.123E-03	6.561E+00	6.567E+00	6.565E+00	6.564E+00	6.564E+00	6.565E+00
2.500E-01	6.551E+00	3.015E-03	6.548E+00	6.554E+00	6.552E+00	6.550E+00	6.551E+00	6.551E+00
2.600E-01	6.537E+00	2.908E-03	6.534E+00	6.540E+00	6.538E+00	6.536E+00	6.537E+00	6.537E+00
2.700E-01	6.523E+00	2.802E-03	6.520E+00	6.525E+00	6.523E+00	6.522E+00	6.523E+00	6.523E+00
2.800E-01	6.508E+00	2.697E-03	6.506E+00	6.511E+00	6.509E+00	6.508E+00	6.508E+00	6.508E+00
2.900E-01	6.493E+00	2.593E-03	6.491E+00	6.496E+00	6.494E+00	6.493E+00	6.493E+00	6.494E+00
3.000E-01	6.478E+00	2.490E-03	6.476E+00	6.481E+00	6.479E+00	6.478E+00	6.478E+00	6.478E+00
3.100E-01	6.463E+00	2.388E-03	6.461E+00	6.465E+00	6.464E+00	6.462E+00	6.463E+00	6.463E+00
3.200E-01	6.447E+00	2.288E-03	6.445E+00	6.450E+00	6.448E+00	6.447E+00	6.447E+00	6.447E+00
3.300E-01	6.431E+00	2.188E-03	6.429E+00	6.433E+00	6.432E+00	6.431E+00	6.431E+00	6.432E+00
3.400E-01	6.415E+00	2.090E-03	6.413E+00	6.417E+00	6.416E+00	6.415E+00	6.415E+00	6.415E+00
3.500E-01	6.399E+00	1.994E-03	6.397E+00	6.401E+00	6.399E+00	6.398E+00	6.399E+00	6.399E+00
3.600E-01	6.382E+00	1.899E-03	6.380E+00	6.384E+00	6.383E+00	6.381E+00	6.382E+00	6.382E+00
3.700E-01	6.365E+00	1.806E-03	6.363E+00	6.367E+00	6.366E+00	6.364E+00	6.365E+00	6.365E+00
3.800E-01	6.348E+00	1.714E-03	6.346E+00	6.349E+00	6.349E+00	6.347E+00	6.348E+00	6.348E+00
3.900E-01	6.330E+00	1.625E-03	6.329E+00	6.332E+00	6.331E+00	6.330E+00	6.330E+00	6.331E+00
4.000E-01	6.313E+00	1.537E-03	6.311E+00	6.314E+00	6.313E+00	6.312E+00	6.313E+00	6.313E+00
4.100E-01	6.295E+00	1.452E-03	6.294E+00	6.296E+00	6.296E+00	6.294E+00	6.295E+00	6.295E+00
4.200E-01	6.277E+00	1.369E-03	6.276E+00	6.278E+00	6.277E+00	6.276E+00	6.277E+00	6.277E+00
4.300E-01	6.258E+00	1.288E-03	6.257E+00	6.259E+00	6.259E+00	6.258E+00	6.258E+00	6.259E+00
4.400E-01	6.240E+00	1.211E-03	6.239E+00	6.241E+00	6.240E+00	6.239E+00	6.240E+00	6.240E+00
4.500E-01	6.221E+00	1.136E-03	6.220E+00	6.222E+00	6.222E+00	6.220E+00	6.221E+00	6.221E+00
4.600E-01	6.202E+00	1.064E-03	6.201E+00	6.203E+00	6.203E+00	6.201E+00	6.202E+00	6.202E+00
4.700E-01	6.183E+00	9.957E-04	6.182E+00	6.184E+00	6.184E+00	6.182E+00	6.183E+00	6.183E+00
4.800E-01	6.163E+00	9.314E-04	6.163E+00	6.164E+00	6.164E+00	6.163E+00	6.163E+00	6.164E+00
4.900E-01	6.144E+00	8.714E-04	6.143E+00	6.144E+00	6.145E+00	6.143E+00	6.144E+00	6.144E+00
5.000E-01	6.124E+00	8.162E-04	6.124E+00	6.125E+00	6.125E+00	6.124E+00	6.124E+00	6.124E+00
5.100E-01	6.104E+00	7.664E-04	6.104E+00	6.105E+00	6.105E+00	6.104E+00	6.104E+00	6.104E+00
5.200E-01	6.084E+00	7.226E-04	6.084E+00	6.084E+00	6.085E+00	6.083E+00	6.084E+00	6.084E+00
5.300E-01	6.064E+00	6.855E-04	6.063E+00	6.064E+00	6.064E+00	6.063E+00	6.064E+00	6.064E+00
5.400E-01	6.043E+00	6.555E-04	6.043E+00	6.043E+00	6.044E+00	6.043E+00	6.043E+00	6.043E+00
5.500E-01	6.023E+00	6.332E-04	6.022E+00	6.023E+00	6.023E+00	6.022E+00	6.022E+00	6.023E+00
5.600E-01	6.002E+00	6.188E-04	6.002E+00	6.002E+00	6.002E+00	6.001E+00	6.002E+00	6.002E+00
5.700E-01	5.981E+00	6.123E-04	5.981E+00	5.981E+00	5.981E+00	5.980E+00	5.981E+00	5.981E+00
5.800E-01	5.960E+00	6.133E-04	5.960E+00	5.959E+00	5.960E+00	5.959E+00	5.959E+00	5.960E+00
5.900E-01	5.938E+00	6.214E-04	5.938E+00	5.938E+00	5.939E+00	5.938E+00	5.938E+00	5.938E+00
6.000E-01	5.917E+00	6.358E-04	5.917E+00	5.917E+00	5.917E+00	5.916E+00	5.917E+00	5.917E+00
6.100E-01	5.895E+00	6.554E-04	5.895E+00	5.895E+00	5.896E+00	5.895E+00	5.895E+00	5.895E+00
6.200E-01	5.873E+00	6.795E-04	5.874E+00	5.873E+00	5.874E+00	5.873E+00	5.873E+00	5.874E+00
6.300E-01	5.852E+00	7.071E-04	5.852E+00	5.851E+00	5.852E+00	5.851E+00	5.851E+00	5.852E+00
6.400E-01	5.830E+00	7.375E-04	5.830E+00	5.829E+00	5.830E+00	5.829E+00	5.829E+00	5.830E+00
6.500E-01	5.807E+00	7.699E-04	5.808E+00	5.807E+00	5.808E+00	5.807E+00	5.807E+00	5.808E+00
6.600E-01	5.785E+00	8.037E-04	5.786E+00	5.785E+00	5.786E+00	5.785E+00	5.785E+00	5.785E+00
6.700E-01	5.763E+00	8.385E-04	5.763E+00	5.762E+00	5.763E+00	5.762E+00	5.762E+00	5.763E+00
6.800E-01	5.740E+00	8.738E-04	5.741E+00	5.739E+00	5.741E+00	5.740E+00	5.740E+00	5.740E+00
6.900E-01	5.717E+00	9.093E-04	5.718E+00	5.717E+00	5.718E+00	5.717E+00	5.717E+00	5.718E+00
7.000E-01	5.695E+00	9.447E-04	5.695E+00	5.694E+00	5.695E+00	5.694E+00	5.694E+00	5.695E+00
7.100E-01	5.672E+00	9.797E-04	5.673E+00	5.671E+00	5.672E+00	5.671E+00	5.672E+00	5.672E+00
7.200E-01	5.649E+00	1.014E-03	5.650E+00	5.648E+00	5.649E+00	5.648E+00	5.649E+00	5.649E+00
7.300E-01	5.626E+00	1.048E-03	5.627E+00	5.625E+00	5.626E+00	5.625E+00	5.625E+00	5.626E+00
7.400E-01	5.602E+00	1.081E-03	5.603E+00	5.602E+00	5.603E+00	5.602E+00	5.602E+00	5.603E+00
7.500E-01	5.579E+00	1.114E-03	5.580E+00	5.578E+00	5.580E+00	5.579E+00	5.579E+00	5.579E+00
7.600E-01	5.556E+00	1.145E-03	5.557E+00	5.555E+00	5.556E+00	5.555E+00	5.556E+00	5.556E+00
7.700E-01	5.532E+00	1.175E-03	5.533E+00	5.531E+00	5.533E+00	5.532E+00	5.532E+00	5.532E+00
7.800E-01	5.509E+00	1.204E-03	5.510E+00	5.508E+00	5.509E+00	5.508E+00	5.508E+00	5.509E+00
7.900E-01	5.485E+00	1.232E-03	5.486E+00	5.484E+00	5.485E+00	5.484E+00	5.485E+00	5.485E+00
8.000E-01	5.461E+00	1.259E-03	5.462E+00	5.460E+00	5.462E+00	5.461E+00	5.461E+00	5.461E+00
8.100E-01	5.437E+00	1.284E-03	5.438E+00	5.436E+00	5.438E+00	5.437E+00	5.437E+00	5.438E+00
8.200E-01	5.413E+00	1.308E-03	5.415E+00	5.412E+00	5.414E+00	5.413E+00	5.413E+00	5.414E+00
8.300E-01	5.389E+00	1.331E-03	5.391E+00	5.388E+00	5.390E+00	5.389E+00	5.389E+00	5.390E+00
8.400E-01	5.365E+00	1.353E-03	5.366E+00	5.364E+00	5.366E+00	5.365E+00	5.365E+00	5.365E+00
8.500E-01	5.341E+00	1.373E-03	5.342E+00	5.340E+00	5.342E+00	5.341E+00	5.341E+00	5.341E+00
8.600E-01	5.317E+00	1.392E-03	5.318E+00	5.316E+00	5.317E+00	5.316E+00	5.317E+00	5.317E+00
8.700E-01	5.293E+00	1.410E-03	5.294E+00	5.291E+00	5.293E+00	5.292E+00	5.292E+00	5.293E+00
8.800E-01	5.268E+00	1.426E-03	5.269E+00	5.267E+00	5.269E+00	5.268E+00	5.268E+00	5.268E+00
8.900E-01	5.244E+00	1.441E-03	5.245E+00	5.242E+00	5.244E+00	5.243E+00	5.243E+00	5.244E+00
9.000E-01	5.219E+00	1.455E-03	5.221E+00	5.218E+00	5.220E+00	5.219E+00	5.219E+00	5.219E+00
9.100E-01	5.195E+00	1.467E-03	5.196E+00	5.193E+00	5.195E+00	5.194E+00	5.194E+00	5.195E+00
9.200E-01	5.170E+00	1.478E-03	5.171E+00	5.169E+00	5.170E+00	5.170E+00	5.170E+00	5.170E+00
9.300E-01	5.145E+00	1.487E-03	5.147E+00	5.144E+00	5.146E+00	5.145E+00	5.145E+00	5.146E+00
9.400E-01	5.121E+00	1.496E-03	5.122E+00	5.119E+00	5.121E+00	5.120E+00	5.120E+00	5.121E+00
9.500E-01	5.096E+00	1.503E-03	5.097E+00	5.095E+00	5.096E+00	5.096E+00	5.096E+00	5.096E+00
9.600E-01	5.071E+00	1.508E-03	5.073E+00	5.070E+00	5.072E+00	5.071E+00	5.071E+00	5.071E+00
9.700E-01	5.046E+00	1.513E-03	5.048E+00	5.045E+00	5.047E+00	5.046E+00	5.046E+00	5.047E+00
9.800E-01	5.021E+00	1.516E-03	5.023E+00	5.020E+00	5.022E+00	5.021E+00	5.021E+00	5.022E+00
9.900E-01	4.997E+00	1.518E-03	4.998E+00	4.995E+00	4.997E+00	4.996E+00	4.996E+00	4.997E+00
1.000E+00	4.972E+00	1.518E-03	4.973E+00	4.970E+00	4.972E+00	4.971E+00	4.971E+00	4.972E+00
1.010E+00	4.947E+00	1.517E-03	4.948E+00	4.945E+00	4.947E+00	4.946E+00	4.946E+00	4.947E+00
1.020E+00	4.922E+00	1.515E-03	4.923E+00	4.920E+00	4.922E+00	4.921E+00	4.921E+00	4.922E+00
1.030E+00	4.897E+00	1.512E-03	4.898E+00	4.895E+00	4.897E+00	4.896E+00	4.896E+00	4.897E+00
1.040E+00	4.872E+00	1.508E-03	4.873E+00	4.870E+00	4.872E+00	4.871E+00	4.871E+00	4.872E+00
1.050E+00	4.846E+00	1.502E-03	4.848E+00	4.845E+00	4.847E+00	4.846E+00	4.846E+00	4.847E+00
1.060E+00	4.821E+00	1.495E-03	4.823E+00	4.820E+00	4.822E+00	4.821E+00	4.821E+00	4.822E+00
1.070E+00	4.796E+00	1.487E-03	4.798E+00	4.795E+00	4.797E+00	4.796E+00	4.796E+00	4.797E+00
1.080E+00	4.771E+00	1.478E-03	4.773E+00	4.770E+00	4.771E+00	4.771E+00	4.771E+00	4.771E+00
1.090E+00	4.746E+00	1.468E-03	4.747E+00	4.745E+00	4.746E+00	4.746E+00	4.746E+00	4.746E+00
1.100E+00	4.721E+00	1.457E-03	4.722E+00	4.719E+00	4.721E+00	4.720E+00	4.721E+00	4.721E+00
1.110E+00	4.696E+00	1.444E-03	4.697E+00	4.694E+00	4.696E+00	4.695E+00	4.695E+00	4.696E+00
1.120E+00	4.670E+00	1.431E-03	4.672E+00	4.669E+00	4.671E+00	4.670E+00	4.670E+00	4.671E+00
1.130E+00	4.645E+00	1.416E-03	4.647E+00	4.644E+00	4.646E+00	4.645E+00	4.645E+00	4.646E+00
1.140E+00	4.620E+00	1.401E-03	4.621E+00	4.619E+00	4.620E+00	4.620E+00	4.620E+00	4.620E+00
1.150E+00	4.595E+00	1.384E-03	4.596E+00	4.594E+00	4.595E+00	4.595E+00	4.595E+00	4.595E+00
1.160E+00	4.570E+00	1.366E-03	4.571E+00	4.568E+00	4.570E+00	4.569E+00	4.569E+00	4.570E+00
1.170E+00	4.545E+00	1.348E-03	4.546E+00	4.543E+00	4.545E+00	4.544E+00	4.544E+00	4.545E+00
1.180E+00	4.519E+00	1.328E-03	4.521E+00	4.518E+00	4.520E+00	4.519E+00	4.519E+00	4.520E+00
1.190E+00	4.494E+00	1.308E-03	4.495E+00	4.493E+00	4.494E+00	4.494E+00	4.494E+00	4.494E+00
1.200E+00	4.469E+00	1.286E-03	4.470E+00	4.468E+00	4.469E+00	4.469E+00	4.469E+00	4.469E+00
1.210E+00	4.444E+00	1.264E-03	4.445E+00	4.443E+00	4.444E+00	4.444E+00	4.443E+00	4.444E+00
1.220E+00	4.419E+00	1.241E-03	4.420E+00	4.418E+00	4.419E+00	4.418E+00	4.418E+00	4.419E+00
1.230E+00	4.394E+00	1.217E-03	4.395E+00	4.392E+00	4.394E+00	4.393E+00	4.393E+00	4.394E+00
1.240E+00	4.368E+00	1.192E-03	4.370E+00	4.367E+00	4.369E+00	4.368E+00	4.368E+00	4.369E+00
1.250E+00	4.343E+00	1.166E-03	4.344E+00	4.342E+00	4.344E+00	4.343E+00	4.343E+00	4.344E+00
1.260E+00	4.318E+00	1.140E-03	4.319E+00	4.317E+00	4.318E+00	4.318E+00	4.318E+00	4.319E+00
1.270E+00	4.293E+00	1.113E-03	4.294E+00	4.292E+00	4.293E+00	4.293E+00	4.293E+00	4.293E+00
1.280E+00	4.268E+00	1.085E-03	4.269E+00	4.267E+00	4.268E+00	4.268E+00	4.268E+00	4.268E+00
1.290E+00	4.243E+00	1.056E-03	4.244E+00	4.242E+00	4.243E+00	4.243E+00	4.243E+00	4.243E+00
1.300E+00	4.218E+00	1.027E-03	4.219E+00	4.217E+00	4.218E+00	4.218E+00	4.218E+00	4.218E+00
1.310E+00	4.193E+00	9.974E-04	4.194E+00	4.192E+00	4.193E+00	4.193E+00	4.193E+00	4.193E+00
1.320E+00	4.168E+00	9.672E-04	4.169E+00	4.167E+00	4.168E+00	4.168E+00	4.168E+00	4.169E+00
1.330E+00	4.143E+00	9.364E-04	4.144E+00	4.142E+00	4.143E+00	4.143E+00	4.143E+00	4.144E+00
1.340E+00	4.118E+00	9.053E-04	4.119E+00	4.118E+00	4.119E+00	4.118E+00	4.118E+00	4.119E+00
1.350E+00	4.094E+00	8.737E-04	4.094E+00	4.093E+00	4.094E+00	4.093E+00	4.093E+00	4.094E+00
1.360E+00	4.069E+00	8.418E-04	4.069E+00	4.068E+00	4.069E+00	4.069E+00	4.068E+00	4.069E+00
1.370E+00	4.044E+00	8.097E-04	4.045E+00	4.043E+00	4.044E+00	4.044E+00	4.044E+00	4.044E+00
1.380E+00	4.019E+00	7.774E-04	4.020E+00	4.019E+00	4.019E+00	4.019E+00	4.019E+00	4.020E+00
1.390E+00	3.995E+00	7.451E-04	3.995E+00	3.994E+00	3.995E+00	3.994E+00	3.994E+00	3.995E+00
1.400E+00	3.970E+00	7.128E-04	3.970E+00	3.969E+00	3.970E+00	3.970E+00	3.969E+00	3.970E+00
1.410E+00	3.945E+00	6.806E-04	3.946E+00	3.945E+00	3.945E+00	3.945E+00	3.945E+00	3.946E+00
1.420E+00	3.921E+00	6.488E-04	3.921E+00	3.920E+00	3.921E+00	3.921E+00	3.920E+00	3.921E+00
1.430E+00	3.896E+00	6.175E-04	3.897E+00	3.896E+00	3.896E+00	3.896E+00	3.896E+00	3.897E+00
1.440E+00	3.872E+00	5.869E-04	3.872E+00	3.871E+00	3.872E+00	3.872E+00	3.871E+00	3.872E+00
1.450E+00	3.847E+00	5.573E-04	3.848E+00	3.847E+00	3.847E+00	3.847E+00	3.847E+00	3.848E+00
1.460E+00	3.823E+00	5.290E-04	3.823E+00	3.823E+00	3.823E+00	3.823E+00	3.822E+00	3.823E+00
1.470E+00	3.799E+00	5.024E-04	3.799E+00	3.798E+00	3.799E+00	3.798E+00	3.798E+00	3.799E+00
1.480E+00	3.774E+00	4.778E-04	3.775E+00	3.774E+00	3.774E+00	3.774E+00	3.774E+00	3.775E+00
1.490E+00	3.750E+00	4.558E-04	3.750E+00	3.750E+00	3.750E+00	3.750E+00	3.750E+00	3.750E+00
1.500E+00	3.726E+00	4.369E-04	3.726E+00	3.726E+00	3.726E+00	3.726E+00	3.725E+00	3.726E+00
1.510E+00	3.702E+00	4.217E-04	3.702E+00	3.702E+00	3.702E+00	3.702E+00	3.701E+00	3.702E+00
1.520E+00	3.678E+00	4.107E-04	3.678E+00	3.678E+00	3.678E+00	3.678E+00	3.677E+00	3.678E+00
1.530E+00	3.654E+00	4.045E-04	3.654E+00	3.654E+00	3.654E+00	3.654E+00	3.653E+00	3.654E+00
1.540E+00	3.630E+00	4.034E-04	3.630E+00	3.630E+00	3.630E+00	3.630E+00	3.629E+00	3.630E+00
1.550E+00	3.606E+00	4.075E-04	3.606E+00	3.606E+00	3.606E+00	3.606E+00	3.605E+00	3.606E+00
1.560E+00	3.582E+00	4.169E-04	3.582E+00	3.582E+00	3.582E+00	3.582E+00	3.582E+00	3.582E+00
1.570E+00	3.558E+00	4.313E-04	3.558E+00	3.558E+00	3.558E+00	3.558E+00	3.558E+00	3.559E+00
1.580E+00	3.535E+00	4.503E-04	3.534E+00	3.535E+00	3.535E+00	3.534E+00	3.534E+00	3.535E+00
1.590E+00	3.511E+00	4.735E-04	3.511E+00	3.511E+00	3.511E+00	3.511E+00	3.510E+00	3.511E+00
1.600E+00	3.487E+00	5.003E-04	3.487E+00	3.488E+00	3.487E+00	3.487E+00	3.487E+00	3.488E+00
1.610E+00	3.464E+00	5.304E-04	3.463E+00	3.464E+00	3.464E+00	3.464E+00	3.463E+00	3.464E+00
1.620E+00	3.440E+00	5.632E-04	3.440E+00	3.441E+00	3.440E+00	3.440E+00	3.440E+00	3.441E+00
1.630E+00	3.417E+00	5.983E-04	3.417E+00	3.417E+00	3.417E+00	3.417E+00	3.417E+00	3.417E+00
1.640E+00	3.394E+00	6.354E-04	3.393E+00	3.394E+00	3.394E+00	3.394E+00	3.393E+00	3.394E+00
1.650E+00	3.370E+00	6.743E-04	3.370E+00	3.371E+00	3.371E+00	3.370E+00	3.370E+00	3.371E+00
1.660E+00	3.347E+00	7.146E-04	3.347E+00	3.348E+00	3.347E+00	3.347E+00	3.347E+00	3.348E+00
1.670E+00	3.324E+00	7.562E-04	3.324E+00	3.325E+00	3.324E+00	3.324E+00	3.324E+00	3.325E+00
1.680E+00	3.301E+00	7.989E-04	3.300E+00	3.302E+00	3.301E+00	3.301E+00	3.301E+00	3.302E+00
1.690E+00	3.278E+00	8.425E-04	3.277E+00	3.279E+00	3.278E+00	3.278E+00	3.278E+00	3.279E+00
1.700E+00	3.255E+00	8.869E-04	3.255E+00	3.256E+00	3.255E+00	3.255E+00	3.255E+00	3.256E+00
1.710E+00	3.233E+00	9.321E-04	3.232E+00	3.233E+00	3.233E+00	3.233E+00	3.232E+00	3.233E+00
1.720E+00	3.210E+00	9.778E-04	3.209E+00	3.211E+00	3.210E+00	3.210E+00	3.209E+00	3.210E+00
1.730E+00	3.187E+00	1.024E-03	3.186E+00	3.188E+00	3.187E+00	3.187E+00	3.187E+00	3.188E+00
1.740E+00	3.165E+00	1.071E-03	3.164E+00	3.166E+00	3.165E+00	3.165E+00	3.164E+00	3.165E+00
1.750E+00	3.142E+00	1.118E-03	3.141E+00	3.143E+00	3.142E+00	3.142E+00	3.142E+00	3.143E+00
1.760E+00	3.120E+00	1.166E-03	3.119E+00	3.121E+00	3.120E+00	3.120E+00	3.119E+00	3.120E+00
1.770E+00	3.097E+00	1.214E-03	3.096E+00	3.099E+00	3.097E+00	3.097E+00	3.097E+00	3.098E+00
1.780E+00	3.075E+00	1.262E-03	3.074E+00	3.076E+00	3.075E+00	3.075E+00	3.075E+00	3.076E+00
1.790E+00	3.053E+00	1.310E-03	3.052E+00	3.054E+00	3.053E+00	3.053E+00	3.053E+00	3.053E+00
1.800E+00	3.031E+00	1.359E-03	3.030E+00	3.032E+00	3.031E+00	3.031E+00	3.031E+00	3.031E+00
1.810E+00	3.009E+00	1.408E-03	3.008E+00	3.010E+00	3.009E+00	3.009E+00	3.009E+00	3.009E+00
1.820E+00	2.987E+00	1.457E-03	2.986E+00	2.988E+00	2.987E+00	2.987E+00	2.987E+00	2.987E+00
1.830E+00	2.965E+00	1.506E-03	2.964E+00	2.967E+00	2.965E+00	2.965E+00	2.965E+00	2.966E+00
1.840E+00	2.943E+00	1.555E-03	2.942E+00	2.945E+00	2.943E+00	2.943E+00	2.943E+00	2.944E+00
1.850E+00	2.922E+00	1.604E-03	2.920E+00	2.923E+00	2.922E+00	2.922E+00	2.921E+00	2.922E+00
1.860E+00	2.900E+00	1.653E-03	2.899E+00	2.902E+00	2.900E+00	2.900E+00	2.900E+00	2.901E+00
1.870E+00	2.879E+00	1.703E-03	2.877E+00	2.880E+00	2.879E+00	2.879E+00	2.878E+00	2.879E+00
1.880E+00	2.857E+00	1.752E-03	2.856E+00	2.859E+00	2.857E+00	2.857E+00	2.857E+00	2.858E+00
1.890E+00	2.836E+00	1.801E-03	2.834E+00	2.838E+00	2.836E+00	2.836E+00	2.836E+00	2.836E+00
1.900E+00	2.815E+00	1.850E-03	2.813E+00	2.817E+00	2.815E+00	2.815E+00	2.814E+00	2.815E+00
1.910E+00	2.794E+00	1.900E-03	2.792E+00	2.796E+00	2.794E+00	2.794E+00	2.793E+00	2.794E+00
1.920E+00	2.773E+00	1.949E-03	2.771E+00	2.775E+00	2.773E+00	2.773E+00	2.772E+00	2.773E+00
1.930E+00	2.752E+00	1.998E-03	2.750E+00	2.754E+00	2.752E+00	2.752E+00	2.751E+00	2.752E+00
1.940E+00	2.731E+00	2.047E-03	2.729E+00	2.733E+00	2.731E+00	2.731E+00	2.730E+00	2.731E+00
1.950E+00	2.710E+00	2.096E-03	2.708E+00	2.712E+00	2.710E+00	2.710E+00	2.710E+00	2.711E+00
1.960E+00	2.689E+00	2.144E-03	2.687E+00	2.692E+00	2.689E+00	2.689E+00	2.689E+00	2.690E+00
1.970E+00	2.669E+00	2.193E-03	2.667E+00	2.671E+00	2.669E+00	2.669E+00	2.668E+00	2.669E+00
1.980E+00	2.648E+00	2.241E-03	2.646E+00	2.651E+00	2.648E+00	2.648E+00	2.648E+00	2.649E+00
1.990E+00	2.628E+00	2.290E-03	2.626E+00	2.630E+00	2.628E+00	2.628E+00	2.628E+00	2.628E+00
2.000E+00	2.608E+00	2.338E-03	2.605E+00	2.610E+00	2.608E+00	2.608E+00	2.607E+00	2.608E+00
2.010E+00	2.587E+00	2.386E-03	2.585E+00	2.590E+00	2.587E+00	2.587E+00	2.587E+00	2.588E+00
2.020E+00	2.567E+00	2.434E-03	2.565E+00	2.570E+00	2.567E+00	2.567E+00	2.567E+00	2.568E+00
2.030E+00	2.547E+00	2.481E-03	2.545E+00	2.550E+00	2.547E+00	2.547E+00	2.547E+00	2.548E+00
2.040E+00	2.527E+00	2.528E-03	2.525E+00	2.530E+00	2.527E+00	2.527E+00	2.527E+00	2.528E+00
2.050E+00	2.508E+00	2.575E-03	2.505E+00	2.510E+00	2.507E+00	2.508E+00	2.507E+00	2.508E+00
2.060E+00	2.488E+00	2.622E-03	2.485E+00	2.490E+00	2.488E+00	2.488E+00	2.487E+00	2.488E+00
2.070E+00	2.468E+00	2.669E-03	2.466E+00	2.471E+00	2.468E+00	2.468E+00	2.468E+00	2.469E+00
2.080E+00	2.449E+00	2.715E-03	2.446E+00	2.451E+00	2.449E+00	2.449E+00	2.448E+00	2.449E+00
2.090E+00	2.429E+00	2.761E-03	2.426E+00	2.432E+00	2.429E+00	2.429E+00	2.429E+00	2.430E+00
2.100E+00	2.410E+00	2.807E-03	2.407E+00	2.413E+00	2.410E+00	2.410E+00	2.409E+00	2.410E+00
2.110E+00	2.391E+00	2.853E-03	2.388E+00	2.393E+00	2.390E+00	2.391E+00	2.390E+00	2.391E+00
2.120E+00	2.371E+00	2.898E-03	2.369E+00	2.374E+00	2.371E+00	2.371E+00	2.371E+00	2.372E+00
2.130E+00	2.352E+00	2.943E-03	2.349E+00	2.355E+00	2.352E+00	2.352E+00	2.352E+00	2.353E+00
2.140E+00	2.333E+00	2.988E-03	2.330E+00	2.336E+00	2.333E+00	2.333E+00	2.333E+00	2.334E+00
2.150E+00	2.314E+00	3.032E-03	2.311E+00	2.317E+00	2.314E+00	2.315E+00	2.314E+00	2.315E+00
2.160E+00	2.296E+00	3.076E-03	2.293E+00	2.299E+00	2.296E+00	2.296E+00	2.295E+00	2.296E+00
2.170E+00	2.277E+00	3.119E-03	2.274E+00	2.280E+00	2.277E+00	2.277E+00	2.277E+00	2.277E+00
2.180E+00	2.258E+00	3.163E-03	2.255E+00	2.262E+00	2.258E+00	2.259E+00	2.258E+00	2.259E+00
2.190E+00	2.240E+00	3.206E-03	2.237E+00	2.243E+00	2.240E+00	2.240E+00	2.240E+00	2.240E+00
2.200E+00	2.222E+00	3.248E-03	2.218E+00	2.225E+00	2.222E+00	2.222E+00	2.221E+00	2.222E+00
2.210E+00	2.203E+00	3.291E-03	2.200E+00	2.207E+00	2.203E+00	2.203E+00	2.203E+00	2.204E+00
2.220E+00	2.185E+00	3.333E-03	2.182E+00	2.188E+00	2.185E+00	2.185E+00	2.185E+00	2.186E+00
2.230E+00	2.167E+00	3.374E-03	2.164E+00	2.170E+00	2.167E+00	2.167E+00	2.167E+00	2.167E+00
2.240E+00	2.149E+00	3.415E-03	2.146E+00	2.152E+00	2.149E+00	2.149E+00	2.149E+00	2.149E+00
2.250E+00	2.131E+00	3.456E-03	2.128E+00	2.135E+00	2.131E+00	2.131E+00	2.131E+00	2.132E+00
2.260E+00	2.113E+00	3.496E-03	2.110E+00	2.117E+00	2.113E+00	2.114E+00	2.113E+00	2.114E+00
2.270E+00	2.096E+00	3.536E-03	2.092E+00	2.099E+00	2.096E+00	2.096E+00	2.095E+00	2.096E+00
2.280E+00	2.078E+00	3.576E-03	2.075E+00	2.082E+00	2.078E+00	2.078E+00	2.078E+00	2.079E+00
2.290E+00	2.061E+00	3.615E-03	2.057E+00	2.064E+00	2.061E+00	2.061E+00	2.060E+00	2.061E+00
2.300E+00	2.043E+00	3.654E-03	2.040E+00	2.047E+00	2.043E+00	2.043E+00	2.043E+00	2.044E+00
2.310E+00	2.026E+00	3.692E-03	2.022E+00	2.030E+00	2.026E+00	2.026E+00	2.026E+00	2.026E+00
2.320E+00	2.009E+00	3.730E-03	2.005E+00	2.013E+00	2.009E+00	2.009E+00	2.008E+00	2.009E+00
2.330E+00	1.992E+00	3.768E-03	1.988E+00	1.995E+00	1.992E+00	1.992E+00	1.991E+00	1.992E+00
2.340E+00	1.975E+00	3.805E-03	1.971E+00	1.979E+00	1.975E+00	1.975E+00	1.974E+00	1.975E+00
2.350E+00	1.958E+00	3.841E-03	1.954E+00	1.962E+00	1.958E+00	1.958E+00	1.957E+00	1.958E+00
2.360E+00	1.941E+00	3.878E-03	1.937E+00	1.945E+00	1.941E+00	1.941E+00	1.941E+00	1.941E+00
2.370E+00	1.924E+00	3.913E-03	1.920E+00	1.928E+00	1.924E+00	1.924E+00	1.924E+00	1.925E+00
2.380E+00	1.908E+00	3.949E-03	1.904E+00	1.912E+00	1.908E+00	1.908E+00	1.907E+00	1.908E+00
2.390E+00	1.891E+00	3.984E-03	1.887E+00	1.895E+00	1.891E+00	1.891E+00	1.891E+00	1.892E+00
2.400E+00	1.875E+00	4.018E-03	1.871E+00	1.879E+00	1.875E+00	1.875E+00	1.874E+00	1.875E+00
2.410E+00	1.859E+00	4.052E-03	1.855E+00	1.863E+00	1.858E+00	1.859E+00	1.858E+00	1.859E+00
2.420E+00	1.842E+00	4.086E-03	1.838E+00	1.846E+00	1.842E+00	1.843E+00	1.842E+00	1.843E+00
2.430E+00	1.826E+00	4.119E-03	1.822E+00	1.830E+00	1.826E+00	1.826E+00	1.826E+00	1.827E+00
2.440E+00	1.810E+00	4.151E-03	1.806E+00	1.814E+00	1.810E+00	1.810E+00	1.810E+00	1.811E+00
2.450E+00	1.794E+00	4.183E-03	1.790E+00	1.799E+00	1.794E+00	1.795E+00	1.794E+00	1.795E+00
2.460E+00	1.779E+00	4.215E-03	1.774E+00	1.783E+00	1.778E+00	1.779E+00	1.778E+00	1.779E+00
2.470E+00	1.763E+00	4.246E-03	1.759E+00	1.767E+00	1.763E+00	1.763E+00	1.763E+00	1.763E+00
2.480E+00	1.747E+00	4.277E-03	1.743E+00	1.752E+00	1.747E+00	1.747E+00	1.747E+00	1.748E+00
2.490E+00	1.732E+00	4.307E-03	1.728E+00	1.736E+00	1.732E+00	1.732E+00	1.731E+00	1.732E+00
2.500E+00	1.716E+00	4.337E-03	1.712E+00	1.721E+00	1.716E+00	1.717E+00	1.716E+00	1.717E+00
2.510E+00	1.701E+00	4.366E-03	1.697E+00	1.706E+00	1.701E+00	1.701E+00	1.701E+00	1.702E+00
2.520E+00	1.686E+00	4.395E-03	1.682E+00	1.690E+00	1.686E+00	1.686E+00	1.686E+00	1.686E+00
2.530E+00	1.671E+00	4.423E-03	1.666E+00	1.675E+00	1.671E+00	1.671E+00	1.670E+00	1.671E+00
2.540E+00	1.656E+00	4.451E-03	1.651E+00	1.660E+00	1.656E+00	1.656E+00	1.655E+00	1.656E+00
2.550E+00	1.641E+00	4.478E-03	1.636E+00	1.645E+00	1.641E+00	1.641E+00	1.641E+00	1.641E+00
2.560E+00	1.626E+00	4.505E-03	1.622E+00	1.631E+00	1.626E+00	1.626E+00	1.626E+00	1.627E+00
2.570E+00	1.611E+00	4.532E-03	1.607E+00	1.616E+00	1.611E+00	1.612E+00	1.611E+00	1.612E+00
2.580E+00	1.597E+00	4.558E-03	1.592E+00	1.601E+00	1.597E+00	1.597E+00	1.596E+00	1.597E+00
2.590E+00	1.582E+00	4.583E-03	1.578E+00	1.587E+00	1.582E+00	1.582E+00	1.582E+00	1.583E+00
2.600E+00	1.568E+00	4.608E-03	1.563E+00	1.572E+00	1.568E+00	1.568E+00	1.567E+00	1.568E+00
2.610E+00	1.554E+00	4.632E-03	1.549E+00	1.558E+00	1.553E+00	1.554E+00	1.553E+00	1.554E+00
2.620E+00	1.539E+00	4.656E-03	1.535E+00	1.544E+00	1.539E+00	1.539E+00	1.539E+00	1.540E+00
2.630E+00	1.525E+00	4.680E-03	1.521E+00	1.530E+00	1.525E+00	1.525E+00	1.525E+00	1.526E+00
2.640E+00	1.511E+00	4.703E-03	1.506E+00	1.516E+00	1.511E+00	1.511E+00	1.511E+00	1.512E+00
2.650E+00	1.497E+00	4.725E-03	1.493E+00	1.502E+00	1.497E+00	1.497E+00	1.497E+00	1.498E+00
2.660E+00	1.483E+00	4.747E-03	1.479E+00	1.488E+00	1.483E+00	1.484E+00	1.483E+00	1.484E+00
2.670E+00	1.470E+00	4.769E-03	1.465E+00	1.474E+00	1.469E+00	1.470E+00	1.469E+00	1.470E+00
2.680E+00	1.456E+00	4.790E-03	1.451E+00	1.461E+00	1.456E+00	1.456E+00	1.456E+00	1.456E+00
2.690E+00	1.442E+00	4.810E-03	1.438E+00	1.447E+00	1.442E+00	1.443E+00	1.442E+00	1.443E+00
2.700E+00	1.429E+00	4.830E-03	1.424E+00	1.434E+00	1.429E+00	1.429E+00	1.429E+00	1.429E+00
2.710E+00	1.416E+00	4.849E-03	1.411E+00	1.420E+00	1.415E+00	1.416E+00	1.415E+00	1.416E+00
2.720E+00	1.402E+00	4.869E-03	1.397E+00	1.407E+00	1.402E+00	1.402E+00	1.402E+00	1.403E+00
2.730E+00	1.389E+00	4.887E-03	1.384E+00	1.394E+00	1.389E+00	1.389E+00	1.389E+00	1.390E+00
2.740E+00	1.376E+00	4.905E-03	1.371E+00	1.381E+00	1.376E+00	1.376E+00	1.376E+00	1.376E+00
2.750E+00	1.363E+00	4.923E-03	1.358E+00	1.368E+00	1.363E+00	1.363E+00	1.363E+00	1.363E+00
2.760E+00	1.350E+00	4.940E-03	1.345E+00	1.355E+00	1.350E+00	1.350E+00	1.350E+00	1.351E+00
2.770E+00	1.337E+00	4.956E-03	1.332E+00	1.342E+00	1.337E+00	1.338E+00	1.337E+00	1.338E+00
2.780E+00	1.325E+00	4.972E-03	1.320E+00	1.330E+00	1.325E+00	1.325E+00	1.324E+00	1.325E+00
2.790E+00	1.312E+00	4.988E-03	1.307E+00	1.317E+00	1.312E+00	1.312E+00	1.312E+00	1.312E+00
2.800E+00	1.300E+00	5.003E-03	1.295E+00	1.305E+00	1.299E+00	1.300E+00	1.299E+00	1.300E+00
2.810E+00	1.287E+00	5.018E-03	1.282E+00	1.292E+00	1.287E+00	1.287E+00	1.287E+00	1.287E+00
2.820E+00	1.275E+00	5.032E-03	1.270E+00	1.280E+00	1.275E+00	1.275E+00	1.274E+00	1.275E+00
2.830E+00	1.262E+00	5.046E-03	1.257E+00	1.268E+00	1.262E+00	1.263E+00	1.262E+00	1.263E+00
2.840E+00	1.250E+00	5.059E-03	1.245E+00	1.255E+00	1.250E+00	1.250E+00	1.250E+00	1.251E+00
2.850E+00	1.238E+00	5.072E-03	1.233E+00	1.243E+00	1.238E+00	1.238E+00	1.238E+00	1.239E+00
2.860E+00	1.226E+00	5.084E-03	1.221E+00	1.231E+00	1.226E+00	1.226E+00	1.226E+00	1.227E+00
2.870E+00	1.214E+00	5.096E-03	1.209E+00	1.219E+00	1.214E+00	1.215E+00	1.214E+00	1.215E+00
2.880E+00	1.203E+00	5.107E-03	1.198E+00	1.208E+00	1.202E+00	1.203E+00	1.202E+00	1.203E+00
2.890E+00	1.191E+00	5.118E-03	1.186E+00	1.196E+00	1.191E+00	1.191E+00	1.191E+00	1.191E+00
2.900E+00	1.179E+00	5.128E-03	1.174E+00	1.184E+00	1.179E+00	1.179E+00	1.179E+00	1.180E+00
2.910E+00	1.168E+00	5.138E-03	1.163E+00	1.173E+00	1.168E+00	1.168E+00	1.167E+00	1.168E+00
2.920E+00	1.156E+00	5.147E-03	1.151E+00	1.161E+00	1.156E+00	1.156E+00	1.156E+00	1.157E+00
2.930E+00	1.145E+00	5.156E-03	1.140E+00	1.150E+00	1.145E+00	1.145E+00	1.145E+00	1.145E+00
2.940E+00	1.134E+00	5.165E-03	1.129E+00	1.139E+00	1.133E+00	1.134E+00	1.133E+00	1.134E+00
2.950E+00	1.122E+00	5.173E-03	1.117E+00	1.128E+00	1.122E+00	1.123E+00	1.122E+00	1.123E+00
2.960E+00	1.111E+00	5.181E-03	1.106E+00	1.117E+00	1.111E+00	1.112E+00	1.111E+00	1.112E+00
2.970E+00	1.100E+00	5.188E-03	1.095E+00	1.106E+00	1.100E+00	1.101E+00	1.100E+00	1.101E+00
2.980E+00	1.089E+00	5.195E-03	1.084E+00	1.095E+00	1.089E+00	1.090E+00	1.089E+00	1.090E+00
2.990E+00	1.079E+00	5.201E-03	1.073E+00	1.084E+00	1.078E+00	1.079E+00	1.078E+00	1.079E+00
3.000E+00	1.068E+00	5.207E-03	1.063E+00	1.073E+00	1.068E+00	1.068E+00	1.068E+00	1.068E+00
