1.000E-02	7.719E+00	4.342E-01	7.284E+00	8.152E+00	7.725E+00	7.713E+00	7.719E+00	7.719E+00
2.000E-02	7.718E+00	4.320E-01	7.284E+00	8.148E+00	7.724E+00	7.712E+00	7.718E+00	7.718E+00
3.000E-02	7.716E+00	4.291E-01	7.283E+00	8.141E+00	7.722E+00	7.710E+00	7.716E+00	7.716E+00
4.000E-02	7.713E+00	4.258E-01	7.282E+00	8.134E+00	7.719E+00	7.707E+00	7.713E+00	7.714E+00
5.000E-02	7.710E+00	4.220E-01	7.281E+00	8.125E+00	7.716E+00	7.704E+00	7.710E+00	7.710E+00
6.000E-02	7.707E+00	4.179E-01	7.280E+00	8.116E+00	7.713E+00	7.701E+00	7.706E+00	7.707E+00
7.000E-02	7.702E+00	4.135E-01	7.279E+00	8.105E+00	7.708E+00	7.696E+00	7.702E+00	7.703E+00
8.000E-02	7.698E+00	4.088E-01	7.277E+00	8.094E+00	7.704E+00	7.692E+00	7.697E+00	7.698E+00
9.000E-02	7.692E+00	4.038E-01	7.275E+00	8.082E+00	7.698E+00	7.686E+00	7.692E+00	7.693E+00
1.000E-01	7.687E+00	3.987E-01	7.272E+00	8.070E+00	7.693E+00	7.681E+00	7.686E+00	7.687E+00
1.100E-01	7.680E+00	3.933E-01	7.270E+00	8.056E+00	7.686E+00	7.674E+00	7.680E+00	7.681E+00
1.200E-01	7.674E+00	3.878E-01	7.267E+00	8.042E+00	7.680E+00	7.668E+00	7.673E+00	7.674E+00
1.300E-01	7.666E+00	3.821E-01	7.264E+00	8.028E+00	7.672E+00	7.660E+00	7.666E+00	7.667E+00
1.400E-01	7.659E+00	3.762E-01	7.260E+00	8.012E+00	7.665E+00	7.653E+00	7.658E+00	7.659E+00
1.500E-01	7.651E+00	3.702E-01	7.256E+00	7.997E+00	7.657E+00	7.645E+00	7.650E+00	7.651E+00
1.600E-01	7.642E+00	3.641E-01	7.252E+00	7.980E+00	7.648E+00	7.636E+00	7.642E+00	7.642E+00
1.700E-01	7.633E+00	3.579E-01	7.248E+00	7.963E+00	7.639E+00	7.627E+00	7.633E+00	7.633E+00
1.800E-01	7.623E+00	3.516E-01	7.243E+00	7.946E+00	7.629E+00	7.617E+00	7.623E+00	7.624E+00
1.900E-01	7.613E+00	3.451E-01	7.238E+00	7.928E+00	7.619E+00	7.608E+00	7.613E+00	7.614E+00
2.000E-01	7.603E+00	3.386E-01	7.233E+00	7.910E+00	7.609E+00	7.597E+00	7.603E+00	7.603E+00
2.100E-01	7.592E+00	3.320E-01	7.227E+00	7.891E+00	7.598E+00	7.586E+00	7.592E+00	7.593E+00
2.200E-01	7.581E+00	3.254E-01	7.221E+00	7.872E+00	7.587E+00	7.575E+00	7.581E+00	7.581E+00
2.300E-01	7.570E+00	3.187E-01	7.215E+00	7.852E+00	7.575E+00	7.564E+00	7.569E+00	7.570E+00
2.400E-01	7.557E+00	3.119E-01	7.209E+00	7.832E+00	7.563E+00	7.552E+00	7.557E+00	7.558E+00
2.500E-01	7.545E+00	3.051E-01	7.202E+00	7.812E+00	7.551E+00	7.539E+00	7.545E+00	7.545E+00
2.600E-01	7.532E+00	2.982E-01	7.195E+00	7.791E+00	7.538E+00	7.527E+00	7.532E+00	7.532E+00
2.700E-01	7.519E+00	2.913E-01	7.187E+00	7.770E+00	7.525E+00	7.513E+00	7.519E+00	7.519E+00
2.800E-01	7.505E+00	2.844E-01	7.179E+00	7.748E+00	7.511E+00	7.500E+00	7.505E+00	7.506E+00
2.900E-01	7.491E+00	2.774E-01	7.171E+00	7.726E+00	7.497E+00	7.486E+00	7.491E+00	7.492E+00
3.000E-01	7.477E+00	2.705E-01	7.163E+00	7.704E+00	7.483E+00	7.471E+00	7.477E+00	7.477E+00
3.100E-01	7.462E+00	2.635E-01	7.154E+00	7.681E+00	7.468E+00	7.457E+00	7.462E+00	7.463E+00
3.200E-01	7.447E+00	2.565E-01	7.145E+00	7.658E+00	7.453E+00	7.442E+00	7.447E+00	7.447E+00
3.300E-01	7.432E+00	2.495E-01	7.136E+00	7.635E+00	7.437E+00	7.426E+00	7.431E+00	7.432E+00
3.400E-01	7.416E+00	2.425E-01	7.127E+00	7.611E+00	7.421E+00	7.410E+00	7.416E+00	7.416E+00
3.500E-01	7.400E+00	2.355E-01	7.117E+00	7.588E+00	7.405E+00	7.394E+00	7.399E+00	7.400E+00
3.600E-01	7.383E+00	2.285E-01	7.107E+00	7.563E+00	7.389E+00	7.378E+00	7.383E+00	7.383E+00
3.700E-01	7.366E+00	2.215E-01	7.096E+00	7.539E+00	7.372E+00	7.361E+00	7.366E+00	7.366E+00
3.800E-01	7.349E+00	2.146E-01	7.085E+00	7.514E+00	7.354E+00	7.344E+00	7.349E+00	7.349E+00
3.900E-01	7.331E+00	2.076E-01	7.074E+00	7.489E+00	7.337E+00	7.326E+00	7.331E+00	7.332E+00
4.000E-01	7.313E+00	2.007E-01	7.063E+00	7.464E+00	7.319E+00	7.308E+00	7.313E+00	7.314E+00
4.100E-01	7.295E+00	1.938E-01	7.051E+00	7.438E+00	7.300E+00	7.290E+00	7.295E+00	7.296E+00
4.200E-01	7.277E+00	1.869E-01	7.039E+00	7.413E+00	7.282E+00	7.272E+00	7.276E+00	7.277E+00
4.300E-01	7.258E+00	1.801E-01	7.027E+00	7.387E+00	7.263E+00	7.253E+00	7.257E+00	7.258E+00
4.400E-01	7.239E+00	1.733E-01	7.014E+00	7.360E+00	7.244E+00	7.234E+00	7.238E+00	7.239E+00
4.500E-01	7.219E+00	1.665E-01	7.001E+00	7.334E+00	7.224E+00	7.214E+00	7.219E+00	7.219E+00
4.600E-01	7.199E+00	1.598E-01	6.988E+00	7.307E+00	7.204E+00	7.194E+00	7.199E+00	7.200E+00
4.700E-01	7.179E+00	1.531E-01	6.974E+00	7.280E+00	7.184E+00	7.174E+00	7.179E+00	7.179E+00
4.800E-01	7.159E+00	1.465E-01	6.960E+00	7.253E+00	7.164E+00	7.154E+00	7.158E+00	7.159E+00
4.900E-01	7.138E+00	1.399E-01	6.946E+00	7.226E+00	7.143E+00	7.133E+00	7.138E+00	7.138E+00
5.000E-01	7.117E+00	1.334E-01	6.932E+00	7.198E+00	7.122E+00	7.112E+00	7.117E+00	7.117E+00
5.100E-01	7.096E+00	1.269E-01	6.917E+00	7.171E+00	7.100E+00	7.091E+00	7.095E+00	7.096E+00
5.200E-01	7.074E+00	1.205E-01	6.902E+00	7.143E+00	7.079E+00	7.069E+00	7.074E+00	7.074E+00
5.300E-01	7.052E+00	1.141E-01	6.887E+00	7.115E+00	7.057E+00	7.047E+00	7.052E+00	7.052E+00
5.400E-01	7.030E+00	1.078E-01	6.871E+00	7.087E+00	7.035E+00	7.025E+00	7.030E+00	7.030E+00
5.500E-01	7.007E+00	1.016E-01	6.855E+00	7.058E+00	7.012E+00	7.003E+00	7.007E+00	7.008E+00
5.600E-01	6.985E+00	9.542E-02	6.839E+00	7.030E+00	6.989E+00	6.980E+00	6.984E+00	6.985E+00
5.700E-01	6.962E+00	8.931E-02	6.822E+00	7.001E+00	6.966E+00	6.957E+00	6.961E+00	6.962E+00
5.800E-01	6.939E+00	8.327E-02	6.806E+00	6.972E+00	6.943E+00	6.934E+00	6.938E+00	6.939E+00
5.900E-01	6.915E+00	7.729E-02	6.789E+00	6.943E+00	6.919E+00	6.911E+00	6.915E+00	6.915E+00
6.000E-01	6.891E+00	7.139E-02	6.771E+00	6.914E+00	6.896E+00	6.887E+00	6.891E+00	6.892E+00
6.100E-01	6.867E+00	6.556E-02	6.754E+00	6.884E+00	6.872E+00	6.863E+00	6.867E+00	6.868E+00
6.200E-01	6.843E+00	5.981E-02	6.736E+00	6.855E+00	6.847E+00	6.839E+00	6.843E+00	6.844E+00
6.300E-01	6.819E+00	5.413E-02	6.718E+00	6.825E+00	6.823E+00	6.815E+00	6.818E+00	6.819E+00
6.400E-01	6.794E+00	4.853E-02	6.699E+00	6.796E+00	6.798E+00	6.790E+00	6.794E+00	6.794E+00
6.500E-01	6.769E+00	4.301E-02	6.680E+00	6.766E+00	6.773E+00	6.765E+00	6.769E+00	6.770E+00
6.600E-01	6.744E+00	3.758E-02	6.661E+00	6.736E+00	6.748E+00	6.740E+00	6.744E+00	6.744E+00
6.700E-01	6.719E+00	3.223E-02	6.642E+00	6.706E+00	6.722E+00	6.715E+00	6.718E+00	6.719E+00
6.800E-01	6.693E+00	2.697E-02	6.622E+00	6.676E+00	6.697E+00	6.689E+00	6.693E+00	6.693E+00
6.900E-01	6.667E+00	2.181E-02	6.603E+00	6.646E+00	6.671E+00	6.663E+00	6.667E+00	6.668E+00
7.000E-01	6.641E+00	1.677E-02	6.583E+00	6.615E+00	6.645E+00	6.638E+00	6.641E+00	6.642E+00
7.100E-01	6.615E+00	1.188E-02	6.562E+00	6.585E+00	6.619E+00	6.611E+00	6.615E+00	6.615E+00
7.200E-01	6.589E+00	7.292E-03	6.542E+00	6.554E+00	6.592E+00	6.585E+00	6.588E+00	6.589E+00
7.300E-01	6.562E+00	3.812E-03	6.521E+00	6.524E+00	6.565E+00	6.558E+00	6.562E+00	6.562E+00
7.400E-01	6.535E+00	4.775E-03	6.500E+00	6.493E+00	6.539E+00	6.532E+00	6.535E+00	6.536E+00
7.500E-01	6.508E+00	8.687E-03	6.478E+00	6.462E+00	6.511E+00	6.505E+00	6.508E+00	6.509E+00
7.600E-01	6.481E+00	1.304E-02	6.457E+00	6.431E+00	6.484E+00	6.478E+00	6.480E+00	6.481E+00
7.700E-01	6.453E+00	1.744E-02	6.435E+00	6.400E+00	6.457E+00	6.450E+00	6.453E+00	6.454E+00
7.800E-01	6.426E+00	2.180E-02	6.413E+00	6.369E+00	6.429E+00	6.423E+00	6.425E+00	6.426E+00
7.900E-01	6.398E+00	2.609E-02	6.390E+00	6.338E+00	6.401E+00	6.395E+00	6.398E+00	6.399E+00
8.000E-01	6.370E+00	3.031E-02	6.368E+00	6.307E+00	6.373E+00	6.367E+00	6.370E+00	6.371E+00
8.100E-01	6.342E+00	3.444E-02	6.345E+00	6.276E+00	6.345E+00	6.339E+00	6.342E+00	6.343E+00
8.200E-01	6.314E+00	3.849E-02	6.322E+00	6.245E+00	6.317E+00	6.311E+00	6.314E+00	6.314E+00
8.300E-01	6.286E+00	4.245E-02	6.298E+00	6.214E+00	6.288E+00	6.283E+00	6.285E+00	6.286E+00
8.400E-01	6.257E+00	4.632E-02	6.275E+00	6.182E+00	6.260E+00	6.254E+00	6.257E+00	6.257E+00
8.500E-01	6.228E+00	5.010E-02	6.251E+00	6.151E+00	6.231E+00	6.226E+00	6.228E+00	6.229E+00
8.600E-01	6.199E+00	5.379E-02	6.227E+00	6.120E+00	6.202E+00	6.197E+00	6.199E+00	6.200E+00
8.700E-01	6.170E+00	5.738E-02	6.203E+00	6.088E+00	6.173E+00	6.168E+00	6.170E+00	6.171E+00
8.800E-01	6.141E+00	6.089E-02	6.178E+00	6.057E+00	6.144E+00	6.139E+00	6.141E+00	6.142E+00
8.900E-01	6.112E+00	6.430E-02	6.154E+00	6.025E+00	6.114E+00	6.110E+00	6.112E+00	6.113E+00
9.000E-01	6.083E+00	6.761E-02	6.129E+00	5.994E+00	6.085E+00	6.080E+00	6.082E+00	6.083E+00
9.100E-01	6.053E+00	7.084E-02	6.104E+00	5.962E+00	6.055E+00	6.051E+00	6.053E+00	6.054E+00
9.200E-01	6.023E+00	7.397E-02	6.079E+00	5.931E+00	6.026E+00	6.021E+00	6.023E+00	6.024E+00
9.300E-01	5.994E+00	7.701E-02	6.053E+00	5.899E+00	5.996E+00	5.991E+00	5.993E+00	5.994E+00
9.400E-01	5.964E+00	7.995E-02	6.027E+00	5.868E+00	5.966E+00	5.962E+00	5.963E+00	5.964E+00
9.500E-01	5.934E+00	8.280E-02	6.002E+00	5.836E+00	5.936E+00	5.932E+00	5.933E+00	5.934E+00
9.600E-01	5.904E+00	8.556E-02	5.975E+00	5.804E+00	5.906E+00	5.902E+00	5.903E+00	5.904E+00
9.700E-01	5.873E+00	8.823E-02	5.949E+00	5.773E+00	5.875E+00	5.871E+00	5.873E+00	5.874E+00
9.800E-01	5.843E+00	9.080E-02	5.923E+00	5.741E+00	5.845E+00	5.841E+00	5.842E+00	5.844E+00
9.900E-01	5.813E+00	9.328E-02	5.896E+00	5.710E+00	5.814E+00	5.811E+00	5.812E+00	5.813E+00
1.000E+00	5.782E+00	9.566E-02	5.869E+00	5.678E+00	5.784E+00	5.780E+00	5.781E+00	5.783E+00
1.010E+00	5.751E+00	9.796E-02	5.842E+00	5.646E+00	5.753E+00	5.750E+00	5.751E+00	5.752E+00
1.020E+00	5.721E+00	1.002E-01	5.815E+00	5.615E+00	5.722E+00	5.719E+00	5.720E+00	5.721E+00
1.030E+00	5.690E+00	1.023E-01	5.788E+00	5.583E+00	5.691E+00	5.688E+00	5.689E+00	5.690E+00
1.040E+00	5.659E+00	1.043E-01	5.760E+00	5.552E+00	5.660E+00	5.658E+00	5.658E+00	5.660E+00
1.050E+00	5.628E+00	1.062E-01	5.733E+00	5.520E+00	5.629E+00	5.627E+00	5.627E+00	5.629E+00
1.060E+00	5.597E+00	1.081E-01	5.705E+00	5.489E+00	5.598E+00	5.596E+00	5.596E+00	5.598E+00
1.070E+00	5.566E+00	1.098E-01	5.677E+00	5.457E+00	5.567E+00	5.565E+00	5.565E+00	5.566E+00
1.080E+00	5.535E+00	1.115E-01	5.649E+00	5.426E+00	5.536E+00	5.534E+00	5.534E+00	5.535E+00
1.090E+00	5.504E+00	1.130E-01	5.620E+00	5.394E+00	5.505E+00	5.502E+00	5.503E+00	5.504E+00
1.100E+00	5.472E+00	1.145E-01	5.592E+00	5.363E+00	5.473E+00	5.471E+00	5.472E+00	5.473E+00
1.110E+00	5.441E+00	1.159E-01	5.563E+00	5.331E+00	5.442E+00	5.440E+00	5.440E+00	5.441E+00
1.120E+00	5.409E+00	1.172E-01	5.534E+00	5.300E+00	5.410E+00	5.409E+00	5.409E+00	5.410E+00
1.130E+00	5.378E+00	1.184E-01	5.506E+00	5.269E+00	5.379E+00	5.377E+00	5.377E+00	5.379E+00
1.140E+00	5.347E+00	1.196E-01	5.476E+00	5.237E+00	5.347E+00	5.346E+00	5.346E+00	5.347E+00
1.150E+00	5.315E+00	1.206E-01	5.447E+00	5.206E+00	5.316E+00	5.314E+00	5.314E+00	5.316E+00
1.160E+00	5.283E+00	1.216E-01	5.418E+00	5.175E+00	5.284E+00	5.283E+00	5.283E+00	5.284E+00
1.170E+00	5.252E+00	1.224E-01	5.389E+00	5.144E+00	5.252E+00	5.251E+00	5.251E+00	5.252E+00
1.180E+00	5.220E+00	1.232E-01	5.359E+00	5.113E+00	5.221E+00	5.220E+00	5.219E+00	5.221E+00
1.190E+00	5.188E+00	1.239E-01	5.329E+00	5.082E+00	5.189E+00	5.188E+00	5.188E+00	5.189E+00
1.200E+00	5.157E+00	1.246E-01	5.300E+00	5.051E+00	5.157E+00	5.156E+00	5.156E+00	5.157E+00
1.210E+00	5.125E+00	1.251E-01	5.270E+00	5.020E+00	5.125E+00	5.125E+00	5.124E+00	5.126E+00
1.220E+00	5.093E+00	1.256E-01	5.240E+00	4.989E+00	5.093E+00	5.093E+00	5.093E+00	5.094E+00
1.230E+00	5.061E+00	1.260E-01	5.210E+00	4.958E+00	5.062E+00	5.061E+00	5.061E+00	5.062E+00
1.240E+00	5.030E+00	1.263E-01	5.180E+00	4.927E+00	5.030E+00	5.030E+00	5.029E+00	5.030E+00
1.250E+00	4.998E+00	1.265E-01	5.149E+00	4.896E+00	4.998E+00	4.998E+00	4.997E+00	4.998E+00
1.260E+00	4.966E+00	1.267E-01	5.119E+00	4.866E+00	4.966E+00	4.966E+00	4.965E+00	4.967E+00
1.270E+00	4.934E+00	1.267E-01	5.088E+00	4.835E+00	4.934E+00	4.934E+00	4.934E+00	4.935E+00
1.280E+00	4.902E+00	1.267E-01	5.058E+00	4.804E+00	4.902E+00	4.903E+00	4.902E+00	4.903E+00
1.290E+00	4.871E+00	1.267E-01	5.027E+00	4.774E+00	4.870E+00	4.871E+00	4.870E+00	4.871E+00
1.300E+00	4.839E+00	1.265E-01	4.997E+00	4.744E+00	4.838E+00	4.839E+00	4.838E+00	4.839E+00
1.310E+00	4.807E+00	1.263E-01	4.966E+00	4.713E+00	4.807E+00	4.807E+00	4.806E+00	4.808E+00
1.320E+00	4.775E+00	1.260E-01	4.935E+00	4.683E+00	4.775E+00	4.776E+00	4.774E+00	4.776E+00
1.330E+00	4.743E+00	1.256E-01	4.904E+00	4.653E+00	4.743E+00	4.744E+00	4.743E+00	4.744E+00
1.340E+00	4.712E+00	1.252E-01	4.873E+00	4.623E+00	4.711E+00	4.712E+00	4.711E+00	4.712E+00
1.350E+00	4.680E+00	1.247E-01	4.842E+00	4.592E+00	4.679E+00	4.680E+00	4.679E+00	4.680E+00
1.360E+00	4.648E+00	1.241E-01	4.811E+00	4.562E+00	4.647E+00	4.649E+00	4.647E+00	4.649E+00
1.370E+00	4.616E+00	1.235E-01	4.780E+00	4.533E+00	4.616E+00	4.617E+00	4.616E+00	4.617E+00
1.380E+00	4.585E+00	1.228E-01	4.748E+00	4.503E+00	4.584E+00	4.585E+00	4.584E+00	4.585E+00
1.390E+00	4.553E+00	1.220E-01	4.717E+00	4.473E+00	4.552E+00	4.554E+00	4.552E+00	4.554E+00
1.400E+00	4.521E+00	1.212E-01	4.686E+00	4.443E+00	4.520E+00	4.522E+00	4.521E+00	4.522E+00
1.410E+00	4.490E+00	1.203E-01	4.654E+00	4.414E+00	4.489E+00	4.491E+00	4.489E+00	4.490E+00
1.420E+00	4.458E+00	1.193E-01	4.623E+00	4.384E+00	4.457E+00	4.459E+00	4.457E+00	4.459E+00
1.430E+00	4.427E+00	1.183E-01	4.591E+00	4.355E+00	4.426E+00	4.428E+00	4.426E+00	4.427E+00
1.440E+00	4.395E+00	1.172E-01	4.560E+00	4.326E+00	4.394E+00	4.396E+00	4.394E+00	4.396E+00
1.450E+00	4.364E+00	1.161E-01	4.528E+00	4.296E+00	4.363E+00	4.365E+00	4.363E+00	4.364E+00
1.460E+00	4.332E+00	1.149E-01	4.497E+00	4.267E+00	4.331E+00	4.334E+00	4.332E+00	4.333E+00
1.470E+00	4.301E+00	1.137E-01	4.465E+00	4.238E+00	4.300E+00	4.302E+00	4.300E+00	4.302E+00
1.480E+00	4.270E+00	1.124E-01	4.434E+00	4.209E+00	4.268E+00	4.271E+00	4.269E+00	4.270E+00
1.490E+00	4.238E+00	1.110E-01	4.402E+00	4.180E+00	4.237E+00	4.240E+00	4.238E+00	4.239E+00
1.500E+00	4.207E+00	1.096E-01	4.371E+00	4.152E+00	4.206E+00	4.209E+00	4.207E+00	4.208E+00
1.510E+00	4.176E+00	1.081E-01	4.339E+00	4.123E+00	4.175E+00	4.178E+00	4.175E+00	4.177E+00
1.520E+00	4.145E+00	1.066E-01	4.307E+00	4.094E+00	4.144E+00	4.147E+00	4.144E+00	4.146E+00
1.530E+00	4.114E+00	1.051E-01	4.276E+00	4.066E+00	4.112E+00	4.116E+00	4.113E+00	4.115E+00
1.540E+00	4.083E+00	1.034E-01	4.244E+00	4.037E+00	4.081E+00	4.085E+00	4.082E+00	4.084E+00
1.550E+00	4.052E+00	1.018E-01	4.213E+00	4.009E+00	4.051E+00	4.054E+00	4.052E+00	4.053E+00
1.560E+00	4.021E+00	1.001E-01	4.181E+00	3.981E+00	4.020E+00	4.023E+00	4.021E+00	4.022E+00
1.570E+00	3.991E+00	9.833E-02	4.149E+00	3.953E+00	3.989E+00	3.993E+00	3.990E+00	3.991E+00
1.580E+00	3.960E+00	9.653E-02	4.118E+00	3.925E+00	3.958E+00	3.962E+00	3.959E+00	3.961E+00
1.590E+00	3.930E+00	9.469E-02	4.086E+00	3.897E+00	3.928E+00	3.931E+00	3.929E+00	3.930E+00
1.600E+00	3.899E+00	9.281E-02	4.055E+00	3.869E+00	3.897E+00	3.901E+00	3.898E+00	3.900E+00
1.610E+00	3.869E+00	9.089E-02	4.023E+00	3.842E+00	3.867E+00	3.871E+00	3.868E+00	3.869E+00
1.620E+00	3.838E+00	8.893E-02	3.992E+00	3.814E+00	3.836E+00	3.840E+00	3.838E+00	3.839E+00
1.630E+00	3.808E+00	8.693E-02	3.960E+00	3.787E+00	3.806E+00	3.810E+00	3.807E+00	3.809E+00
1.640E+00	3.778E+00	8.490E-02	3.929E+00	3.759E+00	3.776E+00	3.780E+00	3.777E+00	3.779E+00
1.650E+00	3.748E+00	8.283E-02	3.898E+00	3.732E+00	3.746E+00	3.750E+00	3.747E+00	3.749E+00
1.660E+00	3.718E+00	8.072E-02	3.866E+00	3.705E+00	3.716E+00	3.720E+00	3.717E+00	3.719E+00
1.670E+00	3.688E+00	7.858E-02	3.835E+00	3.678E+00	3.686E+00	3.690E+00	3.687E+00	3.689E+00
1.680E+00	3.658E+00	7.640E-02	3.804E+00	3.651E+00	3.656E+00	3.660E+00	3.657E+00	3.659E+00
1.690E+00	3.628E+00	7.419E-02	3.773E+00	3.624E+00	3.626E+00	3.631E+00	3.628E+00	3.629E+00
1.700E+00	3.599E+00	7.196E-02	3.741E+00	3.598E+00	3.596E+00	3.601E+00	3.598E+00	3.599E+00
1.710E+00	3.569E+00	6.969E-02	3.710E+00	3.571E+00	3.567E+00	3.572E+00	3.568E+00	3.570E+00
1.720E+00	3.540E+00	6.740E-02	3.679E+00	3.545E+00	3.537E+00	3.542E+00	3.539E+00	3.541E+00
1.730E+00	3.511E+00	6.507E-02	3.648E+00	3.518E+00	3.508E+00	3.513E+00	3.510E+00	3.511E+00
1.740E+00	3.481E+00	6.273E-02	3.617E+00	3.492E+00	3.479E+00	3.484E+00	3.481E+00	3.482E+00
1.750E+00	3.452E+00	6.035E-02	3.586E+00	3.466E+00	3.450E+00	3.455E+00	3.451E+00	3.453E+00
1.760E+00	3.423E+00	5.795E-02	3.556E+00	3.440E+00	3.421E+00	3.426E+00	3.422E+00	3.424E+00
1.770E+00	3.394E+00	5.553E-02	3.525E+00	3.414E+00	3.392E+00	3.397E+00	3.394E+00	3.395E+00
1.780E+00	3.366E+00	5.309E-02	3.494E+00	3.388E+00	3.363E+00	3.368E+00	3.365E+00	3.366E+00
1.790E+00	3.337E+00	5.063E-02	3.464E+00	3.363E+00	3.334E+00	3.340E+00	3.336E+00	3.338E+00
1.800E+00	3.308E+00	4.815E-02	3.433E+00	3.337E+00	3.305E+00	3.311E+00	3.308E+00	3.309E+00
1.810E+00	3.280E+00	4.565E-02	3.403E+00	3.312E+00	3.277E+00	3.283E+00	3.279E+00	3.281E+00
1.820E+00	3.252E+00	4.313E-02	3.372E+00	3.286E+00	3.249E+00	3.254E+00	3.251E+00	3.252E+00
1.830E+00	3.223E+00	4.059E-02	3.342E+00	3.261E+00	3.220E+00	3.226E+00	3.223E+00	3.224E+00
1.840E+00	3.195E+00	3.805E-02	3.312E+00	3.236E+00	3.192E+00	3.198E+00	3.194E+00	3.196E+00
1.850E+00	3.167E+00	3.548E-02	3.282E+00	3.211E+00	3.164E+00	3.170E+00	3.167E+00	3.168E+00
1.860E+00	3.139E+00	3.291E-02	3.252E+00	3.186E+00	3.136E+00	3.142E+00	3.139E+00	3.140E+00
1.870E+00	3.112E+00	3.033E-02	3.222E+00	3.162E+00	3.109E+00	3.115E+00	3.111E+00	3.112E+00
1.880E+00	3.084E+00	2.773E-02	3.192E+00	3.137E+00	3.081E+00	3.087E+00	3.083E+00	3.085E+00
1.890E+00	3.057E+00	2.513E-02	3.163E+00	3.113E+00	3.053E+00	3.060E+00	3.056E+00	3.057E+00
1.900E+00	3.029E+00	2.253E-02	3.133E+00	3.088E+00	3.026E+00	3.032E+00	3.028E+00	3.030E+00
1.910E+00	3.002E+00	1.992E-02	3.104E+00	3.064E+00	2.999E+00	3.005E+00	3.001E+00	3.003E+00
1.920E+00	2.975E+00	1.732E-02	3.074E+00	3.040E+00	2.972E+00	2.978E+00	2.974E+00	2.976E+00
1.930E+00	2.948E+00	1.472E-02	3.045E+00	3.016E+00	2.945E+00	2.951E+00	2.947E+00	2.949E+00
1.940E+00	2.921E+00	1.215E-02	3.016E+00	2.992E+00	2.918E+00	2.924E+00	2.920E+00	2.922E+00
1.950E+00	2.894E+00	9.627E-03	2.987E+00	2.969E+00	2.891E+00	2.898E+00	2.894E+00	2.895E+00
1.960E+00	2.868E+00	7.201E-03	2.958E+00	2.945E+00	2.864E+00	2.871E+00	2.867E+00	2.869E+00
1.970E+00	2.841E+00	5.031E-03	2.929E+00	2.922E+00	2.838E+00	2.845E+00	2.841E+00	2.842E+00
1.980E+00	2.815E+00	3.618E-03	2.900E+00	2.898E+00	2.812E+00	2.818E+00	2.814E+00	2.816E+00
1.990E+00	2.789E+00	3.903E-03	2.872E+00	2.875E+00	2.785E+00	2.792E+00	2.788E+00	2.790E+00
2.000E+00	2.763E+00	5.636E-03	2.843E+00	2.852E+00	2.759E+00	2.766E+00	2.762E+00	2.764E+00
2.010E+00	2.737E+00	7.918E-03	2.815E+00	2.829E+00	2.733E+00	2.740E+00	2.736E+00	2.738E+00
2.020E+00	2.711E+00	1.039E-02	2.787E+00	2.806E+00	2.708E+00	2.715E+00	2.710E+00	2.712E+00
2.030E+00	2.686E+00	1.295E-02	2.759E+00	2.784E+00	2.682E+00	2.689E+00	2.685E+00	2.686E+00
2.040E+00	2.660E+00	1.554E-02	2.731E+00	2.761E+00	2.656E+00	2.664E+00	2.659E+00	2.661E+00
2.050E+00	2.635E+00	1.816E-02	2.703E+00	2.738E+00	2.631E+00	2.638E+00	2.634E+00	2.635E+00
2.060E+00	2.609E+00	2.078E-02	2.675E+00	2.716E+00	2.606E+00	2.613E+00	2.609E+00	2.610E+00
2.070E+00	2.584E+00	2.341E-02	2.648E+00	2.694E+00	2.581E+00	2.588E+00	2.584E+00	2.585E+00
2.080E+00	2.559E+00	2.605E-02	2.620E+00	2.672E+00	2.556E+00	2.563E+00	2.559E+00	2.560E+00
2.090E+00	2.535E+00	2.868E-02	2.593E+00	2.650E+00	2.531E+00	2.538E+00	2.534E+00	2.535E+00
2.100E+00	2.510E+00	3.130E-02	2.566E+00	2.628E+00	2.506E+00	2.514E+00	2.509E+00	2.511E+00
2.110E+00	2.486E+00	3.393E-02	2.539E+00	2.606E+00	2.482E+00	2.489E+00	2.485E+00	2.486E+00
2.120E+00	2.461E+00	3.654E-02	2.512E+00	2.585E+00	2.457E+00	2.465E+00	2.460E+00	2.462E+00
2.130E+00	2.437E+00	3.915E-02	2.485E+00	2.563E+00	2.433E+00	2.441E+00	2.436E+00	2.438E+00
2.140E+00	2.413E+00	4.175E-02	2.459E+00	2.542E+00	2.409E+00	2.417E+00	2.412E+00	2.414E+00
2.150E+00	2.389E+00	4.434E-02	2.432E+00	2.521E+00	2.385E+00	2.393E+00	2.388E+00	2.390E+00
2.160E+00	2.365E+00	4.692E-02	2.406E+00	2.500E+00	2.361E+00	2.369E+00	2.364E+00	2.366E+00
2.170E+00	2.342E+00	4.949E-02	2.380E+00	2.479E+00	2.338E+00	2.345E+00	2.341E+00	2.342E+00
2.180E+00	2.318E+00	5.204E-02	2.354E+00	2.458E+00	2.314E+00	2.322E+00	2.317E+00	2.319E+00
2.190E+00	2.295E+00	5.459E-02	2.328E+00	2.437E+00	2.291E+00	2.299E+00	2.294E+00	2.295E+00
2.200E+00	2.272E+00	5.711E-02	2.302E+00	2.416E+00	2.268E+00	2.275E+00	2.271E+00	2.272E+00
2.210E+00	2.249E+00	5.963E-02	2.277E+00	2.396E+00	2.245E+00	2.252E+00	2.248E+00	2.249E+00
2.220E+00	2.226E+00	6.213E-02	2.252E+00	2.376E+00	2.222E+00	2.229E+00	2.225E+00	2.226E+00
2.230E+00	2.203E+00	6.461E-02	2.226E+00	2.355E+00	2.199E+00	2.207E+00	2.202E+00	2.204E+00
2.240E+00	2.180E+00	6.708E-02	2.201E+00	2.335E+00	2.176E+00	2.184E+00	2.180E+00	2.181E+00
2.250E+00	2.158E+00	6.953E-02	2.176E+00	2.315E+00	2.154E+00	2.162E+00	2.157E+00	2.159E+00
2.260E+00	2.136E+00	7.197E-02	2.152E+00	2.295E+00	2.132E+00	2.139E+00	2.135E+00	2.136E+00
2.270E+00	2.113E+00	7.439E-02	2.127E+00	2.276E+00	2.109E+00	2.117E+00	2.113E+00	2.114E+00
2.280E+00	2.091E+00	7.678E-02	2.103E+00	2.256E+00	2.087E+00	2.095E+00	2.091E+00	2.092E+00
2.290E+00	2.070E+00	7.916E-02	2.078E+00	2.237E+00	2.066E+00	2.073E+00	2.069E+00	2.070E+00
2.300E+00	2.048E+00	8.152E-02	2.054E+00	2.217E+00	2.044E+00	2.052E+00	2.047E+00	2.049E+00
2.310E+00	2.026E+00	8.386E-02	2.030E+00	2.198E+00	2.022E+00	2.030E+00	2.026E+00	2.027E+00
2.320E+00	2.005E+00	8.618E-02	2.007E+00	2.179E+00	2.001E+00	2.009E+00	2.004E+00	2.006E+00
2.330E+00	1.984E+00	8.848E-02	1.983E+00	2.160E+00	1.980E+00	1.988E+00	1.983E+00	1.984E+00
2.340E+00	1.963E+00	9.075E-02	1.960E+00	2.141E+00	1.959E+00	1.967E+00	1.962E+00	1.963E+00
2.350E+00	1.942E+00	9.301E-02	1.936E+00	2.122E+00	1.938E+00	1.946E+00	1.941E+00	1.942E+00
2.360E+00	1.921E+00	9.524E-02	1.913E+00	2.104E+00	1.917E+00	1.925E+00	1.920E+00	1.922E+00
2.370E+00	1.900E+00	9.745E-02	1.890E+00	2.085E+00	1.896E+00	1.904E+00	1.900E+00	1.901E+00
2.380E+00	1.880E+00	9.964E-02	1.868E+00	2.067E+00	1.876E+00	1.884E+00	1.879E+00	1.880E+00
2.390E+00	1.859E+00	1.018E-01	1.845E+00	2.049E+00	1.855E+00	1.863E+00	1.859E+00	1.860E+00
2.400E+00	1.839E+00	1.039E-01	1.823E+00	2.030E+00	1.835E+00	1.843E+00	1.838E+00	1.840E+00
2.410E+00	1.819E+00	1.061E-01	1.800E+00	2.012E+00	1.815E+00	1.823E+00	1.818E+00	1.820E+00
2.420E+00	1.799E+00	1.081E-01	1.778E+00	1.994E+00	1.795E+00	1.803E+00	1.799E+00	1.800E+00
2.430E+00	1.779E+00	1.102E-01	1.756E+00	1.977E+00	1.776E+00	1.783E+00	1.779E+00	1.780E+00
2.440E+00	1.760E+00	1.122E-01	1.735E+00	1.959E+00	1.756E+00	1.764E+00	1.759E+00	1.761E+00
2.450E+00	1.740E+00	1.143E-01	1.713E+00	1.941E+00	1.736E+00	1.744E+00	1.740E+00	1.741E+00
2.460E+00	1.721E+00	1.163E-01	1.692E+00	1.924E+00	1.717E+00	1.725E+00	1.721E+00	1.722E+00
2.470E+00	1.702E+00	1.182E-01	1.670E+00	1.907E+00	1.698E+00	1.706E+00	1.701E+00	1.703E+00
2.480E+00	1.683E+00	1.201E-01	1.649E+00	1.890E+00	1.679E+00	1.687E+00	1.682E+00	1.684E+00
2.490E+00	1.664E+00	1.221E-01	1.629E+00	1.873E+00	1.660E+00	1.668E+00	1.664E+00	1.665E+00
2.500E+00	1.646E+00	1.239E-01	1.608E+00	1.856E+00	1.642E+00	1.649E+00	1.645E+00	1.646E+00
2.510E+00	1.627E+00	1.258E-01	1.587E+00	1.839E+00	1.623E+00	1.631E+00	1.626E+00	1.628E+00
2.520E+00	1.609E+00	1.276E-01	1.567E+00	1.822E+00	1.605E+00	1.613E+00	1.608E+00	1.609E+00
2.530E+00	1.590E+00	1.294E-01	1.547E+00	1.805E+00	1.586E+00	1.594E+00	1.590E+00	1.591E+00
2.540E+00	1.572E+00	1.312E-01	1.527E+00	1.789E+00	1.568E+00	1.576E+00	1.572E+00	1.573E+00
2.550E+00	1.554E+00	1.329E-01	1.507E+00	1.773E+00	1.550E+00	1.558E+00	1.554E+00	1.555E+00
2.560E+00	1.536E+00	1.346E-01	1.487E+00	1.756E+00	1.533E+00	1.540E+00	1.536E+00	1.537E+00
2.570E+00	1.519E+00	1.363E-01	1.468E+00	1.740E+00	1.515E+00	1.523E+00	1.518E+00	1.519E+00
2.580E+00	1.501E+00	1.380E-01	1.448E+00	1.724E+00	1.497E+00	1.505E+00	1.501E+00	1.502E+00
2.590E+00	1.484E+00	1.396E-01	1.429E+00	1.708E+00	1.480E+00	1.488E+00	1.483E+00	1.485E+00
2.600E+00	1.467E+00	1.412E-01	1.410E+00	1.692E+00	1.463E+00	1.471E+00	1.466E+00	1.467E+00
2.610E+00	1.450E+00	1.428E-01	1.391E+00	1.677E+00	1.446E+00	1.454E+00	1.449E+00	1.450E+00
2.620E+00	1.433E+00	1.443E-01	1.373E+00	1.661E+00	1.429E+00	1.437E+00	1.432E+00	1.433E+00
2.630E+00	1.416E+00	1.459E-01	1.354E+00	1.646E+00	1.412E+00	1.420E+00	1.415E+00	1.417E+00
2.640E+00	1.399E+00	1.473E-01	1.336E+00	1.630E+00	1.395E+00	1.403E+00	1.399E+00	1.400E+00
2.650E+00	1.383E+00	1.488E-01	1.318E+00	1.615E+00	1.379E+00	1.387E+00	1.382E+00	1.383E+00
2.660E+00	1.366E+00	1.502E-01	1.300E+00	1.600E+00	1.363E+00	1.370E+00	1.366E+00	1.367E+00
2.670E+00	1.350E+00	1.516E-01	1.282E+00	1.585E+00	1.346E+00	1.354E+00	1.350E+00	1.351E+00
2.680E+00	1.334E+00	1.530E-01	1.264E+00	1.570E+00	1.330E+00	1.338E+00	1.334E+00	1.335E+00
2.690E+00	1.318E+00	1.543E-01	1.247E+00	1.555E+00	1.314E+00	1.322E+00	1.318E+00	1.319E+00
2.700E+00	1.302E+00	1.556E-01	1.230E+00	1.541E+00	1.299E+00	1.306E+00	1.302E+00	1.303E+00
2.710E+00	1.287E+00	1.569E-01	1.213E+00	1.526E+00	1.283E+00	1.291E+00	1.286E+00	1.287E+00
2.720E+00	1.271E+00	1.581E-01	1.196E+00	1.512E+00	1.268E+00	1.275E+00	1.271E+00	1.272E+00
2.730E+00	1.256E+00	1.594E-01	1.179E+00	1.497E+00	1.252E+00	1.260E+00	1.255E+00	1.257E+00
2.740E+00	1.241E+00	1.605E-01	1.162E+00	1.483E+00	1.237E+00	1.245E+00	1.240E+00	1.241E+00
2.750E+00	1.226E+00	1.617E-01	1.146E+00	1.469E+00	1.222E+00	1.229E+00	1.225E+00	1.226E+00
2.760E+00	1.211E+00	1.628E-01	1.129E+00	1.455E+00	1.207E+00	1.215E+00	1.210E+00	1.211E+00
2.770E+00	1.196E+00	1.639E-01	1.113E+00	1.441E+00	1.192E+00	1.200E+00	1.195E+00	1.197E+00
2.780E+00	1.181E+00	1.650E-01	1.097E+00	1.427E+00	1.178E+00	1.185E+00	1.181E+00	1.182E+00
2.790E+00	1.167E+00	1.660E-01	1.082E+00	1.414E+00	1.163E+00	1.171E+00	1.166E+00	1.167E+00
2.800E+00	1.152E+00	1.670E-01	1.066E+00	1.400E+00	1.149E+00	1.156E+00	1.152E+00	1.153E+00
2.810E+00	1.138E+00	1.680E-01	1.051E+00	1.387E+00	1.134E+00	1.142E+00	1.138E+00	1.139E+00
2.820E+00	1.124E+00	1.690E-01	1.035E+00	1.373E+00	1.120E+00	1.128E+00	1.123E+00	1.125E+00
2.830E+00	1.110E+00	1.699E-01	1.020E+00	1.360E+00	1.106E+00	1.114E+00	1.109E+00	1.111E+00
2.840E+00	1.096E+00	1.708E-01	1.005E+00	1.347E+00	1.092E+00	1.100E+00	1.096E+00	1.097E+00
2.850E+00	1.082E+00	1.717E-01	9.904E-01	1.334E+00	1.079E+00	1.086E+00	1.082E+00	1.083E+00
2.860E+00	1.069E+00	1.725E-01	9.757E-01	1.321E+00	1.065E+00	1.072E+00	1.068E+00	1.069E+00
2.870E+00	1.055E+00	1.733E-01	9.613E-01	1.308E+00	1.052E+00	1.059E+00	1.055E+00	1.056E+00
2.880E+00	1.042E+00	1.741E-01	9.469E-01	1.295E+00	1.038E+00	1.046E+00	1.042E+00	1.043E+00
2.890E+00	1.029E+00	1.748E-01	9.328E-01	1.282E+00	1.025E+00	1.032E+00	1.028E+00	1.029E+00
2.900E+00	1.016E+00	1.755E-01	9.188E-01	1.270E+00	1.012E+00	1.019E+00	1.015E+00	1.016E+00
2.910E+00	1.003E+00	1.762E-01	9.049E-01	1.257E+00	9.993E-01	1.006E+00	1.002E+00	1.003E+00
2.920E+00	9.901E-01	1.769E-01	8.912E-01	1.245E+00	9.865E-01	9.936E-01	9.895E-01	9.906E-01
2.930E+00	9.774E-01	1.775E-01	8.777E-01	1.233E+00	9.738E-01	9.809E-01	9.769E-01	9.779E-01
2.940E+00	9.648E-01	1.781E-01	8.643E-01	1.220E+00	9.613E-01	9.683E-01	9.643E-01	9.653E-01
2.950E+00	9.524E-01	1.787E-01	8.511E-01	1.208E+00	9.489E-01	9.559E-01	9.519E-01	9.529E-01
2.960E+00	9.401E-01	1.792E-01	8.380E-01	1.196E+00	9.366E-01	9.436E-01	9.396E-01	9.406E-01
2.970E+00	9.279E-01	1.798E-01	8.251E-01	1.185E+00	9.244E-01	9.314E-01	9.274E-01	9.284E-01
2.980E+00	9.159E-01	1.803E-01	8.123E-01	1.173E+00	9.124E-01	9.193E-01	9.154E-01	9.164E-01
2.990E+00	9.039E-01	1.807E-01	7.997E-01	1.161E+00	9.005E-01	9.074E-01	9.035E-01	9.044E-01
3.000E+00	8.921E-01	1.812E-01	7.872E-01	1.150E+00	8.887E-01	8.956E-01	8.916E-01	8.926E-01
