1.000E-02	6.727E+00	1.676E-02	6.711E+00	6.744E+00	6.730E+00	6.725E+00	6.727E+00	6.728E+00
2.000E-02	6.724E+00	1.655E-02	6.708E+00	6.741E+00	6.727E+00	6.722E+00	6.724E+00	6.725E+00
3.000E-02	6.720E+00	1.630E-02	6.704E+00	6.736E+00	6.723E+00	6.718E+00	6.720E+00	6.721E+00
4.000E-02	6.716E+00	1.602E-02	6.700E+00	6.731E+00	6.718E+00	6.713E+00	6.715E+00	6.716E+00
5.000E-02	6.710E+00	1.573E-02	6.695E+00	6.725E+00	6.713E+00	6.707E+00	6.710E+00	6.710E+00
6.000E-02	6.704E+00	1.542E-02	6.689E+00	6.719E+00	6.707E+00	6.701E+00	6.704E+00	6.704E+00
7.000E-02	6.697E+00	1.510E-02	6.682E+00	6.712E+00	6.700E+00	6.694E+00	6.697E+00	6.697E+00
8.000E-02	6.690E+00	1.477E-02	6.675E+00	6.704E+00	6.692E+00	6.687E+00	6.689E+00	6.690E+00
9.000E-02	6.682E+00	1.443E-02	6.668E+00	6.696E+00	6.684E+00	6.679E+00	6.682E+00	6.682E+00
1.000E-01	6.673E+00	1.409E-02	6.659E+00	6.687E+00	6.676E+00	6.671E+00	6.673E+00	6.674E+00
1.100E-01	6.665E+00	1.374E-02	6.651E+00	6.678E+00	6.667E+00	6.662E+00	6.664E+00	6.665E+00
1.200E-01	6.655E+00	1.339E-02	6.642E+00	6.668E+00	6.658E+00	6.652E+00	6.655E+00	6.655E+00
1.300E-01	6.645E+00	1.304E-02	6.633E+00	6.658E+00	6.648E+00	6.643E+00	6.645E+00	6.646E+00
1.400E-01	6.635E+00	1.269E-02	6.623E+00	6.648E+00	6.638E+00	6.633E+00	6.635E+00	6.636E+00
1.500E-01	6.625E+00	1.234E-02	6.613E+00	6.637E+00	6.627E+00	6.622E+00	6.624E+00	6.625E+00
1.600E-01	6.614E+00	1.198E-02	6.602E+00	6.625E+00	6.616E+00	6.611E+00	6.614E+00	6.614E+00
1.700E-01	6.602E+00	1.163E-02	6.591E+00	6.614E+00	6.605E+00	6.600E+00	6.602E+00	6.603E+00
1.800E-01	6.591E+00	1.128E-02	6.580E+00	6.602E+00	6.593E+00	6.588E+00	6.591E+00	6.591E+00
1.900E-01	6.579E+00	1.093E-02	6.568E+00	6.589E+00	6.581E+00	6.576E+00	6.579E+00	6.579E+00
2.000E-01	6.566E+00	1.058E-02	6.556E+00	6.577E+00	6.569E+00	6.564E+00	6.566E+00	6.567E+00
2.100E-01	6.554E+00	1.024E-02	6.544E+00	6.564E+00	6.556E+00	6.551E+00	6.553E+00	6.554E+00
2.200E-01	6.541E+00	9.891E-03	6.531E+00	6.550E+00	6.543E+00	6.538E+00	6.540E+00	6.541E+00
2.300E-01	6.527E+00	9.551E-03	6.518E+00	6.536E+00	6.530E+00	6.525E+00	6.527E+00	6.528E+00
2.400E-01	6.514E+00	9.213E-03	6.505E+00	6.523E+00	6.516E+00	6.511E+00	6.514E+00	6.514E+00
2.500E-01	6.500E+00	8.879E-03	6.491E+00	6.508E+00	6.503E+00	6.497E+00	6.500E+00	6.500E+00
2.600E-01	6.486E+00	8.549E-03	6.477E+00	6.494E+00	6.488E+00	6.483E+00	6.485E+00	6.486E+00
2.700E-01	6.471E+00	8.224E-03	6.463E+00	6.479E+00	6.474E+00	6.469E+00	6.471E+00	6.472E+00
2.800E-01	6.457E+00	7.902E-03	6.449E+00	6.464E+00	6.459E+00	6.454E+00	6.456E+00	6.457E+00
2.900E-01	6.442E+00	7.585E-03	6.434E+00	6.449E+00	6.444E+00	6.439E+00	6.441E+00	6.442E+00
3.000E-01	6.426E+00	7.273E-03	6.419E+00	6.433E+00	6.429E+00	6.424E+00	6.426E+00	6.427E+00
3.100E-01	6.411E+00	6.967E-03	6.404E+00	6.417E+00	6.413E+00	6.408E+00	6.410E+00	6.411E+00
3.200E-01	6.395E+00	6.666E-03	6.389E+00	6.401E+00	6.398E+00	6.393E+00	6.395E+00	6.395E+00
3.300E-01	6.379E+00	6.370E-03	6.373E+00	6.385E+00	6.382E+00	6.377E+00	6.379E+00	6.379E+00
3.400E-01	6.363E+00	6.081E-03	6.357E+00	6.368E+00	6.365E+00	6.360E+00	6.362E+00	6.363E+00
3.500E-01	6.346E+00	5.798E-03	6.341E+00	6.351E+00	6.349E+00	6.344E+00	6.346E+00	6.347E+00
3.600E-01	6.330E+00	5.523E-03	6.325E+00	6.335E+00	6.332E+00	6.327E+00	6.329E+00	6.330E+00
3.700E-01	6.313E+00	5.254E-03	6.308E+00	6.317E+00	6.315E+00	6.310E+00	6.312E+00	6.313E+00
3.800E-01	6.296E+00	4.992E-03	6.291E+00	6.300E+00	6.298E+00	6.293E+00	6.295E+00	6.296E+00
3.900E-01	6.279E+00	4.739E-03	6.274E+00	6.282E+00	6.281E+00	6.276E+00	6.278E+00	6.279E+00
4.000E-01	6.261E+00	4.494E-03	6.257E+00	6.265E+00	6.263E+00	6.259E+00	6.261E+00	6.261E+00
4.100E-01	6.243E+00	4.259E-03	6.240E+00	6.247E+00	6.246E+00	6.241E+00	6.243E+00	6.244E+00
4.200E-01	6.225E+00	4.033E-03	6.222E+00	6.228E+00	6.228E+00	6.223E+00	6.225E+00	6.226E+00
4.300E-01	6.207E+00	3.817E-03	6.204E+00	6.210E+00	6.210E+00	6.205E+00	6.207E+00	6.208E+00
4.400E-01	6.189E+00	3.613E-03	6.186E+00	6.192E+00	6.192E+00	6.187E+00	6.189E+00	6.190E+00
4.500E-01	6.171E+00	3.421E-03	6.168E+00	6.173E+00	6.173E+00	6.168E+00	6.170E+00	6.171E+00
4.600E-01	6.152E+00	3.241E-03	6.150E+00	6.154E+00	6.154E+00	6.150E+00	6.152E+00	6.153E+00
4.700E-01	6.133E+00	3.076E-03	6.131E+00	6.135E+00	6.136E+00	6.131E+00	6.133E+00	6.134E+00
4.800E-01	6.114E+00	2.925E-03	6.113E+00	6.116E+00	6.117E+00	6.112E+00	6.114E+00	6.115E+00
4.900E-01	6.095E+00	2.791E-03	6.094E+00	6.096E+00	6.098E+00	6.093E+00	6.095E+00	6.096E+00
5.000E-01	6.076E+00	2.674E-03	6.075E+00	6.077E+00	6.078E+00	6.074E+00	6.075E+00	6.076E+00
5.100E-01	6.056E+00	2.575E-03	6.055E+00	6.057E+00	6.059E+00	6.054E+00	6.056E+00	6.057E+00
5.200E-01	6.037E+00	2.495E-03	6.036E+00	6.037E+00	6.039E+00	6.035E+00	6.036E+00	6.037E+00
5.300E-01	6.017E+00	2.435E-03	6.017E+00	6.017E+00	6.019E+00	6.015E+00	6.017E+00	6.018E+00
5.400E-01	5.997E+00	2.393E-03	5.997E+00	5.997E+00	6.000E+00	5.995E+00	5.997E+00	5.998E+00
5.500E-01	5.977E+00	2.370E-03	5.977E+00	5.977E+00	5.980E+00	5.975E+00	5.977E+00	5.978E+00
5.600E-01	5.957E+00	2.365E-03	5.957E+00	5.957E+00	5.959E+00	5.955E+00	5.957E+00	5.958E+00
5.700E-01	5.937E+00	2.377E-03	5.937E+00	5.936E+00	5.939E+00	5.935E+00	5.936E+00	5.937E+00
5.800E-01	5.916E+00	2.404E-03	5.917E+00	5.916E+00	5.919E+00	5.914E+00	5.916E+00	5.917E+00
5.900E-01	5.896E+00	2.444E-03	5.897E+00	5.895E+00	5.898E+00	5.894E+00	5.895E+00	5.897E+00
6.000E-01	5.875E+00	2.496E-03	5.876E+00	5.874E+00	5.877E+00	5.873E+00	5.875E+00	5.876E+00
6.100E-01	5.854E+00	2.558E-03	5.855E+00	5.853E+00	5.857E+00	5.852E+00	5.854E+00	5.855E+00
6.200E-01	5.834E+00	2.627E-03	5.835E+00	5.832E+00	5.836E+00	5.831E+00	5.833E+00	5.834E+00
6.300E-01	5.813E+00	2.703E-03	5.814E+00	5.811E+00	5.815E+00	5.810E+00	5.812E+00	5.813E+00
6.400E-01	5.791E+00	2.784E-03	5.793E+00	5.790E+00	5.794E+00	5.789E+00	5.791E+00	5.792E+00
6.500E-01	5.770E+00	2.868E-03	5.772E+00	5.768E+00	5.772E+00	5.768E+00	5.769E+00	5.771E+00
6.600E-01	5.749E+00	2.955E-03	5.751E+00	5.747E+00	5.751E+00	5.747E+00	5.748E+00	5.750E+00
6.700E-01	5.727E+00	3.043E-03	5.729E+00	5.725E+00	5.730E+00	5.725E+00	5.727E+00	5.728E+00
6.800E-01	5.706E+00	3.132E-03	5.708E+00	5.704E+00	5.708E+00	5.704E+00	5.705E+00	5.707E+00
6.900E-01	5.684E+00	3.221E-03	5.686E+00	5.682E+00	5.686E+00	5.682E+00	5.683E+00	5.685E+00
7.000E-01	5.662E+00	3.309E-03	5.665E+00	5.660E+00	5.665E+00	5.660E+00	5.662E+00	5.663E+00
7.100E-01	5.641E+00	3.396E-03	5.643E+00	5.638E+00	5.643E+00	5.639E+00	5.640E+00	5.641E+00
7.200E-01	5.619E+00	3.482E-03	5.621E+00	5.616E+00	5.621E+00	5.617E+00	5.618E+00	5.620E+00
7.300E-01	5.597E+00	3.565E-03	5.600E+00	5.594E+00	5.599E+00	5.595E+00	5.596E+00	5.598E+00
7.400E-01	5.575E+00	3.646E-03	5.578E+00	5.572E+00	5.577E+00	5.573E+00	5.574E+00	5.575E+00
7.500E-01	5.553E+00	3.725E-03	5.555E+00	5.549E+00	5.555E+00	5.551E+00	5.552E+00	5.553E+00
7.600E-01	5.530E+00	3.800E-03	5.533E+00	5.527E+00	5.532E+00	5.528E+00	5.530E+00	5.531E+00
7.700E-01	5.508E+00	3.873E-03	5.511E+00	5.505E+00	5.510E+00	5.506E+00	5.507E+00	5.509E+00
7.800E-01	5.486E+00	3.943E-03	5.489E+00	5.482E+00	5.488E+00	5.484E+00	5.485E+00	5.486E+00
7.900E-01	5.463E+00	4.009E-03	5.467E+00	5.460E+00	5.465E+00	5.461E+00	5.462E+00	5.464E+00
8.000E-01	5.441E+00	4.071E-03	5.444E+00	5.437E+00	5.443E+00	5.439E+00	5.440E+00	5.442E+00
8.100E-01	5.418E+00	4.131E-03	5.422E+00	5.414E+00	5.420E+00	5.416E+00	5.417E+00	5.419E+00
8.200E-01	5.395E+00	4.186E-03	5.399E+00	5.392E+00	5.397E+00	5.394E+00	5.395E+00	5.396E+00
8.300E-01	5.373E+00	4.238E-03	5.376E+00	5.369E+00	5.375E+00	5.371E+00	5.372E+00	5.374E+00
8.400E-01	5.350E+00	4.287E-03	5.354E+00	5.346E+00	5.352E+00	5.348E+00	5.349E+00	5.351E+00
8.500E-01	5.327E+00	4.331E-03	5.331E+00	5.323E+00	5.329E+00	5.325E+00	5.326E+00	5.328E+00
8.600E-01	5.304E+00	4.372E-03	5.308E+00	5.300E+00	5.306E+00	5.302E+00	5.303E+00	5.305E+00
8.700E-01	5.281E+00	4.409E-03	5.285E+00	5.277E+00	5.283E+00	5.280E+00	5.281E+00	5.282E+00
8.800E-01	5.258E+00	4.443E-03	5.262E+00	5.254E+00	5.260E+00	5.257E+00	5.258E+00	5.259E+00
8.900E-01	5.235E+00	4.472E-03	5.239E+00	5.231E+00	5.237E+00	5.234E+00	5.235E+00	5.236E+00
9.000E-01	5.212E+00	4.498E-03	5.216E+00	5.208E+00	5.214E+00	5.211E+00	5.211E+00	5.213E+00
9.100E-01	5.189E+00	4.520E-03	5.193E+00	5.185E+00	5.191E+00	5.188E+00	5.188E+00	5.190E+00
9.200E-01	5.166E+00	4.538E-03	5.170E+00	5.162E+00	5.168E+00	5.164E+00	5.165E+00	5.167E+00
9.300E-01	5.143E+00	4.552E-03	5.147E+00	5.139E+00	5.145E+00	5.141E+00	5.142E+00	5.144E+00
9.400E-01	5.120E+00	4.563E-03	5.124E+00	5.116E+00	5.122E+00	5.118E+00	5.119E+00	5.121E+00
9.500E-01	5.097E+00	4.570E-03	5.101E+00	5.092E+00	5.098E+00	5.095E+00	5.096E+00	5.098E+00
9.600E-01	5.073E+00	4.573E-03	5.077E+00	5.069E+00	5.075E+00	5.072E+00	5.072E+00	5.074E+00
9.700E-01	5.050E+00	4.573E-03	5.054E+00	5.046E+00	5.052E+00	5.048E+00	5.049E+00	5.051E+00
9.800E-01	5.027E+00	4.569E-03	5.031E+00	5.022E+00	5.028E+00	5.025E+00	5.026E+00	5.028E+00
9.900E-01	5.003E+00	4.561E-03	5.007E+00	4.999E+00	5.005E+00	5.002E+00	5.002E+00	5.004E+00
1.000E+00	4.980E+00	4.550E-03	4.984E+00	4.976E+00	4.982E+00	4.978E+00	4.979E+00	4.981E+00
1.010E+00	4.957E+00	4.536E-03	4.961E+00	4.952E+00	4.958E+00	4.955E+00	4.955E+00	4.958E+00
1.020E+00	4.933E+00	4.518E-03	4.937E+00	4.929E+00	4.935E+00	4.932E+00	4.932E+00	4.934E+00
1.030E+00	4.910E+00	4.496E-03	4.914E+00	4.906E+00	4.911E+00	4.908E+00	4.909E+00	4.911E+00
1.040E+00	4.886E+00	4.471E-03	4.890E+00	4.882E+00	4.888E+00	4.885E+00	4.885E+00	4.887E+00
1.050E+00	4.863E+00	4.443E-03	4.867E+00	4.859E+00	4.864E+00	4.861E+00	4.862E+00	4.864E+00
1.060E+00	4.839E+00	4.412E-03	4.843E+00	4.835E+00	4.841E+00	4.838E+00	4.838E+00	4.840E+00
1.070E+00	4.816E+00	4.377E-03	4.820E+00	4.812E+00	4.817E+00	4.814E+00	4.815E+00	4.817E+00
1.080E+00	4.792E+00	4.339E-03	4.796E+00	4.788E+00	4.794E+00	4.791E+00	4.791E+00	4.793E+00
1.090E+00	4.769E+00	4.299E-03	4.773E+00	4.765E+00	4.770E+00	4.767E+00	4.768E+00	4.770E+00
1.100E+00	4.745E+00	4.255E-03	4.749E+00	4.742E+00	4.747E+00	4.744E+00	4.744E+00	4.746E+00
1.110E+00	4.722E+00	4.208E-03	4.726E+00	4.718E+00	4.723E+00	4.720E+00	4.721E+00	4.723E+00
1.120E+00	4.698E+00	4.158E-03	4.702E+00	4.695E+00	4.700E+00	4.697E+00	4.697E+00	4.699E+00
1.130E+00	4.675E+00	4.105E-03	4.679E+00	4.671E+00	4.676E+00	4.673E+00	4.674E+00	4.676E+00
1.140E+00	4.651E+00	4.050E-03	4.655E+00	4.648E+00	4.653E+00	4.650E+00	4.650E+00	4.652E+00
1.150E+00	4.628E+00	3.992E-03	4.631E+00	4.624E+00	4.629E+00	4.626E+00	4.627E+00	4.629E+00
1.160E+00	4.604E+00	3.931E-03	4.608E+00	4.601E+00	4.606E+00	4.603E+00	4.603E+00	4.605E+00
1.170E+00	4.581E+00	3.868E-03	4.584E+00	4.577E+00	4.582E+00	4.579E+00	4.580E+00	4.582E+00
1.180E+00	4.557E+00	3.803E-03	4.561E+00	4.554E+00	4.559E+00	4.556E+00	4.556E+00	4.559E+00
1.190E+00	4.534E+00	3.735E-03	4.537E+00	4.531E+00	4.535E+00	4.533E+00	4.533E+00	4.535E+00
1.200E+00	4.510E+00	3.665E-03	4.514E+00	4.507E+00	4.512E+00	4.509E+00	4.509E+00	4.512E+00
1.210E+00	4.487E+00	3.592E-03	4.490E+00	4.484E+00	4.488E+00	4.486E+00	4.486E+00	4.488E+00
1.220E+00	4.464E+00	3.518E-03	4.467E+00	4.461E+00	4.465E+00	4.462E+00	4.462E+00	4.465E+00
1.230E+00	4.440E+00	3.442E-03	4.443E+00	4.437E+00	4.441E+00	4.439E+00	4.439E+00	4.441E+00
1.240E+00	4.417E+00	3.363E-03	4.420E+00	4.414E+00	4.418E+00	4.415E+00	4.415E+00	4.418E+00
1.250E+00	4.393E+00	3.284E-03	4.396E+00	4.391E+00	4.395E+00	4.392E+00	4.392E+00	4.395E+00
1.260E+00	4.370E+00	3.202E-03	4.373E+00	4.367E+00	4.371E+00	4.369E+00	4.369E+00	4.371E+00
1.270E+00	4.347E+00	3.120E-03	4.349E+00	4.344E+00	4.348E+00	4.345E+00	4.345E+00	4.348E+00
1.280E+00	4.323E+00	3.036E-03	4.326E+00	4.321E+00	4.324E+00	4.322E+00	4.322E+00	4.325E+00
1.290E+00	4.300E+00	2.951E-03	4.302E+00	4.298E+00	4.301E+00	4.299E+00	4.299E+00	4.301E+00
1.300E+00	4.277E+00	2.865E-03	4.279E+00	4.274E+00	4.278E+00	4.276E+00	4.275E+00	4.278E+00
1.310E+00	4.253E+00	2.779E-03	4.256E+00	4.251E+00	4.255E+00	4.252E+00	4.252E+00	4.255E+00
1.320E+00	4.230E+00	2.692E-03	4.232E+00	4.228E+00	4.231E+00	4.229E+00	4.229E+00	4.232E+00
1.330E+00	4.207E+00	2.606E-03	4.209E+00	4.205E+00	4.208E+00	4.206E+00	4.206E+00	4.208E+00
1.340E+00	4.184E+00	2.519E-03	4.186E+00	4.182E+00	4.185E+00	4.183E+00	4.183E+00	4.185E+00
1.350E+00	4.161E+00	2.434E-03	4.163E+00	4.159E+00	4.162E+00	4.160E+00	4.159E+00	4.162E+00
1.360E+00	4.138E+00	2.349E-03	4.139E+00	4.136E+00	4.139E+00	4.137E+00	4.136E+00	4.139E+00
1.370E+00	4.115E+00	2.266E-03	4.116E+00	4.113E+00	4.116E+00	4.114E+00	4.113E+00	4.116E+00
1.380E+00	4.092E+00	2.185E-03	4.093E+00	4.090E+00	4.093E+00	4.091E+00	4.090E+00	4.093E+00
1.390E+00	4.069E+00	2.107E-03	4.070E+00	4.067E+00	4.070E+00	4.068E+00	4.067E+00	4.070E+00
1.400E+00	4.046E+00	2.033E-03	4.047E+00	4.045E+00	4.047E+00	4.045E+00	4.044E+00	4.047E+00
1.410E+00	4.023E+00	1.962E-03	4.024E+00	4.022E+00	4.024E+00	4.022E+00	4.021E+00	4.024E+00
1.420E+00	4.000E+00	1.897E-03	4.001E+00	3.999E+00	4.001E+00	3.999E+00	3.998E+00	4.001E+00
1.430E+00	3.977E+00	1.837E-03	3.978E+00	3.976E+00	3.978E+00	3.976E+00	3.976E+00	3.978E+00
1.440E+00	3.954E+00	1.784E-03	3.955E+00	3.954E+00	3.955E+00	3.953E+00	3.953E+00	3.956E+00
1.450E+00	3.931E+00	1.740E-03	3.932E+00	3.931E+00	3.932E+00	3.931E+00	3.930E+00	3.933E+00
1.460E+00	3.909E+00	1.704E-03	3.909E+00	3.908E+00	3.910E+00	3.908E+00	3.907E+00	3.910E+00
1.470E+00	3.886E+00	1.679E-03	3.886E+00	3.886E+00	3.887E+00	3.885E+00	3.885E+00	3.887E+00
1.480E+00	3.863E+00	1.664E-03	3.864E+00	3.863E+00	3.864E+00	3.863E+00	3.862E+00	3.865E+00
1.490E+00	3.841E+00	1.660E-03	3.841E+00	3.841E+00	3.842E+00	3.840E+00	3.840E+00	3.842E+00
1.500E+00	3.818E+00	1.669E-03	3.818E+00	3.819E+00	3.819E+00	3.817E+00	3.817E+00	3.820E+00
1.510E+00	3.796E+00	1.689E-03	3.796E+00	3.796E+00	3.797E+00	3.795E+00	3.794E+00	3.797E+00
1.520E+00	3.773E+00	1.721E-03	3.773E+00	3.774E+00	3.774E+00	3.773E+00	3.772E+00	3.775E+00
1.530E+00	3.751E+00	1.765E-03	3.751E+00	3.752E+00	3.752E+00	3.750E+00	3.750E+00	3.753E+00
1.540E+00	3.729E+00	1.820E-03	3.728E+00	3.730E+00	3.730E+00	3.728E+00	3.727E+00	3.730E+00
1.550E+00	3.707E+00	1.885E-03	3.706E+00	3.708E+00	3.707E+00	3.706E+00	3.705E+00	3.708E+00
1.560E+00	3.684E+00	1.960E-03	3.683E+00	3.685E+00	3.685E+00	3.683E+00	3.683E+00	3.686E+00
1.570E+00	3.662E+00	2.043E-03	3.661E+00	3.663E+00	3.663E+00	3.661E+00	3.661E+00	3.664E+00
1.580E+00	3.640E+00	2.134E-03	3.639E+00	3.641E+00	3.641E+00	3.639E+00	3.639E+00	3.641E+00
1.590E+00	3.618E+00	2.232E-03	3.617E+00	3.620E+00	3.619E+00	3.617E+00	3.617E+00	3.619E+00
1.600E+00	3.596E+00	2.336E-03	3.594E+00	3.598E+00	3.597E+00	3.595E+00	3.595E+00	3.597E+00
1.610E+00	3.574E+00	2.446E-03	3.572E+00	3.576E+00	3.575E+00	3.573E+00	3.573E+00	3.575E+00
1.620E+00	3.552E+00	2.562E-03	3.550E+00	3.554E+00	3.553E+00	3.551E+00	3.551E+00	3.554E+00
1.630E+00	3.530E+00	2.681E-03	3.528E+00	3.533E+00	3.531E+00	3.530E+00	3.529E+00	3.532E+00
1.640E+00	3.509E+00	2.805E-03	3.506E+00	3.511E+00	3.509E+00	3.508E+00	3.507E+00	3.510E+00
1.650E+00	3.487E+00	2.932E-03	3.485E+00	3.489E+00	3.488E+00	3.486E+00	3.485E+00	3.488E+00
1.660E+00	3.465E+00	3.062E-03	3.463E+00	3.468E+00	3.466E+00	3.465E+00	3.464E+00	3.467E+00
1.670E+00	3.444E+00	3.196E-03	3.441E+00	3.447E+00	3.444E+00	3.443E+00	3.442E+00	3.445E+00
1.680E+00	3.422E+00	3.332E-03	3.419E+00	3.425E+00	3.423E+00	3.421E+00	3.421E+00	3.424E+00
1.690E+00	3.401E+00	3.470E-03	3.398E+00	3.404E+00	3.401E+00	3.400E+00	3.399E+00	3.402E+00
1.700E+00	3.379E+00	3.610E-03	3.376E+00	3.383E+00	3.380E+00	3.379E+00	3.378E+00	3.381E+00
1.710E+00	3.358E+00	3.752E-03	3.355E+00	3.361E+00	3.359E+00	3.357E+00	3.356E+00	3.359E+00
1.720E+00	3.337E+00	3.896E-03	3.333E+00	3.340E+00	3.337E+00	3.336E+00	3.335E+00	3.338E+00
1.730E+00	3.315E+00	4.042E-03	3.312E+00	3.319E+00	3.316E+00	3.315E+00	3.314E+00	3.317E+00
1.740E+00	3.294E+00	4.188E-03	3.291E+00	3.298E+00	3.295E+00	3.294E+00	3.293E+00	3.296E+00
1.750E+00	3.273E+00	4.336E-03	3.269E+00	3.277E+00	3.274E+00	3.273E+00	3.272E+00	3.275E+00
1.760E+00	3.252E+00	4.486E-03	3.248E+00	3.257E+00	3.253E+00	3.252E+00	3.251E+00	3.254E+00
1.770E+00	3.231E+00	4.636E-03	3.227E+00	3.236E+00	3.232E+00	3.231E+00	3.230E+00	3.233E+00
1.780E+00	3.211E+00	4.787E-03	3.206E+00	3.215E+00	3.211E+00	3.210E+00	3.209E+00	3.212E+00
1.790E+00	3.190E+00	4.939E-03	3.185E+00	3.195E+00	3.190E+00	3.189E+00	3.188E+00	3.191E+00
1.800E+00	3.169E+00	5.091E-03	3.164E+00	3.174E+00	3.170E+00	3.169E+00	3.167E+00	3.171E+00
1.810E+00	3.148E+00	5.244E-03	3.144E+00	3.154E+00	3.149E+00	3.148E+00	3.147E+00	3.150E+00
1.820E+00	3.128E+00	5.398E-03	3.123E+00	3.133E+00	3.128E+00	3.127E+00	3.126E+00	3.129E+00
1.830E+00	3.107E+00	5.552E-03	3.102E+00	3.113E+00	3.108E+00	3.107E+00	3.106E+00	3.109E+00
1.840E+00	3.087E+00	5.707E-03	3.082E+00	3.092E+00	3.087E+00	3.086E+00	3.085E+00	3.088E+00
1.850E+00	3.067E+00	5.862E-03	3.061E+00	3.072E+00	3.067E+00	3.066E+00	3.065E+00	3.068E+00
1.860E+00	3.046E+00	6.017E-03	3.041E+00	3.052E+00	3.047E+00	3.046E+00	3.045E+00	3.048E+00
1.870E+00	3.026E+00	6.172E-03	3.020E+00	3.032E+00	3.026E+00	3.026E+00	3.024E+00	3.028E+00
1.880E+00	3.006E+00	6.328E-03	3.000E+00	3.012E+00	3.006E+00	3.005E+00	3.004E+00	3.007E+00
1.890E+00	2.986E+00	6.484E-03	2.980E+00	2.992E+00	2.986E+00	2.985E+00	2.984E+00	2.987E+00
1.900E+00	2.966E+00	6.639E-03	2.960E+00	2.972E+00	2.966E+00	2.965E+00	2.964E+00	2.967E+00
1.910E+00	2.946E+00	6.795E-03	2.939E+00	2.953E+00	2.946E+00	2.946E+00	2.944E+00	2.947E+00
1.920E+00	2.926E+00	6.951E-03	2.919E+00	2.933E+00	2.926E+00	2.926E+00	2.925E+00	2.928E+00
1.930E+00	2.906E+00	7.106E-03	2.900E+00	2.913E+00	2.907E+00	2.906E+00	2.905E+00	2.908E+00
1.940E+00	2.887E+00	7.262E-03	2.880E+00	2.894E+00	2.887E+00	2.886E+00	2.885E+00	2.888E+00
1.950E+00	2.867E+00	7.417E-03	2.860E+00	2.874E+00	2.867E+00	2.867E+00	2.865E+00	2.869E+00
1.960E+00	2.847E+00	7.572E-03	2.840E+00	2.855E+00	2.848E+00	2.847E+00	2.846E+00	2.849E+00
1.970E+00	2.828E+00	7.727E-03	2.821E+00	2.836E+00	2.828E+00	2.828E+00	2.826E+00	2.830E+00
1.980E+00	2.809E+00	7.881E-03	2.801E+00	2.817E+00	2.809E+00	2.808E+00	2.807E+00	2.810E+00
1.990E+00	2.789E+00	8.036E-03	2.782E+00	2.797E+00	2.790E+00	2.789E+00	2.788E+00	2.791E+00
2.000E+00	2.770E+00	8.189E-03	2.762E+00	2.778E+00	2.770E+00	2.770E+00	2.769E+00	2.772E+00
2.010E+00	2.751E+00	8.343E-03	2.743E+00	2.759E+00	2.751E+00	2.751E+00	2.749E+00	2.753E+00
2.020E+00	2.732E+00	8.496E-03	2.724E+00	2.740E+00	2.732E+00	2.732E+00	2.730E+00	2.734E+00
2.030E+00	2.713E+00	8.648E-03	2.705E+00	2.722E+00	2.713E+00	2.713E+00	2.711E+00	2.715E+00
2.040E+00	2.694E+00	8.800E-03	2.686E+00	2.703E+00	2.694E+00	2.694E+00	2.693E+00	2.696E+00
2.050E+00	2.675E+00	8.952E-03	2.667E+00	2.684E+00	2.676E+00	2.675E+00	2.674E+00	2.677E+00
2.060E+00	2.657E+00	9.102E-03	2.648E+00	2.666E+00	2.657E+00	2.656E+00	2.655E+00	2.658E+00
2.070E+00	2.638E+00	9.253E-03	2.629E+00	2.647E+00	2.638E+00	2.638E+00	2.636E+00	2.639E+00
2.080E+00	2.619E+00	9.402E-03	2.610E+00	2.629E+00	2.620E+00	2.619E+00	2.618E+00	2.621E+00
2.090E+00	2.601E+00	9.551E-03	2.592E+00	2.610E+00	2.601E+00	2.601E+00	2.599E+00	2.602E+00
2.100E+00	2.582E+00	9.700E-03	2.573E+00	2.592E+00	2.583E+00	2.582E+00	2.581E+00	2.584E+00
2.110E+00	2.564E+00	9.847E-03	2.555E+00	2.574E+00	2.564E+00	2.564E+00	2.562E+00	2.566E+00
2.120E+00	2.546E+00	9.994E-03	2.536E+00	2.556E+00	2.546E+00	2.546E+00	2.544E+00	2.547E+00
2.130E+00	2.528E+00	1.014E-02	2.518E+00	2.538E+00	2.528E+00	2.527E+00	2.526E+00	2.529E+00
2.140E+00	2.510E+00	1.029E-02	2.500E+00	2.520E+00	2.510E+00	2.509E+00	2.508E+00	2.511E+00
2.150E+00	2.492E+00	1.043E-02	2.481E+00	2.502E+00	2.492E+00	2.491E+00	2.490E+00	2.493E+00
2.160E+00	2.474E+00	1.057E-02	2.463E+00	2.484E+00	2.474E+00	2.474E+00	2.472E+00	2.475E+00
2.170E+00	2.456E+00	1.072E-02	2.445E+00	2.467E+00	2.456E+00	2.456E+00	2.454E+00	2.457E+00
2.180E+00	2.438E+00	1.086E-02	2.427E+00	2.449E+00	2.438E+00	2.438E+00	2.436E+00	2.440E+00
2.190E+00	2.420E+00	1.100E-02	2.410E+00	2.431E+00	2.420E+00	2.420E+00	2.419E+00	2.422E+00
2.200E+00	2.403E+00	1.114E-02	2.392E+00	2.414E+00	2.403E+00	2.403E+00	2.401E+00	2.404E+00
2.210E+00	2.385E+00	1.128E-02	2.374E+00	2.397E+00	2.385E+00	2.385E+00	2.384E+00	2.387E+00
2.220E+00	2.368E+00	1.142E-02	2.357E+00	2.379E+00	2.368E+00	2.368E+00	2.366E+00	2.369E+00
2.230E+00	2.351E+00	1.156E-02	2.339E+00	2.362E+00	2.351E+00	2.350E+00	2.349E+00	2.352E+00
2.240E+00	2.333E+00	1.169E-02	2.322E+00	2.345E+00	2.333E+00	2.333E+00	2.332E+00	2.335E+00
2.250E+00	2.316E+00	1.183E-02	2.305E+00	2.328E+00	2.316E+00	2.316E+00	2.315E+00	2.318E+00
2.260E+00	2.299E+00	1.196E-02	2.287E+00	2.311E+00	2.299E+00	2.299E+00	2.297E+00	2.301E+00
2.270E+00	2.282E+00	1.210E-02	2.270E+00	2.294E+00	2.282E+00	2.282E+00	2.280E+00	2.284E+00
2.280E+00	2.265E+00	1.223E-02	2.253E+00	2.277E+00	2.265E+00	2.265E+00	2.264E+00	2.267E+00
2.290E+00	2.248E+00	1.236E-02	2.236E+00	2.261E+00	2.248E+00	2.248E+00	2.247E+00	2.250E+00
2.300E+00	2.232E+00	1.249E-02	2.219E+00	2.244E+00	2.232E+00	2.232E+00	2.230E+00	2.233E+00
2.310E+00	2.215E+00	1.262E-02	2.203E+00	2.228E+00	2.215E+00	2.215E+00	2.213E+00	2.216E+00
2.320E+00	2.198E+00	1.275E-02	2.186E+00	2.211E+00	2.198E+00	2.198E+00	2.197E+00	2.200E+00
2.330E+00	2.182E+00	1.287E-02	2.169E+00	2.195E+00	2.182E+00	2.182E+00	2.180E+00	2.183E+00
2.340E+00	2.165E+00	1.300E-02	2.153E+00	2.178E+00	2.165E+00	2.165E+00	2.164E+00	2.167E+00
2.350E+00	2.149E+00	1.312E-02	2.136E+00	2.162E+00	2.149E+00	2.149E+00	2.148E+00	2.151E+00
2.360E+00	2.133E+00	1.325E-02	2.120E+00	2.146E+00	2.133E+00	2.133E+00	2.131E+00	2.134E+00
2.370E+00	2.117E+00	1.337E-02	2.104E+00	2.130E+00	2.117E+00	2.117E+00	2.115E+00	2.118E+00
2.380E+00	2.101E+00	1.349E-02	2.087E+00	2.114E+00	2.101E+00	2.101E+00	2.099E+00	2.102E+00
2.390E+00	2.085E+00	1.361E-02	2.071E+00	2.098E+00	2.085E+00	2.085E+00	2.083E+00	2.086E+00
2.400E+00	2.069E+00	1.373E-02	2.055E+00	2.083E+00	2.069E+00	2.069E+00	2.067E+00	2.070E+00
2.410E+00	2.053E+00	1.384E-02	2.039E+00	2.067E+00	2.053E+00	2.053E+00	2.051E+00	2.054E+00
2.420E+00	2.037E+00	1.396E-02	2.023E+00	2.051E+00	2.037E+00	2.037E+00	2.036E+00	2.039E+00
2.430E+00	2.022E+00	1.408E-02	2.008E+00	2.036E+00	2.021E+00	2.022E+00	2.020E+00	2.023E+00
2.440E+00	2.006E+00	1.419E-02	1.992E+00	2.020E+00	2.006E+00	2.006E+00	2.004E+00	2.007E+00
2.450E+00	1.990E+00	1.430E-02	1.976E+00	2.005E+00	1.990E+00	1.991E+00	1.989E+00	1.992E+00
2.460E+00	1.975E+00	1.441E-02	1.961E+00	1.990E+00	1.975E+00	1.975E+00	1.974E+00	1.977E+00
2.470E+00	1.960E+00	1.452E-02	1.945E+00	1.974E+00	1.960E+00	1.960E+00	1.958E+00	1.961E+00
2.480E+00	1.945E+00	1.463E-02	1.930E+00	1.959E+00	1.944E+00	1.945E+00	1.943E+00	1.946E+00
2.490E+00	1.929E+00	1.474E-02	1.915E+00	1.944E+00	1.929E+00	1.929E+00	1.928E+00	1.931E+00
2.500E+00	1.914E+00	1.484E-02	1.900E+00	1.929E+00	1.914E+00	1.914E+00	1.913E+00	1.916E+00
2.510E+00	1.899E+00	1.495E-02	1.885E+00	1.914E+00	1.899E+00	1.899E+00	1.898E+00	1.901E+00
2.520E+00	1.884E+00	1.505E-02	1.870E+00	1.900E+00	1.884E+00	1.885E+00	1.883E+00	1.886E+00
2.530E+00	1.870E+00	1.515E-02	1.855E+00	1.885E+00	1.870E+00	1.870E+00	1.868E+00	1.871E+00
2.540E+00	1.855E+00	1.525E-02	1.840E+00	1.870E+00	1.855E+00	1.855E+00	1.853E+00	1.856E+00
2.550E+00	1.840E+00	1.535E-02	1.825E+00	1.856E+00	1.840E+00	1.840E+00	1.839E+00	1.842E+00
2.560E+00	1.826E+00	1.545E-02	1.811E+00	1.841E+00	1.826E+00	1.826E+00	1.824E+00	1.827E+00
2.570E+00	1.811E+00	1.555E-02	1.796E+00	1.827E+00	1.811E+00	1.811E+00	1.810E+00	1.813E+00
2.580E+00	1.797E+00	1.564E-02	1.781E+00	1.813E+00	1.797E+00	1.797E+00	1.795E+00	1.798E+00
2.590E+00	1.783E+00	1.573E-02	1.767E+00	1.798E+00	1.782E+00	1.783E+00	1.781E+00	1.784E+00
2.600E+00	1.768E+00	1.583E-02	1.753E+00	1.784E+00	1.768E+00	1.769E+00	1.767E+00	1.770E+00
2.610E+00	1.754E+00	1.592E-02	1.739E+00	1.770E+00	1.754E+00	1.754E+00	1.753E+00	1.756E+00
2.620E+00	1.740E+00	1.601E-02	1.724E+00	1.756E+00	1.740E+00	1.740E+00	1.739E+00	1.742E+00
2.630E+00	1.726E+00	1.609E-02	1.710E+00	1.742E+00	1.726E+00	1.726E+00	1.725E+00	1.728E+00
2.640E+00	1.712E+00	1.618E-02	1.696E+00	1.729E+00	1.712E+00	1.712E+00	1.711E+00	1.714E+00
2.650E+00	1.698E+00	1.627E-02	1.682E+00	1.715E+00	1.698E+00	1.699E+00	1.697E+00	1.700E+00
2.660E+00	1.685E+00	1.635E-02	1.669E+00	1.701E+00	1.685E+00	1.685E+00	1.683E+00	1.686E+00
2.670E+00	1.671E+00	1.643E-02	1.655E+00	1.688E+00	1.671E+00	1.671E+00	1.670E+00	1.673E+00
2.680E+00	1.658E+00	1.651E-02	1.641E+00	1.674E+00	1.657E+00	1.658E+00	1.656E+00	1.659E+00
2.690E+00	1.644E+00	1.659E-02	1.628E+00	1.661E+00	1.644E+00	1.644E+00	1.643E+00	1.646E+00
2.700E+00	1.631E+00	1.667E-02	1.614E+00	1.647E+00	1.631E+00	1.631E+00	1.629E+00	1.632E+00
2.710E+00	1.617E+00	1.675E-02	1.601E+00	1.634E+00	1.617E+00	1.618E+00	1.616E+00	1.619E+00
2.720E+00	1.604E+00	1.682E-02	1.588E+00	1.621E+00	1.604E+00	1.604E+00	1.603E+00	1.606E+00
2.730E+00	1.591E+00	1.690E-02	1.574E+00	1.608E+00	1.591E+00	1.591E+00	1.590E+00	1.592E+00
2.740E+00	1.578E+00	1.697E-02	1.561E+00	1.595E+00	1.578E+00	1.578E+00	1.576E+00	1.579E+00
2.750E+00	1.565E+00	1.704E-02	1.548E+00	1.582E+00	1.565E+00	1.565E+00	1.564E+00	1.566E+00
2.760E+00	1.552E+00	1.711E-02	1.535E+00	1.569E+00	1.552E+00	1.552E+00	1.551E+00	1.553E+00
2.770E+00	1.539E+00	1.718E-02	1.522E+00	1.557E+00	1.539E+00	1.539E+00	1.538E+00	1.541E+00
2.780E+00	1.526E+00	1.725E-02	1.509E+00	1.544E+00	1.526E+00	1.527E+00	1.525E+00	1.528E+00
2.790E+00	1.514E+00	1.731E-02	1.497E+00	1.531E+00	1.514E+00	1.514E+00	1.512E+00	1.515E+00
2.800E+00	1.501E+00	1.738E-02	1.484E+00	1.519E+00	1.501E+00	1.501E+00	1.500E+00	1.503E+00
2.810E+00	1.489E+00	1.744E-02	1.472E+00	1.506E+00	1.488E+00	1.489E+00	1.487E+00	1.490E+00
2.820E+00	1.476E+00	1.750E-02	1.459E+00	1.494E+00	1.476E+00	1.477E+00	1.475E+00	1.478E+00
2.830E+00	1.464E+00	1.756E-02	1.447E+00	1.482E+00	1.464E+00	1.464E+00	1.463E+00	1.465E+00
2.840E+00	1.452E+00	1.762E-02	1.434E+00	1.469E+00	1.451E+00	1.452E+00	1.450E+00	1.453E+00
2.850E+00	1.439E+00	1.768E-02	1.422E+00	1.457E+00	1.439E+00	1.440E+00	1.438E+00	1.441E+00
2.860E+00	1.427E+00	1.773E-02	1.410E+00	1.445E+00	1.427E+00	1.428E+00	1.426E+00	1.429E+00
2.870E+00	1.415E+00	1.779E-02	1.398E+00	1.433E+00	1.415E+00	1.416E+00	1.414E+00	1.417E+00
2.880E+00	1.403E+00	1.784E-02	1.386E+00	1.421E+00	1.403E+00	1.404E+00	1.402E+00	1.405E+00
2.890E+00	1.391E+00	1.789E-02	1.374E+00	1.410E+00	1.391E+00	1.392E+00	1.390E+00	1.393E+00
2.900E+00	1.380E+00	1.794E-02	1.362E+00	1.398E+00	1.379E+00	1.380E+00	1.378E+00	1.381E+00
2.910E+00	1.368E+00	1.799E-02	1.350E+00	1.386E+00	1.368E+00	1.368E+00	1.367E+00	1.369E+00
2.920E+00	1.356E+00	1.804E-02	1.339E+00	1.375E+00	1.356E+00	1.357E+00	1.355E+00	1.358E+00
2.930E+00	1.345E+00	1.808E-02	1.327E+00	1.363E+00	1.344E+00	1.345E+00	1.343E+00	1.346E+00
2.940E+00	1.333E+00	1.813E-02	1.315E+00	1.352E+00	1.333E+00	1.334E+00	1.332E+00	1.335E+00
2.950E+00	1.322E+00	1.817E-02	1.304E+00	1.340E+00	1.322E+00	1.322E+00	1.320E+00	1.323E+00
2.960E+00	1.311E+00	1.821E-02	1.293E+00	1.329E+00	1.310E+00	1.311E+00	1.309E+00	1.312E+00
2.970E+00	1.299E+00	1.826E-02	1.281E+00	1.318E+00	1.299E+00	1.300E+00	1.298E+00	1.301E+00
2.980E+00	1.288E+00	1.829E-02	1.270E+00	1.307E+00	1.288E+00	1.288E+00	1.287E+00	1.289E+00
2.990E+00	1.277E+00	1.833E-02	1.259E+00	1.295E+00	1.277E+00	1.277E+00	1.276E+00	1.278E+00
3.000E+00	1.266E+00	1.837E-02	1.248E+00	1.284E+00	1.266E+00	1.266E+00	1.265E+00	1.267E+00
