1.000E-02	7.132E+00	1.776E-02	7.114E+00	7.149E+00	7.132E+00	7.131E+00	7.131E+00	7.132E+00
2.000E-02	7.130E+00	1.767E-02	7.113E+00	7.148E+00	7.131E+00	7.129E+00	7.130E+00	7.130E+00
3.000E-02	7.129E+00	1.756E-02	7.111E+00	7.146E+00	7.130E+00	7.128E+00	7.129E+00	7.129E+00
4.000E-02	7.126E+00	1.742E-02	7.109E+00	7.144E+00	7.127E+00	7.125E+00	7.126E+00	7.126E+00
5.000E-02	7.123E+00	1.727E-02	7.106E+00	7.141E+00	7.124E+00	7.122E+00	7.123E+00	7.123E+00
6.000E-02	7.120E+00	1.709E-02	7.103E+00	7.137E+00	7.121E+00	7.119E+00	7.120E+00	7.120E+00
7.000E-02	7.116E+00	1.691E-02	7.099E+00	7.133E+00	7.117E+00	7.115E+00	7.116E+00	7.116E+00
8.000E-02	7.112E+00	1.670E-02	7.095E+00	7.128E+00	7.113E+00	7.111E+00	7.112E+00	7.112E+00
9.000E-02	7.107E+00	1.649E-02	7.090E+00	7.123E+00	7.108E+00	7.106E+00	7.107E+00	7.107E+00
1.000E-01	7.102E+00	1.626E-02	7.085E+00	7.118E+00	7.103E+00	7.101E+00	7.102E+00	7.102E+00
1.100E-01	7.096E+00	1.603E-02	7.080E+00	7.112E+00	7.097E+00	7.095E+00	7.096E+00	7.096E+00
1.200E-01	7.090E+00	1.578E-02	7.074E+00	7.105E+00	7.091E+00	7.089E+00	7.090E+00	7.090E+00
1.300E-01	7.083E+00	1.553E-02	7.068E+00	7.099E+00	7.084E+00	7.082E+00	7.083E+00	7.083E+00
1.400E-01	7.076E+00	1.527E-02	7.061E+00	7.091E+00	7.077E+00	7.075E+00	7.076E+00	7.076E+00
1.500E-01	7.069E+00	1.501E-02	7.054E+00	7.084E+00	7.070E+00	7.068E+00	7.069E+00	7.069E+00
1.600E-01	7.061E+00	1.473E-02	7.046E+00	7.075E+00	7.062E+00	7.060E+00	7.061E+00	7.061E+00
1.700E-01	7.053E+00	1.445E-02	7.038E+00	7.067E+00	7.053E+00	7.052E+00	7.052E+00	7.053E+00
1.800E-01	7.044E+00	1.417E-02	7.030E+00	7.058E+00	7.045E+00	7.043E+00	7.044E+00	7.044E+00
1.900E-01	7.035E+00	1.388E-02	7.021E+00	7.049E+00	7.036E+00	7.034E+00	7.035E+00	7.035E+00
2.000E-01	7.025E+00	1.359E-02	7.012E+00	7.039E+00	7.026E+00	7.024E+00	7.025E+00	7.025E+00
2.100E-01	7.016E+00	1.329E-02	7.002E+00	7.029E+00	7.016E+00	7.015E+00	7.015E+00	7.016E+00
2.200E-01	7.005E+00	1.299E-02	6.992E+00	7.018E+00	7.006E+00	7.004E+00	7.005E+00	7.005E+00
2.300E-01	6.995E+00	1.269E-02	6.982E+00	7.007E+00	6.996E+00	6.994E+00	6.995E+00	6.995E+00
2.400E-01	6.984E+00	1.238E-02	6.971E+00	6.996E+00	6.985E+00	6.983E+00	6.984E+00	6.984E+00
2.500E-01	6.973E+00	1.208E-02	6.960E+00	6.984E+00	6.973E+00	6.972E+00	6.972E+00	6.973E+00
2.600E-01	6.961E+00	1.177E-02	6.949E+00	6.972E+00	6.962E+00	6.960E+00	6.961E+00	6.961E+00
2.700E-01	6.949E+00	1.146E-02	6.937E+00	6.960E+00	6.950E+00	6.948E+00	6.949E+00	6.949E+00
2.800E-01	6.936E+00	1.114E-02	6.925E+00	6.947E+00	6.937E+00	6.936E+00	6.936E+00	6.937E+00
2.900E-01	6.924E+00	1.083E-02	6.913E+00	6.934E+00	6.925E+00	6.923E+00	6.924E+00	6.924E+00
3.000E-01	6.911E+00	1.052E-02	6.900E+00	6.921E+00	6.912E+00	6.910E+00	6.911E+00	6.911E+00
3.100E-01	6.897E+00	1.020E-02	6.887E+00	6.907E+00	6.898E+00	6.896E+00	6.897E+00	6.897E+00
3.200E-01	6.884E+00	9.885E-03	6.874E+00	6.893E+00	6.884E+00	6.883E+00	6.884E+00	6.884E+00
3.300E-01	6.870E+00	9.570E-03	6.860E+00	6.879E+00	6.870E+00	6.869E+00	6.869E+00	6.870E+00
3.400E-01	6.855E+00	9.255E-03	6.846E+00	6.864E+00	6.856E+00	6.854E+00	6.855E+00	6.855E+00
3.500E-01	6.841E+00	8.940E-03	6.832E+00	6.849E+00	6.841E+00	6.840E+00	6.840E+00	6.841E+00
3.600E-01	6.826E+00	8.626E-03	6.817E+00	6.834E+00	6.826E+00	6.825E+00	6.825E+00	6.826E+00
3.700E-01	6.810E+00	8.313E-03	6.802E+00	6.818E+00	6.811E+00	6.809E+00	6.810E+00	6.810E+00
3.800E-01	6.795E+00	8.000E-03	6.787E+00	6.802E+00	6.795E+00	6.794E+00	6.795E+00	6.795E+00
3.900E-01	6.779E+00	7.689E-03	6.771E+00	6.786E+00	6.779E+00	6.778E+00	6.779E+00	6.779E+00
4.000E-01	6.762E+00	7.380E-03	6.755E+00	6.770E+00	6.763E+00	6.762E+00	6.762E+00	6.763E+00
4.100E-01	6.746E+00	7.071E-03	6.739E+00	6.753E+00	6.747E+00	6.745E+00	6.746E+00	6.746E+00
4.200E-01	6.729E+00	6.765E-03	6.722E+00	6.736E+00	6.730E+00	6.728E+00	6.729E+00	6.729E+00
4.300E-01	6.712E+00	6.461E-03	6.705E+00	6.718E+00	6.713E+00	6.711E+00	6.712E+00	6.712E+00
4.400E-01	6.695E+00	6.158E-03	6.688E+00	6.701E+00	6.695E+00	6.694E+00	6.695E+00	6.695E+00
4.500E-01	6.677E+00	5.858E-03	6.671E+00	6.683E+00	6.678E+00	6.676E+00	6.677E+00	6.677E+00
4.600E-01	6.659E+00	5.561E-03	6.653E+00	6.664E+00	6.660E+00	6.658E+00	6.659E+00	6.659E+00
4.700E-01	6.641E+00	5.266E-03	6.635E+00	6.646E+00	6.642E+00	6.640E+00	6.641E+00	6.641E+00
4.800E-01	6.622E+00	4.973E-03	6.617E+00	6.627E+00	6.623E+00	6.622E+00	6.622E+00	6.622E+00
4.900E-01	6.604E+00	4.684E-03	6.599E+00	6.608E+00	6.604E+00	6.603E+00	6.603E+00	6.604E+00
5.000E-01	6.585E+00	4.398E-03	6.580E+00	6.589E+00	6.585E+00	6.584E+00	6.584E+00	6.585E+00
5.100E-01	6.565E+00	4.115E-03	6.561E+00	6.569E+00	6.566E+00	6.565E+00	6.565E+00	6.565E+00
5.200E-01	6.546E+00	3.835E-03	6.542E+00	6.549E+00	6.546E+00	6.545E+00	6.546E+00	6.546E+00
5.300E-01	6.526E+00	3.559E-03	6.522E+00	6.529E+00	6.527E+00	6.525E+00	6.526E+00	6.526E+00
5.400E-01	6.506E+00	3.287E-03	6.503E+00	6.509E+00	6.507E+00	6.505E+00	6.506E+00	6.506E+00
5.500E-01	6.486E+00	3.019E-03	6.483E+00	6.489E+00	6.486E+00	6.485E+00	6.486E+00	6.486E+00
5.600E-01	6.465E+00	2.755E-03	6.462E+00	6.468E+00	6.466E+00	6.464E+00	6.465E+00	6.465E+00
5.700E-01	6.444E+00	2.496E-03	6.442E+00	6.447E+00	6.445E+00	6.444E+00	6.444E+00	6.445E+00
5.800E-01	6.423E+00	2.243E-03	6.421E+00	6.425E+00	6.424E+00	6.423E+00	6.423E+00	6.424E+00
5.900E-01	6.402E+00	1.995E-03	6.400E+00	6.404E+00	6.403E+00	6.402E+00	6.402E+00	6.402E+00
6.000E-01	6.381E+00	1.754E-03	6.379E+00	6.382E+00	6.381E+00	6.380E+00	6.381E+00	6.381E+00
6.100E-01	6.359E+00	1.521E-03	6.358E+00	6.360E+00	6.360E+00	6.359E+00	6.359E+00	6.359E+00
6.200E-01	6.337E+00	1.299E-03	6.336E+00	6.338E+00	6.338E+00	6.337E+00	6.337E+00	6.337E+00
6.300E-01	6.315E+00	1.092E-03	6.314E+00	6.316E+00	6.316E+00	6.315E+00	6.315E+00	6.315E+00
6.400E-01	6.293E+00	9.051E-04	6.292E+00	6.293E+00	6.294E+00	6.292E+00	6.293E+00	6.293E+00
6.500E-01	6.270E+00	7.519E-04	6.270E+00	6.271E+00	6.271E+00	6.270E+00	6.270E+00	6.271E+00
6.600E-01	6.248E+00	6.513E-04	6.247E+00	6.248E+00	6.248E+00	6.247E+00	6.248E+00	6.248E+00
6.700E-01	6.225E+00	6.244E-04	6.225E+00	6.225E+00	6.225E+00	6.224E+00	6.225E+00	6.225E+00
6.800E-01	6.202E+00	6.756E-04	6.202E+00	6.201E+00	6.202E+00	6.201E+00	6.202E+00	6.202E+00
6.900E-01	6.178E+00	7.864E-04	6.179E+00	6.178E+00	6.179E+00	6.178E+00	6.178E+00	6.179E+00
7.000E-01	6.155E+00	9.327E-04	6.156E+00	6.154E+00	6.156E+00	6.154E+00	6.155E+00	6.155E+00
7.100E-01	6.131E+00	1.098E-03	6.132E+00	6.130E+00	6.132E+00	6.131E+00	6.131E+00	6.131E+00
7.200E-01	6.107E+00	1.272E-03	6.108E+00	6.106E+00	6.108E+00	6.107E+00	6.107E+00	6.108E+00
7.300E-01	6.083E+00	1.451E-03	6.085E+00	6.082E+00	6.084E+00	6.083E+00	6.083E+00	6.084E+00
7.400E-01	6.059E+00	1.630E-03	6.061E+00	6.058E+00	6.060E+00	6.059E+00	6.059E+00	6.059E+00
7.500E-01	6.035E+00	1.809E-03	6.036E+00	6.033E+00	6.035E+00	6.034E+00	6.035E+00	6.035E+00
7.600E-01	6.010E+00	1.986E-03	6.012E+00	6.008E+00	6.011E+00	6.010E+00	6.010E+00	6.010E+00
7.700E-01	5.986E+00	2.160E-03	5.988E+00	5.983E+00	5.986E+00	5.985E+00	5.985E+00	5.986E+00
7.800E-01	5.961E+00	2.331E-03	5.963E+00	5.958E+00	5.961E+00	5.960E+00	5.961E+00	5.961E+00
7.900E-01	5.936E+00	2.499E-03	5.938E+00	5.933E+00	5.936E+00	5.935E+00	5.935E+00	5.936E+00
8.000E-01	5.910E+00	2.663E-03	5.913E+00	5.908E+00	5.911E+00	5.910E+00	5.910E+00	5.911E+00
8.100E-01	5.885E+00	2.822E-03	5.888E+00	5.882E+00	5.886E+00	5.885E+00	5.885E+00	5.885E+00
8.200E-01	5.860E+00	2.978E-03	5.862E+00	5.857E+00	5.860E+00	5.859E+00	5.859E+00	5.860E+00
8.300E-01	5.834E+00	3.129E-03	5.837E+00	5.831E+00	5.834E+00	5.834E+00	5.834E+00	5.834E+00
8.400E-01	5.808E+00	3.276E-03	5.811E+00	5.805E+00	5.809E+00	5.808E+00	5.808E+00	5.808E+00
8.500E-01	5.782E+00	3.419E-03	5.786E+00	5.779E+00	5.783E+00	5.782E+00	5.782E+00	5.782E+00
8.600E-01	5.756E+00	3.557E-03	5.760E+00	5.753E+00	5.757E+00	5.756E+00	5.756E+00	5.756E+00
8.700E-01	5.730E+00	3.690E-03	5.734E+00	5.726E+00	5.731E+00	5.730E+00	5.730E+00	5.730E+00
8.800E-01	5.704E+00	3.819E-03	5.708E+00	5.700E+00	5.704E+00	5.703E+00	5.704E+00	5.704E+00
8.900E-01	5.677E+00	3.944E-03	5.681E+00	5.673E+00	5.678E+00	5.677E+00	5.677E+00	5.678E+00
9.000E-01	5.651E+00	4.064E-03	5.655E+00	5.647E+00	5.651E+00	5.650E+00	5.651E+00	5.651E+00
9.100E-01	5.624E+00	4.179E-03	5.628E+00	5.620E+00	5.625E+00	5.624E+00	5.624E+00	5.624E+00
9.200E-01	5.597E+00	4.289E-03	5.602E+00	5.593E+00	5.598E+00	5.597E+00	5.597E+00	5.598E+00
9.300E-01	5.571E+00	4.395E-03	5.575E+00	5.566E+00	5.571E+00	5.570E+00	5.570E+00	5.571E+00
9.400E-01	5.544E+00	4.497E-03	5.548E+00	5.539E+00	5.544E+00	5.543E+00	5.543E+00	5.544E+00
9.500E-01	5.516E+00	4.594E-03	5.521E+00	5.512E+00	5.517E+00	5.516E+00	5.516E+00	5.517E+00
9.600E-01	5.489E+00	4.686E-03	5.494E+00	5.485E+00	5.490E+00	5.489E+00	5.489E+00	5.489E+00
9.700E-01	5.462E+00	4.773E-03	5.467E+00	5.457E+00	5.462E+00	5.462E+00	5.462E+00	5.462E+00
9.800E-01	5.435E+00	4.856E-03	5.439E+00	5.430E+00	5.435E+00	5.434E+00	5.434E+00	5.435E+00
9.900E-01	5.407E+00	4.935E-03	5.412E+00	5.402E+00	5.407E+00	5.407E+00	5.407E+00	5.407E+00
1.000E+00	5.379E+00	5.009E-03	5.384E+00	5.374E+00	5.380E+00	5.379E+00	5.379E+00	5.380E+00
1.010E+00	5.352E+00	5.078E-03	5.357E+00	5.347E+00	5.352E+00	5.352E+00	5.352E+00	5.352E+00
1.020E+00	5.324E+00	5.143E-03	5.329E+00	5.319E+00	5.324E+00	5.324E+00	5.324E+00	5.324E+00
1.030E+00	5.296E+00	5.203E-03	5.301E+00	5.291E+00	5.297E+00	5.296E+00	5.296E+00	5.296E+00
1.040E+00	5.268E+00	5.259E-03	5.274E+00	5.263E+00	5.269E+00	5.268E+00	5.268E+00	5.269E+00
1.050E+00	5.240E+00	5.310E-03	5.246E+00	5.235E+00	5.241E+00	5.240E+00	5.240E+00	5.241E+00
1.060E+00	5.212E+00	5.357E-03	5.218E+00	5.207E+00	5.213E+00	5.212E+00	5.212E+00	5.213E+00
1.070E+00	5.184E+00	5.399E-03	5.190E+00	5.179E+00	5.185E+00	5.184E+00	5.184E+00	5.185E+00
1.080E+00	5.156E+00	5.438E-03	5.162E+00	5.151E+00	5.156E+00	5.156E+00	5.156E+00	5.156E+00
1.090E+00	5.128E+00	5.471E-03	5.133E+00	5.123E+00	5.128E+00	5.128E+00	5.128E+00	5.128E+00
1.100E+00	5.100E+00	5.501E-03	5.105E+00	5.094E+00	5.100E+00	5.099E+00	5.099E+00	5.100E+00
1.110E+00	5.071E+00	5.526E-03	5.077E+00	5.066E+00	5.072E+00	5.071E+00	5.071E+00	5.072E+00
1.120E+00	5.043E+00	5.547E-03	5.049E+00	5.037E+00	5.043E+00	5.043E+00	5.043E+00	5.043E+00
1.130E+00	5.015E+00	5.564E-03	5.020E+00	5.009E+00	5.015E+00	5.014E+00	5.014E+00	5.015E+00
1.140E+00	4.986E+00	5.577E-03	4.992E+00	4.981E+00	4.986E+00	4.986E+00	4.986E+00	4.986E+00
1.150E+00	4.958E+00	5.585E-03	4.963E+00	4.952E+00	4.958E+00	4.957E+00	4.957E+00	4.958E+00
1.160E+00	4.929E+00	5.590E-03	4.935E+00	4.923E+00	4.929E+00	4.929E+00	4.929E+00	4.929E+00
1.170E+00	4.900E+00	5.590E-03	4.906E+00	4.895E+00	4.901E+00	4.900E+00	4.900E+00	4.901E+00
1.180E+00	4.872E+00	5.587E-03	4.877E+00	4.866E+00	4.872E+00	4.872E+00	4.872E+00	4.872E+00
1.190E+00	4.843E+00	5.580E-03	4.849E+00	4.838E+00	4.843E+00	4.843E+00	4.843E+00	4.843E+00
1.200E+00	4.814E+00	5.568E-03	4.820E+00	4.809E+00	4.815E+00	4.814E+00	4.814E+00	4.815E+00
1.210E+00	4.786E+00	5.553E-03	4.791E+00	4.780E+00	4.786E+00	4.786E+00	4.786E+00	4.786E+00
1.220E+00	4.757E+00	5.534E-03	4.763E+00	4.752E+00	4.757E+00	4.757E+00	4.757E+00	4.757E+00
1.230E+00	4.728E+00	5.511E-03	4.734E+00	4.723E+00	4.728E+00	4.728E+00	4.728E+00	4.728E+00
1.240E+00	4.700E+00	5.485E-03	4.705E+00	4.694E+00	4.700E+00	4.699E+00	4.699E+00	4.700E+00
1.250E+00	4.671E+00	5.455E-03	4.676E+00	4.665E+00	4.671E+00	4.671E+00	4.671E+00	4.671E+00
1.260E+00	4.642E+00	5.421E-03	4.647E+00	4.637E+00	4.642E+00	4.642E+00	4.642E+00	4.642E+00
1.270E+00	4.613E+00	5.384E-03	4.619E+00	4.608E+00	4.613E+00	4.613E+00	4.613E+00	4.613E+00
1.280E+00	4.584E+00	5.343E-03	4.590E+00	4.579E+00	4.584E+00	4.584E+00	4.584E+00	4.585E+00
1.290E+00	4.556E+00	5.299E-03	4.561E+00	4.550E+00	4.556E+00	4.555E+00	4.555E+00	4.556E+00
1.300E+00	4.527E+00	5.251E-03	4.532E+00	4.522E+00	4.527E+00	4.527E+00	4.527E+00	4.527E+00
1.310E+00	4.498E+00	5.201E-03	4.503E+00	4.493E+00	4.498E+00	4.498E+00	4.498E+00	4.498E+00
1.320E+00	4.469E+00	5.146E-03	4.474E+00	4.464E+00	4.469E+00	4.469E+00	4.469E+00	4.469E+00
1.330E+00	4.440E+00	5.089E-03	4.445E+00	4.435E+00	4.440E+00	4.440E+00	4.440E+00	4.441E+00
1.340E+00	4.412E+00	5.028E-03	4.417E+00	4.407E+00	4.412E+00	4.412E+00	4.411E+00	4.412E+00
1.350E+00	4.383E+00	4.965E-03	4.388E+00	4.378E+00	4.383E+00	4.383E+00	4.383E+00	4.383E+00
1.360E+00	4.354E+00	4.898E-03	4.359E+00	4.349E+00	4.354E+00	4.354E+00	4.354E+00	4.354E+00
1.370E+00	4.325E+00	4.828E-03	4.330E+00	4.321E+00	4.325E+00	4.325E+00	4.325E+00	4.325E+00
1.380E+00	4.297E+00	4.755E-03	4.301E+00	4.292E+00	4.296E+00	4.297E+00	4.296E+00	4.297E+00
1.390E+00	4.268E+00	4.680E-03	4.273E+00	4.263E+00	4.268E+00	4.268E+00	4.268E+00	4.268E+00
1.400E+00	4.239E+00	4.601E-03	4.244E+00	4.235E+00	4.239E+00	4.239E+00	4.239E+00	4.239E+00
1.410E+00	4.210E+00	4.520E-03	4.215E+00	4.206E+00	4.210E+00	4.211E+00	4.210E+00	4.211E+00
1.420E+00	4.182E+00	4.436E-03	4.186E+00	4.178E+00	4.182E+00	4.182E+00	4.182E+00	4.182E+00
1.430E+00	4.153E+00	4.350E-03	4.158E+00	4.149E+00	4.153E+00	4.153E+00	4.153E+00	4.153E+00
1.440E+00	4.125E+00	4.260E-03	4.129E+00	4.121E+00	4.125E+00	4.125E+00	4.124E+00	4.125E+00
1.450E+00	4.096E+00	4.169E-03	4.100E+00	4.092E+00	4.096E+00	4.096E+00	4.096E+00	4.096E+00
1.460E+00	4.068E+00	4.075E-03	4.072E+00	4.064E+00	4.068E+00	4.068E+00	4.067E+00	4.068E+00
1.470E+00	4.039E+00	3.978E-03	4.043E+00	4.035E+00	4.039E+00	4.039E+00	4.039E+00	4.039E+00
1.480E+00	4.011E+00	3.879E-03	4.015E+00	4.007E+00	4.011E+00	4.011E+00	4.011E+00	4.011E+00
1.490E+00	3.982E+00	3.778E-03	3.986E+00	3.979E+00	3.982E+00	3.983E+00	3.982E+00	3.983E+00
1.500E+00	3.954E+00	3.675E-03	3.958E+00	3.951E+00	3.954E+00	3.954E+00	3.954E+00	3.954E+00
1.510E+00	3.926E+00	3.569E-03	3.930E+00	3.922E+00	3.926E+00	3.926E+00	3.926E+00	3.926E+00
1.520E+00	3.898E+00	3.461E-03	3.901E+00	3.894E+00	3.897E+00	3.898E+00	3.897E+00	3.898E+00
1.530E+00	3.869E+00	3.352E-03	3.873E+00	3.866E+00	3.869E+00	3.870E+00	3.869E+00	3.870E+00
1.540E+00	3.841E+00	3.240E-03	3.845E+00	3.838E+00	3.841E+00	3.841E+00	3.841E+00	3.842E+00
1.550E+00	3.813E+00	3.127E-03	3.816E+00	3.810E+00	3.813E+00	3.813E+00	3.813E+00	3.813E+00
1.560E+00	3.785E+00	3.011E-03	3.788E+00	3.782E+00	3.785E+00	3.785E+00	3.785E+00	3.785E+00
1.570E+00	3.757E+00	2.894E-03	3.760E+00	3.755E+00	3.757E+00	3.757E+00	3.757E+00	3.758E+00
1.580E+00	3.729E+00	2.776E-03	3.732E+00	3.727E+00	3.729E+00	3.730E+00	3.729E+00	3.730E+00
1.590E+00	3.702E+00	2.655E-03	3.704E+00	3.699E+00	3.701E+00	3.702E+00	3.701E+00	3.702E+00
1.600E+00	3.674E+00	2.534E-03	3.676E+00	3.671E+00	3.674E+00	3.674E+00	3.674E+00	3.674E+00
1.610E+00	3.646E+00	2.410E-03	3.649E+00	3.644E+00	3.646E+00	3.646E+00	3.646E+00	3.646E+00
1.620E+00	3.619E+00	2.286E-03	3.621E+00	3.616E+00	3.618E+00	3.619E+00	3.618E+00	3.619E+00
1.630E+00	3.591E+00	2.160E-03	3.593E+00	3.589E+00	3.591E+00	3.591E+00	3.591E+00	3.591E+00
1.640E+00	3.564E+00	2.033E-03	3.566E+00	3.562E+00	3.563E+00	3.564E+00	3.563E+00	3.564E+00
1.650E+00	3.536E+00	1.905E-03	3.538E+00	3.534E+00	3.536E+00	3.536E+00	3.536E+00	3.536E+00
1.660E+00	3.509E+00	1.776E-03	3.511E+00	3.507E+00	3.509E+00	3.509E+00	3.509E+00	3.509E+00
1.670E+00	3.482E+00	1.647E-03	3.483E+00	3.480E+00	3.481E+00	3.482E+00	3.481E+00	3.482E+00
1.680E+00	3.454E+00	1.517E-03	3.456E+00	3.453E+00	3.454E+00	3.455E+00	3.454E+00	3.455E+00
1.690E+00	3.427E+00	1.386E-03	3.429E+00	3.426E+00	3.427E+00	3.428E+00	3.427E+00	3.428E+00
1.700E+00	3.400E+00	1.256E-03	3.402E+00	3.399E+00	3.400E+00	3.401E+00	3.400E+00	3.401E+00
1.710E+00	3.373E+00	1.127E-03	3.375E+00	3.372E+00	3.373E+00	3.374E+00	3.373E+00	3.374E+00
1.720E+00	3.347E+00	9.986E-04	3.348E+00	3.346E+00	3.346E+00	3.347E+00	3.346E+00	3.347E+00
1.730E+00	3.320E+00	8.730E-04	3.321E+00	3.319E+00	3.319E+00	3.320E+00	3.320E+00	3.320E+00
1.740E+00	3.293E+00	7.517E-04	3.294E+00	3.293E+00	3.293E+00	3.293E+00	3.293E+00	3.293E+00
1.750E+00	3.267E+00	6.377E-04	3.267E+00	3.266E+00	3.266E+00	3.267E+00	3.266E+00	3.267E+00
1.760E+00	3.240E+00	5.364E-04	3.241E+00	3.240E+00	3.240E+00	3.240E+00	3.240E+00	3.240E+00
1.770E+00	3.214E+00	4.572E-04	3.214E+00	3.214E+00	3.213E+00	3.214E+00	3.213E+00	3.214E+00
1.780E+00	3.187E+00	4.137E-04	3.188E+00	3.187E+00	3.187E+00	3.188E+00	3.187E+00	3.188E+00
1.790E+00	3.161E+00	4.179E-04	3.161E+00	3.161E+00	3.161E+00	3.161E+00	3.161E+00	3.161E+00
1.800E+00	3.135E+00	4.689E-04	3.135E+00	3.135E+00	3.135E+00	3.135E+00	3.135E+00	3.135E+00
1.810E+00	3.109E+00	5.545E-04	3.109E+00	3.110E+00	3.109E+00	3.109E+00	3.109E+00	3.109E+00
1.820E+00	3.083E+00	6.616E-04	3.083E+00	3.084E+00	3.083E+00	3.083E+00	3.083E+00	3.083E+00
1.830E+00	3.057E+00	7.816E-04	3.057E+00	3.058E+00	3.057E+00	3.058E+00	3.057E+00	3.058E+00
1.840E+00	3.032E+00	9.095E-04	3.031E+00	3.033E+00	3.031E+00	3.032E+00	3.031E+00	3.032E+00
1.850E+00	3.006E+00	1.043E-03	3.005E+00	3.007E+00	3.006E+00	3.006E+00	3.006E+00	3.006E+00
1.860E+00	2.981E+00	1.179E-03	2.980E+00	2.982E+00	2.980E+00	2.981E+00	2.980E+00	2.981E+00
1.870E+00	2.955E+00	1.318E-03	2.954E+00	2.957E+00	2.955E+00	2.956E+00	2.955E+00	2.955E+00
1.880E+00	2.930E+00	1.459E-03	2.929E+00	2.931E+00	2.929E+00	2.930E+00	2.930E+00	2.930E+00
1.890E+00	2.905E+00	1.601E-03	2.903E+00	2.906E+00	2.904E+00	2.905E+00	2.904E+00	2.905E+00
1.900E+00	2.880E+00	1.744E-03	2.878E+00	2.881E+00	2.879E+00	2.880E+00	2.879E+00	2.880E+00
1.910E+00	2.855E+00	1.887E-03	2.853E+00	2.857E+00	2.854E+00	2.855E+00	2.854E+00	2.855E+00
1.920E+00	2.830E+00	2.032E-03	2.828E+00	2.832E+00	2.829E+00	2.830E+00	2.830E+00	2.830E+00
1.930E+00	2.805E+00	2.176E-03	2.803E+00	2.807E+00	2.805E+00	2.805E+00	2.805E+00	2.805E+00
1.940E+00	2.780E+00	2.321E-03	2.778E+00	2.783E+00	2.780E+00	2.781E+00	2.780E+00	2.781E+00
1.950E+00	2.756E+00	2.466E-03	2.754E+00	2.759E+00	2.755E+00	2.756E+00	2.756E+00	2.756E+00
1.960E+00	2.732E+00	2.610E-03	2.729E+00	2.734E+00	2.731E+00	2.732E+00	2.731E+00	2.732E+00
1.970E+00	2.707E+00	2.755E-03	2.705E+00	2.710E+00	2.707E+00	2.708E+00	2.707E+00	2.707E+00
1.980E+00	2.683E+00	2.900E-03	2.680E+00	2.686E+00	2.683E+00	2.683E+00	2.683E+00	2.683E+00
1.990E+00	2.659E+00	3.044E-03	2.656E+00	2.662E+00	2.659E+00	2.659E+00	2.659E+00	2.659E+00
2.000E+00	2.635E+00	3.189E-03	2.632E+00	2.638E+00	2.635E+00	2.635E+00	2.635E+00	2.635E+00
2.010E+00	2.611E+00	3.332E-03	2.608E+00	2.615E+00	2.611E+00	2.612E+00	2.611E+00	2.611E+00
2.020E+00	2.588E+00	3.476E-03	2.584E+00	2.591E+00	2.587E+00	2.588E+00	2.587E+00	2.588E+00
2.030E+00	2.564E+00	3.619E-03	2.561E+00	2.568E+00	2.564E+00	2.564E+00	2.564E+00	2.564E+00
2.040E+00	2.541E+00	3.762E-03	2.537E+00	2.544E+00	2.540E+00	2.541E+00	2.540E+00	2.541E+00
2.050E+00	2.517E+00	3.904E-03	2.513E+00	2.521E+00	2.517E+00	2.518E+00	2.517E+00	2.517E+00
2.060E+00	2.494E+00	4.045E-03	2.490E+00	2.498E+00	2.494E+00	2.494E+00	2.494E+00	2.494E+00
2.070E+00	2.471E+00	4.186E-03	2.467E+00	2.475E+00	2.470E+00	2.471E+00	2.471E+00	2.471E+00
2.080E+00	2.448E+00	4.326E-03	2.444E+00	2.452E+00	2.447E+00	2.448E+00	2.448E+00	2.448E+00
2.090E+00	2.425E+00	4.466E-03	2.421E+00	2.430E+00	2.425E+00	2.426E+00	2.425E+00	2.425E+00
2.100E+00	2.402E+00	4.605E-03	2.398E+00	2.407E+00	2.402E+00	2.403E+00	2.402E+00	2.403E+00
2.110E+00	2.380E+00	4.743E-03	2.375E+00	2.385E+00	2.379E+00	2.380E+00	2.380E+00	2.380E+00
2.120E+00	2.357E+00	4.880E-03	2.353E+00	2.362E+00	2.357E+00	2.358E+00	2.357E+00	2.358E+00
2.130E+00	2.335E+00	5.017E-03	2.330E+00	2.340E+00	2.334E+00	2.335E+00	2.335E+00	2.335E+00
2.140E+00	2.313E+00	5.152E-03	2.308E+00	2.318E+00	2.312E+00	2.313E+00	2.312E+00	2.313E+00
2.150E+00	2.291E+00	5.287E-03	2.286E+00	2.296E+00	2.290E+00	2.291E+00	2.290E+00	2.291E+00
2.160E+00	2.269E+00	5.421E-03	2.263E+00	2.274E+00	2.268E+00	2.269E+00	2.268E+00	2.269E+00
2.170E+00	2.247E+00	5.553E-03	2.242E+00	2.253E+00	2.246E+00	2.247E+00	2.247E+00	2.247E+00
2.180E+00	2.225E+00	5.685E-03	2.220E+00	2.231E+00	2.225E+00	2.226E+00	2.225E+00	2.225E+00
2.190E+00	2.204E+00	5.816E-03	2.198E+00	2.210E+00	2.203E+00	2.204E+00	2.203E+00	2.204E+00
2.200E+00	2.182E+00	5.945E-03	2.176E+00	2.188E+00	2.182E+00	2.183E+00	2.182E+00	2.182E+00
2.210E+00	2.161E+00	6.074E-03	2.155E+00	2.167E+00	2.160E+00	2.161E+00	2.161E+00	2.161E+00
2.220E+00	2.140E+00	6.201E-03	2.134E+00	2.146E+00	2.139E+00	2.140E+00	2.139E+00	2.140E+00
2.230E+00	2.119E+00	6.328E-03	2.112E+00	2.125E+00	2.118E+00	2.119E+00	2.118E+00	2.119E+00
2.240E+00	2.098E+00	6.453E-03	2.091E+00	2.104E+00	2.097E+00	2.098E+00	2.097E+00	2.098E+00
2.250E+00	2.077E+00	6.577E-03	2.071E+00	2.084E+00	2.076E+00	2.077E+00	2.077E+00	2.077E+00
2.260E+00	2.056E+00	6.700E-03	2.050E+00	2.063E+00	2.056E+00	2.057E+00	2.056E+00	2.056E+00
2.270E+00	2.036E+00	6.821E-03	2.029E+00	2.043E+00	2.035E+00	2.036E+00	2.035E+00	2.036E+00
2.280E+00	2.015E+00	6.941E-03	2.009E+00	2.022E+00	2.015E+00	2.016E+00	2.015E+00	2.016E+00
2.290E+00	1.995E+00	7.060E-03	1.988E+00	2.002E+00	1.995E+00	1.996E+00	1.995E+00	1.995E+00
2.300E+00	1.975E+00	7.178E-03	1.968E+00	1.982E+00	1.974E+00	1.975E+00	1.975E+00	1.975E+00
2.310E+00	1.955E+00	7.294E-03	1.948E+00	1.962E+00	1.954E+00	1.955E+00	1.955E+00	1.955E+00
2.320E+00	1.935E+00	7.409E-03	1.928E+00	1.943E+00	1.935E+00	1.936E+00	1.935E+00	1.935E+00
2.330E+00	1.915E+00	7.522E-03	1.908E+00	1.923E+00	1.915E+00	1.916E+00	1.915E+00	1.916E+00
2.340E+00	1.896E+00	7.635E-03	1.888E+00	1.903E+00	1.895E+00	1.896E+00	1.895E+00	1.896E+00
2.350E+00	1.876E+00	7.745E-03	1.869E+00	1.884E+00	1.876E+00	1.877E+00	1.876E+00	1.876E+00
2.360E+00	1.857E+00	7.855E-03	1.849E+00	1.865E+00	1.856E+00	1.857E+00	1.857E+00	1.857E+00
2.370E+00	1.838E+00	7.963E-03	1.830E+00	1.846E+00	1.837E+00	1.838E+00	1.837E+00	1.838E+00
2.380E+00	1.819E+00	8.069E-03	1.811E+00	1.827E+00	1.818E+00	1.819E+00	1.818E+00	1.819E+00
2.390E+00	1.800E+00	8.174E-03	1.792E+00	1.808E+00	1.799E+00	1.800E+00	1.799E+00	1.800E+00
2.400E+00	1.781E+00	8.277E-03	1.773E+00	1.789E+00	1.780E+00	1.781E+00	1.781E+00	1.781E+00
2.410E+00	1.762E+00	8.379E-03	1.754E+00	1.771E+00	1.762E+00	1.763E+00	1.762E+00	1.762E+00
2.420E+00	1.744E+00	8.480E-03	1.735E+00	1.752E+00	1.743E+00	1.744E+00	1.743E+00	1.744E+00
2.430E+00	1.725E+00	8.579E-03	1.717E+00	1.734E+00	1.725E+00	1.726E+00	1.725E+00	1.725E+00
2.440E+00	1.707E+00	8.676E-03	1.699E+00	1.716E+00	1.706E+00	1.707E+00	1.707E+00	1.707E+00
2.450E+00	1.689E+00	8.772E-03	1.680E+00	1.698E+00	1.688E+00	1.689E+00	1.689E+00	1.689E+00
2.460E+00	1.671E+00	8.866E-03	1.662E+00	1.680E+00	1.670E+00	1.671E+00	1.671E+00	1.671E+00
2.470E+00	1.653E+00	8.959E-03	1.644E+00	1.662E+00	1.652E+00	1.653E+00	1.653E+00	1.653E+00
2.480E+00	1.635E+00	9.050E-03	1.626E+00	1.644E+00	1.635E+00	1.636E+00	1.635E+00	1.635E+00
2.490E+00	1.618E+00	9.139E-03	1.609E+00	1.627E+00	1.617E+00	1.618E+00	1.617E+00	1.618E+00
2.500E+00	1.600E+00	9.227E-03	1.591E+00	1.610E+00	1.600E+00	1.601E+00	1.600E+00	1.600E+00
2.510E+00	1.583E+00	9.314E-03	1.574E+00	1.592E+00	1.582E+00	1.583E+00	1.583E+00	1.583E+00
2.520E+00	1.566E+00	9.398E-03	1.556E+00	1.575E+00	1.565E+00	1.566E+00	1.565E+00	1.566E+00
2.530E+00	1.548E+00	9.481E-03	1.539E+00	1.558E+00	1.548E+00	1.549E+00	1.548E+00	1.549E+00
2.540E+00	1.532E+00	9.563E-03	1.522E+00	1.541E+00	1.531E+00	1.532E+00	1.531E+00	1.532E+00
2.550E+00	1.515E+00	9.642E-03	1.505E+00	1.525E+00	1.514E+00	1.515E+00	1.515E+00	1.515E+00
2.560E+00	1.498E+00	9.720E-03	1.489E+00	1.508E+00	1.498E+00	1.499E+00	1.498E+00	1.498E+00
2.570E+00	1.481E+00	9.797E-03	1.472E+00	1.491E+00	1.481E+00	1.482E+00	1.481E+00	1.482E+00
2.580E+00	1.465E+00	9.872E-03	1.455E+00	1.475E+00	1.465E+00	1.466E+00	1.465E+00	1.465E+00
2.590E+00	1.449E+00	9.945E-03	1.439E+00	1.459E+00	1.448E+00	1.449E+00	1.449E+00	1.449E+00
2.600E+00	1.433E+00	1.002E-02	1.423E+00	1.443E+00	1.432E+00	1.433E+00	1.432E+00	1.433E+00
2.610E+00	1.417E+00	1.009E-02	1.407E+00	1.427E+00	1.416E+00	1.417E+00	1.416E+00	1.417E+00
2.620E+00	1.401E+00	1.015E-02	1.391E+00	1.411E+00	1.400E+00	1.401E+00	1.400E+00	1.401E+00
2.630E+00	1.385E+00	1.022E-02	1.375E+00	1.395E+00	1.384E+00	1.385E+00	1.385E+00	1.385E+00
2.640E+00	1.369E+00	1.029E-02	1.359E+00	1.380E+00	1.369E+00	1.370E+00	1.369E+00	1.369E+00
2.650E+00	1.354E+00	1.035E-02	1.344E+00	1.364E+00	1.353E+00	1.354E+00	1.354E+00	1.354E+00
2.660E+00	1.338E+00	1.041E-02	1.328E+00	1.349E+00	1.338E+00	1.339E+00	1.338E+00	1.339E+00
2.670E+00	1.323E+00	1.047E-02	1.313E+00	1.334E+00	1.323E+00	1.324E+00	1.323E+00	1.323E+00
2.680E+00	1.308E+00	1.053E-02	1.298E+00	1.319E+00	1.307E+00	1.308E+00	1.308E+00	1.308E+00
2.690E+00	1.293E+00	1.059E-02	1.283E+00	1.304E+00	1.292E+00	1.293E+00	1.293E+00	1.293E+00
2.700E+00	1.278E+00	1.064E-02	1.268E+00	1.289E+00	1.278E+00	1.279E+00	1.278E+00	1.278E+00
2.710E+00	1.263E+00	1.069E-02	1.253E+00	1.274E+00	1.263E+00	1.264E+00	1.263E+00	1.264E+00
2.720E+00	1.249E+00	1.074E-02	1.238E+00	1.260E+00	1.248E+00	1.249E+00	1.249E+00	1.249E+00
2.730E+00	1.234E+00	1.079E-02	1.224E+00	1.245E+00	1.234E+00	1.235E+00	1.234E+00	1.234E+00
2.740E+00	1.220E+00	1.084E-02	1.209E+00	1.231E+00	1.219E+00	1.220E+00	1.220E+00	1.220E+00
2.750E+00	1.206E+00	1.089E-02	1.195E+00	1.217E+00	1.205E+00	1.206E+00	1.205E+00	1.206E+00
2.760E+00	1.191E+00	1.093E-02	1.181E+00	1.203E+00	1.191E+00	1.192E+00	1.191E+00	1.192E+00
2.770E+00	1.178E+00	1.098E-02	1.167E+00	1.189E+00	1.177E+00	1.178E+00	1.177E+00	1.178E+00
2.780E+00	1.164E+00	1.102E-02	1.153E+00	1.175E+00	1.163E+00	1.164E+00	1.163E+00	1.164E+00
2.790E+00	1.150E+00	1.106E-02	1.139E+00	1.161E+00	1.149E+00	1.150E+00	1.150E+00	1.150E+00
2.800E+00	1.136E+00	1.110E-02	1.125E+00	1.148E+00	1.136E+00	1.137E+00	1.136E+00	1.136E+00
2.810E+00	1.123E+00	1.113E-02	1.112E+00	1.134E+00	1.122E+00	1.123E+00	1.123E+00	1.123E+00
2.820E+00	1.109E+00	1.117E-02	1.098E+00	1.121E+00	1.109E+00	1.110E+00	1.109E+00	1.110E+00
2.830E+00	1.096E+00	1.120E-02	1.085E+00	1.107E+00	1.096E+00	1.097E+00	1.096E+00	1.096E+00
2.840E+00	1.083E+00	1.124E-02	1.072E+00	1.094E+00	1.082E+00	1.083E+00	1.083E+00	1.083E+00
2.850E+00	1.070E+00	1.127E-02	1.059E+00	1.081E+00	1.069E+00	1.070E+00	1.070E+00	1.070E+00
2.860E+00	1.057E+00	1.129E-02	1.046E+00	1.069E+00	1.057E+00	1.058E+00	1.057E+00	1.057E+00
2.870E+00	1.044E+00	1.132E-02	1.033E+00	1.056E+00	1.044E+00	1.045E+00	1.044E+00	1.044E+00
2.880E+00	1.032E+00	1.135E-02	1.020E+00	1.043E+00	1.031E+00	1.032E+00	1.031E+00	1.032E+00
2.890E+00	1.019E+00	1.137E-02	1.008E+00	1.031E+00	1.019E+00	1.020E+00	1.019E+00	1.019E+00
2.900E+00	1.007E+00	1.139E-02	9.954E-01	1.018E+00	1.006E+00	1.007E+00	1.006E+00	1.007E+00
2.910E+00	9.943E-01	1.142E-02	9.831E-01	1.006E+00	9.938E-01	9.948E-01	9.941E-01	9.945E-01
2.920E+00	9.821E-01	1.144E-02	9.709E-01	9.937E-01	9.816E-01	9.826E-01	9.819E-01	9.823E-01
2.930E+00	9.700E-01	1.145E-02	9.588E-01	9.817E-01	9.696E-01	9.705E-01	9.699E-01	9.702E-01
2.940E+00	9.581E-01	1.147E-02	9.468E-01	9.697E-01	9.576E-01	9.585E-01	9.579E-01	9.582E-01
2.950E+00	9.462E-01	1.149E-02	9.349E-01	9.579E-01	9.457E-01	9.467E-01	9.460E-01	9.464E-01
2.960E+00	9.345E-01	1.150E-02	9.232E-01	9.462E-01	9.340E-01	9.350E-01	9.343E-01	9.347E-01
2.970E+00	9.229E-01	1.151E-02	9.115E-01	9.345E-01	9.224E-01	9.233E-01	9.227E-01	9.230E-01
2.980E+00	9.114E-01	1.152E-02	9.000E-01	9.231E-01	9.109E-01	9.118E-01	9.112E-01	9.115E-01
2.990E+00	9.000E-01	1.153E-02	8.886E-01	9.117E-01	8.995E-01	9.004E-01	8.998E-01	9.001E-01
3.000E+00	8.887E-01	1.154E-02	8.773E-01	9.004E-01	8.882E-01	8.891E-01	8.885E-01	8.888E-01
