1.000E-02	6.764E+00	8.405E-03	6.755E+00	6.772E+00	6.765E+00	6.763E+00	6.764E+00	6.764E+00
2.000E-02	6.762E+00	8.326E-03	6.753E+00	6.770E+00	6.762E+00	6.761E+00	6.761E+00	6.762E+00
3.000E-02	6.758E+00	8.229E-03	6.750E+00	6.767E+00	6.759E+00	6.758E+00	6.758E+00	6.758E+00
4.000E-02	6.754E+00	8.119E-03	6.746E+00	6.762E+00	6.755E+00	6.754E+00	6.754E+00	6.754E+00
5.000E-02	6.750E+00	7.999E-03	6.742E+00	6.758E+00	6.751E+00	6.749E+00	6.750E+00	6.750E+00
6.000E-02	6.744E+00	7.871E-03	6.737E+00	6.752E+00	6.745E+00	6.744E+00	6.744E+00	6.745E+00
7.000E-02	6.739E+00	7.736E-03	6.731E+00	6.746E+00	6.739E+00	6.738E+00	6.739E+00	6.739E+00
8.000E-02	6.732E+00	7.595E-03	6.725E+00	6.740E+00	6.733E+00	6.731E+00	6.732E+00	6.732E+00
9.000E-02	6.725E+00	7.450E-03	6.718E+00	6.733E+00	6.726E+00	6.724E+00	6.725E+00	6.725E+00
1.000E-01	6.718E+00	7.300E-03	6.711E+00	6.725E+00	6.719E+00	6.717E+00	6.718E+00	6.718E+00
1.100E-01	6.710E+00	7.148E-03	6.703E+00	6.717E+00	6.711E+00	6.709E+00	6.710E+00	6.710E+00
1.200E-01	6.701E+00	6.992E-03	6.694E+00	6.708E+00	6.702E+00	6.701E+00	6.701E+00	6.702E+00
1.300E-01	6.693E+00	6.834E-03	6.686E+00	6.699E+00	6.693E+00	6.692E+00	6.693E+00	6.693E+00
1.400E-01	6.683E+00	6.674E-03	6.677E+00	6.690E+00	6.684E+00	6.683E+00	6.683E+00	6.683E+00
1.500E-01	6.674E+00	6.512E-03	6.667E+00	6.680E+00	6.674E+00	6.673E+00	6.674E+00	6.674E+00
1.600E-01	6.663E+00	6.349E-03	6.657E+00	6.670E+00	6.664E+00	6.663E+00	6.663E+00	6.664E+00
1.700E-01	6.653E+00	6.185E-03	6.647E+00	6.659E+00	6.654E+00	6.652E+00	6.653E+00	6.653E+00
1.800E-01	6.642E+00	6.021E-03	6.636E+00	6.648E+00	6.643E+00	6.641E+00	6.642E+00	6.642E+00
1.900E-01	6.631E+00	5.855E-03	6.625E+00	6.637E+00	6.632E+00	6.630E+00	6.631E+00	6.631E+00
2.000E-01	6.619E+00	5.689E-03	6.614E+00	6.625E+00	6.620E+00	6.618E+00	6.619E+00	6.619E+00
2.100E-01	6.607E+00	5.523E-03	6.602E+00	6.613E+00	6.608E+00	6.606E+00	6.607E+00	6.607E+00
2.200E-01	6.595E+00	5.358E-03	6.590E+00	6.600E+00	6.596E+00	6.594E+00	6.595E+00	6.595E+00
2.300E-01	6.582E+00	5.192E-03	6.577E+00	6.587E+00	6.583E+00	6.581E+00	6.582E+00	6.582E+00
2.400E-01	6.569E+00	5.027E-03	6.564E+00	6.574E+00	6.570E+00	6.568E+00	6.569E+00	6.569E+00
2.500E-01	6.556E+00	4.862E-03	6.551E+00	6.561E+00	6.557E+00	6.555E+00	6.556E+00	6.556E+00
2.600E-01	6.542E+00	4.698E-03	6.537E+00	6.547E+00	6.543E+00	6.541E+00	6.542E+00	6.542E+00
2.700E-01	6.528E+00	4.535E-03	6.524E+00	6.533E+00	6.529E+00	6.527E+00	6.528E+00	6.528E+00
2.800E-01	6.514E+00	4.373E-03	6.510E+00	6.518E+00	6.515E+00	6.513E+00	6.514E+00	6.514E+00
2.900E-01	6.499E+00	4.211E-03	6.495E+00	6.503E+00	6.500E+00	6.499E+00	6.499E+00	6.499E+00
3.000E-01	6.484E+00	4.051E-03	6.480E+00	6.488E+00	6.485E+00	6.484E+00	6.484E+00	6.485E+00
3.100E-01	6.469E+00	3.893E-03	6.465E+00	6.473E+00	6.470E+00	6.469E+00	6.469E+00	6.469E+00
3.200E-01	6.454E+00	3.735E-03	6.450E+00	6.457E+00	6.455E+00	6.453E+00	6.454E+00	6.454E+00
3.300E-01	6.438E+00	3.580E-03	6.435E+00	6.442E+00	6.439E+00	6.437E+00	6.438E+00	6.438E+00
3.400E-01	6.422E+00	3.425E-03	6.419E+00	6.425E+00	6.423E+00	6.421E+00	6.422E+00	6.422E+00
3.500E-01	6.406E+00	3.273E-03	6.403E+00	6.409E+00	6.407E+00	6.405E+00	6.406E+00	6.406E+00
3.600E-01	6.389E+00	3.122E-03	6.386E+00	6.392E+00	6.390E+00	6.389E+00	6.389E+00	6.390E+00
3.700E-01	6.373E+00	2.973E-03	6.370E+00	6.376E+00	6.373E+00	6.372E+00	6.373E+00	6.373E+00
3.800E-01	6.356E+00	2.826E-03	6.353E+00	6.358E+00	6.356E+00	6.355E+00	6.356E+00	6.356E+00
3.900E-01	6.338E+00	2.682E-03	6.336E+00	6.341E+00	6.339E+00	6.338E+00	6.338E+00	6.339E+00
4.000E-01	6.321E+00	2.539E-03	6.319E+00	6.323E+00	6.322E+00	6.320E+00	6.321E+00	6.321E+00
4.100E-01	6.303E+00	2.399E-03	6.301E+00	6.306E+00	6.304E+00	6.303E+00	6.303E+00	6.303E+00
4.200E-01	6.285E+00	2.261E-03	6.283E+00	6.287E+00	6.286E+00	6.285E+00	6.285E+00	6.286E+00
4.300E-01	6.267E+00	2.126E-03	6.265E+00	6.269E+00	6.268E+00	6.267E+00	6.267E+00	6.267E+00
4.400E-01	6.249E+00	1.993E-03	6.247E+00	6.251E+00	6.249E+00	6.248E+00	6.249E+00	6.249E+00
4.500E-01	6.230E+00	1.863E-03	6.228E+00	6.232E+00	6.231E+00	6.230E+00	6.230E+00	6.230E+00
4.600E-01	6.211E+00	1.737E-03	6.210E+00	6.213E+00	6.212E+00	6.211E+00	6.211E+00	6.212E+00
4.700E-01	6.192E+00	1.613E-03	6.191E+00	6.194E+00	6.193E+00	6.192E+00	6.192E+00	6.193E+00
4.800E-01	6.173E+00	1.493E-03	6.172E+00	6.175E+00	6.174E+00	6.173E+00	6.173E+00	6.173E+00
4.900E-01	6.154E+00	1.377E-03	6.153E+00	6.155E+00	6.154E+00	6.153E+00	6.154E+00	6.154E+00
5.000E-01	6.134E+00	1.266E-03	6.133E+00	6.135E+00	6.135E+00	6.134E+00	6.134E+00	6.134E+00
5.100E-01	6.114E+00	1.159E-03	6.113E+00	6.115E+00	6.115E+00	6.114E+00	6.114E+00	6.115E+00
5.200E-01	6.094E+00	1.058E-03	6.094E+00	6.095E+00	6.095E+00	6.094E+00	6.094E+00	6.095E+00
5.300E-01	6.074E+00	9.639E-04	6.074E+00	6.075E+00	6.075E+00	6.074E+00	6.074E+00	6.075E+00
5.400E-01	6.054E+00	8.774E-04	6.053E+00	6.055E+00	6.055E+00	6.053E+00	6.054E+00	6.054E+00
5.500E-01	6.034E+00	8.001E-04	6.033E+00	6.034E+00	6.034E+00	6.033E+00	6.033E+00	6.034E+00
5.600E-01	6.013E+00	7.340E-04	6.012E+00	6.013E+00	6.013E+00	6.012E+00	6.013E+00	6.013E+00
5.700E-01	5.992E+00	6.812E-04	5.992E+00	5.992E+00	5.993E+00	5.991E+00	5.992E+00	5.992E+00
5.800E-01	5.971E+00	6.437E-04	5.971E+00	5.971E+00	5.972E+00	5.970E+00	5.971E+00	5.971E+00
5.900E-01	5.950E+00	6.231E-04	5.950E+00	5.950E+00	5.950E+00	5.949E+00	5.950E+00	5.950E+00
6.000E-01	5.929E+00	6.199E-04	5.929E+00	5.928E+00	5.929E+00	5.928E+00	5.928E+00	5.929E+00
6.100E-01	5.907E+00	6.331E-04	5.907E+00	5.907E+00	5.908E+00	5.907E+00	5.907E+00	5.907E+00
6.200E-01	5.885E+00	6.607E-04	5.886E+00	5.885E+00	5.886E+00	5.885E+00	5.885E+00	5.886E+00
6.300E-01	5.864E+00	7.000E-04	5.864E+00	5.863E+00	5.864E+00	5.863E+00	5.864E+00	5.864E+00
6.400E-01	5.842E+00	7.481E-04	5.842E+00	5.841E+00	5.842E+00	5.841E+00	5.842E+00	5.842E+00
6.500E-01	5.820E+00	8.027E-04	5.820E+00	5.819E+00	5.820E+00	5.819E+00	5.820E+00	5.820E+00
6.600E-01	5.798E+00	8.617E-04	5.798E+00	5.797E+00	5.798E+00	5.797E+00	5.797E+00	5.798E+00
6.700E-01	5.775E+00	9.236E-04	5.776E+00	5.775E+00	5.776E+00	5.775E+00	5.775E+00	5.776E+00
6.800E-01	5.753E+00	9.872E-04	5.754E+00	5.752E+00	5.753E+00	5.752E+00	5.753E+00	5.753E+00
6.900E-01	5.730E+00	1.052E-03	5.731E+00	5.729E+00	5.731E+00	5.730E+00	5.730E+00	5.731E+00
7.000E-01	5.708E+00	1.116E-03	5.709E+00	5.707E+00	5.708E+00	5.707E+00	5.708E+00	5.708E+00
7.100E-01	5.685E+00	1.180E-03	5.686E+00	5.684E+00	5.685E+00	5.684E+00	5.685E+00	5.685E+00
7.200E-01	5.662E+00	1.244E-03	5.663E+00	5.661E+00	5.663E+00	5.662E+00	5.662E+00	5.662E+00
7.300E-01	5.639E+00	1.306E-03	5.640E+00	5.638E+00	5.640E+00	5.639E+00	5.639E+00	5.639E+00
7.400E-01	5.616E+00	1.367E-03	5.617E+00	5.615E+00	5.616E+00	5.615E+00	5.616E+00	5.616E+00
7.500E-01	5.593E+00	1.427E-03	5.594E+00	5.591E+00	5.593E+00	5.592E+00	5.592E+00	5.593E+00
7.600E-01	5.569E+00	1.485E-03	5.571E+00	5.568E+00	5.570E+00	5.569E+00	5.569E+00	5.570E+00
7.700E-01	5.546E+00	1.541E-03	5.547E+00	5.545E+00	5.546E+00	5.545E+00	5.546E+00	5.546E+00
7.800E-01	5.522E+00	1.596E-03	5.524E+00	5.521E+00	5.523E+00	5.522E+00	5.522E+00	5.523E+00
7.900E-01	5.499E+00	1.649E-03	5.500E+00	5.497E+00	5.499E+00	5.498E+00	5.499E+00	5.499E+00
8.000E-01	5.475E+00	1.699E-03	5.477E+00	5.474E+00	5.476E+00	5.475E+00	5.475E+00	5.475E+00
8.100E-01	5.451E+00	1.748E-03	5.453E+00	5.450E+00	5.452E+00	5.451E+00	5.451E+00	5.452E+00
8.200E-01	5.427E+00	1.795E-03	5.429E+00	5.426E+00	5.428E+00	5.427E+00	5.427E+00	5.428E+00
8.300E-01	5.404E+00	1.839E-03	5.405E+00	5.402E+00	5.404E+00	5.403E+00	5.403E+00	5.404E+00
8.400E-01	5.380E+00	1.882E-03	5.381E+00	5.378E+00	5.380E+00	5.379E+00	5.379E+00	5.380E+00
8.500E-01	5.355E+00	1.923E-03	5.357E+00	5.354E+00	5.356E+00	5.355E+00	5.355E+00	5.356E+00
8.600E-01	5.331E+00	1.961E-03	5.333E+00	5.329E+00	5.332E+00	5.331E+00	5.331E+00	5.331E+00
8.700E-01	5.307E+00	1.997E-03	5.309E+00	5.305E+00	5.307E+00	5.307E+00	5.307E+00	5.307E+00
8.800E-01	5.283E+00	2.032E-03	5.285E+00	5.281E+00	5.283E+00	5.282E+00	5.282E+00	5.283E+00
8.900E-01	5.258E+00	2.064E-03	5.260E+00	5.256E+00	5.259E+00	5.258E+00	5.258E+00	5.259E+00
9.000E-01	5.234E+00	2.094E-03	5.236E+00	5.232E+00	5.234E+00	5.233E+00	5.234E+00	5.234E+00
9.100E-01	5.209E+00	2.122E-03	5.211E+00	5.207E+00	5.210E+00	5.209E+00	5.209E+00	5.210E+00
9.200E-01	5.185E+00	2.148E-03	5.187E+00	5.183E+00	5.185E+00	5.184E+00	5.185E+00	5.185E+00
9.300E-01	5.160E+00	2.172E-03	5.162E+00	5.158E+00	5.161E+00	5.160E+00	5.160E+00	5.160E+00
9.400E-01	5.136E+00	2.193E-03	5.138E+00	5.133E+00	5.136E+00	5.135E+00	5.135E+00	5.136E+00
9.500E-01	5.111E+00	2.213E-03	5.113E+00	5.109E+00	5.111E+00	5.110E+00	5.111E+00	5.111E+00
9.600E-01	5.086E+00	2.231E-03	5.088E+00	5.084E+00	5.086E+00	5.086E+00	5.086E+00	5.086E+00
9.700E-01	5.061E+00	2.246E-03	5.063E+00	5.059E+00	5.062E+00	5.061E+00	5.061E+00	5.062E+00
9.800E-01	5.036E+00	2.260E-03	5.039E+00	5.034E+00	5.037E+00	5.036E+00	5.036E+00	5.037E+00
9.900E-01	5.011E+00	2.272E-03	5.014E+00	5.009E+00	5.012E+00	5.011E+00	5.011E+00	5.012E+00
1.000E+00	4.987E+00	2.281E-03	4.989E+00	4.984E+00	4.987E+00	4.986E+00	4.986E+00	4.987E+00
1.010E+00	4.962E+00	2.289E-03	4.964E+00	4.959E+00	4.962E+00	4.961E+00	4.961E+00	4.962E+00
1.020E+00	4.937E+00	2.295E-03	4.939E+00	4.934E+00	4.937E+00	4.936E+00	4.936E+00	4.937E+00
1.030E+00	4.912E+00	2.299E-03	4.914E+00	4.909E+00	4.912E+00	4.911E+00	4.911E+00	4.912E+00
1.040E+00	4.887E+00	2.301E-03	4.889E+00	4.884E+00	4.887E+00	4.886E+00	4.886E+00	4.887E+00
1.050E+00	4.861E+00	2.301E-03	4.864E+00	4.859E+00	4.862E+00	4.861E+00	4.861E+00	4.862E+00
1.060E+00	4.836E+00	2.299E-03	4.839E+00	4.834E+00	4.837E+00	4.836E+00	4.836E+00	4.837E+00
1.070E+00	4.811E+00	2.296E-03	4.813E+00	4.809E+00	4.812E+00	4.811E+00	4.811E+00	4.812E+00
1.080E+00	4.786E+00	2.290E-03	4.788E+00	4.784E+00	4.786E+00	4.786E+00	4.786E+00	4.786E+00
1.090E+00	4.761E+00	2.283E-03	4.763E+00	4.759E+00	4.761E+00	4.761E+00	4.761E+00	4.761E+00
1.100E+00	4.736E+00	2.274E-03	4.738E+00	4.734E+00	4.736E+00	4.735E+00	4.735E+00	4.736E+00
1.110E+00	4.711E+00	2.264E-03	4.713E+00	4.708E+00	4.711E+00	4.710E+00	4.710E+00	4.711E+00
1.120E+00	4.685E+00	2.251E-03	4.688E+00	4.683E+00	4.686E+00	4.685E+00	4.685E+00	4.686E+00
1.130E+00	4.660E+00	2.237E-03	4.662E+00	4.658E+00	4.661E+00	4.660E+00	4.660E+00	4.661E+00
1.140E+00	4.635E+00	2.221E-03	4.637E+00	4.633E+00	4.635E+00	4.635E+00	4.635E+00	4.635E+00
1.150E+00	4.610E+00	2.204E-03	4.612E+00	4.608E+00	4.610E+00	4.609E+00	4.609E+00	4.610E+00
1.160E+00	4.585E+00	2.185E-03	4.587E+00	4.582E+00	4.585E+00	4.584E+00	4.584E+00	4.585E+00
1.170E+00	4.559E+00	2.164E-03	4.561E+00	4.557E+00	4.560E+00	4.559E+00	4.559E+00	4.560E+00
1.180E+00	4.534E+00	2.142E-03	4.536E+00	4.532E+00	4.534E+00	4.534E+00	4.534E+00	4.534E+00
1.190E+00	4.509E+00	2.118E-03	4.511E+00	4.507E+00	4.509E+00	4.509E+00	4.509E+00	4.509E+00
1.200E+00	4.484E+00	2.093E-03	4.486E+00	4.482E+00	4.484E+00	4.483E+00	4.483E+00	4.484E+00
1.210E+00	4.459E+00	2.067E-03	4.461E+00	4.456E+00	4.459E+00	4.458E+00	4.458E+00	4.459E+00
1.220E+00	4.433E+00	2.038E-03	4.435E+00	4.431E+00	4.434E+00	4.433E+00	4.433E+00	4.434E+00
1.230E+00	4.408E+00	2.009E-03	4.410E+00	4.406E+00	4.408E+00	4.408E+00	4.408E+00	4.408E+00
1.240E+00	4.383E+00	1.978E-03	4.385E+00	4.381E+00	4.383E+00	4.383E+00	4.383E+00	4.383E+00
1.250E+00	4.358E+00	1.945E-03	4.360E+00	4.356E+00	4.358E+00	4.358E+00	4.357E+00	4.358E+00
1.260E+00	4.333E+00	1.912E-03	4.335E+00	4.331E+00	4.333E+00	4.332E+00	4.332E+00	4.333E+00
1.270E+00	4.308E+00	1.877E-03	4.309E+00	4.306E+00	4.308E+00	4.307E+00	4.307E+00	4.308E+00
1.280E+00	4.282E+00	1.841E-03	4.284E+00	4.281E+00	4.283E+00	4.282E+00	4.282E+00	4.283E+00
1.290E+00	4.257E+00	1.803E-03	4.259E+00	4.256E+00	4.258E+00	4.257E+00	4.257E+00	4.258E+00
1.300E+00	4.232E+00	1.764E-03	4.234E+00	4.231E+00	4.233E+00	4.232E+00	4.232E+00	4.233E+00
1.310E+00	4.207E+00	1.724E-03	4.209E+00	4.206E+00	4.208E+00	4.207E+00	4.207E+00	4.208E+00
1.320E+00	4.182E+00	1.683E-03	4.184E+00	4.181E+00	4.183E+00	4.182E+00	4.182E+00	4.183E+00
1.330E+00	4.157E+00	1.641E-03	4.159E+00	4.156E+00	4.158E+00	4.157E+00	4.157E+00	4.158E+00
1.340E+00	4.132E+00	1.598E-03	4.134E+00	4.131E+00	4.133E+00	4.132E+00	4.132E+00	4.133E+00
1.350E+00	4.107E+00	1.553E-03	4.109E+00	4.106E+00	4.108E+00	4.107E+00	4.107E+00	4.108E+00
1.360E+00	4.083E+00	1.508E-03	4.084E+00	4.081E+00	4.083E+00	4.082E+00	4.082E+00	4.083E+00
1.370E+00	4.058E+00	1.462E-03	4.059E+00	4.056E+00	4.058E+00	4.058E+00	4.057E+00	4.058E+00
1.380E+00	4.033E+00	1.415E-03	4.034E+00	4.032E+00	4.033E+00	4.033E+00	4.033E+00	4.033E+00
1.390E+00	4.008E+00	1.367E-03	4.009E+00	4.007E+00	4.008E+00	4.008E+00	4.008E+00	4.009E+00
1.400E+00	3.983E+00	1.318E-03	3.985E+00	3.982E+00	3.984E+00	3.983E+00	3.983E+00	3.984E+00
1.410E+00	3.959E+00	1.268E-03	3.960E+00	3.958E+00	3.959E+00	3.959E+00	3.958E+00	3.959E+00
1.420E+00	3.934E+00	1.218E-03	3.935E+00	3.933E+00	3.934E+00	3.934E+00	3.934E+00	3.934E+00
1.430E+00	3.909E+00	1.167E-03	3.911E+00	3.908E+00	3.910E+00	3.909E+00	3.909E+00	3.910E+00
1.440E+00	3.885E+00	1.115E-03	3.886E+00	3.884E+00	3.885E+00	3.885E+00	3.885E+00	3.885E+00
1.450E+00	3.860E+00	1.063E-03	3.861E+00	3.859E+00	3.861E+00	3.860E+00	3.860E+00	3.861E+00
1.460E+00	3.836E+00	1.011E-03	3.837E+00	3.835E+00	3.836E+00	3.836E+00	3.836E+00	3.836E+00
1.470E+00	3.812E+00	9.578E-04	3.812E+00	3.811E+00	3.812E+00	3.811E+00	3.811E+00	3.812E+00
1.480E+00	3.787E+00	9.050E-04	3.788E+00	3.786E+00	3.787E+00	3.787E+00	3.787E+00	3.788E+00
1.490E+00	3.763E+00	8.522E-04	3.764E+00	3.762E+00	3.763E+00	3.763E+00	3.762E+00	3.763E+00
1.500E+00	3.739E+00	7.997E-04	3.739E+00	3.738E+00	3.739E+00	3.738E+00	3.738E+00	3.739E+00
1.510E+00	3.714E+00	7.476E-04	3.715E+00	3.714E+00	3.714E+00	3.714E+00	3.714E+00	3.715E+00
1.520E+00	3.690E+00	6.965E-04	3.691E+00	3.690E+00	3.690E+00	3.690E+00	3.690E+00	3.691E+00
1.530E+00	3.666E+00	6.465E-04	3.667E+00	3.666E+00	3.666E+00	3.666E+00	3.666E+00	3.666E+00
1.540E+00	3.642E+00	5.984E-04	3.643E+00	3.642E+00	3.642E+00	3.642E+00	3.642E+00	3.642E+00
1.550E+00	3.618E+00	5.529E-04	3.618E+00	3.618E+00	3.618E+00	3.618E+00	3.618E+00	3.618E+00
1.560E+00	3.594E+00	5.108E-04	3.594E+00	3.594E+00	3.594E+00	3.594E+00	3.594E+00	3.595E+00
1.570E+00	3.570E+00	4.734E-04	3.571E+00	3.570E+00	3.570E+00	3.570E+00	3.570E+00	3.571E+00
1.580E+00	3.546E+00	4.422E-04	3.547E+00	3.546E+00	3.547E+00	3.546E+00	3.546E+00	3.547E+00
1.590E+00	3.523E+00	4.188E-04	3.523E+00	3.523E+00	3.523E+00	3.523E+00	3.522E+00	3.523E+00
1.600E+00	3.499E+00	4.048E-04	3.499E+00	3.499E+00	3.499E+00	3.499E+00	3.499E+00	3.499E+00
1.610E+00	3.475E+00	4.016E-04	3.475E+00	3.475E+00	3.476E+00	3.475E+00	3.475E+00	3.476E+00
1.620E+00	3.452E+00	4.095E-04	3.452E+00	3.452E+00	3.452E+00	3.452E+00	3.451E+00	3.452E+00
1.630E+00	3.428E+00	4.282E-04	3.428E+00	3.429E+00	3.428E+00	3.428E+00	3.428E+00	3.429E+00
1.640E+00	3.405E+00	4.566E-04	3.405E+00	3.405E+00	3.405E+00	3.405E+00	3.405E+00	3.405E+00
1.650E+00	3.382E+00	4.932E-04	3.381E+00	3.382E+00	3.382E+00	3.382E+00	3.381E+00	3.382E+00
1.660E+00	3.358E+00	5.363E-04	3.358E+00	3.359E+00	3.358E+00	3.358E+00	3.358E+00	3.359E+00
1.670E+00	3.335E+00	5.848E-04	3.335E+00	3.336E+00	3.335E+00	3.335E+00	3.335E+00	3.336E+00
1.680E+00	3.312E+00	6.375E-04	3.312E+00	3.313E+00	3.312E+00	3.312E+00	3.312E+00	3.312E+00
1.690E+00	3.289E+00	6.935E-04	3.288E+00	3.290E+00	3.289E+00	3.289E+00	3.289E+00	3.289E+00
1.700E+00	3.266E+00	7.522E-04	3.265E+00	3.267E+00	3.266E+00	3.266E+00	3.266E+00	3.266E+00
1.710E+00	3.243E+00	8.130E-04	3.242E+00	3.244E+00	3.243E+00	3.243E+00	3.243E+00	3.244E+00
1.720E+00	3.220E+00	8.756E-04	3.220E+00	3.221E+00	3.220E+00	3.220E+00	3.220E+00	3.221E+00
1.730E+00	3.198E+00	9.396E-04	3.197E+00	3.198E+00	3.198E+00	3.197E+00	3.197E+00	3.198E+00
1.740E+00	3.175E+00	1.005E-03	3.174E+00	3.176E+00	3.175E+00	3.175E+00	3.174E+00	3.175E+00
1.750E+00	3.152E+00	1.071E-03	3.151E+00	3.153E+00	3.152E+00	3.152E+00	3.152E+00	3.153E+00
1.760E+00	3.130E+00	1.138E-03	3.129E+00	3.131E+00	3.130E+00	3.130E+00	3.129E+00	3.130E+00
1.770E+00	3.107E+00	1.206E-03	3.106E+00	3.108E+00	3.107E+00	3.107E+00	3.107E+00	3.108E+00
1.780E+00	3.085E+00	1.274E-03	3.084E+00	3.086E+00	3.085E+00	3.085E+00	3.085E+00	3.085E+00
1.790E+00	3.063E+00	1.343E-03	3.061E+00	3.064E+00	3.063E+00	3.063E+00	3.062E+00	3.063E+00
1.800E+00	3.040E+00	1.412E-03	3.039E+00	3.042E+00	3.040E+00	3.040E+00	3.040E+00	3.041E+00
1.810E+00	3.018E+00	1.482E-03	3.017E+00	3.020E+00	3.018E+00	3.018E+00	3.018E+00	3.019E+00
1.820E+00	2.996E+00	1.552E-03	2.995E+00	2.998E+00	2.996E+00	2.996E+00	2.996E+00	2.997E+00
1.830E+00	2.974E+00	1.622E-03	2.973E+00	2.976E+00	2.974E+00	2.974E+00	2.974E+00	2.975E+00
1.840E+00	2.953E+00	1.693E-03	2.951E+00	2.954E+00	2.953E+00	2.953E+00	2.952E+00	2.953E+00
1.850E+00	2.931E+00	1.764E-03	2.929E+00	2.932E+00	2.931E+00	2.931E+00	2.930E+00	2.931E+00
1.860E+00	2.909E+00	1.834E-03	2.907E+00	2.911E+00	2.909E+00	2.909E+00	2.909E+00	2.909E+00
1.870E+00	2.887E+00	1.905E-03	2.886E+00	2.889E+00	2.887E+00	2.887E+00	2.887E+00	2.888E+00
1.880E+00	2.866E+00	1.976E-03	2.864E+00	2.868E+00	2.866E+00	2.866E+00	2.866E+00	2.866E+00
1.890E+00	2.845E+00	2.048E-03	2.843E+00	2.847E+00	2.844E+00	2.845E+00	2.844E+00	2.845E+00
1.900E+00	2.823E+00	2.119E-03	2.821E+00	2.825E+00	2.823E+00	2.823E+00	2.823E+00	2.824E+00
1.910E+00	2.802E+00	2.190E-03	2.800E+00	2.804E+00	2.802E+00	2.802E+00	2.802E+00	2.802E+00
1.920E+00	2.781E+00	2.261E-03	2.779E+00	2.783E+00	2.781E+00	2.781E+00	2.780E+00	2.781E+00
1.930E+00	2.760E+00	2.332E-03	2.757E+00	2.762E+00	2.760E+00	2.760E+00	2.759E+00	2.760E+00
1.940E+00	2.739E+00	2.403E-03	2.736E+00	2.741E+00	2.739E+00	2.739E+00	2.738E+00	2.739E+00
1.950E+00	2.718E+00	2.473E-03	2.715E+00	2.720E+00	2.718E+00	2.718E+00	2.717E+00	2.718E+00
1.960E+00	2.697E+00	2.544E-03	2.695E+00	2.700E+00	2.697E+00	2.697E+00	2.697E+00	2.697E+00
1.970E+00	2.676E+00	2.615E-03	2.674E+00	2.679E+00	2.676E+00	2.676E+00	2.676E+00	2.677E+00
1.980E+00	2.656E+00	2.685E-03	2.653E+00	2.658E+00	2.656E+00	2.656E+00	2.655E+00	2.656E+00
1.990E+00	2.635E+00	2.755E-03	2.632E+00	2.638E+00	2.635E+00	2.635E+00	2.635E+00	2.636E+00
2.000E+00	2.615E+00	2.825E-03	2.612E+00	2.618E+00	2.615E+00	2.615E+00	2.614E+00	2.615E+00
2.010E+00	2.594E+00	2.895E-03	2.592E+00	2.597E+00	2.594E+00	2.594E+00	2.594E+00	2.595E+00
2.020E+00	2.574E+00	2.964E-03	2.571E+00	2.577E+00	2.574E+00	2.574E+00	2.574E+00	2.575E+00
2.030E+00	2.554E+00	3.034E-03	2.551E+00	2.557E+00	2.554E+00	2.554E+00	2.554E+00	2.554E+00
2.040E+00	2.534E+00	3.103E-03	2.531E+00	2.537E+00	2.534E+00	2.534E+00	2.534E+00	2.534E+00
2.050E+00	2.514E+00	3.171E-03	2.511E+00	2.517E+00	2.514E+00	2.514E+00	2.514E+00	2.514E+00
2.060E+00	2.494E+00	3.240E-03	2.491E+00	2.497E+00	2.494E+00	2.494E+00	2.494E+00	2.495E+00
2.070E+00	2.474E+00	3.308E-03	2.471E+00	2.478E+00	2.474E+00	2.474E+00	2.474E+00	2.475E+00
2.080E+00	2.455E+00	3.376E-03	2.451E+00	2.458E+00	2.455E+00	2.455E+00	2.454E+00	2.455E+00
2.090E+00	2.435E+00	3.443E-03	2.432E+00	2.439E+00	2.435E+00	2.435E+00	2.435E+00	2.436E+00
2.100E+00	2.416E+00	3.510E-03	2.412E+00	2.419E+00	2.416E+00	2.416E+00	2.415E+00	2.416E+00
2.110E+00	2.396E+00	3.577E-03	2.393E+00	2.400E+00	2.396E+00	2.396E+00	2.396E+00	2.397E+00
2.120E+00	2.377E+00	3.643E-03	2.373E+00	2.381E+00	2.377E+00	2.377E+00	2.377E+00	2.377E+00
2.130E+00	2.358E+00	3.709E-03	2.354E+00	2.362E+00	2.358E+00	2.358E+00	2.357E+00	2.358E+00
2.140E+00	2.339E+00	3.775E-03	2.335E+00	2.343E+00	2.339E+00	2.339E+00	2.338E+00	2.339E+00
2.150E+00	2.320E+00	3.840E-03	2.316E+00	2.324E+00	2.320E+00	2.320E+00	2.319E+00	2.320E+00
2.160E+00	2.301E+00	3.904E-03	2.297E+00	2.305E+00	2.301E+00	2.301E+00	2.300E+00	2.301E+00
2.170E+00	2.282E+00	3.969E-03	2.278E+00	2.286E+00	2.282E+00	2.282E+00	2.282E+00	2.282E+00
2.180E+00	2.263E+00	4.032E-03	2.259E+00	2.267E+00	2.263E+00	2.263E+00	2.263E+00	2.264E+00
2.190E+00	2.245E+00	4.096E-03	2.241E+00	2.249E+00	2.245E+00	2.245E+00	2.244E+00	2.245E+00
2.200E+00	2.226E+00	4.158E-03	2.222E+00	2.230E+00	2.226E+00	2.226E+00	2.226E+00	2.227E+00
2.210E+00	2.208E+00	4.221E-03	2.204E+00	2.212E+00	2.208E+00	2.208E+00	2.207E+00	2.208E+00
2.220E+00	2.190E+00	4.283E-03	2.185E+00	2.194E+00	2.190E+00	2.190E+00	2.189E+00	2.190E+00
2.230E+00	2.171E+00	4.344E-03	2.167E+00	2.176E+00	2.171E+00	2.172E+00	2.171E+00	2.172E+00
2.240E+00	2.153E+00	4.405E-03	2.149E+00	2.158E+00	2.153E+00	2.153E+00	2.153E+00	2.154E+00
2.250E+00	2.135E+00	4.465E-03	2.131E+00	2.140E+00	2.135E+00	2.135E+00	2.135E+00	2.136E+00
2.260E+00	2.117E+00	4.525E-03	2.113E+00	2.122E+00	2.117E+00	2.118E+00	2.117E+00	2.118E+00
2.270E+00	2.100E+00	4.584E-03	2.095E+00	2.104E+00	2.100E+00	2.100E+00	2.099E+00	2.100E+00
2.280E+00	2.082E+00	4.643E-03	2.077E+00	2.087E+00	2.082E+00	2.082E+00	2.082E+00	2.082E+00
2.290E+00	2.064E+00	4.701E-03	2.060E+00	2.069E+00	2.064E+00	2.064E+00	2.064E+00	2.065E+00
2.300E+00	2.047E+00	4.759E-03	2.042E+00	2.052E+00	2.047E+00	2.047E+00	2.046E+00	2.047E+00
2.310E+00	2.029E+00	4.816E-03	2.025E+00	2.034E+00	2.029E+00	2.030E+00	2.029E+00	2.030E+00
2.320E+00	2.012E+00	4.872E-03	2.007E+00	2.017E+00	2.012E+00	2.012E+00	2.012E+00	2.013E+00
2.330E+00	1.995E+00	4.928E-03	1.990E+00	2.000E+00	1.995E+00	1.995E+00	1.995E+00	1.995E+00
2.340E+00	1.978E+00	4.983E-03	1.973E+00	1.983E+00	1.978E+00	1.978E+00	1.977E+00	1.978E+00
2.350E+00	1.961E+00	5.038E-03	1.956E+00	1.966E+00	1.961E+00	1.961E+00	1.960E+00	1.961E+00
2.360E+00	1.944E+00	5.092E-03	1.939E+00	1.949E+00	1.944E+00	1.944E+00	1.944E+00	1.944E+00
2.370E+00	1.927E+00	5.145E-03	1.922E+00	1.932E+00	1.927E+00	1.927E+00	1.927E+00	1.928E+00
2.380E+00	1.910E+00	5.198E-03	1.905E+00	1.916E+00	1.910E+00	1.911E+00	1.910E+00	1.911E+00
2.390E+00	1.894E+00	5.250E-03	1.889E+00	1.899E+00	1.894E+00	1.894E+00	1.893E+00	1.894E+00
2.400E+00	1.877E+00	5.302E-03	1.872E+00	1.883E+00	1.877E+00	1.878E+00	1.877E+00	1.878E+00
2.410E+00	1.861E+00	5.353E-03	1.856E+00	1.866E+00	1.861E+00	1.861E+00	1.861E+00	1.861E+00
2.420E+00	1.845E+00	5.403E-03	1.839E+00	1.850E+00	1.845E+00	1.845E+00	1.844E+00	1.845E+00
2.430E+00	1.828E+00	5.453E-03	1.823E+00	1.834E+00	1.828E+00	1.829E+00	1.828E+00	1.829E+00
2.440E+00	1.812E+00	5.502E-03	1.807E+00	1.818E+00	1.812E+00	1.813E+00	1.812E+00	1.813E+00
2.450E+00	1.796E+00	5.550E-03	1.791E+00	1.802E+00	1.796E+00	1.797E+00	1.796E+00	1.797E+00
2.460E+00	1.781E+00	5.598E-03	1.775E+00	1.786E+00	1.780E+00	1.781E+00	1.780E+00	1.781E+00
2.470E+00	1.765E+00	5.645E-03	1.759E+00	1.770E+00	1.765E+00	1.765E+00	1.764E+00	1.765E+00
2.480E+00	1.749E+00	5.691E-03	1.743E+00	1.755E+00	1.749E+00	1.749E+00	1.749E+00	1.749E+00
2.490E+00	1.733E+00	5.737E-03	1.728E+00	1.739E+00	1.733E+00	1.734E+00	1.733E+00	1.734E+00
2.500E+00	1.718E+00	5.782E-03	1.712E+00	1.724E+00	1.718E+00	1.718E+00	1.718E+00	1.718E+00
2.510E+00	1.703E+00	5.826E-03	1.697E+00	1.708E+00	1.702E+00	1.703E+00	1.702E+00	1.703E+00
2.520E+00	1.687E+00	5.870E-03	1.681E+00	1.693E+00	1.687E+00	1.687E+00	1.687E+00	1.688E+00
2.530E+00	1.672E+00	5.912E-03	1.666E+00	1.678E+00	1.672E+00	1.672E+00	1.672E+00	1.672E+00
2.540E+00	1.657E+00	5.955E-03	1.651E+00	1.663E+00	1.657E+00	1.657E+00	1.657E+00	1.657E+00
2.550E+00	1.642E+00	5.996E-03	1.636E+00	1.648E+00	1.642E+00	1.642E+00	1.642E+00	1.642E+00
2.560E+00	1.627E+00	6.037E-03	1.621E+00	1.633E+00	1.627E+00	1.627E+00	1.627E+00	1.627E+00
2.570E+00	1.612E+00	6.077E-03	1.606E+00	1.618E+00	1.612E+00	1.612E+00	1.612E+00	1.613E+00
2.580E+00	1.598E+00	6.117E-03	1.591E+00	1.604E+00	1.597E+00	1.598E+00	1.597E+00	1.598E+00
2.590E+00	1.583E+00	6.156E-03	1.577E+00	1.589E+00	1.583E+00	1.583E+00	1.583E+00	1.583E+00
2.600E+00	1.568E+00	6.194E-03	1.562E+00	1.575E+00	1.568E+00	1.569E+00	1.568E+00	1.569E+00
2.610E+00	1.554E+00	6.231E-03	1.548E+00	1.560E+00	1.554E+00	1.554E+00	1.554E+00	1.554E+00
2.620E+00	1.540E+00	6.268E-03	1.533E+00	1.546E+00	1.540E+00	1.540E+00	1.539E+00	1.540E+00
2.630E+00	1.525E+00	6.304E-03	1.519E+00	1.532E+00	1.525E+00	1.526E+00	1.525E+00	1.526E+00
2.640E+00	1.511E+00	6.339E-03	1.505E+00	1.518E+00	1.511E+00	1.512E+00	1.511E+00	1.512E+00
2.650E+00	1.497E+00	6.374E-03	1.491E+00	1.504E+00	1.497E+00	1.497E+00	1.497E+00	1.498E+00
2.660E+00	1.483E+00	6.408E-03	1.477E+00	1.490E+00	1.483E+00	1.484E+00	1.483E+00	1.484E+00
2.670E+00	1.470E+00	6.441E-03	1.463E+00	1.476E+00	1.469E+00	1.470E+00	1.469E+00	1.470E+00
2.680E+00	1.456E+00	6.474E-03	1.449E+00	1.462E+00	1.456E+00	1.456E+00	1.455E+00	1.456E+00
2.690E+00	1.442E+00	6.505E-03	1.436E+00	1.449E+00	1.442E+00	1.442E+00	1.442E+00	1.443E+00
2.700E+00	1.429E+00	6.536E-03	1.422E+00	1.435E+00	1.428E+00	1.429E+00	1.428E+00	1.429E+00
2.710E+00	1.415E+00	6.567E-03	1.409E+00	1.422E+00	1.415E+00	1.415E+00	1.415E+00	1.416E+00
2.720E+00	1.402E+00	6.597E-03	1.395E+00	1.408E+00	1.402E+00	1.402E+00	1.401E+00	1.402E+00
2.730E+00	1.389E+00	6.626E-03	1.382E+00	1.395E+00	1.388E+00	1.389E+00	1.388E+00	1.389E+00
2.740E+00	1.375E+00	6.654E-03	1.369E+00	1.382E+00	1.375E+00	1.376E+00	1.375E+00	1.376E+00
2.750E+00	1.362E+00	6.681E-03	1.356E+00	1.369E+00	1.362E+00	1.363E+00	1.362E+00	1.363E+00
2.760E+00	1.349E+00	6.708E-03	1.343E+00	1.356E+00	1.349E+00	1.350E+00	1.349E+00	1.350E+00
2.770E+00	1.337E+00	6.734E-03	1.330E+00	1.343E+00	1.336E+00	1.337E+00	1.336E+00	1.337E+00
2.780E+00	1.324E+00	6.760E-03	1.317E+00	1.331E+00	1.324E+00	1.324E+00	1.323E+00	1.324E+00
2.790E+00	1.311E+00	6.785E-03	1.304E+00	1.318E+00	1.311E+00	1.311E+00	1.311E+00	1.311E+00
2.800E+00	1.298E+00	6.809E-03	1.292E+00	1.305E+00	1.298E+00	1.299E+00	1.298E+00	1.299E+00
2.810E+00	1.286E+00	6.832E-03	1.279E+00	1.293E+00	1.286E+00	1.286E+00	1.286E+00	1.286E+00
2.820E+00	1.274E+00	6.855E-03	1.267E+00	1.280E+00	1.273E+00	1.274E+00	1.273E+00	1.274E+00
2.830E+00	1.261E+00	6.877E-03	1.254E+00	1.268E+00	1.261E+00	1.261E+00	1.261E+00	1.262E+00
2.840E+00	1.249E+00	6.898E-03	1.242E+00	1.256E+00	1.249E+00	1.249E+00	1.249E+00	1.249E+00
2.850E+00	1.237E+00	6.919E-03	1.230E+00	1.244E+00	1.237E+00	1.237E+00	1.236E+00	1.237E+00
2.860E+00	1.225E+00	6.939E-03	1.218E+00	1.232E+00	1.225E+00	1.225E+00	1.224E+00	1.225E+00
2.870E+00	1.213E+00	6.958E-03	1.206E+00	1.220E+00	1.213E+00	1.213E+00	1.212E+00	1.213E+00
2.880E+00	1.201E+00	6.977E-03	1.194E+00	1.208E+00	1.201E+00	1.201E+00	1.201E+00	1.201E+00
2.890E+00	1.189E+00	6.995E-03	1.182E+00	1.196E+00	1.189E+00	1.189E+00	1.189E+00	1.190E+00
2.900E+00	1.177E+00	7.012E-03	1.171E+00	1.185E+00	1.177E+00	1.178E+00	1.177E+00	1.178E+00
2.910E+00	1.166E+00	7.028E-03	1.159E+00	1.173E+00	1.166E+00	1.166E+00	1.166E+00	1.166E+00
2.920E+00	1.154E+00	7.044E-03	1.147E+00	1.161E+00	1.154E+00	1.155E+00	1.154E+00	1.155E+00
2.930E+00	1.143E+00	7.060E-03	1.136E+00	1.150E+00	1.143E+00	1.143E+00	1.143E+00	1.143E+00
2.940E+00	1.132E+00	7.074E-03	1.125E+00	1.139E+00	1.131E+00	1.132E+00	1.131E+00	1.132E+00
2.950E+00	1.120E+00	7.088E-03	1.113E+00	1.128E+00	1.120E+00	1.121E+00	1.120E+00	1.121E+00
2.960E+00	1.109E+00	7.101E-03	1.102E+00	1.116E+00	1.109E+00	1.109E+00	1.109E+00	1.110E+00
2.970E+00	1.098E+00	7.114E-03	1.091E+00	1.105E+00	1.098E+00	1.098E+00	1.098E+00	1.098E+00
2.980E+00	1.087E+00	7.126E-03	1.080E+00	1.094E+00	1.087E+00	1.087E+00	1.087E+00	1.088E+00
2.990E+00	1.076E+00	7.137E-03	1.069E+00	1.083E+00	1.076E+00	1.076E+00	1.076E+00	1.077E+00
3.000E+00	1.065E+00	7.148E-03	1.058E+00	1.073E+00	1.065E+00	1.066E+00	1.065E+00	1.066E+00
