1.000E-02	7.951E+00	1.380E+00	6.546E+00	9.306E+00	7.960E+00	7.941E+00	7.950E+00	7.951E+00
2.000E-02	7.948E+00	1.355E+00	6.545E+00	9.255E+00	7.958E+00	7.939E+00	7.948E+00	7.949E+00
3.000E-02	7.945E+00	1.329E+00	6.545E+00	9.204E+00	7.955E+00	7.935E+00	7.945E+00	7.945E+00
4.000E-02	7.941E+00	1.304E+00	6.545E+00	9.154E+00	7.950E+00	7.931E+00	7.941E+00	7.941E+00
5.000E-02	7.936E+00	1.279E+00	6.545E+00	9.103E+00	7.945E+00	7.926E+00	7.935E+00	7.936E+00
6.000E-02	7.930E+00	1.254E+00	6.545E+00	9.054E+00	7.940E+00	7.920E+00	7.930E+00	7.930E+00
7.000E-02	7.923E+00	1.230E+00	6.544E+00	9.004E+00	7.933E+00	7.914E+00	7.923E+00	7.924E+00
8.000E-02	7.916E+00	1.205E+00	6.544E+00	8.955E+00	7.926E+00	7.906E+00	7.916E+00	7.916E+00
9.000E-02	7.908E+00	1.181E+00	6.543E+00	8.906E+00	7.918E+00	7.898E+00	7.908E+00	7.908E+00
1.000E-01	7.900E+00	1.157E+00	6.543E+00	8.857E+00	7.909E+00	7.890E+00	7.899E+00	7.900E+00
1.100E-01	7.891E+00	1.133E+00	6.542E+00	8.808E+00	7.900E+00	7.881E+00	7.890E+00	7.891E+00
1.200E-01	7.881E+00	1.109E+00	6.541E+00	8.760E+00	7.891E+00	7.871E+00	7.881E+00	7.881E+00
1.300E-01	7.871E+00	1.086E+00	6.540E+00	8.712E+00	7.880E+00	7.861E+00	7.870E+00	7.871E+00
1.400E-01	7.860E+00	1.063E+00	6.539E+00	8.664E+00	7.869E+00	7.850E+00	7.860E+00	7.860E+00
1.500E-01	7.848E+00	1.040E+00	6.538E+00	8.617E+00	7.858E+00	7.839E+00	7.848E+00	7.849E+00
1.600E-01	7.836E+00	1.017E+00	6.537E+00	8.570E+00	7.846E+00	7.827E+00	7.836E+00	7.837E+00
1.700E-01	7.824E+00	9.938E-01	6.535E+00	8.523E+00	7.834E+00	7.815E+00	7.824E+00	7.824E+00
1.800E-01	7.811E+00	9.713E-01	6.534E+00	8.476E+00	7.821E+00	7.802E+00	7.811E+00	7.811E+00
1.900E-01	7.798E+00	9.489E-01	6.532E+00	8.430E+00	7.807E+00	7.788E+00	7.798E+00	7.798E+00
2.000E-01	7.784E+00	9.267E-01	6.530E+00	8.384E+00	7.793E+00	7.775E+00	7.784E+00	7.784E+00
2.100E-01	7.770E+00	9.047E-01	6.529E+00	8.338E+00	7.779E+00	7.760E+00	7.769E+00	7.770E+00
2.200E-01	7.755E+00	8.829E-01	6.527E+00	8.292E+00	7.764E+00	7.745E+00	7.755E+00	7.755E+00
2.300E-01	7.740E+00	8.613E-01	6.524E+00	8.247E+00	7.749E+00	7.730E+00	7.739E+00	7.740E+00
2.400E-01	7.724E+00	8.399E-01	6.522E+00	8.202E+00	7.733E+00	7.715E+00	7.724E+00	7.724E+00
2.500E-01	7.708E+00	8.187E-01	6.520E+00	8.157E+00	7.717E+00	7.699E+00	7.707E+00	7.708E+00
2.600E-01	7.691E+00	7.977E-01	6.517E+00	8.112E+00	7.700E+00	7.682E+00	7.691E+00	7.691E+00
2.700E-01	7.674E+00	7.768E-01	6.515E+00	8.068E+00	7.683E+00	7.665E+00	7.674E+00	7.674E+00
2.800E-01	7.657E+00	7.562E-01	6.512E+00	8.024E+00	7.666E+00	7.648E+00	7.657E+00	7.657E+00
2.900E-01	7.639E+00	7.358E-01	6.509E+00	7.980E+00	7.648E+00	7.630E+00	7.639E+00	7.639E+00
3.000E-01	7.621E+00	7.155E-01	6.506E+00	7.937E+00	7.630E+00	7.612E+00	7.621E+00	7.621E+00
3.100E-01	7.602E+00	6.955E-01	6.502E+00	7.893E+00	7.611E+00	7.594E+00	7.602E+00	7.603E+00
3.200E-01	7.583E+00	6.756E-01	6.499E+00	7.850E+00	7.592E+00	7.575E+00	7.583E+00	7.584E+00
3.300E-01	7.564E+00	6.559E-01	6.495E+00	7.807E+00	7.573E+00	7.555E+00	7.564E+00	7.564E+00
3.400E-01	7.545E+00	6.365E-01	6.492E+00	7.765E+00	7.553E+00	7.536E+00	7.544E+00	7.545E+00
3.500E-01	7.525E+00	6.172E-01	6.488E+00	7.722E+00	7.533E+00	7.516E+00	7.524E+00	7.525E+00
3.600E-01	7.504E+00	5.981E-01	6.484E+00	7.680E+00	7.513E+00	7.496E+00	7.504E+00	7.504E+00
3.700E-01	7.483E+00	5.792E-01	6.480E+00	7.638E+00	7.492E+00	7.475E+00	7.483E+00	7.484E+00
3.800E-01	7.462E+00	5.605E-01	6.475E+00	7.596E+00	7.471E+00	7.454E+00	7.462E+00	7.463E+00
3.900E-01	7.441E+00	5.420E-01	6.471E+00	7.555E+00	7.449E+00	7.433E+00	7.441E+00	7.441E+00
4.000E-01	7.419E+00	5.237E-01	6.466E+00	7.513E+00	7.428E+00	7.411E+00	7.419E+00	7.420E+00
4.100E-01	7.397E+00	5.056E-01	6.461E+00	7.472E+00	7.405E+00	7.389E+00	7.397E+00	7.398E+00
4.200E-01	7.375E+00	4.877E-01	6.456E+00	7.432E+00	7.383E+00	7.367E+00	7.375E+00	7.375E+00
4.300E-01	7.352E+00	4.700E-01	6.451E+00	7.391E+00	7.360E+00	7.344E+00	7.352E+00	7.353E+00
4.400E-01	7.329E+00	4.525E-01	6.446E+00	7.351E+00	7.337E+00	7.322E+00	7.329E+00	7.330E+00
4.500E-01	7.306E+00	4.352E-01	6.440E+00	7.311E+00	7.314E+00	7.298E+00	7.306E+00	7.307E+00
4.600E-01	7.283E+00	4.180E-01	6.435E+00	7.271E+00	7.290E+00	7.275E+00	7.282E+00	7.283E+00
4.700E-01	7.259E+00	4.011E-01	6.429E+00	7.231E+00	7.267E+00	7.251E+00	7.259E+00	7.259E+00
4.800E-01	7.235E+00	3.844E-01	6.423E+00	7.191E+00	7.242E+00	7.227E+00	7.235E+00	7.235E+00
4.900E-01	7.211E+00	3.678E-01	6.417E+00	7.152E+00	7.218E+00	7.203E+00	7.210E+00	7.211E+00
5.000E-01	7.186E+00	3.515E-01	6.410E+00	7.113E+00	7.193E+00	7.179E+00	7.186E+00	7.186E+00
5.100E-01	7.161E+00	3.353E-01	6.404E+00	7.074E+00	7.168E+00	7.154E+00	7.161E+00	7.161E+00
5.200E-01	7.136E+00	3.193E-01	6.397E+00	7.036E+00	7.143E+00	7.129E+00	7.136E+00	7.136E+00
5.300E-01	7.111E+00	3.036E-01	6.390E+00	6.997E+00	7.118E+00	7.103E+00	7.110E+00	7.111E+00
5.400E-01	7.085E+00	2.880E-01	6.383E+00	6.959E+00	7.092E+00	7.078E+00	7.085E+00	7.085E+00
5.500E-01	7.059E+00	2.726E-01	6.376E+00	6.921E+00	7.066E+00	7.052E+00	7.059E+00	7.059E+00
5.600E-01	7.033E+00	2.574E-01	6.369E+00	6.883E+00	7.040E+00	7.026E+00	7.033E+00	7.033E+00
5.700E-01	7.007E+00	2.424E-01	6.361E+00	6.846E+00	7.013E+00	7.000E+00	7.006E+00	7.007E+00
5.800E-01	6.980E+00	2.276E-01	6.353E+00	6.808E+00	6.987E+00	6.973E+00	6.980E+00	6.980E+00
5.900E-01	6.953E+00	2.130E-01	6.345E+00	6.771E+00	6.960E+00	6.947E+00	6.953E+00	6.954E+00
6.000E-01	6.926E+00	1.986E-01	6.337E+00	6.734E+00	6.933E+00	6.920E+00	6.926E+00	6.927E+00
6.100E-01	6.899E+00	1.844E-01	6.329E+00	6.698E+00	6.906E+00	6.893E+00	6.899E+00	6.900E+00
6.200E-01	6.872E+00	1.703E-01	6.321E+00	6.661E+00	6.878E+00	6.865E+00	6.871E+00	6.872E+00
6.300E-01	6.844E+00	1.565E-01	6.312E+00	6.625E+00	6.850E+00	6.838E+00	6.844E+00	6.845E+00
6.400E-01	6.816E+00	1.429E-01	6.303E+00	6.589E+00	6.822E+00	6.810E+00	6.816E+00	6.817E+00
6.500E-01	6.788E+00	1.294E-01	6.294E+00	6.553E+00	6.794E+00	6.782E+00	6.788E+00	6.789E+00
6.600E-01	6.760E+00	1.161E-01	6.285E+00	6.517E+00	6.766E+00	6.754E+00	6.760E+00	6.761E+00
6.700E-01	6.732E+00	1.031E-01	6.275E+00	6.481E+00	6.738E+00	6.726E+00	6.731E+00	6.732E+00
6.800E-01	6.703E+00	9.020E-02	6.266E+00	6.446E+00	6.709E+00	6.698E+00	6.703E+00	6.704E+00
6.900E-01	6.675E+00	7.752E-02	6.256E+00	6.411E+00	6.680E+00	6.669E+00	6.674E+00	6.675E+00
7.000E-01	6.646E+00	6.503E-02	6.246E+00	6.376E+00	6.651E+00	6.640E+00	6.645E+00	6.646E+00
7.100E-01	6.617E+00	5.275E-02	6.236E+00	6.341E+00	6.622E+00	6.611E+00	6.616E+00	6.617E+00
7.200E-01	6.587E+00	4.068E-02	6.226E+00	6.306E+00	6.593E+00	6.582E+00	6.587E+00	6.588E+00
7.300E-01	6.558E+00	2.885E-02	6.215E+00	6.272E+00	6.563E+00	6.553E+00	6.558E+00	6.559E+00
7.400E-01	6.529E+00	1.737E-02	6.205E+00	6.238E+00	6.534E+00	6.524E+00	6.528E+00	6.529E+00
7.500E-01	6.499E+00	7.080E-03	6.194E+00	6.204E+00	6.504E+00	6.494E+00	6.499E+00	6.499E+00
7.600E-01	6.469E+00	8.007E-03	6.183E+00	6.170E+00	6.474E+00	6.464E+00	6.469E+00	6.470E+00
7.700E-01	6.439E+00	1.820E-02	6.171E+00	6.136E+00	6.444E+00	6.435E+00	6.439E+00	6.440E+00
7.800E-01	6.409E+00	2.896E-02	6.160E+00	6.103E+00	6.414E+00	6.405E+00	6.409E+00	6.410E+00
7.900E-01	6.379E+00	3.968E-02	6.148E+00	6.070E+00	6.384E+00	6.374E+00	6.379E+00	6.379E+00
8.000E-01	6.349E+00	5.027E-02	6.137E+00	6.036E+00	6.353E+00	6.344E+00	6.348E+00	6.349E+00
8.100E-01	6.318E+00	6.070E-02	6.125E+00	6.004E+00	6.323E+00	6.314E+00	6.318E+00	6.319E+00
8.200E-01	6.288E+00	7.096E-02	6.112E+00	5.971E+00	6.292E+00	6.284E+00	6.287E+00	6.288E+00
8.300E-01	6.257E+00	8.104E-02	6.100E+00	5.938E+00	6.261E+00	6.253E+00	6.257E+00	6.258E+00
8.400E-01	6.226E+00	9.095E-02	6.088E+00	5.906E+00	6.230E+00	6.222E+00	6.226E+00	6.227E+00
8.500E-01	6.195E+00	1.007E-01	6.075E+00	5.874E+00	6.199E+00	6.192E+00	6.195E+00	6.196E+00
8.600E-01	6.164E+00	1.102E-01	6.062E+00	5.842E+00	6.168E+00	6.161E+00	6.164E+00	6.165E+00
8.700E-01	6.133E+00	1.196E-01	6.049E+00	5.810E+00	6.137E+00	6.130E+00	6.133E+00	6.134E+00
8.800E-01	6.102E+00	1.288E-01	6.036E+00	5.778E+00	6.106E+00	6.099E+00	6.102E+00	6.103E+00
8.900E-01	6.071E+00	1.378E-01	6.022E+00	5.747E+00	6.074E+00	6.068E+00	6.070E+00	6.071E+00
9.000E-01	6.040E+00	1.467E-01	6.009E+00	5.715E+00	6.043E+00	6.036E+00	6.039E+00	6.040E+00
9.100E-01	6.008E+00	1.553E-01	5.995E+00	5.684E+00	6.011E+00	6.005E+00	6.008E+00	6.009E+00
9.200E-01	5.977E+00	1.638E-01	5.981E+00	5.653E+00	5.980E+00	5.974E+00	5.976E+00	5.977E+00
9.300E-01	5.945E+00	1.721E-01	5.967E+00	5.622E+00	5.948E+00	5.942E+00	5.945E+00	5.946E+00
9.400E-01	5.913E+00	1.803E-01	5.952E+00	5.592E+00	5.916E+00	5.911E+00	5.913E+00	5.914E+00
9.500E-01	5.882E+00	1.882E-01	5.938E+00	5.561E+00	5.885E+00	5.879E+00	5.881E+00	5.882E+00
9.600E-01	5.850E+00	1.960E-01	5.923E+00	5.531E+00	5.853E+00	5.847E+00	5.849E+00	5.851E+00
9.700E-01	5.818E+00	2.037E-01	5.908E+00	5.501E+00	5.821E+00	5.816E+00	5.818E+00	5.819E+00
9.800E-01	5.786E+00	2.111E-01	5.893E+00	5.471E+00	5.789E+00	5.784E+00	5.786E+00	5.787E+00
9.900E-01	5.754E+00	2.184E-01	5.878E+00	5.441E+00	5.757E+00	5.752E+00	5.754E+00	5.755E+00
1.000E+00	5.722E+00	2.255E-01	5.862E+00	5.411E+00	5.725E+00	5.720E+00	5.722E+00	5.723E+00
1.010E+00	5.690E+00	2.324E-01	5.847E+00	5.382E+00	5.692E+00	5.688E+00	5.690E+00	5.691E+00
1.020E+00	5.658E+00	2.392E-01	5.831E+00	5.352E+00	5.660E+00	5.656E+00	5.658E+00	5.659E+00
1.030E+00	5.626E+00	2.458E-01	5.815E+00	5.323E+00	5.628E+00	5.624E+00	5.626E+00	5.627E+00
1.040E+00	5.594E+00	2.522E-01	5.799E+00	5.294E+00	5.596E+00	5.592E+00	5.593E+00	5.595E+00
1.050E+00	5.562E+00	2.585E-01	5.782E+00	5.265E+00	5.564E+00	5.560E+00	5.561E+00	5.562E+00
1.060E+00	5.530E+00	2.646E-01	5.766E+00	5.237E+00	5.531E+00	5.528E+00	5.529E+00	5.530E+00
1.070E+00	5.497E+00	2.706E-01	5.749E+00	5.208E+00	5.499E+00	5.496E+00	5.497E+00	5.498E+00
1.080E+00	5.465E+00	2.763E-01	5.732E+00	5.180E+00	5.467E+00	5.464E+00	5.465E+00	5.466E+00
1.090E+00	5.433E+00	2.820E-01	5.715E+00	5.152E+00	5.434E+00	5.432E+00	5.432E+00	5.433E+00
1.100E+00	5.401E+00	2.874E-01	5.698E+00	5.123E+00	5.402E+00	5.400E+00	5.400E+00	5.401E+00
1.110E+00	5.368E+00	2.927E-01	5.681E+00	5.096E+00	5.369E+00	5.367E+00	5.368E+00	5.369E+00
1.120E+00	5.336E+00	2.978E-01	5.663E+00	5.068E+00	5.337E+00	5.335E+00	5.335E+00	5.337E+00
1.130E+00	5.304E+00	3.028E-01	5.646E+00	5.040E+00	5.305E+00	5.303E+00	5.303E+00	5.304E+00
1.140E+00	5.271E+00	3.076E-01	5.628E+00	5.013E+00	5.272E+00	5.271E+00	5.271E+00	5.272E+00
1.150E+00	5.239E+00	3.123E-01	5.610E+00	4.985E+00	5.240E+00	5.239E+00	5.239E+00	5.240E+00
1.160E+00	5.207E+00	3.168E-01	5.592E+00	4.958E+00	5.207E+00	5.206E+00	5.206E+00	5.207E+00
1.170E+00	5.174E+00	3.212E-01	5.573E+00	4.931E+00	5.175E+00	5.174E+00	5.174E+00	5.175E+00
1.180E+00	5.142E+00	3.254E-01	5.555E+00	4.904E+00	5.142E+00	5.142E+00	5.142E+00	5.143E+00
1.190E+00	5.110E+00	3.294E-01	5.536E+00	4.878E+00	5.110E+00	5.110E+00	5.109E+00	5.111E+00
1.200E+00	5.078E+00	3.333E-01	5.518E+00	4.851E+00	5.078E+00	5.078E+00	5.077E+00	5.078E+00
1.210E+00	5.045E+00	3.370E-01	5.499E+00	4.825E+00	5.045E+00	5.045E+00	5.045E+00	5.046E+00
1.220E+00	5.013E+00	3.406E-01	5.480E+00	4.798E+00	5.013E+00	5.013E+00	5.013E+00	5.014E+00
1.230E+00	4.981E+00	3.441E-01	5.460E+00	4.772E+00	4.981E+00	4.981E+00	4.980E+00	4.982E+00
1.240E+00	4.949E+00	3.474E-01	5.441E+00	4.746E+00	4.948E+00	4.949E+00	4.948E+00	4.949E+00
1.250E+00	4.917E+00	3.505E-01	5.421E+00	4.720E+00	4.916E+00	4.917E+00	4.916E+00	4.917E+00
1.260E+00	4.884E+00	3.535E-01	5.402E+00	4.695E+00	4.884E+00	4.885E+00	4.884E+00	4.885E+00
1.270E+00	4.852E+00	3.564E-01	5.382E+00	4.669E+00	4.852E+00	4.853E+00	4.852E+00	4.853E+00
1.280E+00	4.820E+00	3.591E-01	5.362E+00	4.644E+00	4.820E+00	4.821E+00	4.820E+00	4.821E+00
1.290E+00	4.788E+00	3.617E-01	5.342E+00	4.618E+00	4.787E+00	4.789E+00	4.788E+00	4.789E+00
1.300E+00	4.756E+00	3.641E-01	5.321E+00	4.593E+00	4.755E+00	4.757E+00	4.756E+00	4.757E+00
1.310E+00	4.724E+00	3.664E-01	5.301E+00	4.568E+00	4.723E+00	4.725E+00	4.724E+00	4.725E+00
1.320E+00	4.692E+00	3.686E-01	5.280E+00	4.543E+00	4.691E+00	4.694E+00	4.692E+00	4.693E+00
1.330E+00	4.661E+00	3.706E-01	5.260E+00	4.518E+00	4.659E+00	4.662E+00	4.660E+00	4.661E+00
1.340E+00	4.629E+00	3.725E-01	5.239E+00	4.494E+00	4.627E+00	4.630E+00	4.628E+00	4.629E+00
1.350E+00	4.597E+00	3.742E-01	5.218E+00	4.469E+00	4.596E+00	4.598E+00	4.596E+00	4.598E+00
1.360E+00	4.565E+00	3.758E-01	5.197E+00	4.445E+00	4.564E+00	4.567E+00	4.565E+00	4.566E+00
1.370E+00	4.534E+00	3.773E-01	5.175E+00	4.421E+00	4.532E+00	4.535E+00	4.533E+00	4.534E+00
1.380E+00	4.502E+00	3.787E-01	5.154E+00	4.397E+00	4.500E+00	4.504E+00	4.501E+00	4.503E+00
1.390E+00	4.471E+00	3.799E-01	5.132E+00	4.373E+00	4.469E+00	4.472E+00	4.470E+00	4.471E+00
1.400E+00	4.439E+00	3.810E-01	5.111E+00	4.349E+00	4.437E+00	4.441E+00	4.438E+00	4.440E+00
1.410E+00	4.408E+00	3.820E-01	5.089E+00	4.325E+00	4.406E+00	4.410E+00	4.407E+00	4.408E+00
1.420E+00	4.376E+00	3.828E-01	5.067E+00	4.302E+00	4.374E+00	4.379E+00	4.376E+00	4.377E+00
1.430E+00	4.345E+00	3.835E-01	5.045E+00	4.278E+00	4.343E+00	4.347E+00	4.345E+00	4.346E+00
1.440E+00	4.314E+00	3.841E-01	5.023E+00	4.255E+00	4.312E+00	4.316E+00	4.313E+00	4.315E+00
1.450E+00	4.283E+00	3.846E-01	5.001E+00	4.232E+00	4.281E+00	4.285E+00	4.282E+00	4.284E+00
1.460E+00	4.252E+00	3.849E-01	4.978E+00	4.209E+00	4.249E+00	4.254E+00	4.251E+00	4.253E+00
1.470E+00	4.221E+00	3.851E-01	4.956E+00	4.186E+00	4.218E+00	4.223E+00	4.220E+00	4.222E+00
1.480E+00	4.190E+00	3.852E-01	4.933E+00	4.163E+00	4.187E+00	4.193E+00	4.189E+00	4.191E+00
1.490E+00	4.159E+00	3.852E-01	4.911E+00	4.140E+00	4.157E+00	4.162E+00	4.159E+00	4.160E+00
1.500E+00	4.129E+00	3.851E-01	4.888E+00	4.118E+00	4.126E+00	4.131E+00	4.128E+00	4.129E+00
1.510E+00	4.098E+00	3.849E-01	4.865E+00	4.095E+00	4.095E+00	4.101E+00	4.097E+00	4.099E+00
1.520E+00	4.067E+00	3.845E-01	4.842E+00	4.073E+00	4.064E+00	4.070E+00	4.067E+00	4.068E+00
1.530E+00	4.037E+00	3.840E-01	4.819E+00	4.051E+00	4.034E+00	4.040E+00	4.036E+00	4.038E+00
1.540E+00	4.007E+00	3.835E-01	4.796E+00	4.029E+00	4.003E+00	4.010E+00	4.006E+00	4.007E+00
1.550E+00	3.976E+00	3.828E-01	4.772E+00	4.007E+00	3.973E+00	3.979E+00	3.976E+00	3.977E+00
1.560E+00	3.946E+00	3.820E-01	4.749E+00	3.985E+00	3.943E+00	3.949E+00	3.945E+00	3.947E+00
1.570E+00	3.916E+00	3.811E-01	4.725E+00	3.963E+00	3.913E+00	3.919E+00	3.915E+00	3.917E+00
1.580E+00	3.886E+00	3.801E-01	4.702E+00	3.942E+00	3.883E+00	3.889E+00	3.885E+00	3.887E+00
1.590E+00	3.856E+00	3.790E-01	4.678E+00	3.920E+00	3.853E+00	3.860E+00	3.855E+00	3.857E+00
1.600E+00	3.826E+00	3.777E-01	4.654E+00	3.899E+00	3.823E+00	3.830E+00	3.826E+00	3.827E+00
1.610E+00	3.797E+00	3.764E-01	4.630E+00	3.878E+00	3.793E+00	3.800E+00	3.796E+00	3.797E+00
1.620E+00	3.767E+00	3.750E-01	4.607E+00	3.857E+00	3.763E+00	3.771E+00	3.766E+00	3.768E+00
1.630E+00	3.738E+00	3.735E-01	4.582E+00	3.836E+00	3.734E+00	3.741E+00	3.737E+00	3.738E+00
1.640E+00	3.708E+00	3.719E-01	4.558E+00	3.815E+00	3.704E+00	3.712E+00	3.708E+00	3.709E+00
1.650E+00	3.679E+00	3.702E-01	4.534E+00	3.794E+00	3.675E+00	3.683E+00	3.678E+00	3.680E+00
1.660E+00	3.650E+00	3.684E-01	4.510E+00	3.773E+00	3.646E+00	3.654E+00	3.649E+00	3.650E+00
1.670E+00	3.621E+00	3.665E-01	4.486E+00	3.753E+00	3.617E+00	3.625E+00	3.620E+00	3.621E+00
1.680E+00	3.592E+00	3.645E-01	4.461E+00	3.732E+00	3.588E+00	3.596E+00	3.591E+00	3.592E+00
1.690E+00	3.563E+00	3.624E-01	4.437E+00	3.712E+00	3.559E+00	3.567E+00	3.562E+00	3.564E+00
1.700E+00	3.534E+00	3.602E-01	4.412E+00	3.692E+00	3.530E+00	3.539E+00	3.534E+00	3.535E+00
1.710E+00	3.506E+00	3.579E-01	4.387E+00	3.672E+00	3.501E+00	3.510E+00	3.505E+00	3.506E+00
1.720E+00	3.477E+00	3.556E-01	4.363E+00	3.652E+00	3.473E+00	3.482E+00	3.476E+00	3.478E+00
1.730E+00	3.449E+00	3.532E-01	4.338E+00	3.632E+00	3.444E+00	3.453E+00	3.448E+00	3.449E+00
1.740E+00	3.421E+00	3.507E-01	4.313E+00	3.612E+00	3.416E+00	3.425E+00	3.420E+00	3.421E+00
1.750E+00	3.392E+00	3.481E-01	4.288E+00	3.592E+00	3.388E+00	3.397E+00	3.392E+00	3.393E+00
1.760E+00	3.364E+00	3.454E-01	4.263E+00	3.573E+00	3.360E+00	3.369E+00	3.364E+00	3.365E+00
1.770E+00	3.337E+00	3.426E-01	4.238E+00	3.553E+00	3.332E+00	3.341E+00	3.336E+00	3.337E+00
1.780E+00	3.309E+00	3.398E-01	4.213E+00	3.534E+00	3.304E+00	3.314E+00	3.308E+00	3.309E+00
1.790E+00	3.281E+00	3.369E-01	4.188E+00	3.515E+00	3.276E+00	3.286E+00	3.280E+00	3.282E+00
1.800E+00	3.254E+00	3.339E-01	4.163E+00	3.496E+00	3.249E+00	3.258E+00	3.253E+00	3.254E+00
1.810E+00	3.226E+00	3.308E-01	4.138E+00	3.477E+00	3.221E+00	3.231E+00	3.225E+00	3.227E+00
1.820E+00	3.199E+00	3.277E-01	4.113E+00	3.458E+00	3.194E+00	3.204E+00	3.198E+00	3.200E+00
1.830E+00	3.172E+00	3.245E-01	4.088E+00	3.439E+00	3.167E+00	3.177E+00	3.171E+00	3.172E+00
1.840E+00	3.145E+00	3.212E-01	4.062E+00	3.420E+00	3.140E+00	3.150E+00	3.144E+00	3.145E+00
1.850E+00	3.118E+00	3.178E-01	4.037E+00	3.401E+00	3.113E+00	3.123E+00	3.117E+00	3.119E+00
1.860E+00	3.091E+00	3.144E-01	4.012E+00	3.383E+00	3.086E+00	3.096E+00	3.090E+00	3.092E+00
1.870E+00	3.064E+00	3.109E-01	3.986E+00	3.365E+00	3.059E+00	3.070E+00	3.064E+00	3.065E+00
1.880E+00	3.038E+00	3.074E-01	3.961E+00	3.346E+00	3.033E+00	3.043E+00	3.037E+00	3.039E+00
1.890E+00	3.012E+00	3.038E-01	3.935E+00	3.328E+00	3.006E+00	3.017E+00	3.011E+00	3.012E+00
1.900E+00	2.985E+00	3.001E-01	3.910E+00	3.310E+00	2.980E+00	2.991E+00	2.985E+00	2.986E+00
1.910E+00	2.959E+00	2.964E-01	3.885E+00	3.292E+00	2.954E+00	2.965E+00	2.959E+00	2.960E+00
1.920E+00	2.933E+00	2.926E-01	3.859E+00	3.274E+00	2.928E+00	2.939E+00	2.933E+00	2.934E+00
1.930E+00	2.907E+00	2.888E-01	3.834E+00	3.256E+00	2.902E+00	2.913E+00	2.907E+00	2.908E+00
1.940E+00	2.882E+00	2.849E-01	3.808E+00	3.238E+00	2.876E+00	2.887E+00	2.881E+00	2.882E+00
1.950E+00	2.856E+00	2.809E-01	3.782E+00	3.221E+00	2.851E+00	2.862E+00	2.856E+00	2.857E+00
1.960E+00	2.831E+00	2.769E-01	3.757E+00	3.203E+00	2.825E+00	2.836E+00	2.830E+00	2.831E+00
1.970E+00	2.805E+00	2.728E-01	3.731E+00	3.186E+00	2.800E+00	2.811E+00	2.805E+00	2.806E+00
1.980E+00	2.780E+00	2.687E-01	3.706E+00	3.168E+00	2.775E+00	2.786E+00	2.780E+00	2.781E+00
1.990E+00	2.755E+00	2.645E-01	3.680E+00	3.151E+00	2.750E+00	2.761E+00	2.755E+00	2.756E+00
2.000E+00	2.730E+00	2.603E-01	3.655E+00	3.134E+00	2.725E+00	2.736E+00	2.730E+00	2.731E+00
2.010E+00	2.706E+00	2.561E-01	3.629E+00	3.117E+00	2.700E+00	2.712E+00	2.705E+00	2.706E+00
2.020E+00	2.681E+00	2.518E-01	3.603E+00	3.100E+00	2.675E+00	2.687E+00	2.680E+00	2.682E+00
2.030E+00	2.657E+00	2.474E-01	3.578E+00	3.083E+00	2.651E+00	2.663E+00	2.656E+00	2.657E+00
2.040E+00	2.632E+00	2.430E-01	3.552E+00	3.066E+00	2.626E+00	2.638E+00	2.632E+00	2.633E+00
2.050E+00	2.608E+00	2.386E-01	3.527E+00	3.050E+00	2.602E+00	2.614E+00	2.607E+00	2.609E+00
2.060E+00	2.584E+00	2.341E-01	3.501E+00	3.033E+00	2.578E+00	2.590E+00	2.583E+00	2.585E+00
2.070E+00	2.560E+00	2.296E-01	3.476E+00	3.017E+00	2.554E+00	2.566E+00	2.560E+00	2.561E+00
2.080E+00	2.536E+00	2.251E-01	3.450E+00	3.000E+00	2.530E+00	2.543E+00	2.536E+00	2.537E+00
2.090E+00	2.513E+00	2.205E-01	3.425E+00	2.984E+00	2.507E+00	2.519E+00	2.512E+00	2.514E+00
2.100E+00	2.489E+00	2.159E-01	3.399E+00	2.968E+00	2.483E+00	2.496E+00	2.489E+00	2.490E+00
2.110E+00	2.466E+00	2.112E-01	3.374E+00	2.951E+00	2.460E+00	2.472E+00	2.465E+00	2.467E+00
2.120E+00	2.443E+00	2.065E-01	3.348E+00	2.935E+00	2.437E+00	2.449E+00	2.442E+00	2.443E+00
2.130E+00	2.420E+00	2.018E-01	3.323E+00	2.919E+00	2.414E+00	2.426E+00	2.419E+00	2.420E+00
2.140E+00	2.397E+00	1.970E-01	3.297E+00	2.904E+00	2.391E+00	2.403E+00	2.396E+00	2.398E+00
2.150E+00	2.374E+00	1.923E-01	3.272E+00	2.888E+00	2.368E+00	2.380E+00	2.373E+00	2.375E+00
2.160E+00	2.351E+00	1.875E-01	3.247E+00	2.872E+00	2.345E+00	2.358E+00	2.351E+00	2.352E+00
2.170E+00	2.329E+00	1.826E-01	3.221E+00	2.856E+00	2.323E+00	2.335E+00	2.328E+00	2.330E+00
2.180E+00	2.307E+00	1.778E-01	3.196E+00	2.841E+00	2.300E+00	2.313E+00	2.306E+00	2.307E+00
2.190E+00	2.284E+00	1.729E-01	3.171E+00	2.825E+00	2.278E+00	2.291E+00	2.284E+00	2.285E+00
2.200E+00	2.262E+00	1.680E-01	3.146E+00	2.810E+00	2.256E+00	2.269E+00	2.262E+00	2.263E+00
2.210E+00	2.241E+00	1.631E-01	3.121E+00	2.795E+00	2.234E+00	2.247E+00	2.240E+00	2.241E+00
2.220E+00	2.219E+00	1.581E-01	3.095E+00	2.779E+00	2.212E+00	2.225E+00	2.218E+00	2.219E+00
2.230E+00	2.197E+00	1.532E-01	3.070E+00	2.764E+00	2.191E+00	2.204E+00	2.197E+00	2.198E+00
2.240E+00	2.176E+00	1.482E-01	3.045E+00	2.749E+00	2.169E+00	2.182E+00	2.175E+00	2.176E+00
2.250E+00	2.154E+00	1.432E-01	3.020E+00	2.734E+00	2.148E+00	2.161E+00	2.154E+00	2.155E+00
2.260E+00	2.133E+00	1.382E-01	2.996E+00	2.719E+00	2.127E+00	2.140E+00	2.133E+00	2.134E+00
2.270E+00	2.112E+00	1.332E-01	2.971E+00	2.705E+00	2.106E+00	2.119E+00	2.111E+00	2.113E+00
2.280E+00	2.091E+00	1.281E-01	2.946E+00	2.690E+00	2.085E+00	2.098E+00	2.091E+00	2.092E+00
2.290E+00	2.070E+00	1.231E-01	2.921E+00	2.675E+00	2.064E+00	2.077E+00	2.070E+00	2.071E+00
2.300E+00	2.050E+00	1.180E-01	2.896E+00	2.661E+00	2.043E+00	2.056E+00	2.049E+00	2.051E+00
2.310E+00	2.029E+00	1.129E-01	2.872E+00	2.646E+00	2.023E+00	2.036E+00	2.029E+00	2.030E+00
2.320E+00	2.009E+00	1.079E-01	2.847E+00	2.632E+00	2.003E+00	2.016E+00	2.008E+00	2.010E+00
2.330E+00	1.989E+00	1.028E-01	2.823E+00	2.618E+00	1.982E+00	1.996E+00	1.988E+00	1.990E+00
2.340E+00	1.969E+00	9.770E-02	2.798E+00	2.603E+00	1.962E+00	1.975E+00	1.968E+00	1.970E+00
2.350E+00	1.949E+00	9.261E-02	2.774E+00	2.589E+00	1.942E+00	1.956E+00	1.948E+00	1.950E+00
2.360E+00	1.929E+00	8.751E-02	2.750E+00	2.575E+00	1.923E+00	1.936E+00	1.929E+00	1.930E+00
2.370E+00	1.910E+00	8.241E-02	2.725E+00	2.561E+00	1.903E+00	1.916E+00	1.909E+00	1.910E+00
2.380E+00	1.890E+00	7.732E-02	2.701E+00	2.547E+00	1.884E+00	1.897E+00	1.890E+00	1.891E+00
2.390E+00	1.871E+00	7.222E-02	2.677E+00	2.533E+00	1.864E+00	1.877E+00	1.870E+00	1.871E+00
2.400E+00	1.852E+00	6.713E-02	2.653E+00	2.519E+00	1.845E+00	1.858E+00	1.851E+00	1.852E+00
2.410E+00	1.833E+00	6.204E-02	2.629E+00	2.506E+00	1.826E+00	1.839E+00	1.832E+00	1.833E+00
2.420E+00	1.814E+00	5.696E-02	2.605E+00	2.492E+00	1.807E+00	1.820E+00	1.813E+00	1.814E+00
2.430E+00	1.795E+00	5.188E-02	2.581E+00	2.479E+00	1.788E+00	1.802E+00	1.794E+00	1.796E+00
2.440E+00	1.776E+00	4.682E-02	2.558E+00	2.465E+00	1.770E+00	1.783E+00	1.776E+00	1.777E+00
2.450E+00	1.758E+00	4.178E-02	2.534E+00	2.452E+00	1.751E+00	1.764E+00	1.757E+00	1.758E+00
2.460E+00	1.739E+00	3.676E-02	2.511E+00	2.438E+00	1.733E+00	1.746E+00	1.739E+00	1.740E+00
2.470E+00	1.721E+00	3.176E-02	2.487E+00	2.425E+00	1.715E+00	1.728E+00	1.721E+00	1.722E+00
2.480E+00	1.703E+00	2.681E-02	2.464E+00	2.412E+00	1.697E+00	1.710E+00	1.703E+00	1.704E+00
2.490E+00	1.685E+00	2.193E-02	2.441E+00	2.399E+00	1.679E+00	1.692E+00	1.685E+00	1.686E+00
2.500E+00	1.668E+00	1.718E-02	2.417E+00	2.386E+00	1.661E+00	1.674E+00	1.667E+00	1.668E+00
2.510E+00	1.650E+00	1.267E-02	2.394E+00	2.373E+00	1.643E+00	1.657E+00	1.649E+00	1.650E+00
2.520E+00	1.632E+00	8.788E-03	2.371E+00	2.360E+00	1.626E+00	1.639E+00	1.632E+00	1.633E+00
2.530E+00	1.615E+00	6.696E-03	2.348E+00	2.347E+00	1.608E+00	1.622E+00	1.614E+00	1.616E+00
2.540E+00	1.598E+00	7.935E-03	2.326E+00	2.334E+00	1.591E+00	1.604E+00	1.597E+00	1.598E+00
2.550E+00	1.581E+00	1.146E-02	2.303E+00	2.322E+00	1.574E+00	1.587E+00	1.580E+00	1.581E+00
2.560E+00	1.564E+00	1.578E-02	2.280E+00	2.309E+00	1.557E+00	1.570E+00	1.563E+00	1.564E+00
2.570E+00	1.547E+00	2.040E-02	2.258E+00	2.296E+00	1.540E+00	1.554E+00	1.546E+00	1.547E+00
2.580E+00	1.530E+00	2.514E-02	2.235E+00	2.284E+00	1.524E+00	1.537E+00	1.530E+00	1.531E+00
2.590E+00	1.514E+00	2.994E-02	2.213E+00	2.271E+00	1.507E+00	1.520E+00	1.513E+00	1.514E+00
2.600E+00	1.497E+00	3.476E-02	2.191E+00	2.259E+00	1.491E+00	1.504E+00	1.497E+00	1.498E+00
2.610E+00	1.481E+00	3.958E-02	2.169E+00	2.247E+00	1.474E+00	1.488E+00	1.480E+00	1.482E+00
2.620E+00	1.465E+00	4.440E-02	2.147E+00	2.235E+00	1.458E+00	1.471E+00	1.464E+00	1.465E+00
2.630E+00	1.449E+00	4.922E-02	2.125E+00	2.222E+00	1.442E+00	1.455E+00	1.448E+00	1.449E+00
2.640E+00	1.433E+00	5.403E-02	2.103E+00	2.210E+00	1.426E+00	1.440E+00	1.432E+00	1.434E+00
2.650E+00	1.417E+00	5.882E-02	2.081E+00	2.198E+00	1.411E+00	1.424E+00	1.417E+00	1.418E+00
2.660E+00	1.402E+00	6.359E-02	2.060E+00	2.186E+00	1.395E+00	1.408E+00	1.401E+00	1.402E+00
2.670E+00	1.386E+00	6.834E-02	2.038E+00	2.174E+00	1.380E+00	1.393E+00	1.386E+00	1.387E+00
2.680E+00	1.371E+00	7.307E-02	2.017E+00	2.163E+00	1.364E+00	1.377E+00	1.370E+00	1.371E+00
2.690E+00	1.356E+00	7.779E-02	1.996E+00	2.151E+00	1.349E+00	1.362E+00	1.355E+00	1.356E+00
2.700E+00	1.340E+00	8.247E-02	1.975E+00	2.139E+00	1.334E+00	1.347E+00	1.340E+00	1.341E+00
2.710E+00	1.325E+00	8.714E-02	1.954E+00	2.127E+00	1.319E+00	1.332E+00	1.325E+00	1.326E+00
2.720E+00	1.311E+00	9.178E-02	1.933E+00	2.116E+00	1.304E+00	1.317E+00	1.310E+00	1.311E+00
2.730E+00	1.296E+00	9.639E-02	1.912E+00	2.104E+00	1.290E+00	1.302E+00	1.295E+00	1.296E+00
2.740E+00	1.281E+00	1.010E-01	1.891E+00	2.093E+00	1.275E+00	1.288E+00	1.281E+00	1.282E+00
2.750E+00	1.267E+00	1.055E-01	1.871E+00	2.082E+00	1.261E+00	1.273E+00	1.266E+00	1.267E+00
2.760E+00	1.253E+00	1.101E-01	1.850E+00	2.070E+00	1.246E+00	1.259E+00	1.252E+00	1.253E+00
2.770E+00	1.238E+00	1.146E-01	1.830E+00	2.059E+00	1.232E+00	1.245E+00	1.238E+00	1.239E+00
2.780E+00	1.224E+00	1.191E-01	1.810E+00	2.048E+00	1.218E+00	1.231E+00	1.224E+00	1.225E+00
2.790E+00	1.210E+00	1.235E-01	1.790E+00	2.037E+00	1.204E+00	1.217E+00	1.210E+00	1.211E+00
2.800E+00	1.197E+00	1.279E-01	1.770E+00	2.026E+00	1.190E+00	1.203E+00	1.196E+00	1.197E+00
2.810E+00	1.183E+00	1.323E-01	1.750E+00	2.015E+00	1.177E+00	1.189E+00	1.182E+00	1.183E+00
2.820E+00	1.169E+00	1.366E-01	1.731E+00	2.004E+00	1.163E+00	1.176E+00	1.169E+00	1.170E+00
2.830E+00	1.156E+00	1.410E-01	1.711E+00	1.993E+00	1.150E+00	1.162E+00	1.155E+00	1.156E+00
2.840E+00	1.143E+00	1.453E-01	1.692E+00	1.982E+00	1.136E+00	1.149E+00	1.142E+00	1.143E+00
2.850E+00	1.129E+00	1.495E-01	1.672E+00	1.971E+00	1.123E+00	1.136E+00	1.129E+00	1.130E+00
2.860E+00	1.116E+00	1.537E-01	1.653E+00	1.960E+00	1.110E+00	1.122E+00	1.116E+00	1.117E+00
2.870E+00	1.103E+00	1.579E-01	1.634E+00	1.950E+00	1.097E+00	1.109E+00	1.103E+00	1.104E+00
2.880E+00	1.090E+00	1.621E-01	1.615E+00	1.939E+00	1.084E+00	1.097E+00	1.090E+00	1.091E+00
2.890E+00	1.078E+00	1.662E-01	1.596E+00	1.929E+00	1.072E+00	1.084E+00	1.077E+00	1.078E+00
2.900E+00	1.065E+00	1.703E-01	1.578E+00	1.918E+00	1.059E+00	1.071E+00	1.065E+00	1.066E+00
2.910E+00	1.053E+00	1.743E-01	1.559E+00	1.908E+00	1.046E+00	1.059E+00	1.052E+00	1.053E+00
2.920E+00	1.040E+00	1.783E-01	1.541E+00	1.897E+00	1.034E+00	1.046E+00	1.040E+00	1.041E+00
2.930E+00	1.028E+00	1.823E-01	1.523E+00	1.887E+00	1.022E+00	1.034E+00	1.027E+00	1.028E+00
2.940E+00	1.016E+00	1.862E-01	1.504E+00	1.877E+00	1.010E+00	1.022E+00	1.015E+00	1.016E+00
2.950E+00	1.004E+00	1.901E-01	1.486E+00	1.866E+00	9.978E-01	1.010E+00	1.003E+00	1.004E+00
2.960E+00	9.918E-01	1.940E-01	1.469E+00	1.856E+00	9.859E-01	9.978E-01	9.914E-01	9.923E-01
2.970E+00	9.800E-01	1.978E-01	1.451E+00	1.846E+00	9.741E-01	9.860E-01	9.796E-01	9.805E-01
2.980E+00	9.684E-01	2.016E-01	1.433E+00	1.836E+00	9.625E-01	9.743E-01	9.679E-01	9.688E-01
2.990E+00	9.568E-01	2.053E-01	1.416E+00	1.826E+00	9.509E-01	9.627E-01	9.563E-01	9.572E-01
3.000E+00	9.453E-01	2.090E-01	1.398E+00	1.816E+00	9.395E-01	9.512E-01	9.449E-01	9.458E-01
