1.000E-02	7.885E+00	3.813E-03	7.889E+00	7.882E+00	7.887E+00	7.884E+00	7.885E+00	7.885E+00
2.000E-02	7.884E+00	3.792E-03	7.888E+00	7.881E+00	7.885E+00	7.883E+00	7.884E+00	7.884E+00
3.000E-02	7.882E+00	3.763E-03	7.886E+00	7.879E+00	7.884E+00	7.881E+00	7.882E+00	7.882E+00
4.000E-02	7.880E+00	3.728E-03	7.884E+00	7.877E+00	7.881E+00	7.879E+00	7.880E+00	7.880E+00
5.000E-02	7.877E+00	3.690E-03	7.881E+00	7.874E+00	7.879E+00	7.876E+00	7.877E+00	7.877E+00
6.000E-02	7.874E+00	3.647E-03	7.878E+00	7.871E+00	7.875E+00	7.873E+00	7.874E+00	7.874E+00
7.000E-02	7.870E+00	3.601E-03	7.874E+00	7.867E+00	7.872E+00	7.869E+00	7.870E+00	7.870E+00
8.000E-02	7.866E+00	3.553E-03	7.870E+00	7.863E+00	7.868E+00	7.865E+00	7.866E+00	7.866E+00
9.000E-02	7.862E+00	3.502E-03	7.865E+00	7.858E+00	7.863E+00	7.860E+00	7.862E+00	7.862E+00
1.000E-01	7.857E+00	3.449E-03	7.860E+00	7.854E+00	7.858E+00	7.855E+00	7.857E+00	7.857E+00
1.100E-01	7.851E+00	3.394E-03	7.854E+00	7.848E+00	7.853E+00	7.850E+00	7.851E+00	7.851E+00
1.200E-01	7.846E+00	3.338E-03	7.849E+00	7.842E+00	7.847E+00	7.844E+00	7.845E+00	7.846E+00
1.300E-01	7.839E+00	3.280E-03	7.842E+00	7.836E+00	7.841E+00	7.838E+00	7.839E+00	7.839E+00
1.400E-01	7.833E+00	3.221E-03	7.836E+00	7.830E+00	7.834E+00	7.831E+00	7.833E+00	7.833E+00
1.500E-01	7.826E+00	3.161E-03	7.829E+00	7.823E+00	7.827E+00	7.825E+00	7.826E+00	7.826E+00
1.600E-01	7.818E+00	3.100E-03	7.821E+00	7.816E+00	7.820E+00	7.817E+00	7.818E+00	7.819E+00
1.700E-01	7.811E+00	3.038E-03	7.814E+00	7.808E+00	7.812E+00	7.810E+00	7.811E+00	7.811E+00
1.800E-01	7.803E+00	2.976E-03	7.805E+00	7.800E+00	7.804E+00	7.802E+00	7.803E+00	7.803E+00
1.900E-01	7.794E+00	2.913E-03	7.797E+00	7.792E+00	7.796E+00	7.793E+00	7.794E+00	7.794E+00
2.000E-01	7.786E+00	2.850E-03	7.788E+00	7.783E+00	7.787E+00	7.784E+00	7.786E+00	7.786E+00
2.100E-01	7.777E+00	2.786E-03	7.779E+00	7.774E+00	7.778E+00	7.775E+00	7.776E+00	7.777E+00
2.200E-01	7.767E+00	2.723E-03	7.770E+00	7.765E+00	7.768E+00	7.766E+00	7.767E+00	7.767E+00
2.300E-01	7.757E+00	2.659E-03	7.760E+00	7.755E+00	7.759E+00	7.756E+00	7.757E+00	7.757E+00
2.400E-01	7.747E+00	2.596E-03	7.750E+00	7.745E+00	7.749E+00	7.746E+00	7.747E+00	7.747E+00
2.500E-01	7.737E+00	2.533E-03	7.739E+00	7.735E+00	7.738E+00	7.736E+00	7.737E+00	7.737E+00
2.600E-01	7.726E+00	2.470E-03	7.728E+00	7.724E+00	7.727E+00	7.725E+00	7.726E+00	7.726E+00
2.700E-01	7.715E+00	2.407E-03	7.717E+00	7.713E+00	7.716E+00	7.714E+00	7.715E+00	7.715E+00
2.800E-01	7.704E+00	2.345E-03	7.706E+00	7.702E+00	7.705E+00	7.703E+00	7.704E+00	7.704E+00
2.900E-01	7.692E+00	2.284E-03	7.694E+00	7.690E+00	7.693E+00	7.691E+00	7.692E+00	7.692E+00
3.000E-01	7.680E+00	2.223E-03	7.682E+00	7.678E+00	7.681E+00	7.679E+00	7.680E+00	7.680E+00
3.100E-01	7.668E+00	2.163E-03	7.670E+00	7.666E+00	7.669E+00	7.667E+00	7.668E+00	7.668E+00
3.200E-01	7.655E+00	2.104E-03	7.657E+00	7.654E+00	7.657E+00	7.654E+00	7.655E+00	7.655E+00
3.300E-01	7.643E+00	2.045E-03	7.644E+00	7.641E+00	7.644E+00	7.641E+00	7.642E+00	7.643E+00
3.400E-01	7.629E+00	1.988E-03	7.631E+00	7.628E+00	7.631E+00	7.628E+00	7.629E+00	7.629E+00
3.500E-01	7.616E+00	1.932E-03	7.617E+00	7.614E+00	7.617E+00	7.615E+00	7.616E+00	7.616E+00
3.600E-01	7.602E+00	1.877E-03	7.604E+00	7.601E+00	7.603E+00	7.601E+00	7.602E+00	7.602E+00
3.700E-01	7.588E+00	1.823E-03	7.590E+00	7.587E+00	7.589E+00	7.587E+00	7.588E+00	7.588E+00
3.800E-01	7.574E+00	1.770E-03	7.575E+00	7.573E+00	7.575E+00	7.573E+00	7.574E+00	7.574E+00
3.900E-01	7.559E+00	1.719E-03	7.561E+00	7.558E+00	7.561E+00	7.558E+00	7.559E+00	7.560E+00
4.000E-01	7.545E+00	1.670E-03	7.546E+00	7.544E+00	7.546E+00	7.544E+00	7.545E+00	7.545E+00
4.100E-01	7.530E+00	1.622E-03	7.531E+00	7.529E+00	7.531E+00	7.528E+00	7.530E+00	7.530E+00
4.200E-01	7.514E+00	1.576E-03	7.515E+00	7.513E+00	7.515E+00	7.513E+00	7.514E+00	7.514E+00
4.300E-01	7.499E+00	1.531E-03	7.500E+00	7.498E+00	7.500E+00	7.498E+00	7.499E+00	7.499E+00
4.400E-01	7.483E+00	1.488E-03	7.484E+00	7.482E+00	7.484E+00	7.482E+00	7.483E+00	7.483E+00
4.500E-01	7.467E+00	1.448E-03	7.468E+00	7.466E+00	7.468E+00	7.466E+00	7.467E+00	7.467E+00
4.600E-01	7.450E+00	1.409E-03	7.451E+00	7.450E+00	7.452E+00	7.449E+00	7.450E+00	7.451E+00
4.700E-01	7.434E+00	1.372E-03	7.435E+00	7.433E+00	7.435E+00	7.433E+00	7.434E+00	7.434E+00
4.800E-01	7.417E+00	1.338E-03	7.418E+00	7.416E+00	7.418E+00	7.416E+00	7.417E+00	7.417E+00
4.900E-01	7.400E+00	1.306E-03	7.401E+00	7.399E+00	7.401E+00	7.399E+00	7.400E+00	7.400E+00
5.000E-01	7.383E+00	1.276E-03	7.383E+00	7.382E+00	7.384E+00	7.382E+00	7.383E+00	7.383E+00
5.100E-01	7.365E+00	1.248E-03	7.366E+00	7.365E+00	7.366E+00	7.364E+00	7.365E+00	7.365E+00
5.200E-01	7.347E+00	1.222E-03	7.348E+00	7.347E+00	7.348E+00	7.346E+00	7.347E+00	7.347E+00
5.300E-01	7.329E+00	1.199E-03	7.330E+00	7.329E+00	7.330E+00	7.328E+00	7.329E+00	7.329E+00
5.400E-01	7.311E+00	1.179E-03	7.311E+00	7.311E+00	7.312E+00	7.310E+00	7.311E+00	7.311E+00
5.500E-01	7.293E+00	1.160E-03	7.293E+00	7.292E+00	7.294E+00	7.292E+00	7.293E+00	7.293E+00
5.600E-01	7.274E+00	1.144E-03	7.274E+00	7.274E+00	7.275E+00	7.273E+00	7.274E+00	7.274E+00
5.700E-01	7.255E+00	1.131E-03	7.255E+00	7.255E+00	7.256E+00	7.254E+00	7.255E+00	7.255E+00
5.800E-01	7.236E+00	1.119E-03	7.236E+00	7.236E+00	7.237E+00	7.235E+00	7.236E+00	7.236E+00
5.900E-01	7.217E+00	1.110E-03	7.217E+00	7.217E+00	7.218E+00	7.216E+00	7.217E+00	7.217E+00
6.000E-01	7.197E+00	1.102E-03	7.197E+00	7.197E+00	7.198E+00	7.196E+00	7.197E+00	7.197E+00
6.100E-01	7.177E+00	1.097E-03	7.177E+00	7.177E+00	7.179E+00	7.176E+00	7.177E+00	7.178E+00
6.200E-01	7.158E+00	1.093E-03	7.157E+00	7.158E+00	7.159E+00	7.156E+00	7.157E+00	7.158E+00
6.300E-01	7.137E+00	1.091E-03	7.137E+00	7.138E+00	7.139E+00	7.136E+00	7.137E+00	7.138E+00
6.400E-01	7.117E+00	1.091E-03	7.117E+00	7.117E+00	7.118E+00	7.116E+00	7.117E+00	7.117E+00
6.500E-01	7.097E+00	1.092E-03	7.096E+00	7.097E+00	7.098E+00	7.096E+00	7.096E+00	7.097E+00
6.600E-01	7.076E+00	1.095E-03	7.076E+00	7.076E+00	7.077E+00	7.075E+00	7.076E+00	7.076E+00
6.700E-01	7.055E+00	1.098E-03	7.055E+00	7.055E+00	7.056E+00	7.054E+00	7.055E+00	7.055E+00
6.800E-01	7.034E+00	1.103E-03	7.034E+00	7.034E+00	7.035E+00	7.033E+00	7.034E+00	7.034E+00
6.900E-01	7.013E+00	1.108E-03	7.012E+00	7.013E+00	7.014E+00	7.012E+00	7.013E+00	7.013E+00
7.000E-01	6.991E+00	1.114E-03	6.991E+00	6.992E+00	6.992E+00	6.990E+00	6.991E+00	6.991E+00
7.100E-01	6.970E+00	1.121E-03	6.969E+00	6.970E+00	6.971E+00	6.969E+00	6.969E+00	6.970E+00
7.200E-01	6.948E+00	1.128E-03	6.947E+00	6.948E+00	6.949E+00	6.947E+00	6.948E+00	6.948E+00
7.300E-01	6.926E+00	1.136E-03	6.925E+00	6.926E+00	6.927E+00	6.925E+00	6.926E+00	6.926E+00
7.400E-01	6.904E+00	1.143E-03	6.903E+00	6.904E+00	6.905E+00	6.903E+00	6.904E+00	6.904E+00
7.500E-01	6.881E+00	1.151E-03	6.881E+00	6.882E+00	6.882E+00	6.880E+00	6.881E+00	6.882E+00
7.600E-01	6.859E+00	1.159E-03	6.858E+00	6.860E+00	6.860E+00	6.858E+00	6.859E+00	6.859E+00
7.700E-01	6.836E+00	1.167E-03	6.836E+00	6.837E+00	6.837E+00	6.835E+00	6.836E+00	6.837E+00
7.800E-01	6.814E+00	1.175E-03	6.813E+00	6.814E+00	6.815E+00	6.813E+00	6.813E+00	6.814E+00
7.900E-01	6.791E+00	1.183E-03	6.790E+00	6.791E+00	6.792E+00	6.790E+00	6.790E+00	6.791E+00
8.000E-01	6.768E+00	1.190E-03	6.767E+00	6.768E+00	6.769E+00	6.767E+00	6.767E+00	6.768E+00
8.100E-01	6.744E+00	1.197E-03	6.744E+00	6.745E+00	6.745E+00	6.743E+00	6.744E+00	6.745E+00
8.200E-01	6.721E+00	1.204E-03	6.720E+00	6.722E+00	6.722E+00	6.720E+00	6.721E+00	6.721E+00
8.300E-01	6.697E+00	1.210E-03	6.697E+00	6.698E+00	6.698E+00	6.697E+00	6.697E+00	6.698E+00
8.400E-01	6.674E+00	1.216E-03	6.673E+00	6.675E+00	6.675E+00	6.673E+00	6.674E+00	6.674E+00
8.500E-01	6.650E+00	1.221E-03	6.649E+00	6.651E+00	6.651E+00	6.649E+00	6.650E+00	6.650E+00
8.600E-01	6.626E+00	1.225E-03	6.625E+00	6.627E+00	6.627E+00	6.625E+00	6.626E+00	6.626E+00
8.700E-01	6.602E+00	1.229E-03	6.601E+00	6.603E+00	6.603E+00	6.601E+00	6.602E+00	6.602E+00
8.800E-01	6.578E+00	1.232E-03	6.577E+00	6.579E+00	6.579E+00	6.577E+00	6.578E+00	6.578E+00
8.900E-01	6.553E+00	1.235E-03	6.553E+00	6.554E+00	6.554E+00	6.553E+00	6.553E+00	6.554E+00
9.000E-01	6.529E+00	1.237E-03	6.528E+00	6.530E+00	6.530E+00	6.528E+00	6.529E+00	6.529E+00
9.100E-01	6.504E+00	1.238E-03	6.504E+00	6.505E+00	6.505E+00	6.504E+00	6.504E+00	6.505E+00
9.200E-01	6.480E+00	1.238E-03	6.479E+00	6.481E+00	6.481E+00	6.479E+00	6.479E+00	6.480E+00
9.300E-01	6.455E+00	1.238E-03	6.454E+00	6.456E+00	6.456E+00	6.454E+00	6.455E+00	6.455E+00
9.400E-01	6.430E+00	1.237E-03	6.429E+00	6.431E+00	6.431E+00	6.429E+00	6.430E+00	6.430E+00
9.500E-01	6.405E+00	1.235E-03	6.404E+00	6.406E+00	6.406E+00	6.404E+00	6.405E+00	6.405E+00
9.600E-01	6.380E+00	1.232E-03	6.379E+00	6.381E+00	6.381E+00	6.379E+00	6.380E+00	6.380E+00
9.700E-01	6.355E+00	1.228E-03	6.354E+00	6.355E+00	6.355E+00	6.354E+00	6.354E+00	6.355E+00
9.800E-01	6.329E+00	1.224E-03	6.328E+00	6.330E+00	6.330E+00	6.328E+00	6.329E+00	6.329E+00
9.900E-01	6.304E+00	1.219E-03	6.303E+00	6.304E+00	6.305E+00	6.303E+00	6.303E+00	6.304E+00
1.000E+00	6.278E+00	1.213E-03	6.277E+00	6.279E+00	6.279E+00	6.277E+00	6.278E+00	6.278E+00
1.010E+00	6.252E+00	1.206E-03	6.252E+00	6.253E+00	6.253E+00	6.252E+00	6.252E+00	6.253E+00
1.020E+00	6.227E+00	1.198E-03	6.226E+00	6.227E+00	6.227E+00	6.226E+00	6.226E+00	6.227E+00
1.030E+00	6.201E+00	1.190E-03	6.200E+00	6.202E+00	6.202E+00	6.200E+00	6.201E+00	6.201E+00
1.040E+00	6.175E+00	1.180E-03	6.174E+00	6.176E+00	6.176E+00	6.174E+00	6.175E+00	6.175E+00
1.050E+00	6.149E+00	1.170E-03	6.148E+00	6.150E+00	6.150E+00	6.148E+00	6.149E+00	6.149E+00
1.060E+00	6.123E+00	1.159E-03	6.122E+00	6.123E+00	6.123E+00	6.122E+00	6.122E+00	6.123E+00
1.070E+00	6.096E+00	1.148E-03	6.096E+00	6.097E+00	6.097E+00	6.096E+00	6.096E+00	6.097E+00
1.080E+00	6.070E+00	1.135E-03	6.069E+00	6.071E+00	6.071E+00	6.069E+00	6.070E+00	6.070E+00
1.090E+00	6.044E+00	1.122E-03	6.043E+00	6.045E+00	6.045E+00	6.043E+00	6.044E+00	6.044E+00
1.100E+00	6.017E+00	1.109E-03	6.017E+00	6.018E+00	6.018E+00	6.017E+00	6.017E+00	6.018E+00
1.110E+00	5.991E+00	1.094E-03	5.990E+00	5.992E+00	5.992E+00	5.990E+00	5.991E+00	5.991E+00
1.120E+00	5.964E+00	1.079E-03	5.964E+00	5.965E+00	5.965E+00	5.964E+00	5.964E+00	5.965E+00
1.130E+00	5.938E+00	1.064E-03	5.937E+00	5.938E+00	5.938E+00	5.937E+00	5.937E+00	5.938E+00
1.140E+00	5.911E+00	1.047E-03	5.910E+00	5.912E+00	5.912E+00	5.910E+00	5.911E+00	5.911E+00
1.150E+00	5.884E+00	1.031E-03	5.883E+00	5.885E+00	5.885E+00	5.883E+00	5.884E+00	5.884E+00
1.160E+00	5.857E+00	1.013E-03	5.857E+00	5.858E+00	5.858E+00	5.857E+00	5.857E+00	5.858E+00
1.170E+00	5.830E+00	9.956E-04	5.830E+00	5.831E+00	5.831E+00	5.830E+00	5.830E+00	5.831E+00
1.180E+00	5.803E+00	9.775E-04	5.803E+00	5.804E+00	5.804E+00	5.803E+00	5.803E+00	5.804E+00
1.190E+00	5.776E+00	9.591E-04	5.776E+00	5.777E+00	5.777E+00	5.776E+00	5.776E+00	5.777E+00
1.200E+00	5.749E+00	9.404E-04	5.749E+00	5.750E+00	5.750E+00	5.749E+00	5.749E+00	5.750E+00
1.210E+00	5.722E+00	9.215E-04	5.722E+00	5.723E+00	5.723E+00	5.721E+00	5.722E+00	5.723E+00
1.220E+00	5.695E+00	9.026E-04	5.695E+00	5.695E+00	5.696E+00	5.694E+00	5.695E+00	5.695E+00
1.230E+00	5.668E+00	8.836E-04	5.667E+00	5.668E+00	5.668E+00	5.667E+00	5.667E+00	5.668E+00
1.240E+00	5.641E+00	8.646E-04	5.640E+00	5.641E+00	5.641E+00	5.640E+00	5.640E+00	5.641E+00
1.250E+00	5.613E+00	8.459E-04	5.613E+00	5.614E+00	5.614E+00	5.613E+00	5.613E+00	5.614E+00
1.260E+00	5.586E+00	8.275E-04	5.586E+00	5.586E+00	5.587E+00	5.585E+00	5.586E+00	5.586E+00
1.270E+00	5.558E+00	8.095E-04	5.558E+00	5.559E+00	5.559E+00	5.558E+00	5.558E+00	5.559E+00
1.280E+00	5.531E+00	7.920E-04	5.531E+00	5.531E+00	5.532E+00	5.530E+00	5.531E+00	5.531E+00
1.290E+00	5.504E+00	7.753E-04	5.503E+00	5.504E+00	5.504E+00	5.503E+00	5.503E+00	5.504E+00
1.300E+00	5.476E+00	7.596E-04	5.476E+00	5.476E+00	5.477E+00	5.476E+00	5.476E+00	5.476E+00
1.310E+00	5.449E+00	7.448E-04	5.448E+00	5.449E+00	5.449E+00	5.448E+00	5.448E+00	5.449E+00
1.320E+00	5.421E+00	7.314E-04	5.421E+00	5.421E+00	5.422E+00	5.420E+00	5.421E+00	5.421E+00
1.330E+00	5.394E+00	7.195E-04	5.393E+00	5.394E+00	5.394E+00	5.393E+00	5.393E+00	5.394E+00
1.340E+00	5.366E+00	7.092E-04	5.366E+00	5.366E+00	5.367E+00	5.365E+00	5.366E+00	5.366E+00
1.350E+00	5.338E+00	7.008E-04	5.338E+00	5.338E+00	5.339E+00	5.338E+00	5.338E+00	5.339E+00
1.360E+00	5.311E+00	6.945E-04	5.311E+00	5.311E+00	5.311E+00	5.310E+00	5.310E+00	5.311E+00
1.370E+00	5.283E+00	6.904E-04	5.283E+00	5.283E+00	5.284E+00	5.282E+00	5.283E+00	5.283E+00
1.380E+00	5.255E+00	6.888E-04	5.255E+00	5.255E+00	5.256E+00	5.255E+00	5.255E+00	5.256E+00
1.390E+00	5.228E+00	6.897E-04	5.228E+00	5.228E+00	5.228E+00	5.227E+00	5.227E+00	5.228E+00
1.400E+00	5.200E+00	6.934E-04	5.200E+00	5.200E+00	5.201E+00	5.200E+00	5.200E+00	5.200E+00
1.410E+00	5.172E+00	6.999E-04	5.173E+00	5.172E+00	5.173E+00	5.172E+00	5.172E+00	5.173E+00
1.420E+00	5.145E+00	7.091E-04	5.145E+00	5.144E+00	5.145E+00	5.144E+00	5.144E+00	5.145E+00
1.430E+00	5.117E+00	7.212E-04	5.117E+00	5.117E+00	5.118E+00	5.116E+00	5.117E+00	5.117E+00
1.440E+00	5.089E+00	7.361E-04	5.090E+00	5.089E+00	5.090E+00	5.089E+00	5.089E+00	5.090E+00
1.450E+00	5.062E+00	7.538E-04	5.062E+00	5.061E+00	5.062E+00	5.061E+00	5.061E+00	5.062E+00
1.460E+00	5.034E+00	7.741E-04	5.034E+00	5.033E+00	5.034E+00	5.033E+00	5.033E+00	5.034E+00
1.470E+00	5.006E+00	7.970E-04	5.007E+00	5.006E+00	5.007E+00	5.006E+00	5.006E+00	5.007E+00
1.480E+00	4.978E+00	8.223E-04	4.979E+00	4.978E+00	4.979E+00	4.978E+00	4.978E+00	4.979E+00
1.490E+00	4.951E+00	8.500E-04	4.951E+00	4.950E+00	4.951E+00	4.950E+00	4.950E+00	4.951E+00
1.500E+00	4.923E+00	8.798E-04	4.924E+00	4.923E+00	4.924E+00	4.923E+00	4.923E+00	4.924E+00
1.510E+00	4.895E+00	9.116E-04	4.896E+00	4.895E+00	4.896E+00	4.895E+00	4.895E+00	4.896E+00
1.520E+00	4.868E+00	9.454E-04	4.868E+00	4.867E+00	4.868E+00	4.867E+00	4.867E+00	4.868E+00
1.530E+00	4.840E+00	9.809E-04	4.841E+00	4.839E+00	4.841E+00	4.840E+00	4.840E+00	4.841E+00
1.540E+00	4.812E+00	1.018E-03	4.813E+00	4.812E+00	4.813E+00	4.812E+00	4.812E+00	4.813E+00
1.550E+00	4.785E+00	1.057E-03	4.786E+00	4.784E+00	4.785E+00	4.784E+00	4.784E+00	4.785E+00
1.560E+00	4.757E+00	1.097E-03	4.758E+00	4.756E+00	4.758E+00	4.757E+00	4.757E+00	4.758E+00
1.570E+00	4.730E+00	1.138E-03	4.731E+00	4.729E+00	4.730E+00	4.729E+00	4.729E+00	4.730E+00
1.580E+00	4.702E+00	1.181E-03	4.703E+00	4.701E+00	4.703E+00	4.702E+00	4.702E+00	4.703E+00
1.590E+00	4.675E+00	1.225E-03	4.676E+00	4.674E+00	4.675E+00	4.674E+00	4.674E+00	4.675E+00
1.600E+00	4.647E+00	1.270E-03	4.648E+00	4.646E+00	4.648E+00	4.647E+00	4.647E+00	4.648E+00
1.610E+00	4.620E+00	1.316E-03	4.621E+00	4.618E+00	4.620E+00	4.619E+00	4.619E+00	4.620E+00
1.620E+00	4.592E+00	1.363E-03	4.593E+00	4.591E+00	4.593E+00	4.592E+00	4.592E+00	4.593E+00
1.630E+00	4.565E+00	1.410E-03	4.566E+00	4.563E+00	4.565E+00	4.564E+00	4.564E+00	4.565E+00
1.640E+00	4.537E+00	1.459E-03	4.539E+00	4.536E+00	4.538E+00	4.537E+00	4.537E+00	4.538E+00
1.650E+00	4.510E+00	1.508E-03	4.511E+00	4.509E+00	4.510E+00	4.510E+00	4.510E+00	4.510E+00
1.660E+00	4.483E+00	1.558E-03	4.484E+00	4.481E+00	4.483E+00	4.482E+00	4.482E+00	4.483E+00
1.670E+00	4.455E+00	1.608E-03	4.457E+00	4.454E+00	4.456E+00	4.455E+00	4.455E+00	4.456E+00
1.680E+00	4.428E+00	1.660E-03	4.430E+00	4.427E+00	4.429E+00	4.428E+00	4.428E+00	4.429E+00
1.690E+00	4.401E+00	1.711E-03	4.403E+00	4.399E+00	4.401E+00	4.401E+00	4.401E+00	4.401E+00
1.700E+00	4.374E+00	1.764E-03	4.375E+00	4.372E+00	4.374E+00	4.373E+00	4.373E+00	4.374E+00
1.710E+00	4.347E+00	1.816E-03	4.348E+00	4.345E+00	4.347E+00	4.346E+00	4.346E+00	4.347E+00
1.720E+00	4.320E+00	1.870E-03	4.321E+00	4.318E+00	4.320E+00	4.319E+00	4.319E+00	4.320E+00
1.730E+00	4.293E+00	1.923E-03	4.294E+00	4.291E+00	4.293E+00	4.292E+00	4.292E+00	4.293E+00
1.740E+00	4.266E+00	1.977E-03	4.267E+00	4.264E+00	4.266E+00	4.265E+00	4.265E+00	4.266E+00
1.750E+00	4.239E+00	2.032E-03	4.241E+00	4.237E+00	4.239E+00	4.238E+00	4.238E+00	4.239E+00
1.760E+00	4.212E+00	2.086E-03	4.214E+00	4.210E+00	4.212E+00	4.211E+00	4.211E+00	4.212E+00
1.770E+00	4.185E+00	2.141E-03	4.187E+00	4.183E+00	4.185E+00	4.185E+00	4.184E+00	4.185E+00
1.780E+00	4.158E+00	2.197E-03	4.160E+00	4.156E+00	4.158E+00	4.158E+00	4.158E+00	4.159E+00
1.790E+00	4.131E+00	2.252E-03	4.134E+00	4.129E+00	4.132E+00	4.131E+00	4.131E+00	4.132E+00
1.800E+00	4.105E+00	2.308E-03	4.107E+00	4.102E+00	4.105E+00	4.104E+00	4.104E+00	4.105E+00
1.810E+00	4.078E+00	2.364E-03	4.080E+00	4.076E+00	4.078E+00	4.078E+00	4.078E+00	4.079E+00
1.820E+00	4.051E+00	2.420E-03	4.054E+00	4.049E+00	4.052E+00	4.051E+00	4.051E+00	4.052E+00
1.830E+00	4.025E+00	2.476E-03	4.027E+00	4.023E+00	4.025E+00	4.025E+00	4.025E+00	4.025E+00
1.840E+00	3.999E+00	2.533E-03	4.001E+00	3.996E+00	3.999E+00	3.998E+00	3.998E+00	3.999E+00
1.850E+00	3.972E+00	2.590E-03	3.975E+00	3.970E+00	3.972E+00	3.972E+00	3.972E+00	3.973E+00
1.860E+00	3.946E+00	2.646E-03	3.948E+00	3.943E+00	3.946E+00	3.946E+00	3.945E+00	3.946E+00
1.870E+00	3.920E+00	2.703E-03	3.922E+00	3.917E+00	3.920E+00	3.919E+00	3.919E+00	3.920E+00
1.880E+00	3.893E+00	2.760E-03	3.896E+00	3.891E+00	3.894E+00	3.893E+00	3.893E+00	3.894E+00
1.890E+00	3.867E+00	2.817E-03	3.870E+00	3.864E+00	3.867E+00	3.867E+00	3.867E+00	3.868E+00
1.900E+00	3.841E+00	2.874E-03	3.844E+00	3.838E+00	3.841E+00	3.841E+00	3.841E+00	3.842E+00
1.910E+00	3.815E+00	2.931E-03	3.818E+00	3.812E+00	3.815E+00	3.815E+00	3.815E+00	3.816E+00
1.920E+00	3.789E+00	2.988E-03	3.792E+00	3.786E+00	3.789E+00	3.789E+00	3.789E+00	3.790E+00
1.930E+00	3.763E+00	3.045E-03	3.766E+00	3.760E+00	3.764E+00	3.763E+00	3.763E+00	3.764E+00
1.940E+00	3.738E+00	3.102E-03	3.741E+00	3.735E+00	3.738E+00	3.737E+00	3.737E+00	3.738E+00
1.950E+00	3.712E+00	3.159E-03	3.715E+00	3.709E+00	3.712E+00	3.712E+00	3.711E+00	3.712E+00
1.960E+00	3.686E+00	3.216E-03	3.689E+00	3.683E+00	3.686E+00	3.686E+00	3.686E+00	3.687E+00
1.970E+00	3.661E+00	3.272E-03	3.664E+00	3.657E+00	3.661E+00	3.660E+00	3.660E+00	3.661E+00
1.980E+00	3.635E+00	3.329E-03	3.639E+00	3.632E+00	3.635E+00	3.635E+00	3.635E+00	3.636E+00
1.990E+00	3.610E+00	3.386E-03	3.613E+00	3.606E+00	3.610E+00	3.610E+00	3.609E+00	3.610E+00
2.000E+00	3.584E+00	3.442E-03	3.588E+00	3.581E+00	3.585E+00	3.584E+00	3.584E+00	3.585E+00
2.010E+00	3.559E+00	3.499E-03	3.563E+00	3.556E+00	3.559E+00	3.559E+00	3.559E+00	3.560E+00
2.020E+00	3.534E+00	3.555E-03	3.538E+00	3.531E+00	3.534E+00	3.534E+00	3.534E+00	3.535E+00
2.030E+00	3.509E+00	3.611E-03	3.513E+00	3.505E+00	3.509E+00	3.509E+00	3.508E+00	3.509E+00
2.040E+00	3.484E+00	3.667E-03	3.488E+00	3.480E+00	3.484E+00	3.484E+00	3.483E+00	3.484E+00
2.050E+00	3.459E+00	3.722E-03	3.463E+00	3.455E+00	3.459E+00	3.459E+00	3.458E+00	3.459E+00
2.060E+00	3.434E+00	3.778E-03	3.438E+00	3.430E+00	3.434E+00	3.434E+00	3.434E+00	3.435E+00
2.070E+00	3.409E+00	3.833E-03	3.413E+00	3.406E+00	3.410E+00	3.409E+00	3.409E+00	3.410E+00
2.080E+00	3.385E+00	3.888E-03	3.389E+00	3.381E+00	3.385E+00	3.385E+00	3.384E+00	3.385E+00
2.090E+00	3.360E+00	3.943E-03	3.364E+00	3.356E+00	3.360E+00	3.360E+00	3.360E+00	3.361E+00
2.100E+00	3.336E+00	3.998E-03	3.340E+00	3.332E+00	3.336E+00	3.335E+00	3.335E+00	3.336E+00
2.110E+00	3.311E+00	4.052E-03	3.315E+00	3.307E+00	3.311E+00	3.311E+00	3.311E+00	3.312E+00
2.120E+00	3.287E+00	4.106E-03	3.291E+00	3.283E+00	3.287E+00	3.287E+00	3.286E+00	3.287E+00
2.130E+00	3.263E+00	4.160E-03	3.267E+00	3.258E+00	3.263E+00	3.262E+00	3.262E+00	3.263E+00
2.140E+00	3.238E+00	4.213E-03	3.243E+00	3.234E+00	3.239E+00	3.238E+00	3.238E+00	3.239E+00
2.150E+00	3.214E+00	4.267E-03	3.219E+00	3.210E+00	3.214E+00	3.214E+00	3.214E+00	3.215E+00
2.160E+00	3.190E+00	4.320E-03	3.195E+00	3.186E+00	3.191E+00	3.190E+00	3.190E+00	3.191E+00
2.170E+00	3.167E+00	4.372E-03	3.171E+00	3.162E+00	3.167E+00	3.166E+00	3.166E+00	3.167E+00
2.180E+00	3.143E+00	4.424E-03	3.147E+00	3.138E+00	3.143E+00	3.143E+00	3.142E+00	3.143E+00
2.190E+00	3.119E+00	4.476E-03	3.124E+00	3.115E+00	3.119E+00	3.119E+00	3.119E+00	3.120E+00
2.200E+00	3.095E+00	4.528E-03	3.100E+00	3.091E+00	3.096E+00	3.095E+00	3.095E+00	3.096E+00
2.210E+00	3.072E+00	4.579E-03	3.077E+00	3.067E+00	3.072E+00	3.072E+00	3.071E+00	3.072E+00
2.220E+00	3.049E+00	4.630E-03	3.053E+00	3.044E+00	3.049E+00	3.048E+00	3.048E+00	3.049E+00
2.230E+00	3.025E+00	4.681E-03	3.030E+00	3.021E+00	3.025E+00	3.025E+00	3.025E+00	3.026E+00
2.240E+00	3.002E+00	4.731E-03	3.007E+00	2.997E+00	3.002E+00	3.002E+00	3.002E+00	3.003E+00
2.250E+00	2.979E+00	4.780E-03	2.984E+00	2.974E+00	2.979E+00	2.979E+00	2.978E+00	2.979E+00
2.260E+00	2.956E+00	4.830E-03	2.961E+00	2.951E+00	2.956E+00	2.956E+00	2.955E+00	2.956E+00
2.270E+00	2.933E+00	4.879E-03	2.938E+00	2.928E+00	2.933E+00	2.933E+00	2.932E+00	2.933E+00
2.280E+00	2.910E+00	4.927E-03	2.915E+00	2.905E+00	2.910E+00	2.910E+00	2.910E+00	2.911E+00
2.290E+00	2.887E+00	4.975E-03	2.892E+00	2.882E+00	2.887E+00	2.887E+00	2.887E+00	2.888E+00
2.300E+00	2.865E+00	5.023E-03	2.870E+00	2.860E+00	2.865E+00	2.865E+00	2.864E+00	2.865E+00
2.310E+00	2.842E+00	5.070E-03	2.847E+00	2.837E+00	2.842E+00	2.842E+00	2.842E+00	2.843E+00
2.320E+00	2.820E+00	5.117E-03	2.825E+00	2.815E+00	2.820E+00	2.820E+00	2.819E+00	2.820E+00
2.330E+00	2.798E+00	5.163E-03	2.803E+00	2.792E+00	2.798E+00	2.797E+00	2.797E+00	2.798E+00
2.340E+00	2.775E+00	5.209E-03	2.780E+00	2.770E+00	2.775E+00	2.775E+00	2.775E+00	2.776E+00
2.350E+00	2.753E+00	5.255E-03	2.758E+00	2.748E+00	2.753E+00	2.753E+00	2.753E+00	2.754E+00
2.360E+00	2.731E+00	5.300E-03	2.736E+00	2.726E+00	2.731E+00	2.731E+00	2.731E+00	2.732E+00
2.370E+00	2.709E+00	5.344E-03	2.715E+00	2.704E+00	2.709E+00	2.709E+00	2.709E+00	2.710E+00
2.380E+00	2.687E+00	5.388E-03	2.693E+00	2.682E+00	2.687E+00	2.687E+00	2.687E+00	2.688E+00
2.390E+00	2.666E+00	5.432E-03	2.671E+00	2.660E+00	2.666E+00	2.666E+00	2.665E+00	2.666E+00
2.400E+00	2.644E+00	5.475E-03	2.650E+00	2.639E+00	2.644E+00	2.644E+00	2.644E+00	2.645E+00
2.410E+00	2.623E+00	5.517E-03	2.628E+00	2.617E+00	2.623E+00	2.623E+00	2.622E+00	2.623E+00
2.420E+00	2.601E+00	5.559E-03	2.607E+00	2.596E+00	2.601E+00	2.601E+00	2.601E+00	2.602E+00
2.430E+00	2.580E+00	5.601E-03	2.586E+00	2.574E+00	2.580E+00	2.580E+00	2.579E+00	2.580E+00
2.440E+00	2.559E+00	5.642E-03	2.564E+00	2.553E+00	2.559E+00	2.559E+00	2.558E+00	2.559E+00
2.450E+00	2.538E+00	5.682E-03	2.543E+00	2.532E+00	2.538E+00	2.538E+00	2.537E+00	2.538E+00
2.460E+00	2.517E+00	5.722E-03	2.522E+00	2.511E+00	2.517E+00	2.517E+00	2.516E+00	2.517E+00
2.470E+00	2.496E+00	5.761E-03	2.502E+00	2.490E+00	2.496E+00	2.496E+00	2.495E+00	2.496E+00
2.480E+00	2.475E+00	5.800E-03	2.481E+00	2.469E+00	2.475E+00	2.475E+00	2.475E+00	2.476E+00
2.490E+00	2.454E+00	5.839E-03	2.460E+00	2.449E+00	2.454E+00	2.454E+00	2.454E+00	2.455E+00
2.500E+00	2.434E+00	5.876E-03	2.440E+00	2.428E+00	2.434E+00	2.434E+00	2.433E+00	2.434E+00
2.510E+00	2.413E+00	5.914E-03	2.419E+00	2.408E+00	2.413E+00	2.414E+00	2.413E+00	2.414E+00
2.520E+00	2.393E+00	5.950E-03	2.399E+00	2.387E+00	2.393E+00	2.393E+00	2.393E+00	2.394E+00
2.530E+00	2.373E+00	5.986E-03	2.379E+00	2.367E+00	2.373E+00	2.373E+00	2.372E+00	2.373E+00
2.540E+00	2.353E+00	6.022E-03	2.359E+00	2.347E+00	2.353E+00	2.353E+00	2.352E+00	2.353E+00
2.550E+00	2.333E+00	6.057E-03	2.339E+00	2.327E+00	2.333E+00	2.333E+00	2.332E+00	2.333E+00
2.560E+00	2.313E+00	6.091E-03	2.319E+00	2.307E+00	2.313E+00	2.313E+00	2.312E+00	2.313E+00
2.570E+00	2.293E+00	6.125E-03	2.299E+00	2.287E+00	2.293E+00	2.293E+00	2.293E+00	2.294E+00
2.580E+00	2.273E+00	6.159E-03	2.280E+00	2.267E+00	2.273E+00	2.274E+00	2.273E+00	2.274E+00
2.590E+00	2.254E+00	6.191E-03	2.260E+00	2.248E+00	2.254E+00	2.254E+00	2.253E+00	2.254E+00
2.600E+00	2.234E+00	6.224E-03	2.241E+00	2.228E+00	2.234E+00	2.235E+00	2.234E+00	2.235E+00
2.610E+00	2.215E+00	6.255E-03	2.221E+00	2.209E+00	2.215E+00	2.215E+00	2.215E+00	2.216E+00
2.620E+00	2.196E+00	6.286E-03	2.202E+00	2.190E+00	2.196E+00	2.196E+00	2.195E+00	2.196E+00
2.630E+00	2.177E+00	6.317E-03	2.183E+00	2.170E+00	2.177E+00	2.177E+00	2.176E+00	2.177E+00
2.640E+00	2.158E+00	6.346E-03	2.164E+00	2.151E+00	2.158E+00	2.158E+00	2.157E+00	2.158E+00
2.650E+00	2.139E+00	6.376E-03	2.145E+00	2.132E+00	2.139E+00	2.139E+00	2.138E+00	2.139E+00
2.660E+00	2.120E+00	6.404E-03	2.126E+00	2.114E+00	2.120E+00	2.120E+00	2.120E+00	2.121E+00
2.670E+00	2.101E+00	6.432E-03	2.108E+00	2.095E+00	2.101E+00	2.101E+00	2.101E+00	2.102E+00
2.680E+00	2.083E+00	6.460E-03	2.089E+00	2.076E+00	2.083E+00	2.083E+00	2.082E+00	2.083E+00
2.690E+00	2.064E+00	6.487E-03	2.071E+00	2.058E+00	2.064E+00	2.064E+00	2.064E+00	2.065E+00
2.700E+00	2.046E+00	6.513E-03	2.052E+00	2.039E+00	2.046E+00	2.046E+00	2.045E+00	2.046E+00
2.710E+00	2.028E+00	6.539E-03	2.034E+00	2.021E+00	2.028E+00	2.028E+00	2.027E+00	2.028E+00
2.720E+00	2.010E+00	6.564E-03	2.016E+00	2.003E+00	2.009E+00	2.010E+00	2.009E+00	2.010E+00
2.730E+00	1.992E+00	6.588E-03	1.998E+00	1.985E+00	1.991E+00	1.992E+00	1.991E+00	1.992E+00
2.740E+00	1.974E+00	6.612E-03	1.980E+00	1.967E+00	1.974E+00	1.974E+00	1.973E+00	1.974E+00
2.750E+00	1.956E+00	6.636E-03	1.962E+00	1.949E+00	1.956E+00	1.956E+00	1.955E+00	1.956E+00
2.760E+00	1.938E+00	6.658E-03	1.945E+00	1.932E+00	1.938E+00	1.938E+00	1.938E+00	1.939E+00
2.770E+00	1.921E+00	6.680E-03	1.927E+00	1.914E+00	1.920E+00	1.921E+00	1.920E+00	1.921E+00
2.780E+00	1.903E+00	6.702E-03	1.910E+00	1.896E+00	1.903E+00	1.903E+00	1.903E+00	1.904E+00
2.790E+00	1.886E+00	6.723E-03	1.892E+00	1.879E+00	1.886E+00	1.886E+00	1.885E+00	1.886E+00
2.800E+00	1.868E+00	6.743E-03	1.875E+00	1.862E+00	1.868E+00	1.869E+00	1.868E+00	1.869E+00
2.810E+00	1.851E+00	6.763E-03	1.858E+00	1.845E+00	1.851E+00	1.851E+00	1.851E+00	1.852E+00
2.820E+00	1.834E+00	6.782E-03	1.841E+00	1.828E+00	1.834E+00	1.834E+00	1.834E+00	1.835E+00
2.830E+00	1.817E+00	6.800E-03	1.824E+00	1.811E+00	1.817E+00	1.817E+00	1.817E+00	1.818E+00
2.840E+00	1.801E+00	6.818E-03	1.807E+00	1.794E+00	1.800E+00	1.801E+00	1.800E+00	1.801E+00
2.850E+00	1.784E+00	6.836E-03	1.791E+00	1.777E+00	1.784E+00	1.784E+00	1.783E+00	1.784E+00
2.860E+00	1.767E+00	6.852E-03	1.774E+00	1.760E+00	1.767E+00	1.767E+00	1.767E+00	1.768E+00
2.870E+00	1.751E+00	6.869E-03	1.758E+00	1.744E+00	1.751E+00	1.751E+00	1.750E+00	1.751E+00
2.880E+00	1.734E+00	6.884E-03	1.741E+00	1.728E+00	1.734E+00	1.734E+00	1.734E+00	1.735E+00
2.890E+00	1.718E+00	6.899E-03	1.725E+00	1.711E+00	1.718E+00	1.718E+00	1.718E+00	1.719E+00
2.900E+00	1.702E+00	6.913E-03	1.709E+00	1.695E+00	1.702E+00	1.702E+00	1.701E+00	1.702E+00
2.910E+00	1.686E+00	6.927E-03	1.693E+00	1.679E+00	1.686E+00	1.686E+00	1.685E+00	1.686E+00
2.920E+00	1.670E+00	6.940E-03	1.677E+00	1.663E+00	1.670E+00	1.670E+00	1.669E+00	1.670E+00
2.930E+00	1.654E+00	6.953E-03	1.661E+00	1.647E+00	1.654E+00	1.654E+00	1.654E+00	1.655E+00
2.940E+00	1.638E+00	6.965E-03	1.645E+00	1.631E+00	1.638E+00	1.639E+00	1.638E+00	1.639E+00
2.950E+00	1.623E+00	6.976E-03	1.630E+00	1.616E+00	1.623E+00	1.623E+00	1.622E+00	1.623E+00
2.960E+00	1.607E+00	6.987E-03	1.614E+00	1.600E+00	1.607E+00	1.607E+00	1.607E+00	1.608E+00
2.970E+00	1.592E+00	6.998E-03	1.599E+00	1.585E+00	1.592E+00	1.592E+00	1.591E+00	1.592E+00
2.980E+00	1.577E+00	7.007E-03	1.584E+00	1.570E+00	1.576E+00	1.577E+00	1.576E+00	1.577E+00
2.990E+00	1.561E+00	7.016E-03	1.568E+00	1.554E+00	1.561E+00	1.561E+00	1.561E+00	1.562E+00
3.000E+00	1.546E+00	7.025E-03	1.553E+00	1.539E+00	1.546E+00	1.546E+00	1.546E+00	1.547E+00
