1.000E-02	8.519E+00	3.902E-02	8.558E+00	8.480E+00	8.518E+00	8.521E+00	8.519E+00	8.519E+00
2.000E-02	8.512E+00	3.841E-02	8.550E+00	8.474E+00	8.510E+00	8.514E+00	8.512E+00	8.512E+00
3.000E-02	8.503E+00	3.773E-02	8.541E+00	8.465E+00	8.502E+00	8.505E+00	8.503E+00	8.503E+00
4.000E-02	8.493E+00	3.703E-02	8.530E+00	8.456E+00	8.491E+00	8.495E+00	8.493E+00	8.493E+00
5.000E-02	8.482E+00	3.630E-02	8.518E+00	8.445E+00	8.480E+00	8.483E+00	8.482E+00	8.482E+00
6.000E-02	8.470E+00	3.556E-02	8.505E+00	8.434E+00	8.468E+00	8.471E+00	8.470E+00	8.470E+00
7.000E-02	8.457E+00	3.480E-02	8.491E+00	8.422E+00	8.455E+00	8.458E+00	8.457E+00	8.457E+00
8.000E-02	8.443E+00	3.405E-02	8.477E+00	8.409E+00	8.441E+00	8.445E+00	8.443E+00	8.443E+00
9.000E-02	8.429E+00	3.328E-02	8.462E+00	8.395E+00	8.427E+00	8.430E+00	8.429E+00	8.429E+00
1.000E-01	8.414E+00	3.252E-02	8.446E+00	8.381E+00	8.412E+00	8.415E+00	8.414E+00	8.414E+00
1.100E-01	8.398E+00	3.176E-02	8.430E+00	8.366E+00	8.397E+00	8.400E+00	8.398E+00	8.398E+00
1.200E-01	8.382E+00	3.100E-02	8.413E+00	8.351E+00	8.380E+00	8.384E+00	8.382E+00	8.382E+00
1.300E-01	8.365E+00	3.024E-02	8.395E+00	8.335E+00	8.364E+00	8.367E+00	8.365E+00	8.366E+00
1.400E-01	8.348E+00	2.948E-02	8.377E+00	8.319E+00	8.347E+00	8.350E+00	8.348E+00	8.348E+00
1.500E-01	8.331E+00	2.873E-02	8.359E+00	8.302E+00	8.329E+00	8.332E+00	8.331E+00	8.331E+00
1.600E-01	8.313E+00	2.798E-02	8.340E+00	8.284E+00	8.311E+00	8.314E+00	8.313E+00	8.313E+00
1.700E-01	8.294E+00	2.724E-02	8.321E+00	8.267E+00	8.293E+00	8.296E+00	8.294E+00	8.294E+00
1.800E-01	8.275E+00	2.650E-02	8.302E+00	8.249E+00	8.274E+00	8.277E+00	8.275E+00	8.276E+00
1.900E-01	8.256E+00	2.577E-02	8.282E+00	8.230E+00	8.255E+00	8.258E+00	8.256E+00	8.256E+00
2.000E-01	8.237E+00	2.505E-02	8.261E+00	8.211E+00	8.235E+00	8.238E+00	8.236E+00	8.237E+00
2.100E-01	8.217E+00	2.433E-02	8.241E+00	8.192E+00	8.215E+00	8.218E+00	8.217E+00	8.217E+00
2.200E-01	8.196E+00	2.362E-02	8.220E+00	8.173E+00	8.195E+00	8.198E+00	8.196E+00	8.197E+00
2.300E-01	8.176E+00	2.292E-02	8.198E+00	8.153E+00	8.174E+00	8.177E+00	8.176E+00	8.176E+00
2.400E-01	8.155E+00	2.223E-02	8.177E+00	8.133E+00	8.153E+00	8.157E+00	8.155E+00	8.155E+00
2.500E-01	8.134E+00	2.154E-02	8.155E+00	8.112E+00	8.132E+00	8.135E+00	8.134E+00	8.134E+00
2.600E-01	8.112E+00	2.086E-02	8.133E+00	8.091E+00	8.111E+00	8.114E+00	8.112E+00	8.113E+00
2.700E-01	8.091E+00	2.019E-02	8.110E+00	8.070E+00	8.089E+00	8.092E+00	8.090E+00	8.091E+00
2.800E-01	8.069E+00	1.953E-02	8.088E+00	8.049E+00	8.067E+00	8.070E+00	8.068E+00	8.069E+00
2.900E-01	8.046E+00	1.888E-02	8.065E+00	8.027E+00	8.045E+00	8.048E+00	8.046E+00	8.047E+00
3.000E-01	8.024E+00	1.824E-02	8.042E+00	8.005E+00	8.022E+00	8.025E+00	8.024E+00	8.024E+00
3.100E-01	8.001E+00	1.760E-02	8.018E+00	7.983E+00	8.000E+00	8.003E+00	8.001E+00	8.001E+00
3.200E-01	7.978E+00	1.697E-02	7.995E+00	7.961E+00	7.977E+00	7.980E+00	7.978E+00	7.978E+00
3.300E-01	7.955E+00	1.636E-02	7.971E+00	7.938E+00	7.954E+00	7.956E+00	7.955E+00	7.955E+00
3.400E-01	7.932E+00	1.575E-02	7.947E+00	7.916E+00	7.930E+00	7.933E+00	7.931E+00	7.932E+00
3.500E-01	7.908E+00	1.515E-02	7.923E+00	7.893E+00	7.907E+00	7.909E+00	7.908E+00	7.908E+00
3.600E-01	7.884E+00	1.456E-02	7.898E+00	7.869E+00	7.883E+00	7.886E+00	7.884E+00	7.884E+00
3.700E-01	7.860E+00	1.398E-02	7.874E+00	7.846E+00	7.859E+00	7.862E+00	7.860E+00	7.860E+00
3.800E-01	7.836E+00	1.341E-02	7.849E+00	7.822E+00	7.835E+00	7.837E+00	7.836E+00	7.836E+00
3.900E-01	7.812E+00	1.284E-02	7.824E+00	7.798E+00	7.810E+00	7.813E+00	7.811E+00	7.812E+00
4.000E-01	7.787E+00	1.229E-02	7.799E+00	7.774E+00	7.786E+00	7.788E+00	7.787E+00	7.787E+00
4.100E-01	7.762E+00	1.175E-02	7.774E+00	7.750E+00	7.761E+00	7.764E+00	7.762E+00	7.763E+00
4.200E-01	7.737E+00	1.121E-02	7.748E+00	7.726E+00	7.736E+00	7.739E+00	7.737E+00	7.738E+00
4.300E-01	7.712E+00	1.069E-02	7.723E+00	7.701E+00	7.711E+00	7.714E+00	7.712E+00	7.713E+00
4.400E-01	7.687E+00	1.017E-02	7.697E+00	7.677E+00	7.686E+00	7.689E+00	7.687E+00	7.687E+00
4.500E-01	7.662E+00	9.663E-03	7.671E+00	7.652E+00	7.660E+00	7.663E+00	7.662E+00	7.662E+00
4.600E-01	7.636E+00	9.166E-03	7.645E+00	7.627E+00	7.635E+00	7.638E+00	7.636E+00	7.637E+00
4.700E-01	7.611E+00	8.678E-03	7.619E+00	7.602E+00	7.609E+00	7.612E+00	7.610E+00	7.611E+00
4.800E-01	7.585E+00	8.199E-03	7.593E+00	7.577E+00	7.584E+00	7.586E+00	7.585E+00	7.585E+00
4.900E-01	7.559E+00	7.730E-03	7.566E+00	7.551E+00	7.558E+00	7.560E+00	7.559E+00	7.559E+00
5.000E-01	7.533E+00	7.271E-03	7.540E+00	7.526E+00	7.532E+00	7.534E+00	7.533E+00	7.533E+00
5.100E-01	7.507E+00	6.820E-03	7.513E+00	7.500E+00	7.506E+00	7.508E+00	7.507E+00	7.507E+00
5.200E-01	7.481E+00	6.380E-03	7.487E+00	7.474E+00	7.480E+00	7.482E+00	7.480E+00	7.481E+00
5.300E-01	7.454E+00	5.949E-03	7.460E+00	7.448E+00	7.453E+00	7.456E+00	7.454E+00	7.455E+00
5.400E-01	7.428E+00	5.528E-03	7.433E+00	7.422E+00	7.427E+00	7.429E+00	7.428E+00	7.428E+00
5.500E-01	7.401E+00	5.118E-03	7.406E+00	7.396E+00	7.400E+00	7.403E+00	7.401E+00	7.402E+00
5.600E-01	7.375E+00	4.717E-03	7.379E+00	7.370E+00	7.374E+00	7.376E+00	7.374E+00	7.375E+00
5.700E-01	7.348E+00	4.327E-03	7.352E+00	7.344E+00	7.347E+00	7.349E+00	7.348E+00	7.348E+00
5.800E-01	7.321E+00	3.948E-03	7.325E+00	7.317E+00	7.320E+00	7.322E+00	7.321E+00	7.322E+00
5.900E-01	7.294E+00	3.580E-03	7.297E+00	7.291E+00	7.293E+00	7.296E+00	7.294E+00	7.295E+00
6.000E-01	7.267E+00	3.225E-03	7.270E+00	7.264E+00	7.266E+00	7.269E+00	7.267E+00	7.268E+00
6.100E-01	7.240E+00	2.884E-03	7.243E+00	7.237E+00	7.239E+00	7.241E+00	7.240E+00	7.241E+00
6.200E-01	7.213E+00	2.557E-03	7.215E+00	7.211E+00	7.212E+00	7.214E+00	7.213E+00	7.213E+00
6.300E-01	7.186E+00	2.249E-03	7.187E+00	7.184E+00	7.185E+00	7.187E+00	7.186E+00	7.186E+00
6.400E-01	7.159E+00	1.961E-03	7.160E+00	7.157E+00	7.157E+00	7.160E+00	7.158E+00	7.159E+00
6.500E-01	7.131E+00	1.702E-03	7.132E+00	7.130E+00	7.130E+00	7.132E+00	7.131E+00	7.132E+00
6.600E-01	7.104E+00	1.479E-03	7.104E+00	7.103E+00	7.103E+00	7.105E+00	7.103E+00	7.104E+00
6.700E-01	7.076E+00	1.304E-03	7.077E+00	7.075E+00	7.075E+00	7.077E+00	7.076E+00	7.077E+00
6.800E-01	7.049E+00	1.193E-03	7.049E+00	7.048E+00	7.048E+00	7.050E+00	7.048E+00	7.049E+00
6.900E-01	7.021E+00	1.158E-03	7.021E+00	7.021E+00	7.020E+00	7.022E+00	7.021E+00	7.022E+00
7.000E-01	6.994E+00	1.199E-03	6.993E+00	6.994E+00	6.992E+00	6.995E+00	6.993E+00	6.994E+00
7.100E-01	6.966E+00	1.304E-03	6.965E+00	6.966E+00	6.965E+00	6.967E+00	6.965E+00	6.966E+00
7.200E-01	6.938E+00	1.454E-03	6.937E+00	6.939E+00	6.937E+00	6.939E+00	6.938E+00	6.938E+00
7.300E-01	6.910E+00	1.633E-03	6.909E+00	6.911E+00	6.909E+00	6.911E+00	6.910E+00	6.911E+00
7.400E-01	6.882E+00	1.829E-03	6.881E+00	6.884E+00	6.881E+00	6.883E+00	6.882E+00	6.883E+00
7.500E-01	6.855E+00	2.035E-03	6.853E+00	6.856E+00	6.854E+00	6.856E+00	6.854E+00	6.855E+00
7.600E-01	6.827E+00	2.244E-03	6.825E+00	6.828E+00	6.826E+00	6.828E+00	6.826E+00	6.827E+00
7.700E-01	6.799E+00	2.455E-03	6.796E+00	6.801E+00	6.798E+00	6.800E+00	6.798E+00	6.799E+00
7.800E-01	6.771E+00	2.664E-03	6.768E+00	6.773E+00	6.770E+00	6.772E+00	6.770E+00	6.771E+00
7.900E-01	6.743E+00	2.870E-03	6.740E+00	6.745E+00	6.742E+00	6.744E+00	6.742E+00	6.743E+00
8.000E-01	6.715E+00	3.073E-03	6.712E+00	6.717E+00	6.714E+00	6.716E+00	6.714E+00	6.715E+00
8.100E-01	6.687E+00	3.271E-03	6.683E+00	6.690E+00	6.686E+00	6.688E+00	6.686E+00	6.687E+00
8.200E-01	6.659E+00	3.464E-03	6.655E+00	6.662E+00	6.658E+00	6.660E+00	6.658E+00	6.659E+00
8.300E-01	6.631E+00	3.652E-03	6.627E+00	6.634E+00	6.630E+00	6.632E+00	6.630E+00	6.631E+00
8.400E-01	6.603E+00	3.835E-03	6.599E+00	6.606E+00	6.602E+00	6.603E+00	6.602E+00	6.603E+00
8.500E-01	6.574E+00	4.011E-03	6.570E+00	6.578E+00	6.574E+00	6.575E+00	6.574E+00	6.575E+00
8.600E-01	6.546E+00	4.182E-03	6.542E+00	6.550E+00	6.545E+00	6.547E+00	6.546E+00	6.547E+00
8.700E-01	6.518E+00	4.347E-03	6.514E+00	6.522E+00	6.517E+00	6.519E+00	6.518E+00	6.519E+00
8.800E-01	6.490E+00	4.506E-03	6.485E+00	6.494E+00	6.489E+00	6.491E+00	6.490E+00	6.490E+00
8.900E-01	6.462E+00	4.659E-03	6.457E+00	6.466E+00	6.461E+00	6.463E+00	6.461E+00	6.462E+00
9.000E-01	6.434E+00	4.806E-03	6.429E+00	6.438E+00	6.433E+00	6.435E+00	6.433E+00	6.434E+00
9.100E-01	6.406E+00	4.947E-03	6.401E+00	6.410E+00	6.405E+00	6.406E+00	6.405E+00	6.406E+00
9.200E-01	6.377E+00	5.082E-03	6.372E+00	6.382E+00	6.377E+00	6.378E+00	6.377E+00	6.378E+00
9.300E-01	6.349E+00	5.211E-03	6.344E+00	6.354E+00	6.348E+00	6.350E+00	6.349E+00	6.350E+00
9.400E-01	6.321E+00	5.335E-03	6.316E+00	6.326E+00	6.320E+00	6.322E+00	6.321E+00	6.322E+00
9.500E-01	6.293E+00	5.452E-03	6.287E+00	6.298E+00	6.292E+00	6.294E+00	6.292E+00	6.293E+00
9.600E-01	6.265E+00	5.563E-03	6.259E+00	6.270E+00	6.264E+00	6.266E+00	6.264E+00	6.265E+00
9.700E-01	6.237E+00	5.669E-03	6.231E+00	6.242E+00	6.236E+00	6.237E+00	6.236E+00	6.237E+00
9.800E-01	6.209E+00	5.769E-03	6.203E+00	6.214E+00	6.208E+00	6.209E+00	6.208E+00	6.209E+00
9.900E-01	6.180E+00	5.863E-03	6.175E+00	6.186E+00	6.180E+00	6.181E+00	6.180E+00	6.181E+00
1.000E+00	6.152E+00	5.952E-03	6.146E+00	6.158E+00	6.152E+00	6.153E+00	6.152E+00	6.153E+00
1.010E+00	6.124E+00	6.035E-03	6.118E+00	6.130E+00	6.124E+00	6.125E+00	6.124E+00	6.125E+00
1.020E+00	6.096E+00	6.113E-03	6.090E+00	6.102E+00	6.096E+00	6.097E+00	6.096E+00	6.097E+00
1.030E+00	6.068E+00	6.185E-03	6.062E+00	6.074E+00	6.068E+00	6.069E+00	6.068E+00	6.069E+00
1.040E+00	6.040E+00	6.252E-03	6.034E+00	6.046E+00	6.040E+00	6.041E+00	6.040E+00	6.041E+00
1.050E+00	6.012E+00	6.314E-03	6.006E+00	6.018E+00	6.012E+00	6.013E+00	6.012E+00	6.013E+00
1.060E+00	5.984E+00	6.370E-03	5.978E+00	5.991E+00	5.984E+00	5.985E+00	5.984E+00	5.985E+00
1.070E+00	5.956E+00	6.421E-03	5.950E+00	5.963E+00	5.956E+00	5.957E+00	5.956E+00	5.957E+00
1.080E+00	5.928E+00	6.467E-03	5.922E+00	5.935E+00	5.928E+00	5.929E+00	5.928E+00	5.929E+00
1.090E+00	5.901E+00	6.508E-03	5.894E+00	5.907E+00	5.900E+00	5.901E+00	5.900E+00	5.901E+00
1.100E+00	5.873E+00	6.545E-03	5.866E+00	5.879E+00	5.872E+00	5.873E+00	5.872E+00	5.873E+00
1.110E+00	5.845E+00	6.576E-03	5.838E+00	5.851E+00	5.844E+00	5.845E+00	5.844E+00	5.845E+00
1.120E+00	5.817E+00	6.602E-03	5.810E+00	5.824E+00	5.816E+00	5.818E+00	5.816E+00	5.818E+00
1.130E+00	5.789E+00	6.624E-03	5.783E+00	5.796E+00	5.789E+00	5.790E+00	5.789E+00	5.790E+00
1.140E+00	5.762E+00	6.641E-03	5.755E+00	5.768E+00	5.761E+00	5.762E+00	5.761E+00	5.762E+00
1.150E+00	5.734E+00	6.653E-03	5.727E+00	5.740E+00	5.733E+00	5.734E+00	5.733E+00	5.734E+00
1.160E+00	5.706E+00	6.661E-03	5.700E+00	5.713E+00	5.706E+00	5.707E+00	5.706E+00	5.707E+00
1.170E+00	5.679E+00	6.664E-03	5.672E+00	5.685E+00	5.678E+00	5.679E+00	5.678E+00	5.679E+00
1.180E+00	5.651E+00	6.663E-03	5.644E+00	5.658E+00	5.651E+00	5.651E+00	5.650E+00	5.652E+00
1.190E+00	5.623E+00	6.657E-03	5.617E+00	5.630E+00	5.623E+00	5.624E+00	5.623E+00	5.624E+00
1.200E+00	5.596E+00	6.648E-03	5.589E+00	5.603E+00	5.596E+00	5.596E+00	5.595E+00	5.597E+00
1.210E+00	5.569E+00	6.634E-03	5.562E+00	5.575E+00	5.568E+00	5.569E+00	5.568E+00	5.569E+00
1.220E+00	5.541E+00	6.615E-03	5.535E+00	5.548E+00	5.541E+00	5.542E+00	5.541E+00	5.542E+00
1.230E+00	5.514E+00	6.593E-03	5.507E+00	5.520E+00	5.513E+00	5.514E+00	5.513E+00	5.514E+00
1.240E+00	5.486E+00	6.567E-03	5.480E+00	5.493E+00	5.486E+00	5.487E+00	5.486E+00	5.487E+00
1.250E+00	5.459E+00	6.537E-03	5.453E+00	5.466E+00	5.459E+00	5.460E+00	5.459E+00	5.460E+00
1.260E+00	5.432E+00	6.503E-03	5.426E+00	5.439E+00	5.432E+00	5.432E+00	5.431E+00	5.433E+00
1.270E+00	5.405E+00	6.465E-03	5.398E+00	5.411E+00	5.404E+00	5.405E+00	5.404E+00	5.405E+00
1.280E+00	5.378E+00	6.423E-03	5.371E+00	5.384E+00	5.377E+00	5.378E+00	5.377E+00	5.378E+00
1.290E+00	5.351E+00	6.378E-03	5.344E+00	5.357E+00	5.350E+00	5.351E+00	5.350E+00	5.351E+00
1.300E+00	5.324E+00	6.329E-03	5.317E+00	5.330E+00	5.323E+00	5.324E+00	5.323E+00	5.324E+00
1.310E+00	5.297E+00	6.276E-03	5.291E+00	5.303E+00	5.296E+00	5.297E+00	5.296E+00	5.297E+00
1.320E+00	5.270E+00	6.220E-03	5.264E+00	5.276E+00	5.269E+00	5.270E+00	5.269E+00	5.270E+00
1.330E+00	5.243E+00	6.161E-03	5.237E+00	5.249E+00	5.243E+00	5.243E+00	5.242E+00	5.244E+00
1.340E+00	5.216E+00	6.098E-03	5.210E+00	5.222E+00	5.216E+00	5.216E+00	5.215E+00	5.217E+00
1.350E+00	5.189E+00	6.032E-03	5.184E+00	5.196E+00	5.189E+00	5.190E+00	5.189E+00	5.190E+00
1.360E+00	5.163E+00	5.963E-03	5.157E+00	5.169E+00	5.162E+00	5.163E+00	5.162E+00	5.163E+00
1.370E+00	5.136E+00	5.890E-03	5.130E+00	5.142E+00	5.136E+00	5.136E+00	5.135E+00	5.137E+00
1.380E+00	5.110E+00	5.815E-03	5.104E+00	5.115E+00	5.109E+00	5.110E+00	5.109E+00	5.110E+00
1.390E+00	5.083E+00	5.736E-03	5.077E+00	5.089E+00	5.083E+00	5.083E+00	5.082E+00	5.084E+00
1.400E+00	5.057E+00	5.655E-03	5.051E+00	5.062E+00	5.056E+00	5.057E+00	5.056E+00	5.057E+00
1.410E+00	5.030E+00	5.570E-03	5.025E+00	5.036E+00	5.030E+00	5.030E+00	5.030E+00	5.031E+00
1.420E+00	5.004E+00	5.483E-03	4.999E+00	5.010E+00	5.004E+00	5.004E+00	5.003E+00	5.005E+00
1.430E+00	4.978E+00	5.393E-03	4.973E+00	4.983E+00	4.977E+00	4.978E+00	4.977E+00	4.978E+00
1.440E+00	4.951E+00	5.300E-03	4.946E+00	4.957E+00	4.951E+00	4.952E+00	4.951E+00	4.952E+00
1.450E+00	4.925E+00	5.205E-03	4.920E+00	4.931E+00	4.925E+00	4.926E+00	4.925E+00	4.926E+00
1.460E+00	4.899E+00	5.107E-03	4.894E+00	4.905E+00	4.899E+00	4.899E+00	4.899E+00	4.900E+00
1.470E+00	4.873E+00	5.006E-03	4.869E+00	4.879E+00	4.873E+00	4.874E+00	4.873E+00	4.874E+00
1.480E+00	4.847E+00	4.903E-03	4.843E+00	4.852E+00	4.847E+00	4.848E+00	4.847E+00	4.848E+00
1.490E+00	4.822E+00	4.798E-03	4.817E+00	4.827E+00	4.821E+00	4.822E+00	4.821E+00	4.822E+00
1.500E+00	4.796E+00	4.690E-03	4.791E+00	4.801E+00	4.796E+00	4.796E+00	4.795E+00	4.796E+00
1.510E+00	4.770E+00	4.580E-03	4.766E+00	4.775E+00	4.770E+00	4.770E+00	4.769E+00	4.771E+00
1.520E+00	4.744E+00	4.467E-03	4.740E+00	4.749E+00	4.744E+00	4.745E+00	4.744E+00	4.745E+00
1.530E+00	4.719E+00	4.353E-03	4.715E+00	4.723E+00	4.719E+00	4.719E+00	4.718E+00	4.720E+00
1.540E+00	4.693E+00	4.236E-03	4.689E+00	4.698E+00	4.693E+00	4.693E+00	4.693E+00	4.694E+00
1.550E+00	4.668E+00	4.118E-03	4.664E+00	4.672E+00	4.668E+00	4.668E+00	4.667E+00	4.669E+00
1.560E+00	4.643E+00	3.997E-03	4.639E+00	4.647E+00	4.643E+00	4.643E+00	4.642E+00	4.643E+00
1.570E+00	4.617E+00	3.875E-03	4.614E+00	4.621E+00	4.617E+00	4.617E+00	4.617E+00	4.618E+00
1.580E+00	4.592E+00	3.751E-03	4.589E+00	4.596E+00	4.592E+00	4.592E+00	4.591E+00	4.593E+00
1.590E+00	4.567E+00	3.625E-03	4.564E+00	4.571E+00	4.567E+00	4.567E+00	4.566E+00	4.568E+00
1.600E+00	4.542E+00	3.497E-03	4.539E+00	4.546E+00	4.542E+00	4.542E+00	4.541E+00	4.543E+00
1.610E+00	4.517E+00	3.368E-03	4.514E+00	4.521E+00	4.517E+00	4.517E+00	4.516E+00	4.518E+00
1.620E+00	4.492E+00	3.237E-03	4.489E+00	4.496E+00	4.492E+00	4.492E+00	4.491E+00	4.493E+00
1.630E+00	4.467E+00	3.105E-03	4.464E+00	4.471E+00	4.467E+00	4.467E+00	4.467E+00	4.468E+00
1.640E+00	4.442E+00	2.972E-03	4.440E+00	4.446E+00	4.443E+00	4.442E+00	4.442E+00	4.443E+00
1.650E+00	4.418E+00	2.837E-03	4.415E+00	4.421E+00	4.418E+00	4.418E+00	4.417E+00	4.419E+00
1.660E+00	4.393E+00	2.702E-03	4.391E+00	4.396E+00	4.393E+00	4.393E+00	4.393E+00	4.394E+00
1.670E+00	4.369E+00	2.565E-03	4.367E+00	4.371E+00	4.369E+00	4.369E+00	4.368E+00	4.369E+00
1.680E+00	4.344E+00	2.428E-03	4.342E+00	4.347E+00	4.344E+00	4.344E+00	4.344E+00	4.345E+00
1.690E+00	4.320E+00	2.290E-03	4.318E+00	4.322E+00	4.320E+00	4.320E+00	4.319E+00	4.321E+00
1.700E+00	4.296E+00	2.152E-03	4.294E+00	4.298E+00	4.296E+00	4.296E+00	4.295E+00	4.296E+00
1.710E+00	4.271E+00	2.013E-03	4.270E+00	4.274E+00	4.272E+00	4.271E+00	4.271E+00	4.272E+00
1.720E+00	4.247E+00	1.875E-03	4.246E+00	4.249E+00	4.247E+00	4.247E+00	4.247E+00	4.248E+00
1.730E+00	4.223E+00	1.738E-03	4.222E+00	4.225E+00	4.223E+00	4.223E+00	4.223E+00	4.224E+00
1.740E+00	4.199E+00	1.601E-03	4.198E+00	4.201E+00	4.199E+00	4.199E+00	4.199E+00	4.200E+00
1.750E+00	4.175E+00	1.467E-03	4.174E+00	4.177E+00	4.176E+00	4.175E+00	4.175E+00	4.176E+00
1.760E+00	4.152E+00	1.336E-03	4.151E+00	4.153E+00	4.152E+00	4.152E+00	4.151E+00	4.152E+00
1.770E+00	4.128E+00	1.209E-03	4.127E+00	4.129E+00	4.128E+00	4.128E+00	4.127E+00	4.129E+00
1.780E+00	4.104E+00	1.089E-03	4.104E+00	4.105E+00	4.104E+00	4.104E+00	4.104E+00	4.105E+00
1.790E+00	4.081E+00	9.790E-04	4.080E+00	4.082E+00	4.081E+00	4.081E+00	4.080E+00	4.081E+00
1.800E+00	4.057E+00	8.822E-04	4.057E+00	4.058E+00	4.057E+00	4.057E+00	4.057E+00	4.058E+00
1.810E+00	4.034E+00	8.047E-04	4.034E+00	4.035E+00	4.034E+00	4.034E+00	4.033E+00	4.035E+00
1.820E+00	4.011E+00	7.530E-04	4.011E+00	4.011E+00	4.011E+00	4.010E+00	4.010E+00	4.011E+00
1.830E+00	3.987E+00	7.331E-04	3.988E+00	3.988E+00	3.988E+00	3.987E+00	3.987E+00	3.988E+00
1.840E+00	3.964E+00	7.482E-04	3.965E+00	3.964E+00	3.964E+00	3.964E+00	3.964E+00	3.965E+00
1.850E+00	3.941E+00	7.967E-04	3.942E+00	3.941E+00	3.941E+00	3.941E+00	3.940E+00	3.942E+00
1.860E+00	3.918E+00	8.735E-04	3.919E+00	3.918E+00	3.918E+00	3.918E+00	3.918E+00	3.919E+00
1.870E+00	3.895E+00	9.722E-04	3.896E+00	3.895E+00	3.896E+00	3.895E+00	3.895E+00	3.896E+00
1.880E+00	3.873E+00	1.087E-03	3.874E+00	3.872E+00	3.873E+00	3.872E+00	3.872E+00	3.873E+00
1.890E+00	3.850E+00	1.214E-03	3.851E+00	3.849E+00	3.850E+00	3.850E+00	3.849E+00	3.851E+00
1.900E+00	3.827E+00	1.349E-03	3.829E+00	3.826E+00	3.827E+00	3.827E+00	3.827E+00	3.828E+00
1.910E+00	3.805E+00	1.491E-03	3.806E+00	3.804E+00	3.805E+00	3.804E+00	3.804E+00	3.805E+00
1.920E+00	3.782E+00	1.638E-03	3.784E+00	3.781E+00	3.782E+00	3.782E+00	3.782E+00	3.783E+00
1.930E+00	3.760E+00	1.789E-03	3.762E+00	3.759E+00	3.760E+00	3.760E+00	3.759E+00	3.761E+00
1.940E+00	3.738E+00	1.943E-03	3.740E+00	3.736E+00	3.738E+00	3.737E+00	3.737E+00	3.738E+00
1.950E+00	3.715E+00	2.099E-03	3.718E+00	3.714E+00	3.716E+00	3.715E+00	3.715E+00	3.716E+00
1.960E+00	3.693E+00	2.257E-03	3.696E+00	3.692E+00	3.694E+00	3.693E+00	3.693E+00	3.694E+00
1.970E+00	3.671E+00	2.417E-03	3.674E+00	3.669E+00	3.672E+00	3.671E+00	3.671E+00	3.672E+00
1.980E+00	3.649E+00	2.578E-03	3.652E+00	3.647E+00	3.650E+00	3.649E+00	3.649E+00	3.650E+00
1.990E+00	3.627E+00	2.740E-03	3.630E+00	3.625E+00	3.628E+00	3.627E+00	3.627E+00	3.628E+00
2.000E+00	3.606E+00	2.904E-03	3.609E+00	3.603E+00	3.606E+00	3.605E+00	3.605E+00	3.606E+00
2.010E+00	3.584E+00	3.068E-03	3.587E+00	3.581E+00	3.584E+00	3.584E+00	3.583E+00	3.585E+00
2.020E+00	3.562E+00	3.232E-03	3.566E+00	3.560E+00	3.563E+00	3.562E+00	3.562E+00	3.563E+00
2.030E+00	3.541E+00	3.398E-03	3.545E+00	3.538E+00	3.541E+00	3.541E+00	3.540E+00	3.542E+00
2.040E+00	3.520E+00	3.563E-03	3.523E+00	3.516E+00	3.520E+00	3.519E+00	3.519E+00	3.520E+00
2.050E+00	3.498E+00	3.729E-03	3.502E+00	3.495E+00	3.499E+00	3.498E+00	3.498E+00	3.499E+00
2.060E+00	3.477E+00	3.896E-03	3.481E+00	3.474E+00	3.477E+00	3.477E+00	3.476E+00	3.478E+00
2.070E+00	3.456E+00	4.063E-03	3.460E+00	3.452E+00	3.456E+00	3.456E+00	3.455E+00	3.457E+00
2.080E+00	3.435E+00	4.230E-03	3.439E+00	3.431E+00	3.435E+00	3.434E+00	3.434E+00	3.436E+00
2.090E+00	3.414E+00	4.397E-03	3.419E+00	3.410E+00	3.414E+00	3.413E+00	3.413E+00	3.415E+00
2.100E+00	3.393E+00	4.564E-03	3.398E+00	3.389E+00	3.393E+00	3.393E+00	3.392E+00	3.394E+00
2.110E+00	3.372E+00	4.731E-03	3.377E+00	3.368E+00	3.373E+00	3.372E+00	3.371E+00	3.373E+00
2.120E+00	3.351E+00	4.898E-03	3.357E+00	3.347E+00	3.352E+00	3.351E+00	3.351E+00	3.352E+00
2.130E+00	3.331E+00	5.065E-03	3.336E+00	3.326E+00	3.331E+00	3.330E+00	3.330E+00	3.332E+00
2.140E+00	3.310E+00	5.233E-03	3.316E+00	3.306E+00	3.311E+00	3.310E+00	3.310E+00	3.311E+00
2.150E+00	3.290E+00	5.400E-03	3.296E+00	3.285E+00	3.290E+00	3.289E+00	3.289E+00	3.291E+00
2.160E+00	3.270E+00	5.566E-03	3.275E+00	3.264E+00	3.270E+00	3.269E+00	3.269E+00	3.270E+00
2.170E+00	3.249E+00	5.733E-03	3.255E+00	3.244E+00	3.250E+00	3.249E+00	3.249E+00	3.250E+00
2.180E+00	3.229E+00	5.899E-03	3.235E+00	3.224E+00	3.230E+00	3.229E+00	3.228E+00	3.230E+00
2.190E+00	3.209E+00	6.066E-03	3.215E+00	3.203E+00	3.209E+00	3.209E+00	3.208E+00	3.210E+00
2.200E+00	3.189E+00	6.232E-03	3.196E+00	3.183E+00	3.189E+00	3.189E+00	3.188E+00	3.190E+00
2.210E+00	3.169E+00	6.397E-03	3.176E+00	3.163E+00	3.170E+00	3.169E+00	3.168E+00	3.170E+00
2.220E+00	3.149E+00	6.562E-03	3.156E+00	3.143E+00	3.150E+00	3.149E+00	3.149E+00	3.150E+00
2.230E+00	3.130E+00	6.727E-03	3.137E+00	3.123E+00	3.130E+00	3.129E+00	3.129E+00	3.130E+00
2.240E+00	3.110E+00	6.892E-03	3.117E+00	3.104E+00	3.110E+00	3.109E+00	3.109E+00	3.111E+00
2.250E+00	3.090E+00	7.056E-03	3.098E+00	3.084E+00	3.091E+00	3.090E+00	3.090E+00	3.091E+00
2.260E+00	3.071E+00	7.220E-03	3.079E+00	3.064E+00	3.071E+00	3.070E+00	3.070E+00	3.072E+00
2.270E+00	3.052E+00	7.383E-03	3.059E+00	3.045E+00	3.052E+00	3.051E+00	3.051E+00	3.052E+00
2.280E+00	3.032E+00	7.545E-03	3.040E+00	3.025E+00	3.033E+00	3.032E+00	3.032E+00	3.033E+00
2.290E+00	3.013E+00	7.708E-03	3.021E+00	3.006E+00	3.014E+00	3.013E+00	3.012E+00	3.014E+00
2.300E+00	2.994E+00	7.869E-03	3.002E+00	2.987E+00	2.994E+00	2.993E+00	2.993E+00	2.995E+00
2.310E+00	2.975E+00	8.030E-03	2.983E+00	2.967E+00	2.975E+00	2.974E+00	2.974E+00	2.976E+00
2.320E+00	2.956E+00	8.191E-03	2.965E+00	2.948E+00	2.956E+00	2.955E+00	2.955E+00	2.957E+00
2.330E+00	2.937E+00	8.351E-03	2.946E+00	2.929E+00	2.938E+00	2.937E+00	2.936E+00	2.938E+00
2.340E+00	2.918E+00	8.510E-03	2.927E+00	2.910E+00	2.919E+00	2.918E+00	2.918E+00	2.919E+00
2.350E+00	2.900E+00	8.669E-03	2.909E+00	2.892E+00	2.900E+00	2.899E+00	2.899E+00	2.900E+00
2.360E+00	2.881E+00	8.827E-03	2.890E+00	2.873E+00	2.882E+00	2.881E+00	2.880E+00	2.882E+00
2.370E+00	2.863E+00	8.984E-03	2.872E+00	2.854E+00	2.863E+00	2.862E+00	2.862E+00	2.863E+00
2.380E+00	2.844E+00	9.141E-03	2.854E+00	2.836E+00	2.845E+00	2.844E+00	2.844E+00	2.845E+00
2.390E+00	2.826E+00	9.297E-03	2.836E+00	2.817E+00	2.826E+00	2.825E+00	2.825E+00	2.827E+00
2.400E+00	2.808E+00	9.452E-03	2.818E+00	2.799E+00	2.808E+00	2.807E+00	2.807E+00	2.808E+00
2.410E+00	2.790E+00	9.606E-03	2.800E+00	2.780E+00	2.790E+00	2.789E+00	2.789E+00	2.790E+00
2.420E+00	2.771E+00	9.760E-03	2.782E+00	2.762E+00	2.772E+00	2.771E+00	2.771E+00	2.772E+00
2.430E+00	2.754E+00	9.913E-03	2.764E+00	2.744E+00	2.754E+00	2.753E+00	2.753E+00	2.754E+00
2.440E+00	2.736E+00	1.007E-02	2.746E+00	2.726E+00	2.736E+00	2.735E+00	2.735E+00	2.736E+00
2.450E+00	2.718E+00	1.022E-02	2.728E+00	2.708E+00	2.718E+00	2.717E+00	2.717E+00	2.719E+00
2.460E+00	2.700E+00	1.037E-02	2.711E+00	2.690E+00	2.701E+00	2.700E+00	2.699E+00	2.701E+00
2.470E+00	2.682E+00	1.052E-02	2.693E+00	2.672E+00	2.683E+00	2.682E+00	2.682E+00	2.683E+00
2.480E+00	2.665E+00	1.067E-02	2.676E+00	2.655E+00	2.666E+00	2.664E+00	2.664E+00	2.666E+00
2.490E+00	2.648E+00	1.081E-02	2.659E+00	2.637E+00	2.648E+00	2.647E+00	2.647E+00	2.648E+00
2.500E+00	2.630E+00	1.096E-02	2.642E+00	2.620E+00	2.631E+00	2.630E+00	2.629E+00	2.631E+00
2.510E+00	2.613E+00	1.111E-02	2.624E+00	2.602E+00	2.613E+00	2.612E+00	2.612E+00	2.614E+00
2.520E+00	2.596E+00	1.125E-02	2.607E+00	2.585E+00	2.596E+00	2.595E+00	2.595E+00	2.596E+00
2.530E+00	2.579E+00	1.140E-02	2.590E+00	2.568E+00	2.579E+00	2.578E+00	2.578E+00	2.579E+00
2.540E+00	2.562E+00	1.154E-02	2.574E+00	2.551E+00	2.562E+00	2.561E+00	2.561E+00	2.562E+00
2.550E+00	2.545E+00	1.168E-02	2.557E+00	2.533E+00	2.545E+00	2.544E+00	2.544E+00	2.545E+00
2.560E+00	2.528E+00	1.182E-02	2.540E+00	2.516E+00	2.528E+00	2.527E+00	2.527E+00	2.529E+00
2.570E+00	2.511E+00	1.196E-02	2.523E+00	2.500E+00	2.512E+00	2.510E+00	2.510E+00	2.512E+00
2.580E+00	2.494E+00	1.210E-02	2.507E+00	2.483E+00	2.495E+00	2.494E+00	2.494E+00	2.495E+00
2.590E+00	2.478E+00	1.224E-02	2.490E+00	2.466E+00	2.478E+00	2.477E+00	2.477E+00	2.478E+00
2.600E+00	2.461E+00	1.238E-02	2.474E+00	2.449E+00	2.462E+00	2.461E+00	2.461E+00	2.462E+00
2.610E+00	2.445E+00	1.252E-02	2.458E+00	2.433E+00	2.445E+00	2.444E+00	2.444E+00	2.446E+00
2.620E+00	2.429E+00	1.265E-02	2.442E+00	2.416E+00	2.429E+00	2.428E+00	2.428E+00	2.429E+00
2.630E+00	2.412E+00	1.279E-02	2.425E+00	2.400E+00	2.413E+00	2.412E+00	2.412E+00	2.413E+00
2.640E+00	2.396E+00	1.292E-02	2.409E+00	2.384E+00	2.397E+00	2.395E+00	2.395E+00	2.397E+00
2.650E+00	2.380E+00	1.305E-02	2.393E+00	2.367E+00	2.381E+00	2.379E+00	2.379E+00	2.381E+00
2.660E+00	2.364E+00	1.318E-02	2.378E+00	2.351E+00	2.365E+00	2.363E+00	2.363E+00	2.365E+00
2.670E+00	2.348E+00	1.331E-02	2.362E+00	2.335E+00	2.349E+00	2.347E+00	2.347E+00	2.349E+00
2.680E+00	2.332E+00	1.344E-02	2.346E+00	2.319E+00	2.333E+00	2.332E+00	2.332E+00	2.333E+00
2.690E+00	2.317E+00	1.357E-02	2.331E+00	2.303E+00	2.317E+00	2.316E+00	2.316E+00	2.317E+00
2.700E+00	2.301E+00	1.370E-02	2.315E+00	2.288E+00	2.301E+00	2.300E+00	2.300E+00	2.302E+00
2.710E+00	2.285E+00	1.382E-02	2.300E+00	2.272E+00	2.286E+00	2.285E+00	2.285E+00	2.286E+00
2.720E+00	2.270E+00	1.395E-02	2.284E+00	2.256E+00	2.270E+00	2.269E+00	2.269E+00	2.270E+00
2.730E+00	2.254E+00	1.407E-02	2.269E+00	2.241E+00	2.255E+00	2.254E+00	2.254E+00	2.255E+00
2.740E+00	2.239E+00	1.419E-02	2.254E+00	2.225E+00	2.240E+00	2.238E+00	2.238E+00	2.240E+00
2.750E+00	2.224E+00	1.431E-02	2.239E+00	2.210E+00	2.224E+00	2.223E+00	2.223E+00	2.224E+00
2.760E+00	2.209E+00	1.443E-02	2.223E+00	2.195E+00	2.209E+00	2.208E+00	2.208E+00	2.209E+00
2.770E+00	2.194E+00	1.455E-02	2.208E+00	2.179E+00	2.194E+00	2.193E+00	2.193E+00	2.194E+00
2.780E+00	2.178E+00	1.467E-02	2.194E+00	2.164E+00	2.179E+00	2.178E+00	2.178E+00	2.179E+00
2.790E+00	2.164E+00	1.479E-02	2.179E+00	2.149E+00	2.164E+00	2.163E+00	2.163E+00	2.164E+00
2.800E+00	2.149E+00	1.490E-02	2.164E+00	2.134E+00	2.149E+00	2.148E+00	2.148E+00	2.149E+00
2.810E+00	2.134E+00	1.502E-02	2.149E+00	2.119E+00	2.135E+00	2.133E+00	2.133E+00	2.135E+00
2.820E+00	2.119E+00	1.513E-02	2.135E+00	2.105E+00	2.120E+00	2.119E+00	2.119E+00	2.120E+00
2.830E+00	2.105E+00	1.524E-02	2.120E+00	2.090E+00	2.105E+00	2.104E+00	2.104E+00	2.105E+00
2.840E+00	2.090E+00	1.536E-02	2.106E+00	2.075E+00	2.091E+00	2.089E+00	2.089E+00	2.091E+00
2.850E+00	2.076E+00	1.546E-02	2.092E+00	2.061E+00	2.076E+00	2.075E+00	2.075E+00	2.076E+00
2.860E+00	2.061E+00	1.557E-02	2.077E+00	2.046E+00	2.062E+00	2.061E+00	2.061E+00	2.062E+00
2.870E+00	2.047E+00	1.568E-02	2.063E+00	2.032E+00	2.048E+00	2.046E+00	2.046E+00	2.048E+00
2.880E+00	2.033E+00	1.579E-02	2.049E+00	2.018E+00	2.034E+00	2.032E+00	2.032E+00	2.034E+00
2.890E+00	2.019E+00	1.589E-02	2.035E+00	2.003E+00	2.019E+00	2.018E+00	2.018E+00	2.019E+00
2.900E+00	2.005E+00	1.600E-02	2.021E+00	1.989E+00	2.005E+00	2.004E+00	2.004E+00	2.005E+00
2.910E+00	1.991E+00	1.610E-02	2.007E+00	1.975E+00	1.991E+00	1.990E+00	1.990E+00	1.991E+00
2.920E+00	1.977E+00	1.620E-02	1.993E+00	1.961E+00	1.978E+00	1.976E+00	1.976E+00	1.977E+00
2.930E+00	1.963E+00	1.630E-02	1.980E+00	1.947E+00	1.964E+00	1.962E+00	1.962E+00	1.964E+00
2.940E+00	1.949E+00	1.640E-02	1.966E+00	1.933E+00	1.950E+00	1.949E+00	1.949E+00	1.950E+00
2.950E+00	1.936E+00	1.650E-02	1.953E+00	1.920E+00	1.936E+00	1.935E+00	1.935E+00	1.936E+00
2.960E+00	1.922E+00	1.659E-02	1.939E+00	1.906E+00	1.923E+00	1.921E+00	1.921E+00	1.923E+00
2.970E+00	1.909E+00	1.669E-02	1.926E+00	1.892E+00	1.909E+00	1.908E+00	1.908E+00	1.909E+00
2.980E+00	1.895E+00	1.678E-02	1.912E+00	1.879E+00	1.896E+00	1.894E+00	1.894E+00	1.896E+00
2.990E+00	1.882E+00	1.688E-02	1.899E+00	1.865E+00	1.882E+00	1.881E+00	1.881E+00	1.882E+00
3.000E+00	1.869E+00	1.697E-02	1.886E+00	1.852E+00	1.869E+00	1.868E+00	1.868E+00	1.869E+00
