1.000E-02	8.193E+00	3.004E-03	8.196E+00	8.190E+00	8.193E+00	8.192E+00	8.193E+00	8.193E+00
2.000E-02	8.192E+00	2.992E-03	8.195E+00	8.189E+00	8.192E+00	8.191E+00	8.192E+00	8.192E+00
3.000E-02	8.190E+00	2.975E-03	8.193E+00	8.188E+00	8.191E+00	8.190E+00	8.190E+00	8.190E+00
4.000E-02	8.189E+00	2.955E-03	8.191E+00	8.186E+00	8.189E+00	8.188E+00	8.189E+00	8.189E+00
5.000E-02	8.186E+00	2.931E-03	8.189E+00	8.183E+00	8.187E+00	8.186E+00	8.186E+00	8.186E+00
6.000E-02	8.183E+00	2.905E-03	8.186E+00	8.181E+00	8.184E+00	8.183E+00	8.183E+00	8.183E+00
7.000E-02	8.180E+00	2.876E-03	8.183E+00	8.177E+00	8.181E+00	8.180E+00	8.180E+00	8.180E+00
8.000E-02	8.177E+00	2.845E-03	8.179E+00	8.174E+00	8.177E+00	8.176E+00	8.177E+00	8.177E+00
9.000E-02	8.173E+00	2.812E-03	8.175E+00	8.170E+00	8.173E+00	8.172E+00	8.173E+00	8.173E+00
1.000E-01	8.168E+00	2.777E-03	8.171E+00	8.165E+00	8.169E+00	8.168E+00	8.168E+00	8.168E+00
1.100E-01	8.163E+00	2.741E-03	8.166E+00	8.161E+00	8.164E+00	8.163E+00	8.163E+00	8.163E+00
1.200E-01	8.158E+00	2.703E-03	8.161E+00	8.155E+00	8.159E+00	8.157E+00	8.158E+00	8.158E+00
1.300E-01	8.152E+00	2.664E-03	8.155E+00	8.150E+00	8.153E+00	8.152E+00	8.152E+00	8.152E+00
1.400E-01	8.147E+00	2.624E-03	8.149E+00	8.144E+00	8.147E+00	8.146E+00	8.146E+00	8.147E+00
1.500E-01	8.140E+00	2.582E-03	8.143E+00	8.138E+00	8.141E+00	8.140E+00	8.140E+00	8.140E+00
1.600E-01	8.133E+00	2.540E-03	8.136E+00	8.131E+00	8.134E+00	8.133E+00	8.133E+00	8.133E+00
1.700E-01	8.126E+00	2.496E-03	8.129E+00	8.124E+00	8.127E+00	8.126E+00	8.126E+00	8.126E+00
1.800E-01	8.119E+00	2.452E-03	8.121E+00	8.117E+00	8.120E+00	8.118E+00	8.119E+00	8.119E+00
1.900E-01	8.111E+00	2.407E-03	8.114E+00	8.109E+00	8.112E+00	8.111E+00	8.111E+00	8.111E+00
2.000E-01	8.103E+00	2.361E-03	8.105E+00	8.101E+00	8.104E+00	8.103E+00	8.103E+00	8.103E+00
2.100E-01	8.095E+00	2.314E-03	8.097E+00	8.092E+00	8.095E+00	8.094E+00	8.095E+00	8.095E+00
2.200E-01	8.086E+00	2.267E-03	8.088E+00	8.084E+00	8.086E+00	8.085E+00	8.086E+00	8.086E+00
2.300E-01	8.077E+00	2.220E-03	8.079E+00	8.075E+00	8.077E+00	8.076E+00	8.077E+00	8.077E+00
2.400E-01	8.067E+00	2.172E-03	8.069E+00	8.065E+00	8.068E+00	8.067E+00	8.067E+00	8.067E+00
2.500E-01	8.057E+00	2.123E-03	8.060E+00	8.055E+00	8.058E+00	8.057E+00	8.057E+00	8.058E+00
2.600E-01	8.047E+00	2.075E-03	8.049E+00	8.045E+00	8.048E+00	8.047E+00	8.047E+00	8.047E+00
2.700E-01	8.037E+00	2.026E-03	8.039E+00	8.035E+00	8.037E+00	8.036E+00	8.037E+00	8.037E+00
2.800E-01	8.026E+00	1.976E-03	8.028E+00	8.024E+00	8.027E+00	8.026E+00	8.026E+00	8.026E+00
2.900E-01	8.015E+00	1.927E-03	8.017E+00	8.013E+00	8.016E+00	8.015E+00	8.015E+00	8.015E+00
3.000E-01	8.004E+00	1.877E-03	8.006E+00	8.002E+00	8.004E+00	8.003E+00	8.004E+00	8.004E+00
3.100E-01	7.992E+00	1.828E-03	7.994E+00	7.990E+00	7.993E+00	7.991E+00	7.992E+00	7.992E+00
3.200E-01	7.980E+00	1.778E-03	7.982E+00	7.978E+00	7.981E+00	7.979E+00	7.980E+00	7.980E+00
3.300E-01	7.968E+00	1.728E-03	7.969E+00	7.966E+00	7.968E+00	7.967E+00	7.968E+00	7.968E+00
3.400E-01	7.955E+00	1.679E-03	7.957E+00	7.953E+00	7.956E+00	7.955E+00	7.955E+00	7.955E+00
3.500E-01	7.942E+00	1.629E-03	7.944E+00	7.941E+00	7.943E+00	7.942E+00	7.942E+00	7.942E+00
3.600E-01	7.929E+00	1.580E-03	7.930E+00	7.927E+00	7.929E+00	7.928E+00	7.929E+00	7.929E+00
3.700E-01	7.915E+00	1.530E-03	7.917E+00	7.914E+00	7.916E+00	7.915E+00	7.915E+00	7.915E+00
3.800E-01	7.902E+00	1.481E-03	7.903E+00	7.900E+00	7.902E+00	7.901E+00	7.902E+00	7.902E+00
3.900E-01	7.888E+00	1.433E-03	7.889E+00	7.886E+00	7.888E+00	7.887E+00	7.888E+00	7.888E+00
4.000E-01	7.873E+00	1.384E-03	7.874E+00	7.872E+00	7.874E+00	7.873E+00	7.873E+00	7.873E+00
4.100E-01	7.859E+00	1.336E-03	7.860E+00	7.857E+00	7.859E+00	7.858E+00	7.859E+00	7.859E+00
4.200E-01	7.844E+00	1.289E-03	7.845E+00	7.842E+00	7.844E+00	7.843E+00	7.844E+00	7.844E+00
4.300E-01	7.828E+00	1.241E-03	7.830E+00	7.827E+00	7.829E+00	7.828E+00	7.828E+00	7.828E+00
4.400E-01	7.813E+00	1.195E-03	7.814E+00	7.812E+00	7.813E+00	7.812E+00	7.813E+00	7.813E+00
4.500E-01	7.797E+00	1.148E-03	7.798E+00	7.796E+00	7.798E+00	7.797E+00	7.797E+00	7.797E+00
4.600E-01	7.781E+00	1.103E-03	7.782E+00	7.780E+00	7.782E+00	7.781E+00	7.781E+00	7.781E+00
4.700E-01	7.765E+00	1.058E-03	7.766E+00	7.764E+00	7.765E+00	7.764E+00	7.765E+00	7.765E+00
4.800E-01	7.748E+00	1.013E-03	7.749E+00	7.748E+00	7.749E+00	7.748E+00	7.748E+00	7.748E+00
4.900E-01	7.732E+00	9.698E-04	7.732E+00	7.731E+00	7.732E+00	7.731E+00	7.732E+00	7.732E+00
5.000E-01	7.715E+00	9.271E-04	7.715E+00	7.714E+00	7.715E+00	7.714E+00	7.714E+00	7.715E+00
5.100E-01	7.697E+00	8.853E-04	7.698E+00	7.696E+00	7.698E+00	7.697E+00	7.697E+00	7.697E+00
5.200E-01	7.680E+00	8.444E-04	7.680E+00	7.679E+00	7.680E+00	7.679E+00	7.680E+00	7.680E+00
5.300E-01	7.662E+00	8.047E-04	7.663E+00	7.661E+00	7.662E+00	7.661E+00	7.662E+00	7.662E+00
5.400E-01	7.644E+00	7.661E-04	7.644E+00	7.643E+00	7.644E+00	7.643E+00	7.644E+00	7.644E+00
5.500E-01	7.626E+00	7.288E-04	7.626E+00	7.625E+00	7.626E+00	7.625E+00	7.625E+00	7.626E+00
5.600E-01	7.607E+00	6.929E-04	7.607E+00	7.606E+00	7.607E+00	7.607E+00	7.607E+00	7.607E+00
5.700E-01	7.588E+00	6.586E-04	7.589E+00	7.588E+00	7.589E+00	7.588E+00	7.588E+00	7.588E+00
5.800E-01	7.569E+00	6.259E-04	7.570E+00	7.569E+00	7.570E+00	7.569E+00	7.569E+00	7.569E+00
5.900E-01	7.550E+00	5.951E-04	7.550E+00	7.550E+00	7.550E+00	7.549E+00	7.550E+00	7.550E+00
6.000E-01	7.530E+00	5.664E-04	7.531E+00	7.530E+00	7.531E+00	7.530E+00	7.530E+00	7.531E+00
6.100E-01	7.511E+00	5.399E-04	7.511E+00	7.510E+00	7.511E+00	7.510E+00	7.511E+00	7.511E+00
6.200E-01	7.491E+00	5.159E-04	7.491E+00	7.491E+00	7.491E+00	7.490E+00	7.491E+00	7.491E+00
6.300E-01	7.471E+00	4.946E-04	7.471E+00	7.471E+00	7.471E+00	7.470E+00	7.471E+00	7.471E+00
6.400E-01	7.450E+00	4.761E-04	7.451E+00	7.450E+00	7.451E+00	7.450E+00	7.450E+00	7.450E+00
6.500E-01	7.430E+00	4.607E-04	7.430E+00	7.430E+00	7.430E+00	7.429E+00	7.430E+00	7.430E+00
6.600E-01	7.409E+00	4.486E-04	7.409E+00	7.409E+00	7.409E+00	7.409E+00	7.409E+00	7.409E+00
6.700E-01	7.388E+00	4.397E-04	7.388E+00	7.388E+00	7.388E+00	7.388E+00	7.388E+00	7.388E+00
6.800E-01	7.367E+00	4.343E-04	7.367E+00	7.367E+00	7.367E+00	7.366E+00	7.367E+00	7.367E+00
6.900E-01	7.345E+00	4.321E-04	7.345E+00	7.345E+00	7.346E+00	7.345E+00	7.345E+00	7.345E+00
7.000E-01	7.324E+00	4.330E-04	7.324E+00	7.324E+00	7.324E+00	7.323E+00	7.324E+00	7.324E+00
7.100E-01	7.302E+00	4.370E-04	7.302E+00	7.302E+00	7.302E+00	7.302E+00	7.302E+00	7.302E+00
7.200E-01	7.280E+00	4.437E-04	7.280E+00	7.280E+00	7.280E+00	7.280E+00	7.280E+00	7.280E+00
7.300E-01	7.258E+00	4.528E-04	7.258E+00	7.258E+00	7.258E+00	7.257E+00	7.258E+00	7.258E+00
7.400E-01	7.235E+00	4.640E-04	7.235E+00	7.236E+00	7.236E+00	7.235E+00	7.235E+00	7.235E+00
7.500E-01	7.213E+00	4.771E-04	7.213E+00	7.213E+00	7.213E+00	7.212E+00	7.213E+00	7.213E+00
7.600E-01	7.190E+00	4.917E-04	7.190E+00	7.190E+00	7.190E+00	7.190E+00	7.190E+00	7.190E+00
7.700E-01	7.167E+00	5.075E-04	7.167E+00	7.167E+00	7.167E+00	7.167E+00	7.167E+00	7.167E+00
7.800E-01	7.144E+00	5.244E-04	7.144E+00	7.144E+00	7.144E+00	7.144E+00	7.144E+00	7.144E+00
7.900E-01	7.121E+00	5.420E-04	7.120E+00	7.121E+00	7.121E+00	7.120E+00	7.121E+00	7.121E+00
8.000E-01	7.097E+00	5.602E-04	7.097E+00	7.098E+00	7.098E+00	7.097E+00	7.097E+00	7.097E+00
8.100E-01	7.073E+00	5.788E-04	7.073E+00	7.074E+00	7.074E+00	7.073E+00	7.073E+00	7.074E+00
8.200E-01	7.050E+00	5.976E-04	7.049E+00	7.050E+00	7.050E+00	7.049E+00	7.050E+00	7.050E+00
8.300E-01	7.026E+00	6.166E-04	7.025E+00	7.026E+00	7.026E+00	7.025E+00	7.026E+00	7.026E+00
8.400E-01	7.002E+00	6.356E-04	7.001E+00	7.002E+00	7.002E+00	7.001E+00	7.001E+00	7.002E+00
8.500E-01	6.977E+00	6.545E-04	6.977E+00	6.978E+00	6.978E+00	6.977E+00	6.977E+00	6.977E+00
8.600E-01	6.953E+00	6.732E-04	6.952E+00	6.953E+00	6.953E+00	6.952E+00	6.953E+00	6.953E+00
8.700E-01	6.928E+00	6.917E-04	6.928E+00	6.929E+00	6.928E+00	6.928E+00	6.928E+00	6.928E+00
8.800E-01	6.903E+00	7.098E-04	6.903E+00	6.904E+00	6.904E+00	6.903E+00	6.903E+00	6.903E+00
8.900E-01	6.878E+00	7.276E-04	6.878E+00	6.879E+00	6.879E+00	6.878E+00	6.878E+00	6.878E+00
9.000E-01	6.853E+00	7.450E-04	6.853E+00	6.854E+00	6.854E+00	6.853E+00	6.853E+00	6.853E+00
9.100E-01	6.828E+00	7.619E-04	6.827E+00	6.829E+00	6.828E+00	6.828E+00	6.828E+00	6.828E+00
9.200E-01	6.803E+00	7.784E-04	6.802E+00	6.803E+00	6.803E+00	6.802E+00	6.803E+00	6.803E+00
9.300E-01	6.777E+00	7.943E-04	6.776E+00	6.778E+00	6.778E+00	6.777E+00	6.777E+00	6.777E+00
9.400E-01	6.752E+00	8.096E-04	6.751E+00	6.752E+00	6.752E+00	6.751E+00	6.751E+00	6.752E+00
9.500E-01	6.726E+00	8.245E-04	6.725E+00	6.727E+00	6.726E+00	6.725E+00	6.726E+00	6.726E+00
9.600E-01	6.700E+00	8.387E-04	6.699E+00	6.701E+00	6.700E+00	6.700E+00	6.700E+00	6.700E+00
9.700E-01	6.674E+00	8.523E-04	6.673E+00	6.675E+00	6.674E+00	6.673E+00	6.674E+00	6.674E+00
9.800E-01	6.648E+00	8.653E-04	6.647E+00	6.648E+00	6.648E+00	6.647E+00	6.648E+00	6.648E+00
9.900E-01	6.621E+00	8.776E-04	6.621E+00	6.622E+00	6.622E+00	6.621E+00	6.621E+00	6.621E+00
1.000E+00	6.595E+00	8.893E-04	6.594E+00	6.596E+00	6.595E+00	6.595E+00	6.595E+00	6.595E+00
1.010E+00	6.568E+00	9.003E-04	6.568E+00	6.569E+00	6.569E+00	6.568E+00	6.568E+00	6.568E+00
1.020E+00	6.542E+00	9.107E-04	6.541E+00	6.543E+00	6.542E+00	6.541E+00	6.542E+00	6.542E+00
1.030E+00	6.515E+00	9.204E-04	6.514E+00	6.516E+00	6.515E+00	6.515E+00	6.515E+00	6.515E+00
1.040E+00	6.488E+00	9.294E-04	6.487E+00	6.489E+00	6.488E+00	6.488E+00	6.488E+00	6.488E+00
1.050E+00	6.461E+00	9.377E-04	6.460E+00	6.462E+00	6.461E+00	6.461E+00	6.461E+00	6.461E+00
1.060E+00	6.434E+00	9.453E-04	6.433E+00	6.435E+00	6.434E+00	6.434E+00	6.434E+00	6.434E+00
1.070E+00	6.407E+00	9.523E-04	6.406E+00	6.408E+00	6.407E+00	6.407E+00	6.407E+00	6.407E+00
1.080E+00	6.380E+00	9.585E-04	6.379E+00	6.380E+00	6.380E+00	6.379E+00	6.379E+00	6.380E+00
1.090E+00	6.352E+00	9.640E-04	6.351E+00	6.353E+00	6.352E+00	6.352E+00	6.352E+00	6.352E+00
1.100E+00	6.325E+00	9.689E-04	6.324E+00	6.326E+00	6.325E+00	6.324E+00	6.325E+00	6.325E+00
1.110E+00	6.297E+00	9.730E-04	6.296E+00	6.298E+00	6.297E+00	6.297E+00	6.297E+00	6.297E+00
1.120E+00	6.269E+00	9.764E-04	6.268E+00	6.270E+00	6.270E+00	6.269E+00	6.269E+00	6.270E+00
1.130E+00	6.242E+00	9.792E-04	6.241E+00	6.243E+00	6.242E+00	6.241E+00	6.242E+00	6.242E+00
1.140E+00	6.214E+00	9.812E-04	6.213E+00	6.215E+00	6.214E+00	6.214E+00	6.214E+00	6.214E+00
1.150E+00	6.186E+00	9.826E-04	6.185E+00	6.187E+00	6.186E+00	6.186E+00	6.186E+00	6.186E+00
1.160E+00	6.158E+00	9.832E-04	6.157E+00	6.159E+00	6.158E+00	6.158E+00	6.158E+00	6.158E+00
1.170E+00	6.130E+00	9.832E-04	6.129E+00	6.131E+00	6.130E+00	6.130E+00	6.130E+00	6.130E+00
1.180E+00	6.102E+00	9.824E-04	6.101E+00	6.103E+00	6.102E+00	6.101E+00	6.102E+00	6.102E+00
1.190E+00	6.073E+00	9.810E-04	6.072E+00	6.074E+00	6.074E+00	6.073E+00	6.073E+00	6.074E+00
1.200E+00	6.045E+00	9.789E-04	6.044E+00	6.046E+00	6.045E+00	6.045E+00	6.045E+00	6.045E+00
1.210E+00	6.017E+00	9.761E-04	6.016E+00	6.018E+00	6.017E+00	6.017E+00	6.017E+00	6.017E+00
1.220E+00	5.988E+00	9.726E-04	5.987E+00	5.989E+00	5.989E+00	5.988E+00	5.988E+00	5.988E+00
1.230E+00	5.960E+00	9.685E-04	5.959E+00	5.961E+00	5.960E+00	5.960E+00	5.960E+00	5.960E+00
1.240E+00	5.931E+00	9.637E-04	5.930E+00	5.932E+00	5.931E+00	5.931E+00	5.931E+00	5.931E+00
1.250E+00	5.903E+00	9.583E-04	5.902E+00	5.904E+00	5.903E+00	5.902E+00	5.903E+00	5.903E+00
1.260E+00	5.874E+00	9.521E-04	5.873E+00	5.875E+00	5.874E+00	5.874E+00	5.874E+00	5.874E+00
1.270E+00	5.845E+00	9.454E-04	5.844E+00	5.846E+00	5.845E+00	5.845E+00	5.845E+00	5.845E+00
1.280E+00	5.816E+00	9.380E-04	5.816E+00	5.817E+00	5.817E+00	5.816E+00	5.816E+00	5.817E+00
1.290E+00	5.788E+00	9.300E-04	5.787E+00	5.789E+00	5.788E+00	5.787E+00	5.788E+00	5.788E+00
1.300E+00	5.759E+00	9.213E-04	5.758E+00	5.760E+00	5.759E+00	5.759E+00	5.759E+00	5.759E+00
1.310E+00	5.730E+00	9.120E-04	5.729E+00	5.731E+00	5.730E+00	5.730E+00	5.730E+00	5.730E+00
1.320E+00	5.701E+00	9.021E-04	5.700E+00	5.702E+00	5.701E+00	5.701E+00	5.701E+00	5.701E+00
1.330E+00	5.672E+00	8.916E-04	5.671E+00	5.673E+00	5.672E+00	5.672E+00	5.672E+00	5.672E+00
1.340E+00	5.643E+00	8.805E-04	5.642E+00	5.644E+00	5.643E+00	5.643E+00	5.643E+00	5.643E+00
1.350E+00	5.614E+00	8.688E-04	5.613E+00	5.615E+00	5.614E+00	5.614E+00	5.614E+00	5.614E+00
1.360E+00	5.585E+00	8.565E-04	5.584E+00	5.586E+00	5.585E+00	5.585E+00	5.585E+00	5.585E+00
1.370E+00	5.556E+00	8.436E-04	5.555E+00	5.556E+00	5.556E+00	5.555E+00	5.555E+00	5.556E+00
1.380E+00	5.526E+00	8.301E-04	5.526E+00	5.527E+00	5.527E+00	5.526E+00	5.526E+00	5.527E+00
1.390E+00	5.497E+00	8.161E-04	5.496E+00	5.498E+00	5.497E+00	5.497E+00	5.497E+00	5.497E+00
1.400E+00	5.468E+00	8.016E-04	5.467E+00	5.469E+00	5.468E+00	5.468E+00	5.468E+00	5.468E+00
1.410E+00	5.439E+00	7.865E-04	5.438E+00	5.440E+00	5.439E+00	5.439E+00	5.439E+00	5.439E+00
1.420E+00	5.410E+00	7.709E-04	5.409E+00	5.410E+00	5.410E+00	5.409E+00	5.409E+00	5.410E+00
1.430E+00	5.380E+00	7.547E-04	5.380E+00	5.381E+00	5.380E+00	5.380E+00	5.380E+00	5.380E+00
1.440E+00	5.351E+00	7.380E-04	5.350E+00	5.352E+00	5.351E+00	5.351E+00	5.351E+00	5.351E+00
1.450E+00	5.322E+00	7.209E-04	5.321E+00	5.322E+00	5.322E+00	5.322E+00	5.322E+00	5.322E+00
1.460E+00	5.292E+00	7.032E-04	5.292E+00	5.293E+00	5.292E+00	5.292E+00	5.292E+00	5.293E+00
1.470E+00	5.263E+00	6.851E-04	5.262E+00	5.264E+00	5.263E+00	5.263E+00	5.263E+00	5.263E+00
1.480E+00	5.234E+00	6.664E-04	5.233E+00	5.234E+00	5.234E+00	5.234E+00	5.234E+00	5.234E+00
1.490E+00	5.204E+00	6.474E-04	5.204E+00	5.205E+00	5.205E+00	5.204E+00	5.204E+00	5.205E+00
1.500E+00	5.175E+00	6.279E-04	5.175E+00	5.176E+00	5.175E+00	5.175E+00	5.175E+00	5.175E+00
1.510E+00	5.146E+00	6.079E-04	5.145E+00	5.146E+00	5.146E+00	5.146E+00	5.146E+00	5.146E+00
1.520E+00	5.116E+00	5.876E-04	5.116E+00	5.117E+00	5.117E+00	5.116E+00	5.116E+00	5.117E+00
1.530E+00	5.087E+00	5.668E-04	5.087E+00	5.088E+00	5.087E+00	5.087E+00	5.087E+00	5.087E+00
1.540E+00	5.058E+00	5.457E-04	5.057E+00	5.058E+00	5.058E+00	5.058E+00	5.058E+00	5.058E+00
1.550E+00	5.029E+00	5.242E-04	5.028E+00	5.029E+00	5.029E+00	5.028E+00	5.028E+00	5.029E+00
1.560E+00	4.999E+00	5.023E-04	4.999E+00	5.000E+00	4.999E+00	4.999E+00	4.999E+00	4.999E+00
1.570E+00	4.970E+00	4.801E-04	4.970E+00	4.970E+00	4.970E+00	4.970E+00	4.970E+00	4.970E+00
1.580E+00	4.941E+00	4.577E-04	4.940E+00	4.941E+00	4.941E+00	4.941E+00	4.941E+00	4.941E+00
1.590E+00	4.911E+00	4.350E-04	4.911E+00	4.912E+00	4.911E+00	4.911E+00	4.911E+00	4.912E+00
1.600E+00	4.882E+00	4.120E-04	4.882E+00	4.883E+00	4.882E+00	4.882E+00	4.882E+00	4.882E+00
1.610E+00	4.853E+00	3.889E-04	4.853E+00	4.853E+00	4.853E+00	4.853E+00	4.853E+00	4.853E+00
1.620E+00	4.824E+00	3.656E-04	4.823E+00	4.824E+00	4.824E+00	4.824E+00	4.824E+00	4.824E+00
1.630E+00	4.795E+00	3.423E-04	4.794E+00	4.795E+00	4.795E+00	4.795E+00	4.794E+00	4.795E+00
1.640E+00	4.765E+00	3.190E-04	4.765E+00	4.766E+00	4.766E+00	4.765E+00	4.765E+00	4.766E+00
1.650E+00	4.736E+00	2.959E-04	4.736E+00	4.737E+00	4.736E+00	4.736E+00	4.736E+00	4.737E+00
1.660E+00	4.707E+00	2.730E-04	4.707E+00	4.708E+00	4.707E+00	4.707E+00	4.707E+00	4.707E+00
1.670E+00	4.678E+00	2.505E-04	4.678E+00	4.678E+00	4.678E+00	4.678E+00	4.678E+00	4.678E+00
1.680E+00	4.649E+00	2.288E-04	4.649E+00	4.649E+00	4.649E+00	4.649E+00	4.649E+00	4.649E+00
1.690E+00	4.620E+00	2.081E-04	4.620E+00	4.620E+00	4.620E+00	4.620E+00	4.620E+00	4.620E+00
1.700E+00	4.591E+00	1.890E-04	4.591E+00	4.591E+00	4.591E+00	4.591E+00	4.591E+00	4.591E+00
1.710E+00	4.562E+00	1.722E-04	4.562E+00	4.562E+00	4.562E+00	4.562E+00	4.562E+00	4.562E+00
1.720E+00	4.533E+00	1.585E-04	4.533E+00	4.534E+00	4.533E+00	4.533E+00	4.533E+00	4.534E+00
1.730E+00	4.505E+00	1.489E-04	4.505E+00	4.505E+00	4.505E+00	4.505E+00	4.504E+00	4.505E+00
1.740E+00	4.476E+00	1.445E-04	4.476E+00	4.476E+00	4.476E+00	4.476E+00	4.476E+00	4.476E+00
1.750E+00	4.447E+00	1.458E-04	4.447E+00	4.447E+00	4.447E+00	4.447E+00	4.447E+00	4.447E+00
1.760E+00	4.418E+00	1.529E-04	4.418E+00	4.418E+00	4.418E+00	4.418E+00	4.418E+00	4.419E+00
1.770E+00	4.390E+00	1.652E-04	4.390E+00	4.390E+00	4.390E+00	4.390E+00	4.390E+00	4.390E+00
1.780E+00	4.361E+00	1.817E-04	4.361E+00	4.361E+00	4.361E+00	4.361E+00	4.361E+00	4.361E+00
1.790E+00	4.333E+00	2.014E-04	4.333E+00	4.332E+00	4.333E+00	4.333E+00	4.332E+00	4.333E+00
1.800E+00	4.304E+00	2.237E-04	4.304E+00	4.304E+00	4.304E+00	4.304E+00	4.304E+00	4.304E+00
1.810E+00	4.276E+00	2.478E-04	4.276E+00	4.275E+00	4.276E+00	4.276E+00	4.275E+00	4.276E+00
1.820E+00	4.247E+00	2.734E-04	4.247E+00	4.247E+00	4.247E+00	4.247E+00	4.247E+00	4.247E+00
1.830E+00	4.219E+00	3.001E-04	4.219E+00	4.219E+00	4.219E+00	4.219E+00	4.219E+00	4.219E+00
1.840E+00	4.191E+00	3.277E-04	4.191E+00	4.190E+00	4.191E+00	4.191E+00	4.190E+00	4.191E+00
1.850E+00	4.162E+00	3.561E-04	4.163E+00	4.162E+00	4.162E+00	4.162E+00	4.162E+00	4.163E+00
1.860E+00	4.134E+00	3.850E-04	4.135E+00	4.134E+00	4.134E+00	4.134E+00	4.134E+00	4.134E+00
1.870E+00	4.106E+00	4.145E-04	4.107E+00	4.106E+00	4.106E+00	4.106E+00	4.106E+00	4.106E+00
1.880E+00	4.078E+00	4.443E-04	4.079E+00	4.078E+00	4.078E+00	4.078E+00	4.078E+00	4.078E+00
1.890E+00	4.050E+00	4.745E-04	4.051E+00	4.050E+00	4.050E+00	4.050E+00	4.050E+00	4.050E+00
1.900E+00	4.022E+00	5.051E-04	4.023E+00	4.022E+00	4.022E+00	4.022E+00	4.022E+00	4.022E+00
1.910E+00	3.994E+00	5.359E-04	3.995E+00	3.994E+00	3.994E+00	3.994E+00	3.994E+00	3.995E+00
1.920E+00	3.967E+00	5.669E-04	3.967E+00	3.966E+00	3.967E+00	3.967E+00	3.966E+00	3.967E+00
1.930E+00	3.939E+00	5.982E-04	3.940E+00	3.938E+00	3.939E+00	3.939E+00	3.939E+00	3.939E+00
1.940E+00	3.911E+00	6.296E-04	3.912E+00	3.911E+00	3.911E+00	3.911E+00	3.911E+00	3.911E+00
1.950E+00	3.884E+00	6.612E-04	3.884E+00	3.883E+00	3.884E+00	3.884E+00	3.884E+00	3.884E+00
1.960E+00	3.856E+00	6.929E-04	3.857E+00	3.856E+00	3.856E+00	3.856E+00	3.856E+00	3.856E+00
1.970E+00	3.829E+00	7.248E-04	3.830E+00	3.828E+00	3.829E+00	3.829E+00	3.829E+00	3.829E+00
1.980E+00	3.802E+00	7.567E-04	3.802E+00	3.801E+00	3.802E+00	3.802E+00	3.801E+00	3.802E+00
1.990E+00	3.774E+00	7.888E-04	3.775E+00	3.774E+00	3.774E+00	3.774E+00	3.774E+00	3.775E+00
2.000E+00	3.747E+00	8.209E-04	3.748E+00	3.746E+00	3.747E+00	3.747E+00	3.747E+00	3.747E+00
2.010E+00	3.720E+00	8.531E-04	3.721E+00	3.719E+00	3.720E+00	3.720E+00	3.720E+00	3.720E+00
2.020E+00	3.693E+00	8.854E-04	3.694E+00	3.692E+00	3.693E+00	3.693E+00	3.693E+00	3.693E+00
2.030E+00	3.666E+00	9.176E-04	3.667E+00	3.665E+00	3.666E+00	3.666E+00	3.666E+00	3.666E+00
2.040E+00	3.639E+00	9.500E-04	3.640E+00	3.638E+00	3.639E+00	3.640E+00	3.639E+00	3.640E+00
2.050E+00	3.613E+00	9.823E-04	3.614E+00	3.612E+00	3.613E+00	3.613E+00	3.613E+00	3.613E+00
2.060E+00	3.586E+00	1.015E-03	3.587E+00	3.585E+00	3.586E+00	3.586E+00	3.586E+00	3.586E+00
2.070E+00	3.559E+00	1.047E-03	3.561E+00	3.558E+00	3.559E+00	3.560E+00	3.559E+00	3.560E+00
2.080E+00	3.533E+00	1.079E-03	3.534E+00	3.532E+00	3.533E+00	3.533E+00	3.533E+00	3.533E+00
2.090E+00	3.507E+00	1.112E-03	3.508E+00	3.506E+00	3.506E+00	3.507E+00	3.506E+00	3.507E+00
2.100E+00	3.480E+00	1.144E-03	3.481E+00	3.479E+00	3.480E+00	3.480E+00	3.480E+00	3.480E+00
2.110E+00	3.454E+00	1.176E-03	3.455E+00	3.453E+00	3.454E+00	3.454E+00	3.454E+00	3.454E+00
2.120E+00	3.428E+00	1.208E-03	3.429E+00	3.427E+00	3.428E+00	3.428E+00	3.428E+00	3.428E+00
2.130E+00	3.402E+00	1.240E-03	3.403E+00	3.401E+00	3.402E+00	3.402E+00	3.402E+00	3.402E+00
2.140E+00	3.376E+00	1.273E-03	3.377E+00	3.375E+00	3.376E+00	3.376E+00	3.376E+00	3.376E+00
2.150E+00	3.350E+00	1.304E-03	3.352E+00	3.349E+00	3.350E+00	3.350E+00	3.350E+00	3.350E+00
2.160E+00	3.324E+00	1.336E-03	3.326E+00	3.323E+00	3.324E+00	3.325E+00	3.324E+00	3.325E+00
2.170E+00	3.299E+00	1.368E-03	3.300E+00	3.298E+00	3.299E+00	3.299E+00	3.299E+00	3.299E+00
2.180E+00	3.273E+00	1.400E-03	3.275E+00	3.272E+00	3.273E+00	3.273E+00	3.273E+00	3.273E+00
2.190E+00	3.248E+00	1.432E-03	3.249E+00	3.246E+00	3.248E+00	3.248E+00	3.248E+00	3.248E+00
2.200E+00	3.223E+00	1.463E-03	3.224E+00	3.221E+00	3.222E+00	3.223E+00	3.222E+00	3.223E+00
2.210E+00	3.197E+00	1.495E-03	3.199E+00	3.196E+00	3.197E+00	3.197E+00	3.197E+00	3.197E+00
2.220E+00	3.172E+00	1.526E-03	3.174E+00	3.171E+00	3.172E+00	3.172E+00	3.172E+00	3.172E+00
2.230E+00	3.147E+00	1.557E-03	3.149E+00	3.146E+00	3.147E+00	3.147E+00	3.147E+00	3.147E+00
2.240E+00	3.122E+00	1.588E-03	3.124E+00	3.121E+00	3.122E+00	3.122E+00	3.122E+00	3.122E+00
2.250E+00	3.097E+00	1.619E-03	3.099E+00	3.096E+00	3.097E+00	3.098E+00	3.097E+00	3.098E+00
2.260E+00	3.073E+00	1.650E-03	3.074E+00	3.071E+00	3.073E+00	3.073E+00	3.073E+00	3.073E+00
2.270E+00	3.048E+00	1.680E-03	3.050E+00	3.046E+00	3.048E+00	3.048E+00	3.048E+00	3.048E+00
2.280E+00	3.024E+00	1.711E-03	3.025E+00	3.022E+00	3.023E+00	3.024E+00	3.023E+00	3.024E+00
2.290E+00	2.999E+00	1.741E-03	3.001E+00	2.997E+00	2.999E+00	2.999E+00	2.999E+00	2.999E+00
2.300E+00	2.975E+00	1.771E-03	2.977E+00	2.973E+00	2.975E+00	2.975E+00	2.975E+00	2.975E+00
2.310E+00	2.951E+00	1.801E-03	2.952E+00	2.949E+00	2.950E+00	2.951E+00	2.950E+00	2.951E+00
2.320E+00	2.927E+00	1.830E-03	2.928E+00	2.925E+00	2.926E+00	2.927E+00	2.926E+00	2.927E+00
2.330E+00	2.903E+00	1.860E-03	2.904E+00	2.901E+00	2.902E+00	2.903E+00	2.902E+00	2.903E+00
2.340E+00	2.879E+00	1.889E-03	2.881E+00	2.877E+00	2.879E+00	2.879E+00	2.879E+00	2.879E+00
2.350E+00	2.855E+00	1.918E-03	2.857E+00	2.853E+00	2.855E+00	2.855E+00	2.855E+00	2.855E+00
2.360E+00	2.831E+00	1.947E-03	2.833E+00	2.829E+00	2.831E+00	2.832E+00	2.831E+00	2.832E+00
2.370E+00	2.808E+00	1.976E-03	2.810E+00	2.806E+00	2.808E+00	2.808E+00	2.808E+00	2.808E+00
2.380E+00	2.784E+00	2.004E-03	2.786E+00	2.782E+00	2.784E+00	2.785E+00	2.784E+00	2.785E+00
2.390E+00	2.761E+00	2.033E-03	2.763E+00	2.759E+00	2.761E+00	2.761E+00	2.761E+00	2.761E+00
2.400E+00	2.738E+00	2.061E-03	2.740E+00	2.736E+00	2.738E+00	2.738E+00	2.738E+00	2.738E+00
2.410E+00	2.715E+00	2.088E-03	2.717E+00	2.713E+00	2.715E+00	2.715E+00	2.715E+00	2.715E+00
2.420E+00	2.692E+00	2.116E-03	2.694E+00	2.690E+00	2.692E+00	2.692E+00	2.692E+00	2.692E+00
2.430E+00	2.669E+00	2.143E-03	2.671E+00	2.667E+00	2.669E+00	2.669E+00	2.669E+00	2.669E+00
2.440E+00	2.646E+00	2.170E-03	2.648E+00	2.644E+00	2.646E+00	2.646E+00	2.646E+00	2.646E+00
2.450E+00	2.624E+00	2.197E-03	2.626E+00	2.622E+00	2.624E+00	2.624E+00	2.624E+00	2.624E+00
2.460E+00	2.601E+00	2.224E-03	2.603E+00	2.599E+00	2.601E+00	2.601E+00	2.601E+00	2.601E+00
2.470E+00	2.579E+00	2.250E-03	2.581E+00	2.577E+00	2.579E+00	2.579E+00	2.579E+00	2.579E+00
2.480E+00	2.557E+00	2.276E-03	2.559E+00	2.554E+00	2.556E+00	2.557E+00	2.556E+00	2.557E+00
2.490E+00	2.534E+00	2.302E-03	2.537E+00	2.532E+00	2.534E+00	2.535E+00	2.534E+00	2.535E+00
2.500E+00	2.512E+00	2.327E-03	2.515E+00	2.510E+00	2.512E+00	2.513E+00	2.512E+00	2.512E+00
2.510E+00	2.490E+00	2.352E-03	2.493E+00	2.488E+00	2.490E+00	2.491E+00	2.490E+00	2.491E+00
2.520E+00	2.469E+00	2.377E-03	2.471E+00	2.466E+00	2.468E+00	2.469E+00	2.468E+00	2.469E+00
2.530E+00	2.447E+00	2.402E-03	2.449E+00	2.445E+00	2.447E+00	2.447E+00	2.447E+00	2.447E+00
2.540E+00	2.425E+00	2.426E-03	2.428E+00	2.423E+00	2.425E+00	2.426E+00	2.425E+00	2.426E+00
2.550E+00	2.404E+00	2.450E-03	2.406E+00	2.402E+00	2.404E+00	2.404E+00	2.404E+00	2.404E+00
2.560E+00	2.383E+00	2.474E-03	2.385E+00	2.380E+00	2.382E+00	2.383E+00	2.382E+00	2.383E+00
2.570E+00	2.361E+00	2.498E-03	2.364E+00	2.359E+00	2.361E+00	2.362E+00	2.361E+00	2.362E+00
2.580E+00	2.340E+00	2.521E-03	2.343E+00	2.338E+00	2.340E+00	2.341E+00	2.340E+00	2.340E+00
2.590E+00	2.319E+00	2.544E-03	2.322E+00	2.317E+00	2.319E+00	2.320E+00	2.319E+00	2.320E+00
2.600E+00	2.299E+00	2.566E-03	2.301E+00	2.296E+00	2.298E+00	2.299E+00	2.298E+00	2.299E+00
2.610E+00	2.278E+00	2.589E-03	2.280E+00	2.275E+00	2.278E+00	2.278E+00	2.278E+00	2.278E+00
2.620E+00	2.257E+00	2.611E-03	2.260E+00	2.255E+00	2.257E+00	2.257E+00	2.257E+00	2.257E+00
2.630E+00	2.237E+00	2.632E-03	2.239E+00	2.234E+00	2.236E+00	2.237E+00	2.237E+00	2.237E+00
2.640E+00	2.216E+00	2.654E-03	2.219E+00	2.214E+00	2.216E+00	2.217E+00	2.216E+00	2.216E+00
2.650E+00	2.196E+00	2.675E-03	2.199E+00	2.193E+00	2.196E+00	2.196E+00	2.196E+00	2.196E+00
2.660E+00	2.176E+00	2.696E-03	2.179E+00	2.173E+00	2.176E+00	2.176E+00	2.176E+00	2.176E+00
2.670E+00	2.156E+00	2.716E-03	2.159E+00	2.153E+00	2.156E+00	2.156E+00	2.156E+00	2.156E+00
2.680E+00	2.136E+00	2.736E-03	2.139E+00	2.133E+00	2.136E+00	2.136E+00	2.136E+00	2.136E+00
2.690E+00	2.116E+00	2.756E-03	2.119E+00	2.114E+00	2.116E+00	2.117E+00	2.116E+00	2.116E+00
2.700E+00	2.097E+00	2.775E-03	2.099E+00	2.094E+00	2.096E+00	2.097E+00	2.097E+00	2.097E+00
2.710E+00	2.077E+00	2.794E-03	2.080E+00	2.074E+00	2.077E+00	2.077E+00	2.077E+00	2.077E+00
2.720E+00	2.058E+00	2.813E-03	2.061E+00	2.055E+00	2.058E+00	2.058E+00	2.058E+00	2.058E+00
2.730E+00	2.038E+00	2.832E-03	2.041E+00	2.036E+00	2.038E+00	2.039E+00	2.038E+00	2.039E+00
2.740E+00	2.019E+00	2.850E-03	2.022E+00	2.016E+00	2.019E+00	2.020E+00	2.019E+00	2.019E+00
2.750E+00	2.000E+00	2.868E-03	2.003E+00	1.997E+00	2.000E+00	2.000E+00	2.000E+00	2.000E+00
2.760E+00	1.981E+00	2.885E-03	1.984E+00	1.978E+00	1.981E+00	1.982E+00	1.981E+00	1.982E+00
2.770E+00	1.963E+00	2.902E-03	1.965E+00	1.960E+00	1.962E+00	1.963E+00	1.962E+00	1.963E+00
2.780E+00	1.944E+00	2.919E-03	1.947E+00	1.941E+00	1.944E+00	1.944E+00	1.944E+00	1.944E+00
2.790E+00	1.925E+00	2.936E-03	1.928E+00	1.922E+00	1.925E+00	1.926E+00	1.925E+00	1.925E+00
2.800E+00	1.907E+00	2.952E-03	1.910E+00	1.904E+00	1.907E+00	1.907E+00	1.907E+00	1.907E+00
2.810E+00	1.889E+00	2.967E-03	1.892E+00	1.886E+00	1.888E+00	1.889E+00	1.888E+00	1.889E+00
2.820E+00	1.870E+00	2.983E-03	1.873E+00	1.867E+00	1.870E+00	1.871E+00	1.870E+00	1.871E+00
2.830E+00	1.852E+00	2.998E-03	1.855E+00	1.849E+00	1.852E+00	1.853E+00	1.852E+00	1.853E+00
2.840E+00	1.834E+00	3.013E-03	1.837E+00	1.831E+00	1.834E+00	1.835E+00	1.834E+00	1.835E+00
2.850E+00	1.817E+00	3.027E-03	1.820E+00	1.814E+00	1.816E+00	1.817E+00	1.816E+00	1.817E+00
2.860E+00	1.799E+00	3.041E-03	1.802E+00	1.796E+00	1.799E+00	1.799E+00	1.799E+00	1.799E+00
2.870E+00	1.781E+00	3.055E-03	1.784E+00	1.778E+00	1.781E+00	1.782E+00	1.781E+00	1.781E+00
2.880E+00	1.764E+00	3.068E-03	1.767E+00	1.761E+00	1.764E+00	1.764E+00	1.764E+00	1.764E+00
2.890E+00	1.747E+00	3.081E-03	1.750E+00	1.743E+00	1.746E+00	1.747E+00	1.746E+00	1.747E+00
2.900E+00	1.729E+00	3.094E-03	1.732E+00	1.726E+00	1.729E+00	1.730E+00	1.729E+00	1.729E+00
2.910E+00	1.712E+00	3.107E-03	1.715E+00	1.709E+00	1.712E+00	1.712E+00	1.712E+00	1.712E+00
2.920E+00	1.695E+00	3.119E-03	1.698E+00	1.692E+00	1.695E+00	1.695E+00	1.695E+00	1.695E+00
2.930E+00	1.678E+00	3.130E-03	1.681E+00	1.675E+00	1.678E+00	1.679E+00	1.678E+00	1.678E+00
2.940E+00	1.662E+00	3.142E-03	1.665E+00	1.658E+00	1.661E+00	1.662E+00	1.661E+00	1.662E+00
2.950E+00	1.645E+00	3.153E-03	1.648E+00	1.642E+00	1.645E+00	1.645E+00	1.645E+00	1.645E+00
2.960E+00	1.628E+00	3.163E-03	1.632E+00	1.625E+00	1.628E+00	1.629E+00	1.628E+00	1.629E+00
2.970E+00	1.612E+00	3.174E-03	1.615E+00	1.609E+00	1.612E+00	1.612E+00	1.612E+00	1.612E+00
2.980E+00	1.596E+00	3.184E-03	1.599E+00	1.593E+00	1.596E+00	1.596E+00	1.596E+00	1.596E+00
2.990E+00	1.580E+00	3.193E-03	1.583E+00	1.576E+00	1.579E+00	1.580E+00	1.580E+00	1.580E+00
3.000E+00	1.564E+00	3.203E-03	1.567E+00	1.560E+00	1.563E+00	1.564E+00	1.564E+00	1.564E+00
