1.000E-02	6.587E+00	5.291E-02	6.639E+00	6.535E+00	6.597E+00	6.578E+00	6.587E+00	6.587E+00
2.000E-02	6.586E+00	5.262E-02	6.638E+00	6.535E+00	6.596E+00	6.577E+00	6.586E+00	6.587E+00
3.000E-02	6.585E+00	5.224E-02	6.636E+00	6.533E+00	6.594E+00	6.576E+00	6.585E+00	6.585E+00
4.000E-02	6.583E+00	5.179E-02	6.634E+00	6.532E+00	6.592E+00	6.574E+00	6.583E+00	6.583E+00
5.000E-02	6.581E+00	5.128E-02	6.631E+00	6.530E+00	6.590E+00	6.572E+00	6.581E+00	6.581E+00
6.000E-02	6.578E+00	5.071E-02	6.628E+00	6.528E+00	6.588E+00	6.569E+00	6.578E+00	6.579E+00
7.000E-02	6.575E+00	5.010E-02	6.624E+00	6.526E+00	6.585E+00	6.566E+00	6.575E+00	6.576E+00
8.000E-02	6.572E+00	4.945E-02	6.620E+00	6.523E+00	6.581E+00	6.563E+00	6.572E+00	6.572E+00
9.000E-02	6.568E+00	4.876E-02	6.616E+00	6.520E+00	6.578E+00	6.559E+00	6.568E+00	6.568E+00
1.000E-01	6.564E+00	4.805E-02	6.611E+00	6.517E+00	6.573E+00	6.555E+00	6.564E+00	6.564E+00
1.100E-01	6.560E+00	4.731E-02	6.606E+00	6.513E+00	6.569E+00	6.551E+00	6.560E+00	6.560E+00
1.200E-01	6.555E+00	4.654E-02	6.600E+00	6.509E+00	6.564E+00	6.546E+00	6.555E+00	6.555E+00
1.300E-01	6.550E+00	4.575E-02	6.594E+00	6.505E+00	6.559E+00	6.541E+00	6.550E+00	6.550E+00
1.400E-01	6.545E+00	4.494E-02	6.588E+00	6.500E+00	6.554E+00	6.535E+00	6.544E+00	6.545E+00
1.500E-01	6.539E+00	4.411E-02	6.581E+00	6.495E+00	6.548E+00	6.530E+00	6.539E+00	6.539E+00
1.600E-01	6.533E+00	4.327E-02	6.574E+00	6.490E+00	6.542E+00	6.524E+00	6.533E+00	6.533E+00
1.700E-01	6.527E+00	4.242E-02	6.567E+00	6.484E+00	6.536E+00	6.517E+00	6.526E+00	6.527E+00
1.800E-01	6.520E+00	4.155E-02	6.560E+00	6.479E+00	6.529E+00	6.511E+00	6.520E+00	6.520E+00
1.900E-01	6.513E+00	4.068E-02	6.552E+00	6.472E+00	6.522E+00	6.504E+00	6.513E+00	6.513E+00
2.000E-01	6.506E+00	3.980E-02	6.544E+00	6.466E+00	6.515E+00	6.497E+00	6.506E+00	6.506E+00
2.100E-01	6.498E+00	3.890E-02	6.535E+00	6.459E+00	6.508E+00	6.489E+00	6.498E+00	6.499E+00
2.200E-01	6.491E+00	3.801E-02	6.526E+00	6.453E+00	6.500E+00	6.481E+00	6.490E+00	6.491E+00
2.300E-01	6.483E+00	3.711E-02	6.517E+00	6.445E+00	6.492E+00	6.473E+00	6.482E+00	6.483E+00
2.400E-01	6.474E+00	3.620E-02	6.508E+00	6.438E+00	6.483E+00	6.465E+00	6.474E+00	6.475E+00
2.500E-01	6.466E+00	3.530E-02	6.498E+00	6.430E+00	6.475E+00	6.456E+00	6.465E+00	6.466E+00
2.600E-01	6.457E+00	3.439E-02	6.489E+00	6.422E+00	6.466E+00	6.448E+00	6.456E+00	6.457E+00
2.700E-01	6.448E+00	3.349E-02	6.478E+00	6.414E+00	6.457E+00	6.438E+00	6.447E+00	6.448E+00
2.800E-01	6.438E+00	3.258E-02	6.468E+00	6.405E+00	6.447E+00	6.429E+00	6.438E+00	6.438E+00
2.900E-01	6.428E+00	3.168E-02	6.457E+00	6.397E+00	6.437E+00	6.419E+00	6.428E+00	6.429E+00
3.000E-01	6.418E+00	3.078E-02	6.447E+00	6.388E+00	6.427E+00	6.409E+00	6.418E+00	6.419E+00
3.100E-01	6.408E+00	2.988E-02	6.435E+00	6.378E+00	6.417E+00	6.399E+00	6.408E+00	6.409E+00
3.200E-01	6.398E+00	2.899E-02	6.424E+00	6.369E+00	6.407E+00	6.389E+00	6.397E+00	6.398E+00
3.300E-01	6.387E+00	2.811E-02	6.412E+00	6.359E+00	6.396E+00	6.378E+00	6.387E+00	6.388E+00
3.400E-01	6.376E+00	2.723E-02	6.400E+00	6.349E+00	6.385E+00	6.367E+00	6.376E+00	6.377E+00
3.500E-01	6.365E+00	2.636E-02	6.388E+00	6.339E+00	6.374E+00	6.356E+00	6.364E+00	6.365E+00
3.600E-01	6.353E+00	2.549E-02	6.376E+00	6.328E+00	6.362E+00	6.345E+00	6.353E+00	6.354E+00
3.700E-01	6.342E+00	2.464E-02	6.363E+00	6.317E+00	6.351E+00	6.333E+00	6.341E+00	6.342E+00
3.800E-01	6.330E+00	2.380E-02	6.350E+00	6.306E+00	6.339E+00	6.321E+00	6.329E+00	6.330E+00
3.900E-01	6.318E+00	2.296E-02	6.337E+00	6.295E+00	6.327E+00	6.309E+00	6.317E+00	6.318E+00
4.000E-01	6.305E+00	2.214E-02	6.324E+00	6.284E+00	6.314E+00	6.297E+00	6.305E+00	6.306E+00
4.100E-01	6.293E+00	2.133E-02	6.311E+00	6.272E+00	6.302E+00	6.284E+00	6.292E+00	6.293E+00
4.200E-01	6.280E+00	2.054E-02	6.297E+00	6.260E+00	6.289E+00	6.271E+00	6.279E+00	6.281E+00
4.300E-01	6.267E+00	1.975E-02	6.283E+00	6.248E+00	6.276E+00	6.258E+00	6.266E+00	6.268E+00
4.400E-01	6.254E+00	1.899E-02	6.269E+00	6.235E+00	6.262E+00	6.245E+00	6.253E+00	6.254E+00
4.500E-01	6.240E+00	1.824E-02	6.255E+00	6.223E+00	6.249E+00	6.231E+00	6.239E+00	6.241E+00
4.600E-01	6.226E+00	1.750E-02	6.240E+00	6.210E+00	6.235E+00	6.218E+00	6.226E+00	6.227E+00
4.700E-01	6.212E+00	1.679E-02	6.225E+00	6.197E+00	6.221E+00	6.204E+00	6.212E+00	6.213E+00
4.800E-01	6.198E+00	1.609E-02	6.210E+00	6.183E+00	6.207E+00	6.190E+00	6.198E+00	6.199E+00
4.900E-01	6.184E+00	1.541E-02	6.195E+00	6.170E+00	6.193E+00	6.175E+00	6.183E+00	6.185E+00
5.000E-01	6.169E+00	1.476E-02	6.180E+00	6.156E+00	6.178E+00	6.161E+00	6.169E+00	6.170E+00
5.100E-01	6.155E+00	1.413E-02	6.164E+00	6.142E+00	6.163E+00	6.146E+00	6.154E+00	6.155E+00
5.200E-01	6.140E+00	1.352E-02	6.149E+00	6.128E+00	6.148E+00	6.131E+00	6.139E+00	6.141E+00
5.300E-01	6.125E+00	1.294E-02	6.133E+00	6.113E+00	6.133E+00	6.116E+00	6.124E+00	6.125E+00
5.400E-01	6.109E+00	1.238E-02	6.117E+00	6.099E+00	6.118E+00	6.101E+00	6.108E+00	6.110E+00
5.500E-01	6.094E+00	1.185E-02	6.100E+00	6.084E+00	6.102E+00	6.085E+00	6.093E+00	6.095E+00
5.600E-01	6.078E+00	1.136E-02	6.084E+00	6.069E+00	6.086E+00	6.070E+00	6.077E+00	6.079E+00
5.700E-01	6.062E+00	1.089E-02	6.067E+00	6.054E+00	6.070E+00	6.054E+00	6.061E+00	6.063E+00
5.800E-01	6.046E+00	1.046E-02	6.051E+00	6.038E+00	6.054E+00	6.038E+00	6.045E+00	6.047E+00
5.900E-01	6.030E+00	1.006E-02	6.034E+00	6.023E+00	6.038E+00	6.021E+00	6.029E+00	6.031E+00
6.000E-01	6.013E+00	9.701E-03	6.017E+00	6.007E+00	6.022E+00	6.005E+00	6.012E+00	6.014E+00
6.100E-01	5.997E+00	9.377E-03	5.999E+00	5.991E+00	6.005E+00	5.988E+00	5.995E+00	5.998E+00
6.200E-01	5.980E+00	9.092E-03	5.982E+00	5.975E+00	5.988E+00	5.971E+00	5.979E+00	5.981E+00
6.300E-01	5.963E+00	8.846E-03	5.964E+00	5.958E+00	5.971E+00	5.955E+00	5.962E+00	5.964E+00
6.400E-01	5.946E+00	8.640E-03	5.947E+00	5.942E+00	5.954E+00	5.937E+00	5.944E+00	5.947E+00
6.500E-01	5.928E+00	8.473E-03	5.929E+00	5.925E+00	5.936E+00	5.920E+00	5.927E+00	5.929E+00
6.600E-01	5.911E+00	8.344E-03	5.911E+00	5.908E+00	5.919E+00	5.903E+00	5.910E+00	5.912E+00
6.700E-01	5.893E+00	8.252E-03	5.893E+00	5.891E+00	5.901E+00	5.885E+00	5.892E+00	5.894E+00
6.800E-01	5.875E+00	8.196E-03	5.874E+00	5.874E+00	5.883E+00	5.867E+00	5.874E+00	5.877E+00
6.900E-01	5.857E+00	8.172E-03	5.856E+00	5.856E+00	5.865E+00	5.849E+00	5.856E+00	5.859E+00
7.000E-01	5.839E+00	8.178E-03	5.837E+00	5.839E+00	5.847E+00	5.831E+00	5.838E+00	5.841E+00
7.100E-01	5.821E+00	8.212E-03	5.819E+00	5.821E+00	5.829E+00	5.813E+00	5.820E+00	5.822E+00
7.200E-01	5.802E+00	8.269E-03	5.800E+00	5.803E+00	5.810E+00	5.795E+00	5.801E+00	5.804E+00
7.300E-01	5.784E+00	8.347E-03	5.781E+00	5.785E+00	5.792E+00	5.776E+00	5.783E+00	5.785E+00
7.400E-01	5.765E+00	8.443E-03	5.762E+00	5.767E+00	5.773E+00	5.757E+00	5.764E+00	5.767E+00
7.500E-01	5.746E+00	8.554E-03	5.742E+00	5.748E+00	5.754E+00	5.738E+00	5.745E+00	5.748E+00
7.600E-01	5.727E+00	8.675E-03	5.723E+00	5.730E+00	5.735E+00	5.719E+00	5.726E+00	5.729E+00
7.700E-01	5.708E+00	8.806E-03	5.703E+00	5.711E+00	5.716E+00	5.700E+00	5.707E+00	5.710E+00
7.800E-01	5.689E+00	8.943E-03	5.684E+00	5.692E+00	5.697E+00	5.681E+00	5.687E+00	5.690E+00
7.900E-01	5.669E+00	9.084E-03	5.664E+00	5.673E+00	5.677E+00	5.662E+00	5.668E+00	5.671E+00
8.000E-01	5.650E+00	9.227E-03	5.644E+00	5.654E+00	5.658E+00	5.642E+00	5.648E+00	5.651E+00
8.100E-01	5.630E+00	9.371E-03	5.624E+00	5.634E+00	5.638E+00	5.622E+00	5.629E+00	5.632E+00
8.200E-01	5.610E+00	9.512E-03	5.604E+00	5.615E+00	5.618E+00	5.603E+00	5.609E+00	5.612E+00
8.300E-01	5.590E+00	9.651E-03	5.584E+00	5.595E+00	5.598E+00	5.583E+00	5.589E+00	5.592E+00
8.400E-01	5.570E+00	9.785E-03	5.564E+00	5.576E+00	5.578E+00	5.563E+00	5.569E+00	5.572E+00
8.500E-01	5.550E+00	9.914E-03	5.543E+00	5.556E+00	5.558E+00	5.543E+00	5.548E+00	5.552E+00
8.600E-01	5.530E+00	1.004E-02	5.523E+00	5.536E+00	5.537E+00	5.522E+00	5.528E+00	5.532E+00
8.700E-01	5.509E+00	1.015E-02	5.502E+00	5.515E+00	5.517E+00	5.502E+00	5.508E+00	5.511E+00
8.800E-01	5.489E+00	1.026E-02	5.481E+00	5.495E+00	5.496E+00	5.481E+00	5.487E+00	5.491E+00
8.900E-01	5.468E+00	1.036E-02	5.461E+00	5.475E+00	5.476E+00	5.461E+00	5.466E+00	5.470E+00
9.000E-01	5.447E+00	1.045E-02	5.440E+00	5.454E+00	5.455E+00	5.440E+00	5.445E+00	5.449E+00
9.100E-01	5.426E+00	1.053E-02	5.419E+00	5.433E+00	5.434E+00	5.419E+00	5.425E+00	5.428E+00
9.200E-01	5.405E+00	1.059E-02	5.398E+00	5.413E+00	5.413E+00	5.398E+00	5.404E+00	5.407E+00
9.300E-01	5.384E+00	1.065E-02	5.376E+00	5.392E+00	5.392E+00	5.377E+00	5.382E+00	5.386E+00
9.400E-01	5.363E+00	1.070E-02	5.355E+00	5.371E+00	5.370E+00	5.356E+00	5.361E+00	5.365E+00
9.500E-01	5.342E+00	1.074E-02	5.334E+00	5.349E+00	5.349E+00	5.335E+00	5.340E+00	5.344E+00
9.600E-01	5.321E+00	1.076E-02	5.312E+00	5.328E+00	5.328E+00	5.313E+00	5.319E+00	5.323E+00
9.700E-01	5.299E+00	1.077E-02	5.291E+00	5.307E+00	5.306E+00	5.292E+00	5.297E+00	5.301E+00
9.800E-01	5.278E+00	1.078E-02	5.269E+00	5.285E+00	5.285E+00	5.270E+00	5.275E+00	5.280E+00
9.900E-01	5.256E+00	1.077E-02	5.248E+00	5.264E+00	5.263E+00	5.249E+00	5.254E+00	5.258E+00
1.000E+00	5.234E+00	1.075E-02	5.226E+00	5.242E+00	5.241E+00	5.227E+00	5.232E+00	5.236E+00
1.010E+00	5.212E+00	1.071E-02	5.204E+00	5.220E+00	5.219E+00	5.205E+00	5.210E+00	5.214E+00
1.020E+00	5.190E+00	1.067E-02	5.182E+00	5.198E+00	5.197E+00	5.183E+00	5.188E+00	5.193E+00
1.030E+00	5.168E+00	1.061E-02	5.161E+00	5.176E+00	5.175E+00	5.162E+00	5.166E+00	5.171E+00
1.040E+00	5.146E+00	1.054E-02	5.139E+00	5.154E+00	5.153E+00	5.139E+00	5.144E+00	5.149E+00
1.050E+00	5.124E+00	1.047E-02	5.117E+00	5.132E+00	5.131E+00	5.117E+00	5.122E+00	5.126E+00
1.060E+00	5.102E+00	1.038E-02	5.094E+00	5.110E+00	5.109E+00	5.095E+00	5.100E+00	5.104E+00
1.070E+00	5.080E+00	1.028E-02	5.072E+00	5.087E+00	5.086E+00	5.073E+00	5.077E+00	5.082E+00
1.080E+00	5.057E+00	1.017E-02	5.050E+00	5.065E+00	5.064E+00	5.051E+00	5.055E+00	5.060E+00
1.090E+00	5.035E+00	1.004E-02	5.028E+00	5.042E+00	5.041E+00	5.028E+00	5.032E+00	5.037E+00
1.100E+00	5.012E+00	9.913E-03	5.005E+00	5.019E+00	5.019E+00	5.006E+00	5.010E+00	5.015E+00
1.110E+00	4.990E+00	9.773E-03	4.983E+00	4.997E+00	4.996E+00	4.983E+00	4.987E+00	4.992E+00
1.120E+00	4.967E+00	9.624E-03	4.961E+00	4.974E+00	4.974E+00	4.961E+00	4.965E+00	4.970E+00
1.130E+00	4.944E+00	9.467E-03	4.938E+00	4.951E+00	4.951E+00	4.938E+00	4.942E+00	4.947E+00
1.140E+00	4.922E+00	9.301E-03	4.916E+00	4.928E+00	4.928E+00	4.915E+00	4.919E+00	4.924E+00
1.150E+00	4.899E+00	9.129E-03	4.893E+00	4.905E+00	4.905E+00	4.892E+00	4.896E+00	4.901E+00
1.160E+00	4.876E+00	8.950E-03	4.871E+00	4.882E+00	4.882E+00	4.870E+00	4.873E+00	4.879E+00
1.170E+00	4.853E+00	8.766E-03	4.848E+00	4.859E+00	4.859E+00	4.847E+00	4.850E+00	4.856E+00
1.180E+00	4.830E+00	8.578E-03	4.825E+00	4.836E+00	4.836E+00	4.824E+00	4.827E+00	4.833E+00
1.190E+00	4.807E+00	8.386E-03	4.803E+00	4.813E+00	4.813E+00	4.801E+00	4.804E+00	4.810E+00
1.200E+00	4.784E+00	8.192E-03	4.780E+00	4.789E+00	4.790E+00	4.778E+00	4.781E+00	4.787E+00
1.210E+00	4.761E+00	7.997E-03	4.757E+00	4.766E+00	4.767E+00	4.755E+00	4.758E+00	4.764E+00
1.220E+00	4.738E+00	7.803E-03	4.734E+00	4.742E+00	4.744E+00	4.732E+00	4.735E+00	4.740E+00
1.230E+00	4.715E+00	7.612E-03	4.711E+00	4.719E+00	4.721E+00	4.708E+00	4.712E+00	4.717E+00
1.240E+00	4.691E+00	7.426E-03	4.689E+00	4.695E+00	4.697E+00	4.685E+00	4.688E+00	4.694E+00
1.250E+00	4.668E+00	7.247E-03	4.666E+00	4.672E+00	4.674E+00	4.662E+00	4.665E+00	4.671E+00
1.260E+00	4.645E+00	7.077E-03	4.643E+00	4.648E+00	4.651E+00	4.639E+00	4.642E+00	4.648E+00
1.270E+00	4.621E+00	6.920E-03	4.620E+00	4.624E+00	4.627E+00	4.616E+00	4.619E+00	4.624E+00
1.280E+00	4.598E+00	6.778E-03	4.597E+00	4.601E+00	4.604E+00	4.592E+00	4.595E+00	4.601E+00
1.290E+00	4.575E+00	6.654E-03	4.574E+00	4.577E+00	4.580E+00	4.569E+00	4.572E+00	4.578E+00
1.300E+00	4.551E+00	6.552E-03	4.551E+00	4.553E+00	4.557E+00	4.545E+00	4.548E+00	4.554E+00
1.310E+00	4.528E+00	6.475E-03	4.528E+00	4.529E+00	4.533E+00	4.522E+00	4.525E+00	4.531E+00
1.320E+00	4.504E+00	6.426E-03	4.505E+00	4.505E+00	4.510E+00	4.499E+00	4.501E+00	4.507E+00
1.330E+00	4.481E+00	6.409E-03	4.482E+00	4.481E+00	4.486E+00	4.475E+00	4.478E+00	4.484E+00
1.340E+00	4.457E+00	6.424E-03	4.459E+00	4.458E+00	4.463E+00	4.452E+00	4.454E+00	4.460E+00
1.350E+00	4.434E+00	6.476E-03	4.436E+00	4.434E+00	4.439E+00	4.428E+00	4.431E+00	4.437E+00
1.360E+00	4.410E+00	6.564E-03	4.413E+00	4.410E+00	4.416E+00	4.405E+00	4.407E+00	4.413E+00
1.370E+00	4.387E+00	6.691E-03	4.390E+00	4.386E+00	4.392E+00	4.381E+00	4.384E+00	4.390E+00
1.380E+00	4.363E+00	6.855E-03	4.367E+00	4.361E+00	4.369E+00	4.358E+00	4.360E+00	4.366E+00
1.390E+00	4.340E+00	7.056E-03	4.344E+00	4.337E+00	4.345E+00	4.334E+00	4.336E+00	4.343E+00
1.400E+00	4.316E+00	7.294E-03	4.321E+00	4.313E+00	4.321E+00	4.311E+00	4.313E+00	4.319E+00
1.410E+00	4.292E+00	7.566E-03	4.298E+00	4.289E+00	4.298E+00	4.287E+00	4.289E+00	4.296E+00
1.420E+00	4.269E+00	7.871E-03	4.275E+00	4.265E+00	4.274E+00	4.263E+00	4.265E+00	4.272E+00
1.430E+00	4.245E+00	8.206E-03	4.252E+00	4.241E+00	4.250E+00	4.240E+00	4.242E+00	4.248E+00
1.440E+00	4.222E+00	8.571E-03	4.229E+00	4.217E+00	4.227E+00	4.216E+00	4.218E+00	4.225E+00
1.450E+00	4.198E+00	8.962E-03	4.206E+00	4.193E+00	4.203E+00	4.193E+00	4.195E+00	4.201E+00
1.460E+00	4.174E+00	9.378E-03	4.183E+00	4.168E+00	4.179E+00	4.169E+00	4.171E+00	4.178E+00
1.470E+00	4.151E+00	9.817E-03	4.160E+00	4.144E+00	4.156E+00	4.146E+00	4.147E+00	4.154E+00
1.480E+00	4.127E+00	1.028E-02	4.137E+00	4.120E+00	4.132E+00	4.122E+00	4.124E+00	4.130E+00
1.490E+00	4.103E+00	1.076E-02	4.114E+00	4.096E+00	4.108E+00	4.099E+00	4.100E+00	4.107E+00
1.500E+00	4.080E+00	1.125E-02	4.091E+00	4.072E+00	4.085E+00	4.075E+00	4.076E+00	4.083E+00
1.510E+00	4.056E+00	1.177E-02	4.068E+00	4.048E+00	4.061E+00	4.051E+00	4.053E+00	4.060E+00
1.520E+00	4.033E+00	1.230E-02	4.045E+00	4.023E+00	4.038E+00	4.028E+00	4.029E+00	4.036E+00
1.530E+00	4.009E+00	1.285E-02	4.022E+00	3.999E+00	4.014E+00	4.004E+00	4.006E+00	4.013E+00
1.540E+00	3.986E+00	1.340E-02	3.999E+00	3.975E+00	3.990E+00	3.981E+00	3.982E+00	3.989E+00
1.550E+00	3.962E+00	1.398E-02	3.976E+00	3.951E+00	3.967E+00	3.957E+00	3.959E+00	3.966E+00
1.560E+00	3.939E+00	1.456E-02	3.953E+00	3.927E+00	3.943E+00	3.934E+00	3.935E+00	3.942E+00
1.570E+00	3.915E+00	1.515E-02	3.931E+00	3.903E+00	3.920E+00	3.910E+00	3.911E+00	3.919E+00
1.580E+00	3.892E+00	1.576E-02	3.908E+00	3.879E+00	3.896E+00	3.887E+00	3.888E+00	3.895E+00
1.590E+00	3.868E+00	1.637E-02	3.885E+00	3.854E+00	3.873E+00	3.864E+00	3.865E+00	3.872E+00
1.600E+00	3.845E+00	1.700E-02	3.862E+00	3.830E+00	3.849E+00	3.840E+00	3.841E+00	3.848E+00
1.610E+00	3.821E+00	1.763E-02	3.840E+00	3.806E+00	3.826E+00	3.817E+00	3.818E+00	3.825E+00
1.620E+00	3.798E+00	1.827E-02	3.817E+00	3.782E+00	3.802E+00	3.793E+00	3.794E+00	3.802E+00
1.630E+00	3.775E+00	1.892E-02	3.794E+00	3.758E+00	3.779E+00	3.770E+00	3.771E+00	3.778E+00
1.640E+00	3.751E+00	1.957E-02	3.772E+00	3.734E+00	3.756E+00	3.747E+00	3.748E+00	3.755E+00
1.650E+00	3.728E+00	2.023E-02	3.749E+00	3.710E+00	3.732E+00	3.724E+00	3.724E+00	3.732E+00
1.660E+00	3.705E+00	2.090E-02	3.726E+00	3.686E+00	3.709E+00	3.700E+00	3.701E+00	3.708E+00
1.670E+00	3.681E+00	2.157E-02	3.704E+00	3.662E+00	3.686E+00	3.677E+00	3.678E+00	3.685E+00
1.680E+00	3.658E+00	2.225E-02	3.682E+00	3.638E+00	3.662E+00	3.654E+00	3.654E+00	3.662E+00
1.690E+00	3.635E+00	2.294E-02	3.659E+00	3.615E+00	3.639E+00	3.631E+00	3.631E+00	3.639E+00
1.700E+00	3.612E+00	2.363E-02	3.637E+00	3.591E+00	3.616E+00	3.608E+00	3.608E+00	3.616E+00
1.710E+00	3.589E+00	2.432E-02	3.614E+00	3.567E+00	3.593E+00	3.585E+00	3.585E+00	3.593E+00
1.720E+00	3.566E+00	2.502E-02	3.592E+00	3.543E+00	3.570E+00	3.562E+00	3.562E+00	3.570E+00
1.730E+00	3.543E+00	2.572E-02	3.570E+00	3.519E+00	3.547E+00	3.539E+00	3.539E+00	3.547E+00
1.740E+00	3.520E+00	2.643E-02	3.547E+00	3.496E+00	3.524E+00	3.516E+00	3.516E+00	3.524E+00
1.750E+00	3.497E+00	2.714E-02	3.525E+00	3.472E+00	3.501E+00	3.493E+00	3.493E+00	3.501E+00
1.760E+00	3.474E+00	2.785E-02	3.503E+00	3.449E+00	3.478E+00	3.470E+00	3.470E+00	3.478E+00
1.770E+00	3.451E+00	2.857E-02	3.481E+00	3.425E+00	3.455E+00	3.447E+00	3.447E+00	3.455E+00
1.780E+00	3.428E+00	2.929E-02	3.459E+00	3.401E+00	3.432E+00	3.425E+00	3.424E+00	3.432E+00
1.790E+00	3.406E+00	3.001E-02	3.437E+00	3.378E+00	3.409E+00	3.402E+00	3.402E+00	3.410E+00
1.800E+00	3.383E+00	3.073E-02	3.415E+00	3.355E+00	3.387E+00	3.379E+00	3.379E+00	3.387E+00
1.810E+00	3.360E+00	3.146E-02	3.393E+00	3.331E+00	3.364E+00	3.357E+00	3.356E+00	3.364E+00
1.820E+00	3.338E+00	3.218E-02	3.371E+00	3.308E+00	3.341E+00	3.334E+00	3.334E+00	3.342E+00
1.830E+00	3.315E+00	3.291E-02	3.350E+00	3.285E+00	3.319E+00	3.312E+00	3.311E+00	3.319E+00
1.840E+00	3.293E+00	3.364E-02	3.328E+00	3.261E+00	3.296E+00	3.289E+00	3.289E+00	3.297E+00
1.850E+00	3.270E+00	3.437E-02	3.306E+00	3.238E+00	3.274E+00	3.267E+00	3.266E+00	3.274E+00
1.860E+00	3.248E+00	3.510E-02	3.285E+00	3.215E+00	3.251E+00	3.244E+00	3.244E+00	3.252E+00
1.870E+00	3.226E+00	3.583E-02	3.263E+00	3.192E+00	3.229E+00	3.222E+00	3.221E+00	3.230E+00
1.880E+00	3.203E+00	3.656E-02	3.241E+00	3.169E+00	3.207E+00	3.200E+00	3.199E+00	3.207E+00
1.890E+00	3.181E+00	3.730E-02	3.220E+00	3.146E+00	3.184E+00	3.178E+00	3.177E+00	3.185E+00
1.900E+00	3.159E+00	3.803E-02	3.199E+00	3.123E+00	3.162E+00	3.156E+00	3.155E+00	3.163E+00
1.910E+00	3.137E+00	3.876E-02	3.177E+00	3.100E+00	3.140E+00	3.133E+00	3.133E+00	3.141E+00
1.920E+00	3.115E+00	3.949E-02	3.156E+00	3.078E+00	3.118E+00	3.111E+00	3.111E+00	3.119E+00
1.930E+00	3.093E+00	4.022E-02	3.135E+00	3.055E+00	3.096E+00	3.090E+00	3.089E+00	3.097E+00
1.940E+00	3.071E+00	4.095E-02	3.114E+00	3.032E+00	3.074E+00	3.068E+00	3.067E+00	3.075E+00
1.950E+00	3.049E+00	4.168E-02	3.093E+00	3.010E+00	3.052E+00	3.046E+00	3.045E+00	3.053E+00
1.960E+00	3.027E+00	4.241E-02	3.072E+00	2.987E+00	3.030E+00	3.024E+00	3.023E+00	3.031E+00
1.970E+00	3.006E+00	4.314E-02	3.051E+00	2.965E+00	3.009E+00	3.003E+00	3.001E+00	3.010E+00
1.980E+00	2.984E+00	4.386E-02	3.030E+00	2.943E+00	2.987E+00	2.981E+00	2.980E+00	2.988E+00
1.990E+00	2.962E+00	4.458E-02	3.009E+00	2.920E+00	2.965E+00	2.959E+00	2.958E+00	2.967E+00
2.000E+00	2.941E+00	4.530E-02	2.988E+00	2.898E+00	2.944E+00	2.938E+00	2.937E+00	2.945E+00
2.010E+00	2.919E+00	4.602E-02	2.967E+00	2.876E+00	2.922E+00	2.917E+00	2.915E+00	2.924E+00
2.020E+00	2.898E+00	4.674E-02	2.947E+00	2.854E+00	2.901E+00	2.895E+00	2.894E+00	2.902E+00
2.030E+00	2.877E+00	4.746E-02	2.926E+00	2.832E+00	2.880E+00	2.874E+00	2.873E+00	2.881E+00
2.040E+00	2.856E+00	4.817E-02	2.906E+00	2.810E+00	2.858E+00	2.853E+00	2.851E+00	2.860E+00
2.050E+00	2.834E+00	4.888E-02	2.885E+00	2.788E+00	2.837E+00	2.832E+00	2.830E+00	2.839E+00
2.060E+00	2.813E+00	4.958E-02	2.865E+00	2.766E+00	2.816E+00	2.811E+00	2.809E+00	2.818E+00
2.070E+00	2.792E+00	5.029E-02	2.845E+00	2.745E+00	2.795E+00	2.790E+00	2.788E+00	2.797E+00
2.080E+00	2.771E+00	5.099E-02	2.824E+00	2.723E+00	2.774E+00	2.769E+00	2.767E+00	2.776E+00
2.090E+00	2.751E+00	5.168E-02	2.804E+00	2.701E+00	2.753E+00	2.748E+00	2.746E+00	2.755E+00
2.100E+00	2.730E+00	5.238E-02	2.784E+00	2.680E+00	2.733E+00	2.727E+00	2.726E+00	2.734E+00
2.110E+00	2.709E+00	5.307E-02	2.764E+00	2.659E+00	2.712E+00	2.707E+00	2.705E+00	2.713E+00
2.120E+00	2.689E+00	5.375E-02	2.744E+00	2.637E+00	2.691E+00	2.686E+00	2.684E+00	2.693E+00
2.130E+00	2.668E+00	5.444E-02	2.725E+00	2.616E+00	2.671E+00	2.665E+00	2.664E+00	2.672E+00
2.140E+00	2.648E+00	5.512E-02	2.705E+00	2.595E+00	2.650E+00	2.645E+00	2.643E+00	2.652E+00
2.150E+00	2.627E+00	5.579E-02	2.685E+00	2.574E+00	2.630E+00	2.625E+00	2.623E+00	2.631E+00
2.160E+00	2.607E+00	5.646E-02	2.665E+00	2.553E+00	2.609E+00	2.604E+00	2.603E+00	2.611E+00
2.170E+00	2.587E+00	5.712E-02	2.646E+00	2.532E+00	2.589E+00	2.584E+00	2.582E+00	2.591E+00
2.180E+00	2.567E+00	5.779E-02	2.626E+00	2.511E+00	2.569E+00	2.564E+00	2.562E+00	2.571E+00
2.190E+00	2.547E+00	5.844E-02	2.607E+00	2.491E+00	2.549E+00	2.544E+00	2.542E+00	2.551E+00
2.200E+00	2.527E+00	5.909E-02	2.588E+00	2.470E+00	2.529E+00	2.524E+00	2.522E+00	2.531E+00
2.210E+00	2.507E+00	5.974E-02	2.569E+00	2.450E+00	2.509E+00	2.504E+00	2.502E+00	2.511E+00
2.220E+00	2.487E+00	6.038E-02	2.549E+00	2.429E+00	2.489E+00	2.485E+00	2.483E+00	2.491E+00
2.230E+00	2.467E+00	6.102E-02	2.530E+00	2.409E+00	2.469E+00	2.465E+00	2.463E+00	2.471E+00
2.240E+00	2.448E+00	6.165E-02	2.511E+00	2.388E+00	2.450E+00	2.445E+00	2.443E+00	2.452E+00
2.250E+00	2.428E+00	6.228E-02	2.493E+00	2.368E+00	2.430E+00	2.426E+00	2.424E+00	2.432E+00
2.260E+00	2.409E+00	6.290E-02	2.474E+00	2.348E+00	2.411E+00	2.406E+00	2.404E+00	2.413E+00
2.270E+00	2.389E+00	6.351E-02	2.455E+00	2.328E+00	2.391E+00	2.387E+00	2.385E+00	2.393E+00
2.280E+00	2.370E+00	6.412E-02	2.436E+00	2.308E+00	2.372E+00	2.368E+00	2.366E+00	2.374E+00
2.290E+00	2.351E+00	6.473E-02	2.418E+00	2.289E+00	2.353E+00	2.349E+00	2.347E+00	2.355E+00
2.300E+00	2.332E+00	6.532E-02	2.399E+00	2.269E+00	2.334E+00	2.330E+00	2.327E+00	2.336E+00
2.310E+00	2.313E+00	6.592E-02	2.381E+00	2.249E+00	2.315E+00	2.311E+00	2.308E+00	2.317E+00
2.320E+00	2.294E+00	6.650E-02	2.363E+00	2.230E+00	2.296E+00	2.292E+00	2.289E+00	2.298E+00
2.330E+00	2.275E+00	6.708E-02	2.344E+00	2.210E+00	2.277E+00	2.273E+00	2.271E+00	2.279E+00
2.340E+00	2.256E+00	6.765E-02	2.326E+00	2.191E+00	2.258E+00	2.254E+00	2.252E+00	2.260E+00
2.350E+00	2.237E+00	6.822E-02	2.308E+00	2.172E+00	2.239E+00	2.236E+00	2.233E+00	2.242E+00
2.360E+00	2.219E+00	6.878E-02	2.290E+00	2.153E+00	2.221E+00	2.217E+00	2.215E+00	2.223E+00
2.370E+00	2.200E+00	6.934E-02	2.272E+00	2.134E+00	2.202E+00	2.199E+00	2.196E+00	2.205E+00
2.380E+00	2.182E+00	6.988E-02	2.254E+00	2.115E+00	2.184E+00	2.180E+00	2.178E+00	2.186E+00
2.390E+00	2.164E+00	7.043E-02	2.237E+00	2.096E+00	2.166E+00	2.162E+00	2.160E+00	2.168E+00
2.400E+00	2.146E+00	7.096E-02	2.219E+00	2.077E+00	2.147E+00	2.144E+00	2.141E+00	2.150E+00
2.410E+00	2.127E+00	7.149E-02	2.201E+00	2.059E+00	2.129E+00	2.126E+00	2.123E+00	2.132E+00
2.420E+00	2.109E+00	7.201E-02	2.184E+00	2.040E+00	2.111E+00	2.108E+00	2.105E+00	2.114E+00
2.430E+00	2.092E+00	7.252E-02	2.166E+00	2.022E+00	2.093E+00	2.090E+00	2.087E+00	2.096E+00
2.440E+00	2.074E+00	7.303E-02	2.149E+00	2.003E+00	2.075E+00	2.072E+00	2.070E+00	2.078E+00
2.450E+00	2.056E+00	7.353E-02	2.132E+00	1.985E+00	2.058E+00	2.054E+00	2.052E+00	2.060E+00
2.460E+00	2.038E+00	7.402E-02	2.115E+00	1.967E+00	2.040E+00	2.037E+00	2.034E+00	2.043E+00
2.470E+00	2.021E+00	7.451E-02	2.098E+00	1.949E+00	2.022E+00	2.019E+00	2.017E+00	2.025E+00
2.480E+00	2.003E+00	7.499E-02	2.081E+00	1.931E+00	2.005E+00	2.002E+00	1.999E+00	2.008E+00
2.490E+00	1.986E+00	7.546E-02	2.064E+00	1.913E+00	1.988E+00	1.984E+00	1.982E+00	1.990E+00
2.500E+00	1.969E+00	7.592E-02	2.047E+00	1.896E+00	1.970E+00	1.967E+00	1.965E+00	1.973E+00
2.510E+00	1.952E+00	7.638E-02	2.030E+00	1.878E+00	1.953E+00	1.950E+00	1.947E+00	1.956E+00
2.520E+00	1.934E+00	7.683E-02	2.014E+00	1.860E+00	1.936E+00	1.933E+00	1.930E+00	1.939E+00
2.530E+00	1.918E+00	7.727E-02	1.997E+00	1.843E+00	1.919E+00	1.916E+00	1.913E+00	1.922E+00
2.540E+00	1.901E+00	7.771E-02	1.981E+00	1.826E+00	1.902E+00	1.899E+00	1.896E+00	1.905E+00
2.550E+00	1.884E+00	7.813E-02	1.965E+00	1.809E+00	1.885E+00	1.882E+00	1.880E+00	1.888E+00
2.560E+00	1.867E+00	7.855E-02	1.948E+00	1.791E+00	1.869E+00	1.866E+00	1.863E+00	1.871E+00
2.570E+00	1.851E+00	7.896E-02	1.932E+00	1.774E+00	1.852E+00	1.849E+00	1.846E+00	1.855E+00
2.580E+00	1.834E+00	7.937E-02	1.916E+00	1.758E+00	1.835E+00	1.833E+00	1.830E+00	1.838E+00
2.590E+00	1.818E+00	7.977E-02	1.900E+00	1.741E+00	1.819E+00	1.816E+00	1.814E+00	1.822E+00
2.600E+00	1.801E+00	8.015E-02	1.884E+00	1.724E+00	1.803E+00	1.800E+00	1.797E+00	1.805E+00
2.610E+00	1.785E+00	8.054E-02	1.868E+00	1.707E+00	1.786E+00	1.784E+00	1.781E+00	1.789E+00
2.620E+00	1.769E+00	8.091E-02	1.853E+00	1.691E+00	1.770E+00	1.768E+00	1.765E+00	1.773E+00
2.630E+00	1.753E+00	8.127E-02	1.837E+00	1.675E+00	1.754E+00	1.752E+00	1.749E+00	1.757E+00
2.640E+00	1.737E+00	8.163E-02	1.821E+00	1.658E+00	1.738E+00	1.736E+00	1.733E+00	1.741E+00
2.650E+00	1.721E+00	8.198E-02	1.806E+00	1.642E+00	1.722E+00	1.720E+00	1.717E+00	1.725E+00
2.660E+00	1.706E+00	8.232E-02	1.791E+00	1.626E+00	1.707E+00	1.704E+00	1.701E+00	1.710E+00
2.670E+00	1.690E+00	8.266E-02	1.775E+00	1.610E+00	1.691E+00	1.689E+00	1.686E+00	1.694E+00
2.680E+00	1.674E+00	8.298E-02	1.760E+00	1.594E+00	1.675E+00	1.673E+00	1.670E+00	1.678E+00
2.690E+00	1.659E+00	8.330E-02	1.745E+00	1.579E+00	1.660E+00	1.658E+00	1.655E+00	1.663E+00
2.700E+00	1.644E+00	8.361E-02	1.730E+00	1.563E+00	1.645E+00	1.642E+00	1.640E+00	1.648E+00
2.710E+00	1.628E+00	8.392E-02	1.715E+00	1.547E+00	1.629E+00	1.627E+00	1.624E+00	1.632E+00
2.720E+00	1.613E+00	8.421E-02	1.700E+00	1.532E+00	1.614E+00	1.612E+00	1.609E+00	1.617E+00
2.730E+00	1.598E+00	8.450E-02	1.685E+00	1.517E+00	1.599E+00	1.597E+00	1.594E+00	1.602E+00
2.740E+00	1.583E+00	8.478E-02	1.671E+00	1.501E+00	1.584E+00	1.582E+00	1.579E+00	1.587E+00
2.750E+00	1.568E+00	8.505E-02	1.656E+00	1.486E+00	1.569E+00	1.567E+00	1.564E+00	1.572E+00
2.760E+00	1.554E+00	8.531E-02	1.642E+00	1.471E+00	1.554E+00	1.553E+00	1.550E+00	1.557E+00
2.770E+00	1.539E+00	8.557E-02	1.627E+00	1.456E+00	1.540E+00	1.538E+00	1.535E+00	1.543E+00
2.780E+00	1.524E+00	8.581E-02	1.613E+00	1.442E+00	1.525E+00	1.523E+00	1.520E+00	1.528E+00
2.790E+00	1.510E+00	8.605E-02	1.599E+00	1.427E+00	1.511E+00	1.509E+00	1.506E+00	1.514E+00
2.800E+00	1.495E+00	8.628E-02	1.585E+00	1.412E+00	1.496E+00	1.495E+00	1.492E+00	1.499E+00
2.810E+00	1.481E+00	8.651E-02	1.571E+00	1.398E+00	1.482E+00	1.480E+00	1.477E+00	1.485E+00
2.820E+00	1.467E+00	8.672E-02	1.557E+00	1.383E+00	1.468E+00	1.466E+00	1.463E+00	1.471E+00
2.830E+00	1.453E+00	8.693E-02	1.543E+00	1.369E+00	1.454E+00	1.452E+00	1.449E+00	1.457E+00
2.840E+00	1.439E+00	8.713E-02	1.529E+00	1.355E+00	1.440E+00	1.438E+00	1.435E+00	1.443E+00
2.850E+00	1.425E+00	8.732E-02	1.515E+00	1.341E+00	1.426E+00	1.424E+00	1.421E+00	1.429E+00
2.860E+00	1.411E+00	8.751E-02	1.502E+00	1.327E+00	1.412E+00	1.410E+00	1.407E+00	1.415E+00
2.870E+00	1.397E+00	8.768E-02	1.488E+00	1.313E+00	1.398E+00	1.397E+00	1.394E+00	1.401E+00
2.880E+00	1.384E+00	8.785E-02	1.475E+00	1.299E+00	1.385E+00	1.383E+00	1.380E+00	1.388E+00
2.890E+00	1.370E+00	8.801E-02	1.461E+00	1.286E+00	1.371E+00	1.370E+00	1.366E+00	1.374E+00
2.900E+00	1.357E+00	8.817E-02	1.448E+00	1.272E+00	1.358E+00	1.356E+00	1.353E+00	1.361E+00
2.910E+00	1.344E+00	8.831E-02	1.435E+00	1.259E+00	1.344E+00	1.343E+00	1.340E+00	1.347E+00
2.920E+00	1.330E+00	8.845E-02	1.422E+00	1.245E+00	1.331E+00	1.330E+00	1.327E+00	1.334E+00
2.930E+00	1.317E+00	8.858E-02	1.409E+00	1.232E+00	1.318E+00	1.316E+00	1.313E+00	1.321E+00
2.940E+00	1.304E+00	8.870E-02	1.396E+00	1.219E+00	1.305E+00	1.303E+00	1.300E+00	1.308E+00
2.950E+00	1.291E+00	8.882E-02	1.383E+00	1.206E+00	1.292E+00	1.290E+00	1.287E+00	1.295E+00
2.960E+00	1.278E+00	8.892E-02	1.370E+00	1.193E+00	1.279E+00	1.278E+00	1.275E+00	1.282E+00
2.970E+00	1.265E+00	8.902E-02	1.358E+00	1.180E+00	1.266E+00	1.265E+00	1.262E+00	1.269E+00
2.980E+00	1.253E+00	8.911E-02	1.345E+00	1.167E+00	1.253E+00	1.252E+00	1.249E+00	1.256E+00
2.990E+00	1.240E+00	8.920E-02	1.333E+00	1.154E+00	1.241E+00	1.240E+00	1.237E+00	1.244E+00
3.000E+00	1.228E+00	8.928E-02	1.320E+00	1.142E+00	1.228E+00	1.227E+00	1.224E+00	1.231E+00
