1.000E-02	8.183E+00	4.291E-02	8.226E+00	8.140E+00	8.182E+00	8.184E+00	8.183E+00	8.183E+00
2.000E-02	8.180E+00	4.260E-02	8.223E+00	8.138E+00	8.179E+00	8.181E+00	8.180E+00	8.180E+00
3.000E-02	8.177E+00	4.223E-02	8.219E+00	8.135E+00	8.176E+00	8.178E+00	8.177E+00	8.177E+00
4.000E-02	8.173E+00	4.180E-02	8.214E+00	8.131E+00	8.172E+00	8.174E+00	8.173E+00	8.173E+00
5.000E-02	8.168E+00	4.134E-02	8.209E+00	8.126E+00	8.167E+00	8.169E+00	8.168E+00	8.168E+00
6.000E-02	8.162E+00	4.084E-02	8.203E+00	8.121E+00	8.161E+00	8.163E+00	8.162E+00	8.162E+00
7.000E-02	8.156E+00	4.031E-02	8.196E+00	8.116E+00	8.155E+00	8.157E+00	8.156E+00	8.156E+00
8.000E-02	8.149E+00	3.976E-02	8.189E+00	8.109E+00	8.148E+00	8.150E+00	8.149E+00	8.149E+00
9.000E-02	8.142E+00	3.919E-02	8.181E+00	8.103E+00	8.141E+00	8.143E+00	8.142E+00	8.142E+00
1.000E-01	8.134E+00	3.860E-02	8.173E+00	8.095E+00	8.133E+00	8.135E+00	8.134E+00	8.134E+00
1.100E-01	8.126E+00	3.800E-02	8.164E+00	8.088E+00	8.125E+00	8.127E+00	8.126E+00	8.126E+00
1.200E-01	8.117E+00	3.738E-02	8.154E+00	8.079E+00	8.116E+00	8.118E+00	8.117E+00	8.117E+00
1.300E-01	8.108E+00	3.675E-02	8.144E+00	8.071E+00	8.107E+00	8.109E+00	8.108E+00	8.108E+00
1.400E-01	8.098E+00	3.611E-02	8.134E+00	8.062E+00	8.097E+00	8.099E+00	8.098E+00	8.098E+00
1.500E-01	8.088E+00	3.547E-02	8.123E+00	8.052E+00	8.087E+00	8.089E+00	8.088E+00	8.088E+00
1.600E-01	8.077E+00	3.481E-02	8.112E+00	8.042E+00	8.076E+00	8.078E+00	8.077E+00	8.077E+00
1.700E-01	8.066E+00	3.415E-02	8.100E+00	8.032E+00	8.065E+00	8.067E+00	8.066E+00	8.066E+00
1.800E-01	8.055E+00	3.349E-02	8.088E+00	8.021E+00	8.054E+00	8.056E+00	8.055E+00	8.055E+00
1.900E-01	8.043E+00	3.282E-02	8.076E+00	8.010E+00	8.042E+00	8.044E+00	8.043E+00	8.043E+00
2.000E-01	8.031E+00	3.214E-02	8.063E+00	7.998E+00	8.030E+00	8.032E+00	8.031E+00	8.031E+00
2.100E-01	8.018E+00	3.146E-02	8.049E+00	7.987E+00	8.017E+00	8.019E+00	8.018E+00	8.018E+00
2.200E-01	8.006E+00	3.078E-02	8.036E+00	7.974E+00	8.004E+00	8.007E+00	8.005E+00	8.006E+00
2.300E-01	7.992E+00	3.010E-02	8.022E+00	7.962E+00	7.991E+00	7.993E+00	7.992E+00	7.992E+00
2.400E-01	7.979E+00	2.942E-02	8.008E+00	7.949E+00	7.978E+00	7.980E+00	7.979E+00	7.979E+00
2.500E-01	7.965E+00	2.874E-02	7.993E+00	7.936E+00	7.964E+00	7.966E+00	7.965E+00	7.965E+00
2.600E-01	7.950E+00	2.805E-02	7.978E+00	7.922E+00	7.949E+00	7.951E+00	7.950E+00	7.951E+00
2.700E-01	7.936E+00	2.737E-02	7.963E+00	7.908E+00	7.935E+00	7.937E+00	7.936E+00	7.936E+00
2.800E-01	7.921E+00	2.669E-02	7.947E+00	7.894E+00	7.920E+00	7.922E+00	7.921E+00	7.921E+00
2.900E-01	7.906E+00	2.601E-02	7.931E+00	7.879E+00	7.905E+00	7.907E+00	7.906E+00	7.906E+00
3.000E-01	7.890E+00	2.533E-02	7.915E+00	7.865E+00	7.889E+00	7.891E+00	7.890E+00	7.890E+00
3.100E-01	7.874E+00	2.465E-02	7.899E+00	7.849E+00	7.874E+00	7.875E+00	7.874E+00	7.875E+00
3.200E-01	7.858E+00	2.398E-02	7.882E+00	7.834E+00	7.857E+00	7.859E+00	7.858E+00	7.858E+00
3.300E-01	7.842E+00	2.331E-02	7.865E+00	7.818E+00	7.841E+00	7.843E+00	7.842E+00	7.842E+00
3.400E-01	7.825E+00	2.264E-02	7.847E+00	7.802E+00	7.824E+00	7.826E+00	7.825E+00	7.825E+00
3.500E-01	7.808E+00	2.198E-02	7.830E+00	7.786E+00	7.807E+00	7.809E+00	7.808E+00	7.808E+00
3.600E-01	7.791E+00	2.132E-02	7.812E+00	7.769E+00	7.790E+00	7.792E+00	7.791E+00	7.791E+00
3.700E-01	7.774E+00	2.066E-02	7.794E+00	7.753E+00	7.773E+00	7.775E+00	7.774E+00	7.774E+00
3.800E-01	7.756E+00	2.001E-02	7.775E+00	7.735E+00	7.755E+00	7.757E+00	7.756E+00	7.756E+00
3.900E-01	7.738E+00	1.936E-02	7.757E+00	7.718E+00	7.737E+00	7.739E+00	7.738E+00	7.738E+00
4.000E-01	7.720E+00	1.871E-02	7.738E+00	7.701E+00	7.719E+00	7.721E+00	7.720E+00	7.720E+00
4.100E-01	7.701E+00	1.808E-02	7.719E+00	7.683E+00	7.700E+00	7.702E+00	7.701E+00	7.701E+00
4.200E-01	7.682E+00	1.744E-02	7.699E+00	7.665E+00	7.682E+00	7.683E+00	7.682E+00	7.683E+00
4.300E-01	7.664E+00	1.682E-02	7.680E+00	7.646E+00	7.663E+00	7.664E+00	7.663E+00	7.664E+00
4.400E-01	7.644E+00	1.619E-02	7.660E+00	7.628E+00	7.643E+00	7.645E+00	7.644E+00	7.644E+00
4.500E-01	7.625E+00	1.558E-02	7.640E+00	7.609E+00	7.624E+00	7.626E+00	7.625E+00	7.625E+00
4.600E-01	7.605E+00	1.497E-02	7.620E+00	7.590E+00	7.604E+00	7.606E+00	7.605E+00	7.605E+00
4.700E-01	7.585E+00	1.436E-02	7.599E+00	7.571E+00	7.584E+00	7.586E+00	7.585E+00	7.585E+00
4.800E-01	7.565E+00	1.376E-02	7.579E+00	7.551E+00	7.564E+00	7.566E+00	7.565E+00	7.565E+00
4.900E-01	7.545E+00	1.317E-02	7.558E+00	7.531E+00	7.544E+00	7.546E+00	7.545E+00	7.545E+00
5.000E-01	7.524E+00	1.259E-02	7.537E+00	7.511E+00	7.524E+00	7.525E+00	7.524E+00	7.525E+00
5.100E-01	7.504E+00	1.201E-02	7.515E+00	7.491E+00	7.503E+00	7.505E+00	7.504E+00	7.504E+00
5.200E-01	7.483E+00	1.144E-02	7.494E+00	7.471E+00	7.482E+00	7.484E+00	7.483E+00	7.483E+00
5.300E-01	7.462E+00	1.087E-02	7.472E+00	7.450E+00	7.461E+00	7.463E+00	7.462E+00	7.462E+00
5.400E-01	7.440E+00	1.031E-02	7.450E+00	7.430E+00	7.440E+00	7.441E+00	7.440E+00	7.441E+00
5.500E-01	7.419E+00	9.762E-03	7.428E+00	7.409E+00	7.418E+00	7.420E+00	7.419E+00	7.419E+00
5.600E-01	7.397E+00	9.219E-03	7.406E+00	7.388E+00	7.396E+00	7.398E+00	7.397E+00	7.397E+00
5.700E-01	7.375E+00	8.683E-03	7.384E+00	7.366E+00	7.375E+00	7.376E+00	7.375E+00	7.376E+00
5.800E-01	7.353E+00	8.155E-03	7.361E+00	7.345E+00	7.353E+00	7.354E+00	7.353E+00	7.354E+00
5.900E-01	7.331E+00	7.634E-03	7.338E+00	7.323E+00	7.330E+00	7.332E+00	7.331E+00	7.331E+00
6.000E-01	7.309E+00	7.121E-03	7.316E+00	7.301E+00	7.308E+00	7.310E+00	7.309E+00	7.309E+00
6.100E-01	7.286E+00	6.616E-03	7.292E+00	7.279E+00	7.286E+00	7.287E+00	7.286E+00	7.287E+00
6.200E-01	7.264E+00	6.119E-03	7.269E+00	7.257E+00	7.263E+00	7.264E+00	7.264E+00	7.264E+00
6.300E-01	7.241E+00	5.630E-03	7.246E+00	7.235E+00	7.240E+00	7.242E+00	7.241E+00	7.241E+00
6.400E-01	7.218E+00	5.150E-03	7.222E+00	7.212E+00	7.217E+00	7.219E+00	7.218E+00	7.218E+00
6.500E-01	7.195E+00	4.678E-03	7.199E+00	7.190E+00	7.194E+00	7.195E+00	7.194E+00	7.195E+00
6.600E-01	7.171E+00	4.215E-03	7.175E+00	7.167E+00	7.171E+00	7.172E+00	7.171E+00	7.171E+00
6.700E-01	7.148E+00	3.761E-03	7.151E+00	7.144E+00	7.147E+00	7.149E+00	7.148E+00	7.148E+00
6.800E-01	7.124E+00	3.317E-03	7.127E+00	7.121E+00	7.123E+00	7.125E+00	7.124E+00	7.124E+00
6.900E-01	7.100E+00	2.884E-03	7.103E+00	7.097E+00	7.100E+00	7.101E+00	7.100E+00	7.101E+00
7.000E-01	7.077E+00	2.463E-03	7.079E+00	7.074E+00	7.076E+00	7.077E+00	7.076E+00	7.077E+00
7.100E-01	7.053E+00	2.057E-03	7.054E+00	7.050E+00	7.052E+00	7.053E+00	7.052E+00	7.053E+00
7.200E-01	7.028E+00	1.669E-03	7.030E+00	7.027E+00	7.028E+00	7.029E+00	7.028E+00	7.029E+00
7.300E-01	7.004E+00	1.309E-03	7.005E+00	7.003E+00	7.003E+00	7.005E+00	7.004E+00	7.004E+00
7.400E-01	6.980E+00	9.975E-04	6.980E+00	6.979E+00	6.979E+00	6.980E+00	6.980E+00	6.980E+00
7.500E-01	6.955E+00	7.804E-04	6.955E+00	6.955E+00	6.954E+00	6.956E+00	6.955E+00	6.955E+00
7.600E-01	6.931E+00	7.328E-04	6.930E+00	6.930E+00	6.930E+00	6.931E+00	6.930E+00	6.931E+00
7.700E-01	6.906E+00	8.718E-04	6.905E+00	6.906E+00	6.905E+00	6.906E+00	6.906E+00	6.906E+00
7.800E-01	6.881E+00	1.122E-03	6.880E+00	6.881E+00	6.880E+00	6.882E+00	6.881E+00	6.881E+00
7.900E-01	6.856E+00	1.420E-03	6.854E+00	6.857E+00	6.855E+00	6.857E+00	6.856E+00	6.856E+00
8.000E-01	6.831E+00	1.736E-03	6.829E+00	6.832E+00	6.830E+00	6.831E+00	6.831E+00	6.831E+00
8.100E-01	6.806E+00	2.058E-03	6.803E+00	6.807E+00	6.805E+00	6.806E+00	6.805E+00	6.806E+00
8.200E-01	6.780E+00	2.380E-03	6.778E+00	6.782E+00	6.780E+00	6.781E+00	6.780E+00	6.781E+00
8.300E-01	6.755E+00	2.698E-03	6.752E+00	6.757E+00	6.754E+00	6.756E+00	6.755E+00	6.755E+00
8.400E-01	6.729E+00	3.012E-03	6.726E+00	6.732E+00	6.729E+00	6.730E+00	6.729E+00	6.730E+00
8.500E-01	6.704E+00	3.320E-03	6.700E+00	6.707E+00	6.703E+00	6.704E+00	6.704E+00	6.704E+00
8.600E-01	6.678E+00	3.621E-03	6.674E+00	6.681E+00	6.677E+00	6.679E+00	6.678E+00	6.678E+00
8.700E-01	6.652E+00	3.915E-03	6.648E+00	6.656E+00	6.652E+00	6.653E+00	6.652E+00	6.653E+00
8.800E-01	6.626E+00	4.203E-03	6.622E+00	6.630E+00	6.626E+00	6.627E+00	6.626E+00	6.627E+00
8.900E-01	6.601E+00	4.483E-03	6.596E+00	6.605E+00	6.600E+00	6.601E+00	6.600E+00	6.601E+00
9.000E-01	6.574E+00	4.755E-03	6.570E+00	6.579E+00	6.574E+00	6.575E+00	6.574E+00	6.575E+00
9.100E-01	6.548E+00	5.021E-03	6.543E+00	6.553E+00	6.548E+00	6.549E+00	6.548E+00	6.549E+00
9.200E-01	6.522E+00	5.278E-03	6.517E+00	6.527E+00	6.522E+00	6.523E+00	6.522E+00	6.522E+00
9.300E-01	6.496E+00	5.528E-03	6.490E+00	6.501E+00	6.495E+00	6.496E+00	6.496E+00	6.496E+00
9.400E-01	6.470E+00	5.771E-03	6.464E+00	6.475E+00	6.469E+00	6.470E+00	6.469E+00	6.470E+00
9.500E-01	6.443E+00	6.005E-03	6.437E+00	6.449E+00	6.443E+00	6.444E+00	6.443E+00	6.443E+00
9.600E-01	6.417E+00	6.233E-03	6.410E+00	6.423E+00	6.416E+00	6.417E+00	6.416E+00	6.417E+00
9.700E-01	6.390E+00	6.452E-03	6.384E+00	6.396E+00	6.390E+00	6.391E+00	6.390E+00	6.390E+00
9.800E-01	6.364E+00	6.664E-03	6.357E+00	6.370E+00	6.363E+00	6.364E+00	6.363E+00	6.364E+00
9.900E-01	6.337E+00	6.869E-03	6.330E+00	6.344E+00	6.336E+00	6.337E+00	6.337E+00	6.337E+00
1.000E+00	6.310E+00	7.066E-03	6.303E+00	6.317E+00	6.310E+00	6.311E+00	6.310E+00	6.310E+00
1.010E+00	6.283E+00	7.255E-03	6.276E+00	6.291E+00	6.283E+00	6.284E+00	6.283E+00	6.284E+00
1.020E+00	6.257E+00	7.437E-03	6.249E+00	6.264E+00	6.256E+00	6.257E+00	6.256E+00	6.257E+00
1.030E+00	6.230E+00	7.612E-03	6.222E+00	6.237E+00	6.229E+00	6.230E+00	6.229E+00	6.230E+00
1.040E+00	6.203E+00	7.779E-03	6.195E+00	6.211E+00	6.202E+00	6.203E+00	6.203E+00	6.203E+00
1.050E+00	6.176E+00	7.939E-03	6.168E+00	6.184E+00	6.175E+00	6.176E+00	6.176E+00	6.176E+00
1.060E+00	6.149E+00	8.092E-03	6.141E+00	6.157E+00	6.148E+00	6.149E+00	6.149E+00	6.149E+00
1.070E+00	6.122E+00	8.237E-03	6.114E+00	6.130E+00	6.121E+00	6.122E+00	6.122E+00	6.122E+00
1.080E+00	6.095E+00	8.375E-03	6.086E+00	6.103E+00	6.094E+00	6.095E+00	6.094E+00	6.095E+00
1.090E+00	6.068E+00	8.506E-03	6.059E+00	6.076E+00	6.067E+00	6.068E+00	6.067E+00	6.068E+00
1.100E+00	6.040E+00	8.630E-03	6.032E+00	6.049E+00	6.040E+00	6.041E+00	6.040E+00	6.041E+00
1.110E+00	6.013E+00	8.747E-03	6.004E+00	6.022E+00	6.013E+00	6.014E+00	6.013E+00	6.013E+00
1.120E+00	5.986E+00	8.857E-03	5.977E+00	5.995E+00	5.986E+00	5.986E+00	5.986E+00	5.986E+00
1.130E+00	5.959E+00	8.960E-03	5.950E+00	5.968E+00	5.958E+00	5.959E+00	5.958E+00	5.959E+00
1.140E+00	5.931E+00	9.056E-03	5.922E+00	5.941E+00	5.931E+00	5.932E+00	5.931E+00	5.932E+00
1.150E+00	5.904E+00	9.145E-03	5.895E+00	5.913E+00	5.904E+00	5.904E+00	5.904E+00	5.904E+00
1.160E+00	5.877E+00	9.228E-03	5.868E+00	5.886E+00	5.876E+00	5.877E+00	5.876E+00	5.877E+00
1.170E+00	5.849E+00	9.304E-03	5.840E+00	5.859E+00	5.849E+00	5.850E+00	5.849E+00	5.850E+00
1.180E+00	5.822E+00	9.373E-03	5.813E+00	5.832E+00	5.822E+00	5.822E+00	5.822E+00	5.822E+00
1.190E+00	5.795E+00	9.436E-03	5.785E+00	5.804E+00	5.794E+00	5.795E+00	5.794E+00	5.795E+00
1.200E+00	5.767E+00	9.492E-03	5.758E+00	5.777E+00	5.767E+00	5.768E+00	5.767E+00	5.768E+00
1.210E+00	5.740E+00	9.542E-03	5.730E+00	5.749E+00	5.739E+00	5.740E+00	5.740E+00	5.740E+00
1.220E+00	5.712E+00	9.585E-03	5.703E+00	5.722E+00	5.712E+00	5.713E+00	5.712E+00	5.713E+00
1.230E+00	5.685E+00	9.622E-03	5.675E+00	5.695E+00	5.685E+00	5.685E+00	5.685E+00	5.685E+00
1.240E+00	5.657E+00	9.653E-03	5.648E+00	5.667E+00	5.657E+00	5.658E+00	5.657E+00	5.658E+00
1.250E+00	5.630E+00	9.678E-03	5.621E+00	5.640E+00	5.630E+00	5.630E+00	5.630E+00	5.630E+00
1.260E+00	5.603E+00	9.696E-03	5.593E+00	5.612E+00	5.602E+00	5.603E+00	5.602E+00	5.603E+00
1.270E+00	5.575E+00	9.709E-03	5.566E+00	5.585E+00	5.575E+00	5.575E+00	5.575E+00	5.575E+00
1.280E+00	5.548E+00	9.715E-03	5.538E+00	5.558E+00	5.547E+00	5.548E+00	5.547E+00	5.548E+00
1.290E+00	5.520E+00	9.716E-03	5.511E+00	5.530E+00	5.520E+00	5.520E+00	5.520E+00	5.520E+00
1.300E+00	5.493E+00	9.711E-03	5.483E+00	5.503E+00	5.492E+00	5.493E+00	5.492E+00	5.493E+00
1.310E+00	5.465E+00	9.700E-03	5.456E+00	5.475E+00	5.465E+00	5.465E+00	5.465E+00	5.466E+00
1.320E+00	5.438E+00	9.683E-03	5.428E+00	5.448E+00	5.438E+00	5.438E+00	5.437E+00	5.438E+00
1.330E+00	5.410E+00	9.661E-03	5.401E+00	5.420E+00	5.410E+00	5.411E+00	5.410E+00	5.411E+00
1.340E+00	5.383E+00	9.633E-03	5.374E+00	5.393E+00	5.383E+00	5.383E+00	5.383E+00	5.383E+00
1.350E+00	5.355E+00	9.600E-03	5.346E+00	5.365E+00	5.355E+00	5.356E+00	5.355E+00	5.356E+00
1.360E+00	5.328E+00	9.562E-03	5.319E+00	5.338E+00	5.328E+00	5.328E+00	5.328E+00	5.328E+00
1.370E+00	5.301E+00	9.518E-03	5.291E+00	5.310E+00	5.300E+00	5.301E+00	5.300E+00	5.301E+00
1.380E+00	5.273E+00	9.469E-03	5.264E+00	5.283E+00	5.273E+00	5.273E+00	5.273E+00	5.274E+00
1.390E+00	5.246E+00	9.414E-03	5.237E+00	5.256E+00	5.246E+00	5.246E+00	5.246E+00	5.246E+00
1.400E+00	5.219E+00	9.355E-03	5.210E+00	5.228E+00	5.218E+00	5.219E+00	5.218E+00	5.219E+00
1.410E+00	5.191E+00	9.291E-03	5.182E+00	5.201E+00	5.191E+00	5.191E+00	5.191E+00	5.192E+00
1.420E+00	5.164E+00	9.221E-03	5.155E+00	5.173E+00	5.164E+00	5.164E+00	5.164E+00	5.164E+00
1.430E+00	5.137E+00	9.147E-03	5.128E+00	5.146E+00	5.136E+00	5.137E+00	5.136E+00	5.137E+00
1.440E+00	5.109E+00	9.068E-03	5.101E+00	5.119E+00	5.109E+00	5.110E+00	5.109E+00	5.110E+00
1.450E+00	5.082E+00	8.984E-03	5.074E+00	5.092E+00	5.082E+00	5.082E+00	5.082E+00	5.082E+00
1.460E+00	5.055E+00	8.896E-03	5.046E+00	5.064E+00	5.055E+00	5.055E+00	5.055E+00	5.055E+00
1.470E+00	5.028E+00	8.803E-03	5.019E+00	5.037E+00	5.028E+00	5.028E+00	5.027E+00	5.028E+00
1.480E+00	5.001E+00	8.706E-03	4.992E+00	5.010E+00	5.000E+00	5.001E+00	5.000E+00	5.001E+00
1.490E+00	4.973E+00	8.604E-03	4.965E+00	4.983E+00	4.973E+00	4.974E+00	4.973E+00	4.974E+00
1.500E+00	4.946E+00	8.498E-03	4.938E+00	4.955E+00	4.946E+00	4.947E+00	4.946E+00	4.947E+00
1.510E+00	4.919E+00	8.387E-03	4.911E+00	4.928E+00	4.919E+00	4.919E+00	4.919E+00	4.920E+00
1.520E+00	4.892E+00	8.273E-03	4.885E+00	4.901E+00	4.892E+00	4.892E+00	4.892E+00	4.893E+00
1.530E+00	4.865E+00	8.154E-03	4.858E+00	4.874E+00	4.865E+00	4.865E+00	4.865E+00	4.866E+00
1.540E+00	4.838E+00	8.031E-03	4.831E+00	4.847E+00	4.838E+00	4.839E+00	4.838E+00	4.839E+00
1.550E+00	4.812E+00	7.905E-03	4.804E+00	4.820E+00	4.811E+00	4.812E+00	4.811E+00	4.812E+00
1.560E+00	4.785E+00	7.774E-03	4.777E+00	4.793E+00	4.785E+00	4.785E+00	4.784E+00	4.785E+00
1.570E+00	4.758E+00	7.640E-03	4.751E+00	4.766E+00	4.758E+00	4.758E+00	4.758E+00	4.758E+00
1.580E+00	4.731E+00	7.502E-03	4.724E+00	4.739E+00	4.731E+00	4.731E+00	4.731E+00	4.731E+00
1.590E+00	4.704E+00	7.360E-03	4.698E+00	4.712E+00	4.704E+00	4.704E+00	4.704E+00	4.705E+00
1.600E+00	4.678E+00	7.214E-03	4.671E+00	4.685E+00	4.678E+00	4.678E+00	4.677E+00	4.678E+00
1.610E+00	4.651E+00	7.066E-03	4.645E+00	4.659E+00	4.651E+00	4.651E+00	4.651E+00	4.651E+00
1.620E+00	4.624E+00	6.913E-03	4.618E+00	4.632E+00	4.624E+00	4.625E+00	4.624E+00	4.625E+00
1.630E+00	4.598E+00	6.758E-03	4.592E+00	4.605E+00	4.598E+00	4.598E+00	4.598E+00	4.598E+00
1.640E+00	4.571E+00	6.599E-03	4.565E+00	4.579E+00	4.571E+00	4.571E+00	4.571E+00	4.572E+00
1.650E+00	4.545E+00	6.437E-03	4.539E+00	4.552E+00	4.545E+00	4.545E+00	4.545E+00	4.545E+00
1.660E+00	4.519E+00	6.272E-03	4.513E+00	4.526E+00	4.519E+00	4.519E+00	4.518E+00	4.519E+00
1.670E+00	4.492E+00	6.103E-03	4.487E+00	4.499E+00	4.492E+00	4.492E+00	4.492E+00	4.493E+00
1.680E+00	4.466E+00	5.932E-03	4.461E+00	4.473E+00	4.466E+00	4.466E+00	4.466E+00	4.466E+00
1.690E+00	4.440E+00	5.758E-03	4.435E+00	4.446E+00	4.440E+00	4.440E+00	4.439E+00	4.440E+00
1.700E+00	4.414E+00	5.581E-03	4.409E+00	4.420E+00	4.414E+00	4.414E+00	4.413E+00	4.414E+00
1.710E+00	4.388E+00	5.401E-03	4.383E+00	4.394E+00	4.388E+00	4.388E+00	4.387E+00	4.388E+00
1.720E+00	4.362E+00	5.219E-03	4.357E+00	4.367E+00	4.362E+00	4.362E+00	4.361E+00	4.362E+00
1.730E+00	4.336E+00	5.034E-03	4.331E+00	4.341E+00	4.336E+00	4.336E+00	4.335E+00	4.336E+00
1.740E+00	4.310E+00	4.846E-03	4.305E+00	4.315E+00	4.310E+00	4.310E+00	4.309E+00	4.310E+00
1.750E+00	4.284E+00	4.657E-03	4.280E+00	4.289E+00	4.284E+00	4.284E+00	4.283E+00	4.284E+00
1.760E+00	4.258E+00	4.464E-03	4.254E+00	4.263E+00	4.258E+00	4.258E+00	4.258E+00	4.258E+00
1.770E+00	4.232E+00	4.270E-03	4.229E+00	4.237E+00	4.232E+00	4.232E+00	4.232E+00	4.233E+00
1.780E+00	4.207E+00	4.073E-03	4.203E+00	4.211E+00	4.207E+00	4.207E+00	4.206E+00	4.207E+00
1.790E+00	4.181E+00	3.874E-03	4.178E+00	4.186E+00	4.181E+00	4.181E+00	4.181E+00	4.181E+00
1.800E+00	4.155E+00	3.673E-03	4.152E+00	4.160E+00	4.156E+00	4.155E+00	4.155E+00	4.156E+00
1.810E+00	4.130E+00	3.471E-03	4.127E+00	4.134E+00	4.130E+00	4.130E+00	4.130E+00	4.130E+00
1.820E+00	4.105E+00	3.266E-03	4.102E+00	4.109E+00	4.105E+00	4.104E+00	4.104E+00	4.105E+00
1.830E+00	4.079E+00	3.060E-03	4.077E+00	4.083E+00	4.079E+00	4.079E+00	4.079E+00	4.080E+00
1.840E+00	4.054E+00	2.852E-03	4.052E+00	4.057E+00	4.054E+00	4.054E+00	4.054E+00	4.054E+00
1.850E+00	4.029E+00	2.643E-03	4.027E+00	4.032E+00	4.029E+00	4.029E+00	4.028E+00	4.029E+00
1.860E+00	4.004E+00	2.432E-03	4.002E+00	4.007E+00	4.004E+00	4.004E+00	4.003E+00	4.004E+00
1.870E+00	3.979E+00	2.221E-03	3.977E+00	3.982E+00	3.979E+00	3.978E+00	3.978E+00	3.979E+00
1.880E+00	3.954E+00	2.008E-03	3.952E+00	3.956E+00	3.954E+00	3.954E+00	3.953E+00	3.954E+00
1.890E+00	3.929E+00	1.796E-03	3.928E+00	3.931E+00	3.929E+00	3.929E+00	3.928E+00	3.929E+00
1.900E+00	3.904E+00	1.583E-03	3.903E+00	3.906E+00	3.904E+00	3.904E+00	3.904E+00	3.904E+00
1.910E+00	3.879E+00	1.371E-03	3.879E+00	3.881E+00	3.879E+00	3.879E+00	3.879E+00	3.880E+00
1.920E+00	3.854E+00	1.162E-03	3.854E+00	3.856E+00	3.855E+00	3.854E+00	3.854E+00	3.855E+00
1.930E+00	3.830E+00	9.570E-04	3.830E+00	3.831E+00	3.830E+00	3.830E+00	3.829E+00	3.830E+00
1.940E+00	3.805E+00	7.625E-04	3.805E+00	3.807E+00	3.806E+00	3.805E+00	3.805E+00	3.806E+00
1.950E+00	3.781E+00	5.894E-04	3.781E+00	3.782E+00	3.781E+00	3.781E+00	3.781E+00	3.781E+00
1.960E+00	3.757E+00	4.643E-04	3.757E+00	3.757E+00	3.757E+00	3.756E+00	3.756E+00	3.757E+00
1.970E+00	3.732E+00	4.329E-04	3.733E+00	3.733E+00	3.732E+00	3.732E+00	3.732E+00	3.733E+00
1.980E+00	3.708E+00	5.142E-04	3.709E+00	3.709E+00	3.708E+00	3.708E+00	3.708E+00	3.708E+00
1.990E+00	3.684E+00	6.692E-04	3.685E+00	3.684E+00	3.684E+00	3.684E+00	3.684E+00	3.684E+00
2.000E+00	3.660E+00	8.596E-04	3.661E+00	3.660E+00	3.660E+00	3.660E+00	3.659E+00	3.660E+00
2.010E+00	3.636E+00	1.067E-03	3.638E+00	3.636E+00	3.636E+00	3.636E+00	3.636E+00	3.636E+00
2.020E+00	3.612E+00	1.284E-03	3.614E+00	3.612E+00	3.612E+00	3.612E+00	3.612E+00	3.612E+00
2.030E+00	3.588E+00	1.506E-03	3.590E+00	3.588E+00	3.588E+00	3.588E+00	3.588E+00	3.589E+00
2.040E+00	3.565E+00	1.732E-03	3.567E+00	3.564E+00	3.565E+00	3.564E+00	3.564E+00	3.565E+00
2.050E+00	3.541E+00	1.960E-03	3.544E+00	3.540E+00	3.541E+00	3.541E+00	3.541E+00	3.541E+00
2.060E+00	3.517E+00	2.191E-03	3.520E+00	3.516E+00	3.518E+00	3.517E+00	3.517E+00	3.518E+00
2.070E+00	3.494E+00	2.423E-03	3.497E+00	3.492E+00	3.494E+00	3.494E+00	3.494E+00	3.494E+00
2.080E+00	3.471E+00	2.656E-03	3.474E+00	3.469E+00	3.471E+00	3.470E+00	3.470E+00	3.471E+00
2.090E+00	3.447E+00	2.890E-03	3.451E+00	3.445E+00	3.447E+00	3.447E+00	3.447E+00	3.448E+00
2.100E+00	3.424E+00	3.124E-03	3.428E+00	3.422E+00	3.424E+00	3.424E+00	3.424E+00	3.424E+00
2.110E+00	3.401E+00	3.359E-03	3.405E+00	3.398E+00	3.401E+00	3.401E+00	3.401E+00	3.401E+00
2.120E+00	3.378E+00	3.595E-03	3.382E+00	3.375E+00	3.378E+00	3.378E+00	3.377E+00	3.378E+00
2.130E+00	3.355E+00	3.831E-03	3.360E+00	3.352E+00	3.355E+00	3.355E+00	3.355E+00	3.355E+00
2.140E+00	3.332E+00	4.068E-03	3.337E+00	3.329E+00	3.332E+00	3.332E+00	3.332E+00	3.333E+00
2.150E+00	3.309E+00	4.304E-03	3.314E+00	3.306E+00	3.310E+00	3.309E+00	3.309E+00	3.310E+00
2.160E+00	3.287E+00	4.541E-03	3.292E+00	3.283E+00	3.287E+00	3.286E+00	3.286E+00	3.287E+00
2.170E+00	3.264E+00	4.778E-03	3.270E+00	3.260E+00	3.264E+00	3.264E+00	3.264E+00	3.264E+00
2.180E+00	3.242E+00	5.015E-03	3.247E+00	3.237E+00	3.242E+00	3.241E+00	3.241E+00	3.242E+00
2.190E+00	3.219E+00	5.252E-03	3.225E+00	3.215E+00	3.219E+00	3.219E+00	3.219E+00	3.220E+00
2.200E+00	3.197E+00	5.488E-03	3.203E+00	3.192E+00	3.197E+00	3.197E+00	3.196E+00	3.197E+00
2.210E+00	3.175E+00	5.725E-03	3.181E+00	3.170E+00	3.175E+00	3.174E+00	3.174E+00	3.175E+00
2.220E+00	3.153E+00	5.961E-03	3.159E+00	3.147E+00	3.153E+00	3.152E+00	3.152E+00	3.153E+00
2.230E+00	3.131E+00	6.197E-03	3.138E+00	3.125E+00	3.131E+00	3.130E+00	3.130E+00	3.131E+00
2.240E+00	3.109E+00	6.433E-03	3.116E+00	3.103E+00	3.109E+00	3.108E+00	3.108E+00	3.109E+00
2.250E+00	3.087E+00	6.668E-03	3.094E+00	3.081E+00	3.087E+00	3.086E+00	3.086E+00	3.087E+00
2.260E+00	3.065E+00	6.903E-03	3.073E+00	3.059E+00	3.065E+00	3.065E+00	3.065E+00	3.065E+00
2.270E+00	3.043E+00	7.138E-03	3.051E+00	3.037E+00	3.044E+00	3.043E+00	3.043E+00	3.044E+00
2.280E+00	3.022E+00	7.372E-03	3.030E+00	3.015E+00	3.022E+00	3.021E+00	3.021E+00	3.022E+00
2.290E+00	3.000E+00	7.605E-03	3.009E+00	2.994E+00	3.001E+00	3.000E+00	3.000E+00	3.001E+00
2.300E+00	2.979E+00	7.838E-03	2.988E+00	2.972E+00	2.979E+00	2.979E+00	2.978E+00	2.979E+00
2.310E+00	2.958E+00	8.070E-03	2.966E+00	2.950E+00	2.958E+00	2.957E+00	2.957E+00	2.958E+00
2.320E+00	2.936E+00	8.302E-03	2.946E+00	2.929E+00	2.937E+00	2.936E+00	2.936E+00	2.937E+00
2.330E+00	2.915E+00	8.533E-03	2.925E+00	2.908E+00	2.916E+00	2.915E+00	2.915E+00	2.916E+00
2.340E+00	2.894E+00	8.763E-03	2.904E+00	2.886E+00	2.895E+00	2.894E+00	2.894E+00	2.895E+00
2.350E+00	2.873E+00	8.992E-03	2.883E+00	2.865E+00	2.874E+00	2.873E+00	2.873E+00	2.874E+00
2.360E+00	2.853E+00	9.221E-03	2.863E+00	2.844E+00	2.853E+00	2.852E+00	2.852E+00	2.853E+00
2.370E+00	2.832E+00	9.448E-03	2.842E+00	2.823E+00	2.832E+00	2.831E+00	2.831E+00	2.832E+00
2.380E+00	2.811E+00	9.675E-03	2.822E+00	2.802E+00	2.812E+00	2.811E+00	2.811E+00	2.812E+00
2.390E+00	2.791E+00	9.901E-03	2.801E+00	2.782E+00	2.791E+00	2.790E+00	2.790E+00	2.791E+00
2.400E+00	2.770E+00	1.013E-02	2.781E+00	2.761E+00	2.771E+00	2.770E+00	2.770E+00	2.771E+00
2.410E+00	2.750E+00	1.035E-02	2.761E+00	2.740E+00	2.750E+00	2.750E+00	2.750E+00	2.750E+00
2.420E+00	2.730E+00	1.057E-02	2.741E+00	2.720E+00	2.730E+00	2.729E+00	2.729E+00	2.730E+00
2.430E+00	2.710E+00	1.079E-02	2.721E+00	2.700E+00	2.710E+00	2.709E+00	2.709E+00	2.710E+00
2.440E+00	2.690E+00	1.101E-02	2.701E+00	2.679E+00	2.690E+00	2.689E+00	2.689E+00	2.690E+00
2.450E+00	2.670E+00	1.123E-02	2.682E+00	2.659E+00	2.670E+00	2.669E+00	2.669E+00	2.670E+00
2.460E+00	2.650E+00	1.145E-02	2.662E+00	2.639E+00	2.650E+00	2.649E+00	2.649E+00	2.650E+00
2.470E+00	2.630E+00	1.167E-02	2.643E+00	2.619E+00	2.630E+00	2.630E+00	2.630E+00	2.630E+00
2.480E+00	2.610E+00	1.188E-02	2.623E+00	2.599E+00	2.611E+00	2.610E+00	2.610E+00	2.611E+00
2.490E+00	2.591E+00	1.210E-02	2.604E+00	2.580E+00	2.591E+00	2.590E+00	2.590E+00	2.591E+00
2.500E+00	2.571E+00	1.231E-02	2.584E+00	2.560E+00	2.572E+00	2.571E+00	2.571E+00	2.572E+00
2.510E+00	2.552E+00	1.252E-02	2.565E+00	2.540E+00	2.552E+00	2.552E+00	2.552E+00	2.552E+00
2.520E+00	2.533E+00	1.273E-02	2.546E+00	2.521E+00	2.533E+00	2.532E+00	2.532E+00	2.533E+00
2.530E+00	2.514E+00	1.294E-02	2.527E+00	2.501E+00	2.514E+00	2.513E+00	2.513E+00	2.514E+00
2.540E+00	2.494E+00	1.315E-02	2.508E+00	2.482E+00	2.495E+00	2.494E+00	2.494E+00	2.495E+00
2.550E+00	2.475E+00	1.336E-02	2.490E+00	2.463E+00	2.476E+00	2.475E+00	2.475E+00	2.476E+00
2.560E+00	2.457E+00	1.356E-02	2.471E+00	2.444E+00	2.457E+00	2.456E+00	2.456E+00	2.457E+00
2.570E+00	2.438E+00	1.377E-02	2.452E+00	2.425E+00	2.438E+00	2.437E+00	2.437E+00	2.438E+00
2.580E+00	2.419E+00	1.397E-02	2.434E+00	2.406E+00	2.420E+00	2.419E+00	2.419E+00	2.420E+00
2.590E+00	2.401E+00	1.417E-02	2.416E+00	2.387E+00	2.401E+00	2.400E+00	2.400E+00	2.401E+00
2.600E+00	2.382E+00	1.437E-02	2.397E+00	2.369E+00	2.383E+00	2.382E+00	2.382E+00	2.382E+00
2.610E+00	2.364E+00	1.456E-02	2.379E+00	2.350E+00	2.364E+00	2.363E+00	2.363E+00	2.364E+00
2.620E+00	2.345E+00	1.476E-02	2.361E+00	2.332E+00	2.346E+00	2.345E+00	2.345E+00	2.346E+00
2.630E+00	2.327E+00	1.495E-02	2.343E+00	2.313E+00	2.328E+00	2.327E+00	2.327E+00	2.328E+00
2.640E+00	2.309E+00	1.514E-02	2.325E+00	2.295E+00	2.310E+00	2.309E+00	2.309E+00	2.310E+00
2.650E+00	2.291E+00	1.534E-02	2.307E+00	2.277E+00	2.292E+00	2.291E+00	2.291E+00	2.292E+00
2.660E+00	2.273E+00	1.552E-02	2.290E+00	2.259E+00	2.274E+00	2.273E+00	2.273E+00	2.274E+00
2.670E+00	2.255E+00	1.571E-02	2.272E+00	2.241E+00	2.256E+00	2.255E+00	2.255E+00	2.256E+00
2.680E+00	2.238E+00	1.590E-02	2.255E+00	2.223E+00	2.238E+00	2.237E+00	2.237E+00	2.238E+00
2.690E+00	2.220E+00	1.608E-02	2.237E+00	2.205E+00	2.221E+00	2.220E+00	2.220E+00	2.221E+00
2.700E+00	2.203E+00	1.626E-02	2.220E+00	2.187E+00	2.203E+00	2.202E+00	2.202E+00	2.203E+00
2.710E+00	2.185E+00	1.644E-02	2.203E+00	2.170E+00	2.186E+00	2.185E+00	2.185E+00	2.186E+00
2.720E+00	2.168E+00	1.662E-02	2.185E+00	2.152E+00	2.168E+00	2.168E+00	2.168E+00	2.168E+00
2.730E+00	2.151E+00	1.680E-02	2.168E+00	2.135E+00	2.151E+00	2.150E+00	2.150E+00	2.151E+00
2.740E+00	2.134E+00	1.697E-02	2.152E+00	2.118E+00	2.134E+00	2.133E+00	2.133E+00	2.134E+00
2.750E+00	2.117E+00	1.715E-02	2.135E+00	2.100E+00	2.117E+00	2.116E+00	2.116E+00	2.117E+00
2.760E+00	2.100E+00	1.732E-02	2.118E+00	2.083E+00	2.100E+00	2.099E+00	2.099E+00	2.100E+00
2.770E+00	2.083E+00	1.749E-02	2.101E+00	2.066E+00	2.083E+00	2.082E+00	2.083E+00	2.083E+00
2.780E+00	2.066E+00	1.766E-02	2.085E+00	2.049E+00	2.067E+00	2.066E+00	2.066E+00	2.067E+00
2.790E+00	2.050E+00	1.782E-02	2.068E+00	2.033E+00	2.050E+00	2.049E+00	2.049E+00	2.050E+00
2.800E+00	2.033E+00	1.798E-02	2.052E+00	2.016E+00	2.033E+00	2.033E+00	2.033E+00	2.033E+00
2.810E+00	2.017E+00	1.815E-02	2.036E+00	1.999E+00	2.017E+00	2.016E+00	2.016E+00	2.017E+00
2.820E+00	2.000E+00	1.831E-02	2.019E+00	1.983E+00	2.001E+00	2.000E+00	2.000E+00	2.001E+00
2.830E+00	1.984E+00	1.846E-02	2.003E+00	1.966E+00	1.984E+00	1.984E+00	1.984E+00	1.984E+00
2.840E+00	1.968E+00	1.862E-02	1.987E+00	1.950E+00	1.968E+00	1.967E+00	1.967E+00	1.968E+00
2.850E+00	1.952E+00	1.877E-02	1.971E+00	1.934E+00	1.952E+00	1.951E+00	1.951E+00	1.952E+00
2.860E+00	1.936E+00	1.893E-02	1.956E+00	1.918E+00	1.936E+00	1.935E+00	1.935E+00	1.936E+00
2.870E+00	1.920E+00	1.908E-02	1.940E+00	1.902E+00	1.920E+00	1.920E+00	1.920E+00	1.920E+00
2.880E+00	1.904E+00	1.923E-02	1.924E+00	1.886E+00	1.905E+00	1.904E+00	1.904E+00	1.905E+00
2.890E+00	1.889E+00	1.937E-02	1.909E+00	1.870E+00	1.889E+00	1.888E+00	1.888E+00	1.889E+00
2.900E+00	1.873E+00	1.952E-02	1.893E+00	1.854E+00	1.873E+00	1.873E+00	1.873E+00	1.873E+00
2.910E+00	1.858E+00	1.966E-02	1.878E+00	1.839E+00	1.858E+00	1.857E+00	1.857E+00	1.858E+00
2.920E+00	1.842E+00	1.980E-02	1.863E+00	1.823E+00	1.843E+00	1.842E+00	1.842E+00	1.842E+00
2.930E+00	1.827E+00	1.994E-02	1.848E+00	1.808E+00	1.827E+00	1.826E+00	1.826E+00	1.827E+00
2.940E+00	1.812E+00	2.007E-02	1.833E+00	1.792E+00	1.812E+00	1.811E+00	1.811E+00	1.812E+00
2.950E+00	1.797E+00	2.021E-02	1.818E+00	1.777E+00	1.797E+00	1.796E+00	1.796E+00	1.797E+00
2.960E+00	1.782E+00	2.034E-02	1.803E+00	1.762E+00	1.782E+00	1.781E+00	1.781E+00	1.782E+00
2.970E+00	1.767E+00	2.047E-02	1.788E+00	1.747E+00	1.767E+00	1.766E+00	1.766E+00	1.767E+00
2.980E+00	1.752E+00	2.060E-02	1.773E+00	1.732E+00	1.752E+00	1.751E+00	1.751E+00	1.752E+00
2.990E+00	1.737E+00	2.072E-02	1.759E+00	1.717E+00	1.738E+00	1.737E+00	1.737E+00	1.737E+00
3.000E+00	1.722E+00	2.085E-02	1.744E+00	1.703E+00	1.723E+00	1.722E+00	1.722E+00	1.723E+00
