1.000E-02	7.957E+00	5.830E-02	7.898E+00	8.015E+00	7.957E+00	7.956E+00	7.957E+00	7.957E+00
2.000E-02	7.954E+00	5.788E-02	7.896E+00	8.012E+00	7.955E+00	7.953E+00	7.954E+00	7.954E+00
3.000E-02	7.950E+00	5.738E-02	7.893E+00	8.008E+00	7.951E+00	7.949E+00	7.950E+00	7.950E+00
4.000E-02	7.946E+00	5.681E-02	7.889E+00	8.002E+00	7.946E+00	7.945E+00	7.946E+00	7.946E+00
5.000E-02	7.940E+00	5.619E-02	7.884E+00	7.996E+00	7.941E+00	7.940E+00	7.940E+00	7.940E+00
6.000E-02	7.934E+00	5.554E-02	7.879E+00	7.990E+00	7.935E+00	7.934E+00	7.934E+00	7.934E+00
7.000E-02	7.928E+00	5.485E-02	7.873E+00	7.983E+00	7.929E+00	7.927E+00	7.928E+00	7.928E+00
8.000E-02	7.921E+00	5.413E-02	7.866E+00	7.975E+00	7.921E+00	7.920E+00	7.921E+00	7.921E+00
9.000E-02	7.913E+00	5.339E-02	7.859E+00	7.966E+00	7.914E+00	7.912E+00	7.913E+00	7.913E+00
1.000E-01	7.905E+00	5.263E-02	7.852E+00	7.957E+00	7.906E+00	7.904E+00	7.905E+00	7.905E+00
1.100E-01	7.896E+00	5.185E-02	7.844E+00	7.948E+00	7.897E+00	7.895E+00	7.896E+00	7.896E+00
1.200E-01	7.887E+00	5.106E-02	7.836E+00	7.938E+00	7.888E+00	7.886E+00	7.887E+00	7.887E+00
1.300E-01	7.877E+00	5.025E-02	7.827E+00	7.927E+00	7.878E+00	7.877E+00	7.877E+00	7.878E+00
1.400E-01	7.867E+00	4.943E-02	7.818E+00	7.916E+00	7.868E+00	7.867E+00	7.867E+00	7.867E+00
1.500E-01	7.857E+00	4.861E-02	7.808E+00	7.905E+00	7.858E+00	7.856E+00	7.857E+00	7.857E+00
1.600E-01	7.846E+00	4.777E-02	7.798E+00	7.893E+00	7.847E+00	7.845E+00	7.846E+00	7.846E+00
1.700E-01	7.835E+00	4.693E-02	7.788E+00	7.881E+00	7.836E+00	7.834E+00	7.835E+00	7.835E+00
1.800E-01	7.823E+00	4.608E-02	7.777E+00	7.869E+00	7.824E+00	7.823E+00	7.823E+00	7.823E+00
1.900E-01	7.811E+00	4.522E-02	7.766E+00	7.856E+00	7.812E+00	7.811E+00	7.811E+00	7.811E+00
2.000E-01	7.799E+00	4.436E-02	7.754E+00	7.843E+00	7.800E+00	7.798E+00	7.799E+00	7.799E+00
2.100E-01	7.786E+00	4.350E-02	7.742E+00	7.829E+00	7.787E+00	7.786E+00	7.786E+00	7.786E+00
2.200E-01	7.773E+00	4.264E-02	7.730E+00	7.815E+00	7.774E+00	7.773E+00	7.773E+00	7.773E+00
2.300E-01	7.760E+00	4.177E-02	7.718E+00	7.801E+00	7.761E+00	7.759E+00	7.760E+00	7.760E+00
2.400E-01	7.746E+00	4.090E-02	7.705E+00	7.786E+00	7.747E+00	7.745E+00	7.746E+00	7.746E+00
2.500E-01	7.732E+00	4.004E-02	7.692E+00	7.772E+00	7.733E+00	7.731E+00	7.732E+00	7.732E+00
2.600E-01	7.718E+00	3.917E-02	7.678E+00	7.756E+00	7.719E+00	7.717E+00	7.718E+00	7.718E+00
2.700E-01	7.703E+00	3.830E-02	7.664E+00	7.741E+00	7.704E+00	7.703E+00	7.703E+00	7.703E+00
2.800E-01	7.688E+00	3.744E-02	7.650E+00	7.725E+00	7.689E+00	7.688E+00	7.688E+00	7.688E+00
2.900E-01	7.673E+00	3.657E-02	7.636E+00	7.709E+00	7.674E+00	7.672E+00	7.673E+00	7.673E+00
3.000E-01	7.658E+00	3.571E-02	7.621E+00	7.693E+00	7.658E+00	7.657E+00	7.658E+00	7.658E+00
3.100E-01	7.642E+00	3.485E-02	7.606E+00	7.676E+00	7.643E+00	7.641E+00	7.642E+00	7.642E+00
3.200E-01	7.626E+00	3.400E-02	7.591E+00	7.659E+00	7.627E+00	7.625E+00	7.626E+00	7.626E+00
3.300E-01	7.610E+00	3.314E-02	7.576E+00	7.642E+00	7.610E+00	7.609E+00	7.610E+00	7.610E+00
3.400E-01	7.593E+00	3.230E-02	7.560E+00	7.625E+00	7.594E+00	7.592E+00	7.593E+00	7.593E+00
3.500E-01	7.576E+00	3.145E-02	7.544E+00	7.607E+00	7.577E+00	7.576E+00	7.576E+00	7.576E+00
3.600E-01	7.559E+00	3.061E-02	7.528E+00	7.589E+00	7.560E+00	7.559E+00	7.559E+00	7.559E+00
3.700E-01	7.542E+00	2.978E-02	7.511E+00	7.571E+00	7.543E+00	7.541E+00	7.542E+00	7.542E+00
3.800E-01	7.524E+00	2.895E-02	7.495E+00	7.553E+00	7.525E+00	7.524E+00	7.524E+00	7.524E+00
3.900E-01	7.507E+00	2.812E-02	7.478E+00	7.534E+00	7.507E+00	7.506E+00	7.507E+00	7.507E+00
4.000E-01	7.489E+00	2.730E-02	7.461E+00	7.515E+00	7.489E+00	7.488E+00	7.489E+00	7.489E+00
4.100E-01	7.470E+00	2.649E-02	7.443E+00	7.496E+00	7.471E+00	7.470E+00	7.470E+00	7.470E+00
4.200E-01	7.452E+00	2.568E-02	7.426E+00	7.477E+00	7.453E+00	7.451E+00	7.452E+00	7.452E+00
4.300E-01	7.433E+00	2.488E-02	7.408E+00	7.457E+00	7.434E+00	7.433E+00	7.433E+00	7.433E+00
4.400E-01	7.415E+00	2.408E-02	7.390E+00	7.438E+00	7.415E+00	7.414E+00	7.414E+00	7.415E+00
4.500E-01	7.395E+00	2.329E-02	7.371E+00	7.418E+00	7.396E+00	7.395E+00	7.395E+00	7.396E+00
4.600E-01	7.376E+00	2.251E-02	7.353E+00	7.398E+00	7.377E+00	7.376E+00	7.376E+00	7.376E+00
4.700E-01	7.357E+00	2.174E-02	7.334E+00	7.378E+00	7.357E+00	7.356E+00	7.357E+00	7.357E+00
4.800E-01	7.337E+00	2.097E-02	7.315E+00	7.357E+00	7.338E+00	7.336E+00	7.337E+00	7.337E+00
4.900E-01	7.317E+00	2.021E-02	7.296E+00	7.337E+00	7.318E+00	7.317E+00	7.317E+00	7.317E+00
5.000E-01	7.297E+00	1.946E-02	7.277E+00	7.316E+00	7.298E+00	7.297E+00	7.297E+00	7.297E+00
5.100E-01	7.277E+00	1.871E-02	7.258E+00	7.295E+00	7.278E+00	7.276E+00	7.277E+00	7.277E+00
5.200E-01	7.257E+00	1.798E-02	7.238E+00	7.274E+00	7.257E+00	7.256E+00	7.257E+00	7.257E+00
5.300E-01	7.236E+00	1.725E-02	7.218E+00	7.253E+00	7.237E+00	7.235E+00	7.236E+00	7.236E+00
5.400E-01	7.215E+00	1.653E-02	7.198E+00	7.231E+00	7.216E+00	7.215E+00	7.215E+00	7.215E+00
5.500E-01	7.194E+00	1.581E-02	7.178E+00	7.209E+00	7.195E+00	7.194E+00	7.194E+00	7.195E+00
5.600E-01	7.173E+00	1.511E-02	7.158E+00	7.188E+00	7.174E+00	7.173E+00	7.173E+00	7.173E+00
5.700E-01	7.152E+00	1.441E-02	7.137E+00	7.166E+00	7.153E+00	7.152E+00	7.152E+00	7.152E+00
5.800E-01	7.131E+00	1.372E-02	7.116E+00	7.144E+00	7.131E+00	7.130E+00	7.131E+00	7.131E+00
5.900E-01	7.109E+00	1.304E-02	7.095E+00	7.122E+00	7.110E+00	7.109E+00	7.109E+00	7.109E+00
6.000E-01	7.088E+00	1.237E-02	7.074E+00	7.099E+00	7.088E+00	7.087E+00	7.087E+00	7.088E+00
6.100E-01	7.066E+00	1.171E-02	7.053E+00	7.077E+00	7.066E+00	7.065E+00	7.066E+00	7.066E+00
6.200E-01	7.044E+00	1.106E-02	7.032E+00	7.054E+00	7.044E+00	7.043E+00	7.044E+00	7.044E+00
6.300E-01	7.022E+00	1.041E-02	7.011E+00	7.031E+00	7.022E+00	7.021E+00	7.022E+00	7.022E+00
6.400E-01	6.999E+00	9.780E-03	6.989E+00	7.008E+00	7.000E+00	6.999E+00	6.999E+00	6.999E+00
6.500E-01	6.977E+00	9.153E-03	6.967E+00	6.985E+00	6.978E+00	6.976E+00	6.977E+00	6.977E+00
6.600E-01	6.954E+00	8.536E-03	6.945E+00	6.962E+00	6.955E+00	6.954E+00	6.954E+00	6.955E+00
6.700E-01	6.932E+00	7.928E-03	6.923E+00	6.939E+00	6.932E+00	6.931E+00	6.932E+00	6.932E+00
6.800E-01	6.909E+00	7.329E-03	6.901E+00	6.916E+00	6.910E+00	6.908E+00	6.909E+00	6.909E+00
6.900E-01	6.886E+00	6.740E-03	6.879E+00	6.892E+00	6.887E+00	6.886E+00	6.886E+00	6.886E+00
7.000E-01	6.863E+00	6.159E-03	6.856E+00	6.869E+00	6.864E+00	6.863E+00	6.863E+00	6.863E+00
7.100E-01	6.840E+00	5.589E-03	6.834E+00	6.845E+00	6.840E+00	6.839E+00	6.840E+00	6.840E+00
7.200E-01	6.817E+00	5.027E-03	6.811E+00	6.821E+00	6.817E+00	6.816E+00	6.817E+00	6.817E+00
7.300E-01	6.793E+00	4.476E-03	6.788E+00	6.797E+00	6.794E+00	6.793E+00	6.793E+00	6.793E+00
7.400E-01	6.770E+00	3.934E-03	6.765E+00	6.773E+00	6.770E+00	6.769E+00	6.770E+00	6.770E+00
7.500E-01	6.746E+00	3.403E-03	6.742E+00	6.749E+00	6.747E+00	6.746E+00	6.746E+00	6.746E+00
7.600E-01	6.723E+00	2.883E-03	6.719E+00	6.725E+00	6.723E+00	6.722E+00	6.723E+00	6.723E+00
7.700E-01	6.699E+00	2.374E-03	6.696E+00	6.701E+00	6.699E+00	6.698E+00	6.699E+00	6.699E+00
7.800E-01	6.675E+00	1.879E-03	6.673E+00	6.676E+00	6.675E+00	6.675E+00	6.675E+00	6.675E+00
7.900E-01	6.651E+00	1.401E-03	6.649E+00	6.652E+00	6.651E+00	6.651E+00	6.651E+00	6.651E+00
8.000E-01	6.627E+00	9.542E-04	6.626E+00	6.627E+00	6.627E+00	6.626E+00	6.627E+00	6.627E+00
8.100E-01	6.603E+00	5.850E-04	6.602E+00	6.603E+00	6.603E+00	6.602E+00	6.603E+00	6.603E+00
8.200E-01	6.579E+00	4.818E-04	6.578E+00	6.578E+00	6.579E+00	6.578E+00	6.578E+00	6.579E+00
8.300E-01	6.554E+00	7.445E-04	6.554E+00	6.553E+00	6.555E+00	6.554E+00	6.554E+00	6.554E+00
8.400E-01	6.530E+00	1.133E-03	6.530E+00	6.528E+00	6.530E+00	6.529E+00	6.530E+00	6.530E+00
8.500E-01	6.505E+00	1.547E-03	6.506E+00	6.503E+00	6.506E+00	6.505E+00	6.505E+00	6.505E+00
8.600E-01	6.481E+00	1.965E-03	6.482E+00	6.478E+00	6.481E+00	6.480E+00	6.481E+00	6.481E+00
8.700E-01	6.456E+00	2.379E-03	6.458E+00	6.453E+00	6.457E+00	6.456E+00	6.456E+00	6.456E+00
8.800E-01	6.431E+00	2.787E-03	6.434E+00	6.428E+00	6.432E+00	6.431E+00	6.431E+00	6.432E+00
8.900E-01	6.407E+00	3.188E-03	6.409E+00	6.403E+00	6.407E+00	6.406E+00	6.407E+00	6.407E+00
9.000E-01	6.382E+00	3.581E-03	6.385E+00	6.378E+00	6.382E+00	6.381E+00	6.382E+00	6.382E+00
9.100E-01	6.357E+00	3.966E-03	6.360E+00	6.353E+00	6.357E+00	6.356E+00	6.357E+00	6.357E+00
9.200E-01	6.332E+00	4.342E-03	6.336E+00	6.327E+00	6.332E+00	6.331E+00	6.332E+00	6.332E+00
9.300E-01	6.307E+00	4.710E-03	6.311E+00	6.302E+00	6.307E+00	6.306E+00	6.307E+00	6.307E+00
9.400E-01	6.282E+00	5.069E-03	6.287E+00	6.276E+00	6.282E+00	6.281E+00	6.282E+00	6.282E+00
9.500E-01	6.257E+00	5.419E-03	6.262E+00	6.251E+00	6.257E+00	6.256E+00	6.256E+00	6.257E+00
9.600E-01	6.231E+00	5.760E-03	6.237E+00	6.225E+00	6.232E+00	6.231E+00	6.231E+00	6.231E+00
9.700E-01	6.206E+00	6.093E-03	6.212E+00	6.200E+00	6.206E+00	6.206E+00	6.206E+00	6.206E+00
9.800E-01	6.181E+00	6.417E-03	6.187E+00	6.174E+00	6.181E+00	6.180E+00	6.181E+00	6.181E+00
9.900E-01	6.155E+00	6.732E-03	6.162E+00	6.148E+00	6.156E+00	6.155E+00	6.155E+00	6.156E+00
1.000E+00	6.130E+00	7.038E-03	6.137E+00	6.123E+00	6.130E+00	6.130E+00	6.130E+00	6.130E+00
1.010E+00	6.105E+00	7.336E-03	6.112E+00	6.097E+00	6.105E+00	6.104E+00	6.104E+00	6.105E+00
1.020E+00	6.079E+00	7.625E-03	6.086E+00	6.071E+00	6.079E+00	6.079E+00	6.079E+00	6.079E+00
1.030E+00	6.053E+00	7.906E-03	6.061E+00	6.045E+00	6.054E+00	6.053E+00	6.053E+00	6.054E+00
1.040E+00	6.028E+00	8.178E-03	6.036E+00	6.020E+00	6.028E+00	6.028E+00	6.028E+00	6.028E+00
1.050E+00	6.002E+00	8.442E-03	6.011E+00	5.994E+00	6.003E+00	6.002E+00	6.002E+00	6.002E+00
1.060E+00	5.977E+00	8.697E-03	5.985E+00	5.968E+00	5.977E+00	5.976E+00	5.976E+00	5.977E+00
1.070E+00	5.951E+00	8.944E-03	5.960E+00	5.942E+00	5.951E+00	5.951E+00	5.951E+00	5.951E+00
1.080E+00	5.925E+00	9.182E-03	5.934E+00	5.916E+00	5.925E+00	5.925E+00	5.925E+00	5.925E+00
1.090E+00	5.899E+00	9.412E-03	5.909E+00	5.890E+00	5.900E+00	5.899E+00	5.899E+00	5.900E+00
1.100E+00	5.874E+00	9.634E-03	5.883E+00	5.864E+00	5.874E+00	5.873E+00	5.874E+00	5.874E+00
1.110E+00	5.848E+00	9.848E-03	5.858E+00	5.838E+00	5.848E+00	5.848E+00	5.848E+00	5.848E+00
1.120E+00	5.822E+00	1.005E-02	5.832E+00	5.812E+00	5.822E+00	5.822E+00	5.822E+00	5.822E+00
1.130E+00	5.796E+00	1.025E-02	5.807E+00	5.786E+00	5.796E+00	5.796E+00	5.796E+00	5.796E+00
1.140E+00	5.770E+00	1.044E-02	5.781E+00	5.760E+00	5.771E+00	5.770E+00	5.770E+00	5.771E+00
1.150E+00	5.744E+00	1.062E-02	5.755E+00	5.734E+00	5.745E+00	5.744E+00	5.744E+00	5.745E+00
1.160E+00	5.719E+00	1.080E-02	5.729E+00	5.708E+00	5.719E+00	5.718E+00	5.718E+00	5.719E+00
1.170E+00	5.693E+00	1.096E-02	5.704E+00	5.682E+00	5.693E+00	5.692E+00	5.693E+00	5.693E+00
1.180E+00	5.667E+00	1.112E-02	5.678E+00	5.656E+00	5.667E+00	5.667E+00	5.667E+00	5.667E+00
1.190E+00	5.641E+00	1.127E-02	5.652E+00	5.630E+00	5.641E+00	5.641E+00	5.641E+00	5.641E+00
1.200E+00	5.615E+00	1.141E-02	5.626E+00	5.604E+00	5.615E+00	5.615E+00	5.615E+00	5.615E+00
1.210E+00	5.589E+00	1.155E-02	5.601E+00	5.578E+00	5.589E+00	5.589E+00	5.589E+00	5.589E+00
1.220E+00	5.563E+00	1.168E-02	5.575E+00	5.552E+00	5.563E+00	5.563E+00	5.563E+00	5.563E+00
1.230E+00	5.537E+00	1.180E-02	5.549E+00	5.525E+00	5.537E+00	5.537E+00	5.537E+00	5.537E+00
1.240E+00	5.511E+00	1.191E-02	5.523E+00	5.499E+00	5.511E+00	5.511E+00	5.511E+00	5.511E+00
1.250E+00	5.485E+00	1.201E-02	5.497E+00	5.473E+00	5.485E+00	5.485E+00	5.485E+00	5.485E+00
1.260E+00	5.459E+00	1.211E-02	5.472E+00	5.447E+00	5.459E+00	5.459E+00	5.459E+00	5.459E+00
1.270E+00	5.433E+00	1.220E-02	5.446E+00	5.421E+00	5.433E+00	5.433E+00	5.433E+00	5.433E+00
1.280E+00	5.407E+00	1.229E-02	5.420E+00	5.395E+00	5.407E+00	5.407E+00	5.407E+00	5.407E+00
1.290E+00	5.381E+00	1.237E-02	5.394E+00	5.369E+00	5.381E+00	5.381E+00	5.381E+00	5.381E+00
1.300E+00	5.355E+00	1.244E-02	5.368E+00	5.343E+00	5.355E+00	5.355E+00	5.355E+00	5.355E+00
1.310E+00	5.329E+00	1.250E-02	5.342E+00	5.317E+00	5.330E+00	5.329E+00	5.329E+00	5.330E+00
1.320E+00	5.303E+00	1.256E-02	5.316E+00	5.291E+00	5.304E+00	5.303E+00	5.303E+00	5.304E+00
1.330E+00	5.277E+00	1.261E-02	5.291E+00	5.265E+00	5.278E+00	5.277E+00	5.277E+00	5.278E+00
1.340E+00	5.252E+00	1.265E-02	5.265E+00	5.239E+00	5.252E+00	5.251E+00	5.251E+00	5.252E+00
1.350E+00	5.226E+00	1.269E-02	5.239E+00	5.213E+00	5.226E+00	5.226E+00	5.226E+00	5.226E+00
1.360E+00	5.200E+00	1.272E-02	5.213E+00	5.188E+00	5.200E+00	5.200E+00	5.200E+00	5.200E+00
1.370E+00	5.174E+00	1.274E-02	5.187E+00	5.162E+00	5.174E+00	5.174E+00	5.174E+00	5.174E+00
1.380E+00	5.148E+00	1.276E-02	5.161E+00	5.136E+00	5.148E+00	5.148E+00	5.148E+00	5.148E+00
1.390E+00	5.122E+00	1.277E-02	5.136E+00	5.110E+00	5.122E+00	5.122E+00	5.122E+00	5.122E+00
1.400E+00	5.096E+00	1.278E-02	5.110E+00	5.084E+00	5.097E+00	5.096E+00	5.096E+00	5.097E+00
1.410E+00	5.071E+00	1.278E-02	5.084E+00	5.058E+00	5.071E+00	5.071E+00	5.071E+00	5.071E+00
1.420E+00	5.045E+00	1.277E-02	5.058E+00	5.033E+00	5.045E+00	5.045E+00	5.045E+00	5.045E+00
1.430E+00	5.019E+00	1.276E-02	5.033E+00	5.007E+00	5.019E+00	5.019E+00	5.019E+00	5.019E+00
1.440E+00	4.993E+00	1.274E-02	5.007E+00	4.981E+00	4.994E+00	4.993E+00	4.993E+00	4.994E+00
1.450E+00	4.968E+00	1.272E-02	4.981E+00	4.956E+00	4.968E+00	4.968E+00	4.968E+00	4.968E+00
1.460E+00	4.942E+00	1.269E-02	4.955E+00	4.930E+00	4.942E+00	4.942E+00	4.942E+00	4.942E+00
1.470E+00	4.917E+00	1.265E-02	4.930E+00	4.905E+00	4.917E+00	4.916E+00	4.916E+00	4.917E+00
1.480E+00	4.891E+00	1.261E-02	4.904E+00	4.879E+00	4.891E+00	4.891E+00	4.891E+00	4.891E+00
1.490E+00	4.865E+00	1.257E-02	4.879E+00	4.853E+00	4.865E+00	4.865E+00	4.865E+00	4.866E+00
1.500E+00	4.840E+00	1.252E-02	4.853E+00	4.828E+00	4.840E+00	4.840E+00	4.840E+00	4.840E+00
1.510E+00	4.814E+00	1.246E-02	4.827E+00	4.803E+00	4.814E+00	4.814E+00	4.814E+00	4.815E+00
1.520E+00	4.789E+00	1.240E-02	4.802E+00	4.777E+00	4.789E+00	4.789E+00	4.789E+00	4.789E+00
1.530E+00	4.763E+00	1.233E-02	4.777E+00	4.752E+00	4.763E+00	4.763E+00	4.763E+00	4.764E+00
1.540E+00	4.738E+00	1.226E-02	4.751E+00	4.727E+00	4.738E+00	4.738E+00	4.738E+00	4.738E+00
1.550E+00	4.713E+00	1.218E-02	4.726E+00	4.701E+00	4.713E+00	4.713E+00	4.713E+00	4.713E+00
1.560E+00	4.687E+00	1.210E-02	4.700E+00	4.676E+00	4.687E+00	4.687E+00	4.687E+00	4.688E+00
1.570E+00	4.662E+00	1.202E-02	4.675E+00	4.651E+00	4.662E+00	4.662E+00	4.662E+00	4.662E+00
1.580E+00	4.637E+00	1.192E-02	4.650E+00	4.626E+00	4.637E+00	4.637E+00	4.637E+00	4.637E+00
1.590E+00	4.612E+00	1.183E-02	4.624E+00	4.601E+00	4.612E+00	4.612E+00	4.612E+00	4.612E+00
1.600E+00	4.587E+00	1.173E-02	4.599E+00	4.576E+00	4.587E+00	4.587E+00	4.586E+00	4.587E+00
1.610E+00	4.562E+00	1.162E-02	4.574E+00	4.551E+00	4.561E+00	4.562E+00	4.561E+00	4.562E+00
1.620E+00	4.536E+00	1.151E-02	4.549E+00	4.526E+00	4.536E+00	4.536E+00	4.536E+00	4.537E+00
1.630E+00	4.511E+00	1.140E-02	4.524E+00	4.501E+00	4.511E+00	4.511E+00	4.511E+00	4.512E+00
1.640E+00	4.487E+00	1.128E-02	4.499E+00	4.476E+00	4.486E+00	4.487E+00	4.486E+00	4.487E+00
1.650E+00	4.462E+00	1.116E-02	4.474E+00	4.451E+00	4.462E+00	4.462E+00	4.461E+00	4.462E+00
1.660E+00	4.437E+00	1.103E-02	4.449E+00	4.427E+00	4.437E+00	4.437E+00	4.437E+00	4.437E+00
1.670E+00	4.412E+00	1.090E-02	4.424E+00	4.402E+00	4.412E+00	4.412E+00	4.412E+00	4.412E+00
1.680E+00	4.387E+00	1.077E-02	4.399E+00	4.377E+00	4.387E+00	4.387E+00	4.387E+00	4.387E+00
1.690E+00	4.362E+00	1.063E-02	4.374E+00	4.353E+00	4.362E+00	4.363E+00	4.362E+00	4.363E+00
1.700E+00	4.338E+00	1.049E-02	4.349E+00	4.328E+00	4.338E+00	4.338E+00	4.338E+00	4.338E+00
1.710E+00	4.313E+00	1.035E-02	4.325E+00	4.304E+00	4.313E+00	4.313E+00	4.313E+00	4.313E+00
1.720E+00	4.289E+00	1.020E-02	4.300E+00	4.279E+00	4.289E+00	4.289E+00	4.289E+00	4.289E+00
1.730E+00	4.264E+00	1.004E-02	4.275E+00	4.255E+00	4.264E+00	4.264E+00	4.264E+00	4.264E+00
1.740E+00	4.240E+00	9.888E-03	4.251E+00	4.231E+00	4.240E+00	4.240E+00	4.240E+00	4.240E+00
1.750E+00	4.215E+00	9.729E-03	4.226E+00	4.207E+00	4.215E+00	4.216E+00	4.215E+00	4.216E+00
1.760E+00	4.191E+00	9.566E-03	4.202E+00	4.183E+00	4.191E+00	4.191E+00	4.191E+00	4.191E+00
1.770E+00	4.167E+00	9.400E-03	4.177E+00	4.159E+00	4.167E+00	4.167E+00	4.167E+00	4.167E+00
1.780E+00	4.143E+00	9.231E-03	4.153E+00	4.135E+00	4.143E+00	4.143E+00	4.142E+00	4.143E+00
1.790E+00	4.119E+00	9.059E-03	4.129E+00	4.111E+00	4.118E+00	4.119E+00	4.118E+00	4.119E+00
1.800E+00	4.095E+00	8.884E-03	4.104E+00	4.087E+00	4.094E+00	4.095E+00	4.094E+00	4.095E+00
1.810E+00	4.070E+00	8.706E-03	4.080E+00	4.063E+00	4.070E+00	4.071E+00	4.070E+00	4.071E+00
1.820E+00	4.047E+00	8.525E-03	4.056E+00	4.039E+00	4.046E+00	4.047E+00	4.046E+00	4.047E+00
1.830E+00	4.023E+00	8.341E-03	4.032E+00	4.015E+00	4.023E+00	4.023E+00	4.022E+00	4.023E+00
1.840E+00	3.999E+00	8.154E-03	4.008E+00	3.992E+00	3.999E+00	3.999E+00	3.999E+00	3.999E+00
1.850E+00	3.975E+00	7.965E-03	3.984E+00	3.968E+00	3.975E+00	3.975E+00	3.975E+00	3.975E+00
1.860E+00	3.951E+00	7.773E-03	3.960E+00	3.945E+00	3.951E+00	3.952E+00	3.951E+00	3.952E+00
1.870E+00	3.928E+00	7.579E-03	3.937E+00	3.921E+00	3.928E+00	3.928E+00	3.928E+00	3.928E+00
1.880E+00	3.904E+00	7.382E-03	3.913E+00	3.898E+00	3.904E+00	3.904E+00	3.904E+00	3.904E+00
1.890E+00	3.881E+00	7.183E-03	3.889E+00	3.875E+00	3.881E+00	3.881E+00	3.881E+00	3.881E+00
1.900E+00	3.857E+00	6.982E-03	3.866E+00	3.852E+00	3.857E+00	3.858E+00	3.857E+00	3.858E+00
1.910E+00	3.834E+00	6.778E-03	3.842E+00	3.828E+00	3.834E+00	3.834E+00	3.834E+00	3.834E+00
1.920E+00	3.811E+00	6.572E-03	3.819E+00	3.805E+00	3.811E+00	3.811E+00	3.811E+00	3.811E+00
1.930E+00	3.788E+00	6.364E-03	3.795E+00	3.782E+00	3.787E+00	3.788E+00	3.787E+00	3.788E+00
1.940E+00	3.764E+00	6.154E-03	3.772E+00	3.759E+00	3.764E+00	3.765E+00	3.764E+00	3.765E+00
1.950E+00	3.741E+00	5.942E-03	3.749E+00	3.737E+00	3.741E+00	3.742E+00	3.741E+00	3.742E+00
1.960E+00	3.718E+00	5.729E-03	3.725E+00	3.714E+00	3.718E+00	3.719E+00	3.718E+00	3.719E+00
1.970E+00	3.695E+00	5.513E-03	3.702E+00	3.691E+00	3.695E+00	3.696E+00	3.695E+00	3.696E+00
1.980E+00	3.673E+00	5.296E-03	3.679E+00	3.669E+00	3.672E+00	3.673E+00	3.672E+00	3.673E+00
1.990E+00	3.650E+00	5.077E-03	3.656E+00	3.646E+00	3.650E+00	3.650E+00	3.650E+00	3.650E+00
2.000E+00	3.627E+00	4.856E-03	3.633E+00	3.624E+00	3.627E+00	3.627E+00	3.627E+00	3.627E+00
2.010E+00	3.605E+00	4.634E-03	3.610E+00	3.601E+00	3.604E+00	3.605E+00	3.604E+00	3.605E+00
2.020E+00	3.582E+00	4.410E-03	3.588E+00	3.579E+00	3.582E+00	3.582E+00	3.582E+00	3.582E+00
2.030E+00	3.560E+00	4.185E-03	3.565E+00	3.557E+00	3.559E+00	3.560E+00	3.559E+00	3.560E+00
2.040E+00	3.537E+00	3.959E-03	3.542E+00	3.534E+00	3.537E+00	3.537E+00	3.537E+00	3.537E+00
2.050E+00	3.515E+00	3.732E-03	3.520E+00	3.512E+00	3.515E+00	3.515E+00	3.515E+00	3.515E+00
2.060E+00	3.493E+00	3.503E-03	3.497E+00	3.490E+00	3.492E+00	3.493E+00	3.492E+00	3.493E+00
2.070E+00	3.470E+00	3.273E-03	3.475E+00	3.468E+00	3.470E+00	3.471E+00	3.470E+00	3.471E+00
2.080E+00	3.448E+00	3.042E-03	3.453E+00	3.447E+00	3.448E+00	3.449E+00	3.448E+00	3.449E+00
2.090E+00	3.426E+00	2.811E-03	3.430E+00	3.425E+00	3.426E+00	3.427E+00	3.426E+00	3.427E+00
2.100E+00	3.404E+00	2.578E-03	3.408E+00	3.403E+00	3.404E+00	3.405E+00	3.404E+00	3.405E+00
2.110E+00	3.383E+00	2.345E-03	3.386E+00	3.382E+00	3.382E+00	3.383E+00	3.382E+00	3.383E+00
2.120E+00	3.361E+00	2.112E-03	3.364E+00	3.360E+00	3.361E+00	3.361E+00	3.361E+00	3.361E+00
2.130E+00	3.339E+00	1.878E-03	3.342E+00	3.339E+00	3.339E+00	3.339E+00	3.339E+00	3.339E+00
2.140E+00	3.317E+00	1.645E-03	3.320E+00	3.317E+00	3.317E+00	3.318E+00	3.317E+00	3.318E+00
2.150E+00	3.296E+00	1.412E-03	3.299E+00	3.296E+00	3.296E+00	3.296E+00	3.296E+00	3.296E+00
2.160E+00	3.275E+00	1.181E-03	3.277E+00	3.275E+00	3.274E+00	3.275E+00	3.274E+00	3.275E+00
2.170E+00	3.253E+00	9.537E-04	3.255E+00	3.254E+00	3.253E+00	3.253E+00	3.253E+00	3.253E+00
2.180E+00	3.232E+00	7.337E-04	3.234E+00	3.233E+00	3.232E+00	3.232E+00	3.232E+00	3.232E+00
2.190E+00	3.211E+00	5.313E-04	3.212E+00	3.212E+00	3.210E+00	3.211E+00	3.210E+00	3.211E+00
2.200E+00	3.190E+00	3.772E-04	3.191E+00	3.191E+00	3.189E+00	3.190E+00	3.189E+00	3.190E+00
2.210E+00	3.169E+00	3.451E-04	3.170E+00	3.170E+00	3.168E+00	3.169E+00	3.168E+00	3.169E+00
2.220E+00	3.148E+00	4.618E-04	3.149E+00	3.149E+00	3.147E+00	3.148E+00	3.147E+00	3.148E+00
2.230E+00	3.127E+00	6.522E-04	3.128E+00	3.129E+00	3.126E+00	3.127E+00	3.126E+00	3.127E+00
2.240E+00	3.106E+00	8.693E-04	3.107E+00	3.108E+00	3.106E+00	3.106E+00	3.106E+00	3.106E+00
2.250E+00	3.085E+00	1.098E-03	3.086E+00	3.088E+00	3.085E+00	3.085E+00	3.085E+00	3.085E+00
2.260E+00	3.065E+00	1.331E-03	3.065E+00	3.067E+00	3.064E+00	3.065E+00	3.064E+00	3.065E+00
2.270E+00	3.044E+00	1.568E-03	3.044E+00	3.047E+00	3.044E+00	3.044E+00	3.044E+00	3.044E+00
2.280E+00	3.024E+00	1.807E-03	3.023E+00	3.027E+00	3.023E+00	3.024E+00	3.023E+00	3.024E+00
2.290E+00	3.003E+00	2.047E-03	3.003E+00	3.007E+00	3.003E+00	3.004E+00	3.003E+00	3.003E+00
2.300E+00	2.983E+00	2.287E-03	2.982E+00	2.987E+00	2.983E+00	2.983E+00	2.983E+00	2.983E+00
2.310E+00	2.963E+00	2.529E-03	2.962E+00	2.967E+00	2.962E+00	2.963E+00	2.963E+00	2.963E+00
2.320E+00	2.943E+00	2.770E-03	2.941E+00	2.947E+00	2.942E+00	2.943E+00	2.942E+00	2.943E+00
2.330E+00	2.923E+00	3.012E-03	2.921E+00	2.927E+00	2.922E+00	2.923E+00	2.922E+00	2.923E+00
2.340E+00	2.903E+00	3.254E-03	2.901E+00	2.907E+00	2.902E+00	2.903E+00	2.903E+00	2.903E+00
2.350E+00	2.883E+00	3.496E-03	2.881E+00	2.888E+00	2.883E+00	2.883E+00	2.883E+00	2.883E+00
2.360E+00	2.863E+00	3.737E-03	2.861E+00	2.868E+00	2.863E+00	2.863E+00	2.863E+00	2.863E+00
2.370E+00	2.843E+00	3.979E-03	2.841E+00	2.849E+00	2.843E+00	2.844E+00	2.843E+00	2.844E+00
2.380E+00	2.824E+00	4.220E-03	2.821E+00	2.829E+00	2.824E+00	2.824E+00	2.824E+00	2.824E+00
2.390E+00	2.804E+00	4.461E-03	2.801E+00	2.810E+00	2.804E+00	2.805E+00	2.804E+00	2.805E+00
2.400E+00	2.785E+00	4.701E-03	2.782E+00	2.791E+00	2.785E+00	2.785E+00	2.785E+00	2.785E+00
2.410E+00	2.766E+00	4.941E-03	2.762E+00	2.772E+00	2.765E+00	2.766E+00	2.765E+00	2.766E+00
2.420E+00	2.746E+00	5.181E-03	2.743E+00	2.753E+00	2.746E+00	2.747E+00	2.746E+00	2.747E+00
2.430E+00	2.727E+00	5.420E-03	2.723E+00	2.734E+00	2.727E+00	2.728E+00	2.727E+00	2.727E+00
2.440E+00	2.708E+00	5.659E-03	2.704E+00	2.715E+00	2.708E+00	2.708E+00	2.708E+00	2.708E+00
2.450E+00	2.689E+00	5.897E-03	2.685E+00	2.696E+00	2.689E+00	2.689E+00	2.689E+00	2.689E+00
2.460E+00	2.670E+00	6.134E-03	2.666E+00	2.678E+00	2.670E+00	2.671E+00	2.670E+00	2.670E+00
2.470E+00	2.651E+00	6.371E-03	2.647E+00	2.659E+00	2.651E+00	2.652E+00	2.651E+00	2.652E+00
2.480E+00	2.633E+00	6.607E-03	2.628E+00	2.641E+00	2.632E+00	2.633E+00	2.633E+00	2.633E+00
2.490E+00	2.614E+00	6.842E-03	2.609E+00	2.622E+00	2.614E+00	2.614E+00	2.614E+00	2.614E+00
2.500E+00	2.596E+00	7.077E-03	2.590E+00	2.604E+00	2.595E+00	2.596E+00	2.595E+00	2.596E+00
2.510E+00	2.577E+00	7.310E-03	2.571E+00	2.586E+00	2.577E+00	2.577E+00	2.577E+00	2.577E+00
2.520E+00	2.559E+00	7.543E-03	2.553E+00	2.568E+00	2.558E+00	2.559E+00	2.559E+00	2.559E+00
2.530E+00	2.540E+00	7.775E-03	2.534E+00	2.550E+00	2.540E+00	2.541E+00	2.540E+00	2.541E+00
2.540E+00	2.522E+00	8.006E-03	2.516E+00	2.532E+00	2.522E+00	2.523E+00	2.522E+00	2.523E+00
2.550E+00	2.504E+00	8.236E-03	2.497E+00	2.514E+00	2.504E+00	2.505E+00	2.504E+00	2.504E+00
2.560E+00	2.486E+00	8.465E-03	2.479E+00	2.496E+00	2.486E+00	2.487E+00	2.486E+00	2.486E+00
2.570E+00	2.468E+00	8.693E-03	2.461E+00	2.478E+00	2.468E+00	2.469E+00	2.468E+00	2.468E+00
2.580E+00	2.450E+00	8.919E-03	2.443E+00	2.461E+00	2.450E+00	2.451E+00	2.450E+00	2.451E+00
2.590E+00	2.433E+00	9.145E-03	2.425E+00	2.443E+00	2.432E+00	2.433E+00	2.432E+00	2.433E+00
2.600E+00	2.415E+00	9.370E-03	2.407E+00	2.426E+00	2.415E+00	2.415E+00	2.415E+00	2.415E+00
2.610E+00	2.397E+00	9.593E-03	2.389E+00	2.409E+00	2.397E+00	2.398E+00	2.397E+00	2.398E+00
2.620E+00	2.380E+00	9.816E-03	2.372E+00	2.391E+00	2.380E+00	2.380E+00	2.380E+00	2.380E+00
2.630E+00	2.363E+00	1.004E-02	2.354E+00	2.374E+00	2.362E+00	2.363E+00	2.362E+00	2.363E+00
2.640E+00	2.345E+00	1.026E-02	2.337E+00	2.357E+00	2.345E+00	2.346E+00	2.345E+00	2.346E+00
2.650E+00	2.328E+00	1.048E-02	2.319E+00	2.340E+00	2.328E+00	2.328E+00	2.328E+00	2.328E+00
2.660E+00	2.311E+00	1.069E-02	2.302E+00	2.323E+00	2.311E+00	2.311E+00	2.311E+00	2.311E+00
2.670E+00	2.294E+00	1.091E-02	2.285E+00	2.306E+00	2.294E+00	2.294E+00	2.294E+00	2.294E+00
2.680E+00	2.277E+00	1.112E-02	2.267E+00	2.290E+00	2.277E+00	2.277E+00	2.277E+00	2.277E+00
2.690E+00	2.260E+00	1.134E-02	2.250E+00	2.273E+00	2.260E+00	2.260E+00	2.260E+00	2.260E+00
2.700E+00	2.243E+00	1.155E-02	2.233E+00	2.256E+00	2.243E+00	2.244E+00	2.243E+00	2.244E+00
2.710E+00	2.227E+00	1.176E-02	2.216E+00	2.240E+00	2.226E+00	2.227E+00	2.226E+00	2.227E+00
2.720E+00	2.210E+00	1.197E-02	2.200E+00	2.224E+00	2.210E+00	2.210E+00	2.210E+00	2.210E+00
2.730E+00	2.194E+00	1.218E-02	2.183E+00	2.207E+00	2.193E+00	2.194E+00	2.193E+00	2.194E+00
2.740E+00	2.177E+00	1.238E-02	2.166E+00	2.191E+00	2.177E+00	2.178E+00	2.177E+00	2.177E+00
2.750E+00	2.161E+00	1.259E-02	2.150E+00	2.175E+00	2.160E+00	2.161E+00	2.161E+00	2.161E+00
2.760E+00	2.145E+00	1.279E-02	2.133E+00	2.159E+00	2.144E+00	2.145E+00	2.144E+00	2.145E+00
2.770E+00	2.128E+00	1.299E-02	2.117E+00	2.143E+00	2.128E+00	2.129E+00	2.128E+00	2.129E+00
2.780E+00	2.112E+00	1.319E-02	2.101E+00	2.127E+00	2.112E+00	2.113E+00	2.112E+00	2.113E+00
2.790E+00	2.096E+00	1.339E-02	2.084E+00	2.111E+00	2.096E+00	2.097E+00	2.096E+00	2.097E+00
2.800E+00	2.080E+00	1.359E-02	2.068E+00	2.096E+00	2.080E+00	2.081E+00	2.080E+00	2.081E+00
2.810E+00	2.065E+00	1.378E-02	2.052E+00	2.080E+00	2.064E+00	2.065E+00	2.064E+00	2.065E+00
2.820E+00	2.049E+00	1.398E-02	2.036E+00	2.064E+00	2.049E+00	2.049E+00	2.049E+00	2.049E+00
2.830E+00	2.033E+00	1.417E-02	2.021E+00	2.049E+00	2.033E+00	2.034E+00	2.033E+00	2.034E+00
2.840E+00	2.018E+00	1.436E-02	2.005E+00	2.034E+00	2.017E+00	2.018E+00	2.018E+00	2.018E+00
2.850E+00	2.002E+00	1.455E-02	1.989E+00	2.018E+00	2.002E+00	2.003E+00	2.002E+00	2.003E+00
2.860E+00	1.987E+00	1.474E-02	1.974E+00	2.003E+00	1.987E+00	1.987E+00	1.987E+00	1.987E+00
2.870E+00	1.972E+00	1.492E-02	1.958E+00	1.988E+00	1.971E+00	1.972E+00	1.971E+00	1.972E+00
2.880E+00	1.956E+00	1.511E-02	1.943E+00	1.973E+00	1.956E+00	1.957E+00	1.956E+00	1.957E+00
2.890E+00	1.941E+00	1.529E-02	1.928E+00	1.958E+00	1.941E+00	1.942E+00	1.941E+00	1.942E+00
2.900E+00	1.926E+00	1.547E-02	1.912E+00	1.943E+00	1.926E+00	1.927E+00	1.926E+00	1.927E+00
2.910E+00	1.911E+00	1.565E-02	1.897E+00	1.928E+00	1.911E+00	1.912E+00	1.911E+00	1.912E+00
2.920E+00	1.897E+00	1.582E-02	1.882E+00	1.914E+00	1.896E+00	1.897E+00	1.896E+00	1.897E+00
2.930E+00	1.882E+00	1.600E-02	1.867E+00	1.899E+00	1.881E+00	1.882E+00	1.882E+00	1.882E+00
2.940E+00	1.867E+00	1.617E-02	1.852E+00	1.885E+00	1.867E+00	1.867E+00	1.867E+00	1.867E+00
2.950E+00	1.852E+00	1.634E-02	1.838E+00	1.870E+00	1.852E+00	1.853E+00	1.852E+00	1.853E+00
2.960E+00	1.838E+00	1.651E-02	1.823E+00	1.856E+00	1.838E+00	1.838E+00	1.838E+00	1.838E+00
2.970E+00	1.824E+00	1.668E-02	1.808E+00	1.842E+00	1.823E+00	1.824E+00	1.823E+00	1.824E+00
2.980E+00	1.809E+00	1.685E-02	1.794E+00	1.827E+00	1.809E+00	1.810E+00	1.809E+00	1.809E+00
2.990E+00	1.795E+00	1.701E-02	1.779E+00	1.813E+00	1.795E+00	1.795E+00	1.795E+00	1.795E+00
3.000E+00	1.781E+00	1.717E-02	1.765E+00	1.799E+00	1.780E+00	1.781E+00	1.781E+00	1.781E+00
