1.000E-02	8.073E+00	4.020E-03	8.069E+00	8.076E+00	8.073E+00	8.072E+00	8.072E+00	8.073E+00
2.000E-02	8.069E+00	3.978E-03	8.065E+00	8.073E+00	8.070E+00	8.069E+00	8.069E+00	8.069E+00
3.000E-02	8.065E+00	3.928E-03	8.061E+00	8.068E+00	8.065E+00	8.064E+00	8.065E+00	8.065E+00
4.000E-02	8.059E+00	3.872E-03	8.055E+00	8.063E+00	8.060E+00	8.059E+00	8.059E+00	8.059E+00
5.000E-02	8.053E+00	3.813E-03	8.049E+00	8.057E+00	8.054E+00	8.052E+00	8.053E+00	8.053E+00
6.000E-02	8.046E+00	3.751E-03	8.042E+00	8.050E+00	8.047E+00	8.045E+00	8.046E+00	8.046E+00
7.000E-02	8.038E+00	3.687E-03	8.035E+00	8.042E+00	8.039E+00	8.038E+00	8.038E+00	8.038E+00
8.000E-02	8.030E+00	3.620E-03	8.027E+00	8.034E+00	8.031E+00	8.030E+00	8.030E+00	8.030E+00
9.000E-02	8.021E+00	3.552E-03	8.018E+00	8.025E+00	8.022E+00	8.021E+00	8.021E+00	8.021E+00
1.000E-01	8.012E+00	3.483E-03	8.008E+00	8.015E+00	8.013E+00	8.011E+00	8.012E+00	8.012E+00
1.100E-01	8.002E+00	3.413E-03	7.999E+00	8.005E+00	8.003E+00	8.001E+00	8.002E+00	8.002E+00
1.200E-01	7.992E+00	3.341E-03	7.988E+00	7.995E+00	7.992E+00	7.991E+00	7.992E+00	7.992E+00
1.300E-01	7.981E+00	3.270E-03	7.978E+00	7.984E+00	7.981E+00	7.980E+00	7.981E+00	7.981E+00
1.400E-01	7.970E+00	3.197E-03	7.966E+00	7.973E+00	7.970E+00	7.969E+00	7.969E+00	7.970E+00
1.500E-01	7.958E+00	3.125E-03	7.955E+00	7.961E+00	7.958E+00	7.957E+00	7.958E+00	7.958E+00
1.600E-01	7.946E+00	3.052E-03	7.943E+00	7.949E+00	7.946E+00	7.945E+00	7.946E+00	7.946E+00
1.700E-01	7.933E+00	2.979E-03	7.930E+00	7.936E+00	7.934E+00	7.932E+00	7.933E+00	7.933E+00
1.800E-01	7.920E+00	2.906E-03	7.917E+00	7.923E+00	7.921E+00	7.920E+00	7.920E+00	7.920E+00
1.900E-01	7.907E+00	2.833E-03	7.904E+00	7.910E+00	7.907E+00	7.906E+00	7.907E+00	7.907E+00
2.000E-01	7.893E+00	2.760E-03	7.890E+00	7.896E+00	7.894E+00	7.893E+00	7.893E+00	7.893E+00
2.100E-01	7.879E+00	2.687E-03	7.876E+00	7.882E+00	7.880E+00	7.878E+00	7.879E+00	7.879E+00
2.200E-01	7.865E+00	2.615E-03	7.862E+00	7.867E+00	7.865E+00	7.864E+00	7.865E+00	7.865E+00
2.300E-01	7.850E+00	2.543E-03	7.847E+00	7.852E+00	7.850E+00	7.849E+00	7.850E+00	7.850E+00
2.400E-01	7.835E+00	2.471E-03	7.832E+00	7.837E+00	7.835E+00	7.834E+00	7.835E+00	7.835E+00
2.500E-01	7.819E+00	2.399E-03	7.817E+00	7.822E+00	7.820E+00	7.819E+00	7.819E+00	7.819E+00
2.600E-01	7.804E+00	2.329E-03	7.801E+00	7.806E+00	7.804E+00	7.803E+00	7.804E+00	7.804E+00
2.700E-01	7.788E+00	2.258E-03	7.786E+00	7.790E+00	7.788E+00	7.787E+00	7.788E+00	7.788E+00
2.800E-01	7.771E+00	2.188E-03	7.769E+00	7.774E+00	7.772E+00	7.771E+00	7.771E+00	7.771E+00
2.900E-01	7.755E+00	2.119E-03	7.753E+00	7.757E+00	7.755E+00	7.754E+00	7.755E+00	7.755E+00
3.000E-01	7.738E+00	2.051E-03	7.736E+00	7.740E+00	7.738E+00	7.737E+00	7.738E+00	7.738E+00
3.100E-01	7.721E+00	1.983E-03	7.719E+00	7.723E+00	7.721E+00	7.720E+00	7.721E+00	7.721E+00
3.200E-01	7.703E+00	1.916E-03	7.702E+00	7.705E+00	7.704E+00	7.703E+00	7.703E+00	7.703E+00
3.300E-01	7.686E+00	1.849E-03	7.684E+00	7.687E+00	7.686E+00	7.685E+00	7.686E+00	7.686E+00
3.400E-01	7.668E+00	1.784E-03	7.666E+00	7.669E+00	7.668E+00	7.667E+00	7.668E+00	7.668E+00
3.500E-01	7.650E+00	1.719E-03	7.648E+00	7.651E+00	7.650E+00	7.649E+00	7.650E+00	7.650E+00
3.600E-01	7.631E+00	1.655E-03	7.630E+00	7.633E+00	7.632E+00	7.631E+00	7.631E+00	7.631E+00
3.700E-01	7.613E+00	1.592E-03	7.611E+00	7.614E+00	7.613E+00	7.612E+00	7.612E+00	7.613E+00
3.800E-01	7.594E+00	1.530E-03	7.592E+00	7.595E+00	7.594E+00	7.593E+00	7.594E+00	7.594E+00
3.900E-01	7.574E+00	1.469E-03	7.573E+00	7.576E+00	7.575E+00	7.574E+00	7.574E+00	7.575E+00
4.000E-01	7.555E+00	1.409E-03	7.554E+00	7.556E+00	7.556E+00	7.555E+00	7.555E+00	7.555E+00
4.100E-01	7.536E+00	1.350E-03	7.534E+00	7.537E+00	7.536E+00	7.535E+00	7.536E+00	7.536E+00
4.200E-01	7.516E+00	1.292E-03	7.515E+00	7.517E+00	7.516E+00	7.515E+00	7.516E+00	7.516E+00
4.300E-01	7.496E+00	1.235E-03	7.495E+00	7.497E+00	7.496E+00	7.495E+00	7.496E+00	7.496E+00
4.400E-01	7.476E+00	1.179E-03	7.475E+00	7.477E+00	7.476E+00	7.475E+00	7.476E+00	7.476E+00
4.500E-01	7.455E+00	1.125E-03	7.454E+00	7.456E+00	7.456E+00	7.455E+00	7.455E+00	7.455E+00
4.600E-01	7.435E+00	1.072E-03	7.434E+00	7.436E+00	7.435E+00	7.434E+00	7.435E+00	7.435E+00
4.700E-01	7.414E+00	1.020E-03	7.413E+00	7.415E+00	7.414E+00	7.413E+00	7.414E+00	7.414E+00
4.800E-01	7.393E+00	9.693E-04	7.392E+00	7.394E+00	7.393E+00	7.392E+00	7.393E+00	7.393E+00
4.900E-01	7.372E+00	9.204E-04	7.371E+00	7.373E+00	7.372E+00	7.371E+00	7.372E+00	7.372E+00
5.000E-01	7.350E+00	8.731E-04	7.350E+00	7.351E+00	7.351E+00	7.350E+00	7.350E+00	7.351E+00
5.100E-01	7.329E+00	8.274E-04	7.328E+00	7.330E+00	7.329E+00	7.329E+00	7.329E+00	7.329E+00
5.200E-01	7.307E+00	7.835E-04	7.307E+00	7.308E+00	7.308E+00	7.307E+00	7.307E+00	7.307E+00
5.300E-01	7.286E+00	7.415E-04	7.285E+00	7.286E+00	7.286E+00	7.285E+00	7.285E+00	7.286E+00
5.400E-01	7.264E+00	7.016E-04	7.263E+00	7.264E+00	7.264E+00	7.263E+00	7.263E+00	7.264E+00
5.500E-01	7.241E+00	6.640E-04	7.241E+00	7.242E+00	7.242E+00	7.241E+00	7.241E+00	7.241E+00
5.600E-01	7.219E+00	6.287E-04	7.219E+00	7.220E+00	7.220E+00	7.219E+00	7.219E+00	7.219E+00
5.700E-01	7.197E+00	5.960E-04	7.196E+00	7.197E+00	7.197E+00	7.196E+00	7.197E+00	7.197E+00
5.800E-01	7.174E+00	5.662E-04	7.174E+00	7.174E+00	7.175E+00	7.174E+00	7.174E+00	7.174E+00
5.900E-01	7.151E+00	5.394E-04	7.151E+00	7.152E+00	7.152E+00	7.151E+00	7.151E+00	7.151E+00
6.000E-01	7.128E+00	5.159E-04	7.128E+00	7.129E+00	7.129E+00	7.128E+00	7.128E+00	7.129E+00
6.100E-01	7.105E+00	4.959E-04	7.105E+00	7.106E+00	7.106E+00	7.105E+00	7.105E+00	7.106E+00
6.200E-01	7.082E+00	4.796E-04	7.082E+00	7.082E+00	7.083E+00	7.082E+00	7.082E+00	7.082E+00
6.300E-01	7.059E+00	4.670E-04	7.059E+00	7.059E+00	7.059E+00	7.059E+00	7.059E+00	7.059E+00
6.400E-01	7.036E+00	4.582E-04	7.036E+00	7.036E+00	7.036E+00	7.035E+00	7.036E+00	7.036E+00
6.500E-01	7.012E+00	4.533E-04	7.012E+00	7.012E+00	7.013E+00	7.012E+00	7.012E+00	7.012E+00
6.600E-01	6.988E+00	4.520E-04	6.989E+00	6.988E+00	6.989E+00	6.988E+00	6.988E+00	6.989E+00
6.700E-01	6.965E+00	4.541E-04	6.965E+00	6.965E+00	6.965E+00	6.964E+00	6.965E+00	6.965E+00
6.800E-01	6.941E+00	4.594E-04	6.941E+00	6.941E+00	6.941E+00	6.940E+00	6.941E+00	6.941E+00
6.900E-01	6.917E+00	4.675E-04	6.917E+00	6.917E+00	6.917E+00	6.916E+00	6.917E+00	6.917E+00
7.000E-01	6.893E+00	4.781E-04	6.893E+00	6.893E+00	6.893E+00	6.892E+00	6.893E+00	6.893E+00
7.100E-01	6.869E+00	4.908E-04	6.869E+00	6.868E+00	6.869E+00	6.868E+00	6.868E+00	6.869E+00
7.200E-01	6.844E+00	5.052E-04	6.845E+00	6.844E+00	6.845E+00	6.844E+00	6.844E+00	6.844E+00
7.300E-01	6.820E+00	5.211E-04	6.820E+00	6.820E+00	6.820E+00	6.819E+00	6.820E+00	6.820E+00
7.400E-01	6.795E+00	5.380E-04	6.796E+00	6.795E+00	6.796E+00	6.795E+00	6.795E+00	6.795E+00
7.500E-01	6.771E+00	5.559E-04	6.771E+00	6.770E+00	6.771E+00	6.770E+00	6.771E+00	6.771E+00
7.600E-01	6.746E+00	5.743E-04	6.746E+00	6.746E+00	6.746E+00	6.746E+00	6.746E+00	6.746E+00
7.700E-01	6.721E+00	5.932E-04	6.722E+00	6.721E+00	6.722E+00	6.721E+00	6.721E+00	6.721E+00
7.800E-01	6.696E+00	6.123E-04	6.697E+00	6.696E+00	6.697E+00	6.696E+00	6.696E+00	6.697E+00
7.900E-01	6.672E+00	6.315E-04	6.672E+00	6.671E+00	6.672E+00	6.671E+00	6.671E+00	6.672E+00
8.000E-01	6.647E+00	6.507E-04	6.647E+00	6.646E+00	6.647E+00	6.646E+00	6.646E+00	6.647E+00
8.100E-01	6.621E+00	6.698E-04	6.622E+00	6.621E+00	6.622E+00	6.621E+00	6.621E+00	6.622E+00
8.200E-01	6.596E+00	6.887E-04	6.597E+00	6.596E+00	6.597E+00	6.596E+00	6.596E+00	6.596E+00
8.300E-01	6.571E+00	7.074E-04	6.572E+00	6.570E+00	6.571E+00	6.571E+00	6.571E+00	6.571E+00
8.400E-01	6.546E+00	7.256E-04	6.546E+00	6.545E+00	6.546E+00	6.545E+00	6.546E+00	6.546E+00
8.500E-01	6.520E+00	7.435E-04	6.521E+00	6.520E+00	6.521E+00	6.520E+00	6.520E+00	6.520E+00
8.600E-01	6.495E+00	7.609E-04	6.496E+00	6.494E+00	6.495E+00	6.494E+00	6.495E+00	6.495E+00
8.700E-01	6.469E+00	7.778E-04	6.470E+00	6.469E+00	6.470E+00	6.469E+00	6.469E+00	6.469E+00
8.800E-01	6.444E+00	7.942E-04	6.444E+00	6.443E+00	6.444E+00	6.443E+00	6.444E+00	6.444E+00
8.900E-01	6.418E+00	8.101E-04	6.419E+00	6.417E+00	6.418E+00	6.418E+00	6.418E+00	6.418E+00
9.000E-01	6.392E+00	8.254E-04	6.393E+00	6.392E+00	6.393E+00	6.392E+00	6.392E+00	6.393E+00
9.100E-01	6.367E+00	8.400E-04	6.367E+00	6.366E+00	6.367E+00	6.366E+00	6.367E+00	6.367E+00
9.200E-01	6.341E+00	8.541E-04	6.342E+00	6.340E+00	6.341E+00	6.341E+00	6.341E+00	6.341E+00
9.300E-01	6.315E+00	8.676E-04	6.316E+00	6.314E+00	6.315E+00	6.315E+00	6.315E+00	6.315E+00
9.400E-01	6.289E+00	8.804E-04	6.290E+00	6.288E+00	6.290E+00	6.289E+00	6.289E+00	6.289E+00
9.500E-01	6.263E+00	8.926E-04	6.264E+00	6.262E+00	6.264E+00	6.263E+00	6.263E+00	6.263E+00
9.600E-01	6.237E+00	9.041E-04	6.238E+00	6.236E+00	6.238E+00	6.237E+00	6.237E+00	6.237E+00
9.700E-01	6.211E+00	9.150E-04	6.212E+00	6.210E+00	6.212E+00	6.211E+00	6.211E+00	6.211E+00
9.800E-01	6.185E+00	9.252E-04	6.186E+00	6.184E+00	6.186E+00	6.185E+00	6.185E+00	6.185E+00
9.900E-01	6.159E+00	9.347E-04	6.160E+00	6.158E+00	6.159E+00	6.159E+00	6.159E+00	6.159E+00
1.000E+00	6.133E+00	9.436E-04	6.134E+00	6.132E+00	6.133E+00	6.133E+00	6.133E+00	6.133E+00
1.010E+00	6.107E+00	9.519E-04	6.108E+00	6.106E+00	6.107E+00	6.107E+00	6.107E+00	6.107E+00
1.020E+00	6.081E+00	9.594E-04	6.082E+00	6.080E+00	6.081E+00	6.080E+00	6.081E+00	6.081E+00
1.030E+00	6.054E+00	9.663E-04	6.055E+00	6.054E+00	6.055E+00	6.054E+00	6.054E+00	6.055E+00
1.040E+00	6.028E+00	9.725E-04	6.029E+00	6.027E+00	6.028E+00	6.028E+00	6.028E+00	6.028E+00
1.050E+00	6.002E+00	9.781E-04	6.003E+00	6.001E+00	6.002E+00	6.002E+00	6.002E+00	6.002E+00
1.060E+00	5.976E+00	9.830E-04	5.977E+00	5.975E+00	5.976E+00	5.975E+00	5.975E+00	5.976E+00
1.070E+00	5.949E+00	9.872E-04	5.950E+00	5.948E+00	5.950E+00	5.949E+00	5.949E+00	5.949E+00
1.080E+00	5.923E+00	9.908E-04	5.924E+00	5.922E+00	5.923E+00	5.923E+00	5.923E+00	5.923E+00
1.090E+00	5.897E+00	9.938E-04	5.898E+00	5.896E+00	5.897E+00	5.896E+00	5.896E+00	5.897E+00
1.100E+00	5.870E+00	9.961E-04	5.871E+00	5.869E+00	5.871E+00	5.870E+00	5.870E+00	5.870E+00
1.110E+00	5.844E+00	9.977E-04	5.845E+00	5.843E+00	5.844E+00	5.844E+00	5.844E+00	5.844E+00
1.120E+00	5.818E+00	9.987E-04	5.818E+00	5.817E+00	5.818E+00	5.817E+00	5.817E+00	5.818E+00
1.130E+00	5.791E+00	9.992E-04	5.792E+00	5.790E+00	5.791E+00	5.791E+00	5.791E+00	5.791E+00
1.140E+00	5.765E+00	9.989E-04	5.766E+00	5.764E+00	5.765E+00	5.764E+00	5.765E+00	5.765E+00
1.150E+00	5.738E+00	9.981E-04	5.739E+00	5.737E+00	5.739E+00	5.738E+00	5.738E+00	5.738E+00
1.160E+00	5.712E+00	9.966E-04	5.713E+00	5.711E+00	5.712E+00	5.712E+00	5.712E+00	5.712E+00
1.170E+00	5.685E+00	9.946E-04	5.686E+00	5.685E+00	5.686E+00	5.685E+00	5.685E+00	5.686E+00
1.180E+00	5.659E+00	9.920E-04	5.660E+00	5.658E+00	5.659E+00	5.659E+00	5.659E+00	5.659E+00
1.190E+00	5.633E+00	9.887E-04	5.634E+00	5.632E+00	5.633E+00	5.632E+00	5.632E+00	5.633E+00
1.200E+00	5.606E+00	9.849E-04	5.607E+00	5.605E+00	5.606E+00	5.606E+00	5.606E+00	5.606E+00
1.210E+00	5.580E+00	9.805E-04	5.581E+00	5.579E+00	5.580E+00	5.580E+00	5.580E+00	5.580E+00
1.220E+00	5.553E+00	9.755E-04	5.554E+00	5.552E+00	5.554E+00	5.553E+00	5.553E+00	5.554E+00
1.230E+00	5.527E+00	9.700E-04	5.528E+00	5.526E+00	5.527E+00	5.527E+00	5.527E+00	5.527E+00
1.240E+00	5.501E+00	9.639E-04	5.502E+00	5.500E+00	5.501E+00	5.500E+00	5.500E+00	5.501E+00
1.250E+00	5.474E+00	9.573E-04	5.475E+00	5.473E+00	5.474E+00	5.474E+00	5.474E+00	5.474E+00
1.260E+00	5.448E+00	9.502E-04	5.449E+00	5.447E+00	5.448E+00	5.448E+00	5.448E+00	5.448E+00
1.270E+00	5.421E+00	9.425E-04	5.422E+00	5.421E+00	5.422E+00	5.421E+00	5.421E+00	5.422E+00
1.280E+00	5.395E+00	9.343E-04	5.396E+00	5.394E+00	5.395E+00	5.395E+00	5.395E+00	5.395E+00
1.290E+00	5.369E+00	9.255E-04	5.370E+00	5.368E+00	5.369E+00	5.369E+00	5.369E+00	5.369E+00
1.300E+00	5.342E+00	9.163E-04	5.343E+00	5.342E+00	5.343E+00	5.342E+00	5.342E+00	5.343E+00
1.310E+00	5.316E+00	9.066E-04	5.317E+00	5.315E+00	5.316E+00	5.316E+00	5.316E+00	5.316E+00
1.320E+00	5.290E+00	8.964E-04	5.291E+00	5.289E+00	5.290E+00	5.290E+00	5.290E+00	5.290E+00
1.330E+00	5.264E+00	8.857E-04	5.264E+00	5.263E+00	5.264E+00	5.263E+00	5.263E+00	5.264E+00
1.340E+00	5.237E+00	8.745E-04	5.238E+00	5.237E+00	5.238E+00	5.237E+00	5.237E+00	5.238E+00
1.350E+00	5.211E+00	8.629E-04	5.212E+00	5.210E+00	5.211E+00	5.211E+00	5.211E+00	5.211E+00
1.360E+00	5.185E+00	8.508E-04	5.186E+00	5.184E+00	5.185E+00	5.185E+00	5.185E+00	5.185E+00
1.370E+00	5.159E+00	8.383E-04	5.160E+00	5.158E+00	5.159E+00	5.159E+00	5.159E+00	5.159E+00
1.380E+00	5.133E+00	8.253E-04	5.134E+00	5.132E+00	5.133E+00	5.133E+00	5.133E+00	5.133E+00
1.390E+00	5.107E+00	8.120E-04	5.107E+00	5.106E+00	5.107E+00	5.106E+00	5.106E+00	5.107E+00
1.400E+00	5.081E+00	7.982E-04	5.081E+00	5.080E+00	5.081E+00	5.080E+00	5.080E+00	5.081E+00
1.410E+00	5.054E+00	7.840E-04	5.055E+00	5.054E+00	5.055E+00	5.054E+00	5.054E+00	5.055E+00
1.420E+00	5.028E+00	7.694E-04	5.029E+00	5.028E+00	5.029E+00	5.028E+00	5.028E+00	5.029E+00
1.430E+00	5.003E+00	7.544E-04	5.003E+00	5.002E+00	5.003E+00	5.002E+00	5.002E+00	5.003E+00
1.440E+00	4.977E+00	7.391E-04	4.977E+00	4.976E+00	4.977E+00	4.976E+00	4.976E+00	4.977E+00
1.450E+00	4.951E+00	7.234E-04	4.951E+00	4.950E+00	4.951E+00	4.951E+00	4.950E+00	4.951E+00
1.460E+00	4.925E+00	7.073E-04	4.925E+00	4.924E+00	4.925E+00	4.925E+00	4.925E+00	4.925E+00
1.470E+00	4.899E+00	6.909E-04	4.900E+00	4.898E+00	4.899E+00	4.899E+00	4.899E+00	4.899E+00
1.480E+00	4.873E+00	6.742E-04	4.874E+00	4.873E+00	4.873E+00	4.873E+00	4.873E+00	4.873E+00
1.490E+00	4.847E+00	6.572E-04	4.848E+00	4.847E+00	4.848E+00	4.847E+00	4.847E+00	4.848E+00
1.500E+00	4.822E+00	6.398E-04	4.822E+00	4.821E+00	4.822E+00	4.822E+00	4.822E+00	4.822E+00
1.510E+00	4.796E+00	6.222E-04	4.797E+00	4.795E+00	4.796E+00	4.796E+00	4.796E+00	4.796E+00
1.520E+00	4.770E+00	6.043E-04	4.771E+00	4.770E+00	4.771E+00	4.770E+00	4.770E+00	4.771E+00
1.530E+00	4.745E+00	5.862E-04	4.745E+00	4.744E+00	4.745E+00	4.745E+00	4.745E+00	4.745E+00
1.540E+00	4.719E+00	5.678E-04	4.720E+00	4.719E+00	4.719E+00	4.719E+00	4.719E+00	4.720E+00
1.550E+00	4.694E+00	5.493E-04	4.694E+00	4.693E+00	4.694E+00	4.694E+00	4.694E+00	4.694E+00
1.560E+00	4.668E+00	5.305E-04	4.669E+00	4.668E+00	4.668E+00	4.668E+00	4.668E+00	4.669E+00
1.570E+00	4.643E+00	5.115E-04	4.643E+00	4.643E+00	4.643E+00	4.643E+00	4.643E+00	4.643E+00
1.580E+00	4.618E+00	4.924E-04	4.618E+00	4.617E+00	4.618E+00	4.618E+00	4.617E+00	4.618E+00
1.590E+00	4.592E+00	4.732E-04	4.593E+00	4.592E+00	4.592E+00	4.592E+00	4.592E+00	4.593E+00
1.600E+00	4.567E+00	4.540E-04	4.568E+00	4.567E+00	4.567E+00	4.567E+00	4.567E+00	4.567E+00
1.610E+00	4.542E+00	4.346E-04	4.542E+00	4.542E+00	4.542E+00	4.542E+00	4.542E+00	4.542E+00
1.620E+00	4.517E+00	4.153E-04	4.517E+00	4.516E+00	4.517E+00	4.517E+00	4.517E+00	4.517E+00
1.630E+00	4.492E+00	3.960E-04	4.492E+00	4.491E+00	4.492E+00	4.492E+00	4.492E+00	4.492E+00
1.640E+00	4.467E+00	3.769E-04	4.467E+00	4.466E+00	4.467E+00	4.467E+00	4.467E+00	4.467E+00
1.650E+00	4.442E+00	3.579E-04	4.442E+00	4.441E+00	4.442E+00	4.442E+00	4.442E+00	4.442E+00
1.660E+00	4.417E+00	3.393E-04	4.417E+00	4.417E+00	4.417E+00	4.417E+00	4.417E+00	4.417E+00
1.670E+00	4.392E+00	3.210E-04	4.392E+00	4.392E+00	4.392E+00	4.392E+00	4.392E+00	4.392E+00
1.680E+00	4.367E+00	3.032E-04	4.367E+00	4.367E+00	4.367E+00	4.367E+00	4.367E+00	4.367E+00
1.690E+00	4.342E+00	2.861E-04	4.343E+00	4.342E+00	4.343E+00	4.342E+00	4.342E+00	4.343E+00
1.700E+00	4.318E+00	2.699E-04	4.318E+00	4.318E+00	4.318E+00	4.318E+00	4.318E+00	4.318E+00
1.710E+00	4.293E+00	2.547E-04	4.293E+00	4.293E+00	4.293E+00	4.293E+00	4.293E+00	4.293E+00
1.720E+00	4.269E+00	2.410E-04	4.269E+00	4.269E+00	4.269E+00	4.269E+00	4.268E+00	4.269E+00
1.730E+00	4.244E+00	2.289E-04	4.244E+00	4.244E+00	4.244E+00	4.244E+00	4.244E+00	4.244E+00
1.740E+00	4.220E+00	2.188E-04	4.220E+00	4.220E+00	4.220E+00	4.220E+00	4.220E+00	4.220E+00
1.750E+00	4.195E+00	2.112E-04	4.195E+00	4.195E+00	4.195E+00	4.195E+00	4.195E+00	4.196E+00
1.760E+00	4.171E+00	2.062E-04	4.171E+00	4.171E+00	4.171E+00	4.171E+00	4.171E+00	4.171E+00
1.770E+00	4.147E+00	2.043E-04	4.147E+00	4.147E+00	4.147E+00	4.147E+00	4.147E+00	4.147E+00
1.780E+00	4.123E+00	2.054E-04	4.123E+00	4.123E+00	4.123E+00	4.123E+00	4.122E+00	4.123E+00
1.790E+00	4.099E+00	2.097E-04	4.099E+00	4.099E+00	4.099E+00	4.099E+00	4.098E+00	4.099E+00
1.800E+00	4.075E+00	2.170E-04	4.074E+00	4.075E+00	4.075E+00	4.075E+00	4.074E+00	4.075E+00
1.810E+00	4.051E+00	2.271E-04	4.051E+00	4.051E+00	4.051E+00	4.051E+00	4.050E+00	4.051E+00
1.820E+00	4.027E+00	2.396E-04	4.027E+00	4.027E+00	4.027E+00	4.027E+00	4.026E+00	4.027E+00
1.830E+00	4.003E+00	2.542E-04	4.003E+00	4.003E+00	4.003E+00	4.003E+00	4.003E+00	4.003E+00
1.840E+00	3.979E+00	2.706E-04	3.979E+00	3.979E+00	3.979E+00	3.979E+00	3.979E+00	3.979E+00
1.850E+00	3.955E+00	2.886E-04	3.955E+00	3.956E+00	3.955E+00	3.955E+00	3.955E+00	3.956E+00
1.860E+00	3.932E+00	3.079E-04	3.932E+00	3.932E+00	3.932E+00	3.932E+00	3.932E+00	3.932E+00
1.870E+00	3.908E+00	3.282E-04	3.908E+00	3.909E+00	3.908E+00	3.908E+00	3.908E+00	3.908E+00
1.880E+00	3.885E+00	3.495E-04	3.885E+00	3.885E+00	3.885E+00	3.885E+00	3.885E+00	3.885E+00
1.890E+00	3.861E+00	3.715E-04	3.861E+00	3.862E+00	3.861E+00	3.861E+00	3.861E+00	3.862E+00
1.900E+00	3.838E+00	3.942E-04	3.838E+00	3.838E+00	3.838E+00	3.838E+00	3.838E+00	3.838E+00
1.910E+00	3.815E+00	4.174E-04	3.814E+00	3.815E+00	3.815E+00	3.815E+00	3.815E+00	3.815E+00
1.920E+00	3.792E+00	4.411E-04	3.791E+00	3.792E+00	3.792E+00	3.792E+00	3.791E+00	3.792E+00
1.930E+00	3.769E+00	4.653E-04	3.768E+00	3.769E+00	3.769E+00	3.769E+00	3.768E+00	3.769E+00
1.940E+00	3.746E+00	4.897E-04	3.745E+00	3.746E+00	3.746E+00	3.746E+00	3.745E+00	3.746E+00
1.950E+00	3.723E+00	5.145E-04	3.722E+00	3.723E+00	3.723E+00	3.723E+00	3.722E+00	3.723E+00
1.960E+00	3.700E+00	5.396E-04	3.699E+00	3.700E+00	3.700E+00	3.700E+00	3.700E+00	3.700E+00
1.970E+00	3.677E+00	5.649E-04	3.676E+00	3.677E+00	3.677E+00	3.677E+00	3.677E+00	3.677E+00
1.980E+00	3.654E+00	5.904E-04	3.654E+00	3.655E+00	3.654E+00	3.654E+00	3.654E+00	3.654E+00
1.990E+00	3.632E+00	6.161E-04	3.631E+00	3.632E+00	3.632E+00	3.632E+00	3.631E+00	3.632E+00
2.000E+00	3.609E+00	6.420E-04	3.608E+00	3.610E+00	3.609E+00	3.609E+00	3.609E+00	3.609E+00
2.010E+00	3.587E+00	6.680E-04	3.586E+00	3.587E+00	3.586E+00	3.587E+00	3.586E+00	3.587E+00
2.020E+00	3.564E+00	6.941E-04	3.563E+00	3.565E+00	3.564E+00	3.564E+00	3.564E+00	3.564E+00
2.030E+00	3.542E+00	7.203E-04	3.541E+00	3.542E+00	3.542E+00	3.542E+00	3.542E+00	3.542E+00
2.040E+00	3.520E+00	7.466E-04	3.519E+00	3.520E+00	3.519E+00	3.520E+00	3.519E+00	3.520E+00
2.050E+00	3.497E+00	7.730E-04	3.497E+00	3.498E+00	3.497E+00	3.497E+00	3.497E+00	3.498E+00
2.060E+00	3.475E+00	7.994E-04	3.475E+00	3.476E+00	3.475E+00	3.475E+00	3.475E+00	3.476E+00
2.070E+00	3.453E+00	8.259E-04	3.453E+00	3.454E+00	3.453E+00	3.453E+00	3.453E+00	3.454E+00
2.080E+00	3.431E+00	8.524E-04	3.431E+00	3.432E+00	3.431E+00	3.431E+00	3.431E+00	3.432E+00
2.090E+00	3.410E+00	8.790E-04	3.409E+00	3.410E+00	3.409E+00	3.410E+00	3.409E+00	3.410E+00
2.100E+00	3.388E+00	9.056E-04	3.387E+00	3.389E+00	3.388E+00	3.388E+00	3.388E+00	3.388E+00
2.110E+00	3.366E+00	9.322E-04	3.365E+00	3.367E+00	3.366E+00	3.366E+00	3.366E+00	3.366E+00
2.120E+00	3.345E+00	9.588E-04	3.344E+00	3.345E+00	3.344E+00	3.345E+00	3.344E+00	3.345E+00
2.130E+00	3.323E+00	9.854E-04	3.322E+00	3.324E+00	3.323E+00	3.323E+00	3.323E+00	3.323E+00
2.140E+00	3.302E+00	1.012E-03	3.301E+00	3.303E+00	3.301E+00	3.302E+00	3.301E+00	3.302E+00
2.150E+00	3.280E+00	1.039E-03	3.279E+00	3.281E+00	3.280E+00	3.280E+00	3.280E+00	3.280E+00
2.160E+00	3.259E+00	1.065E-03	3.258E+00	3.260E+00	3.259E+00	3.259E+00	3.259E+00	3.259E+00
2.170E+00	3.238E+00	1.092E-03	3.237E+00	3.239E+00	3.238E+00	3.238E+00	3.238E+00	3.238E+00
2.180E+00	3.217E+00	1.118E-03	3.216E+00	3.218E+00	3.217E+00	3.217E+00	3.216E+00	3.217E+00
2.190E+00	3.196E+00	1.145E-03	3.195E+00	3.197E+00	3.196E+00	3.196E+00	3.195E+00	3.196E+00
2.200E+00	3.175E+00	1.171E-03	3.174E+00	3.176E+00	3.175E+00	3.175E+00	3.175E+00	3.175E+00
2.210E+00	3.154E+00	1.197E-03	3.153E+00	3.155E+00	3.154E+00	3.154E+00	3.154E+00	3.154E+00
2.220E+00	3.133E+00	1.224E-03	3.132E+00	3.134E+00	3.133E+00	3.133E+00	3.133E+00	3.133E+00
2.230E+00	3.113E+00	1.250E-03	3.111E+00	3.114E+00	3.112E+00	3.113E+00	3.112E+00	3.113E+00
2.240E+00	3.092E+00	1.276E-03	3.091E+00	3.093E+00	3.092E+00	3.092E+00	3.092E+00	3.092E+00
2.250E+00	3.071E+00	1.302E-03	3.070E+00	3.073E+00	3.071E+00	3.072E+00	3.071E+00	3.072E+00
2.260E+00	3.051E+00	1.328E-03	3.050E+00	3.052E+00	3.051E+00	3.051E+00	3.051E+00	3.051E+00
2.270E+00	3.031E+00	1.354E-03	3.029E+00	3.032E+00	3.031E+00	3.031E+00	3.031E+00	3.031E+00
2.280E+00	3.010E+00	1.380E-03	3.009E+00	3.012E+00	3.010E+00	3.011E+00	3.010E+00	3.011E+00
2.290E+00	2.990E+00	1.405E-03	2.989E+00	2.992E+00	2.990E+00	2.990E+00	2.990E+00	2.991E+00
2.300E+00	2.970E+00	1.431E-03	2.969E+00	2.972E+00	2.970E+00	2.970E+00	2.970E+00	2.970E+00
2.310E+00	2.950E+00	1.457E-03	2.949E+00	2.952E+00	2.950E+00	2.950E+00	2.950E+00	2.951E+00
2.320E+00	2.930E+00	1.482E-03	2.929E+00	2.932E+00	2.930E+00	2.931E+00	2.930E+00	2.931E+00
2.330E+00	2.911E+00	1.507E-03	2.909E+00	2.912E+00	2.910E+00	2.911E+00	2.910E+00	2.911E+00
2.340E+00	2.891E+00	1.533E-03	2.889E+00	2.892E+00	2.891E+00	2.891E+00	2.891E+00	2.891E+00
2.350E+00	2.871E+00	1.558E-03	2.870E+00	2.873E+00	2.871E+00	2.871E+00	2.871E+00	2.872E+00
2.360E+00	2.852E+00	1.583E-03	2.850E+00	2.853E+00	2.852E+00	2.852E+00	2.852E+00	2.852E+00
2.370E+00	2.832E+00	1.607E-03	2.831E+00	2.834E+00	2.832E+00	2.832E+00	2.832E+00	2.833E+00
2.380E+00	2.813E+00	1.632E-03	2.811E+00	2.815E+00	2.813E+00	2.813E+00	2.813E+00	2.813E+00
2.390E+00	2.794E+00	1.657E-03	2.792E+00	2.795E+00	2.794E+00	2.794E+00	2.793E+00	2.794E+00
2.400E+00	2.774E+00	1.681E-03	2.773E+00	2.776E+00	2.774E+00	2.775E+00	2.774E+00	2.775E+00
2.410E+00	2.755E+00	1.706E-03	2.754E+00	2.757E+00	2.755E+00	2.756E+00	2.755E+00	2.756E+00
2.420E+00	2.736E+00	1.730E-03	2.735E+00	2.738E+00	2.736E+00	2.737E+00	2.736E+00	2.737E+00
2.430E+00	2.717E+00	1.754E-03	2.716E+00	2.719E+00	2.717E+00	2.718E+00	2.717E+00	2.718E+00
2.440E+00	2.699E+00	1.778E-03	2.697E+00	2.700E+00	2.698E+00	2.699E+00	2.698E+00	2.699E+00
2.450E+00	2.680E+00	1.801E-03	2.678E+00	2.682E+00	2.680E+00	2.680E+00	2.680E+00	2.680E+00
2.460E+00	2.661E+00	1.825E-03	2.659E+00	2.663E+00	2.661E+00	2.661E+00	2.661E+00	2.661E+00
2.470E+00	2.643E+00	1.849E-03	2.641E+00	2.644E+00	2.643E+00	2.643E+00	2.642E+00	2.643E+00
2.480E+00	2.624E+00	1.872E-03	2.622E+00	2.626E+00	2.624E+00	2.624E+00	2.624E+00	2.624E+00
2.490E+00	2.606E+00	1.895E-03	2.604E+00	2.608E+00	2.606E+00	2.606E+00	2.606E+00	2.606E+00
2.500E+00	2.587E+00	1.918E-03	2.586E+00	2.589E+00	2.587E+00	2.588E+00	2.587E+00	2.588E+00
2.510E+00	2.569E+00	1.941E-03	2.567E+00	2.571E+00	2.569E+00	2.569E+00	2.569E+00	2.569E+00
2.520E+00	2.551E+00	1.963E-03	2.549E+00	2.553E+00	2.551E+00	2.551E+00	2.551E+00	2.551E+00
2.530E+00	2.533E+00	1.986E-03	2.531E+00	2.535E+00	2.533E+00	2.533E+00	2.533E+00	2.533E+00
2.540E+00	2.515E+00	2.008E-03	2.513E+00	2.517E+00	2.515E+00	2.515E+00	2.515E+00	2.515E+00
2.550E+00	2.497E+00	2.030E-03	2.495E+00	2.499E+00	2.497E+00	2.497E+00	2.497E+00	2.498E+00
2.560E+00	2.480E+00	2.052E-03	2.478E+00	2.482E+00	2.479E+00	2.480E+00	2.479E+00	2.480E+00
2.570E+00	2.462E+00	2.074E-03	2.460E+00	2.464E+00	2.462E+00	2.462E+00	2.462E+00	2.462E+00
2.580E+00	2.444E+00	2.096E-03	2.442E+00	2.446E+00	2.444E+00	2.444E+00	2.444E+00	2.444E+00
2.590E+00	2.427E+00	2.117E-03	2.425E+00	2.429E+00	2.427E+00	2.427E+00	2.427E+00	2.427E+00
2.600E+00	2.409E+00	2.138E-03	2.407E+00	2.411E+00	2.409E+00	2.410E+00	2.409E+00	2.410E+00
2.610E+00	2.392E+00	2.159E-03	2.390E+00	2.394E+00	2.392E+00	2.392E+00	2.392E+00	2.392E+00
2.620E+00	2.375E+00	2.180E-03	2.373E+00	2.377E+00	2.375E+00	2.375E+00	2.375E+00	2.375E+00
2.630E+00	2.358E+00	2.201E-03	2.355E+00	2.360E+00	2.357E+00	2.358E+00	2.357E+00	2.358E+00
2.640E+00	2.341E+00	2.221E-03	2.338E+00	2.343E+00	2.340E+00	2.341E+00	2.340E+00	2.341E+00
2.650E+00	2.324E+00	2.242E-03	2.321E+00	2.326E+00	2.323E+00	2.324E+00	2.323E+00	2.324E+00
2.660E+00	2.307E+00	2.262E-03	2.304E+00	2.309E+00	2.307E+00	2.307E+00	2.307E+00	2.307E+00
2.670E+00	2.290E+00	2.282E-03	2.288E+00	2.292E+00	2.290E+00	2.290E+00	2.290E+00	2.290E+00
2.680E+00	2.273E+00	2.301E-03	2.271E+00	2.276E+00	2.273E+00	2.273E+00	2.273E+00	2.273E+00
2.690E+00	2.257E+00	2.321E-03	2.254E+00	2.259E+00	2.256E+00	2.257E+00	2.256E+00	2.257E+00
2.700E+00	2.240E+00	2.340E-03	2.238E+00	2.242E+00	2.240E+00	2.240E+00	2.240E+00	2.240E+00
2.710E+00	2.224E+00	2.359E-03	2.221E+00	2.226E+00	2.223E+00	2.224E+00	2.223E+00	2.224E+00
2.720E+00	2.207E+00	2.378E-03	2.205E+00	2.210E+00	2.207E+00	2.207E+00	2.207E+00	2.207E+00
2.730E+00	2.191E+00	2.397E-03	2.189E+00	2.193E+00	2.191E+00	2.191E+00	2.191E+00	2.191E+00
2.740E+00	2.175E+00	2.415E-03	2.172E+00	2.177E+00	2.175E+00	2.175E+00	2.175E+00	2.175E+00
2.750E+00	2.159E+00	2.434E-03	2.156E+00	2.161E+00	2.159E+00	2.159E+00	2.159E+00	2.159E+00
2.760E+00	2.143E+00	2.452E-03	2.140E+00	2.145E+00	2.143E+00	2.143E+00	2.143E+00	2.143E+00
2.770E+00	2.127E+00	2.470E-03	2.124E+00	2.129E+00	2.127E+00	2.127E+00	2.127E+00	2.127E+00
2.780E+00	2.111E+00	2.487E-03	2.109E+00	2.113E+00	2.111E+00	2.111E+00	2.111E+00	2.111E+00
2.790E+00	2.095E+00	2.505E-03	2.093E+00	2.098E+00	2.095E+00	2.095E+00	2.095E+00	2.095E+00
2.800E+00	2.080E+00	2.522E-03	2.077E+00	2.082E+00	2.079E+00	2.080E+00	2.079E+00	2.080E+00
2.810E+00	2.064E+00	2.539E-03	2.061E+00	2.067E+00	2.064E+00	2.064E+00	2.064E+00	2.064E+00
2.820E+00	2.049E+00	2.556E-03	2.046E+00	2.051E+00	2.048E+00	2.049E+00	2.048E+00	2.049E+00
2.830E+00	2.033E+00	2.573E-03	2.031E+00	2.036E+00	2.033E+00	2.033E+00	2.033E+00	2.033E+00
2.840E+00	2.018E+00	2.589E-03	2.015E+00	2.020E+00	2.018E+00	2.018E+00	2.018E+00	2.018E+00
2.850E+00	2.003E+00	2.605E-03	2.000E+00	2.005E+00	2.002E+00	2.003E+00	2.002E+00	2.003E+00
2.860E+00	1.987E+00	2.621E-03	1.985E+00	1.990E+00	1.987E+00	1.988E+00	1.987E+00	1.988E+00
2.870E+00	1.972E+00	2.637E-03	1.970E+00	1.975E+00	1.972E+00	1.973E+00	1.972E+00	1.973E+00
2.880E+00	1.957E+00	2.652E-03	1.955E+00	1.960E+00	1.957E+00	1.958E+00	1.957E+00	1.958E+00
2.890E+00	1.943E+00	2.668E-03	1.940E+00	1.945E+00	1.942E+00	1.943E+00	1.942E+00	1.943E+00
2.900E+00	1.928E+00	2.683E-03	1.925E+00	1.930E+00	1.928E+00	1.928E+00	1.928E+00	1.928E+00
2.910E+00	1.913E+00	2.698E-03	1.910E+00	1.916E+00	1.913E+00	1.913E+00	1.913E+00	1.913E+00
2.920E+00	1.898E+00	2.713E-03	1.896E+00	1.901E+00	1.898E+00	1.899E+00	1.898E+00	1.899E+00
2.930E+00	1.884E+00	2.727E-03	1.881E+00	1.887E+00	1.884E+00	1.884E+00	1.884E+00	1.884E+00
2.940E+00	1.869E+00	2.741E-03	1.867E+00	1.872E+00	1.869E+00	1.870E+00	1.869E+00	1.870E+00
2.950E+00	1.855E+00	2.755E-03	1.852E+00	1.858E+00	1.855E+00	1.855E+00	1.855E+00	1.855E+00
2.960E+00	1.841E+00	2.769E-03	1.838E+00	1.843E+00	1.840E+00	1.841E+00	1.840E+00	1.841E+00
2.970E+00	1.826E+00	2.783E-03	1.824E+00	1.829E+00	1.826E+00	1.827E+00	1.826E+00	1.827E+00
2.980E+00	1.812E+00	2.796E-03	1.810E+00	1.815E+00	1.812E+00	1.813E+00	1.812E+00	1.813E+00
2.990E+00	1.798E+00	2.809E-03	1.796E+00	1.801E+00	1.798E+00	1.799E+00	1.798E+00	1.798E+00
3.000E+00	1.784E+00	2.822E-03	1.782E+00	1.787E+00	1.784E+00	1.785E+00	1.784E+00	1.785E+00
