1.000E-02	8.067E+00	3.150E-03	8.070E+00	8.064E+00	8.068E+00	8.066E+00	8.067E+00	8.067E+00
2.000E-02	8.065E+00	3.128E-03	8.068E+00	8.062E+00	8.066E+00	8.064E+00	8.065E+00	8.065E+00
3.000E-02	8.063E+00	3.100E-03	8.066E+00	8.060E+00	8.064E+00	8.062E+00	8.063E+00	8.063E+00
4.000E-02	8.060E+00	3.067E-03	8.063E+00	8.057E+00	8.061E+00	8.059E+00	8.060E+00	8.060E+00
5.000E-02	8.056E+00	3.031E-03	8.059E+00	8.053E+00	8.057E+00	8.055E+00	8.056E+00	8.056E+00
6.000E-02	8.052E+00	2.992E-03	8.055E+00	8.049E+00	8.053E+00	8.051E+00	8.052E+00	8.052E+00
7.000E-02	8.047E+00	2.950E-03	8.050E+00	8.044E+00	8.048E+00	8.046E+00	8.047E+00	8.047E+00
8.000E-02	8.042E+00	2.906E-03	8.044E+00	8.039E+00	8.042E+00	8.041E+00	8.042E+00	8.042E+00
9.000E-02	8.036E+00	2.861E-03	8.039E+00	8.033E+00	8.037E+00	8.035E+00	8.036E+00	8.036E+00
1.000E-01	8.029E+00	2.814E-03	8.032E+00	8.027E+00	8.030E+00	8.029E+00	8.029E+00	8.030E+00
1.100E-01	8.023E+00	2.765E-03	8.025E+00	8.020E+00	8.024E+00	8.022E+00	8.023E+00	8.023E+00
1.200E-01	8.016E+00	2.715E-03	8.018E+00	8.013E+00	8.016E+00	8.015E+00	8.016E+00	8.016E+00
1.300E-01	8.008E+00	2.665E-03	8.010E+00	8.005E+00	8.009E+00	8.007E+00	8.008E+00	8.008E+00
1.400E-01	8.000E+00	2.613E-03	8.002E+00	7.997E+00	8.001E+00	7.999E+00	8.000E+00	8.000E+00
1.500E-01	7.991E+00	2.561E-03	7.994E+00	7.989E+00	7.992E+00	7.991E+00	7.991E+00	7.991E+00
1.600E-01	7.983E+00	2.508E-03	7.985E+00	7.980E+00	7.983E+00	7.982E+00	7.982E+00	7.983E+00
1.700E-01	7.973E+00	2.454E-03	7.976E+00	7.971E+00	7.974E+00	7.972E+00	7.973E+00	7.973E+00
1.800E-01	7.964E+00	2.400E-03	7.966E+00	7.961E+00	7.964E+00	7.963E+00	7.964E+00	7.964E+00
1.900E-01	7.954E+00	2.346E-03	7.956E+00	7.951E+00	7.954E+00	7.953E+00	7.954E+00	7.954E+00
2.000E-01	7.943E+00	2.292E-03	7.945E+00	7.941E+00	7.944E+00	7.942E+00	7.943E+00	7.943E+00
2.100E-01	7.932E+00	2.237E-03	7.935E+00	7.930E+00	7.933E+00	7.932E+00	7.932E+00	7.932E+00
2.200E-01	7.921E+00	2.183E-03	7.923E+00	7.919E+00	7.922E+00	7.921E+00	7.921E+00	7.921E+00
2.300E-01	7.910E+00	2.128E-03	7.912E+00	7.908E+00	7.911E+00	7.909E+00	7.910E+00	7.910E+00
2.400E-01	7.898E+00	2.073E-03	7.900E+00	7.896E+00	7.899E+00	7.897E+00	7.898E+00	7.898E+00
2.500E-01	7.886E+00	2.019E-03	7.888E+00	7.884E+00	7.887E+00	7.885E+00	7.886E+00	7.886E+00
2.600E-01	7.873E+00	1.965E-03	7.875E+00	7.872E+00	7.874E+00	7.873E+00	7.873E+00	7.874E+00
2.700E-01	7.861E+00	1.911E-03	7.862E+00	7.859E+00	7.862E+00	7.860E+00	7.861E+00	7.861E+00
2.800E-01	7.848E+00	1.857E-03	7.849E+00	7.846E+00	7.848E+00	7.847E+00	7.848E+00	7.848E+00
2.900E-01	7.834E+00	1.804E-03	7.836E+00	7.833E+00	7.835E+00	7.833E+00	7.834E+00	7.834E+00
3.000E-01	7.820E+00	1.752E-03	7.822E+00	7.819E+00	7.821E+00	7.820E+00	7.820E+00	7.821E+00
3.100E-01	7.806E+00	1.699E-03	7.808E+00	7.805E+00	7.807E+00	7.806E+00	7.806E+00	7.806E+00
3.200E-01	7.792E+00	1.648E-03	7.794E+00	7.791E+00	7.793E+00	7.791E+00	7.792E+00	7.792E+00
3.300E-01	7.777E+00	1.597E-03	7.779E+00	7.776E+00	7.778E+00	7.777E+00	7.777E+00	7.778E+00
3.400E-01	7.763E+00	1.547E-03	7.764E+00	7.761E+00	7.763E+00	7.762E+00	7.763E+00	7.763E+00
3.500E-01	7.747E+00	1.497E-03	7.749E+00	7.746E+00	7.748E+00	7.747E+00	7.747E+00	7.747E+00
3.600E-01	7.732E+00	1.449E-03	7.733E+00	7.731E+00	7.733E+00	7.731E+00	7.732E+00	7.732E+00
3.700E-01	7.716E+00	1.401E-03	7.717E+00	7.715E+00	7.717E+00	7.715E+00	7.716E+00	7.716E+00
3.800E-01	7.700E+00	1.354E-03	7.701E+00	7.699E+00	7.701E+00	7.699E+00	7.700E+00	7.700E+00
3.900E-01	7.684E+00	1.308E-03	7.685E+00	7.683E+00	7.685E+00	7.683E+00	7.684E+00	7.684E+00
4.000E-01	7.667E+00	1.264E-03	7.668E+00	7.666E+00	7.668E+00	7.666E+00	7.667E+00	7.667E+00
4.100E-01	7.650E+00	1.220E-03	7.651E+00	7.649E+00	7.651E+00	7.650E+00	7.650E+00	7.650E+00
4.200E-01	7.633E+00	1.178E-03	7.634E+00	7.632E+00	7.634E+00	7.633E+00	7.633E+00	7.633E+00
4.300E-01	7.616E+00	1.137E-03	7.617E+00	7.615E+00	7.617E+00	7.615E+00	7.616E+00	7.616E+00
4.400E-01	7.598E+00	1.097E-03	7.599E+00	7.598E+00	7.599E+00	7.598E+00	7.598E+00	7.599E+00
4.500E-01	7.581E+00	1.059E-03	7.581E+00	7.580E+00	7.581E+00	7.580E+00	7.581E+00	7.581E+00
4.600E-01	7.563E+00	1.022E-03	7.563E+00	7.562E+00	7.563E+00	7.562E+00	7.562E+00	7.563E+00
4.700E-01	7.544E+00	9.870E-04	7.545E+00	7.544E+00	7.545E+00	7.544E+00	7.544E+00	7.544E+00
4.800E-01	7.526E+00	9.537E-04	7.526E+00	7.525E+00	7.526E+00	7.525E+00	7.526E+00	7.526E+00
4.900E-01	7.507E+00	9.221E-04	7.507E+00	7.506E+00	7.508E+00	7.506E+00	7.507E+00	7.507E+00
5.000E-01	7.488E+00	8.924E-04	7.488E+00	7.487E+00	7.489E+00	7.487E+00	7.488E+00	7.488E+00
5.100E-01	7.469E+00	8.647E-04	7.469E+00	7.468E+00	7.470E+00	7.468E+00	7.469E+00	7.469E+00
5.200E-01	7.449E+00	8.390E-04	7.450E+00	7.449E+00	7.450E+00	7.449E+00	7.449E+00	7.449E+00
5.300E-01	7.430E+00	8.155E-04	7.430E+00	7.429E+00	7.430E+00	7.429E+00	7.430E+00	7.430E+00
5.400E-01	7.410E+00	7.941E-04	7.410E+00	7.410E+00	7.411E+00	7.409E+00	7.410E+00	7.410E+00
5.500E-01	7.390E+00	7.749E-04	7.390E+00	7.390E+00	7.390E+00	7.389E+00	7.390E+00	7.390E+00
5.600E-01	7.370E+00	7.581E-04	7.370E+00	7.369E+00	7.370E+00	7.369E+00	7.369E+00	7.370E+00
5.700E-01	7.349E+00	7.435E-04	7.349E+00	7.349E+00	7.350E+00	7.348E+00	7.349E+00	7.349E+00
5.800E-01	7.328E+00	7.312E-04	7.328E+00	7.328E+00	7.329E+00	7.328E+00	7.328E+00	7.328E+00
5.900E-01	7.307E+00	7.212E-04	7.308E+00	7.307E+00	7.308E+00	7.307E+00	7.307E+00	7.308E+00
6.000E-01	7.286E+00	7.135E-04	7.286E+00	7.286E+00	7.287E+00	7.286E+00	7.286E+00	7.287E+00
6.100E-01	7.265E+00	7.079E-04	7.265E+00	7.265E+00	7.266E+00	7.264E+00	7.265E+00	7.265E+00
6.200E-01	7.244E+00	7.044E-04	7.244E+00	7.244E+00	7.244E+00	7.243E+00	7.244E+00	7.244E+00
6.300E-01	7.222E+00	7.029E-04	7.222E+00	7.222E+00	7.223E+00	7.221E+00	7.222E+00	7.222E+00
6.400E-01	7.200E+00	7.033E-04	7.200E+00	7.200E+00	7.201E+00	7.200E+00	7.200E+00	7.200E+00
6.500E-01	7.178E+00	7.053E-04	7.178E+00	7.179E+00	7.179E+00	7.178E+00	7.178E+00	7.178E+00
6.600E-01	7.156E+00	7.090E-04	7.156E+00	7.156E+00	7.157E+00	7.156E+00	7.156E+00	7.156E+00
6.700E-01	7.134E+00	7.141E-04	7.134E+00	7.134E+00	7.135E+00	7.133E+00	7.134E+00	7.134E+00
6.800E-01	7.111E+00	7.205E-04	7.111E+00	7.112E+00	7.112E+00	7.111E+00	7.111E+00	7.112E+00
6.900E-01	7.089E+00	7.280E-04	7.089E+00	7.089E+00	7.089E+00	7.088E+00	7.089E+00	7.089E+00
7.000E-01	7.066E+00	7.364E-04	7.066E+00	7.066E+00	7.067E+00	7.065E+00	7.066E+00	7.066E+00
7.100E-01	7.043E+00	7.457E-04	7.043E+00	7.043E+00	7.044E+00	7.042E+00	7.043E+00	7.043E+00
7.200E-01	7.020E+00	7.557E-04	7.020E+00	7.020E+00	7.021E+00	7.019E+00	7.020E+00	7.020E+00
7.300E-01	6.997E+00	7.663E-04	6.996E+00	6.997E+00	6.997E+00	6.996E+00	6.996E+00	6.997E+00
7.400E-01	6.973E+00	7.773E-04	6.973E+00	6.974E+00	6.974E+00	6.973E+00	6.973E+00	6.973E+00
7.500E-01	6.950E+00	7.886E-04	6.949E+00	6.950E+00	6.950E+00	6.949E+00	6.950E+00	6.950E+00
7.600E-01	6.926E+00	8.002E-04	6.925E+00	6.926E+00	6.927E+00	6.925E+00	6.926E+00	6.926E+00
7.700E-01	6.902E+00	8.119E-04	6.902E+00	6.903E+00	6.903E+00	6.901E+00	6.902E+00	6.902E+00
7.800E-01	6.878E+00	8.236E-04	6.878E+00	6.879E+00	6.879E+00	6.877E+00	6.878E+00	6.878E+00
7.900E-01	6.854E+00	8.353E-04	6.853E+00	6.854E+00	6.855E+00	6.853E+00	6.854E+00	6.854E+00
8.000E-01	6.830E+00	8.469E-04	6.829E+00	6.830E+00	6.830E+00	6.829E+00	6.830E+00	6.830E+00
8.100E-01	6.805E+00	8.583E-04	6.805E+00	6.806E+00	6.806E+00	6.805E+00	6.805E+00	6.805E+00
8.200E-01	6.781E+00	8.696E-04	6.780E+00	6.781E+00	6.781E+00	6.780E+00	6.781E+00	6.781E+00
8.300E-01	6.756E+00	8.805E-04	6.756E+00	6.757E+00	6.757E+00	6.756E+00	6.756E+00	6.756E+00
8.400E-01	6.731E+00	8.911E-04	6.731E+00	6.732E+00	6.732E+00	6.731E+00	6.731E+00	6.732E+00
8.500E-01	6.707E+00	9.013E-04	6.706E+00	6.707E+00	6.707E+00	6.706E+00	6.706E+00	6.707E+00
8.600E-01	6.682E+00	9.112E-04	6.681E+00	6.682E+00	6.682E+00	6.681E+00	6.681E+00	6.682E+00
8.700E-01	6.656E+00	9.206E-04	6.656E+00	6.657E+00	6.657E+00	6.656E+00	6.656E+00	6.657E+00
8.800E-01	6.631E+00	9.295E-04	6.631E+00	6.632E+00	6.632E+00	6.631E+00	6.631E+00	6.631E+00
8.900E-01	6.606E+00	9.379E-04	6.605E+00	6.607E+00	6.606E+00	6.605E+00	6.606E+00	6.606E+00
9.000E-01	6.580E+00	9.458E-04	6.580E+00	6.581E+00	6.581E+00	6.580E+00	6.580E+00	6.581E+00
9.100E-01	6.555E+00	9.532E-04	6.554E+00	6.556E+00	6.556E+00	6.554E+00	6.555E+00	6.555E+00
9.200E-01	6.529E+00	9.600E-04	6.529E+00	6.530E+00	6.530E+00	6.529E+00	6.529E+00	6.529E+00
9.300E-01	6.504E+00	9.662E-04	6.503E+00	6.504E+00	6.504E+00	6.503E+00	6.503E+00	6.504E+00
9.400E-01	6.478E+00	9.719E-04	6.477E+00	6.479E+00	6.478E+00	6.477E+00	6.478E+00	6.478E+00
9.500E-01	6.452E+00	9.769E-04	6.451E+00	6.453E+00	6.452E+00	6.451E+00	6.452E+00	6.452E+00
9.600E-01	6.426E+00	9.813E-04	6.425E+00	6.427E+00	6.426E+00	6.425E+00	6.426E+00	6.426E+00
9.700E-01	6.400E+00	9.851E-04	6.399E+00	6.401E+00	6.400E+00	6.399E+00	6.400E+00	6.400E+00
9.800E-01	6.374E+00	9.883E-04	6.373E+00	6.374E+00	6.374E+00	6.373E+00	6.373E+00	6.374E+00
9.900E-01	6.347E+00	9.909E-04	6.347E+00	6.348E+00	6.348E+00	6.347E+00	6.347E+00	6.348E+00
1.000E+00	6.321E+00	9.928E-04	6.320E+00	6.322E+00	6.322E+00	6.321E+00	6.321E+00	6.321E+00
1.010E+00	6.295E+00	9.940E-04	6.294E+00	6.295E+00	6.295E+00	6.294E+00	6.294E+00	6.295E+00
1.020E+00	6.268E+00	9.947E-04	6.267E+00	6.269E+00	6.269E+00	6.268E+00	6.268E+00	6.268E+00
1.030E+00	6.242E+00	9.946E-04	6.241E+00	6.242E+00	6.242E+00	6.241E+00	6.241E+00	6.242E+00
1.040E+00	6.215E+00	9.939E-04	6.214E+00	6.216E+00	6.215E+00	6.214E+00	6.215E+00	6.215E+00
1.050E+00	6.188E+00	9.926E-04	6.187E+00	6.189E+00	6.189E+00	6.188E+00	6.188E+00	6.188E+00
1.060E+00	6.161E+00	9.906E-04	6.161E+00	6.162E+00	6.162E+00	6.161E+00	6.161E+00	6.162E+00
1.070E+00	6.135E+00	9.880E-04	6.134E+00	6.135E+00	6.135E+00	6.134E+00	6.134E+00	6.135E+00
1.080E+00	6.108E+00	9.847E-04	6.107E+00	6.109E+00	6.108E+00	6.107E+00	6.108E+00	6.108E+00
1.090E+00	6.081E+00	9.808E-04	6.080E+00	6.082E+00	6.081E+00	6.080E+00	6.081E+00	6.081E+00
1.100E+00	6.054E+00	9.763E-04	6.053E+00	6.055E+00	6.054E+00	6.053E+00	6.054E+00	6.054E+00
1.110E+00	6.027E+00	9.711E-04	6.026E+00	6.028E+00	6.027E+00	6.026E+00	6.027E+00	6.027E+00
1.120E+00	6.000E+00	9.653E-04	5.999E+00	6.000E+00	6.000E+00	5.999E+00	5.999E+00	6.000E+00
1.130E+00	5.973E+00	9.588E-04	5.972E+00	5.973E+00	5.973E+00	5.972E+00	5.972E+00	5.973E+00
1.140E+00	5.945E+00	9.518E-04	5.944E+00	5.946E+00	5.946E+00	5.945E+00	5.945E+00	5.946E+00
1.150E+00	5.918E+00	9.441E-04	5.917E+00	5.919E+00	5.918E+00	5.918E+00	5.918E+00	5.918E+00
1.160E+00	5.891E+00	9.358E-04	5.890E+00	5.892E+00	5.891E+00	5.890E+00	5.891E+00	5.891E+00
1.170E+00	5.863E+00	9.269E-04	5.863E+00	5.864E+00	5.864E+00	5.863E+00	5.863E+00	5.864E+00
1.180E+00	5.836E+00	9.175E-04	5.835E+00	5.837E+00	5.836E+00	5.836E+00	5.836E+00	5.836E+00
1.190E+00	5.809E+00	9.075E-04	5.808E+00	5.809E+00	5.809E+00	5.808E+00	5.808E+00	5.809E+00
1.200E+00	5.781E+00	8.969E-04	5.780E+00	5.782E+00	5.782E+00	5.781E+00	5.781E+00	5.781E+00
1.210E+00	5.754E+00	8.857E-04	5.753E+00	5.755E+00	5.754E+00	5.753E+00	5.754E+00	5.754E+00
1.220E+00	5.726E+00	8.740E-04	5.726E+00	5.727E+00	5.727E+00	5.726E+00	5.726E+00	5.726E+00
1.230E+00	5.699E+00	8.617E-04	5.698E+00	5.699E+00	5.699E+00	5.698E+00	5.698E+00	5.699E+00
1.240E+00	5.671E+00	8.490E-04	5.670E+00	5.672E+00	5.672E+00	5.671E+00	5.671E+00	5.671E+00
1.250E+00	5.644E+00	8.357E-04	5.643E+00	5.644E+00	5.644E+00	5.643E+00	5.643E+00	5.644E+00
1.260E+00	5.616E+00	8.219E-04	5.615E+00	5.617E+00	5.616E+00	5.616E+00	5.616E+00	5.616E+00
1.270E+00	5.588E+00	8.076E-04	5.588E+00	5.589E+00	5.589E+00	5.588E+00	5.588E+00	5.589E+00
1.280E+00	5.561E+00	7.929E-04	5.560E+00	5.561E+00	5.561E+00	5.560E+00	5.560E+00	5.561E+00
1.290E+00	5.533E+00	7.777E-04	5.532E+00	5.534E+00	5.533E+00	5.533E+00	5.533E+00	5.533E+00
1.300E+00	5.505E+00	7.621E-04	5.505E+00	5.506E+00	5.506E+00	5.505E+00	5.505E+00	5.506E+00
1.310E+00	5.478E+00	7.461E-04	5.477E+00	5.478E+00	5.478E+00	5.477E+00	5.477E+00	5.478E+00
1.320E+00	5.450E+00	7.296E-04	5.449E+00	5.451E+00	5.450E+00	5.450E+00	5.450E+00	5.450E+00
1.330E+00	5.422E+00	7.129E-04	5.422E+00	5.423E+00	5.423E+00	5.422E+00	5.422E+00	5.423E+00
1.340E+00	5.395E+00	6.957E-04	5.394E+00	5.395E+00	5.395E+00	5.394E+00	5.394E+00	5.395E+00
1.350E+00	5.367E+00	6.783E-04	5.366E+00	5.367E+00	5.367E+00	5.367E+00	5.367E+00	5.367E+00
1.360E+00	5.339E+00	6.606E-04	5.339E+00	5.340E+00	5.340E+00	5.339E+00	5.339E+00	5.339E+00
1.370E+00	5.312E+00	6.426E-04	5.311E+00	5.312E+00	5.312E+00	5.311E+00	5.311E+00	5.312E+00
1.380E+00	5.284E+00	6.244E-04	5.283E+00	5.284E+00	5.284E+00	5.283E+00	5.284E+00	5.284E+00
1.390E+00	5.256E+00	6.060E-04	5.256E+00	5.257E+00	5.256E+00	5.256E+00	5.256E+00	5.256E+00
1.400E+00	5.228E+00	5.875E-04	5.228E+00	5.229E+00	5.229E+00	5.228E+00	5.228E+00	5.229E+00
1.410E+00	5.201E+00	5.689E-04	5.200E+00	5.201E+00	5.201E+00	5.200E+00	5.200E+00	5.201E+00
1.420E+00	5.173E+00	5.503E-04	5.173E+00	5.173E+00	5.173E+00	5.173E+00	5.173E+00	5.173E+00
1.430E+00	5.145E+00	5.318E-04	5.145E+00	5.146E+00	5.146E+00	5.145E+00	5.145E+00	5.146E+00
1.440E+00	5.118E+00	5.134E-04	5.117E+00	5.118E+00	5.118E+00	5.117E+00	5.117E+00	5.118E+00
1.450E+00	5.090E+00	4.952E-04	5.090E+00	5.090E+00	5.090E+00	5.090E+00	5.090E+00	5.090E+00
1.460E+00	5.062E+00	4.773E-04	5.062E+00	5.063E+00	5.063E+00	5.062E+00	5.062E+00	5.063E+00
1.470E+00	5.035E+00	4.598E-04	5.034E+00	5.035E+00	5.035E+00	5.034E+00	5.034E+00	5.035E+00
1.480E+00	5.007E+00	4.429E-04	5.007E+00	5.007E+00	5.007E+00	5.007E+00	5.007E+00	5.007E+00
1.490E+00	4.980E+00	4.267E-04	4.979E+00	4.980E+00	4.980E+00	4.979E+00	4.979E+00	4.980E+00
1.500E+00	4.952E+00	4.114E-04	4.952E+00	4.952E+00	4.952E+00	4.952E+00	4.952E+00	4.952E+00
1.510E+00	4.924E+00	3.971E-04	4.924E+00	4.925E+00	4.925E+00	4.924E+00	4.924E+00	4.925E+00
1.520E+00	4.897E+00	3.840E-04	4.897E+00	4.897E+00	4.897E+00	4.897E+00	4.897E+00	4.897E+00
1.530E+00	4.869E+00	3.725E-04	4.869E+00	4.870E+00	4.870E+00	4.869E+00	4.869E+00	4.870E+00
1.540E+00	4.842E+00	3.626E-04	4.842E+00	4.842E+00	4.842E+00	4.842E+00	4.842E+00	4.842E+00
1.550E+00	4.815E+00	3.546E-04	4.814E+00	4.815E+00	4.815E+00	4.814E+00	4.814E+00	4.815E+00
1.560E+00	4.787E+00	3.488E-04	4.787E+00	4.787E+00	4.787E+00	4.787E+00	4.787E+00	4.787E+00
1.570E+00	4.760E+00	3.453E-04	4.760E+00	4.760E+00	4.760E+00	4.760E+00	4.759E+00	4.760E+00
1.580E+00	4.732E+00	3.443E-04	4.732E+00	4.732E+00	4.733E+00	4.732E+00	4.732E+00	4.733E+00
1.590E+00	4.705E+00	3.459E-04	4.705E+00	4.705E+00	4.705E+00	4.705E+00	4.705E+00	4.705E+00
1.600E+00	4.678E+00	3.502E-04	4.678E+00	4.678E+00	4.678E+00	4.678E+00	4.678E+00	4.678E+00
1.610E+00	4.651E+00	3.570E-04	4.651E+00	4.650E+00	4.651E+00	4.650E+00	4.650E+00	4.651E+00
1.620E+00	4.623E+00	3.664E-04	4.624E+00	4.623E+00	4.624E+00	4.623E+00	4.623E+00	4.624E+00
1.630E+00	4.596E+00	3.782E-04	4.596E+00	4.596E+00	4.596E+00	4.596E+00	4.596E+00	4.597E+00
1.640E+00	4.569E+00	3.922E-04	4.569E+00	4.569E+00	4.569E+00	4.569E+00	4.569E+00	4.569E+00
1.650E+00	4.542E+00	4.084E-04	4.542E+00	4.542E+00	4.542E+00	4.542E+00	4.542E+00	4.542E+00
1.660E+00	4.515E+00	4.264E-04	4.515E+00	4.515E+00	4.515E+00	4.515E+00	4.515E+00	4.515E+00
1.670E+00	4.488E+00	4.461E-04	4.488E+00	4.488E+00	4.488E+00	4.488E+00	4.488E+00	4.488E+00
1.680E+00	4.461E+00	4.673E-04	4.461E+00	4.461E+00	4.461E+00	4.461E+00	4.461E+00	4.461E+00
1.690E+00	4.434E+00	4.900E-04	4.435E+00	4.434E+00	4.434E+00	4.434E+00	4.434E+00	4.435E+00
1.700E+00	4.407E+00	5.138E-04	4.408E+00	4.407E+00	4.408E+00	4.407E+00	4.407E+00	4.408E+00
1.710E+00	4.381E+00	5.387E-04	4.381E+00	4.380E+00	4.381E+00	4.381E+00	4.380E+00	4.381E+00
1.720E+00	4.354E+00	5.647E-04	4.354E+00	4.353E+00	4.354E+00	4.354E+00	4.354E+00	4.354E+00
1.730E+00	4.327E+00	5.914E-04	4.328E+00	4.327E+00	4.327E+00	4.327E+00	4.327E+00	4.328E+00
1.740E+00	4.301E+00	6.190E-04	4.301E+00	4.300E+00	4.301E+00	4.301E+00	4.300E+00	4.301E+00
1.750E+00	4.274E+00	6.473E-04	4.275E+00	4.274E+00	4.274E+00	4.274E+00	4.274E+00	4.274E+00
1.760E+00	4.248E+00	6.762E-04	4.248E+00	4.247E+00	4.248E+00	4.247E+00	4.247E+00	4.248E+00
1.770E+00	4.221E+00	7.056E-04	4.222E+00	4.221E+00	4.221E+00	4.221E+00	4.221E+00	4.221E+00
1.780E+00	4.195E+00	7.356E-04	4.195E+00	4.194E+00	4.195E+00	4.195E+00	4.194E+00	4.195E+00
1.790E+00	4.168E+00	7.660E-04	4.169E+00	4.168E+00	4.169E+00	4.168E+00	4.168E+00	4.169E+00
1.800E+00	4.142E+00	7.968E-04	4.143E+00	4.141E+00	4.142E+00	4.142E+00	4.142E+00	4.142E+00
1.810E+00	4.116E+00	8.281E-04	4.117E+00	4.115E+00	4.116E+00	4.116E+00	4.116E+00	4.116E+00
1.820E+00	4.090E+00	8.596E-04	4.091E+00	4.089E+00	4.090E+00	4.090E+00	4.090E+00	4.090E+00
1.830E+00	4.064E+00	8.915E-04	4.065E+00	4.063E+00	4.064E+00	4.064E+00	4.063E+00	4.064E+00
1.840E+00	4.038E+00	9.236E-04	4.039E+00	4.037E+00	4.038E+00	4.038E+00	4.037E+00	4.038E+00
1.850E+00	4.012E+00	9.560E-04	4.013E+00	4.011E+00	4.012E+00	4.012E+00	4.011E+00	4.012E+00
1.860E+00	3.986E+00	9.886E-04	3.987E+00	3.985E+00	3.986E+00	3.986E+00	3.986E+00	3.986E+00
1.870E+00	3.960E+00	1.021E-03	3.961E+00	3.959E+00	3.960E+00	3.960E+00	3.960E+00	3.960E+00
1.880E+00	3.934E+00	1.054E-03	3.935E+00	3.933E+00	3.934E+00	3.934E+00	3.934E+00	3.935E+00
1.890E+00	3.909E+00	1.088E-03	3.910E+00	3.908E+00	3.909E+00	3.909E+00	3.908E+00	3.909E+00
1.900E+00	3.883E+00	1.121E-03	3.884E+00	3.882E+00	3.883E+00	3.883E+00	3.883E+00	3.883E+00
1.910E+00	3.858E+00	1.154E-03	3.859E+00	3.857E+00	3.858E+00	3.858E+00	3.857E+00	3.858E+00
1.920E+00	3.832E+00	1.188E-03	3.833E+00	3.831E+00	3.832E+00	3.832E+00	3.832E+00	3.832E+00
1.930E+00	3.807E+00	1.222E-03	3.808E+00	3.806E+00	3.807E+00	3.807E+00	3.806E+00	3.807E+00
1.940E+00	3.782E+00	1.255E-03	3.783E+00	3.780E+00	3.782E+00	3.781E+00	3.781E+00	3.782E+00
1.950E+00	3.756E+00	1.289E-03	3.758E+00	3.755E+00	3.756E+00	3.756E+00	3.756E+00	3.757E+00
1.960E+00	3.731E+00	1.323E-03	3.732E+00	3.730E+00	3.731E+00	3.731E+00	3.731E+00	3.731E+00
1.970E+00	3.706E+00	1.357E-03	3.707E+00	3.705E+00	3.706E+00	3.706E+00	3.706E+00	3.706E+00
1.980E+00	3.681E+00	1.391E-03	3.682E+00	3.680E+00	3.681E+00	3.681E+00	3.681E+00	3.681E+00
1.990E+00	3.656E+00	1.425E-03	3.658E+00	3.655E+00	3.656E+00	3.656E+00	3.656E+00	3.656E+00
2.000E+00	3.631E+00	1.459E-03	3.633E+00	3.630E+00	3.631E+00	3.631E+00	3.631E+00	3.632E+00
2.010E+00	3.607E+00	1.493E-03	3.608E+00	3.605E+00	3.607E+00	3.607E+00	3.606E+00	3.607E+00
2.020E+00	3.582E+00	1.527E-03	3.583E+00	3.580E+00	3.582E+00	3.582E+00	3.582E+00	3.582E+00
2.030E+00	3.557E+00	1.561E-03	3.559E+00	3.556E+00	3.557E+00	3.557E+00	3.557E+00	3.558E+00
2.040E+00	3.533E+00	1.595E-03	3.534E+00	3.531E+00	3.533E+00	3.533E+00	3.533E+00	3.533E+00
2.050E+00	3.508E+00	1.629E-03	3.510E+00	3.507E+00	3.508E+00	3.508E+00	3.508E+00	3.509E+00
2.060E+00	3.484E+00	1.663E-03	3.486E+00	3.483E+00	3.484E+00	3.484E+00	3.484E+00	3.484E+00
2.070E+00	3.460E+00	1.697E-03	3.462E+00	3.458E+00	3.460E+00	3.460E+00	3.460E+00	3.460E+00
2.080E+00	3.436E+00	1.730E-03	3.437E+00	3.434E+00	3.436E+00	3.436E+00	3.435E+00	3.436E+00
2.090E+00	3.412E+00	1.764E-03	3.413E+00	3.410E+00	3.412E+00	3.412E+00	3.411E+00	3.412E+00
2.100E+00	3.388E+00	1.798E-03	3.389E+00	3.386E+00	3.388E+00	3.388E+00	3.387E+00	3.388E+00
2.110E+00	3.364E+00	1.831E-03	3.366E+00	3.362E+00	3.364E+00	3.364E+00	3.363E+00	3.364E+00
2.120E+00	3.340E+00	1.865E-03	3.342E+00	3.338E+00	3.340E+00	3.340E+00	3.340E+00	3.340E+00
2.130E+00	3.316E+00	1.898E-03	3.318E+00	3.314E+00	3.316E+00	3.316E+00	3.316E+00	3.317E+00
2.140E+00	3.293E+00	1.931E-03	3.295E+00	3.291E+00	3.293E+00	3.293E+00	3.292E+00	3.293E+00
2.150E+00	3.269E+00	1.964E-03	3.271E+00	3.267E+00	3.269E+00	3.269E+00	3.269E+00	3.269E+00
2.160E+00	3.246E+00	1.997E-03	3.248E+00	3.244E+00	3.246E+00	3.246E+00	3.245E+00	3.246E+00
2.170E+00	3.222E+00	2.030E-03	3.224E+00	3.220E+00	3.222E+00	3.222E+00	3.222E+00	3.223E+00
2.180E+00	3.199E+00	2.063E-03	3.201E+00	3.197E+00	3.199E+00	3.199E+00	3.199E+00	3.199E+00
2.190E+00	3.176E+00	2.095E-03	3.178E+00	3.174E+00	3.176E+00	3.176E+00	3.176E+00	3.176E+00
2.200E+00	3.153E+00	2.128E-03	3.155E+00	3.151E+00	3.153E+00	3.153E+00	3.153E+00	3.153E+00
2.210E+00	3.130E+00	2.160E-03	3.132E+00	3.128E+00	3.130E+00	3.130E+00	3.130E+00	3.130E+00
2.220E+00	3.107E+00	2.192E-03	3.109E+00	3.105E+00	3.107E+00	3.107E+00	3.107E+00	3.107E+00
2.230E+00	3.084E+00	2.224E-03	3.086E+00	3.082E+00	3.084E+00	3.084E+00	3.084E+00	3.085E+00
2.240E+00	3.061E+00	2.256E-03	3.064E+00	3.059E+00	3.061E+00	3.062E+00	3.061E+00	3.062E+00
2.250E+00	3.039E+00	2.288E-03	3.041E+00	3.037E+00	3.039E+00	3.039E+00	3.039E+00	3.039E+00
2.260E+00	3.016E+00	2.319E-03	3.019E+00	3.014E+00	3.016E+00	3.016E+00	3.016E+00	3.017E+00
2.270E+00	2.994E+00	2.350E-03	2.996E+00	2.992E+00	2.994E+00	2.994E+00	2.994E+00	2.994E+00
2.280E+00	2.972E+00	2.381E-03	2.974E+00	2.969E+00	2.972E+00	2.972E+00	2.971E+00	2.972E+00
2.290E+00	2.949E+00	2.412E-03	2.952E+00	2.947E+00	2.949E+00	2.950E+00	2.949E+00	2.950E+00
2.300E+00	2.927E+00	2.443E-03	2.930E+00	2.925E+00	2.927E+00	2.927E+00	2.927E+00	2.928E+00
2.310E+00	2.905E+00	2.473E-03	2.908E+00	2.903E+00	2.905E+00	2.905E+00	2.905E+00	2.906E+00
2.320E+00	2.883E+00	2.503E-03	2.886E+00	2.881E+00	2.883E+00	2.883E+00	2.883E+00	2.884E+00
2.330E+00	2.862E+00	2.533E-03	2.864E+00	2.859E+00	2.862E+00	2.862E+00	2.861E+00	2.862E+00
2.340E+00	2.840E+00	2.563E-03	2.842E+00	2.837E+00	2.840E+00	2.840E+00	2.840E+00	2.840E+00
2.350E+00	2.818E+00	2.593E-03	2.821E+00	2.816E+00	2.818E+00	2.818E+00	2.818E+00	2.819E+00
2.360E+00	2.797E+00	2.622E-03	2.799E+00	2.794E+00	2.797E+00	2.797E+00	2.796E+00	2.797E+00
2.370E+00	2.775E+00	2.651E-03	2.778E+00	2.773E+00	2.775E+00	2.775E+00	2.775E+00	2.776E+00
2.380E+00	2.754E+00	2.680E-03	2.757E+00	2.751E+00	2.754E+00	2.754E+00	2.754E+00	2.754E+00
2.390E+00	2.733E+00	2.709E-03	2.735E+00	2.730E+00	2.733E+00	2.733E+00	2.732E+00	2.733E+00
2.400E+00	2.712E+00	2.737E-03	2.714E+00	2.709E+00	2.712E+00	2.712E+00	2.711E+00	2.712E+00
2.410E+00	2.691E+00	2.765E-03	2.693E+00	2.688E+00	2.691E+00	2.691E+00	2.690E+00	2.691E+00
2.420E+00	2.670E+00	2.793E-03	2.673E+00	2.667E+00	2.670E+00	2.670E+00	2.669E+00	2.670E+00
2.430E+00	2.649E+00	2.820E-03	2.652E+00	2.646E+00	2.649E+00	2.649E+00	2.649E+00	2.649E+00
2.440E+00	2.628E+00	2.848E-03	2.631E+00	2.625E+00	2.628E+00	2.628E+00	2.628E+00	2.629E+00
2.450E+00	2.608E+00	2.875E-03	2.610E+00	2.605E+00	2.608E+00	2.608E+00	2.607E+00	2.608E+00
2.460E+00	2.587E+00	2.902E-03	2.590E+00	2.584E+00	2.587E+00	2.587E+00	2.587E+00	2.587E+00
2.470E+00	2.567E+00	2.928E-03	2.570E+00	2.564E+00	2.567E+00	2.567E+00	2.566E+00	2.567E+00
2.480E+00	2.546E+00	2.955E-03	2.549E+00	2.543E+00	2.546E+00	2.547E+00	2.546E+00	2.547E+00
2.490E+00	2.526E+00	2.980E-03	2.529E+00	2.523E+00	2.526E+00	2.526E+00	2.526E+00	2.527E+00
2.500E+00	2.506E+00	3.006E-03	2.509E+00	2.503E+00	2.506E+00	2.506E+00	2.506E+00	2.506E+00
2.510E+00	2.486E+00	3.032E-03	2.489E+00	2.483E+00	2.486E+00	2.486E+00	2.486E+00	2.486E+00
2.520E+00	2.466E+00	3.057E-03	2.469E+00	2.463E+00	2.466E+00	2.466E+00	2.466E+00	2.467E+00
2.530E+00	2.446E+00	3.082E-03	2.450E+00	2.443E+00	2.446E+00	2.447E+00	2.446E+00	2.447E+00
2.540E+00	2.427E+00	3.106E-03	2.430E+00	2.424E+00	2.427E+00	2.427E+00	2.426E+00	2.427E+00
2.550E+00	2.407E+00	3.130E-03	2.410E+00	2.404E+00	2.407E+00	2.407E+00	2.407E+00	2.408E+00
2.560E+00	2.388E+00	3.154E-03	2.391E+00	2.385E+00	2.388E+00	2.388E+00	2.387E+00	2.388E+00
2.570E+00	2.368E+00	3.178E-03	2.372E+00	2.365E+00	2.368E+00	2.369E+00	2.368E+00	2.369E+00
2.580E+00	2.349E+00	3.201E-03	2.352E+00	2.346E+00	2.349E+00	2.349E+00	2.349E+00	2.349E+00
2.590E+00	2.330E+00	3.224E-03	2.333E+00	2.327E+00	2.330E+00	2.330E+00	2.330E+00	2.330E+00
2.600E+00	2.311E+00	3.247E-03	2.314E+00	2.308E+00	2.311E+00	2.311E+00	2.311E+00	2.311E+00
2.610E+00	2.292E+00	3.270E-03	2.295E+00	2.289E+00	2.292E+00	2.292E+00	2.292E+00	2.292E+00
2.620E+00	2.273E+00	3.292E-03	2.276E+00	2.270E+00	2.273E+00	2.273E+00	2.273E+00	2.273E+00
2.630E+00	2.254E+00	3.314E-03	2.258E+00	2.251E+00	2.254E+00	2.255E+00	2.254E+00	2.255E+00
2.640E+00	2.236E+00	3.335E-03	2.239E+00	2.232E+00	2.236E+00	2.236E+00	2.235E+00	2.236E+00
2.650E+00	2.217E+00	3.356E-03	2.221E+00	2.214E+00	2.217E+00	2.217E+00	2.217E+00	2.218E+00
2.660E+00	2.199E+00	3.377E-03	2.202E+00	2.195E+00	2.199E+00	2.199E+00	2.198E+00	2.199E+00
2.670E+00	2.180E+00	3.398E-03	2.184E+00	2.177E+00	2.180E+00	2.181E+00	2.180E+00	2.181E+00
2.680E+00	2.162E+00	3.418E-03	2.166E+00	2.159E+00	2.162E+00	2.162E+00	2.162E+00	2.163E+00
2.690E+00	2.144E+00	3.438E-03	2.148E+00	2.141E+00	2.144E+00	2.144E+00	2.144E+00	2.144E+00
2.700E+00	2.126E+00	3.458E-03	2.130E+00	2.123E+00	2.126E+00	2.126E+00	2.126E+00	2.126E+00
2.710E+00	2.108E+00	3.477E-03	2.112E+00	2.105E+00	2.108E+00	2.108E+00	2.108E+00	2.109E+00
2.720E+00	2.090E+00	3.496E-03	2.094E+00	2.087E+00	2.090E+00	2.091E+00	2.090E+00	2.091E+00
2.730E+00	2.073E+00	3.515E-03	2.076E+00	2.069E+00	2.073E+00	2.073E+00	2.072E+00	2.073E+00
2.740E+00	2.055E+00	3.533E-03	2.059E+00	2.052E+00	2.055E+00	2.055E+00	2.055E+00	2.055E+00
2.750E+00	2.038E+00	3.551E-03	2.041E+00	2.034E+00	2.037E+00	2.038E+00	2.037E+00	2.038E+00
2.760E+00	2.020E+00	3.569E-03	2.024E+00	2.017E+00	2.020E+00	2.020E+00	2.020E+00	2.021E+00
2.770E+00	2.003E+00	3.586E-03	2.007E+00	1.999E+00	2.003E+00	2.003E+00	2.003E+00	2.003E+00
2.780E+00	1.986E+00	3.603E-03	1.989E+00	1.982E+00	1.986E+00	1.986E+00	1.985E+00	1.986E+00
2.790E+00	1.969E+00	3.620E-03	1.972E+00	1.965E+00	1.969E+00	1.969E+00	1.968E+00	1.969E+00
2.800E+00	1.952E+00	3.636E-03	1.955E+00	1.948E+00	1.952E+00	1.952E+00	1.951E+00	1.952E+00
2.810E+00	1.935E+00	3.652E-03	1.939E+00	1.931E+00	1.935E+00	1.935E+00	1.935E+00	1.935E+00
2.820E+00	1.918E+00	3.668E-03	1.922E+00	1.914E+00	1.918E+00	1.918E+00	1.918E+00	1.918E+00
2.830E+00	1.901E+00	3.683E-03	1.905E+00	1.898E+00	1.901E+00	1.902E+00	1.901E+00	1.902E+00
2.840E+00	1.885E+00	3.698E-03	1.889E+00	1.881E+00	1.885E+00	1.885E+00	1.885E+00	1.885E+00
2.850E+00	1.868E+00	3.713E-03	1.872E+00	1.865E+00	1.868E+00	1.869E+00	1.868E+00	1.869E+00
2.860E+00	1.852E+00	3.727E-03	1.856E+00	1.848E+00	1.852E+00	1.852E+00	1.852E+00	1.852E+00
2.870E+00	1.836E+00	3.742E-03	1.840E+00	1.832E+00	1.836E+00	1.836E+00	1.836E+00	1.836E+00
2.880E+00	1.820E+00	3.755E-03	1.823E+00	1.816E+00	1.820E+00	1.820E+00	1.819E+00	1.820E+00
2.890E+00	1.804E+00	3.769E-03	1.807E+00	1.800E+00	1.804E+00	1.804E+00	1.803E+00	1.804E+00
2.900E+00	1.788E+00	3.782E-03	1.792E+00	1.784E+00	1.788E+00	1.788E+00	1.787E+00	1.788E+00
2.910E+00	1.772E+00	3.794E-03	1.776E+00	1.768E+00	1.772E+00	1.772E+00	1.772E+00	1.772E+00
2.920E+00	1.756E+00	3.807E-03	1.760E+00	1.752E+00	1.756E+00	1.756E+00	1.756E+00	1.756E+00
2.930E+00	1.741E+00	3.819E-03	1.744E+00	1.737E+00	1.740E+00	1.741E+00	1.740E+00	1.741E+00
2.940E+00	1.725E+00	3.831E-03	1.729E+00	1.721E+00	1.725E+00	1.725E+00	1.725E+00	1.725E+00
2.950E+00	1.710E+00	3.842E-03	1.713E+00	1.706E+00	1.709E+00	1.710E+00	1.709E+00	1.710E+00
2.960E+00	1.694E+00	3.853E-03	1.698E+00	1.690E+00	1.694E+00	1.694E+00	1.694E+00	1.695E+00
2.970E+00	1.679E+00	3.864E-03	1.683E+00	1.675E+00	1.679E+00	1.679E+00	1.679E+00	1.679E+00
2.980E+00	1.664E+00	3.874E-03	1.668E+00	1.660E+00	1.664E+00	1.664E+00	1.664E+00	1.664E+00
2.990E+00	1.649E+00	3.885E-03	1.653E+00	1.645E+00	1.649E+00	1.649E+00	1.649E+00	1.649E+00
3.000E+00	1.634E+00	3.894E-03	1.638E+00	1.630E+00	1.634E+00	1.634E+00	1.634E+00	1.634E+00
