EXPeriment  = ATLAS
REaction    = p p --> l+ l- X
sqrt(s)	    = 8 TeV
Author	    = 
Reference   = EPJC 76 (2016) 291

m_ll: [66, 116] GeV

sigma: 537.10 pb
stat: 0.03%
detector: 0.40%
background: 0.06%
model: 0.19%
total_syst: 0.45%

1/sigma*dsigma/dpT Born-level

    pT_l (GeV)	pT_u (GeV)	1/sig*dsig/dpT		stat.(%)	syst_uncor(%)	syst_cor(%)	|y_ll|_l	|y_ll|_u
      		   		(pb/GeV**2/nucleon)	error

	0.0	2.0		2.704E-02		0.3		0.2		0.7		0.0		0.4
	2.0	4.0		5.569E-02		0.2		0.1		0.3		0.0		0.4
	4.0	6.0		5.571E-02		0.2		0.1		0.4		0.0		0.4
	6.0	8.0		4.883E-02		0.2		0.1		0.3		0.0		0.4
	8.0	10.0		4.086E-02		0.3		0.1		0.4		0.0		0.4
	10.0	13.0		3.251E-02		0.2		0.1		0.2		0.0		0.4
	13.0	16.0		2.505E-02		0.3		0.1		0.2		0.0		0.4
	16.0	20.0		1.892E-02		0.2		0.1		0.2		0.0		0.4
	20.0	25.0		1.365E-02		0.2		0.1		0.2		0.0		0.4
	25.0	30.0		9.728E-03		0.3		0.1		0.2		0.0		0.4
	30.0	37.0		6.840E-03		0.3		0.1		0.2		0.0		0.4
	37.0	45.0		4.609E-03		0.3		0.1		0.2		0.0		0.4
	45.0	55.0		3.033E-03		0.3		0.1		0.3		0.0		0.4
	55.0	65.0		1.932E-03		0.4		0.2		0.4		0.0		0.4
	65.0	75.0		1.287E-03		0.5		0.2		0.4		0.0		0.4
	75.0	85.0		8.569E-04		0.7		0.3		0.5		0.0		0.4
	85.0	105.0		4.927E-04		0.6		0.2		0.4		0.0		0.4
	105.0	150.0		1.884E-04		0.6		0.2		0.4		0.0		0.4
	150.0	200.0		5.399E-05		1.1		0.4		0.5		0.0		0.4
	200.0	900.0		2.284E-06		1.4		0.4		0.8		0.0		0.4
	0.0	2.0		2.690E-02		0.3		0.2		0.8		0.4		0.8
	2.0	4.0		5.575E-02		0.2		0.1		0.3		0.4		0.8
	4.0	6.0		5.642E-02		0.2		0.1		0.3		0.4		0.8
	6.0	8.0		4.922E-02		0.3		0.1		0.4		0.4		0.8
	8.0	10.0		4.071E-02		0.3		0.1		0.4		0.4		0.8
	10.0	13.0		3.256E-02		0.2		0.1		0.2		0.4		0.8
	13.0	16.0		2.501E-02		0.3		0.1		0.2		0.4		0.8
	16.0	20.0		1.894E-02		0.3		0.1		0.2		0.4		0.8
	20.0	25.0		1.359E-02		0.3		0.1		0.2		0.4		0.8
	25.0	30.0		9.719E-03		0.3		0.1		0.2		0.4		0.8
	30.0	37.0		6.763E-03		0.3		0.1		0.2		0.4		0.8
	37.0	45.0		4.589E-03		0.3		0.1		0.3		0.4		0.8
	45.0	55.0		2.984E-03		0.4		0.1		0.3		0.4		0.8
	55.0	65.0		1.926E-03		0.4		0.2		0.4		0.4		0.8
	65.0	75.0		1.283E-03		0.6		0.2		0.5		0.4		0.8
	75.0	85.0		8.633E-04		0.7		0.3		0.5		0.4		0.8
	85.0	105.0		4.858E-04		0.6		0.2		0.5		0.4		0.8
	105.0	150.0		1.874E-04		0.6		0.2		0.5		0.4		0.8
	150.0	200.0		5.303E-05		1.1		0.4		0.7		0.4		0.8
	200.0	900.0		2.145E-06		1.4		0.4		1.0		0.4		0.8
	0.0	2.0		2.711E-02		0.4		0.2		0.6		0.8		1.2
	2.0	4.0		5.611E-02		0.2		0.1		0.3		0.8		1.2
	4.0	6.0		5.691E-02		0.2		0.1		0.3		0.8		1.2
	6.0	8.0		4.906E-02		0.3		0.1		0.3		0.8		1.2
	8.0	10.0		4.096E-02		0.3		0.1		0.4		0.8		1.2
	10.0	13.0		3.244E-02		0.3		0.1		0.3		0.8		1.2
	13.0	16.0		2.519E-02		0.3		0.1		0.2		0.8		1.2
	16.0	20.0		1.888E-02		0.3		0.1		0.2		0.8		1.2
	20.0	25.0		1.355E-02		0.3		0.1		0.2		0.8		1.2
	25.0	30.0		9.693E-03		0.3		0.1		0.2		0.8		1.2
	30.0	37.0		6.777E-03		0.3		0.1		0.2		0.8		1.2
	37.0	45.0		4.544E-03		0.3		0.1		0.3		0.8		1.2
	45.0	55.0		2.940E-03		0.4		0.2		0.3		0.8		1.2
	55.0	65.0		1.907E-03		0.5		0.2		0.5		0.8		1.2
	65.0	75.0		1.249E-03		0.6		0.2		0.5		0.8		1.2
	75.0	85.0		8.337E-04		0.7		0.3		0.5		0.8		1.2
	85.0	105.0		4.832E-04		0.6		0.2		0.4		0.8		1.2
	105.0	150.0		1.831E-04		0.6		0.3		0.5		0.8		1.2
	150.0	200.0		5.182E-05		1.2		0.4		0.7		0.8		1.2
	200.0	900.0		2.061E-06		1.5		0.5		0.9		0.8		1.2
	0.0	2.0		2.658E-02		0.4		0.2		0.7		1.2		1.6
	2.0	4.0		5.536E-02		0.3		0.1		0.4		1.2		1.6
	4.0	6.0		5.529E-02		0.3		0.2		0.4		1.2		1.6
	6.0	8.0		4.816E-02		0.3		0.1		0.5		1.2		1.6
	8.0	10.0		4.066E-02		0.3		0.2		0.5		1.2		1.6
	10.0	13.0		3.270E-02		0.3		0.1		0.3		1.2		1.6
	13.0	16.0		2.534E-02		0.3		0.1		0.2		1.2		1.6
	16.0	20.0		1.917E-02		0.3		0.1		0.2		1.2		1.6
	20.0	25.0		1.374E-02		0.3		0.1		0.2		1.2		1.6
	25.0	30.0		9.915E-03		0.4		0.1		0.3		1.2		1.6
	30.0	37.0		6.918E-03		0.4		0.1		0.2		1.2		1.6
	37.0	45.0		4.606E-03		0.4		0.2		0.3		1.2		1.6
	45.0	55.0		2.978E-03		0.4		0.2		0.3		1.2		1.6
	55.0	65.0		1.939E-03		0.5		0.2		0.4		1.2		1.6
	65.0	75.0		1.284E-03		0.7		0.3		0.5		1.2		1.6
	75.0	85.0		8.786E-04		0.8		0.3		0.5		1.2		1.6
	85.0	105.0		4.959E-04		0.7		0.3		0.5		1.2		1.6
	105.0	150.0		1.936E-04		0.7		0.2		0.5		1.2		1.6
	150.0	200.0		5.363E-05		1.3		0.4		0.7		1.2		1.6
	200.0	900.0		2.099E-06		1.7		0.5		1.1		1.2		1.6
	0.0	2.0		2.606E-02		0.5		0.3		0.9		1.6		2.0
	2.0	4.0		5.394E-02		0.3		0.2		0.6		1.6		2.0
	4.0	6.0		5.425E-02		0.3		0.2		0.4		1.6		2.0
	6.0	8.0		4.667E-02		0.3		0.2		0.6		1.6		2.0
	8.0	10.0		3.925E-02		0.4		0.2		0.4		1.6		2.0
	10.0	13.0		3.180E-02		0.3		0.2		0.2		1.6		2.0
	13.0	16.0		2.489E-02		0.4		0.2		0.3		1.6		2.0
	16.0	20.0		1.914E-02		0.4		0.2		0.3		1.6		2.0
	20.0	25.0		1.403E-02		0.4		0.2		0.3		1.6		2.0
	25.0	30.0		1.025E-02		0.5		0.2		0.4		1.6		2.0
	30.0	37.0		7.398E-03		0.4		0.2		0.3		1.6		2.0
	37.0	45.0		4.994E-03		0.5		0.2		0.4		1.6		2.0
	45.0	55.0		3.241E-03		0.5		0.2		0.4		1.6		2.0
	55.0	65.0		2.052E-03		0.7		0.3		0.6		1.6		2.0
	65.0	75.0		1.349E-03		0.8		0.4		0.6		1.6		2.0
	75.0	85.0		9.165E-04		1.0		0.4		0.8		1.6		2.0
	85.0	105.0		5.290E-04		0.8		0.4		0.6		1.6		2.0
	105.0	150.0		2.056E-04		0.8		0.3		0.5		1.6		2.0
	150.0	200.0		6.014E-05		1.5		0.5		0.8		1.6		2.0
	200.0	900.0		2.060E-06		2.1		0.7		1.3		1.6		2.0
	0.0	2.0		2.676E-02		0.8		0.4		1.5		2.0		2.4
	2.0	4.0		5.429E-02		0.5		0.3		0.9		2.0		2.4
	4.0	6.0		5.338E-02		0.6		0.3		0.6		2.0		2.4
	6.0	8.0		4.567E-02		0.6		0.3		0.7		2.0		2.4
	8.0	10.0		3.867E-02		0.6		0.3		0.6		2.0		2.4
	10.0	13.0		3.100E-02		0.6		0.3		0.5		2.0		2.4
	13.0	16.0		2.401E-02		0.7		0.3		0.5		2.0		2.4
	16.0	20.0		1.877E-02		0.6		0.3		0.4		2.0		2.4
	20.0	25.0		1.386E-02		0.7		0.3		0.5		2.0		2.4
	25.0	30.0		1.019E-02		0.8		0.4		0.6		2.0		2.4
	30.0	37.0		7.377E-03		0.7		0.3		0.5		2.0		2.4
	37.0	45.0		5.226E-03		0.8		0.3		0.5		2.0		2.4
	45.0	55.0		3.517E-03		0.8		0.3		0.6		2.0		2.4
	55.0	65.0		2.368E-03		1.0		0.4		0.6		2.0		2.4
	65.0	75.0		1.538E-03		1.3		0.6		1.0		2.0		2.4
	75.0	85.0		1.021E-03		1.6		0.6		1.1		2.0		2.4
	85.0	105.0		5.546E-04		1.4		0.5		1.0		2.0		2.4
	105.0	150.0		2.005E-04		1.4		0.5		0.9		2.0		2.4
	150.0	200.0		5.744E-05		2.6		1.0		1.5		2.0		2.4
	200.0	900.0		1.765E-06		3.8		1.2		2.2		2.0		2.4

