EXPeriment  = ATLAS
REaction    = p p --> l+ l- X
sqrt(s)	    = 8 TeV
Author	    = 
Reference   = EPJC 76 (2016) 291

|y_ll|: [0.0, 2.4]
m_ll:		[12,20]	[20,30]	[30,46]	[46,66]	[66,116] [116,150]	
sigma[pb]: 	1.45	1.03	0.97	14.96	537.10	5.59	
stat%: 		0.63	0.75	0.83	0.17	0.03	0.31
detector%: 	0.84	0.99	0.87	1.05	0.40	0.56
background%: 	0.18	0.85	1.42	1.28	0.06	0.77
model%: 	1.84	2.24	2.27	0.89	0.19	0.50
total_syst%: 	2.06	2.44	2.38	1.82	0.45	1.03

1/sigma*dsigma/dpT Born-level

    pT_l (GeV)	pT_u (GeV)	1/sig*dsig/dpT		stat.(%)	syst_uncor(%)	syst_cor(%)	m_l (GeV)	m_u (GeV)
      		   		(pb/GeV**2/nucleon)	error

	45.0	55.0		2.792E-02		1.1		0.4		1.1		12		20
	55.0	65.0		2.150E-02		1.3		0.5		0.8		12		20
	65.0	75.0		1.534E-02		1.6		0.7		1.2		12		20
	75.0	85.0		1.030E-02		1.9		0.7		1.1		12		20
	85.0	105.0		6.042E-03		1.6		0.6		1.3		12		20
	105.0	150.0		2.044E-03		1.8		0.6		1.3		12		20
	150.0	200.0		5.105E-04		3.3		1.2		2.3		12		20
	200.0	900.0		1.574E-05		5.7		1.6		3.5		12		20
	45.0	55.0		2.751E-02		1.3		0.5		1.3		20		30
	55.0	65.0		2.122E-02		1.6		0.6		1.1		20		30
	65.0	75.0		1.468E-02		1.9		0.8		1.3		20		30
	75.0	85.0		1.027E-02		2.3		1.0		1.7		20		30
	85.0	105.0		6.140E-03		1.9		0.9		1.9		20		30
	105.0	150.0		2.199E-03		2.0		0.8		2.1		20		30
	150.0	200.0		5.446E-04		3.7		1.6		3.2		20		30
	200.0	900.0		2.023E-05		5.0		1.9		3.3		20		30
	45.0	55.0		2.909E-02		1.3		0.4		1.2		30		46
	55.0	65.0		2.146E-02		1.6		0.7		1.1		30		46
	65.0	75.0		1.452E-02		2.1		0.8		1.1		30		46
	75.0	85.0		9.763E-03		2.6		0.9		2.0		30		46
	85.0	105.0		5.793E-03		2.2		0.9		1.7		30		46
	105.0	150.0		2.076E-03		2.2		0.9		1,9		30		46
	150.0	200.0		5.617E-04		3.8		1.4		3.5		30		46
	200.0	900.0		2.037E-05		5.4		2.9		5.0		30		46
	0.0	2.0		4.347E-02		0.8		0.3		4.4		46		66
	2.0	4.0		8.148E-02		0.6		0.3		1.2		46		66
	4.0	6.0		7.390E-02		0.6		0.2		1.1		46		66
	6.0	8.0		5.877E-02		0.6		0.2		0.9		46		66
	8.0	10.0		4.355E-02		0.8		0.3		0.9		46		66
	10.0	13.0		3.187E-02		0.6		0.2		1.0		46		66
	13.0	16.0		2.148E-02		0.7		0.3		1.0		46		66
	16.0	20.0		1.456E-02		0.7		0.2		1.2		46		66
	20.0	25.0		9.327E-03		0.7		0.3		1.7		46		66
	25.0	30.0		5.999E-03		0.9		0.4		1.1		46		66
	30.0	37.0		3.768E-03		1.0		0.5		1.5		46		66
	37.0	45.0		2.520E-03		1.2		0.6		1.7		46		66
	45.0	55.0		1.712E-03		1.3		0.5		1.9		46		66
	55.0	65.0		1.146E-03		1.7		0.7		2.1		46		66
	65.0	75.0		7.712E-04		2.2		0.8		2.1		46		66
	75.0	85.0		5.473E-04		2.6		1.1		2.5		46		66
	85.0	105.0		3.267E-04		2.2		0.7		2.5		46		66
	105.0	150.0		1.191E-04		2.4		0.8		2.3		46		66
	150.0	200.0		3.363E-05		3.8		1.2		2.3		46		66
	200.0	900.0		1.247E-06		5.1		1.8		3.0		46		66
	0.0	2.0		2.669E-02		0.2		0.1		0.5		66		116
	2.0	4.0		5.545E-02		0.1		0.1		0.2		66		116
	4.0	6.0		5.590E-02		0.1		0.1		0.3		66		116
	6.0	8.0		4.847E-02		0.1		0.1		0.3		66		116
	8.0	10.0		4.047E-02		0.1		0.1		0.3		66		116
	10.0	12.0		3.384E-02		0.1		0.1		0.2		66		116
	12.0	14.0		2.838E-02		0.2		0.1		0.2		66		116
	14.0	16.0		2.404E-02		0.2		0.1		0.1		66		116
	16.0	18.0		2.043E-02		0.2		0.1		0.1		66		116
	18.0	20.0		1.756E-02		0.2		0.1		0.2		66		116
	20.0	22.5		1.488E-02		0.2		0.1		0.2		66		116
	22.5	25.0		1.251E-02		0.2		0.1		0.2		66		116
	25.0	27.5		1.062E-02		0.2		0.1		0.2		66		116
	27.5	30.0		9.062E-03		0.3		0.1		0.2		66		116
	30.0	33.0		7.677E-03		0.2		0.1		0.2		66		116
	33.0	36.0		6.534E-03		0.3		0.1		0.2		66		116
	36.0	39.0		5.507E-03		0.3		0.1		0.2		66		116
	39.0	42.0		4.738E-03		0.3		0.1		0.2		66		116
	42.0	45.0		4.094E-03		0.3		0.2		0.3		66		116
	45.0	48.0		3.558E-03		0.4		0.2		0.3		66		116
	48.0	51.0		3.050E-03		0.4		0.2		0.3		66		116
	51.0	54.0		2.690E-03		0.4		0.2		0.4		66		116
	54.0	57.0		2.350E-03		0.5		0.2		0.3		66		116
	57.0	61.0		2.038E-03		0.4		0.2		0.3		66		116
	61.0	65.0		1.704E-03		0.5		0.2		0.4		66		116
	65.0	70.0		1.438E-03		0.4		0.2		0.4		66		116
	70.0	75.0		1.141E-03		0.5		0.2		0.5		66		116
	75.0	80.0		9.582E-04		0.5		0.3		0.5		66		116
	80.0	85.0		7.810E-04		0.6		0.3		0.5		66		116
	85.0	95.0		5.811E-04		0.4		0.2		0.4		66		116
	95.0	105.0		4.114E-04		0.5		0.2		0.4		66		116
	105.0	125.0		2.593E-04		0.4		0.2		0.4		66		116
	125.0	150.0		1.346E-04		0.5		0.2		0.4		66		116
	150.0	175.0		6.980E-05		0.7		0.3		0.5		66		116
	175.0	200.0		3.809E-05		1.0		0.4		0.6		66		116
	200.0	250.0		1.769E-05		0.9		0.4		0.7		66		116
	250.0	300.0		6.658E-06		1.6		0.6		1.0		66		116
	300.0	350.0		2.789E-06		2.6		1.1		1.6		66		116
	350.0	400.0		1.217E-06		4.0		1.5		2.0		66		116
	400.0	470.0		5.565E-07		4.9		1.8		2.6		66		116
	470.0	550.0		1.920E-07		7.7		2.9		3.5		66		116
	550.0	650.0		7.065E-08		11.1		4.1		5.8		66		116
	650.0	900.0		1.386E-08		16.0		5.9		7.3		66		116
	0.0	2.0		2.130E-02		2.0		1.0		4.3		116		150
	2.0	4.0		4.563E-02		1.2		0.6		1.1		116		150
	4.0	6.0		4.826E-02		1.2		0.6		1.0		116		150
	6.0	8.0		4.306E-02		1.2		0.6		1.0		116		150
	8.0	10.0		3.838E-02		1.4		0.6		1.1		116		150
	10.0	13.0		3.049E-02		1.3		0.6		1.1		116		150
	13.0	16.0		2.479E-02		1.4		0.6		0.9		116		150
	16.0	20.0		1.912E-02		1.3		0.6		0.9		116		150
	20.0	25.0		1.453E-02		1.3		0.6		0.9		116		150
	25.0	30.0		1.074E-02		1.5		0.7		1.1		116		150
	30.0	37.0		7.864E-03		1.5		0.6		1.1		116		150
	37.0	45.0		5.611E-03		1.6		0.7		1.2		116		150
	45.0	55.0		3.842E-03		1.7		0.7		1.6		116		150
	55.0	65.0		2.597E-03		2.2		0.9		2.2		116		150
	65.0	75.0		1.777E-03		2.9		1.2		2.8		116		150
	75.0	85.0		1.279E-03		3.5		1.6		3.2		116		150
	85.0	105.0		8.626E-04		2.7		0.9		2.9		116		150
	105.0	150.0		3.755E-04		2.5		0.7		2.7		116		150
	150.0	200.0		1.168E-04		4.0		1.5		2.3		116		150
	200.0	900.0		4.530E-06		4.8		1.3		2.2		116		150
