1.580E+01	6.256E-01	5.717E-04	6.262E-01	6.251E-01	6.258E-01	6.254E-01	6.255E-01	6.258E-01
1.570E+01	6.278E-01	5.736E-04	6.283E-01	6.273E-01	6.280E-01	6.276E-01	6.277E-01	6.279E-01
1.560E+01	6.300E-01	5.756E-04	6.305E-01	6.294E-01	6.302E-01	6.297E-01	6.298E-01	6.301E-01
1.550E+01	6.321E-01	5.776E-04	6.327E-01	6.316E-01	6.323E-01	6.319E-01	6.320E-01	6.323E-01
1.540E+01	6.343E-01	5.796E-04	6.349E-01	6.338E-01	6.345E-01	6.341E-01	6.342E-01	6.345E-01
1.530E+01	6.365E-01	5.816E-04	6.371E-01	6.360E-01	6.368E-01	6.363E-01	6.364E-01	6.367E-01
1.520E+01	6.388E-01	5.837E-04	6.393E-01	6.382E-01	6.390E-01	6.386E-01	6.386E-01	6.389E-01
1.510E+01	6.410E-01	5.857E-04	6.416E-01	6.405E-01	6.412E-01	6.408E-01	6.409E-01	6.412E-01
1.500E+01	6.433E-01	5.878E-04	6.438E-01	6.428E-01	6.435E-01	6.431E-01	6.432E-01	6.434E-01
1.490E+01	6.456E-01	5.899E-04	6.461E-01	6.450E-01	6.458E-01	6.454E-01	6.455E-01	6.457E-01
1.480E+01	6.479E-01	5.920E-04	6.484E-01	6.474E-01	6.481E-01	6.477E-01	6.478E-01	6.480E-01
1.470E+01	6.502E-01	5.941E-04	6.508E-01	6.497E-01	6.504E-01	6.500E-01	6.501E-01	6.503E-01
1.460E+01	6.526E-01	5.963E-04	6.531E-01	6.520E-01	6.528E-01	6.523E-01	6.524E-01	6.527E-01
1.450E+01	6.549E-01	5.984E-04	6.555E-01	6.544E-01	6.551E-01	6.547E-01	6.548E-01	6.551E-01
1.440E+01	6.573E-01	6.006E-04	6.578E-01	6.568E-01	6.575E-01	6.571E-01	6.572E-01	6.574E-01
1.430E+01	6.597E-01	6.028E-04	6.603E-01	6.592E-01	6.599E-01	6.595E-01	6.596E-01	6.598E-01
1.420E+01	6.621E-01	6.050E-04	6.627E-01	6.616E-01	6.623E-01	6.619E-01	6.620E-01	6.623E-01
1.410E+01	6.646E-01	6.072E-04	6.651E-01	6.640E-01	6.648E-01	6.644E-01	6.644E-01	6.647E-01
1.400E+01	6.670E-01	6.095E-04	6.676E-01	6.665E-01	6.673E-01	6.668E-01	6.669E-01	6.672E-01
1.390E+01	6.695E-01	6.118E-04	6.701E-01	6.690E-01	6.697E-01	6.693E-01	6.694E-01	6.697E-01
1.380E+01	6.720E-01	6.141E-04	6.726E-01	6.715E-01	6.722E-01	6.718E-01	6.719E-01	6.722E-01
1.370E+01	6.745E-01	6.164E-04	6.751E-01	6.740E-01	6.748E-01	6.743E-01	6.744E-01	6.747E-01
1.360E+01	6.771E-01	6.187E-04	6.777E-01	6.765E-01	6.773E-01	6.769E-01	6.770E-01	6.772E-01
1.350E+01	6.797E-01	6.210E-04	6.802E-01	6.791E-01	6.799E-01	6.794E-01	6.795E-01	6.798E-01
1.340E+01	6.823E-01	6.234E-04	6.828E-01	6.817E-01	6.825E-01	6.820E-01	6.821E-01	6.824E-01
1.330E+01	6.849E-01	6.258E-04	6.854E-01	6.843E-01	6.851E-01	6.847E-01	6.847E-01	6.850E-01
1.320E+01	6.875E-01	6.282E-04	6.881E-01	6.869E-01	6.877E-01	6.873E-01	6.874E-01	6.877E-01
1.310E+01	6.902E-01	6.306E-04	6.907E-01	6.896E-01	6.904E-01	6.899E-01	6.900E-01	6.903E-01
1.300E+01	6.929E-01	6.331E-04	6.934E-01	6.923E-01	6.931E-01	6.926E-01	6.927E-01	6.930E-01
1.290E+01	6.956E-01	6.356E-04	6.961E-01	6.950E-01	6.958E-01	6.953E-01	6.954E-01	6.957E-01
1.280E+01	6.983E-01	6.381E-04	6.989E-01	6.977E-01	6.985E-01	6.981E-01	6.982E-01	6.984E-01
1.270E+01	7.011E-01	6.406E-04	7.016E-01	7.005E-01	7.013E-01	7.008E-01	7.009E-01	7.012E-01
1.260E+01	7.038E-01	6.431E-04	7.044E-01	7.033E-01	7.041E-01	7.036E-01	7.037E-01	7.040E-01
1.250E+01	7.066E-01	6.457E-04	7.072E-01	7.061E-01	7.069E-01	7.064E-01	7.065E-01	7.068E-01
1.240E+01	7.095E-01	6.483E-04	7.101E-01	7.089E-01	7.097E-01	7.092E-01	7.093E-01	7.096E-01
1.230E+01	7.123E-01	6.509E-04	7.129E-01	7.117E-01	7.126E-01	7.121E-01	7.122E-01	7.125E-01
1.220E+01	7.152E-01	6.535E-04	7.158E-01	7.146E-01	7.155E-01	7.150E-01	7.151E-01	7.154E-01
1.210E+01	7.181E-01	6.562E-04	7.187E-01	7.175E-01	7.184E-01	7.179E-01	7.180E-01	7.183E-01
1.200E+01	7.211E-01	6.589E-04	7.217E-01	7.205E-01	7.213E-01	7.208E-01	7.209E-01	7.212E-01
1.190E+01	7.240E-01	6.616E-04	7.246E-01	7.234E-01	7.243E-01	7.238E-01	7.239E-01	7.242E-01
1.180E+01	7.270E-01	6.643E-04	7.276E-01	7.264E-01	7.273E-01	7.268E-01	7.269E-01	7.272E-01
1.170E+01	7.301E-01	6.671E-04	7.307E-01	7.295E-01	7.303E-01	7.298E-01	7.299E-01	7.302E-01
1.160E+01	7.331E-01	6.699E-04	7.337E-01	7.325E-01	7.334E-01	7.329E-01	7.330E-01	7.333E-01
1.150E+01	7.362E-01	6.727E-04	7.368E-01	7.356E-01	7.364E-01	7.360E-01	7.360E-01	7.363E-01
1.140E+01	7.393E-01	6.755E-04	7.399E-01	7.387E-01	7.395E-01	7.391E-01	7.392E-01	7.395E-01
1.130E+01	7.424E-01	6.784E-04	7.431E-01	7.418E-01	7.427E-01	7.422E-01	7.423E-01	7.426E-01
1.120E+01	7.456E-01	6.813E-04	7.462E-01	7.450E-01	7.459E-01	7.454E-01	7.455E-01	7.458E-01
1.110E+01	7.488E-01	6.842E-04	7.494E-01	7.482E-01	7.491E-01	7.486E-01	7.487E-01	7.490E-01
1.100E+01	7.521E-01	6.872E-04	7.527E-01	7.514E-01	7.523E-01	7.518E-01	7.519E-01	7.522E-01
1.090E+01	7.553E-01	6.902E-04	7.559E-01	7.547E-01	7.556E-01	7.551E-01	7.552E-01	7.555E-01
1.080E+01	7.586E-01	6.932E-04	7.592E-01	7.580E-01	7.589E-01	7.584E-01	7.585E-01	7.588E-01
1.070E+01	7.619E-01	6.962E-04	7.626E-01	7.613E-01	7.622E-01	7.617E-01	7.618E-01	7.621E-01
1.060E+01	7.653E-01	6.993E-04	7.659E-01	7.647E-01	7.656E-01	7.651E-01	7.652E-01	7.655E-01
1.050E+01	7.687E-01	7.024E-04	7.693E-01	7.681E-01	7.690E-01	7.685E-01	7.686E-01	7.689E-01
1.040E+01	7.721E-01	7.055E-04	7.728E-01	7.715E-01	7.724E-01	7.719E-01	7.720E-01	7.723E-01
1.030E+01	7.756E-01	7.087E-04	7.763E-01	7.750E-01	7.759E-01	7.754E-01	7.755E-01	7.758E-01
1.020E+01	7.791E-01	7.119E-04	7.798E-01	7.785E-01	7.794E-01	7.789E-01	7.790E-01	7.793E-01
1.010E+01	7.827E-01	7.151E-04	7.833E-01	7.820E-01	7.829E-01	7.824E-01	7.825E-01	7.828E-01
1.000E+01	7.862E-01	7.184E-04	7.869E-01	7.856E-01	7.865E-01	7.860E-01	7.861E-01	7.864E-01
9.900E+00	7.898E-01	7.217E-04	7.905E-01	7.892E-01	7.901E-01	7.896E-01	7.897E-01	7.900E-01
9.800E+00	7.935E-01	7.250E-04	7.941E-01	7.928E-01	7.938E-01	7.932E-01	7.933E-01	7.937E-01
9.700E+00	7.972E-01	7.284E-04	7.978E-01	7.965E-01	7.974E-01	7.969E-01	7.970E-01	7.973E-01
9.600E+00	8.009E-01	7.318E-04	8.016E-01	8.002E-01	8.012E-01	8.006E-01	8.007E-01	8.011E-01
9.500E+00	8.047E-01	7.353E-04	8.053E-01	8.040E-01	8.049E-01	8.044E-01	8.045E-01	8.048E-01
9.400E+00	8.085E-01	7.387E-04	8.092E-01	8.078E-01	8.087E-01	8.082E-01	8.083E-01	8.087E-01
9.300E+00	8.123E-01	7.423E-04	8.130E-01	8.117E-01	8.126E-01	8.121E-01	8.122E-01	8.125E-01
9.200E+00	8.162E-01	7.458E-04	8.169E-01	8.155E-01	8.165E-01	8.160E-01	8.161E-01	8.164E-01
9.100E+00	8.202E-01	7.494E-04	8.208E-01	8.195E-01	8.204E-01	8.199E-01	8.200E-01	8.203E-01
9.000E+00	8.241E-01	7.530E-04	8.248E-01	8.234E-01	8.244E-01	8.239E-01	8.240E-01	8.243E-01
8.900E+00	8.282E-01	7.567E-04	8.288E-01	8.275E-01	8.284E-01	8.279E-01	8.280E-01	8.283E-01
8.800E+00	8.322E-01	7.604E-04	8.329E-01	8.315E-01	8.325E-01	8.319E-01	8.320E-01	8.324E-01
8.700E+00	8.363E-01	7.642E-04	8.370E-01	8.356E-01	8.366E-01	8.360E-01	8.361E-01	8.365E-01
8.600E+00	8.405E-01	7.680E-04	8.412E-01	8.398E-01	8.408E-01	8.402E-01	8.403E-01	8.406E-01
8.500E+00	8.447E-01	7.718E-04	8.454E-01	8.440E-01	8.450E-01	8.444E-01	8.445E-01	8.449E-01
8.400E+00	8.489E-01	7.757E-04	8.496E-01	8.482E-01	8.492E-01	8.486E-01	8.487E-01	8.491E-01
8.300E+00	8.532E-01	7.796E-04	8.539E-01	8.525E-01	8.535E-01	8.529E-01	8.530E-01	8.534E-01
8.200E+00	8.576E-01	7.836E-04	8.583E-01	8.568E-01	8.578E-01	8.573E-01	8.574E-01	8.577E-01
8.100E+00	8.620E-01	7.876E-04	8.627E-01	8.612E-01	8.622E-01	8.617E-01	8.618E-01	8.621E-01
8.000E+00	8.664E-01	7.917E-04	8.671E-01	8.657E-01	8.667E-01	8.661E-01	8.662E-01	8.666E-01
7.900E+00	8.709E-01	7.958E-04	8.716E-01	8.702E-01	8.712E-01	8.706E-01	8.707E-01	8.711E-01
7.800E+00	8.754E-01	7.999E-04	8.762E-01	8.747E-01	8.757E-01	8.752E-01	8.753E-01	8.756E-01
7.700E+00	8.800E-01	8.041E-04	8.808E-01	8.793E-01	8.803E-01	8.797E-01	8.799E-01	8.802E-01
7.600E+00	8.847E-01	8.084E-04	8.854E-01	8.840E-01	8.850E-01	8.844E-01	8.845E-01	8.849E-01
7.500E+00	8.894E-01	8.127E-04	8.901E-01	8.887E-01	8.897E-01	8.891E-01	8.892E-01	8.896E-01
7.400E+00	8.942E-01	8.170E-04	8.949E-01	8.934E-01	8.944E-01	8.939E-01	8.940E-01	8.943E-01
7.300E+00	8.990E-01	8.214E-04	8.997E-01	8.982E-01	8.993E-01	8.987E-01	8.988E-01	8.992E-01
7.200E+00	9.038E-01	8.259E-04	9.046E-01	9.031E-01	9.041E-01	9.036E-01	9.037E-01	9.040E-01
7.100E+00	9.088E-01	8.304E-04	9.095E-01	9.080E-01	9.091E-01	9.085E-01	9.086E-01	9.090E-01
7.000E+00	9.138E-01	8.349E-04	9.145E-01	9.130E-01	9.141E-01	9.135E-01	9.136E-01	9.140E-01
6.900E+00	9.188E-01	8.396E-04	9.196E-01	9.181E-01	9.191E-01	9.185E-01	9.186E-01	9.190E-01
6.800E+00	9.239E-01	8.442E-04	9.247E-01	9.232E-01	9.242E-01	9.236E-01	9.237E-01	9.241E-01
6.700E+00	9.291E-01	8.490E-04	9.299E-01	9.283E-01	9.294E-01	9.288E-01	9.289E-01	9.293E-01
6.600E+00	9.343E-01	8.537E-04	9.351E-01	9.335E-01	9.346E-01	9.340E-01	9.341E-01	9.345E-01
6.500E+00	9.396E-01	8.586E-04	9.404E-01	9.388E-01	9.399E-01	9.393E-01	9.394E-01	9.398E-01
6.400E+00	9.450E-01	8.635E-04	9.458E-01	9.442E-01	9.453E-01	9.447E-01	9.448E-01	9.452E-01
6.300E+00	9.504E-01	8.684E-04	9.512E-01	9.496E-01	9.507E-01	9.501E-01	9.502E-01	9.506E-01
6.200E+00	9.559E-01	8.734E-04	9.567E-01	9.551E-01	9.562E-01	9.556E-01	9.557E-01	9.561E-01
6.100E+00	9.614E-01	8.785E-04	9.622E-01	9.606E-01	9.617E-01	9.611E-01	9.612E-01	9.616E-01
6.000E+00	9.670E-01	8.836E-04	9.678E-01	9.662E-01	9.674E-01	9.667E-01	9.668E-01	9.672E-01
5.900E+00	9.727E-01	8.888E-04	9.735E-01	9.719E-01	9.730E-01	9.724E-01	9.725E-01	9.729E-01
5.800E+00	9.785E-01	8.941E-04	9.793E-01	9.777E-01	9.788E-01	9.782E-01	9.783E-01	9.787E-01
5.700E+00	9.843E-01	8.994E-04	9.851E-01	9.835E-01	9.846E-01	9.840E-01	9.841E-01	9.845E-01
5.600E+00	9.902E-01	9.048E-04	9.910E-01	9.893E-01	9.905E-01	9.898E-01	9.900E-01	9.904E-01
5.500E+00	9.961E-01	9.102E-04	9.969E-01	9.953E-01	9.964E-01	9.958E-01	9.959E-01	9.963E-01
5.400E+00	1.002E+00	9.157E-04	1.003E+00	1.001E+00	1.002E+00	1.002E+00	1.002E+00	1.002E+00
5.300E+00	1.008E+00	9.213E-04	1.009E+00	1.007E+00	1.009E+00	1.008E+00	1.008E+00	1.008E+00
5.200E+00	1.014E+00	9.269E-04	1.015E+00	1.014E+00	1.015E+00	1.014E+00	1.014E+00	1.015E+00
5.100E+00	1.021E+00	9.326E-04	1.021E+00	1.020E+00	1.021E+00	1.020E+00	1.020E+00	1.021E+00
5.000E+00	1.027E+00	9.383E-04	1.028E+00	1.026E+00	1.027E+00	1.027E+00	1.027E+00	1.027E+00
4.900E+00	1.033E+00	9.441E-04	1.034E+00	1.032E+00	1.034E+00	1.033E+00	1.033E+00	1.033E+00
4.800E+00	1.040E+00	9.500E-04	1.041E+00	1.039E+00	1.040E+00	1.039E+00	1.039E+00	1.040E+00
4.700E+00	1.046E+00	9.559E-04	1.047E+00	1.045E+00	1.046E+00	1.046E+00	1.046E+00	1.046E+00
4.600E+00	1.053E+00	9.619E-04	1.054E+00	1.052E+00	1.053E+00	1.052E+00	1.052E+00	1.053E+00
4.500E+00	1.059E+00	9.679E-04	1.060E+00	1.058E+00	1.060E+00	1.059E+00	1.059E+00	1.059E+00
