1.250E+01	6.437E-01	5.831E-03	6.381E-01	6.490E-01	6.456E-01	6.417E-01	6.433E-01	6.441E-01
1.240E+01	6.463E-01	5.854E-03	6.406E-01	6.516E-01	6.482E-01	6.443E-01	6.459E-01	6.466E-01
1.230E+01	6.489E-01	5.878E-03	6.432E-01	6.543E-01	6.508E-01	6.469E-01	6.485E-01	6.492E-01
1.220E+01	6.515E-01	5.901E-03	6.458E-01	6.569E-01	6.535E-01	6.495E-01	6.511E-01	6.519E-01
1.210E+01	6.541E-01	5.925E-03	6.484E-01	6.596E-01	6.561E-01	6.521E-01	6.538E-01	6.545E-01
1.200E+01	6.568E-01	5.950E-03	6.511E-01	6.623E-01	6.588E-01	6.548E-01	6.564E-01	6.572E-01
1.190E+01	6.595E-01	5.974E-03	6.538E-01	6.650E-01	6.615E-01	6.575E-01	6.591E-01	6.599E-01
1.180E+01	6.623E-01	5.999E-03	6.565E-01	6.678E-01	6.643E-01	6.602E-01	6.619E-01	6.626E-01
1.170E+01	6.650E-01	6.024E-03	6.592E-01	6.705E-01	6.670E-01	6.630E-01	6.646E-01	6.654E-01
1.160E+01	6.678E-01	6.049E-03	6.620E-01	6.733E-01	6.698E-01	6.657E-01	6.674E-01	6.682E-01
1.150E+01	6.706E-01	6.074E-03	6.648E-01	6.762E-01	6.726E-01	6.685E-01	6.702E-01	6.710E-01
1.140E+01	6.734E-01	6.100E-03	6.676E-01	6.790E-01	6.755E-01	6.714E-01	6.730E-01	6.738E-01
1.130E+01	6.763E-01	6.126E-03	6.704E-01	6.819E-01	6.783E-01	6.742E-01	6.759E-01	6.767E-01
1.120E+01	6.792E-01	6.152E-03	6.733E-01	6.848E-01	6.812E-01	6.771E-01	6.788E-01	6.796E-01
1.110E+01	6.821E-01	6.179E-03	6.761E-01	6.878E-01	6.842E-01	6.800E-01	6.817E-01	6.825E-01
1.100E+01	6.850E-01	6.205E-03	6.791E-01	6.907E-01	6.871E-01	6.829E-01	6.846E-01	6.854E-01
1.090E+01	6.880E-01	6.232E-03	6.820E-01	6.937E-01	6.901E-01	6.859E-01	6.876E-01	6.884E-01
1.080E+01	6.910E-01	6.259E-03	6.850E-01	6.968E-01	6.931E-01	6.889E-01	6.906E-01	6.914E-01
1.070E+01	6.940E-01	6.287E-03	6.880E-01	6.998E-01	6.962E-01	6.919E-01	6.936E-01	6.945E-01
1.060E+01	6.971E-01	6.315E-03	6.910E-01	7.029E-01	6.992E-01	6.950E-01	6.967E-01	6.975E-01
1.050E+01	7.002E-01	6.343E-03	6.941E-01	7.060E-01	7.023E-01	6.981E-01	6.998E-01	7.006E-01
1.040E+01	7.033E-01	6.371E-03	6.972E-01	7.092E-01	7.055E-01	7.012E-01	7.029E-01	7.037E-01
1.030E+01	7.065E-01	6.400E-03	7.003E-01	7.124E-01	7.086E-01	7.043E-01	7.061E-01	7.069E-01
1.020E+01	7.097E-01	6.429E-03	7.035E-01	7.156E-01	7.118E-01	7.075E-01	7.093E-01	7.101E-01
1.010E+01	7.129E-01	6.458E-03	7.067E-01	7.188E-01	7.151E-01	7.107E-01	7.125E-01	7.133E-01
1.000E+01	7.162E-01	6.487E-03	7.099E-01	7.221E-01	7.184E-01	7.140E-01	7.157E-01	7.166E-01
9.900E+00	7.195E-01	6.517E-03	7.132E-01	7.254E-01	7.217E-01	7.173E-01	7.190E-01	7.199E-01
9.800E+00	7.228E-01	6.547E-03	7.165E-01	7.288E-01	7.250E-01	7.206E-01	7.224E-01	7.232E-01
9.700E+00	7.261E-01	6.578E-03	7.198E-01	7.322E-01	7.284E-01	7.239E-01	7.257E-01	7.266E-01
9.600E+00	7.295E-01	6.608E-03	7.232E-01	7.356E-01	7.318E-01	7.273E-01	7.291E-01	7.300E-01
9.500E+00	7.330E-01	6.639E-03	7.266E-01	7.391E-01	7.352E-01	7.307E-01	7.325E-01	7.334E-01
9.400E+00	7.364E-01	6.671E-03	7.300E-01	7.426E-01	7.387E-01	7.342E-01	7.360E-01	7.369E-01
9.300E+00	7.399E-01	6.703E-03	7.335E-01	7.461E-01	7.422E-01	7.377E-01	7.395E-01	7.404E-01
9.200E+00	7.435E-01	6.735E-03	7.370E-01	7.497E-01	7.458E-01	7.412E-01	7.431E-01	7.439E-01
9.100E+00	7.471E-01	6.767E-03	7.406E-01	7.533E-01	7.493E-01	7.448E-01	7.466E-01	7.475E-01
9.000E+00	7.507E-01	6.800E-03	7.442E-01	7.569E-01	7.530E-01	7.484E-01	7.503E-01	7.511E-01
8.900E+00	7.544E-01	6.833E-03	7.478E-01	7.606E-01	7.567E-01	7.521E-01	7.539E-01	7.548E-01
8.800E+00	7.581E-01	6.867E-03	7.515E-01	7.644E-01	7.604E-01	7.557E-01	7.576E-01	7.585E-01
8.700E+00	7.618E-01	6.901E-03	7.552E-01	7.681E-01	7.641E-01	7.595E-01	7.614E-01	7.622E-01
8.600E+00	7.656E-01	6.935E-03	7.589E-01	7.719E-01	7.679E-01	7.632E-01	7.651E-01	7.660E-01
8.500E+00	7.694E-01	6.970E-03	7.627E-01	7.758E-01	7.718E-01	7.671E-01	7.690E-01	7.699E-01
8.400E+00	7.733E-01	7.005E-03	7.665E-01	7.797E-01	7.756E-01	7.709E-01	7.728E-01	7.737E-01
8.300E+00	7.772E-01	7.040E-03	7.704E-01	7.836E-01	7.796E-01	7.748E-01	7.767E-01	7.776E-01
8.200E+00	7.811E-01	7.076E-03	7.743E-01	7.876E-01	7.835E-01	7.788E-01	7.807E-01	7.816E-01
8.100E+00	7.851E-01	7.112E-03	7.783E-01	7.917E-01	7.875E-01	7.828E-01	7.847E-01	7.856E-01
8.000E+00	7.892E-01	7.149E-03	7.823E-01	7.957E-01	7.916E-01	7.868E-01	7.887E-01	7.897E-01
7.900E+00	7.933E-01	7.186E-03	7.864E-01	7.999E-01	7.957E-01	7.909E-01	7.928E-01	7.937E-01
7.800E+00	7.974E-01	7.223E-03	7.905E-01	8.041E-01	7.999E-01	7.950E-01	7.970E-01	7.979E-01
7.700E+00	8.016E-01	7.261E-03	7.946E-01	8.083E-01	8.041E-01	7.992E-01	8.011E-01	8.021E-01
7.600E+00	8.059E-01	7.300E-03	7.988E-01	8.125E-01	8.083E-01	8.034E-01	8.054E-01	8.063E-01
7.500E+00	8.101E-01	7.338E-03	8.031E-01	8.169E-01	8.126E-01	8.077E-01	8.097E-01	8.106E-01
7.400E+00	8.145E-01	7.378E-03	8.074E-01	8.212E-01	8.170E-01	8.120E-01	8.140E-01	8.150E-01
7.300E+00	8.189E-01	7.418E-03	8.117E-01	8.257E-01	8.214E-01	8.164E-01	8.184E-01	8.193E-01
7.200E+00	8.233E-01	7.458E-03	8.161E-01	8.301E-01	8.258E-01	8.208E-01	8.228E-01	8.238E-01
7.100E+00	8.278E-01	7.498E-03	8.206E-01	8.347E-01	8.303E-01	8.253E-01	8.273E-01	8.283E-01
7.000E+00	8.323E-01	7.540E-03	8.251E-01	8.393E-01	8.349E-01	8.298E-01	8.319E-01	8.328E-01
6.900E+00	8.369E-01	7.581E-03	8.296E-01	8.439E-01	8.395E-01	8.344E-01	8.365E-01	8.374E-01
6.800E+00	8.416E-01	7.623E-03	8.343E-01	8.486E-01	8.442E-01	8.390E-01	8.411E-01	8.421E-01
6.700E+00	8.463E-01	7.666E-03	8.389E-01	8.533E-01	8.489E-01	8.437E-01	8.458E-01	8.468E-01
6.600E+00	8.511E-01	7.709E-03	8.437E-01	8.581E-01	8.537E-01	8.485E-01	8.506E-01	8.516E-01
6.500E+00	8.559E-01	7.753E-03	8.484E-01	8.630E-01	8.585E-01	8.533E-01	8.554E-01	8.564E-01
6.400E+00	8.608E-01	7.797E-03	8.533E-01	8.679E-01	8.634E-01	8.581E-01	8.603E-01	8.613E-01
6.300E+00	8.657E-01	7.842E-03	8.582E-01	8.729E-01	8.683E-01	8.631E-01	8.652E-01	8.662E-01
6.200E+00	8.707E-01	7.887E-03	8.631E-01	8.779E-01	8.734E-01	8.680E-01	8.702E-01	8.712E-01
6.100E+00	8.758E-01	7.933E-03	8.681E-01	8.830E-01	8.784E-01	8.731E-01	8.752E-01	8.763E-01
6.000E+00	8.809E-01	7.979E-03	8.732E-01	8.882E-01	8.836E-01	8.782E-01	8.804E-01	8.814E-01
5.900E+00	8.860E-01	8.026E-03	8.783E-01	8.934E-01	8.887E-01	8.833E-01	8.855E-01	8.866E-01
5.800E+00	8.913E-01	8.073E-03	8.835E-01	8.987E-01	8.940E-01	8.886E-01	8.908E-01	8.918E-01
5.700E+00	8.966E-01	8.121E-03	8.888E-01	9.040E-01	8.993E-01	8.938E-01	8.961E-01	8.971E-01
5.600E+00	9.019E-01	8.170E-03	8.941E-01	9.094E-01	9.047E-01	8.992E-01	9.014E-01	9.025E-01
5.500E+00	9.074E-01	8.219E-03	8.994E-01	9.149E-01	9.101E-01	9.046E-01	9.068E-01	9.079E-01
5.400E+00	9.128E-01	8.269E-03	9.049E-01	9.204E-01	9.156E-01	9.100E-01	9.123E-01	9.134E-01
5.300E+00	9.184E-01	8.319E-03	9.104E-01	9.260E-01	9.212E-01	9.156E-01	9.178E-01	9.189E-01
5.200E+00	9.240E-01	8.370E-03	9.159E-01	9.317E-01	9.268E-01	9.212E-01	9.234E-01	9.245E-01
5.100E+00	9.296E-01	8.421E-03	9.215E-01	9.374E-01	9.325E-01	9.268E-01	9.291E-01	9.302E-01
5.000E+00	9.354E-01	8.473E-03	9.272E-01	9.431E-01	9.382E-01	9.325E-01	9.348E-01	9.359E-01
4.900E+00	9.412E-01	8.525E-03	9.330E-01	9.490E-01	9.440E-01	9.383E-01	9.406E-01	9.417E-01
4.800E+00	9.470E-01	8.578E-03	9.388E-01	9.549E-01	9.499E-01	9.441E-01	9.464E-01	9.476E-01
4.700E+00	9.529E-01	8.632E-03	9.446E-01	9.608E-01	9.558E-01	9.500E-01	9.523E-01	9.535E-01
4.600E+00	9.589E-01	8.686E-03	9.505E-01	9.668E-01	9.618E-01	9.559E-01	9.583E-01	9.594E-01
4.500E+00	9.649E-01	8.740E-03	9.565E-01	9.729E-01	9.678E-01	9.619E-01	9.643E-01	9.654E-01
