8.500E+00	8.485E-01	1.523E-03	8.498E-01	8.472E-01	8.493E-01	8.478E-01	8.485E-01	8.485E-01
8.400E+00	8.481E-01	1.523E-03	8.494E-01	8.467E-01	8.488E-01	8.474E-01	8.481E-01	8.481E-01
8.300E+00	8.476E-01	1.522E-03	8.490E-01	8.463E-01	8.484E-01	8.469E-01	8.476E-01	8.476E-01
8.200E+00	8.471E-01	1.521E-03	8.485E-01	8.458E-01	8.479E-01	8.464E-01	8.471E-01	8.471E-01
8.100E+00	8.466E-01	1.520E-03	8.479E-01	8.453E-01	8.473E-01	8.459E-01	8.466E-01	8.466E-01
8.000E+00	8.461E-01	1.519E-03	8.474E-01	8.447E-01	8.468E-01	8.453E-01	8.460E-01	8.461E-01
7.900E+00	8.455E-01	1.518E-03	8.468E-01	8.441E-01	8.462E-01	8.447E-01	8.455E-01	8.455E-01
7.800E+00	8.448E-01	1.517E-03	8.462E-01	8.435E-01	8.456E-01	8.441E-01	8.448E-01	8.448E-01
7.700E+00	8.442E-01	1.516E-03	8.455E-01	8.428E-01	8.449E-01	8.434E-01	8.442E-01	8.442E-01
7.600E+00	8.435E-01	1.514E-03	8.448E-01	8.421E-01	8.442E-01	8.427E-01	8.435E-01	8.435E-01
7.500E+00	8.427E-01	1.513E-03	8.441E-01	8.414E-01	8.435E-01	8.420E-01	8.427E-01	8.427E-01
7.400E+00	8.420E-01	1.512E-03	8.433E-01	8.406E-01	8.427E-01	8.412E-01	8.419E-01	8.420E-01
7.300E+00	8.411E-01	1.510E-03	8.424E-01	8.398E-01	8.419E-01	8.404E-01	8.411E-01	8.411E-01
7.200E+00	8.403E-01	1.509E-03	8.416E-01	8.389E-01	8.410E-01	8.395E-01	8.403E-01	8.403E-01
7.100E+00	8.394E-01	1.507E-03	8.407E-01	8.380E-01	8.401E-01	8.386E-01	8.393E-01	8.394E-01
7.000E+00	8.384E-01	1.505E-03	8.397E-01	8.371E-01	8.391E-01	8.377E-01	8.384E-01	8.384E-01
6.900E+00	8.374E-01	1.503E-03	8.387E-01	8.361E-01	8.381E-01	8.367E-01	8.374E-01	8.374E-01
6.800E+00	8.363E-01	1.502E-03	8.376E-01	8.350E-01	8.370E-01	8.356E-01	8.363E-01	8.363E-01
6.700E+00	8.352E-01	1.500E-03	8.365E-01	8.339E-01	8.359E-01	8.345E-01	8.352E-01	8.352E-01
6.600E+00	8.340E-01	1.497E-03	8.353E-01	8.327E-01	8.347E-01	8.333E-01	8.340E-01	8.340E-01
6.500E+00	8.328E-01	1.495E-03	8.341E-01	8.315E-01	8.335E-01	8.321E-01	8.328E-01	8.328E-01
6.400E+00	8.315E-01	1.493E-03	8.328E-01	8.302E-01	8.322E-01	8.308E-01	8.315E-01	8.315E-01
6.300E+00	8.301E-01	1.490E-03	8.314E-01	8.288E-01	8.309E-01	8.294E-01	8.301E-01	8.302E-01
6.200E+00	8.287E-01	1.488E-03	8.300E-01	8.274E-01	8.294E-01	8.280E-01	8.287E-01	8.287E-01
6.100E+00	8.272E-01	1.485E-03	8.285E-01	8.259E-01	8.279E-01	8.265E-01	8.272E-01	8.272E-01
6.000E+00	8.257E-01	1.482E-03	8.270E-01	8.244E-01	8.264E-01	8.250E-01	8.257E-01	8.257E-01
5.900E+00	8.240E-01	1.479E-03	8.253E-01	8.227E-01	8.247E-01	8.233E-01	8.240E-01	8.240E-01
5.800E+00	8.223E-01	1.476E-03	8.236E-01	8.210E-01	8.230E-01	8.216E-01	8.223E-01	8.223E-01
5.700E+00	8.205E-01	1.473E-03	8.218E-01	8.192E-01	8.212E-01	8.198E-01	8.205E-01	8.205E-01
5.600E+00	8.186E-01	1.470E-03	8.199E-01	8.173E-01	8.193E-01	8.179E-01	8.186E-01	8.186E-01
5.500E+00	8.166E-01	1.466E-03	8.179E-01	8.153E-01	8.173E-01	8.159E-01	8.166E-01	8.166E-01
5.400E+00	8.146E-01	1.462E-03	8.158E-01	8.133E-01	8.153E-01	8.139E-01	8.146E-01	8.146E-01
5.300E+00	8.124E-01	1.459E-03	8.137E-01	8.111E-01	8.131E-01	8.117E-01	8.124E-01	8.124E-01
5.200E+00	8.101E-01	1.454E-03	8.114E-01	8.088E-01	8.108E-01	8.094E-01	8.101E-01	8.101E-01
5.100E+00	8.077E-01	1.450E-03	8.090E-01	8.064E-01	8.084E-01	8.070E-01	8.077E-01	8.077E-01
5.000E+00	8.052E-01	1.446E-03	8.065E-01	8.039E-01	8.059E-01	8.045E-01	8.052E-01	8.052E-01
4.900E+00	8.026E-01	1.441E-03	8.039E-01	8.013E-01	8.033E-01	8.019E-01	8.026E-01	8.026E-01
4.800E+00	7.998E-01	1.436E-03	8.011E-01	7.986E-01	8.005E-01	7.992E-01	7.998E-01	7.999E-01
4.700E+00	7.970E-01	1.431E-03	7.982E-01	7.957E-01	7.977E-01	7.963E-01	7.970E-01	7.970E-01
4.600E+00	7.939E-01	1.425E-03	7.952E-01	7.927E-01	7.946E-01	7.933E-01	7.939E-01	7.939E-01
4.500E+00	7.908E-01	1.420E-03	7.920E-01	7.895E-01	7.914E-01	7.901E-01	7.908E-01	7.908E-01
