1.350E+01	5.216E-01	1.994E-02	5.384E-01	4.987E-01	5.200E-01	5.232E-01	5.222E-01	5.209E-01
1.340E+01	5.218E-01	1.995E-02	5.386E-01	4.988E-01	5.201E-01	5.234E-01	5.224E-01	5.211E-01
1.330E+01	5.219E-01	1.996E-02	5.388E-01	4.990E-01	5.203E-01	5.235E-01	5.226E-01	5.213E-01
1.320E+01	5.221E-01	1.996E-02	5.389E-01	4.992E-01	5.205E-01	5.237E-01	5.227E-01	5.214E-01
1.310E+01	5.223E-01	1.997E-02	5.391E-01	4.993E-01	5.206E-01	5.239E-01	5.229E-01	5.216E-01
1.300E+01	5.224E-01	1.997E-02	5.393E-01	4.995E-01	5.208E-01	5.240E-01	5.231E-01	5.218E-01
1.290E+01	5.226E-01	1.998E-02	5.394E-01	4.996E-01	5.209E-01	5.242E-01	5.232E-01	5.219E-01
1.280E+01	5.227E-01	1.999E-02	5.396E-01	4.998E-01	5.211E-01	5.243E-01	5.234E-01	5.221E-01
1.270E+01	5.229E-01	1.999E-02	5.397E-01	4.999E-01	5.212E-01	5.245E-01	5.235E-01	5.222E-01
1.260E+01	5.230E-01	2.000E-02	5.399E-01	5.000E-01	5.214E-01	5.246E-01	5.237E-01	5.224E-01
1.250E+01	5.231E-01	2.000E-02	5.400E-01	5.002E-01	5.215E-01	5.248E-01	5.238E-01	5.225E-01
1.240E+01	5.233E-01	2.001E-02	5.402E-01	5.003E-01	5.216E-01	5.249E-01	5.239E-01	5.226E-01
1.230E+01	5.234E-01	2.001E-02	5.403E-01	5.004E-01	5.218E-01	5.250E-01	5.241E-01	5.227E-01
1.220E+01	5.235E-01	2.002E-02	5.404E-01	5.005E-01	5.219E-01	5.252E-01	5.242E-01	5.229E-01
1.210E+01	5.236E-01	2.002E-02	5.405E-01	5.006E-01	5.220E-01	5.253E-01	5.243E-01	5.230E-01
1.200E+01	5.237E-01	2.003E-02	5.407E-01	5.008E-01	5.221E-01	5.254E-01	5.244E-01	5.231E-01
1.190E+01	5.239E-01	2.003E-02	5.408E-01	5.009E-01	5.222E-01	5.255E-01	5.245E-01	5.232E-01
1.180E+01	5.240E-01	2.003E-02	5.409E-01	5.009E-01	5.223E-01	5.256E-01	5.246E-01	5.233E-01
1.170E+01	5.240E-01	2.004E-02	5.410E-01	5.010E-01	5.224E-01	5.257E-01	5.247E-01	5.234E-01
1.160E+01	5.241E-01	2.004E-02	5.410E-01	5.011E-01	5.225E-01	5.258E-01	5.248E-01	5.235E-01
1.150E+01	5.242E-01	2.004E-02	5.411E-01	5.012E-01	5.226E-01	5.258E-01	5.249E-01	5.236E-01
1.140E+01	5.243E-01	2.005E-02	5.412E-01	5.013E-01	5.227E-01	5.259E-01	5.249E-01	5.236E-01
1.130E+01	5.244E-01	2.005E-02	5.413E-01	5.013E-01	5.227E-01	5.260E-01	5.250E-01	5.237E-01
1.120E+01	5.244E-01	2.005E-02	5.413E-01	5.014E-01	5.228E-01	5.260E-01	5.251E-01	5.238E-01
1.110E+01	5.245E-01	2.005E-02	5.414E-01	5.014E-01	5.228E-01	5.261E-01	5.251E-01	5.238E-01
1.100E+01	5.245E-01	2.005E-02	5.414E-01	5.015E-01	5.229E-01	5.261E-01	5.252E-01	5.239E-01
1.090E+01	5.245E-01	2.006E-02	5.415E-01	5.015E-01	5.229E-01	5.262E-01	5.252E-01	5.239E-01
1.080E+01	5.246E-01	2.006E-02	5.415E-01	5.015E-01	5.229E-01	5.262E-01	5.252E-01	5.239E-01
1.070E+01	5.246E-01	2.006E-02	5.415E-01	5.016E-01	5.230E-01	5.262E-01	5.252E-01	5.239E-01
1.060E+01	5.246E-01	2.006E-02	5.415E-01	5.016E-01	5.230E-01	5.262E-01	5.253E-01	5.240E-01
1.050E+01	5.246E-01	2.006E-02	5.415E-01	5.016E-01	5.230E-01	5.262E-01	5.253E-01	5.240E-01
1.040E+01	5.246E-01	2.006E-02	5.415E-01	5.016E-01	5.230E-01	5.262E-01	5.253E-01	5.239E-01
1.030E+01	5.246E-01	2.006E-02	5.415E-01	5.016E-01	5.230E-01	5.262E-01	5.252E-01	5.239E-01
1.020E+01	5.246E-01	2.006E-02	5.415E-01	5.015E-01	5.229E-01	5.262E-01	5.252E-01	5.239E-01
1.010E+01	5.245E-01	2.005E-02	5.415E-01	5.015E-01	5.229E-01	5.262E-01	5.252E-01	5.239E-01
1.000E+01	5.245E-01	2.005E-02	5.414E-01	5.015E-01	5.228E-01	5.261E-01	5.251E-01	5.238E-01
9.900E+00	5.244E-01	2.005E-02	5.413E-01	5.014E-01	5.228E-01	5.261E-01	5.251E-01	5.238E-01
9.800E+00	5.244E-01	2.005E-02	5.413E-01	5.013E-01	5.227E-01	5.260E-01	5.250E-01	5.237E-01
9.700E+00	5.243E-01	2.005E-02	5.412E-01	5.013E-01	5.226E-01	5.259E-01	5.249E-01	5.236E-01
9.600E+00	5.242E-01	2.004E-02	5.411E-01	5.012E-01	5.226E-01	5.258E-01	5.248E-01	5.235E-01
9.500E+00	5.241E-01	2.004E-02	5.410E-01	5.011E-01	5.225E-01	5.257E-01	5.247E-01	5.234E-01
9.400E+00	5.240E-01	2.003E-02	5.409E-01	5.010E-01	5.223E-01	5.256E-01	5.246E-01	5.233E-01
9.300E+00	5.238E-01	2.003E-02	5.407E-01	5.008E-01	5.222E-01	5.255E-01	5.245E-01	5.232E-01
9.200E+00	5.237E-01	2.002E-02	5.406E-01	5.007E-01	5.221E-01	5.253E-01	5.244E-01	5.231E-01
9.100E+00	5.235E-01	2.002E-02	5.404E-01	5.006E-01	5.219E-01	5.252E-01	5.242E-01	5.229E-01
9.000E+00	5.234E-01	2.001E-02	5.403E-01	5.004E-01	5.218E-01	5.250E-01	5.240E-01	5.227E-01
8.900E+00	5.232E-01	2.000E-02	5.401E-01	5.002E-01	5.216E-01	5.248E-01	5.238E-01	5.225E-01
8.800E+00	5.230E-01	2.000E-02	5.399E-01	5.000E-01	5.214E-01	5.246E-01	5.236E-01	5.223E-01
8.700E+00	5.228E-01	1.999E-02	5.397E-01	4.998E-01	5.212E-01	5.244E-01	5.234E-01	5.221E-01
8.600E+00	5.226E-01	1.998E-02	5.394E-01	4.996E-01	5.209E-01	5.242E-01	5.232E-01	5.219E-01
8.500E+00	5.223E-01	1.997E-02	5.392E-01	4.994E-01	5.207E-01	5.239E-01	5.230E-01	5.217E-01
8.400E+00	5.220E-01	1.996E-02	5.389E-01	4.991E-01	5.204E-01	5.237E-01	5.227E-01	5.214E-01
8.300E+00	5.218E-01	1.995E-02	5.386E-01	4.988E-01	5.201E-01	5.234E-01	5.224E-01	5.211E-01
8.200E+00	5.215E-01	1.994E-02	5.383E-01	4.986E-01	5.198E-01	5.231E-01	5.221E-01	5.208E-01
8.100E+00	5.211E-01	1.993E-02	5.379E-01	4.982E-01	5.195E-01	5.227E-01	5.218E-01	5.205E-01
8.000E+00	5.208E-01	1.991E-02	5.376E-01	4.979E-01	5.192E-01	5.224E-01	5.214E-01	5.201E-01
7.900E+00	5.204E-01	1.990E-02	5.372E-01	4.976E-01	5.188E-01	5.220E-01	5.211E-01	5.198E-01
7.800E+00	5.200E-01	1.988E-02	5.368E-01	4.972E-01	5.184E-01	5.217E-01	5.207E-01	5.194E-01
7.700E+00	5.196E-01	1.987E-02	5.364E-01	4.968E-01	5.180E-01	5.212E-01	5.203E-01	5.190E-01
7.600E+00	5.192E-01	1.985E-02	5.360E-01	4.964E-01	5.176E-01	5.208E-01	5.198E-01	5.186E-01
7.500E+00	5.187E-01	1.983E-02	5.355E-01	4.960E-01	5.171E-01	5.204E-01	5.194E-01	5.181E-01
7.400E+00	5.183E-01	1.982E-02	5.350E-01	4.955E-01	5.167E-01	5.199E-01	5.189E-01	5.176E-01
7.300E+00	5.178E-01	1.980E-02	5.345E-01	4.950E-01	5.161E-01	5.194E-01	5.184E-01	5.171E-01
7.200E+00	5.172E-01	1.978E-02	5.339E-01	4.945E-01	5.156E-01	5.188E-01	5.179E-01	5.166E-01
7.100E+00	5.167E-01	1.975E-02	5.333E-01	4.940E-01	5.151E-01	5.183E-01	5.173E-01	5.160E-01
7.000E+00	5.161E-01	1.973E-02	5.327E-01	4.934E-01	5.145E-01	5.177E-01	5.167E-01	5.154E-01
6.900E+00	5.154E-01	1.971E-02	5.321E-01	4.928E-01	5.138E-01	5.170E-01	5.161E-01	5.148E-01
6.800E+00	5.148E-01	1.968E-02	5.314E-01	4.922E-01	5.132E-01	5.164E-01	5.154E-01	5.142E-01
6.700E+00	5.141E-01	1.966E-02	5.307E-01	4.915E-01	5.125E-01	5.157E-01	5.147E-01	5.135E-01
6.600E+00	5.134E-01	1.963E-02	5.299E-01	4.908E-01	5.118E-01	5.150E-01	5.140E-01	5.127E-01
6.500E+00	5.126E-01	1.960E-02	5.292E-01	4.901E-01	5.110E-01	5.142E-01	5.133E-01	5.120E-01
6.400E+00	5.118E-01	1.957E-02	5.283E-01	4.894E-01	5.102E-01	5.134E-01	5.125E-01	5.112E-01
6.300E+00	5.110E-01	1.954E-02	5.275E-01	4.886E-01	5.094E-01	5.126E-01	5.116E-01	5.104E-01
6.200E+00	5.101E-01	1.950E-02	5.266E-01	4.877E-01	5.085E-01	5.117E-01	5.108E-01	5.095E-01
6.100E+00	5.092E-01	1.947E-02	5.256E-01	4.868E-01	5.076E-01	5.108E-01	5.098E-01	5.086E-01
6.000E+00	5.082E-01	1.943E-02	5.246E-01	4.859E-01	5.067E-01	5.098E-01	5.089E-01	5.076E-01
5.900E+00	5.072E-01	1.939E-02	5.236E-01	4.850E-01	5.057E-01	5.088E-01	5.079E-01	5.066E-01
5.800E+00	5.062E-01	1.935E-02	5.225E-01	4.839E-01	5.046E-01	5.077E-01	5.068E-01	5.055E-01
5.700E+00	5.051E-01	1.931E-02	5.214E-01	4.829E-01	5.035E-01	5.066E-01	5.057E-01	5.044E-01
5.600E+00	5.039E-01	1.927E-02	5.202E-01	4.818E-01	5.023E-01	5.055E-01	5.045E-01	5.033E-01
5.500E+00	5.027E-01	1.922E-02	5.189E-01	4.806E-01	5.011E-01	5.042E-01	5.033E-01	5.021E-01
5.400E+00	5.014E-01	1.917E-02	5.176E-01	4.794E-01	4.998E-01	5.030E-01	5.020E-01	5.008E-01
5.300E+00	5.001E-01	1.912E-02	5.162E-01	4.781E-01	4.985E-01	5.016E-01	5.007E-01	4.994E-01
5.200E+00	4.987E-01	1.907E-02	5.148E-01	4.768E-01	4.971E-01	5.002E-01	4.993E-01	4.980E-01
5.100E+00	4.972E-01	1.901E-02	5.132E-01	4.754E-01	4.956E-01	4.987E-01	4.978E-01	4.966E-01
5.000E+00	4.957E-01	1.895E-02	5.116E-01	4.739E-01	4.941E-01	4.972E-01	4.963E-01	4.950E-01
4.900E+00	4.940E-01	1.889E-02	5.100E-01	4.723E-01	4.925E-01	4.956E-01	4.947E-01	4.934E-01
4.800E+00	4.923E-01	1.882E-02	5.082E-01	4.707E-01	4.908E-01	4.939E-01	4.930E-01	4.917E-01
4.700E+00	4.906E-01	1.876E-02	5.064E-01	4.690E-01	4.890E-01	4.921E-01	4.912E-01	4.900E-01
4.600E+00	4.887E-01	1.869E-02	5.045E-01	4.672E-01	4.872E-01	4.902E-01	4.893E-01	4.881E-01
4.500E+00	4.868E-01	1.861E-02	5.025E-01	4.654E-01	4.852E-01	4.883E-01	4.874E-01	4.861E-01
