1.350E+01	4.006E-01	7.267E-03	3.928E-01	4.072E-01	4.001E-01	4.010E-01	4.014E-01	3.997E-01
1.340E+01	4.021E-01	7.295E-03	3.943E-01	4.088E-01	4.017E-01	4.025E-01	4.029E-01	4.013E-01
1.330E+01	4.036E-01	7.323E-03	3.958E-01	4.104E-01	4.032E-01	4.040E-01	4.045E-01	4.028E-01
1.320E+01	4.052E-01	7.351E-03	3.974E-01	4.119E-01	4.048E-01	4.056E-01	4.060E-01	4.044E-01
1.310E+01	4.068E-01	7.379E-03	3.989E-01	4.135E-01	4.063E-01	4.072E-01	4.076E-01	4.059E-01
1.300E+01	4.083E-01	7.408E-03	4.004E-01	4.151E-01	4.079E-01	4.088E-01	4.092E-01	4.075E-01
1.290E+01	4.099E-01	7.437E-03	4.020E-01	4.168E-01	4.095E-01	4.104E-01	4.108E-01	4.091E-01
1.280E+01	4.115E-01	7.466E-03	4.036E-01	4.184E-01	4.111E-01	4.120E-01	4.124E-01	4.107E-01
1.270E+01	4.132E-01	7.496E-03	4.052E-01	4.201E-01	4.127E-01	4.136E-01	4.140E-01	4.123E-01
1.260E+01	4.148E-01	7.525E-03	4.068E-01	4.217E-01	4.144E-01	4.152E-01	4.157E-01	4.140E-01
1.250E+01	4.165E-01	7.555E-03	4.084E-01	4.234E-01	4.160E-01	4.169E-01	4.173E-01	4.156E-01
1.240E+01	4.181E-01	7.586E-03	4.100E-01	4.251E-01	4.177E-01	4.186E-01	4.190E-01	4.173E-01
1.230E+01	4.198E-01	7.616E-03	4.117E-01	4.268E-01	4.194E-01	4.202E-01	4.207E-01	4.190E-01
1.220E+01	4.215E-01	7.647E-03	4.134E-01	4.285E-01	4.211E-01	4.220E-01	4.224E-01	4.207E-01
1.210E+01	4.232E-01	7.678E-03	4.151E-01	4.303E-01	4.228E-01	4.237E-01	4.241E-01	4.224E-01
1.200E+01	4.250E-01	7.710E-03	4.168E-01	4.320E-01	4.245E-01	4.254E-01	4.258E-01	4.241E-01
1.190E+01	4.267E-01	7.741E-03	4.185E-01	4.338E-01	4.263E-01	4.272E-01	4.276E-01	4.258E-01
1.180E+01	4.285E-01	7.773E-03	4.202E-01	4.356E-01	4.280E-01	4.289E-01	4.294E-01	4.276E-01
1.170E+01	4.303E-01	7.806E-03	4.219E-01	4.374E-01	4.298E-01	4.307E-01	4.311E-01	4.294E-01
1.160E+01	4.321E-01	7.838E-03	4.237E-01	4.393E-01	4.316E-01	4.325E-01	4.329E-01	4.312E-01
1.150E+01	4.339E-01	7.871E-03	4.255E-01	4.411E-01	4.334E-01	4.343E-01	4.348E-01	4.330E-01
1.140E+01	4.357E-01	7.905E-03	4.273E-01	4.430E-01	4.353E-01	4.362E-01	4.366E-01	4.348E-01
1.130E+01	4.376E-01	7.938E-03	4.291E-01	4.449E-01	4.371E-01	4.380E-01	4.385E-01	4.367E-01
1.120E+01	4.394E-01	7.972E-03	4.309E-01	4.468E-01	4.390E-01	4.399E-01	4.403E-01	4.385E-01
1.110E+01	4.413E-01	8.006E-03	4.328E-01	4.487E-01	4.409E-01	4.418E-01	4.422E-01	4.404E-01
1.100E+01	4.432E-01	8.041E-03	4.347E-01	4.506E-01	4.428E-01	4.437E-01	4.441E-01	4.423E-01
1.090E+01	4.451E-01	8.076E-03	4.365E-01	4.526E-01	4.447E-01	4.456E-01	4.461E-01	4.442E-01
1.080E+01	4.471E-01	8.111E-03	4.384E-01	4.545E-01	4.466E-01	4.475E-01	4.480E-01	4.462E-01
1.070E+01	4.491E-01	8.147E-03	4.404E-01	4.565E-01	4.486E-01	4.495E-01	4.500E-01	4.481E-01
1.060E+01	4.510E-01	8.183E-03	4.423E-01	4.586E-01	4.506E-01	4.515E-01	4.520E-01	4.501E-01
1.050E+01	4.530E-01	8.219E-03	4.443E-01	4.606E-01	4.526E-01	4.535E-01	4.540E-01	4.521E-01
1.040E+01	4.551E-01	8.256E-03	4.463E-01	4.626E-01	4.546E-01	4.555E-01	4.560E-01	4.541E-01
1.030E+01	4.571E-01	8.293E-03	4.483E-01	4.647E-01	4.566E-01	4.576E-01	4.580E-01	4.562E-01
1.020E+01	4.592E-01	8.330E-03	4.503E-01	4.668E-01	4.587E-01	4.596E-01	4.601E-01	4.582E-01
1.010E+01	4.613E-01	8.368E-03	4.523E-01	4.689E-01	4.608E-01	4.617E-01	4.622E-01	4.603E-01
1.000E+01	4.634E-01	8.406E-03	4.544E-01	4.711E-01	4.629E-01	4.638E-01	4.643E-01	4.624E-01
9.900E+00	4.655E-01	8.445E-03	4.565E-01	4.732E-01	4.650E-01	4.660E-01	4.664E-01	4.645E-01
9.800E+00	4.676E-01	8.484E-03	4.586E-01	4.754E-01	4.672E-01	4.681E-01	4.686E-01	4.667E-01
9.700E+00	4.698E-01	8.523E-03	4.607E-01	4.776E-01	4.693E-01	4.703E-01	4.708E-01	4.689E-01
9.600E+00	4.720E-01	8.563E-03	4.629E-01	4.799E-01	4.715E-01	4.725E-01	4.730E-01	4.711E-01
9.500E+00	4.742E-01	8.604E-03	4.651E-01	4.821E-01	4.737E-01	4.747E-01	4.752E-01	4.733E-01
9.400E+00	4.765E-01	8.644E-03	4.673E-01	4.844E-01	4.760E-01	4.770E-01	4.775E-01	4.755E-01
9.300E+00	4.787E-01	8.685E-03	4.695E-01	4.867E-01	4.783E-01	4.792E-01	4.797E-01	4.778E-01
9.200E+00	4.810E-01	8.727E-03	4.717E-01	4.891E-01	4.805E-01	4.815E-01	4.820E-01	4.801E-01
9.100E+00	4.834E-01	8.769E-03	4.740E-01	4.914E-01	4.829E-01	4.839E-01	4.843E-01	4.824E-01
9.000E+00	4.857E-01	8.812E-03	4.763E-01	4.938E-01	4.852E-01	4.862E-01	4.867E-01	4.847E-01
8.900E+00	4.881E-01	8.855E-03	4.786E-01	4.962E-01	4.876E-01	4.886E-01	4.891E-01	4.871E-01
8.800E+00	4.905E-01	8.898E-03	4.810E-01	4.986E-01	4.900E-01	4.910E-01	4.915E-01	4.895E-01
8.700E+00	4.929E-01	8.942E-03	4.834E-01	5.011E-01	4.924E-01	4.934E-01	4.939E-01	4.919E-01
8.600E+00	4.953E-01	8.986E-03	4.858E-01	5.036E-01	4.948E-01	4.958E-01	4.963E-01	4.943E-01
8.500E+00	4.978E-01	9.031E-03	4.882E-01	5.061E-01	4.973E-01	4.983E-01	4.988E-01	4.968E-01
8.400E+00	5.003E-01	9.077E-03	4.906E-01	5.087E-01	4.998E-01	5.008E-01	5.013E-01	4.993E-01
8.300E+00	5.028E-01	9.123E-03	4.931E-01	5.112E-01	5.023E-01	5.034E-01	5.039E-01	5.018E-01
8.200E+00	5.054E-01	9.169E-03	4.956E-01	5.138E-01	5.049E-01	5.059E-01	5.064E-01	5.044E-01
8.100E+00	5.080E-01	9.216E-03	4.982E-01	5.165E-01	5.075E-01	5.085E-01	5.090E-01	5.070E-01
8.000E+00	5.106E-01	9.263E-03	5.007E-01	5.191E-01	5.101E-01	5.111E-01	5.117E-01	5.096E-01
7.900E+00	5.133E-01	9.312E-03	5.033E-01	5.218E-01	5.127E-01	5.138E-01	5.143E-01	5.122E-01
7.800E+00	5.159E-01	9.360E-03	5.060E-01	5.245E-01	5.154E-01	5.165E-01	5.170E-01	5.149E-01
7.700E+00	5.186E-01	9.409E-03	5.086E-01	5.273E-01	5.181E-01	5.192E-01	5.197E-01	5.176E-01
7.600E+00	5.214E-01	9.459E-03	5.113E-01	5.301E-01	5.208E-01	5.219E-01	5.225E-01	5.203E-01
7.500E+00	5.242E-01	9.509E-03	5.140E-01	5.329E-01	5.236E-01	5.247E-01	5.252E-01	5.231E-01
7.400E+00	5.270E-01	9.560E-03	5.168E-01	5.358E-01	5.264E-01	5.275E-01	5.280E-01	5.259E-01
7.300E+00	5.298E-01	9.612E-03	5.196E-01	5.386E-01	5.293E-01	5.304E-01	5.309E-01	5.287E-01
7.200E+00	5.327E-01	9.664E-03	5.224E-01	5.416E-01	5.321E-01	5.332E-01	5.338E-01	5.316E-01
7.100E+00	5.356E-01	9.717E-03	5.252E-01	5.445E-01	5.350E-01	5.361E-01	5.367E-01	5.345E-01
7.000E+00	5.385E-01	9.770E-03	5.281E-01	5.475E-01	5.380E-01	5.391E-01	5.396E-01	5.374E-01
6.900E+00	5.415E-01	9.824E-03	5.310E-01	5.505E-01	5.409E-01	5.421E-01	5.426E-01	5.404E-01
6.800E+00	5.445E-01	9.879E-03	5.340E-01	5.536E-01	5.439E-01	5.451E-01	5.456E-01	5.434E-01
6.700E+00	5.476E-01	9.934E-03	5.370E-01	5.567E-01	5.470E-01	5.481E-01	5.487E-01	5.464E-01
6.600E+00	5.506E-01	9.990E-03	5.400E-01	5.598E-01	5.501E-01	5.512E-01	5.518E-01	5.495E-01
6.500E+00	5.538E-01	1.005E-02	5.431E-01	5.630E-01	5.532E-01	5.543E-01	5.549E-01	5.526E-01
6.400E+00	5.569E-01	1.010E-02	5.462E-01	5.662E-01	5.563E-01	5.575E-01	5.581E-01	5.558E-01
6.300E+00	5.601E-01	1.016E-02	5.493E-01	5.694E-01	5.595E-01	5.607E-01	5.613E-01	5.590E-01
6.200E+00	5.633E-01	1.022E-02	5.525E-01	5.727E-01	5.628E-01	5.639E-01	5.645E-01	5.622E-01
6.100E+00	5.666E-01	1.028E-02	5.557E-01	5.761E-01	5.660E-01	5.672E-01	5.678E-01	5.655E-01
6.000E+00	5.699E-01	1.034E-02	5.589E-01	5.794E-01	5.693E-01	5.705E-01	5.711E-01	5.688E-01
5.900E+00	5.733E-01	1.040E-02	5.622E-01	5.828E-01	5.727E-01	5.739E-01	5.744E-01	5.721E-01
5.800E+00	5.767E-01	1.046E-02	5.655E-01	5.863E-01	5.761E-01	5.773E-01	5.778E-01	5.755E-01
5.700E+00	5.801E-01	1.052E-02	5.689E-01	5.898E-01	5.795E-01	5.807E-01	5.813E-01	5.789E-01
5.600E+00	5.836E-01	1.059E-02	5.723E-01	5.933E-01	5.829E-01	5.842E-01	5.847E-01	5.824E-01
5.500E+00	5.871E-01	1.065E-02	5.757E-01	5.968E-01	5.865E-01	5.877E-01	5.883E-01	5.859E-01
5.400E+00	5.906E-01	1.071E-02	5.792E-01	6.004E-01	5.900E-01	5.912E-01	5.918E-01	5.894E-01
5.300E+00	5.942E-01	1.078E-02	5.827E-01	6.041E-01	5.936E-01	5.948E-01	5.954E-01	5.930E-01
5.200E+00	5.978E-01	1.085E-02	5.863E-01	6.078E-01	5.972E-01	5.984E-01	5.990E-01	5.966E-01
5.100E+00	6.015E-01	1.091E-02	5.899E-01	6.115E-01	6.009E-01	6.021E-01	6.027E-01	6.003E-01
5.000E+00	6.052E-01	1.098E-02	5.935E-01	6.153E-01	6.046E-01	6.058E-01	6.064E-01	6.040E-01
4.900E+00	6.089E-01	1.105E-02	5.972E-01	6.191E-01	6.083E-01	6.096E-01	6.102E-01	6.077E-01
4.800E+00	6.127E-01	1.112E-02	6.009E-01	6.229E-01	6.121E-01	6.133E-01	6.140E-01	6.115E-01
4.700E+00	6.165E-01	1.119E-02	6.046E-01	6.268E-01	6.159E-01	6.172E-01	6.178E-01	6.153E-01
4.600E+00	6.204E-01	1.126E-02	6.084E-01	6.307E-01	6.197E-01	6.210E-01	6.217E-01	6.191E-01
4.500E+00	6.243E-01	1.133E-02	6.122E-01	6.347E-01	6.236E-01	6.249E-01	6.256E-01	6.230E-01
