8.500E+00	8.246E-01	8.170E-04	8.250E-01	8.242E-01	8.253E-01	8.239E-01	8.246E-01	8.246E-01
8.400E+00	8.263E-01	8.187E-04	8.267E-01	8.259E-01	8.270E-01	8.256E-01	8.263E-01	8.263E-01
8.300E+00	8.280E-01	8.204E-04	8.284E-01	8.276E-01	8.287E-01	8.273E-01	8.280E-01	8.280E-01
8.200E+00	8.297E-01	8.221E-04	8.301E-01	8.292E-01	8.304E-01	8.290E-01	8.297E-01	8.297E-01
8.100E+00	8.314E-01	8.237E-04	8.318E-01	8.309E-01	8.321E-01	8.307E-01	8.314E-01	8.314E-01
8.000E+00	8.331E-01	8.254E-04	8.335E-01	8.326E-01	8.338E-01	8.324E-01	8.330E-01	8.331E-01
7.900E+00	8.348E-01	8.271E-04	8.352E-01	8.343E-01	8.355E-01	8.340E-01	8.347E-01	8.348E-01
7.800E+00	8.364E-01	8.287E-04	8.368E-01	8.360E-01	8.371E-01	8.357E-01	8.364E-01	8.365E-01
7.700E+00	8.381E-01	8.304E-04	8.385E-01	8.377E-01	8.388E-01	8.374E-01	8.381E-01	8.381E-01
7.600E+00	8.398E-01	8.321E-04	8.402E-01	8.393E-01	8.405E-01	8.391E-01	8.398E-01	8.398E-01
7.500E+00	8.415E-01	8.337E-04	8.419E-01	8.410E-01	8.422E-01	8.407E-01	8.414E-01	8.415E-01
7.400E+00	8.431E-01	8.354E-04	8.435E-01	8.427E-01	8.438E-01	8.424E-01	8.431E-01	8.431E-01
7.300E+00	8.448E-01	8.370E-04	8.452E-01	8.443E-01	8.455E-01	8.441E-01	8.448E-01	8.448E-01
7.200E+00	8.464E-01	8.386E-04	8.468E-01	8.460E-01	8.471E-01	8.457E-01	8.464E-01	8.464E-01
7.100E+00	8.481E-01	8.403E-04	8.485E-01	8.476E-01	8.488E-01	8.473E-01	8.480E-01	8.481E-01
7.000E+00	8.497E-01	8.419E-04	8.501E-01	8.492E-01	8.504E-01	8.490E-01	8.497E-01	8.497E-01
6.900E+00	8.513E-01	8.435E-04	8.517E-01	8.508E-01	8.520E-01	8.506E-01	8.513E-01	8.513E-01
6.800E+00	8.529E-01	8.451E-04	8.533E-01	8.525E-01	8.536E-01	8.522E-01	8.529E-01	8.529E-01
6.700E+00	8.545E-01	8.467E-04	8.549E-01	8.540E-01	8.552E-01	8.538E-01	8.545E-01	8.545E-01
6.600E+00	8.561E-01	8.482E-04	8.565E-01	8.556E-01	8.568E-01	8.554E-01	8.561E-01	8.561E-01
6.500E+00	8.576E-01	8.498E-04	8.581E-01	8.572E-01	8.584E-01	8.569E-01	8.576E-01	8.577E-01
6.400E+00	8.592E-01	8.513E-04	8.596E-01	8.587E-01	8.599E-01	8.585E-01	8.592E-01	8.592E-01
6.300E+00	8.607E-01	8.528E-04	8.611E-01	8.602E-01	8.614E-01	8.600E-01	8.607E-01	8.607E-01
6.200E+00	8.622E-01	8.543E-04	8.626E-01	8.617E-01	8.629E-01	8.615E-01	8.622E-01	8.622E-01
6.100E+00	8.637E-01	8.558E-04	8.641E-01	8.632E-01	8.644E-01	8.630E-01	8.637E-01	8.637E-01
6.000E+00	8.651E-01	8.572E-04	8.656E-01	8.647E-01	8.659E-01	8.644E-01	8.651E-01	8.652E-01
5.900E+00	8.666E-01	8.586E-04	8.670E-01	8.661E-01	8.673E-01	8.658E-01	8.665E-01	8.666E-01
5.800E+00	8.680E-01	8.600E-04	8.684E-01	8.675E-01	8.687E-01	8.672E-01	8.679E-01	8.680E-01
5.700E+00	8.693E-01	8.613E-04	8.697E-01	8.688E-01	8.701E-01	8.686E-01	8.693E-01	8.693E-01
5.600E+00	8.706E-01	8.626E-04	8.711E-01	8.702E-01	8.714E-01	8.699E-01	8.706E-01	8.707E-01
5.500E+00	8.719E-01	8.639E-04	8.724E-01	8.715E-01	8.727E-01	8.712E-01	8.719E-01	8.719E-01
5.400E+00	8.732E-01	8.651E-04	8.736E-01	8.727E-01	8.739E-01	8.724E-01	8.731E-01	8.732E-01
5.300E+00	8.744E-01	8.663E-04	8.748E-01	8.739E-01	8.751E-01	8.736E-01	8.743E-01	8.744E-01
5.200E+00	8.755E-01	8.675E-04	8.759E-01	8.750E-01	8.762E-01	8.748E-01	8.755E-01	8.755E-01
5.100E+00	8.766E-01	8.685E-04	8.770E-01	8.761E-01	8.773E-01	8.759E-01	8.766E-01	8.766E-01
5.000E+00	8.776E-01	8.696E-04	8.781E-01	8.772E-01	8.784E-01	8.769E-01	8.776E-01	8.776E-01
4.900E+00	8.786E-01	8.705E-04	8.790E-01	8.781E-01	8.793E-01	8.779E-01	8.786E-01	8.786E-01
4.800E+00	8.795E-01	8.714E-04	8.799E-01	8.790E-01	8.802E-01	8.788E-01	8.795E-01	8.795E-01
4.700E+00	8.803E-01	8.722E-04	8.808E-01	8.798E-01	8.811E-01	8.796E-01	8.803E-01	8.803E-01
4.600E+00	8.811E-01	8.730E-04	8.815E-01	8.806E-01	8.818E-01	8.803E-01	8.810E-01	8.811E-01
4.500E+00	8.817E-01	8.736E-04	8.822E-01	8.812E-01	8.825E-01	8.810E-01	8.817E-01	8.817E-01
