1.580E+01	7.633E-01	3.360E-04	7.632E-01	7.635E-01	7.636E-01	7.630E-01	7.633E-01	7.634E-01
1.570E+01	7.647E-01	3.366E-04	7.646E-01	7.649E-01	7.650E-01	7.644E-01	7.647E-01	7.648E-01
1.560E+01	7.661E-01	3.372E-04	7.660E-01	7.663E-01	7.664E-01	7.658E-01	7.661E-01	7.662E-01
1.550E+01	7.676E-01	3.378E-04	7.674E-01	7.677E-01	7.679E-01	7.673E-01	7.675E-01	7.676E-01
1.540E+01	7.690E-01	3.385E-04	7.688E-01	7.691E-01	7.693E-01	7.687E-01	7.689E-01	7.690E-01
1.530E+01	7.704E-01	3.391E-04	7.702E-01	7.705E-01	7.707E-01	7.701E-01	7.703E-01	7.705E-01
1.520E+01	7.718E-01	3.397E-04	7.717E-01	7.720E-01	7.721E-01	7.715E-01	7.718E-01	7.719E-01
1.510E+01	7.733E-01	3.404E-04	7.731E-01	7.734E-01	7.736E-01	7.730E-01	7.732E-01	7.733E-01
1.500E+01	7.747E-01	3.410E-04	7.746E-01	7.748E-01	7.750E-01	7.744E-01	7.746E-01	7.748E-01
1.490E+01	7.762E-01	3.416E-04	7.760E-01	7.763E-01	7.765E-01	7.759E-01	7.761E-01	7.762E-01
1.480E+01	7.776E-01	3.423E-04	7.775E-01	7.778E-01	7.779E-01	7.773E-01	7.776E-01	7.777E-01
1.470E+01	7.791E-01	3.429E-04	7.789E-01	7.792E-01	7.794E-01	7.788E-01	7.790E-01	7.792E-01
1.460E+01	7.806E-01	3.436E-04	7.804E-01	7.807E-01	7.809E-01	7.803E-01	7.805E-01	7.806E-01
1.450E+01	7.820E-01	3.442E-04	7.819E-01	7.822E-01	7.823E-01	7.817E-01	7.820E-01	7.821E-01
1.440E+01	7.835E-01	3.449E-04	7.834E-01	7.837E-01	7.838E-01	7.832E-01	7.835E-01	7.836E-01
1.430E+01	7.850E-01	3.455E-04	7.849E-01	7.851E-01	7.853E-01	7.847E-01	7.849E-01	7.851E-01
1.420E+01	7.865E-01	3.462E-04	7.863E-01	7.866E-01	7.868E-01	7.862E-01	7.864E-01	7.866E-01
1.410E+01	7.880E-01	3.468E-04	7.879E-01	7.881E-01	7.883E-01	7.877E-01	7.879E-01	7.881E-01
1.400E+01	7.895E-01	3.475E-04	7.894E-01	7.897E-01	7.898E-01	7.892E-01	7.895E-01	7.896E-01
1.390E+01	7.910E-01	3.482E-04	7.909E-01	7.912E-01	7.914E-01	7.907E-01	7.910E-01	7.911E-01
1.380E+01	7.926E-01	3.489E-04	7.924E-01	7.927E-01	7.929E-01	7.923E-01	7.925E-01	7.926E-01
1.370E+01	7.941E-01	3.495E-04	7.939E-01	7.942E-01	7.944E-01	7.938E-01	7.940E-01	7.942E-01
1.360E+01	7.956E-01	3.502E-04	7.955E-01	7.958E-01	7.959E-01	7.953E-01	7.956E-01	7.957E-01
1.350E+01	7.972E-01	3.509E-04	7.970E-01	7.973E-01	7.975E-01	7.969E-01	7.971E-01	7.973E-01
1.340E+01	7.987E-01	3.516E-04	7.986E-01	7.989E-01	7.990E-01	7.984E-01	7.987E-01	7.988E-01
1.330E+01	8.003E-01	3.523E-04	8.001E-01	8.004E-01	8.006E-01	8.000E-01	8.002E-01	8.004E-01
1.320E+01	8.019E-01	3.529E-04	8.017E-01	8.020E-01	8.022E-01	8.015E-01	8.018E-01	8.019E-01
1.310E+01	8.034E-01	3.536E-04	8.033E-01	8.036E-01	8.037E-01	8.031E-01	8.034E-01	8.035E-01
1.300E+01	8.050E-01	3.543E-04	8.048E-01	8.051E-01	8.053E-01	8.047E-01	8.049E-01	8.051E-01
1.290E+01	8.066E-01	3.550E-04	8.064E-01	8.067E-01	8.069E-01	8.063E-01	8.065E-01	8.067E-01
1.280E+01	8.082E-01	3.557E-04	8.080E-01	8.083E-01	8.085E-01	8.079E-01	8.081E-01	8.082E-01
1.270E+01	8.098E-01	3.564E-04	8.096E-01	8.099E-01	8.101E-01	8.095E-01	8.097E-01	8.098E-01
1.260E+01	8.114E-01	3.571E-04	8.112E-01	8.115E-01	8.117E-01	8.111E-01	8.113E-01	8.114E-01
1.250E+01	8.130E-01	3.578E-04	8.128E-01	8.131E-01	8.133E-01	8.127E-01	8.129E-01	8.131E-01
1.240E+01	8.146E-01	3.586E-04	8.144E-01	8.147E-01	8.149E-01	8.143E-01	8.145E-01	8.147E-01
1.230E+01	8.162E-01	3.593E-04	8.161E-01	8.164E-01	8.165E-01	8.159E-01	8.162E-01	8.163E-01
1.220E+01	8.179E-01	3.600E-04	8.177E-01	8.180E-01	8.182E-01	8.175E-01	8.178E-01	8.179E-01
1.210E+01	8.195E-01	3.607E-04	8.193E-01	8.196E-01	8.198E-01	8.192E-01	8.194E-01	8.196E-01
1.200E+01	8.211E-01	3.614E-04	8.210E-01	8.213E-01	8.215E-01	8.208E-01	8.211E-01	8.212E-01
1.190E+01	8.228E-01	3.622E-04	8.226E-01	8.229E-01	8.231E-01	8.225E-01	8.227E-01	8.229E-01
1.180E+01	8.245E-01	3.629E-04	8.243E-01	8.246E-01	8.248E-01	8.241E-01	8.244E-01	8.245E-01
1.170E+01	8.261E-01	3.636E-04	8.259E-01	8.263E-01	8.264E-01	8.258E-01	8.260E-01	8.262E-01
1.160E+01	8.278E-01	3.644E-04	8.276E-01	8.279E-01	8.281E-01	8.275E-01	8.277E-01	8.279E-01
1.150E+01	8.295E-01	3.651E-04	8.293E-01	8.296E-01	8.298E-01	8.291E-01	8.294E-01	8.295E-01
1.140E+01	8.311E-01	3.658E-04	8.310E-01	8.313E-01	8.315E-01	8.308E-01	8.311E-01	8.312E-01
1.130E+01	8.328E-01	3.666E-04	8.327E-01	8.330E-01	8.332E-01	8.325E-01	8.328E-01	8.329E-01
1.120E+01	8.345E-01	3.673E-04	8.344E-01	8.347E-01	8.349E-01	8.342E-01	8.345E-01	8.346E-01
1.110E+01	8.362E-01	3.681E-04	8.361E-01	8.364E-01	8.366E-01	8.359E-01	8.362E-01	8.363E-01
1.100E+01	8.379E-01	3.688E-04	8.378E-01	8.381E-01	8.383E-01	8.376E-01	8.379E-01	8.380E-01
1.090E+01	8.397E-01	3.696E-04	8.395E-01	8.398E-01	8.400E-01	8.393E-01	8.396E-01	8.397E-01
1.080E+01	8.414E-01	3.703E-04	8.412E-01	8.415E-01	8.417E-01	8.410E-01	8.413E-01	8.414E-01
1.070E+01	8.431E-01	3.711E-04	8.429E-01	8.432E-01	8.434E-01	8.428E-01	8.430E-01	8.432E-01
1.060E+01	8.448E-01	3.719E-04	8.447E-01	8.450E-01	8.452E-01	8.445E-01	8.448E-01	8.449E-01
1.050E+01	8.466E-01	3.726E-04	8.464E-01	8.467E-01	8.469E-01	8.462E-01	8.465E-01	8.466E-01
1.040E+01	8.483E-01	3.734E-04	8.481E-01	8.485E-01	8.486E-01	8.480E-01	8.482E-01	8.484E-01
1.030E+01	8.501E-01	3.742E-04	8.499E-01	8.502E-01	8.504E-01	8.497E-01	8.500E-01	8.501E-01
1.020E+01	8.518E-01	3.749E-04	8.516E-01	8.520E-01	8.521E-01	8.515E-01	8.517E-01	8.519E-01
1.010E+01	8.536E-01	3.757E-04	8.534E-01	8.537E-01	8.539E-01	8.532E-01	8.535E-01	8.536E-01
1.000E+01	8.553E-01	3.765E-04	8.552E-01	8.555E-01	8.557E-01	8.550E-01	8.553E-01	8.554E-01
9.900E+00	8.571E-01	3.773E-04	8.569E-01	8.572E-01	8.574E-01	8.568E-01	8.570E-01	8.572E-01
9.800E+00	8.589E-01	3.780E-04	8.587E-01	8.590E-01	8.592E-01	8.585E-01	8.588E-01	8.590E-01
9.700E+00	8.607E-01	3.788E-04	8.605E-01	8.608E-01	8.610E-01	8.603E-01	8.606E-01	8.607E-01
9.600E+00	8.624E-01	3.796E-04	8.623E-01	8.626E-01	8.628E-01	8.621E-01	8.624E-01	8.625E-01
9.500E+00	8.642E-01	3.804E-04	8.640E-01	8.644E-01	8.646E-01	8.639E-01	8.641E-01	8.643E-01
9.400E+00	8.660E-01	3.812E-04	8.658E-01	8.662E-01	8.663E-01	8.657E-01	8.659E-01	8.661E-01
9.300E+00	8.678E-01	3.820E-04	8.676E-01	8.679E-01	8.681E-01	8.675E-01	8.677E-01	8.679E-01
9.200E+00	8.696E-01	3.828E-04	8.694E-01	8.697E-01	8.699E-01	8.693E-01	8.695E-01	8.697E-01
9.100E+00	8.714E-01	3.836E-04	8.712E-01	8.715E-01	8.717E-01	8.711E-01	8.713E-01	8.715E-01
9.000E+00	8.732E-01	3.843E-04	8.730E-01	8.733E-01	8.735E-01	8.729E-01	8.731E-01	8.733E-01
8.900E+00	8.750E-01	3.851E-04	8.748E-01	8.751E-01	8.753E-01	8.747E-01	8.749E-01	8.751E-01
8.800E+00	8.768E-01	3.859E-04	8.766E-01	8.770E-01	8.772E-01	8.765E-01	8.767E-01	8.769E-01
8.700E+00	8.786E-01	3.867E-04	8.784E-01	8.788E-01	8.790E-01	8.783E-01	8.785E-01	8.787E-01
8.600E+00	8.804E-01	3.875E-04	8.802E-01	8.806E-01	8.808E-01	8.801E-01	8.803E-01	8.805E-01
8.500E+00	8.822E-01	3.883E-04	8.821E-01	8.824E-01	8.826E-01	8.819E-01	8.822E-01	8.823E-01
8.400E+00	8.840E-01	3.891E-04	8.839E-01	8.842E-01	8.844E-01	8.837E-01	8.840E-01	8.841E-01
8.300E+00	8.859E-01	3.899E-04	8.857E-01	8.860E-01	8.862E-01	8.855E-01	8.858E-01	8.859E-01
8.200E+00	8.877E-01	3.907E-04	8.875E-01	8.878E-01	8.880E-01	8.873E-01	8.876E-01	8.877E-01
8.100E+00	8.895E-01	3.915E-04	8.893E-01	8.896E-01	8.898E-01	8.891E-01	8.894E-01	8.895E-01
8.000E+00	8.913E-01	3.923E-04	8.911E-01	8.914E-01	8.916E-01	8.909E-01	8.912E-01	8.914E-01
7.900E+00	8.931E-01	3.931E-04	8.929E-01	8.932E-01	8.934E-01	8.927E-01	8.930E-01	8.932E-01
7.800E+00	8.949E-01	3.939E-04	8.947E-01	8.950E-01	8.952E-01	8.945E-01	8.948E-01	8.950E-01
7.700E+00	8.967E-01	3.947E-04	8.965E-01	8.968E-01	8.970E-01	8.963E-01	8.966E-01	8.968E-01
7.600E+00	8.985E-01	3.955E-04	8.983E-01	8.986E-01	8.988E-01	8.981E-01	8.984E-01	8.985E-01
7.500E+00	9.003E-01	3.962E-04	9.001E-01	9.004E-01	9.006E-01	8.999E-01	9.002E-01	9.003E-01
7.400E+00	9.020E-01	3.970E-04	9.018E-01	9.022E-01	9.024E-01	9.017E-01	9.019E-01	9.021E-01
7.300E+00	9.038E-01	3.978E-04	9.036E-01	9.039E-01	9.042E-01	9.034E-01	9.037E-01	9.039E-01
7.200E+00	9.056E-01	3.986E-04	9.054E-01	9.057E-01	9.059E-01	9.052E-01	9.055E-01	9.056E-01
7.100E+00	9.073E-01	3.994E-04	9.071E-01	9.075E-01	9.077E-01	9.070E-01	9.072E-01	9.074E-01
7.000E+00	9.091E-01	4.001E-04	9.089E-01	9.092E-01	9.094E-01	9.087E-01	9.090E-01	9.091E-01
6.900E+00	9.108E-01	4.009E-04	9.106E-01	9.109E-01	9.111E-01	9.104E-01	9.107E-01	9.109E-01
6.800E+00	9.125E-01	4.016E-04	9.123E-01	9.127E-01	9.129E-01	9.122E-01	9.124E-01	9.126E-01
6.700E+00	9.142E-01	4.024E-04	9.140E-01	9.144E-01	9.146E-01	9.139E-01	9.141E-01	9.143E-01
6.600E+00	9.159E-01	4.031E-04	9.157E-01	9.161E-01	9.163E-01	9.155E-01	9.158E-01	9.160E-01
6.500E+00	9.176E-01	4.039E-04	9.174E-01	9.177E-01	9.179E-01	9.172E-01	9.175E-01	9.177E-01
6.400E+00	9.192E-01	4.046E-04	9.190E-01	9.194E-01	9.196E-01	9.189E-01	9.191E-01	9.193E-01
6.300E+00	9.209E-01	4.053E-04	9.207E-01	9.210E-01	9.212E-01	9.205E-01	9.208E-01	9.209E-01
6.200E+00	9.225E-01	4.060E-04	9.223E-01	9.226E-01	9.228E-01	9.221E-01	9.224E-01	9.225E-01
6.100E+00	9.240E-01	4.067E-04	9.238E-01	9.242E-01	9.244E-01	9.237E-01	9.240E-01	9.241E-01
6.000E+00	9.256E-01	4.074E-04	9.254E-01	9.257E-01	9.260E-01	9.252E-01	9.255E-01	9.257E-01
5.900E+00	9.271E-01	4.081E-04	9.269E-01	9.273E-01	9.275E-01	9.268E-01	9.270E-01	9.272E-01
5.800E+00	9.286E-01	4.087E-04	9.284E-01	9.288E-01	9.290E-01	9.282E-01	9.285E-01	9.287E-01
5.700E+00	9.301E-01	4.094E-04	9.299E-01	9.302E-01	9.304E-01	9.297E-01	9.300E-01	9.301E-01
5.600E+00	9.315E-01	4.100E-04	9.313E-01	9.316E-01	9.318E-01	9.311E-01	9.314E-01	9.316E-01
5.500E+00	9.329E-01	4.106E-04	9.327E-01	9.330E-01	9.332E-01	9.325E-01	9.328E-01	9.329E-01
5.400E+00	9.342E-01	4.112E-04	9.340E-01	9.343E-01	9.345E-01	9.338E-01	9.341E-01	9.343E-01
5.300E+00	9.355E-01	4.117E-04	9.353E-01	9.356E-01	9.358E-01	9.351E-01	9.354E-01	9.355E-01
5.200E+00	9.367E-01	4.123E-04	9.365E-01	9.368E-01	9.370E-01	9.363E-01	9.366E-01	9.368E-01
5.100E+00	9.378E-01	4.128E-04	9.377E-01	9.380E-01	9.382E-01	9.375E-01	9.378E-01	9.379E-01
5.000E+00	9.390E-01	4.133E-04	9.388E-01	9.391E-01	9.393E-01	9.386E-01	9.389E-01	9.390E-01
4.900E+00	9.400E-01	4.137E-04	9.398E-01	9.401E-01	9.404E-01	9.396E-01	9.399E-01	9.401E-01
4.800E+00	9.409E-01	4.142E-04	9.408E-01	9.411E-01	9.413E-01	9.406E-01	9.409E-01	9.410E-01
4.700E+00	9.418E-01	4.146E-04	9.416E-01	9.420E-01	9.422E-01	9.415E-01	9.417E-01	9.419E-01
4.600E+00	9.426E-01	4.149E-04	9.424E-01	9.428E-01	9.430E-01	9.423E-01	9.425E-01	9.427E-01
4.500E+00	9.433E-01	4.152E-04	9.431E-01	9.435E-01	9.437E-01	9.430E-01	9.432E-01	9.434E-01
