1.580E+01	8.250E-01	1.329E-03	8.237E-01	8.262E-01	8.253E-01	8.246E-01	8.249E-01	8.250E-01
1.570E+01	8.253E-01	1.330E-03	8.240E-01	8.266E-01	8.257E-01	8.250E-01	8.253E-01	8.254E-01
1.560E+01	8.257E-01	1.331E-03	8.244E-01	8.270E-01	8.261E-01	8.254E-01	8.257E-01	8.258E-01
1.550E+01	8.261E-01	1.331E-03	8.248E-01	8.274E-01	8.264E-01	8.258E-01	8.261E-01	8.261E-01
1.540E+01	8.265E-01	1.332E-03	8.252E-01	8.277E-01	8.268E-01	8.261E-01	8.264E-01	8.265E-01
1.530E+01	8.268E-01	1.332E-03	8.255E-01	8.281E-01	8.272E-01	8.265E-01	8.268E-01	8.269E-01
1.520E+01	8.272E-01	1.333E-03	8.259E-01	8.285E-01	8.275E-01	8.269E-01	8.272E-01	8.272E-01
1.510E+01	8.276E-01	1.334E-03	8.263E-01	8.288E-01	8.279E-01	8.272E-01	8.275E-01	8.276E-01
1.500E+01	8.279E-01	1.334E-03	8.266E-01	8.292E-01	8.283E-01	8.276E-01	8.279E-01	8.280E-01
1.490E+01	8.283E-01	1.335E-03	8.270E-01	8.295E-01	8.286E-01	8.279E-01	8.282E-01	8.283E-01
1.480E+01	8.286E-01	1.335E-03	8.273E-01	8.299E-01	8.290E-01	8.283E-01	8.286E-01	8.287E-01
1.470E+01	8.290E-01	1.336E-03	8.277E-01	8.302E-01	8.293E-01	8.286E-01	8.289E-01	8.290E-01
1.460E+01	8.293E-01	1.336E-03	8.280E-01	8.306E-01	8.296E-01	8.290E-01	8.293E-01	8.293E-01
1.450E+01	8.296E-01	1.337E-03	8.283E-01	8.309E-01	8.300E-01	8.293E-01	8.296E-01	8.297E-01
1.440E+01	8.300E-01	1.337E-03	8.287E-01	8.313E-01	8.303E-01	8.296E-01	8.299E-01	8.300E-01
1.430E+01	8.303E-01	1.338E-03	8.290E-01	8.316E-01	8.306E-01	8.300E-01	8.303E-01	8.303E-01
1.420E+01	8.306E-01	1.338E-03	8.293E-01	8.319E-01	8.310E-01	8.303E-01	8.306E-01	8.307E-01
1.410E+01	8.309E-01	1.339E-03	8.296E-01	8.322E-01	8.313E-01	8.306E-01	8.309E-01	8.310E-01
1.400E+01	8.313E-01	1.339E-03	8.299E-01	8.325E-01	8.316E-01	8.309E-01	8.312E-01	8.313E-01
1.390E+01	8.316E-01	1.340E-03	8.303E-01	8.328E-01	8.319E-01	8.312E-01	8.315E-01	8.316E-01
1.380E+01	8.319E-01	1.340E-03	8.306E-01	8.331E-01	8.322E-01	8.315E-01	8.318E-01	8.319E-01
1.370E+01	8.322E-01	1.341E-03	8.309E-01	8.334E-01	8.325E-01	8.318E-01	8.321E-01	8.322E-01
1.360E+01	8.325E-01	1.341E-03	8.311E-01	8.337E-01	8.328E-01	8.321E-01	8.324E-01	8.325E-01
1.350E+01	8.327E-01	1.342E-03	8.314E-01	8.340E-01	8.331E-01	8.324E-01	8.327E-01	8.328E-01
1.340E+01	8.330E-01	1.342E-03	8.317E-01	8.343E-01	8.334E-01	8.327E-01	8.330E-01	8.331E-01
1.330E+01	8.333E-01	1.343E-03	8.320E-01	8.346E-01	8.336E-01	8.330E-01	8.333E-01	8.333E-01
1.320E+01	8.336E-01	1.343E-03	8.322E-01	8.348E-01	8.339E-01	8.332E-01	8.335E-01	8.336E-01
1.310E+01	8.338E-01	1.344E-03	8.325E-01	8.351E-01	8.342E-01	8.335E-01	8.338E-01	8.339E-01
1.300E+01	8.341E-01	1.344E-03	8.328E-01	8.354E-01	8.344E-01	8.337E-01	8.340E-01	8.341E-01
1.290E+01	8.343E-01	1.344E-03	8.330E-01	8.356E-01	8.347E-01	8.340E-01	8.343E-01	8.344E-01
1.280E+01	8.346E-01	1.345E-03	8.333E-01	8.359E-01	8.349E-01	8.342E-01	8.345E-01	8.346E-01
1.270E+01	8.348E-01	1.345E-03	8.335E-01	8.361E-01	8.351E-01	8.345E-01	8.348E-01	8.348E-01
1.260E+01	8.350E-01	1.346E-03	8.337E-01	8.363E-01	8.354E-01	8.347E-01	8.350E-01	8.351E-01
1.250E+01	8.352E-01	1.346E-03	8.339E-01	8.365E-01	8.356E-01	8.349E-01	8.352E-01	8.353E-01
1.240E+01	8.355E-01	1.346E-03	8.341E-01	8.367E-01	8.358E-01	8.351E-01	8.354E-01	8.355E-01
1.230E+01	8.357E-01	1.347E-03	8.343E-01	8.369E-01	8.360E-01	8.353E-01	8.356E-01	8.357E-01
1.220E+01	8.359E-01	1.347E-03	8.345E-01	8.371E-01	8.362E-01	8.355E-01	8.358E-01	8.359E-01
1.210E+01	8.360E-01	1.347E-03	8.347E-01	8.373E-01	8.364E-01	8.357E-01	8.360E-01	8.361E-01
1.200E+01	8.362E-01	1.347E-03	8.349E-01	8.375E-01	8.366E-01	8.359E-01	8.362E-01	8.362E-01
1.190E+01	8.364E-01	1.348E-03	8.351E-01	8.377E-01	8.367E-01	8.360E-01	8.363E-01	8.364E-01
1.180E+01	8.365E-01	1.348E-03	8.352E-01	8.378E-01	8.369E-01	8.362E-01	8.365E-01	8.366E-01
1.170E+01	8.367E-01	1.348E-03	8.354E-01	8.380E-01	8.370E-01	8.363E-01	8.366E-01	8.367E-01
1.160E+01	8.368E-01	1.348E-03	8.355E-01	8.381E-01	8.372E-01	8.365E-01	8.368E-01	8.369E-01
1.150E+01	8.370E-01	1.349E-03	8.356E-01	8.382E-01	8.373E-01	8.366E-01	8.369E-01	8.370E-01
1.140E+01	8.371E-01	1.349E-03	8.357E-01	8.384E-01	8.374E-01	8.367E-01	8.370E-01	8.371E-01
1.130E+01	8.372E-01	1.349E-03	8.359E-01	8.385E-01	8.375E-01	8.368E-01	8.371E-01	8.372E-01
1.120E+01	8.373E-01	1.349E-03	8.359E-01	8.386E-01	8.376E-01	8.369E-01	8.372E-01	8.373E-01
1.110E+01	8.374E-01	1.349E-03	8.360E-01	8.386E-01	8.377E-01	8.370E-01	8.373E-01	8.374E-01
1.100E+01	8.374E-01	1.349E-03	8.361E-01	8.387E-01	8.378E-01	8.371E-01	8.374E-01	8.375E-01
1.090E+01	8.375E-01	1.350E-03	8.362E-01	8.388E-01	8.378E-01	8.371E-01	8.374E-01	8.375E-01
1.080E+01	8.375E-01	1.350E-03	8.362E-01	8.388E-01	8.379E-01	8.372E-01	8.375E-01	8.376E-01
1.070E+01	8.376E-01	1.350E-03	8.362E-01	8.388E-01	8.379E-01	8.372E-01	8.375E-01	8.376E-01
1.060E+01	8.376E-01	1.350E-03	8.363E-01	8.389E-01	8.379E-01	8.372E-01	8.375E-01	8.376E-01
1.050E+01	8.376E-01	1.350E-03	8.363E-01	8.389E-01	8.379E-01	8.372E-01	8.375E-01	8.376E-01
1.040E+01	8.376E-01	1.350E-03	8.363E-01	8.389E-01	8.379E-01	8.372E-01	8.375E-01	8.376E-01
1.030E+01	8.375E-01	1.350E-03	8.362E-01	8.388E-01	8.379E-01	8.372E-01	8.375E-01	8.376E-01
1.020E+01	8.375E-01	1.350E-03	8.362E-01	8.388E-01	8.378E-01	8.372E-01	8.375E-01	8.375E-01
1.010E+01	8.375E-01	1.349E-03	8.361E-01	8.387E-01	8.378E-01	8.371E-01	8.374E-01	8.375E-01
1.000E+01	8.374E-01	1.349E-03	8.361E-01	8.387E-01	8.377E-01	8.370E-01	8.373E-01	8.374E-01
9.900E+00	8.373E-01	1.349E-03	8.360E-01	8.386E-01	8.376E-01	8.369E-01	8.373E-01	8.373E-01
9.800E+00	8.372E-01	1.349E-03	8.359E-01	8.385E-01	8.375E-01	8.368E-01	8.371E-01	8.372E-01
9.700E+00	8.371E-01	1.349E-03	8.357E-01	8.383E-01	8.374E-01	8.367E-01	8.370E-01	8.371E-01
9.600E+00	8.369E-01	1.349E-03	8.356E-01	8.382E-01	8.373E-01	8.366E-01	8.369E-01	8.370E-01
9.500E+00	8.368E-01	1.348E-03	8.354E-01	8.380E-01	8.371E-01	8.364E-01	8.367E-01	8.368E-01
9.400E+00	8.366E-01	1.348E-03	8.352E-01	8.379E-01	8.369E-01	8.362E-01	8.365E-01	8.366E-01
9.300E+00	8.364E-01	1.348E-03	8.350E-01	8.377E-01	8.367E-01	8.360E-01	8.363E-01	8.364E-01
9.200E+00	8.361E-01	1.347E-03	8.348E-01	8.374E-01	8.365E-01	8.358E-01	8.361E-01	8.362E-01
9.100E+00	8.359E-01	1.347E-03	8.346E-01	8.372E-01	8.362E-01	8.356E-01	8.359E-01	8.359E-01
9.000E+00	8.356E-01	1.347E-03	8.343E-01	8.369E-01	8.360E-01	8.353E-01	8.356E-01	8.357E-01
8.900E+00	8.353E-01	1.346E-03	8.340E-01	8.366E-01	8.357E-01	8.350E-01	8.353E-01	8.354E-01
8.800E+00	8.350E-01	1.346E-03	8.337E-01	8.363E-01	8.354E-01	8.347E-01	8.350E-01	8.350E-01
8.700E+00	8.347E-01	1.345E-03	8.334E-01	8.360E-01	8.350E-01	8.343E-01	8.346E-01	8.347E-01
8.600E+00	8.343E-01	1.344E-03	8.330E-01	8.356E-01	8.346E-01	8.340E-01	8.343E-01	8.343E-01
8.500E+00	8.339E-01	1.344E-03	8.326E-01	8.352E-01	8.342E-01	8.336E-01	8.339E-01	8.339E-01
8.400E+00	8.335E-01	1.343E-03	8.322E-01	8.348E-01	8.338E-01	8.331E-01	8.334E-01	8.335E-01
8.300E+00	8.330E-01	1.342E-03	8.317E-01	8.343E-01	8.334E-01	8.327E-01	8.330E-01	8.331E-01
8.200E+00	8.325E-01	1.342E-03	8.312E-01	8.338E-01	8.329E-01	8.322E-01	8.325E-01	8.326E-01
8.100E+00	8.320E-01	1.341E-03	8.307E-01	8.333E-01	8.324E-01	8.317E-01	8.320E-01	8.321E-01
8.000E+00	8.315E-01	1.340E-03	8.302E-01	8.328E-01	8.318E-01	8.311E-01	8.314E-01	8.315E-01
7.900E+00	8.309E-01	1.339E-03	8.296E-01	8.322E-01	8.312E-01	8.306E-01	8.309E-01	8.309E-01
7.800E+00	8.303E-01	1.338E-03	8.290E-01	8.316E-01	8.306E-01	8.299E-01	8.303E-01	8.303E-01
7.700E+00	8.296E-01	1.337E-03	8.283E-01	8.309E-01	8.300E-01	8.293E-01	8.296E-01	8.297E-01
7.600E+00	8.289E-01	1.336E-03	8.276E-01	8.302E-01	8.293E-01	8.286E-01	8.289E-01	8.290E-01
7.500E+00	8.282E-01	1.335E-03	8.269E-01	8.295E-01	8.286E-01	8.279E-01	8.282E-01	8.283E-01
7.400E+00	8.275E-01	1.333E-03	8.262E-01	8.287E-01	8.278E-01	8.271E-01	8.274E-01	8.275E-01
7.300E+00	8.266E-01	1.332E-03	8.253E-01	8.279E-01	8.270E-01	8.263E-01	8.266E-01	8.267E-01
7.200E+00	8.258E-01	1.331E-03	8.245E-01	8.271E-01	8.261E-01	8.255E-01	8.258E-01	8.258E-01
7.100E+00	8.249E-01	1.329E-03	8.236E-01	8.262E-01	8.252E-01	8.246E-01	8.249E-01	8.249E-01
7.000E+00	8.239E-01	1.328E-03	8.227E-01	8.252E-01	8.243E-01	8.236E-01	8.239E-01	8.240E-01
6.900E+00	8.230E-01	1.326E-03	8.217E-01	8.242E-01	8.233E-01	8.226E-01	8.229E-01	8.230E-01
6.800E+00	8.219E-01	1.324E-03	8.206E-01	8.232E-01	8.222E-01	8.216E-01	8.219E-01	8.219E-01
6.700E+00	8.208E-01	1.323E-03	8.195E-01	8.221E-01	8.211E-01	8.205E-01	8.208E-01	8.209E-01
6.600E+00	8.197E-01	1.321E-03	8.184E-01	8.209E-01	8.200E-01	8.193E-01	8.196E-01	8.197E-01
6.500E+00	8.185E-01	1.319E-03	8.172E-01	8.197E-01	8.188E-01	8.181E-01	8.184E-01	8.185E-01
6.400E+00	8.172E-01	1.317E-03	8.159E-01	8.184E-01	8.175E-01	8.168E-01	8.171E-01	8.172E-01
6.300E+00	8.158E-01	1.315E-03	8.146E-01	8.171E-01	8.162E-01	8.155E-01	8.158E-01	8.159E-01
6.200E+00	8.144E-01	1.312E-03	8.132E-01	8.157E-01	8.148E-01	8.141E-01	8.144E-01	8.145E-01
6.100E+00	8.130E-01	1.310E-03	8.117E-01	8.142E-01	8.133E-01	8.127E-01	8.129E-01	8.130E-01
6.000E+00	8.114E-01	1.308E-03	8.102E-01	8.127E-01	8.118E-01	8.111E-01	8.114E-01	8.115E-01
5.900E+00	8.098E-01	1.305E-03	8.086E-01	8.111E-01	8.102E-01	8.095E-01	8.098E-01	8.099E-01
5.800E+00	8.081E-01	1.302E-03	8.069E-01	8.094E-01	8.085E-01	8.078E-01	8.081E-01	8.082E-01
5.700E+00	8.064E-01	1.299E-03	8.051E-01	8.076E-01	8.067E-01	8.060E-01	8.063E-01	8.064E-01
5.600E+00	8.045E-01	1.296E-03	8.032E-01	8.058E-01	8.048E-01	8.042E-01	8.045E-01	8.046E-01
5.500E+00	8.026E-01	1.293E-03	8.013E-01	8.038E-01	8.029E-01	8.022E-01	8.025E-01	8.026E-01
5.400E+00	8.005E-01	1.290E-03	7.993E-01	8.018E-01	8.009E-01	8.002E-01	8.005E-01	8.006E-01
5.300E+00	7.984E-01	1.287E-03	7.971E-01	7.996E-01	7.987E-01	7.981E-01	7.984E-01	7.984E-01
5.200E+00	7.962E-01	1.283E-03	7.949E-01	7.974E-01	7.965E-01	7.958E-01	7.961E-01	7.962E-01
5.100E+00	7.938E-01	1.279E-03	7.926E-01	7.950E-01	7.941E-01	7.935E-01	7.938E-01	7.938E-01
5.000E+00	7.914E-01	1.275E-03	7.901E-01	7.926E-01	7.917E-01	7.910E-01	7.913E-01	7.914E-01
4.900E+00	7.888E-01	1.271E-03	7.875E-01	7.900E-01	7.891E-01	7.885E-01	7.887E-01	7.888E-01
4.800E+00	7.861E-01	1.267E-03	7.848E-01	7.873E-01	7.864E-01	7.858E-01	7.860E-01	7.861E-01
4.700E+00	7.832E-01	1.262E-03	7.820E-01	7.844E-01	7.836E-01	7.829E-01	7.832E-01	7.833E-01
4.600E+00	7.803E-01	1.257E-03	7.790E-01	7.815E-01	7.806E-01	7.799E-01	7.802E-01	7.803E-01
4.500E+00	7.771E-01	1.252E-03	7.759E-01	7.783E-01	7.775E-01	7.768E-01	7.771E-01	7.772E-01
