1.000E-02	9.017E-01	9.015E-05	9.018E-01	9.017E-01	9.018E-01	9.017E-01	9.017E-01	9.017E-01
2.000E-02	9.016E-01	8.971E-05	9.017E-01	9.016E-01	9.017E-01	9.016E-01	9.016E-01	9.016E-01
3.000E-02	9.014E-01	8.912E-05	9.015E-01	9.014E-01	9.015E-01	9.014E-01	9.014E-01	9.014E-01
4.000E-02	9.012E-01	8.840E-05	9.013E-01	9.012E-01	9.013E-01	9.012E-01	9.012E-01	9.012E-01
5.000E-02	9.009E-01	8.757E-05	9.010E-01	9.009E-01	9.010E-01	9.009E-01	9.009E-01	9.009E-01
6.000E-02	9.006E-01	8.667E-05	9.007E-01	9.005E-01	9.007E-01	9.005E-01	9.006E-01	9.006E-01
7.000E-02	9.002E-01	8.569E-05	9.003E-01	9.002E-01	9.003E-01	9.002E-01	9.002E-01	9.002E-01
8.000E-02	8.998E-01	8.466E-05	8.998E-01	8.997E-01	8.998E-01	8.997E-01	8.998E-01	8.998E-01
9.000E-02	8.993E-01	8.357E-05	8.994E-01	8.992E-01	8.994E-01	8.992E-01	8.993E-01	8.993E-01
1.000E-01	8.988E-01	8.244E-05	8.988E-01	8.987E-01	8.988E-01	8.987E-01	8.988E-01	8.988E-01
1.100E-01	8.982E-01	8.127E-05	8.982E-01	8.981E-01	8.983E-01	8.981E-01	8.982E-01	8.982E-01
1.200E-01	8.976E-01	8.008E-05	8.976E-01	8.975E-01	8.976E-01	8.975E-01	8.976E-01	8.976E-01
1.300E-01	8.969E-01	7.886E-05	8.970E-01	8.969E-01	8.970E-01	8.968E-01	8.969E-01	8.969E-01
1.400E-01	8.962E-01	7.763E-05	8.963E-01	8.961E-01	8.963E-01	8.961E-01	8.962E-01	8.962E-01
1.500E-01	8.954E-01	7.638E-05	8.955E-01	8.954E-01	8.955E-01	8.954E-01	8.954E-01	8.955E-01
1.600E-01	8.947E-01	7.513E-05	8.947E-01	8.946E-01	8.947E-01	8.946E-01	8.946E-01	8.947E-01
1.700E-01	8.938E-01	7.388E-05	8.939E-01	8.938E-01	8.939E-01	8.938E-01	8.938E-01	8.938E-01
1.800E-01	8.929E-01	7.264E-05	8.930E-01	8.929E-01	8.930E-01	8.929E-01	8.929E-01	8.929E-01
1.900E-01	8.920E-01	7.140E-05	8.921E-01	8.920E-01	8.921E-01	8.920E-01	8.920E-01	8.920E-01
2.000E-01	8.911E-01	7.018E-05	8.911E-01	8.910E-01	8.911E-01	8.910E-01	8.911E-01	8.911E-01
2.100E-01	8.901E-01	6.897E-05	8.901E-01	8.900E-01	8.901E-01	8.900E-01	8.901E-01	8.901E-01
2.200E-01	8.890E-01	6.779E-05	8.891E-01	8.890E-01	8.891E-01	8.890E-01	8.890E-01	8.890E-01
2.300E-01	8.879E-01	6.663E-05	8.880E-01	8.879E-01	8.880E-01	8.879E-01	8.879E-01	8.879E-01
2.400E-01	8.868E-01	6.551E-05	8.869E-01	8.868E-01	8.869E-01	8.868E-01	8.868E-01	8.868E-01
2.500E-01	8.857E-01	6.441E-05	8.857E-01	8.856E-01	8.857E-01	8.856E-01	8.857E-01	8.857E-01
2.600E-01	8.845E-01	6.336E-05	8.845E-01	8.844E-01	8.845E-01	8.844E-01	8.845E-01	8.845E-01
2.700E-01	8.832E-01	6.234E-05	8.833E-01	8.832E-01	8.833E-01	8.832E-01	8.832E-01	8.832E-01
2.800E-01	8.820E-01	6.137E-05	8.820E-01	8.820E-01	8.820E-01	8.819E-01	8.820E-01	8.820E-01
2.900E-01	8.807E-01	6.045E-05	8.807E-01	8.806E-01	8.807E-01	8.806E-01	8.807E-01	8.807E-01
3.000E-01	8.793E-01	5.957E-05	8.793E-01	8.793E-01	8.794E-01	8.793E-01	8.793E-01	8.793E-01
3.100E-01	8.780E-01	5.875E-05	8.780E-01	8.779E-01	8.780E-01	8.779E-01	8.779E-01	8.780E-01
3.200E-01	8.765E-01	5.799E-05	8.766E-01	8.765E-01	8.766E-01	8.765E-01	8.765E-01	8.765E-01
3.300E-01	8.751E-01	5.728E-05	8.751E-01	8.751E-01	8.751E-01	8.750E-01	8.751E-01	8.751E-01
3.400E-01	8.736E-01	5.663E-05	8.736E-01	8.736E-01	8.737E-01	8.736E-01	8.736E-01	8.736E-01
3.500E-01	8.721E-01	5.604E-05	8.721E-01	8.721E-01	8.721E-01	8.720E-01	8.721E-01	8.721E-01
3.600E-01	8.705E-01	5.551E-05	8.705E-01	8.705E-01	8.706E-01	8.705E-01	8.705E-01	8.705E-01
3.700E-01	8.690E-01	5.505E-05	8.690E-01	8.689E-01	8.690E-01	8.689E-01	8.689E-01	8.690E-01
3.800E-01	8.673E-01	5.465E-05	8.673E-01	8.673E-01	8.674E-01	8.673E-01	8.673E-01	8.673E-01
3.900E-01	8.657E-01	5.431E-05	8.657E-01	8.657E-01	8.657E-01	8.656E-01	8.657E-01	8.657E-01
4.000E-01	8.640E-01	5.403E-05	8.640E-01	8.640E-01	8.640E-01	8.639E-01	8.640E-01	8.640E-01
4.100E-01	8.623E-01	5.381E-05	8.623E-01	8.623E-01	8.623E-01	8.622E-01	8.623E-01	8.623E-01
4.200E-01	8.605E-01	5.366E-05	8.605E-01	8.605E-01	8.606E-01	8.605E-01	8.605E-01	8.605E-01
4.300E-01	8.587E-01	5.356E-05	8.587E-01	8.588E-01	8.588E-01	8.587E-01	8.587E-01	8.588E-01
4.400E-01	8.569E-01	5.352E-05	8.569E-01	8.569E-01	8.570E-01	8.569E-01	8.569E-01	8.569E-01
4.500E-01	8.551E-01	5.354E-05	8.551E-01	8.551E-01	8.551E-01	8.550E-01	8.551E-01	8.551E-01
4.600E-01	8.532E-01	5.361E-05	8.532E-01	8.532E-01	8.533E-01	8.532E-01	8.532E-01	8.532E-01
4.700E-01	8.513E-01	5.372E-05	8.513E-01	8.513E-01	8.514E-01	8.513E-01	8.513E-01	8.513E-01
4.800E-01	8.494E-01	5.389E-05	8.494E-01	8.494E-01	8.494E-01	8.493E-01	8.494E-01	8.494E-01
4.900E-01	8.474E-01	5.409E-05	8.474E-01	8.474E-01	8.475E-01	8.474E-01	8.474E-01	8.474E-01
5.000E-01	8.454E-01	5.434E-05	8.454E-01	8.454E-01	8.455E-01	8.454E-01	8.454E-01	8.454E-01
5.100E-01	8.434E-01	5.463E-05	8.434E-01	8.434E-01	8.435E-01	8.434E-01	8.434E-01	8.434E-01
5.200E-01	8.414E-01	5.495E-05	8.413E-01	8.414E-01	8.414E-01	8.413E-01	8.413E-01	8.414E-01
5.300E-01	8.393E-01	5.530E-05	8.393E-01	8.393E-01	8.393E-01	8.392E-01	8.393E-01	8.393E-01
5.400E-01	8.372E-01	5.568E-05	8.371E-01	8.372E-01	8.372E-01	8.371E-01	8.372E-01	8.372E-01
5.500E-01	8.350E-01	5.608E-05	8.350E-01	8.351E-01	8.351E-01	8.350E-01	8.350E-01	8.350E-01
5.600E-01	8.329E-01	5.650E-05	8.328E-01	8.329E-01	8.329E-01	8.328E-01	8.329E-01	8.329E-01
5.700E-01	8.307E-01	5.694E-05	8.307E-01	8.307E-01	8.307E-01	8.306E-01	8.307E-01	8.307E-01
5.800E-01	8.285E-01	5.740E-05	8.284E-01	8.285E-01	8.285E-01	8.284E-01	8.285E-01	8.285E-01
5.900E-01	8.262E-01	5.787E-05	8.262E-01	8.263E-01	8.263E-01	8.262E-01	8.262E-01	8.262E-01
6.000E-01	8.240E-01	5.834E-05	8.239E-01	8.240E-01	8.240E-01	8.239E-01	8.240E-01	8.240E-01
6.100E-01	8.217E-01	5.883E-05	8.216E-01	8.217E-01	8.217E-01	8.216E-01	8.217E-01	8.217E-01
6.200E-01	8.193E-01	5.932E-05	8.193E-01	8.194E-01	8.194E-01	8.193E-01	8.193E-01	8.194E-01
6.300E-01	8.170E-01	5.980E-05	8.170E-01	8.170E-01	8.171E-01	8.170E-01	8.170E-01	8.170E-01
6.400E-01	8.146E-01	6.029E-05	8.146E-01	8.147E-01	8.147E-01	8.146E-01	8.146E-01	8.146E-01
6.500E-01	8.122E-01	6.078E-05	8.122E-01	8.123E-01	8.123E-01	8.122E-01	8.122E-01	8.123E-01
6.600E-01	8.098E-01	6.125E-05	8.098E-01	8.099E-01	8.099E-01	8.098E-01	8.098E-01	8.098E-01
6.700E-01	8.074E-01	6.172E-05	8.073E-01	8.074E-01	8.074E-01	8.073E-01	8.074E-01	8.074E-01
6.800E-01	8.049E-01	6.219E-05	8.049E-01	8.050E-01	8.050E-01	8.049E-01	8.049E-01	8.049E-01
6.900E-01	8.024E-01	6.264E-05	8.024E-01	8.025E-01	8.025E-01	8.024E-01	8.024E-01	8.024E-01
7.000E-01	7.999E-01	6.307E-05	7.999E-01	8.000E-01	8.000E-01	7.999E-01	7.999E-01	7.999E-01
7.100E-01	7.974E-01	6.350E-05	7.974E-01	7.974E-01	7.974E-01	7.974E-01	7.974E-01	7.974E-01
7.200E-01	7.948E-01	6.390E-05	7.948E-01	7.949E-01	7.949E-01	7.948E-01	7.948E-01	7.949E-01
7.300E-01	7.923E-01	6.429E-05	7.922E-01	7.923E-01	7.923E-01	7.922E-01	7.923E-01	7.923E-01
7.400E-01	7.897E-01	6.466E-05	7.896E-01	7.897E-01	7.897E-01	7.896E-01	7.897E-01	7.897E-01
7.500E-01	7.871E-01	6.502E-05	7.870E-01	7.871E-01	7.871E-01	7.870E-01	7.871E-01	7.871E-01
7.600E-01	7.844E-01	6.535E-05	7.844E-01	7.845E-01	7.845E-01	7.844E-01	7.844E-01	7.844E-01
7.700E-01	7.818E-01	6.565E-05	7.817E-01	7.818E-01	7.818E-01	7.817E-01	7.818E-01	7.818E-01
7.800E-01	7.791E-01	6.594E-05	7.790E-01	7.791E-01	7.791E-01	7.790E-01	7.791E-01	7.791E-01
7.900E-01	7.764E-01	6.620E-05	7.763E-01	7.764E-01	7.764E-01	7.763E-01	7.764E-01	7.764E-01
8.000E-01	7.737E-01	6.644E-05	7.736E-01	7.737E-01	7.737E-01	7.736E-01	7.737E-01	7.737E-01
8.100E-01	7.709E-01	6.665E-05	7.709E-01	7.710E-01	7.710E-01	7.709E-01	7.709E-01	7.709E-01
8.200E-01	7.682E-01	6.683E-05	7.681E-01	7.682E-01	7.682E-01	7.681E-01	7.682E-01	7.682E-01
8.300E-01	7.654E-01	6.699E-05	7.654E-01	7.655E-01	7.654E-01	7.654E-01	7.654E-01	7.654E-01
8.400E-01	7.626E-01	6.712E-05	7.626E-01	7.627E-01	7.627E-01	7.626E-01	7.626E-01	7.626E-01
8.500E-01	7.598E-01	6.723E-05	7.598E-01	7.599E-01	7.598E-01	7.598E-01	7.598E-01	7.598E-01
8.600E-01	7.570E-01	6.730E-05	7.569E-01	7.570E-01	7.570E-01	7.569E-01	7.570E-01	7.570E-01
8.700E-01	7.541E-01	6.735E-05	7.541E-01	7.542E-01	7.542E-01	7.541E-01	7.541E-01	7.542E-01
8.800E-01	7.513E-01	6.737E-05	7.512E-01	7.513E-01	7.513E-01	7.512E-01	7.513E-01	7.513E-01
8.900E-01	7.484E-01	6.735E-05	7.484E-01	7.485E-01	7.484E-01	7.484E-01	7.484E-01	7.484E-01
9.000E-01	7.455E-01	6.731E-05	7.455E-01	7.456E-01	7.455E-01	7.455E-01	7.455E-01	7.455E-01
9.100E-01	7.426E-01	6.724E-05	7.425E-01	7.427E-01	7.426E-01	7.426E-01	7.426E-01	7.426E-01
9.200E-01	7.397E-01	6.714E-05	7.396E-01	7.397E-01	7.397E-01	7.396E-01	7.397E-01	7.397E-01
9.300E-01	7.367E-01	6.700E-05	7.367E-01	7.368E-01	7.368E-01	7.367E-01	7.367E-01	7.368E-01
9.400E-01	7.338E-01	6.684E-05	7.337E-01	7.338E-01	7.338E-01	7.338E-01	7.338E-01	7.338E-01
9.500E-01	7.308E-01	6.665E-05	7.308E-01	7.309E-01	7.309E-01	7.308E-01	7.308E-01	7.308E-01
9.600E-01	7.278E-01	6.642E-05	7.278E-01	7.279E-01	7.279E-01	7.278E-01	7.278E-01	7.278E-01
9.700E-01	7.248E-01	6.616E-05	7.248E-01	7.249E-01	7.249E-01	7.248E-01	7.248E-01	7.249E-01
9.800E-01	7.218E-01	6.588E-05	7.218E-01	7.219E-01	7.219E-01	7.218E-01	7.218E-01	7.218E-01
9.900E-01	7.188E-01	6.556E-05	7.188E-01	7.189E-01	7.188E-01	7.188E-01	7.188E-01	7.188E-01
1.000E+00	7.158E-01	6.521E-05	7.157E-01	7.158E-01	7.158E-01	7.157E-01	7.158E-01	7.158E-01
1.010E+00	7.127E-01	6.483E-05	7.127E-01	7.128E-01	7.128E-01	7.127E-01	7.127E-01	7.127E-01
1.020E+00	7.097E-01	6.442E-05	7.096E-01	7.097E-01	7.097E-01	7.096E-01	7.097E-01	7.097E-01
1.030E+00	7.066E-01	6.398E-05	7.065E-01	7.066E-01	7.066E-01	7.066E-01	7.066E-01	7.066E-01
1.040E+00	7.035E-01	6.351E-05	7.035E-01	7.036E-01	7.035E-01	7.035E-01	7.035E-01	7.035E-01
1.050E+00	7.004E-01	6.301E-05	7.004E-01	7.005E-01	7.004E-01	7.004E-01	7.004E-01	7.004E-01
1.060E+00	6.973E-01	6.248E-05	6.973E-01	6.974E-01	6.973E-01	6.973E-01	6.973E-01	6.973E-01
1.070E+00	6.942E-01	6.192E-05	6.941E-01	6.942E-01	6.942E-01	6.942E-01	6.942E-01	6.942E-01
1.080E+00	6.911E-01	6.133E-05	6.910E-01	6.911E-01	6.911E-01	6.910E-01	6.910E-01	6.911E-01
1.090E+00	6.879E-01	6.071E-05	6.879E-01	6.880E-01	6.879E-01	6.879E-01	6.879E-01	6.879E-01
1.100E+00	6.848E-01	6.006E-05	6.847E-01	6.848E-01	6.848E-01	6.847E-01	6.848E-01	6.848E-01
1.110E+00	6.816E-01	5.938E-05	6.816E-01	6.817E-01	6.816E-01	6.816E-01	6.816E-01	6.816E-01
1.120E+00	6.784E-01	5.868E-05	6.784E-01	6.785E-01	6.785E-01	6.784E-01	6.784E-01	6.785E-01
1.130E+00	6.753E-01	5.795E-05	6.752E-01	6.753E-01	6.753E-01	6.752E-01	6.753E-01	6.753E-01
1.140E+00	6.721E-01	5.719E-05	6.720E-01	6.721E-01	6.721E-01	6.721E-01	6.721E-01	6.721E-01
1.150E+00	6.689E-01	5.640E-05	6.688E-01	6.689E-01	6.689E-01	6.689E-01	6.689E-01	6.689E-01
1.160E+00	6.657E-01	5.559E-05	6.656E-01	6.657E-01	6.657E-01	6.657E-01	6.657E-01	6.657E-01
1.170E+00	6.625E-01	5.475E-05	6.624E-01	6.625E-01	6.625E-01	6.625E-01	6.625E-01	6.625E-01
1.180E+00	6.593E-01	5.388E-05	6.592E-01	6.593E-01	6.593E-01	6.592E-01	6.593E-01	6.593E-01
1.190E+00	6.560E-01	5.300E-05	6.560E-01	6.561E-01	6.561E-01	6.560E-01	6.560E-01	6.561E-01
1.200E+00	6.528E-01	5.208E-05	6.528E-01	6.529E-01	6.528E-01	6.528E-01	6.528E-01	6.528E-01
1.210E+00	6.496E-01	5.115E-05	6.495E-01	6.496E-01	6.496E-01	6.496E-01	6.496E-01	6.496E-01
1.220E+00	6.463E-01	5.019E-05	6.463E-01	6.464E-01	6.464E-01	6.463E-01	6.463E-01	6.463E-01
1.230E+00	6.431E-01	4.921E-05	6.430E-01	6.431E-01	6.431E-01	6.431E-01	6.431E-01	6.431E-01
1.240E+00	6.398E-01	4.820E-05	6.398E-01	6.399E-01	6.398E-01	6.398E-01	6.398E-01	6.398E-01
1.250E+00	6.366E-01	4.718E-05	6.365E-01	6.366E-01	6.366E-01	6.365E-01	6.365E-01	6.366E-01
1.260E+00	6.333E-01	4.614E-05	6.333E-01	6.333E-01	6.333E-01	6.333E-01	6.333E-01	6.333E-01
1.270E+00	6.300E-01	4.508E-05	6.300E-01	6.301E-01	6.300E-01	6.300E-01	6.300E-01	6.300E-01
1.280E+00	6.268E-01	4.401E-05	6.267E-01	6.268E-01	6.268E-01	6.267E-01	6.267E-01	6.268E-01
1.290E+00	6.235E-01	4.291E-05	6.234E-01	6.235E-01	6.235E-01	6.235E-01	6.235E-01	6.235E-01
1.300E+00	6.202E-01	4.181E-05	6.202E-01	6.202E-01	6.202E-01	6.202E-01	6.202E-01	6.202E-01
1.310E+00	6.169E-01	4.069E-05	6.169E-01	6.169E-01	6.169E-01	6.169E-01	6.169E-01	6.169E-01
1.320E+00	6.136E-01	3.956E-05	6.136E-01	6.136E-01	6.136E-01	6.136E-01	6.136E-01	6.136E-01
1.330E+00	6.103E-01	3.842E-05	6.103E-01	6.103E-01	6.103E-01	6.103E-01	6.103E-01	6.103E-01
1.340E+00	6.070E-01	3.727E-05	6.070E-01	6.070E-01	6.070E-01	6.070E-01	6.070E-01	6.070E-01
1.350E+00	6.037E-01	3.612E-05	6.037E-01	6.037E-01	6.037E-01	6.037E-01	6.037E-01	6.037E-01
1.360E+00	6.004E-01	3.497E-05	6.004E-01	6.004E-01	6.004E-01	6.004E-01	6.004E-01	6.004E-01
1.370E+00	5.971E-01	3.382E-05	5.971E-01	5.971E-01	5.971E-01	5.971E-01	5.971E-01	5.971E-01
1.380E+00	5.938E-01	3.267E-05	5.938E-01	5.938E-01	5.938E-01	5.938E-01	5.938E-01	5.938E-01
1.390E+00	5.905E-01	3.153E-05	5.905E-01	5.905E-01	5.905E-01	5.905E-01	5.905E-01	5.905E-01
1.400E+00	5.872E-01	3.040E-05	5.872E-01	5.872E-01	5.872E-01	5.872E-01	5.872E-01	5.872E-01
1.410E+00	5.839E-01	2.928E-05	5.839E-01	5.839E-01	5.839E-01	5.839E-01	5.839E-01	5.839E-01
1.420E+00	5.806E-01	2.819E-05	5.805E-01	5.806E-01	5.806E-01	5.805E-01	5.805E-01	5.806E-01
1.430E+00	5.772E-01	2.713E-05	5.772E-01	5.773E-01	5.773E-01	5.772E-01	5.772E-01	5.773E-01
1.440E+00	5.739E-01	2.610E-05	5.739E-01	5.739E-01	5.739E-01	5.739E-01	5.739E-01	5.739E-01
1.450E+00	5.706E-01	2.512E-05	5.706E-01	5.706E-01	5.706E-01	5.706E-01	5.706E-01	5.706E-01
1.460E+00	5.673E-01	2.419E-05	5.673E-01	5.673E-01	5.673E-01	5.673E-01	5.673E-01	5.673E-01
1.470E+00	5.640E-01	2.332E-05	5.640E-01	5.640E-01	5.640E-01	5.640E-01	5.640E-01	5.640E-01
1.480E+00	5.607E-01	2.253E-05	5.607E-01	5.607E-01	5.607E-01	5.607E-01	5.607E-01	5.607E-01
1.490E+00	5.574E-01	2.182E-05	5.574E-01	5.574E-01	5.574E-01	5.574E-01	5.573E-01	5.574E-01
1.500E+00	5.541E-01	2.122E-05	5.540E-01	5.541E-01	5.541E-01	5.540E-01	5.540E-01	5.541E-01
1.510E+00	5.507E-01	2.072E-05	5.507E-01	5.507E-01	5.508E-01	5.507E-01	5.507E-01	5.508E-01
1.520E+00	5.474E-01	2.035E-05	5.474E-01	5.474E-01	5.474E-01	5.474E-01	5.474E-01	5.475E-01
1.530E+00	5.441E-01	2.012E-05	5.441E-01	5.441E-01	5.441E-01	5.441E-01	5.441E-01	5.441E-01
1.540E+00	5.408E-01	2.002E-05	5.408E-01	5.408E-01	5.408E-01	5.408E-01	5.408E-01	5.408E-01
1.550E+00	5.375E-01	2.008E-05	5.375E-01	5.375E-01	5.375E-01	5.375E-01	5.375E-01	5.375E-01
1.560E+00	5.342E-01	2.028E-05	5.342E-01	5.342E-01	5.342E-01	5.342E-01	5.342E-01	5.342E-01
1.570E+00	5.309E-01	2.064E-05	5.309E-01	5.309E-01	5.309E-01	5.309E-01	5.309E-01	5.309E-01
1.580E+00	5.276E-01	2.114E-05	5.276E-01	5.276E-01	5.276E-01	5.276E-01	5.276E-01	5.276E-01
1.590E+00	5.243E-01	2.177E-05	5.243E-01	5.243E-01	5.243E-01	5.243E-01	5.243E-01	5.244E-01
1.600E+00	5.210E-01	2.254E-05	5.211E-01	5.210E-01	5.211E-01	5.210E-01	5.210E-01	5.211E-01
1.610E+00	5.178E-01	2.342E-05	5.178E-01	5.178E-01	5.178E-01	5.178E-01	5.177E-01	5.178E-01
1.620E+00	5.145E-01	2.441E-05	5.145E-01	5.145E-01	5.145E-01	5.145E-01	5.145E-01	5.145E-01
1.630E+00	5.112E-01	2.550E-05	5.112E-01	5.112E-01	5.112E-01	5.112E-01	5.112E-01	5.112E-01
1.640E+00	5.079E-01	2.667E-05	5.080E-01	5.079E-01	5.079E-01	5.079E-01	5.079E-01	5.080E-01
1.650E+00	5.047E-01	2.792E-05	5.047E-01	5.046E-01	5.047E-01	5.047E-01	5.046E-01	5.047E-01
1.660E+00	5.014E-01	2.924E-05	5.014E-01	5.014E-01	5.014E-01	5.014E-01	5.014E-01	5.014E-01
1.670E+00	4.981E-01	3.061E-05	4.982E-01	4.981E-01	4.981E-01	4.981E-01	4.981E-01	4.982E-01
1.680E+00	4.949E-01	3.205E-05	4.949E-01	4.949E-01	4.949E-01	4.949E-01	4.949E-01	4.949E-01
1.690E+00	4.916E-01	3.352E-05	4.917E-01	4.916E-01	4.916E-01	4.916E-01	4.916E-01	4.917E-01
1.700E+00	4.884E-01	3.505E-05	4.884E-01	4.884E-01	4.884E-01	4.884E-01	4.884E-01	4.884E-01
1.710E+00	4.852E-01	3.660E-05	4.852E-01	4.851E-01	4.852E-01	4.851E-01	4.851E-01	4.852E-01
1.720E+00	4.819E-01	3.820E-05	4.820E-01	4.819E-01	4.819E-01	4.819E-01	4.819E-01	4.819E-01
1.730E+00	4.787E-01	3.982E-05	4.787E-01	4.787E-01	4.787E-01	4.787E-01	4.787E-01	4.787E-01
1.740E+00	4.755E-01	4.147E-05	4.755E-01	4.754E-01	4.755E-01	4.755E-01	4.754E-01	4.755E-01
1.750E+00	4.723E-01	4.314E-05	4.723E-01	4.722E-01	4.723E-01	4.723E-01	4.722E-01	4.723E-01
1.760E+00	4.690E-01	4.483E-05	4.691E-01	4.690E-01	4.690E-01	4.690E-01	4.690E-01	4.691E-01
1.770E+00	4.658E-01	4.654E-05	4.659E-01	4.658E-01	4.658E-01	4.658E-01	4.658E-01	4.659E-01
1.780E+00	4.626E-01	4.827E-05	4.627E-01	4.626E-01	4.626E-01	4.626E-01	4.626E-01	4.627E-01
1.790E+00	4.595E-01	5.001E-05	4.595E-01	4.594E-01	4.595E-01	4.595E-01	4.594E-01	4.595E-01
1.800E+00	4.563E-01	5.176E-05	4.563E-01	4.562E-01	4.563E-01	4.563E-01	4.563E-01	4.563E-01
1.810E+00	4.531E-01	5.353E-05	4.532E-01	4.531E-01	4.531E-01	4.531E-01	4.531E-01	4.531E-01
1.820E+00	4.499E-01	5.530E-05	4.500E-01	4.499E-01	4.499E-01	4.499E-01	4.499E-01	4.500E-01
1.830E+00	4.468E-01	5.709E-05	4.468E-01	4.467E-01	4.468E-01	4.468E-01	4.468E-01	4.468E-01
1.840E+00	4.436E-01	5.888E-05	4.437E-01	4.436E-01	4.436E-01	4.436E-01	4.436E-01	4.436E-01
1.850E+00	4.405E-01	6.068E-05	4.405E-01	4.404E-01	4.405E-01	4.405E-01	4.405E-01	4.405E-01
1.860E+00	4.374E-01	6.248E-05	4.374E-01	4.373E-01	4.373E-01	4.374E-01	4.373E-01	4.374E-01
1.870E+00	4.342E-01	6.429E-05	4.343E-01	4.342E-01	4.342E-01	4.342E-01	4.342E-01	4.342E-01
1.880E+00	4.311E-01	6.610E-05	4.312E-01	4.310E-01	4.311E-01	4.311E-01	4.311E-01	4.311E-01
1.890E+00	4.280E-01	6.791E-05	4.281E-01	4.279E-01	4.280E-01	4.280E-01	4.280E-01	4.280E-01
1.900E+00	4.249E-01	6.972E-05	4.250E-01	4.248E-01	4.249E-01	4.249E-01	4.249E-01	4.249E-01
1.910E+00	4.218E-01	7.154E-05	4.219E-01	4.217E-01	4.218E-01	4.218E-01	4.218E-01	4.218E-01
1.920E+00	4.187E-01	7.335E-05	4.188E-01	4.186E-01	4.187E-01	4.187E-01	4.187E-01	4.187E-01
1.930E+00	4.156E-01	7.517E-05	4.157E-01	4.156E-01	4.156E-01	4.157E-01	4.156E-01	4.157E-01
1.940E+00	4.126E-01	7.698E-05	4.127E-01	4.125E-01	4.126E-01	4.126E-01	4.126E-01	4.126E-01
1.950E+00	4.095E-01	7.879E-05	4.096E-01	4.095E-01	4.095E-01	4.095E-01	4.095E-01	4.095E-01
1.960E+00	4.065E-01	8.060E-05	4.066E-01	4.064E-01	4.065E-01	4.065E-01	4.065E-01	4.065E-01
1.970E+00	4.034E-01	8.241E-05	4.035E-01	4.034E-01	4.034E-01	4.035E-01	4.034E-01	4.035E-01
1.980E+00	4.004E-01	8.421E-05	4.005E-01	4.003E-01	4.004E-01	4.004E-01	4.004E-01	4.004E-01
1.990E+00	3.974E-01	8.601E-05	3.975E-01	3.973E-01	3.974E-01	3.974E-01	3.974E-01	3.974E-01
2.000E+00	3.944E-01	8.780E-05	3.945E-01	3.943E-01	3.944E-01	3.944E-01	3.944E-01	3.944E-01
2.010E+00	3.914E-01	8.959E-05	3.915E-01	3.913E-01	3.914E-01	3.914E-01	3.914E-01	3.914E-01
2.020E+00	3.884E-01	9.138E-05	3.885E-01	3.883E-01	3.884E-01	3.884E-01	3.884E-01	3.884E-01
2.030E+00	3.854E-01	9.315E-05	3.855E-01	3.854E-01	3.854E-01	3.854E-01	3.854E-01	3.855E-01
2.040E+00	3.825E-01	9.492E-05	3.826E-01	3.824E-01	3.825E-01	3.825E-01	3.825E-01	3.825E-01
2.050E+00	3.795E-01	9.668E-05	3.796E-01	3.794E-01	3.795E-01	3.795E-01	3.795E-01	3.795E-01
2.060E+00	3.766E-01	9.844E-05	3.767E-01	3.765E-01	3.766E-01	3.766E-01	3.766E-01	3.766E-01
2.070E+00	3.737E-01	1.002E-04	3.737E-01	3.736E-01	3.736E-01	3.737E-01	3.736E-01	3.737E-01
2.080E+00	3.707E-01	1.019E-04	3.708E-01	3.706E-01	3.707E-01	3.707E-01	3.707E-01	3.707E-01
2.090E+00	3.678E-01	1.037E-04	3.679E-01	3.677E-01	3.678E-01	3.678E-01	3.678E-01	3.678E-01
2.100E+00	3.649E-01	1.054E-04	3.650E-01	3.648E-01	3.649E-01	3.649E-01	3.649E-01	3.649E-01
2.110E+00	3.620E-01	1.071E-04	3.621E-01	3.619E-01	3.620E-01	3.620E-01	3.620E-01	3.621E-01
2.120E+00	3.592E-01	1.088E-04	3.593E-01	3.591E-01	3.592E-01	3.592E-01	3.591E-01	3.592E-01
2.130E+00	3.563E-01	1.105E-04	3.564E-01	3.562E-01	3.563E-01	3.563E-01	3.563E-01	3.563E-01
2.140E+00	3.534E-01	1.122E-04	3.536E-01	3.533E-01	3.534E-01	3.535E-01	3.534E-01	3.535E-01
2.150E+00	3.506E-01	1.138E-04	3.507E-01	3.505E-01	3.506E-01	3.506E-01	3.506E-01	3.506E-01
2.160E+00	3.478E-01	1.155E-04	3.479E-01	3.477E-01	3.478E-01	3.478E-01	3.478E-01	3.478E-01
2.170E+00	3.450E-01	1.171E-04	3.451E-01	3.448E-01	3.449E-01	3.450E-01	3.449E-01	3.450E-01
2.180E+00	3.422E-01	1.188E-04	3.423E-01	3.420E-01	3.421E-01	3.422E-01	3.421E-01	3.422E-01
2.190E+00	3.394E-01	1.204E-04	3.395E-01	3.392E-01	3.394E-01	3.394E-01	3.393E-01	3.394E-01
2.200E+00	3.366E-01	1.220E-04	3.367E-01	3.365E-01	3.366E-01	3.366E-01	3.366E-01	3.366E-01
2.210E+00	3.338E-01	1.236E-04	3.339E-01	3.337E-01	3.338E-01	3.338E-01	3.338E-01	3.338E-01
2.220E+00	3.311E-01	1.252E-04	3.312E-01	3.309E-01	3.310E-01	3.311E-01	3.310E-01	3.311E-01
2.230E+00	3.283E-01	1.267E-04	3.284E-01	3.282E-01	3.283E-01	3.283E-01	3.283E-01	3.283E-01
2.240E+00	3.256E-01	1.283E-04	3.257E-01	3.255E-01	3.256E-01	3.256E-01	3.256E-01	3.256E-01
2.250E+00	3.229E-01	1.298E-04	3.230E-01	3.227E-01	3.229E-01	3.229E-01	3.228E-01	3.229E-01
2.260E+00	3.202E-01	1.314E-04	3.203E-01	3.200E-01	3.201E-01	3.202E-01	3.201E-01	3.202E-01
2.270E+00	3.175E-01	1.329E-04	3.176E-01	3.173E-01	3.175E-01	3.175E-01	3.174E-01	3.175E-01
2.280E+00	3.148E-01	1.344E-04	3.149E-01	3.147E-01	3.148E-01	3.148E-01	3.148E-01	3.148E-01
2.290E+00	3.121E-01	1.358E-04	3.123E-01	3.120E-01	3.121E-01	3.121E-01	3.121E-01	3.121E-01
2.300E+00	3.095E-01	1.373E-04	3.096E-01	3.093E-01	3.095E-01	3.095E-01	3.094E-01	3.095E-01
2.310E+00	3.068E-01	1.388E-04	3.070E-01	3.067E-01	3.068E-01	3.068E-01	3.068E-01	3.068E-01
2.320E+00	3.042E-01	1.402E-04	3.043E-01	3.041E-01	3.042E-01	3.042E-01	3.042E-01	3.042E-01
2.330E+00	3.016E-01	1.416E-04	3.017E-01	3.014E-01	3.016E-01	3.016E-01	3.016E-01	3.016E-01
2.340E+00	2.990E-01	1.430E-04	2.991E-01	2.988E-01	2.990E-01	2.990E-01	2.990E-01	2.990E-01
2.350E+00	2.964E-01	1.444E-04	2.965E-01	2.962E-01	2.964E-01	2.964E-01	2.964E-01	2.964E-01
2.360E+00	2.938E-01	1.458E-04	2.940E-01	2.937E-01	2.938E-01	2.938E-01	2.938E-01	2.938E-01
2.370E+00	2.912E-01	1.471E-04	2.914E-01	2.911E-01	2.912E-01	2.913E-01	2.912E-01	2.913E-01
2.380E+00	2.887E-01	1.484E-04	2.888E-01	2.886E-01	2.887E-01	2.887E-01	2.887E-01	2.887E-01
2.390E+00	2.862E-01	1.498E-04	2.863E-01	2.860E-01	2.862E-01	2.862E-01	2.861E-01	2.862E-01
2.400E+00	2.836E-01	1.511E-04	2.838E-01	2.835E-01	2.836E-01	2.837E-01	2.836E-01	2.837E-01
2.410E+00	2.811E-01	1.523E-04	2.813E-01	2.810E-01	2.811E-01	2.811E-01	2.811E-01	2.812E-01
2.420E+00	2.786E-01	1.536E-04	2.788E-01	2.785E-01	2.786E-01	2.787E-01	2.786E-01	2.787E-01
2.430E+00	2.762E-01	1.549E-04	2.763E-01	2.760E-01	2.761E-01	2.762E-01	2.761E-01	2.762E-01
2.440E+00	2.737E-01	1.561E-04	2.738E-01	2.735E-01	2.737E-01	2.737E-01	2.737E-01	2.737E-01
2.450E+00	2.712E-01	1.573E-04	2.714E-01	2.711E-01	2.712E-01	2.713E-01	2.712E-01	2.713E-01
2.460E+00	2.688E-01	1.585E-04	2.690E-01	2.686E-01	2.688E-01	2.688E-01	2.688E-01	2.688E-01
2.470E+00	2.664E-01	1.597E-04	2.665E-01	2.662E-01	2.664E-01	2.664E-01	2.664E-01	2.664E-01
2.480E+00	2.640E-01	1.608E-04	2.641E-01	2.638E-01	2.639E-01	2.640E-01	2.639E-01	2.640E-01
2.490E+00	2.616E-01	1.620E-04	2.617E-01	2.614E-01	2.615E-01	2.616E-01	2.615E-01	2.616E-01
2.500E+00	2.592E-01	1.631E-04	2.593E-01	2.590E-01	2.592E-01	2.592E-01	2.592E-01	2.592E-01
2.510E+00	2.568E-01	1.642E-04	2.570E-01	2.566E-01	2.568E-01	2.568E-01	2.568E-01	2.568E-01
2.520E+00	2.544E-01	1.653E-04	2.546E-01	2.543E-01	2.544E-01	2.545E-01	2.544E-01	2.545E-01
2.530E+00	2.521E-01	1.663E-04	2.523E-01	2.519E-01	2.521E-01	2.521E-01	2.521E-01	2.521E-01
2.540E+00	2.498E-01	1.674E-04	2.499E-01	2.496E-01	2.498E-01	2.498E-01	2.498E-01	2.498E-01
2.550E+00	2.475E-01	1.684E-04	2.476E-01	2.473E-01	2.474E-01	2.475E-01	2.474E-01	2.475E-01
2.560E+00	2.452E-01	1.694E-04	2.453E-01	2.450E-01	2.451E-01	2.452E-01	2.451E-01	2.452E-01
2.570E+00	2.429E-01	1.704E-04	2.430E-01	2.427E-01	2.428E-01	2.429E-01	2.428E-01	2.429E-01
2.580E+00	2.406E-01	1.713E-04	2.408E-01	2.404E-01	2.406E-01	2.406E-01	2.406E-01	2.406E-01
2.590E+00	2.383E-01	1.723E-04	2.385E-01	2.382E-01	2.383E-01	2.383E-01	2.383E-01	2.383E-01
2.600E+00	2.361E-01	1.732E-04	2.363E-01	2.359E-01	2.361E-01	2.361E-01	2.361E-01	2.361E-01
2.610E+00	2.339E-01	1.741E-04	2.340E-01	2.337E-01	2.338E-01	2.339E-01	2.338E-01	2.339E-01
2.620E+00	2.316E-01	1.750E-04	2.318E-01	2.315E-01	2.316E-01	2.316E-01	2.316E-01	2.317E-01
2.630E+00	2.294E-01	1.759E-04	2.296E-01	2.293E-01	2.294E-01	2.294E-01	2.294E-01	2.294E-01
2.640E+00	2.272E-01	1.767E-04	2.274E-01	2.271E-01	2.272E-01	2.273E-01	2.272E-01	2.273E-01
2.650E+00	2.251E-01	1.775E-04	2.252E-01	2.249E-01	2.250E-01	2.251E-01	2.250E-01	2.251E-01
2.660E+00	2.229E-01	1.783E-04	2.231E-01	2.227E-01	2.229E-01	2.229E-01	2.229E-01	2.229E-01
2.670E+00	2.208E-01	1.791E-04	2.209E-01	2.206E-01	2.207E-01	2.208E-01	2.207E-01	2.208E-01
2.680E+00	2.186E-01	1.799E-04	2.188E-01	2.184E-01	2.186E-01	2.186E-01	2.186E-01	2.186E-01
2.690E+00	2.165E-01	1.806E-04	2.167E-01	2.163E-01	2.165E-01	2.165E-01	2.165E-01	2.165E-01
2.700E+00	2.144E-01	1.814E-04	2.146E-01	2.142E-01	2.144E-01	2.144E-01	2.144E-01	2.144E-01
2.710E+00	2.123E-01	1.821E-04	2.125E-01	2.121E-01	2.123E-01	2.123E-01	2.123E-01	2.123E-01
2.720E+00	2.102E-01	1.828E-04	2.104E-01	2.100E-01	2.102E-01	2.102E-01	2.102E-01	2.102E-01
2.730E+00	2.082E-01	1.834E-04	2.083E-01	2.080E-01	2.081E-01	2.082E-01	2.081E-01	2.082E-01
2.740E+00	2.061E-01	1.841E-04	2.063E-01	2.059E-01	2.061E-01	2.061E-01	2.061E-01	2.061E-01
2.750E+00	2.041E-01	1.847E-04	2.043E-01	2.039E-01	2.041E-01	2.041E-01	2.041E-01	2.041E-01
2.760E+00	2.021E-01	1.853E-04	2.022E-01	2.019E-01	2.020E-01	2.021E-01	2.020E-01	2.021E-01
2.770E+00	2.000E-01	1.859E-04	2.002E-01	1.999E-01	2.000E-01	2.001E-01	2.000E-01	2.001E-01
2.780E+00	1.981E-01	1.865E-04	1.982E-01	1.979E-01	1.980E-01	1.981E-01	1.980E-01	1.981E-01
2.790E+00	1.961E-01	1.870E-04	1.963E-01	1.959E-01	1.961E-01	1.961E-01	1.961E-01	1.961E-01
2.800E+00	1.941E-01	1.876E-04	1.943E-01	1.939E-01	1.941E-01	1.941E-01	1.941E-01	1.941E-01
2.810E+00	1.922E-01	1.881E-04	1.923E-01	1.920E-01	1.921E-01	1.922E-01	1.921E-01	1.922E-01
2.820E+00	1.902E-01	1.886E-04	1.904E-01	1.900E-01	1.902E-01	1.902E-01	1.902E-01	1.902E-01
2.830E+00	1.883E-01	1.890E-04	1.885E-01	1.881E-01	1.883E-01	1.883E-01	1.883E-01	1.883E-01
2.840E+00	1.864E-01	1.895E-04	1.866E-01	1.862E-01	1.864E-01	1.864E-01	1.864E-01	1.864E-01
2.850E+00	1.845E-01	1.899E-04	1.847E-01	1.843E-01	1.845E-01	1.845E-01	1.845E-01	1.845E-01
2.860E+00	1.826E-01	1.903E-04	1.828E-01	1.824E-01	1.826E-01	1.826E-01	1.826E-01	1.826E-01
2.870E+00	1.807E-01	1.907E-04	1.809E-01	1.805E-01	1.807E-01	1.807E-01	1.807E-01	1.807E-01
2.880E+00	1.789E-01	1.911E-04	1.791E-01	1.787E-01	1.789E-01	1.789E-01	1.789E-01	1.789E-01
2.890E+00	1.770E-01	1.915E-04	1.772E-01	1.768E-01	1.770E-01	1.770E-01	1.770E-01	1.770E-01
2.900E+00	1.752E-01	1.918E-04	1.754E-01	1.750E-01	1.752E-01	1.752E-01	1.752E-01	1.752E-01
2.910E+00	1.734E-01	1.921E-04	1.736E-01	1.732E-01	1.734E-01	1.734E-01	1.734E-01	1.734E-01
2.920E+00	1.716E-01	1.924E-04	1.718E-01	1.714E-01	1.716E-01	1.716E-01	1.716E-01	1.716E-01
2.930E+00	1.698E-01	1.927E-04	1.700E-01	1.696E-01	1.698E-01	1.698E-01	1.698E-01	1.698E-01
2.940E+00	1.680E-01	1.930E-04	1.682E-01	1.678E-01	1.680E-01	1.680E-01	1.680E-01	1.680E-01
2.950E+00	1.663E-01	1.932E-04	1.665E-01	1.661E-01	1.662E-01	1.663E-01	1.663E-01	1.663E-01
2.960E+00	1.645E-01	1.934E-04	1.647E-01	1.643E-01	1.645E-01	1.645E-01	1.645E-01	1.645E-01
2.970E+00	1.628E-01	1.936E-04	1.630E-01	1.626E-01	1.628E-01	1.628E-01	1.628E-01	1.628E-01
2.980E+00	1.611E-01	1.938E-04	1.613E-01	1.609E-01	1.611E-01	1.611E-01	1.611E-01	1.611E-01
2.990E+00	1.594E-01	1.940E-04	1.596E-01	1.592E-01	1.593E-01	1.594E-01	1.593E-01	1.594E-01
3.000E+00	1.577E-01	1.941E-04	1.579E-01	1.575E-01	1.577E-01	1.577E-01	1.577E-01	1.577E-01
