1.000E-02	1.159E+00	4.924E-04	1.159E+00	1.159E+00	1.159E+00	1.159E+00	1.159E+00	1.159E+00
2.000E-02	1.159E+00	4.883E-04	1.158E+00	1.159E+00	1.159E+00	1.159E+00	1.159E+00	1.159E+00
3.000E-02	1.158E+00	4.831E-04	1.158E+00	1.159E+00	1.158E+00	1.158E+00	1.158E+00	1.158E+00
4.000E-02	1.158E+00	4.772E-04	1.157E+00	1.158E+00	1.158E+00	1.158E+00	1.158E+00	1.158E+00
5.000E-02	1.157E+00	4.706E-04	1.157E+00	1.158E+00	1.157E+00	1.157E+00	1.157E+00	1.157E+00
6.000E-02	1.157E+00	4.635E-04	1.156E+00	1.157E+00	1.156E+00	1.157E+00	1.157E+00	1.157E+00
7.000E-02	1.156E+00	4.560E-04	1.155E+00	1.156E+00	1.156E+00	1.156E+00	1.156E+00	1.156E+00
8.000E-02	1.155E+00	4.482E-04	1.155E+00	1.155E+00	1.155E+00	1.155E+00	1.155E+00	1.155E+00
9.000E-02	1.154E+00	4.400E-04	1.154E+00	1.155E+00	1.154E+00	1.154E+00	1.154E+00	1.154E+00
1.000E-01	1.153E+00	4.315E-04	1.153E+00	1.154E+00	1.153E+00	1.153E+00	1.153E+00	1.153E+00
1.100E-01	1.152E+00	4.228E-04	1.152E+00	1.153E+00	1.152E+00	1.152E+00	1.152E+00	1.152E+00
1.200E-01	1.151E+00	4.140E-04	1.151E+00	1.151E+00	1.151E+00	1.151E+00	1.151E+00	1.151E+00
1.300E-01	1.150E+00	4.049E-04	1.150E+00	1.150E+00	1.150E+00	1.150E+00	1.150E+00	1.150E+00
1.400E-01	1.149E+00	3.957E-04	1.148E+00	1.149E+00	1.149E+00	1.149E+00	1.149E+00	1.149E+00
1.500E-01	1.147E+00	3.864E-04	1.147E+00	1.148E+00	1.147E+00	1.148E+00	1.147E+00	1.147E+00
1.600E-01	1.146E+00	3.770E-04	1.146E+00	1.146E+00	1.146E+00	1.146E+00	1.146E+00	1.146E+00
1.700E-01	1.145E+00	3.675E-04	1.144E+00	1.145E+00	1.145E+00	1.145E+00	1.145E+00	1.145E+00
1.800E-01	1.143E+00	3.579E-04	1.143E+00	1.144E+00	1.143E+00	1.143E+00	1.143E+00	1.143E+00
1.900E-01	1.142E+00	3.483E-04	1.141E+00	1.142E+00	1.142E+00	1.142E+00	1.142E+00	1.142E+00
2.000E-01	1.140E+00	3.387E-04	1.140E+00	1.141E+00	1.140E+00	1.140E+00	1.140E+00	1.140E+00
2.100E-01	1.139E+00	3.290E-04	1.138E+00	1.139E+00	1.138E+00	1.139E+00	1.139E+00	1.139E+00
2.200E-01	1.137E+00	3.194E-04	1.137E+00	1.137E+00	1.137E+00	1.137E+00	1.137E+00	1.137E+00
2.300E-01	1.135E+00	3.098E-04	1.135E+00	1.136E+00	1.135E+00	1.135E+00	1.135E+00	1.135E+00
2.400E-01	1.133E+00	3.001E-04	1.133E+00	1.134E+00	1.133E+00	1.134E+00	1.133E+00	1.134E+00
2.500E-01	1.132E+00	2.906E-04	1.131E+00	1.132E+00	1.132E+00	1.132E+00	1.132E+00	1.132E+00
2.600E-01	1.130E+00	2.811E-04	1.130E+00	1.130E+00	1.130E+00	1.130E+00	1.130E+00	1.130E+00
2.700E-01	1.128E+00	2.716E-04	1.128E+00	1.128E+00	1.128E+00	1.128E+00	1.128E+00	1.128E+00
2.800E-01	1.126E+00	2.622E-04	1.126E+00	1.126E+00	1.126E+00	1.126E+00	1.126E+00	1.126E+00
2.900E-01	1.124E+00	2.529E-04	1.124E+00	1.124E+00	1.124E+00	1.124E+00	1.124E+00	1.124E+00
3.000E-01	1.122E+00	2.438E-04	1.122E+00	1.122E+00	1.122E+00	1.122E+00	1.122E+00	1.122E+00
3.100E-01	1.120E+00	2.347E-04	1.120E+00	1.120E+00	1.120E+00	1.120E+00	1.120E+00	1.120E+00
3.200E-01	1.118E+00	2.258E-04	1.118E+00	1.118E+00	1.118E+00	1.118E+00	1.118E+00	1.118E+00
3.300E-01	1.116E+00	2.170E-04	1.116E+00	1.116E+00	1.116E+00	1.116E+00	1.116E+00	1.116E+00
3.400E-01	1.114E+00	2.085E-04	1.113E+00	1.114E+00	1.113E+00	1.114E+00	1.114E+00	1.114E+00
3.500E-01	1.111E+00	2.000E-04	1.111E+00	1.111E+00	1.111E+00	1.111E+00	1.111E+00	1.111E+00
3.600E-01	1.109E+00	1.919E-04	1.109E+00	1.109E+00	1.109E+00	1.109E+00	1.109E+00	1.109E+00
3.700E-01	1.107E+00	1.839E-04	1.107E+00	1.107E+00	1.107E+00	1.107E+00	1.107E+00	1.107E+00
3.800E-01	1.104E+00	1.762E-04	1.104E+00	1.104E+00	1.104E+00	1.104E+00	1.104E+00	1.104E+00
3.900E-01	1.102E+00	1.687E-04	1.102E+00	1.102E+00	1.102E+00	1.102E+00	1.102E+00	1.102E+00
4.000E-01	1.100E+00	1.616E-04	1.099E+00	1.100E+00	1.099E+00	1.100E+00	1.100E+00	1.100E+00
4.100E-01	1.097E+00	1.548E-04	1.097E+00	1.097E+00	1.097E+00	1.097E+00	1.097E+00	1.097E+00
4.200E-01	1.095E+00	1.483E-04	1.095E+00	1.095E+00	1.094E+00	1.095E+00	1.095E+00	1.095E+00
4.300E-01	1.092E+00	1.423E-04	1.092E+00	1.092E+00	1.092E+00	1.092E+00	1.092E+00	1.092E+00
4.400E-01	1.090E+00	1.366E-04	1.089E+00	1.090E+00	1.089E+00	1.090E+00	1.090E+00	1.090E+00
4.500E-01	1.087E+00	1.315E-04	1.087E+00	1.087E+00	1.087E+00	1.087E+00	1.087E+00	1.087E+00
4.600E-01	1.084E+00	1.268E-04	1.084E+00	1.084E+00	1.084E+00	1.084E+00	1.084E+00	1.084E+00
4.700E-01	1.082E+00	1.227E-04	1.082E+00	1.082E+00	1.082E+00	1.082E+00	1.082E+00	1.082E+00
4.800E-01	1.079E+00	1.192E-04	1.079E+00	1.079E+00	1.079E+00	1.079E+00	1.079E+00	1.079E+00
4.900E-01	1.076E+00	1.162E-04	1.076E+00	1.076E+00	1.076E+00	1.076E+00	1.076E+00	1.076E+00
5.000E-01	1.073E+00	1.139E-04	1.073E+00	1.073E+00	1.073E+00	1.074E+00	1.073E+00	1.073E+00
5.100E-01	1.071E+00	1.122E-04	1.071E+00	1.071E+00	1.071E+00	1.071E+00	1.071E+00	1.071E+00
5.200E-01	1.068E+00	1.112E-04	1.068E+00	1.068E+00	1.068E+00	1.068E+00	1.068E+00	1.068E+00
5.300E-01	1.065E+00	1.107E-04	1.065E+00	1.065E+00	1.065E+00	1.065E+00	1.065E+00	1.065E+00
5.400E-01	1.062E+00	1.109E-04	1.062E+00	1.062E+00	1.062E+00	1.062E+00	1.062E+00	1.062E+00
5.500E-01	1.059E+00	1.117E-04	1.059E+00	1.059E+00	1.059E+00	1.059E+00	1.059E+00	1.059E+00
5.600E-01	1.056E+00	1.130E-04	1.056E+00	1.056E+00	1.056E+00	1.056E+00	1.056E+00	1.056E+00
5.700E-01	1.053E+00	1.148E-04	1.053E+00	1.053E+00	1.053E+00	1.053E+00	1.053E+00	1.053E+00
5.800E-01	1.050E+00	1.170E-04	1.050E+00	1.050E+00	1.050E+00	1.051E+00	1.050E+00	1.050E+00
5.900E-01	1.047E+00	1.196E-04	1.047E+00	1.047E+00	1.047E+00	1.047E+00	1.047E+00	1.047E+00
6.000E-01	1.044E+00	1.226E-04	1.044E+00	1.044E+00	1.044E+00	1.044E+00	1.044E+00	1.044E+00
6.100E-01	1.041E+00	1.259E-04	1.041E+00	1.041E+00	1.041E+00	1.041E+00	1.041E+00	1.041E+00
6.200E-01	1.038E+00	1.294E-04	1.038E+00	1.038E+00	1.038E+00	1.038E+00	1.038E+00	1.038E+00
6.300E-01	1.035E+00	1.331E-04	1.035E+00	1.035E+00	1.035E+00	1.035E+00	1.035E+00	1.035E+00
6.400E-01	1.032E+00	1.370E-04	1.032E+00	1.032E+00	1.032E+00	1.032E+00	1.032E+00	1.032E+00
6.500E-01	1.029E+00	1.411E-04	1.029E+00	1.029E+00	1.029E+00	1.029E+00	1.029E+00	1.029E+00
6.600E-01	1.026E+00	1.452E-04	1.026E+00	1.025E+00	1.026E+00	1.026E+00	1.026E+00	1.026E+00
6.700E-01	1.022E+00	1.494E-04	1.023E+00	1.022E+00	1.022E+00	1.022E+00	1.022E+00	1.022E+00
6.800E-01	1.019E+00	1.537E-04	1.019E+00	1.019E+00	1.019E+00	1.019E+00	1.019E+00	1.019E+00
6.900E-01	1.016E+00	1.579E-04	1.016E+00	1.016E+00	1.016E+00	1.016E+00	1.016E+00	1.016E+00
7.000E-01	1.013E+00	1.623E-04	1.013E+00	1.013E+00	1.013E+00	1.013E+00	1.013E+00	1.013E+00
7.100E-01	1.009E+00	1.665E-04	1.009E+00	1.009E+00	1.009E+00	1.009E+00	1.009E+00	1.009E+00
7.200E-01	1.006E+00	1.708E-04	1.006E+00	1.006E+00	1.006E+00	1.006E+00	1.006E+00	1.006E+00
7.300E-01	1.003E+00	1.751E-04	1.003E+00	1.003E+00	1.003E+00	1.003E+00	1.003E+00	1.003E+00
7.400E-01	9.993E-01	1.793E-04	9.995E-01	9.992E-01	9.993E-01	9.994E-01	9.993E-01	9.994E-01
7.500E-01	9.960E-01	1.834E-04	9.961E-01	9.958E-01	9.959E-01	9.961E-01	9.960E-01	9.960E-01
7.600E-01	9.926E-01	1.875E-04	9.927E-01	9.924E-01	9.925E-01	9.927E-01	9.926E-01	9.926E-01
7.700E-01	9.892E-01	1.915E-04	9.893E-01	9.890E-01	9.891E-01	9.893E-01	9.892E-01	9.892E-01
7.800E-01	9.857E-01	1.954E-04	9.859E-01	9.856E-01	9.856E-01	9.858E-01	9.857E-01	9.857E-01
7.900E-01	9.823E-01	1.993E-04	9.825E-01	9.821E-01	9.822E-01	9.824E-01	9.823E-01	9.823E-01
8.000E-01	9.788E-01	2.031E-04	9.790E-01	9.786E-01	9.787E-01	9.789E-01	9.788E-01	9.788E-01
8.100E-01	9.753E-01	2.067E-04	9.755E-01	9.751E-01	9.752E-01	9.754E-01	9.753E-01	9.753E-01
8.200E-01	9.718E-01	2.103E-04	9.720E-01	9.716E-01	9.717E-01	9.719E-01	9.718E-01	9.718E-01
8.300E-01	9.683E-01	2.138E-04	9.685E-01	9.681E-01	9.682E-01	9.684E-01	9.683E-01	9.683E-01
8.400E-01	9.648E-01	2.171E-04	9.650E-01	9.646E-01	9.647E-01	9.649E-01	9.648E-01	9.648E-01
8.500E-01	9.612E-01	2.204E-04	9.614E-01	9.610E-01	9.611E-01	9.613E-01	9.612E-01	9.612E-01
8.600E-01	9.577E-01	2.235E-04	9.579E-01	9.575E-01	9.576E-01	9.577E-01	9.577E-01	9.577E-01
8.700E-01	9.541E-01	2.266E-04	9.543E-01	9.539E-01	9.540E-01	9.542E-01	9.541E-01	9.541E-01
8.800E-01	9.505E-01	2.295E-04	9.507E-01	9.503E-01	9.504E-01	9.506E-01	9.505E-01	9.505E-01
8.900E-01	9.469E-01	2.323E-04	9.471E-01	9.467E-01	9.468E-01	9.470E-01	9.469E-01	9.469E-01
9.000E-01	9.433E-01	2.350E-04	9.435E-01	9.430E-01	9.432E-01	9.433E-01	9.432E-01	9.433E-01
9.100E-01	9.396E-01	2.375E-04	9.399E-01	9.394E-01	9.396E-01	9.397E-01	9.396E-01	9.396E-01
9.200E-01	9.360E-01	2.400E-04	9.362E-01	9.357E-01	9.359E-01	9.361E-01	9.360E-01	9.360E-01
9.300E-01	9.323E-01	2.423E-04	9.325E-01	9.321E-01	9.322E-01	9.324E-01	9.323E-01	9.323E-01
9.400E-01	9.286E-01	2.445E-04	9.289E-01	9.284E-01	9.286E-01	9.287E-01	9.286E-01	9.287E-01
9.500E-01	9.250E-01	2.466E-04	9.252E-01	9.247E-01	9.249E-01	9.250E-01	9.249E-01	9.250E-01
9.600E-01	9.213E-01	2.486E-04	9.215E-01	9.210E-01	9.212E-01	9.213E-01	9.212E-01	9.213E-01
9.700E-01	9.175E-01	2.504E-04	9.178E-01	9.173E-01	9.175E-01	9.176E-01	9.175E-01	9.176E-01
9.800E-01	9.138E-01	2.521E-04	9.141E-01	9.136E-01	9.138E-01	9.139E-01	9.138E-01	9.138E-01
9.900E-01	9.101E-01	2.537E-04	9.103E-01	9.099E-01	9.100E-01	9.102E-01	9.101E-01	9.101E-01
1.000E+00	9.064E-01	2.552E-04	9.066E-01	9.061E-01	9.063E-01	9.064E-01	9.063E-01	9.064E-01
1.010E+00	9.026E-01	2.565E-04	9.029E-01	9.024E-01	9.025E-01	9.027E-01	9.026E-01	9.026E-01
1.020E+00	8.988E-01	2.578E-04	8.991E-01	8.986E-01	8.988E-01	8.989E-01	8.988E-01	8.989E-01
1.030E+00	8.951E-01	2.589E-04	8.953E-01	8.948E-01	8.950E-01	8.951E-01	8.951E-01	8.951E-01
1.040E+00	8.913E-01	2.599E-04	8.916E-01	8.910E-01	8.912E-01	8.914E-01	8.913E-01	8.913E-01
1.050E+00	8.875E-01	2.607E-04	8.878E-01	8.873E-01	8.875E-01	8.876E-01	8.875E-01	8.875E-01
1.060E+00	8.837E-01	2.615E-04	8.840E-01	8.835E-01	8.837E-01	8.838E-01	8.837E-01	8.837E-01
1.070E+00	8.799E-01	2.621E-04	8.802E-01	8.797E-01	8.799E-01	8.800E-01	8.799E-01	8.799E-01
1.080E+00	8.761E-01	2.626E-04	8.764E-01	8.758E-01	8.760E-01	8.762E-01	8.761E-01	8.761E-01
1.090E+00	8.723E-01	2.630E-04	8.725E-01	8.720E-01	8.722E-01	8.723E-01	8.723E-01	8.723E-01
1.100E+00	8.685E-01	2.632E-04	8.687E-01	8.682E-01	8.684E-01	8.685E-01	8.684E-01	8.685E-01
1.110E+00	8.646E-01	2.634E-04	8.649E-01	8.644E-01	8.646E-01	8.647E-01	8.646E-01	8.646E-01
1.120E+00	8.608E-01	2.634E-04	8.610E-01	8.605E-01	8.607E-01	8.608E-01	8.608E-01	8.608E-01
1.130E+00	8.569E-01	2.633E-04	8.572E-01	8.567E-01	8.569E-01	8.570E-01	8.569E-01	8.570E-01
1.140E+00	8.531E-01	2.631E-04	8.533E-01	8.528E-01	8.530E-01	8.531E-01	8.531E-01	8.531E-01
1.150E+00	8.492E-01	2.628E-04	8.495E-01	8.490E-01	8.492E-01	8.493E-01	8.492E-01	8.492E-01
1.160E+00	8.454E-01	2.624E-04	8.456E-01	8.451E-01	8.453E-01	8.454E-01	8.454E-01	8.454E-01
1.170E+00	8.415E-01	2.618E-04	8.418E-01	8.412E-01	8.415E-01	8.415E-01	8.415E-01	8.415E-01
1.180E+00	8.376E-01	2.612E-04	8.379E-01	8.374E-01	8.376E-01	8.377E-01	8.376E-01	8.376E-01
1.190E+00	8.338E-01	2.604E-04	8.340E-01	8.335E-01	8.337E-01	8.338E-01	8.337E-01	8.338E-01
1.200E+00	8.299E-01	2.595E-04	8.301E-01	8.296E-01	8.298E-01	8.299E-01	8.299E-01	8.299E-01
1.210E+00	8.260E-01	2.585E-04	8.262E-01	8.257E-01	8.259E-01	8.260E-01	8.260E-01	8.260E-01
1.220E+00	8.221E-01	2.575E-04	8.224E-01	8.218E-01	8.221E-01	8.221E-01	8.221E-01	8.221E-01
1.230E+00	8.182E-01	2.563E-04	8.185E-01	8.180E-01	8.182E-01	8.183E-01	8.182E-01	8.182E-01
1.240E+00	8.143E-01	2.550E-04	8.146E-01	8.141E-01	8.143E-01	8.144E-01	8.143E-01	8.143E-01
1.250E+00	8.104E-01	2.536E-04	8.107E-01	8.102E-01	8.104E-01	8.105E-01	8.104E-01	8.104E-01
1.260E+00	8.065E-01	2.520E-04	8.068E-01	8.063E-01	8.065E-01	8.066E-01	8.065E-01	8.065E-01
1.270E+00	8.026E-01	2.504E-04	8.029E-01	8.024E-01	8.026E-01	8.027E-01	8.026E-01	8.026E-01
1.280E+00	7.987E-01	2.487E-04	7.990E-01	7.985E-01	7.987E-01	7.988E-01	7.987E-01	7.987E-01
1.290E+00	7.948E-01	2.469E-04	7.951E-01	7.946E-01	7.948E-01	7.948E-01	7.948E-01	7.948E-01
1.300E+00	7.909E-01	2.450E-04	7.911E-01	7.907E-01	7.909E-01	7.909E-01	7.909E-01	7.909E-01
1.310E+00	7.870E-01	2.430E-04	7.872E-01	7.868E-01	7.870E-01	7.870E-01	7.870E-01	7.870E-01
1.320E+00	7.831E-01	2.409E-04	7.833E-01	7.828E-01	7.831E-01	7.831E-01	7.831E-01	7.831E-01
1.330E+00	7.792E-01	2.387E-04	7.794E-01	7.789E-01	7.791E-01	7.792E-01	7.792E-01	7.792E-01
1.340E+00	7.753E-01	2.364E-04	7.755E-01	7.750E-01	7.752E-01	7.753E-01	7.753E-01	7.753E-01
1.350E+00	7.714E-01	2.341E-04	7.716E-01	7.711E-01	7.713E-01	7.714E-01	7.713E-01	7.714E-01
1.360E+00	7.674E-01	2.316E-04	7.677E-01	7.672E-01	7.674E-01	7.675E-01	7.674E-01	7.675E-01
1.370E+00	7.635E-01	2.290E-04	7.638E-01	7.633E-01	7.635E-01	7.636E-01	7.635E-01	7.636E-01
1.380E+00	7.596E-01	2.264E-04	7.599E-01	7.594E-01	7.596E-01	7.597E-01	7.596E-01	7.596E-01
1.390E+00	7.557E-01	2.237E-04	7.559E-01	7.555E-01	7.557E-01	7.557E-01	7.557E-01	7.557E-01
1.400E+00	7.518E-01	2.209E-04	7.520E-01	7.516E-01	7.518E-01	7.518E-01	7.518E-01	7.518E-01
1.410E+00	7.479E-01	2.180E-04	7.481E-01	7.477E-01	7.479E-01	7.479E-01	7.479E-01	7.479E-01
1.420E+00	7.440E-01	2.150E-04	7.442E-01	7.438E-01	7.440E-01	7.440E-01	7.440E-01	7.440E-01
1.430E+00	7.401E-01	2.119E-04	7.403E-01	7.399E-01	7.401E-01	7.401E-01	7.401E-01	7.401E-01
1.440E+00	7.362E-01	2.088E-04	7.364E-01	7.360E-01	7.362E-01	7.362E-01	7.362E-01	7.362E-01
1.450E+00	7.323E-01	2.056E-04	7.325E-01	7.321E-01	7.323E-01	7.323E-01	7.323E-01	7.323E-01
1.460E+00	7.284E-01	2.023E-04	7.286E-01	7.282E-01	7.284E-01	7.284E-01	7.284E-01	7.284E-01
1.470E+00	7.245E-01	1.990E-04	7.247E-01	7.243E-01	7.245E-01	7.245E-01	7.245E-01	7.245E-01
1.480E+00	7.206E-01	1.955E-04	7.208E-01	7.204E-01	7.206E-01	7.206E-01	7.206E-01	7.206E-01
1.490E+00	7.167E-01	1.920E-04	7.169E-01	7.166E-01	7.167E-01	7.168E-01	7.167E-01	7.168E-01
1.500E+00	7.129E-01	1.885E-04	7.130E-01	7.127E-01	7.128E-01	7.129E-01	7.128E-01	7.129E-01
1.510E+00	7.090E-01	1.848E-04	7.092E-01	7.088E-01	7.090E-01	7.090E-01	7.090E-01	7.090E-01
1.520E+00	7.051E-01	1.811E-04	7.053E-01	7.049E-01	7.051E-01	7.051E-01	7.051E-01	7.051E-01
1.530E+00	7.012E-01	1.774E-04	7.014E-01	7.011E-01	7.012E-01	7.012E-01	7.012E-01	7.013E-01
1.540E+00	6.974E-01	1.735E-04	6.975E-01	6.972E-01	6.974E-01	6.974E-01	6.973E-01	6.974E-01
1.550E+00	6.935E-01	1.696E-04	6.937E-01	6.933E-01	6.935E-01	6.935E-01	6.935E-01	6.935E-01
1.560E+00	6.896E-01	1.657E-04	6.898E-01	6.895E-01	6.896E-01	6.897E-01	6.896E-01	6.897E-01
1.570E+00	6.858E-01	1.617E-04	6.860E-01	6.856E-01	6.858E-01	6.858E-01	6.858E-01	6.858E-01
1.580E+00	6.819E-01	1.576E-04	6.821E-01	6.818E-01	6.819E-01	6.819E-01	6.819E-01	6.820E-01
1.590E+00	6.781E-01	1.535E-04	6.783E-01	6.779E-01	6.781E-01	6.781E-01	6.781E-01	6.781E-01
1.600E+00	6.743E-01	1.493E-04	6.744E-01	6.741E-01	6.743E-01	6.743E-01	6.742E-01	6.743E-01
1.610E+00	6.704E-01	1.451E-04	6.706E-01	6.703E-01	6.704E-01	6.704E-01	6.704E-01	6.704E-01
1.620E+00	6.666E-01	1.408E-04	6.667E-01	6.665E-01	6.666E-01	6.666E-01	6.666E-01	6.666E-01
1.630E+00	6.628E-01	1.365E-04	6.629E-01	6.626E-01	6.628E-01	6.628E-01	6.628E-01	6.628E-01
1.640E+00	6.590E-01	1.321E-04	6.591E-01	6.588E-01	6.590E-01	6.590E-01	6.589E-01	6.590E-01
1.650E+00	6.552E-01	1.277E-04	6.553E-01	6.550E-01	6.551E-01	6.552E-01	6.551E-01	6.552E-01
1.660E+00	6.513E-01	1.233E-04	6.515E-01	6.512E-01	6.513E-01	6.514E-01	6.513E-01	6.514E-01
1.670E+00	6.476E-01	1.188E-04	6.477E-01	6.474E-01	6.476E-01	6.476E-01	6.475E-01	6.476E-01
1.680E+00	6.438E-01	1.143E-04	6.439E-01	6.437E-01	6.438E-01	6.438E-01	6.437E-01	6.438E-01
1.690E+00	6.400E-01	1.097E-04	6.401E-01	6.399E-01	6.400E-01	6.400E-01	6.400E-01	6.400E-01
1.700E+00	6.362E-01	1.051E-04	6.363E-01	6.361E-01	6.362E-01	6.362E-01	6.362E-01	6.362E-01
1.710E+00	6.324E-01	1.005E-04	6.325E-01	6.323E-01	6.324E-01	6.324E-01	6.324E-01	6.325E-01
1.720E+00	6.287E-01	9.591E-05	6.288E-01	6.286E-01	6.287E-01	6.287E-01	6.287E-01	6.287E-01
1.730E+00	6.249E-01	9.126E-05	6.250E-01	6.248E-01	6.249E-01	6.249E-01	6.249E-01	6.249E-01
1.740E+00	6.212E-01	8.660E-05	6.213E-01	6.211E-01	6.212E-01	6.212E-01	6.212E-01	6.212E-01
1.750E+00	6.174E-01	8.193E-05	6.175E-01	6.174E-01	6.174E-01	6.174E-01	6.174E-01	6.175E-01
1.760E+00	6.137E-01	7.726E-05	6.138E-01	6.136E-01	6.137E-01	6.137E-01	6.137E-01	6.137E-01
1.770E+00	6.100E-01	7.260E-05	6.101E-01	6.099E-01	6.100E-01	6.100E-01	6.100E-01	6.100E-01
1.780E+00	6.063E-01	6.796E-05	6.063E-01	6.062E-01	6.063E-01	6.063E-01	6.063E-01	6.063E-01
1.790E+00	6.026E-01	6.334E-05	6.026E-01	6.025E-01	6.026E-01	6.026E-01	6.026E-01	6.026E-01
1.800E+00	5.989E-01	5.877E-05	5.989E-01	5.988E-01	5.989E-01	5.989E-01	5.989E-01	5.989E-01
1.810E+00	5.952E-01	5.427E-05	5.952E-01	5.951E-01	5.952E-01	5.952E-01	5.952E-01	5.952E-01
1.820E+00	5.915E-01	4.987E-05	5.916E-01	5.915E-01	5.915E-01	5.915E-01	5.915E-01	5.915E-01
1.830E+00	5.878E-01	4.560E-05	5.879E-01	5.878E-01	5.879E-01	5.878E-01	5.878E-01	5.879E-01
1.840E+00	5.842E-01	4.152E-05	5.842E-01	5.842E-01	5.842E-01	5.842E-01	5.842E-01	5.842E-01
1.850E+00	5.805E-01	3.769E-05	5.806E-01	5.805E-01	5.805E-01	5.805E-01	5.805E-01	5.806E-01
1.860E+00	5.769E-01	3.422E-05	5.769E-01	5.769E-01	5.769E-01	5.769E-01	5.769E-01	5.769E-01
1.870E+00	5.733E-01	3.123E-05	5.733E-01	5.732E-01	5.733E-01	5.732E-01	5.732E-01	5.733E-01
1.880E+00	5.696E-01	2.890E-05	5.697E-01	5.696E-01	5.697E-01	5.696E-01	5.696E-01	5.697E-01
1.890E+00	5.660E-01	2.738E-05	5.660E-01	5.660E-01	5.660E-01	5.660E-01	5.660E-01	5.661E-01
1.900E+00	5.624E-01	2.685E-05	5.624E-01	5.624E-01	5.624E-01	5.624E-01	5.624E-01	5.624E-01
1.910E+00	5.588E-01	2.735E-05	5.588E-01	5.588E-01	5.589E-01	5.588E-01	5.588E-01	5.589E-01
1.920E+00	5.553E-01	2.886E-05	5.552E-01	5.553E-01	5.553E-01	5.552E-01	5.552E-01	5.553E-01
1.930E+00	5.517E-01	3.122E-05	5.517E-01	5.517E-01	5.517E-01	5.517E-01	5.517E-01	5.517E-01
1.940E+00	5.481E-01	3.427E-05	5.481E-01	5.481E-01	5.481E-01	5.481E-01	5.481E-01	5.481E-01
1.950E+00	5.446E-01	3.784E-05	5.446E-01	5.446E-01	5.446E-01	5.446E-01	5.446E-01	5.446E-01
1.960E+00	5.410E-01	4.181E-05	5.410E-01	5.411E-01	5.411E-01	5.410E-01	5.410E-01	5.411E-01
1.970E+00	5.375E-01	4.608E-05	5.375E-01	5.375E-01	5.375E-01	5.375E-01	5.375E-01	5.375E-01
1.980E+00	5.340E-01	5.057E-05	5.340E-01	5.340E-01	5.340E-01	5.340E-01	5.340E-01	5.340E-01
1.990E+00	5.305E-01	5.522E-05	5.304E-01	5.305E-01	5.305E-01	5.305E-01	5.305E-01	5.305E-01
2.000E+00	5.270E-01	6.001E-05	5.269E-01	5.270E-01	5.270E-01	5.270E-01	5.270E-01	5.270E-01
2.010E+00	5.235E-01	6.490E-05	5.235E-01	5.236E-01	5.235E-01	5.235E-01	5.235E-01	5.235E-01
2.020E+00	5.200E-01	6.987E-05	5.200E-01	5.201E-01	5.201E-01	5.200E-01	5.200E-01	5.201E-01
2.030E+00	5.166E-01	7.490E-05	5.165E-01	5.166E-01	5.166E-01	5.165E-01	5.166E-01	5.166E-01
2.040E+00	5.131E-01	7.998E-05	5.131E-01	5.132E-01	5.131E-01	5.131E-01	5.131E-01	5.131E-01
2.050E+00	5.097E-01	8.511E-05	5.096E-01	5.098E-01	5.097E-01	5.097E-01	5.097E-01	5.097E-01
2.060E+00	5.063E-01	9.026E-05	5.062E-01	5.063E-01	5.063E-01	5.062E-01	5.062E-01	5.063E-01
2.070E+00	5.028E-01	9.545E-05	5.028E-01	5.029E-01	5.029E-01	5.028E-01	5.028E-01	5.029E-01
2.080E+00	4.994E-01	1.007E-04	4.994E-01	4.995E-01	4.995E-01	4.994E-01	4.994E-01	4.995E-01
2.090E+00	4.961E-01	1.059E-04	4.960E-01	4.962E-01	4.961E-01	4.960E-01	4.960E-01	4.961E-01
2.100E+00	4.927E-01	1.111E-04	4.926E-01	4.928E-01	4.927E-01	4.926E-01	4.927E-01	4.927E-01
2.110E+00	4.893E-01	1.163E-04	4.892E-01	4.894E-01	4.893E-01	4.893E-01	4.893E-01	4.893E-01
2.120E+00	4.860E-01	1.216E-04	4.858E-01	4.861E-01	4.860E-01	4.859E-01	4.859E-01	4.860E-01
2.130E+00	4.826E-01	1.268E-04	4.825E-01	4.827E-01	4.826E-01	4.826E-01	4.826E-01	4.826E-01
2.140E+00	4.793E-01	1.321E-04	4.792E-01	4.794E-01	4.793E-01	4.793E-01	4.793E-01	4.793E-01
2.150E+00	4.760E-01	1.373E-04	4.758E-01	4.761E-01	4.760E-01	4.759E-01	4.759E-01	4.760E-01
2.160E+00	4.727E-01	1.426E-04	4.725E-01	4.728E-01	4.727E-01	4.726E-01	4.726E-01	4.727E-01
2.170E+00	4.694E-01	1.478E-04	4.692E-01	4.695E-01	4.694E-01	4.693E-01	4.694E-01	4.694E-01
2.180E+00	4.661E-01	1.531E-04	4.659E-01	4.662E-01	4.661E-01	4.661E-01	4.661E-01	4.661E-01
2.190E+00	4.628E-01	1.583E-04	4.627E-01	4.630E-01	4.629E-01	4.628E-01	4.628E-01	4.628E-01
2.200E+00	4.596E-01	1.635E-04	4.594E-01	4.597E-01	4.596E-01	4.595E-01	4.596E-01	4.596E-01
2.210E+00	4.563E-01	1.687E-04	4.562E-01	4.565E-01	4.564E-01	4.563E-01	4.563E-01	4.564E-01
2.220E+00	4.531E-01	1.739E-04	4.529E-01	4.533E-01	4.531E-01	4.531E-01	4.531E-01	4.531E-01
2.230E+00	4.499E-01	1.791E-04	4.497E-01	4.501E-01	4.499E-01	4.499E-01	4.499E-01	4.499E-01
2.240E+00	4.467E-01	1.843E-04	4.465E-01	4.469E-01	4.467E-01	4.467E-01	4.467E-01	4.467E-01
2.250E+00	4.435E-01	1.894E-04	4.433E-01	4.437E-01	4.435E-01	4.435E-01	4.435E-01	4.435E-01
2.260E+00	4.403E-01	1.945E-04	4.401E-01	4.405E-01	4.404E-01	4.403E-01	4.403E-01	4.403E-01
2.270E+00	4.372E-01	1.997E-04	4.370E-01	4.374E-01	4.372E-01	4.371E-01	4.371E-01	4.372E-01
2.280E+00	4.340E-01	2.047E-04	4.338E-01	4.342E-01	4.341E-01	4.340E-01	4.340E-01	4.340E-01
2.290E+00	4.309E-01	2.098E-04	4.307E-01	4.311E-01	4.309E-01	4.308E-01	4.309E-01	4.309E-01
2.300E+00	4.278E-01	2.149E-04	4.276E-01	4.280E-01	4.278E-01	4.277E-01	4.277E-01	4.278E-01
2.310E+00	4.247E-01	2.199E-04	4.244E-01	4.249E-01	4.247E-01	4.246E-01	4.246E-01	4.247E-01
2.320E+00	4.216E-01	2.249E-04	4.213E-01	4.218E-01	4.216E-01	4.215E-01	4.215E-01	4.216E-01
2.330E+00	4.185E-01	2.299E-04	4.183E-01	4.187E-01	4.185E-01	4.184E-01	4.185E-01	4.185E-01
2.340E+00	4.154E-01	2.349E-04	4.152E-01	4.156E-01	4.155E-01	4.154E-01	4.154E-01	4.154E-01
2.350E+00	4.124E-01	2.398E-04	4.121E-01	4.126E-01	4.124E-01	4.123E-01	4.123E-01	4.124E-01
2.360E+00	4.093E-01	2.447E-04	4.091E-01	4.096E-01	4.094E-01	4.093E-01	4.093E-01	4.093E-01
2.370E+00	4.063E-01	2.496E-04	4.060E-01	4.065E-01	4.063E-01	4.062E-01	4.063E-01	4.063E-01
2.380E+00	4.033E-01	2.544E-04	4.030E-01	4.035E-01	4.033E-01	4.032E-01	4.033E-01	4.033E-01
2.390E+00	4.003E-01	2.593E-04	4.000E-01	4.005E-01	4.003E-01	4.002E-01	4.003E-01	4.003E-01
2.400E+00	3.973E-01	2.641E-04	3.970E-01	3.976E-01	3.973E-01	3.973E-01	3.973E-01	3.973E-01
2.410E+00	3.943E-01	2.688E-04	3.941E-01	3.946E-01	3.944E-01	3.943E-01	3.943E-01	3.943E-01
2.420E+00	3.914E-01	2.736E-04	3.911E-01	3.916E-01	3.914E-01	3.913E-01	3.913E-01	3.914E-01
2.430E+00	3.884E-01	2.783E-04	3.882E-01	3.887E-01	3.885E-01	3.884E-01	3.884E-01	3.884E-01
2.440E+00	3.855E-01	2.829E-04	3.852E-01	3.858E-01	3.855E-01	3.855E-01	3.855E-01	3.855E-01
2.450E+00	3.826E-01	2.876E-04	3.823E-01	3.829E-01	3.826E-01	3.825E-01	3.826E-01	3.826E-01
2.460E+00	3.797E-01	2.922E-04	3.794E-01	3.800E-01	3.797E-01	3.796E-01	3.797E-01	3.797E-01
2.470E+00	3.768E-01	2.968E-04	3.765E-01	3.771E-01	3.768E-01	3.767E-01	3.768E-01	3.768E-01
2.480E+00	3.739E-01	3.013E-04	3.736E-01	3.742E-01	3.740E-01	3.739E-01	3.739E-01	3.739E-01
2.490E+00	3.711E-01	3.058E-04	3.708E-01	3.714E-01	3.711E-01	3.710E-01	3.710E-01	3.711E-01
2.500E+00	3.682E-01	3.103E-04	3.679E-01	3.685E-01	3.683E-01	3.682E-01	3.682E-01	3.682E-01
2.510E+00	3.654E-01	3.147E-04	3.651E-01	3.657E-01	3.654E-01	3.653E-01	3.654E-01	3.654E-01
2.520E+00	3.626E-01	3.191E-04	3.623E-01	3.629E-01	3.626E-01	3.625E-01	3.625E-01	3.626E-01
2.530E+00	3.598E-01	3.235E-04	3.594E-01	3.601E-01	3.598E-01	3.597E-01	3.597E-01	3.598E-01
2.540E+00	3.570E-01	3.278E-04	3.567E-01	3.573E-01	3.570E-01	3.569E-01	3.570E-01	3.570E-01
2.550E+00	3.542E-01	3.321E-04	3.539E-01	3.545E-01	3.543E-01	3.542E-01	3.542E-01	3.542E-01
2.560E+00	3.514E-01	3.363E-04	3.511E-01	3.518E-01	3.515E-01	3.514E-01	3.514E-01	3.515E-01
2.570E+00	3.487E-01	3.405E-04	3.484E-01	3.490E-01	3.487E-01	3.487E-01	3.487E-01	3.487E-01
2.580E+00	3.460E-01	3.447E-04	3.456E-01	3.463E-01	3.460E-01	3.459E-01	3.459E-01	3.460E-01
2.590E+00	3.433E-01	3.488E-04	3.429E-01	3.436E-01	3.433E-01	3.432E-01	3.432E-01	3.433E-01
2.600E+00	3.406E-01	3.529E-04	3.402E-01	3.409E-01	3.406E-01	3.405E-01	3.405E-01	3.406E-01
2.610E+00	3.379E-01	3.570E-04	3.375E-01	3.382E-01	3.379E-01	3.378E-01	3.378E-01	3.379E-01
2.620E+00	3.352E-01	3.610E-04	3.348E-01	3.355E-01	3.352E-01	3.351E-01	3.352E-01	3.352E-01
2.630E+00	3.325E-01	3.650E-04	3.322E-01	3.329E-01	3.326E-01	3.325E-01	3.325E-01	3.326E-01
2.640E+00	3.299E-01	3.689E-04	3.295E-01	3.303E-01	3.299E-01	3.298E-01	3.299E-01	3.299E-01
2.650E+00	3.273E-01	3.728E-04	3.269E-01	3.276E-01	3.273E-01	3.272E-01	3.272E-01	3.273E-01
2.660E+00	3.246E-01	3.766E-04	3.243E-01	3.250E-01	3.247E-01	3.246E-01	3.246E-01	3.247E-01
2.670E+00	3.220E-01	3.804E-04	3.217E-01	3.224E-01	3.221E-01	3.220E-01	3.220E-01	3.221E-01
2.680E+00	3.194E-01	3.842E-04	3.191E-01	3.198E-01	3.195E-01	3.194E-01	3.194E-01	3.195E-01
2.690E+00	3.169E-01	3.879E-04	3.165E-01	3.173E-01	3.169E-01	3.168E-01	3.169E-01	3.169E-01
2.700E+00	3.143E-01	3.916E-04	3.139E-01	3.147E-01	3.144E-01	3.143E-01	3.143E-01	3.143E-01
2.710E+00	3.118E-01	3.952E-04	3.114E-01	3.122E-01	3.118E-01	3.117E-01	3.117E-01	3.118E-01
2.720E+00	3.092E-01	3.988E-04	3.088E-01	3.096E-01	3.093E-01	3.092E-01	3.092E-01	3.093E-01
2.730E+00	3.067E-01	4.023E-04	3.063E-01	3.071E-01	3.068E-01	3.067E-01	3.067E-01	3.067E-01
2.740E+00	3.042E-01	4.058E-04	3.038E-01	3.046E-01	3.043E-01	3.042E-01	3.042E-01	3.042E-01
2.750E+00	3.017E-01	4.093E-04	3.013E-01	3.021E-01	3.018E-01	3.017E-01	3.017E-01	3.018E-01
2.760E+00	2.993E-01	4.127E-04	2.988E-01	2.997E-01	2.993E-01	2.992E-01	2.992E-01	2.993E-01
2.770E+00	2.968E-01	4.161E-04	2.964E-01	2.972E-01	2.968E-01	2.967E-01	2.968E-01	2.968E-01
2.780E+00	2.944E-01	4.194E-04	2.939E-01	2.948E-01	2.944E-01	2.943E-01	2.943E-01	2.944E-01
2.790E+00	2.919E-01	4.227E-04	2.915E-01	2.923E-01	2.920E-01	2.919E-01	2.919E-01	2.919E-01
2.800E+00	2.895E-01	4.259E-04	2.891E-01	2.899E-01	2.896E-01	2.895E-01	2.895E-01	2.895E-01
2.810E+00	2.871E-01	4.291E-04	2.867E-01	2.875E-01	2.872E-01	2.870E-01	2.871E-01	2.871E-01
2.820E+00	2.847E-01	4.322E-04	2.843E-01	2.851E-01	2.848E-01	2.847E-01	2.847E-01	2.847E-01
2.830E+00	2.823E-01	4.353E-04	2.819E-01	2.828E-01	2.824E-01	2.823E-01	2.823E-01	2.824E-01
2.840E+00	2.800E-01	4.384E-04	2.795E-01	2.804E-01	2.800E-01	2.799E-01	2.800E-01	2.800E-01
2.850E+00	2.776E-01	4.414E-04	2.772E-01	2.781E-01	2.777E-01	2.776E-01	2.776E-01	2.777E-01
2.860E+00	2.753E-01	4.443E-04	2.749E-01	2.757E-01	2.754E-01	2.752E-01	2.753E-01	2.753E-01
2.870E+00	2.730E-01	4.472E-04	2.725E-01	2.734E-01	2.730E-01	2.729E-01	2.730E-01	2.730E-01
2.880E+00	2.707E-01	4.501E-04	2.702E-01	2.711E-01	2.707E-01	2.706E-01	2.707E-01	2.707E-01
2.890E+00	2.684E-01	4.529E-04	2.679E-01	2.688E-01	2.684E-01	2.683E-01	2.684E-01	2.684E-01
2.900E+00	2.661E-01	4.557E-04	2.657E-01	2.666E-01	2.662E-01	2.661E-01	2.661E-01	2.661E-01
2.910E+00	2.639E-01	4.584E-04	2.634E-01	2.643E-01	2.639E-01	2.638E-01	2.638E-01	2.639E-01
2.920E+00	2.616E-01	4.611E-04	2.611E-01	2.621E-01	2.617E-01	2.616E-01	2.616E-01	2.616E-01
2.930E+00	2.594E-01	4.637E-04	2.589E-01	2.598E-01	2.594E-01	2.593E-01	2.594E-01	2.594E-01
2.940E+00	2.572E-01	4.663E-04	2.567E-01	2.576E-01	2.572E-01	2.571E-01	2.571E-01	2.572E-01
2.950E+00	2.549E-01	4.688E-04	2.545E-01	2.554E-01	2.550E-01	2.549E-01	2.549E-01	2.550E-01
2.960E+00	2.528E-01	4.713E-04	2.523E-01	2.532E-01	2.528E-01	2.527E-01	2.527E-01	2.528E-01
2.970E+00	2.506E-01	4.737E-04	2.501E-01	2.510E-01	2.506E-01	2.505E-01	2.506E-01	2.506E-01
2.980E+00	2.484E-01	4.761E-04	2.479E-01	2.489E-01	2.485E-01	2.484E-01	2.484E-01	2.484E-01
2.990E+00	2.463E-01	4.785E-04	2.458E-01	2.467E-01	2.463E-01	2.462E-01	2.462E-01	2.463E-01
3.000E+00	2.441E-01	4.808E-04	2.436E-01	2.446E-01	2.442E-01	2.441E-01	2.441E-01	2.441E-01
