1.000E-02	1.045E+00	3.748E-04	1.045E+00	1.044E+00	1.045E+00	1.044E+00	1.045E+00	1.045E+00
2.000E-02	1.044E+00	3.728E-04	1.045E+00	1.044E+00	1.045E+00	1.044E+00	1.044E+00	1.044E+00
3.000E-02	1.044E+00	3.703E-04	1.044E+00	1.044E+00	1.044E+00	1.044E+00	1.044E+00	1.044E+00
4.000E-02	1.044E+00	3.673E-04	1.044E+00	1.044E+00	1.044E+00	1.044E+00	1.044E+00	1.044E+00
5.000E-02	1.044E+00	3.639E-04	1.044E+00	1.043E+00	1.044E+00	1.043E+00	1.044E+00	1.044E+00
6.000E-02	1.043E+00	3.603E-04	1.043E+00	1.043E+00	1.043E+00	1.043E+00	1.043E+00	1.043E+00
7.000E-02	1.043E+00	3.564E-04	1.043E+00	1.042E+00	1.043E+00	1.042E+00	1.043E+00	1.043E+00
8.000E-02	1.042E+00	3.523E-04	1.042E+00	1.042E+00	1.042E+00	1.042E+00	1.042E+00	1.042E+00
9.000E-02	1.042E+00	3.481E-04	1.042E+00	1.041E+00	1.042E+00	1.041E+00	1.042E+00	1.042E+00
1.000E-01	1.041E+00	3.437E-04	1.041E+00	1.041E+00	1.041E+00	1.041E+00	1.041E+00	1.041E+00
1.100E-01	1.040E+00	3.393E-04	1.041E+00	1.040E+00	1.041E+00	1.040E+00	1.040E+00	1.040E+00
1.200E-01	1.040E+00	3.348E-04	1.040E+00	1.039E+00	1.040E+00	1.039E+00	1.040E+00	1.040E+00
1.300E-01	1.039E+00	3.302E-04	1.039E+00	1.039E+00	1.039E+00	1.039E+00	1.039E+00	1.039E+00
1.400E-01	1.038E+00	3.257E-04	1.038E+00	1.038E+00	1.038E+00	1.038E+00	1.038E+00	1.038E+00
1.500E-01	1.037E+00	3.212E-04	1.037E+00	1.037E+00	1.038E+00	1.037E+00	1.037E+00	1.037E+00
1.600E-01	1.036E+00	3.167E-04	1.037E+00	1.036E+00	1.037E+00	1.036E+00	1.036E+00	1.036E+00
1.700E-01	1.035E+00	3.122E-04	1.036E+00	1.035E+00	1.036E+00	1.035E+00	1.035E+00	1.035E+00
1.800E-01	1.034E+00	3.079E-04	1.035E+00	1.034E+00	1.035E+00	1.034E+00	1.034E+00	1.034E+00
1.900E-01	1.033E+00	3.036E-04	1.034E+00	1.033E+00	1.034E+00	1.033E+00	1.033E+00	1.033E+00
2.000E-01	1.032E+00	2.995E-04	1.033E+00	1.032E+00	1.033E+00	1.032E+00	1.032E+00	1.032E+00
2.100E-01	1.031E+00	2.954E-04	1.031E+00	1.031E+00	1.032E+00	1.031E+00	1.031E+00	1.031E+00
2.200E-01	1.030E+00	2.915E-04	1.030E+00	1.030E+00	1.030E+00	1.030E+00	1.030E+00	1.030E+00
2.300E-01	1.029E+00	2.878E-04	1.029E+00	1.029E+00	1.029E+00	1.029E+00	1.029E+00	1.029E+00
2.400E-01	1.028E+00	2.842E-04	1.028E+00	1.028E+00	1.028E+00	1.027E+00	1.028E+00	1.028E+00
2.500E-01	1.026E+00	2.809E-04	1.027E+00	1.026E+00	1.027E+00	1.026E+00	1.027E+00	1.026E+00
2.600E-01	1.025E+00	2.777E-04	1.025E+00	1.025E+00	1.025E+00	1.025E+00	1.025E+00	1.025E+00
2.700E-01	1.024E+00	2.747E-04	1.024E+00	1.024E+00	1.024E+00	1.024E+00	1.024E+00	1.024E+00
2.800E-01	1.022E+00	2.720E-04	1.023E+00	1.022E+00	1.023E+00	1.022E+00	1.023E+00	1.022E+00
2.900E-01	1.021E+00	2.694E-04	1.021E+00	1.021E+00	1.021E+00	1.021E+00	1.021E+00	1.021E+00
3.000E-01	1.020E+00	2.671E-04	1.020E+00	1.020E+00	1.020E+00	1.019E+00	1.020E+00	1.020E+00
3.100E-01	1.018E+00	2.651E-04	1.018E+00	1.018E+00	1.018E+00	1.018E+00	1.018E+00	1.018E+00
3.200E-01	1.017E+00	2.632E-04	1.017E+00	1.017E+00	1.017E+00	1.016E+00	1.017E+00	1.017E+00
3.300E-01	1.015E+00	2.617E-04	1.015E+00	1.015E+00	1.015E+00	1.015E+00	1.015E+00	1.015E+00
3.400E-01	1.014E+00	2.603E-04	1.014E+00	1.014E+00	1.014E+00	1.013E+00	1.014E+00	1.014E+00
3.500E-01	1.012E+00	2.592E-04	1.012E+00	1.012E+00	1.012E+00	1.012E+00	1.012E+00	1.012E+00
3.600E-01	1.010E+00	2.584E-04	1.010E+00	1.010E+00	1.010E+00	1.010E+00	1.010E+00	1.010E+00
3.700E-01	1.009E+00	2.578E-04	1.009E+00	1.009E+00	1.009E+00	1.008E+00	1.009E+00	1.009E+00
3.800E-01	1.007E+00	2.574E-04	1.007E+00	1.007E+00	1.007E+00	1.007E+00	1.007E+00	1.007E+00
3.900E-01	1.005E+00	2.573E-04	1.005E+00	1.005E+00	1.005E+00	1.005E+00	1.005E+00	1.005E+00
4.000E-01	1.003E+00	2.574E-04	1.003E+00	1.003E+00	1.004E+00	1.003E+00	1.003E+00	1.003E+00
4.100E-01	1.001E+00	2.577E-04	1.001E+00	1.002E+00	1.002E+00	1.001E+00	1.001E+00	1.001E+00
4.200E-01	9.996E-01	2.583E-04	9.996E-01	9.997E-01	9.999E-01	9.994E-01	9.996E-01	9.996E-01
4.300E-01	9.978E-01	2.590E-04	9.977E-01	9.978E-01	9.980E-01	9.975E-01	9.978E-01	9.977E-01
4.400E-01	9.958E-01	2.600E-04	9.958E-01	9.959E-01	9.961E-01	9.956E-01	9.959E-01	9.958E-01
4.500E-01	9.939E-01	2.611E-04	9.938E-01	9.940E-01	9.942E-01	9.937E-01	9.939E-01	9.939E-01
4.600E-01	9.919E-01	2.624E-04	9.918E-01	9.920E-01	9.922E-01	9.917E-01	9.920E-01	9.919E-01
4.700E-01	9.899E-01	2.638E-04	9.898E-01	9.900E-01	9.902E-01	9.897E-01	9.900E-01	9.899E-01
4.800E-01	9.879E-01	2.654E-04	9.878E-01	9.880E-01	9.882E-01	9.877E-01	9.879E-01	9.879E-01
4.900E-01	9.859E-01	2.671E-04	9.857E-01	9.860E-01	9.861E-01	9.856E-01	9.859E-01	9.858E-01
5.000E-01	9.838E-01	2.690E-04	9.836E-01	9.839E-01	9.840E-01	9.835E-01	9.838E-01	9.837E-01
5.100E-01	9.816E-01	2.710E-04	9.815E-01	9.818E-01	9.819E-01	9.814E-01	9.817E-01	9.816E-01
5.200E-01	9.795E-01	2.731E-04	9.794E-01	9.796E-01	9.797E-01	9.793E-01	9.795E-01	9.795E-01
5.300E-01	9.773E-01	2.752E-04	9.772E-01	9.775E-01	9.776E-01	9.771E-01	9.774E-01	9.773E-01
5.400E-01	9.751E-01	2.775E-04	9.750E-01	9.753E-01	9.754E-01	9.749E-01	9.752E-01	9.751E-01
5.500E-01	9.729E-01	2.798E-04	9.728E-01	9.731E-01	9.731E-01	9.727E-01	9.729E-01	9.729E-01
5.600E-01	9.707E-01	2.821E-04	9.705E-01	9.708E-01	9.709E-01	9.704E-01	9.707E-01	9.706E-01
5.700E-01	9.684E-01	2.846E-04	9.682E-01	9.685E-01	9.686E-01	9.682E-01	9.684E-01	9.684E-01
5.800E-01	9.661E-01	2.870E-04	9.659E-01	9.663E-01	9.663E-01	9.659E-01	9.661E-01	9.661E-01
5.900E-01	9.638E-01	2.895E-04	9.636E-01	9.639E-01	9.640E-01	9.635E-01	9.638E-01	9.637E-01
6.000E-01	9.614E-01	2.920E-04	9.612E-01	9.616E-01	9.616E-01	9.612E-01	9.614E-01	9.614E-01
6.100E-01	9.590E-01	2.945E-04	9.588E-01	9.592E-01	9.592E-01	9.588E-01	9.590E-01	9.590E-01
6.200E-01	9.566E-01	2.970E-04	9.564E-01	9.568E-01	9.568E-01	9.564E-01	9.566E-01	9.566E-01
6.300E-01	9.542E-01	2.995E-04	9.540E-01	9.544E-01	9.544E-01	9.540E-01	9.542E-01	9.542E-01
6.400E-01	9.517E-01	3.020E-04	9.515E-01	9.519E-01	9.520E-01	9.515E-01	9.518E-01	9.517E-01
6.500E-01	9.493E-01	3.044E-04	9.490E-01	9.495E-01	9.495E-01	9.490E-01	9.493E-01	9.492E-01
6.600E-01	9.468E-01	3.068E-04	9.465E-01	9.470E-01	9.470E-01	9.465E-01	9.468E-01	9.467E-01
6.700E-01	9.442E-01	3.092E-04	9.440E-01	9.445E-01	9.445E-01	9.440E-01	9.443E-01	9.442E-01
6.800E-01	9.417E-01	3.116E-04	9.415E-01	9.419E-01	9.419E-01	9.415E-01	9.417E-01	9.417E-01
6.900E-01	9.391E-01	3.139E-04	9.389E-01	9.394E-01	9.393E-01	9.389E-01	9.391E-01	9.391E-01
7.000E-01	9.365E-01	3.161E-04	9.363E-01	9.368E-01	9.367E-01	9.363E-01	9.366E-01	9.365E-01
7.100E-01	9.339E-01	3.183E-04	9.337E-01	9.342E-01	9.341E-01	9.337E-01	9.339E-01	9.339E-01
7.200E-01	9.313E-01	3.204E-04	9.311E-01	9.315E-01	9.315E-01	9.311E-01	9.313E-01	9.313E-01
7.300E-01	9.286E-01	3.225E-04	9.284E-01	9.289E-01	9.288E-01	9.284E-01	9.287E-01	9.286E-01
7.400E-01	9.260E-01	3.244E-04	9.257E-01	9.262E-01	9.262E-01	9.258E-01	9.260E-01	9.259E-01
7.500E-01	9.233E-01	3.263E-04	9.230E-01	9.235E-01	9.235E-01	9.231E-01	9.233E-01	9.232E-01
7.600E-01	9.206E-01	3.281E-04	9.203E-01	9.208E-01	9.208E-01	9.204E-01	9.206E-01	9.205E-01
7.700E-01	9.178E-01	3.299E-04	9.176E-01	9.181E-01	9.180E-01	9.176E-01	9.178E-01	9.178E-01
7.800E-01	9.151E-01	3.315E-04	9.148E-01	9.153E-01	9.153E-01	9.149E-01	9.151E-01	9.150E-01
7.900E-01	9.123E-01	3.330E-04	9.120E-01	9.126E-01	9.125E-01	9.121E-01	9.123E-01	9.123E-01
8.000E-01	9.095E-01	3.345E-04	9.092E-01	9.098E-01	9.097E-01	9.093E-01	9.095E-01	9.095E-01
8.100E-01	9.067E-01	3.358E-04	9.064E-01	9.070E-01	9.069E-01	9.065E-01	9.067E-01	9.067E-01
8.200E-01	9.039E-01	3.371E-04	9.036E-01	9.041E-01	9.040E-01	9.037E-01	9.039E-01	9.038E-01
8.300E-01	9.010E-01	3.382E-04	9.007E-01	9.013E-01	9.012E-01	9.008E-01	9.010E-01	9.010E-01
8.400E-01	8.981E-01	3.393E-04	8.979E-01	8.984E-01	8.983E-01	8.980E-01	8.982E-01	8.981E-01
8.500E-01	8.953E-01	3.402E-04	8.950E-01	8.955E-01	8.954E-01	8.951E-01	8.953E-01	8.952E-01
8.600E-01	8.924E-01	3.411E-04	8.921E-01	8.926E-01	8.925E-01	8.922E-01	8.924E-01	8.923E-01
8.700E-01	8.894E-01	3.418E-04	8.892E-01	8.897E-01	8.896E-01	8.893E-01	8.895E-01	8.894E-01
8.800E-01	8.865E-01	3.424E-04	8.862E-01	8.868E-01	8.867E-01	8.863E-01	8.865E-01	8.865E-01
8.900E-01	8.836E-01	3.429E-04	8.833E-01	8.839E-01	8.837E-01	8.834E-01	8.836E-01	8.835E-01
9.000E-01	8.806E-01	3.433E-04	8.803E-01	8.809E-01	8.808E-01	8.804E-01	8.806E-01	8.806E-01
9.100E-01	8.776E-01	3.435E-04	8.773E-01	8.779E-01	8.778E-01	8.774E-01	8.776E-01	8.776E-01
9.200E-01	8.746E-01	3.437E-04	8.743E-01	8.749E-01	8.748E-01	8.744E-01	8.746E-01	8.746E-01
9.300E-01	8.716E-01	3.437E-04	8.713E-01	8.719E-01	8.718E-01	8.714E-01	8.716E-01	8.716E-01
9.400E-01	8.686E-01	3.436E-04	8.683E-01	8.689E-01	8.687E-01	8.684E-01	8.686E-01	8.685E-01
9.500E-01	8.655E-01	3.434E-04	8.652E-01	8.658E-01	8.657E-01	8.654E-01	8.656E-01	8.655E-01
9.600E-01	8.625E-01	3.431E-04	8.622E-01	8.628E-01	8.626E-01	8.623E-01	8.625E-01	8.624E-01
9.700E-01	8.594E-01	3.426E-04	8.591E-01	8.597E-01	8.596E-01	8.592E-01	8.594E-01	8.594E-01
9.800E-01	8.563E-01	3.420E-04	8.560E-01	8.566E-01	8.565E-01	8.562E-01	8.564E-01	8.563E-01
9.900E-01	8.532E-01	3.414E-04	8.529E-01	8.535E-01	8.534E-01	8.531E-01	8.533E-01	8.532E-01
1.000E+00	8.501E-01	3.405E-04	8.498E-01	8.504E-01	8.503E-01	8.500E-01	8.501E-01	8.501E-01
1.010E+00	8.470E-01	3.396E-04	8.467E-01	8.473E-01	8.471E-01	8.468E-01	8.470E-01	8.470E-01
1.020E+00	8.439E-01	3.386E-04	8.436E-01	8.442E-01	8.440E-01	8.437E-01	8.439E-01	8.438E-01
1.030E+00	8.407E-01	3.374E-04	8.404E-01	8.410E-01	8.409E-01	8.406E-01	8.407E-01	8.407E-01
1.040E+00	8.375E-01	3.361E-04	8.372E-01	8.378E-01	8.377E-01	8.374E-01	8.376E-01	8.375E-01
1.050E+00	8.344E-01	3.347E-04	8.341E-01	8.347E-01	8.345E-01	8.342E-01	8.344E-01	8.343E-01
1.060E+00	8.312E-01	3.331E-04	8.309E-01	8.315E-01	8.313E-01	8.310E-01	8.312E-01	8.312E-01
1.070E+00	8.280E-01	3.315E-04	8.277E-01	8.283E-01	8.281E-01	8.278E-01	8.280E-01	8.280E-01
1.080E+00	8.248E-01	3.297E-04	8.245E-01	8.251E-01	8.249E-01	8.246E-01	8.248E-01	8.248E-01
1.090E+00	8.216E-01	3.278E-04	8.213E-01	8.219E-01	8.217E-01	8.214E-01	8.216E-01	8.215E-01
1.100E+00	8.183E-01	3.258E-04	8.181E-01	8.186E-01	8.185E-01	8.182E-01	8.184E-01	8.183E-01
1.110E+00	8.151E-01	3.236E-04	8.148E-01	8.154E-01	8.152E-01	8.150E-01	8.151E-01	8.151E-01
1.120E+00	8.119E-01	3.214E-04	8.116E-01	8.121E-01	8.120E-01	8.117E-01	8.119E-01	8.118E-01
1.130E+00	8.086E-01	3.190E-04	8.083E-01	8.089E-01	8.087E-01	8.085E-01	8.086E-01	8.086E-01
1.140E+00	8.053E-01	3.165E-04	8.050E-01	8.056E-01	8.055E-01	8.052E-01	8.054E-01	8.053E-01
1.150E+00	8.021E-01	3.139E-04	8.018E-01	8.023E-01	8.022E-01	8.019E-01	8.021E-01	8.020E-01
1.160E+00	7.988E-01	3.112E-04	7.985E-01	7.991E-01	7.989E-01	7.986E-01	7.988E-01	7.987E-01
1.170E+00	7.955E-01	3.084E-04	7.952E-01	7.958E-01	7.956E-01	7.954E-01	7.955E-01	7.954E-01
1.180E+00	7.922E-01	3.054E-04	7.919E-01	7.925E-01	7.923E-01	7.921E-01	7.922E-01	7.921E-01
1.190E+00	7.889E-01	3.024E-04	7.886E-01	7.891E-01	7.890E-01	7.888E-01	7.889E-01	7.888E-01
1.200E+00	7.856E-01	2.992E-04	7.853E-01	7.858E-01	7.857E-01	7.854E-01	7.856E-01	7.855E-01
1.210E+00	7.822E-01	2.959E-04	7.820E-01	7.825E-01	7.823E-01	7.821E-01	7.823E-01	7.822E-01
1.220E+00	7.789E-01	2.926E-04	7.786E-01	7.792E-01	7.790E-01	7.788E-01	7.789E-01	7.789E-01
1.230E+00	7.756E-01	2.891E-04	7.753E-01	7.758E-01	7.757E-01	7.754E-01	7.756E-01	7.755E-01
1.240E+00	7.722E-01	2.855E-04	7.720E-01	7.725E-01	7.723E-01	7.721E-01	7.723E-01	7.722E-01
1.250E+00	7.689E-01	2.818E-04	7.686E-01	7.691E-01	7.690E-01	7.688E-01	7.689E-01	7.688E-01
1.260E+00	7.655E-01	2.780E-04	7.653E-01	7.658E-01	7.656E-01	7.654E-01	7.655E-01	7.655E-01
1.270E+00	7.621E-01	2.741E-04	7.619E-01	7.624E-01	7.622E-01	7.620E-01	7.622E-01	7.621E-01
1.280E+00	7.588E-01	2.701E-04	7.585E-01	7.590E-01	7.589E-01	7.587E-01	7.588E-01	7.587E-01
1.290E+00	7.554E-01	2.660E-04	7.552E-01	7.556E-01	7.555E-01	7.553E-01	7.554E-01	7.554E-01
1.300E+00	7.520E-01	2.618E-04	7.518E-01	7.523E-01	7.521E-01	7.519E-01	7.521E-01	7.520E-01
1.310E+00	7.486E-01	2.575E-04	7.484E-01	7.489E-01	7.487E-01	7.485E-01	7.487E-01	7.486E-01
1.320E+00	7.452E-01	2.531E-04	7.450E-01	7.455E-01	7.453E-01	7.451E-01	7.453E-01	7.452E-01
1.330E+00	7.418E-01	2.486E-04	7.416E-01	7.421E-01	7.419E-01	7.417E-01	7.419E-01	7.418E-01
1.340E+00	7.384E-01	2.440E-04	7.382E-01	7.387E-01	7.385E-01	7.383E-01	7.385E-01	7.384E-01
1.350E+00	7.350E-01	2.394E-04	7.348E-01	7.353E-01	7.351E-01	7.349E-01	7.351E-01	7.350E-01
1.360E+00	7.316E-01	2.346E-04	7.314E-01	7.318E-01	7.317E-01	7.315E-01	7.317E-01	7.316E-01
1.370E+00	7.282E-01	2.298E-04	7.280E-01	7.284E-01	7.283E-01	7.281E-01	7.283E-01	7.282E-01
1.380E+00	7.248E-01	2.249E-04	7.246E-01	7.250E-01	7.249E-01	7.247E-01	7.248E-01	7.248E-01
1.390E+00	7.214E-01	2.199E-04	7.212E-01	7.216E-01	7.215E-01	7.213E-01	7.214E-01	7.213E-01
1.400E+00	7.180E-01	2.148E-04	7.178E-01	7.182E-01	7.180E-01	7.179E-01	7.180E-01	7.179E-01
1.410E+00	7.145E-01	2.097E-04	7.144E-01	7.147E-01	7.146E-01	7.145E-01	7.146E-01	7.145E-01
1.420E+00	7.111E-01	2.045E-04	7.109E-01	7.113E-01	7.112E-01	7.110E-01	7.112E-01	7.111E-01
1.430E+00	7.077E-01	1.992E-04	7.075E-01	7.079E-01	7.078E-01	7.076E-01	7.077E-01	7.076E-01
1.440E+00	7.043E-01	1.938E-04	7.041E-01	7.044E-01	7.043E-01	7.042E-01	7.043E-01	7.042E-01
1.450E+00	7.008E-01	1.884E-04	7.007E-01	7.010E-01	7.009E-01	7.007E-01	7.009E-01	7.008E-01
1.460E+00	6.974E-01	1.829E-04	6.972E-01	6.975E-01	6.975E-01	6.973E-01	6.974E-01	6.973E-01
1.470E+00	6.939E-01	1.774E-04	6.938E-01	6.941E-01	6.940E-01	6.939E-01	6.940E-01	6.939E-01
1.480E+00	6.905E-01	1.719E-04	6.904E-01	6.907E-01	6.906E-01	6.904E-01	6.906E-01	6.905E-01
1.490E+00	6.871E-01	1.662E-04	6.869E-01	6.872E-01	6.871E-01	6.870E-01	6.871E-01	6.870E-01
1.500E+00	6.836E-01	1.606E-04	6.835E-01	6.838E-01	6.837E-01	6.836E-01	6.837E-01	6.836E-01
1.510E+00	6.802E-01	1.549E-04	6.801E-01	6.803E-01	6.803E-01	6.801E-01	6.802E-01	6.801E-01
1.520E+00	6.768E-01	1.492E-04	6.766E-01	6.769E-01	6.768E-01	6.767E-01	6.768E-01	6.767E-01
1.530E+00	6.733E-01	1.434E-04	6.732E-01	6.734E-01	6.734E-01	6.733E-01	6.734E-01	6.733E-01
1.540E+00	6.699E-01	1.377E-04	6.698E-01	6.700E-01	6.699E-01	6.698E-01	6.699E-01	6.698E-01
1.550E+00	6.664E-01	1.319E-04	6.663E-01	6.665E-01	6.665E-01	6.664E-01	6.665E-01	6.664E-01
1.560E+00	6.630E-01	1.262E-04	6.629E-01	6.631E-01	6.630E-01	6.629E-01	6.630E-01	6.629E-01
1.570E+00	6.596E-01	1.205E-04	6.595E-01	6.597E-01	6.596E-01	6.595E-01	6.596E-01	6.595E-01
1.580E+00	6.561E-01	1.148E-04	6.560E-01	6.562E-01	6.562E-01	6.561E-01	6.562E-01	6.561E-01
1.590E+00	6.527E-01	1.092E-04	6.526E-01	6.528E-01	6.527E-01	6.526E-01	6.527E-01	6.526E-01
1.600E+00	6.492E-01	1.037E-04	6.492E-01	6.493E-01	6.493E-01	6.492E-01	6.493E-01	6.492E-01
1.610E+00	6.458E-01	9.824E-05	6.457E-01	6.459E-01	6.459E-01	6.458E-01	6.459E-01	6.458E-01
1.620E+00	6.424E-01	9.295E-05	6.423E-01	6.424E-01	6.424E-01	6.423E-01	6.424E-01	6.423E-01
1.630E+00	6.390E-01	8.785E-05	6.389E-01	6.390E-01	6.390E-01	6.389E-01	6.390E-01	6.389E-01
1.640E+00	6.355E-01	8.299E-05	6.355E-01	6.356E-01	6.356E-01	6.355E-01	6.356E-01	6.355E-01
1.650E+00	6.321E-01	7.840E-05	6.321E-01	6.321E-01	6.321E-01	6.321E-01	6.321E-01	6.320E-01
1.660E+00	6.287E-01	7.418E-05	6.286E-01	6.287E-01	6.287E-01	6.286E-01	6.287E-01	6.286E-01
1.670E+00	6.252E-01	7.040E-05	6.252E-01	6.253E-01	6.253E-01	6.252E-01	6.253E-01	6.252E-01
1.680E+00	6.218E-01	6.714E-05	6.218E-01	6.219E-01	6.219E-01	6.218E-01	6.219E-01	6.218E-01
1.690E+00	6.184E-01	6.450E-05	6.184E-01	6.184E-01	6.184E-01	6.184E-01	6.185E-01	6.184E-01
1.700E+00	6.150E-01	6.259E-05	6.150E-01	6.150E-01	6.150E-01	6.150E-01	6.151E-01	6.149E-01
1.710E+00	6.116E-01	6.147E-05	6.116E-01	6.116E-01	6.116E-01	6.116E-01	6.116E-01	6.115E-01
1.720E+00	6.082E-01	6.121E-05	6.082E-01	6.082E-01	6.082E-01	6.082E-01	6.082E-01	6.081E-01
1.730E+00	6.048E-01	6.184E-05	6.048E-01	6.048E-01	6.048E-01	6.048E-01	6.048E-01	6.047E-01
1.740E+00	6.014E-01	6.334E-05	6.014E-01	6.014E-01	6.014E-01	6.014E-01	6.014E-01	6.013E-01
1.750E+00	5.980E-01	6.566E-05	5.980E-01	5.980E-01	5.980E-01	5.980E-01	5.980E-01	5.979E-01
1.760E+00	5.946E-01	6.873E-05	5.946E-01	5.946E-01	5.946E-01	5.946E-01	5.947E-01	5.945E-01
1.770E+00	5.912E-01	7.247E-05	5.913E-01	5.912E-01	5.912E-01	5.912E-01	5.913E-01	5.912E-01
1.780E+00	5.878E-01	7.678E-05	5.879E-01	5.878E-01	5.878E-01	5.878E-01	5.879E-01	5.878E-01
1.790E+00	5.845E-01	8.158E-05	5.845E-01	5.844E-01	5.845E-01	5.844E-01	5.845E-01	5.844E-01
1.800E+00	5.811E-01	8.680E-05	5.811E-01	5.810E-01	5.811E-01	5.811E-01	5.811E-01	5.810E-01
1.810E+00	5.777E-01	9.237E-05	5.778E-01	5.776E-01	5.777E-01	5.777E-01	5.778E-01	5.777E-01
1.820E+00	5.744E-01	9.824E-05	5.744E-01	5.743E-01	5.744E-01	5.743E-01	5.744E-01	5.743E-01
1.830E+00	5.710E-01	1.044E-04	5.711E-01	5.709E-01	5.710E-01	5.710E-01	5.711E-01	5.709E-01
1.840E+00	5.676E-01	1.107E-04	5.677E-01	5.675E-01	5.676E-01	5.676E-01	5.677E-01	5.676E-01
1.850E+00	5.643E-01	1.172E-04	5.644E-01	5.642E-01	5.643E-01	5.643E-01	5.644E-01	5.642E-01
1.860E+00	5.610E-01	1.239E-04	5.611E-01	5.608E-01	5.610E-01	5.610E-01	5.610E-01	5.609E-01
1.870E+00	5.576E-01	1.307E-04	5.577E-01	5.575E-01	5.576E-01	5.576E-01	5.577E-01	5.576E-01
1.880E+00	5.543E-01	1.376E-04	5.544E-01	5.542E-01	5.543E-01	5.543E-01	5.544E-01	5.542E-01
1.890E+00	5.510E-01	1.446E-04	5.511E-01	5.508E-01	5.510E-01	5.510E-01	5.510E-01	5.509E-01
1.900E+00	5.477E-01	1.517E-04	5.478E-01	5.475E-01	5.477E-01	5.477E-01	5.477E-01	5.476E-01
1.910E+00	5.443E-01	1.588E-04	5.445E-01	5.442E-01	5.443E-01	5.443E-01	5.444E-01	5.443E-01
1.920E+00	5.410E-01	1.661E-04	5.412E-01	5.409E-01	5.410E-01	5.410E-01	5.411E-01	5.410E-01
1.930E+00	5.377E-01	1.734E-04	5.379E-01	5.376E-01	5.377E-01	5.378E-01	5.378E-01	5.377E-01
1.940E+00	5.345E-01	1.807E-04	5.346E-01	5.343E-01	5.344E-01	5.345E-01	5.345E-01	5.344E-01
1.950E+00	5.312E-01	1.881E-04	5.314E-01	5.310E-01	5.312E-01	5.312E-01	5.312E-01	5.311E-01
1.960E+00	5.279E-01	1.955E-04	5.281E-01	5.277E-01	5.279E-01	5.279E-01	5.280E-01	5.278E-01
1.970E+00	5.246E-01	2.030E-04	5.248E-01	5.244E-01	5.246E-01	5.246E-01	5.247E-01	5.246E-01
1.980E+00	5.214E-01	2.104E-04	5.216E-01	5.212E-01	5.214E-01	5.214E-01	5.214E-01	5.213E-01
1.990E+00	5.181E-01	2.179E-04	5.183E-01	5.179E-01	5.181E-01	5.181E-01	5.182E-01	5.181E-01
2.000E+00	5.149E-01	2.255E-04	5.151E-01	5.147E-01	5.149E-01	5.149E-01	5.149E-01	5.148E-01
2.010E+00	5.116E-01	2.330E-04	5.119E-01	5.114E-01	5.116E-01	5.116E-01	5.117E-01	5.116E-01
2.020E+00	5.084E-01	2.405E-04	5.086E-01	5.082E-01	5.084E-01	5.084E-01	5.085E-01	5.083E-01
2.030E+00	5.052E-01	2.481E-04	5.054E-01	5.049E-01	5.052E-01	5.052E-01	5.052E-01	5.051E-01
2.040E+00	5.020E-01	2.557E-04	5.022E-01	5.017E-01	5.019E-01	5.020E-01	5.020E-01	5.019E-01
2.050E+00	4.988E-01	2.632E-04	4.990E-01	4.985E-01	4.987E-01	4.988E-01	4.988E-01	4.987E-01
2.060E+00	4.956E-01	2.708E-04	4.958E-01	4.953E-01	4.955E-01	4.956E-01	4.956E-01	4.955E-01
2.070E+00	4.924E-01	2.784E-04	4.926E-01	4.921E-01	4.923E-01	4.924E-01	4.924E-01	4.923E-01
2.080E+00	4.892E-01	2.859E-04	4.895E-01	4.889E-01	4.892E-01	4.892E-01	4.893E-01	4.891E-01
2.090E+00	4.860E-01	2.935E-04	4.863E-01	4.857E-01	4.860E-01	4.860E-01	4.861E-01	4.860E-01
2.100E+00	4.829E-01	3.011E-04	4.832E-01	4.826E-01	4.828E-01	4.829E-01	4.829E-01	4.828E-01
2.110E+00	4.797E-01	3.086E-04	4.800E-01	4.794E-01	4.797E-01	4.797E-01	4.798E-01	4.796E-01
2.120E+00	4.766E-01	3.161E-04	4.769E-01	4.763E-01	4.765E-01	4.766E-01	4.766E-01	4.765E-01
2.130E+00	4.734E-01	3.237E-04	4.737E-01	4.731E-01	4.734E-01	4.735E-01	4.735E-01	4.734E-01
2.140E+00	4.703E-01	3.312E-04	4.706E-01	4.700E-01	4.703E-01	4.703E-01	4.704E-01	4.702E-01
2.150E+00	4.672E-01	3.387E-04	4.675E-01	4.669E-01	4.671E-01	4.672E-01	4.672E-01	4.671E-01
2.160E+00	4.641E-01	3.461E-04	4.644E-01	4.637E-01	4.640E-01	4.641E-01	4.641E-01	4.640E-01
2.170E+00	4.610E-01	3.536E-04	4.613E-01	4.606E-01	4.609E-01	4.610E-01	4.610E-01	4.609E-01
2.180E+00	4.579E-01	3.610E-04	4.582E-01	4.575E-01	4.578E-01	4.579E-01	4.580E-01	4.578E-01
2.190E+00	4.548E-01	3.684E-04	4.552E-01	4.544E-01	4.548E-01	4.548E-01	4.549E-01	4.547E-01
2.200E+00	4.517E-01	3.758E-04	4.521E-01	4.514E-01	4.517E-01	4.518E-01	4.518E-01	4.517E-01
2.210E+00	4.487E-01	3.832E-04	4.491E-01	4.483E-01	4.486E-01	4.487E-01	4.487E-01	4.486E-01
2.220E+00	4.456E-01	3.905E-04	4.460E-01	4.453E-01	4.456E-01	4.457E-01	4.457E-01	4.456E-01
2.230E+00	4.426E-01	3.978E-04	4.430E-01	4.422E-01	4.426E-01	4.426E-01	4.427E-01	4.425E-01
2.240E+00	4.396E-01	4.051E-04	4.400E-01	4.392E-01	4.395E-01	4.396E-01	4.396E-01	4.395E-01
2.250E+00	4.365E-01	4.123E-04	4.370E-01	4.361E-01	4.365E-01	4.366E-01	4.366E-01	4.365E-01
2.260E+00	4.335E-01	4.195E-04	4.340E-01	4.331E-01	4.335E-01	4.336E-01	4.336E-01	4.335E-01
2.270E+00	4.305E-01	4.267E-04	4.310E-01	4.301E-01	4.305E-01	4.306E-01	4.306E-01	4.305E-01
2.280E+00	4.276E-01	4.338E-04	4.280E-01	4.271E-01	4.275E-01	4.276E-01	4.276E-01	4.275E-01
2.290E+00	4.246E-01	4.410E-04	4.250E-01	4.241E-01	4.245E-01	4.246E-01	4.246E-01	4.245E-01
2.300E+00	4.216E-01	4.480E-04	4.221E-01	4.212E-01	4.216E-01	4.217E-01	4.217E-01	4.215E-01
2.310E+00	4.187E-01	4.551E-04	4.191E-01	4.182E-01	4.186E-01	4.187E-01	4.187E-01	4.186E-01
2.320E+00	4.157E-01	4.621E-04	4.162E-01	4.153E-01	4.157E-01	4.158E-01	4.158E-01	4.157E-01
2.330E+00	4.128E-01	4.690E-04	4.132E-01	4.123E-01	4.127E-01	4.128E-01	4.128E-01	4.127E-01
2.340E+00	4.099E-01	4.759E-04	4.103E-01	4.094E-01	4.098E-01	4.099E-01	4.099E-01	4.098E-01
2.350E+00	4.069E-01	4.828E-04	4.074E-01	4.065E-01	4.069E-01	4.070E-01	4.070E-01	4.069E-01
2.360E+00	4.040E-01	4.896E-04	4.045E-01	4.036E-01	4.040E-01	4.041E-01	4.041E-01	4.040E-01
2.370E+00	4.012E-01	4.964E-04	4.016E-01	4.007E-01	4.011E-01	4.012E-01	4.012E-01	4.011E-01
2.380E+00	3.983E-01	5.032E-04	3.988E-01	3.978E-01	3.982E-01	3.983E-01	3.983E-01	3.982E-01
2.390E+00	3.954E-01	5.099E-04	3.959E-01	3.949E-01	3.954E-01	3.955E-01	3.955E-01	3.953E-01
2.400E+00	3.926E-01	5.165E-04	3.931E-01	3.921E-01	3.925E-01	3.926E-01	3.926E-01	3.925E-01
2.410E+00	3.897E-01	5.231E-04	3.902E-01	3.892E-01	3.897E-01	3.898E-01	3.898E-01	3.897E-01
2.420E+00	3.869E-01	5.297E-04	3.874E-01	3.864E-01	3.868E-01	3.869E-01	3.869E-01	3.868E-01
2.430E+00	3.841E-01	5.362E-04	3.846E-01	3.835E-01	3.840E-01	3.841E-01	3.841E-01	3.840E-01
2.440E+00	3.813E-01	5.426E-04	3.818E-01	3.807E-01	3.812E-01	3.813E-01	3.813E-01	3.812E-01
2.450E+00	3.785E-01	5.490E-04	3.790E-01	3.779E-01	3.784E-01	3.785E-01	3.785E-01	3.784E-01
2.460E+00	3.757E-01	5.554E-04	3.762E-01	3.751E-01	3.756E-01	3.757E-01	3.757E-01	3.756E-01
2.470E+00	3.729E-01	5.617E-04	3.735E-01	3.723E-01	3.728E-01	3.730E-01	3.730E-01	3.728E-01
2.480E+00	3.701E-01	5.679E-04	3.707E-01	3.696E-01	3.701E-01	3.702E-01	3.702E-01	3.701E-01
2.490E+00	3.674E-01	5.741E-04	3.680E-01	3.668E-01	3.673E-01	3.674E-01	3.674E-01	3.673E-01
2.500E+00	3.646E-01	5.802E-04	3.652E-01	3.641E-01	3.646E-01	3.647E-01	3.647E-01	3.646E-01
2.510E+00	3.619E-01	5.863E-04	3.625E-01	3.613E-01	3.618E-01	3.620E-01	3.620E-01	3.619E-01
2.520E+00	3.592E-01	5.923E-04	3.598E-01	3.586E-01	3.591E-01	3.593E-01	3.593E-01	3.591E-01
2.530E+00	3.565E-01	5.983E-04	3.571E-01	3.559E-01	3.564E-01	3.566E-01	3.566E-01	3.564E-01
2.540E+00	3.538E-01	6.042E-04	3.544E-01	3.532E-01	3.537E-01	3.539E-01	3.539E-01	3.537E-01
2.550E+00	3.511E-01	6.101E-04	3.517E-01	3.505E-01	3.511E-01	3.512E-01	3.512E-01	3.511E-01
2.560E+00	3.485E-01	6.159E-04	3.491E-01	3.479E-01	3.484E-01	3.485E-01	3.485E-01	3.484E-01
2.570E+00	3.458E-01	6.216E-04	3.464E-01	3.452E-01	3.457E-01	3.459E-01	3.459E-01	3.457E-01
2.580E+00	3.432E-01	6.273E-04	3.438E-01	3.426E-01	3.431E-01	3.432E-01	3.432E-01	3.431E-01
2.590E+00	3.405E-01	6.329E-04	3.412E-01	3.399E-01	3.405E-01	3.406E-01	3.406E-01	3.405E-01
2.600E+00	3.379E-01	6.385E-04	3.386E-01	3.373E-01	3.379E-01	3.380E-01	3.380E-01	3.379E-01
2.610E+00	3.353E-01	6.439E-04	3.360E-01	3.347E-01	3.352E-01	3.354E-01	3.354E-01	3.353E-01
2.620E+00	3.327E-01	6.494E-04	3.334E-01	3.321E-01	3.327E-01	3.328E-01	3.328E-01	3.327E-01
2.630E+00	3.301E-01	6.547E-04	3.308E-01	3.295E-01	3.301E-01	3.302E-01	3.302E-01	3.301E-01
2.640E+00	3.276E-01	6.601E-04	3.282E-01	3.269E-01	3.275E-01	3.277E-01	3.276E-01	3.275E-01
2.650E+00	3.250E-01	6.653E-04	3.257E-01	3.244E-01	3.249E-01	3.251E-01	3.251E-01	3.250E-01
2.660E+00	3.225E-01	6.705E-04	3.231E-01	3.218E-01	3.224E-01	3.226E-01	3.225E-01	3.224E-01
2.670E+00	3.200E-01	6.756E-04	3.206E-01	3.193E-01	3.199E-01	3.200E-01	3.200E-01	3.199E-01
2.680E+00	3.174E-01	6.806E-04	3.181E-01	3.168E-01	3.174E-01	3.175E-01	3.175E-01	3.174E-01
2.690E+00	3.149E-01	6.856E-04	3.156E-01	3.143E-01	3.149E-01	3.150E-01	3.150E-01	3.149E-01
2.700E+00	3.124E-01	6.905E-04	3.131E-01	3.118E-01	3.124E-01	3.125E-01	3.125E-01	3.124E-01
2.710E+00	3.100E-01	6.954E-04	3.106E-01	3.093E-01	3.099E-01	3.100E-01	3.100E-01	3.099E-01
2.720E+00	3.075E-01	7.002E-04	3.082E-01	3.068E-01	3.074E-01	3.076E-01	3.076E-01	3.074E-01
2.730E+00	3.050E-01	7.049E-04	3.057E-01	3.043E-01	3.050E-01	3.051E-01	3.051E-01	3.050E-01
2.740E+00	3.026E-01	7.096E-04	3.033E-01	3.019E-01	3.025E-01	3.027E-01	3.027E-01	3.025E-01
2.750E+00	3.002E-01	7.141E-04	3.009E-01	2.995E-01	3.001E-01	3.002E-01	3.002E-01	3.001E-01
2.760E+00	2.977E-01	7.187E-04	2.985E-01	2.970E-01	2.977E-01	2.978E-01	2.978E-01	2.977E-01
2.770E+00	2.953E-01	7.231E-04	2.961E-01	2.946E-01	2.953E-01	2.954E-01	2.954E-01	2.953E-01
2.780E+00	2.930E-01	7.275E-04	2.937E-01	2.922E-01	2.929E-01	2.930E-01	2.930E-01	2.929E-01
2.790E+00	2.906E-01	7.318E-04	2.913E-01	2.899E-01	2.905E-01	2.907E-01	2.906E-01	2.905E-01
2.800E+00	2.882E-01	7.361E-04	2.889E-01	2.875E-01	2.881E-01	2.883E-01	2.883E-01	2.881E-01
2.810E+00	2.859E-01	7.403E-04	2.866E-01	2.851E-01	2.858E-01	2.859E-01	2.859E-01	2.858E-01
2.820E+00	2.835E-01	7.444E-04	2.843E-01	2.828E-01	2.834E-01	2.836E-01	2.836E-01	2.835E-01
2.830E+00	2.812E-01	7.484E-04	2.819E-01	2.804E-01	2.811E-01	2.813E-01	2.812E-01	2.811E-01
2.840E+00	2.789E-01	7.524E-04	2.796E-01	2.781E-01	2.788E-01	2.790E-01	2.789E-01	2.788E-01
2.850E+00	2.766E-01	7.563E-04	2.773E-01	2.758E-01	2.765E-01	2.767E-01	2.766E-01	2.765E-01
2.860E+00	2.743E-01	7.601E-04	2.750E-01	2.735E-01	2.742E-01	2.744E-01	2.743E-01	2.742E-01
2.870E+00	2.720E-01	7.639E-04	2.728E-01	2.713E-01	2.719E-01	2.721E-01	2.721E-01	2.719E-01
2.880E+00	2.697E-01	7.676E-04	2.705E-01	2.690E-01	2.697E-01	2.698E-01	2.698E-01	2.697E-01
2.890E+00	2.675E-01	7.712E-04	2.683E-01	2.667E-01	2.674E-01	2.676E-01	2.676E-01	2.674E-01
2.900E+00	2.653E-01	7.748E-04	2.660E-01	2.645E-01	2.652E-01	2.653E-01	2.653E-01	2.652E-01
2.910E+00	2.630E-01	7.783E-04	2.638E-01	2.623E-01	2.629E-01	2.631E-01	2.631E-01	2.630E-01
2.920E+00	2.608E-01	7.817E-04	2.616E-01	2.600E-01	2.607E-01	2.609E-01	2.609E-01	2.608E-01
2.930E+00	2.586E-01	7.850E-04	2.594E-01	2.578E-01	2.585E-01	2.587E-01	2.587E-01	2.586E-01
2.940E+00	2.564E-01	7.883E-04	2.572E-01	2.557E-01	2.563E-01	2.565E-01	2.565E-01	2.564E-01
2.950E+00	2.543E-01	7.915E-04	2.550E-01	2.535E-01	2.542E-01	2.543E-01	2.543E-01	2.542E-01
2.960E+00	2.521E-01	7.946E-04	2.529E-01	2.513E-01	2.520E-01	2.522E-01	2.522E-01	2.520E-01
2.970E+00	2.499E-01	7.977E-04	2.507E-01	2.492E-01	2.499E-01	2.500E-01	2.500E-01	2.499E-01
2.980E+00	2.478E-01	8.007E-04	2.486E-01	2.470E-01	2.477E-01	2.479E-01	2.479E-01	2.478E-01
2.990E+00	2.457E-01	8.036E-04	2.465E-01	2.449E-01	2.456E-01	2.458E-01	2.457E-01	2.456E-01
3.000E+00	2.436E-01	8.065E-04	2.444E-01	2.428E-01	2.435E-01	2.437E-01	2.436E-01	2.435E-01
