1.000E-02	1.217E+00	2.813E-03	1.220E+00	1.215E+00	1.218E+00	1.217E+00	1.217E+00	1.217E+00
2.000E-02	1.217E+00	2.803E-03	1.220E+00	1.214E+00	1.218E+00	1.217E+00	1.217E+00	1.217E+00
3.000E-02	1.217E+00	2.791E-03	1.220E+00	1.214E+00	1.218E+00	1.217E+00	1.217E+00	1.217E+00
4.000E-02	1.217E+00	2.775E-03	1.220E+00	1.214E+00	1.217E+00	1.216E+00	1.217E+00	1.217E+00
5.000E-02	1.217E+00	2.757E-03	1.219E+00	1.214E+00	1.217E+00	1.216E+00	1.217E+00	1.217E+00
6.000E-02	1.216E+00	2.737E-03	1.219E+00	1.214E+00	1.217E+00	1.216E+00	1.216E+00	1.216E+00
7.000E-02	1.216E+00	2.715E-03	1.219E+00	1.213E+00	1.216E+00	1.216E+00	1.216E+00	1.216E+00
8.000E-02	1.216E+00	2.691E-03	1.218E+00	1.213E+00	1.216E+00	1.215E+00	1.216E+00	1.216E+00
9.000E-02	1.215E+00	2.665E-03	1.218E+00	1.213E+00	1.216E+00	1.215E+00	1.215E+00	1.215E+00
1.000E-01	1.215E+00	2.638E-03	1.217E+00	1.212E+00	1.215E+00	1.214E+00	1.215E+00	1.215E+00
1.100E-01	1.214E+00	2.610E-03	1.217E+00	1.212E+00	1.215E+00	1.214E+00	1.214E+00	1.214E+00
1.200E-01	1.214E+00	2.580E-03	1.216E+00	1.211E+00	1.214E+00	1.213E+00	1.214E+00	1.214E+00
1.300E-01	1.213E+00	2.550E-03	1.216E+00	1.211E+00	1.214E+00	1.213E+00	1.213E+00	1.213E+00
1.400E-01	1.213E+00	2.518E-03	1.215E+00	1.210E+00	1.213E+00	1.212E+00	1.213E+00	1.213E+00
1.500E-01	1.212E+00	2.485E-03	1.214E+00	1.209E+00	1.212E+00	1.211E+00	1.212E+00	1.212E+00
1.600E-01	1.211E+00	2.452E-03	1.214E+00	1.209E+00	1.212E+00	1.211E+00	1.211E+00	1.211E+00
1.700E-01	1.210E+00	2.417E-03	1.213E+00	1.208E+00	1.211E+00	1.210E+00	1.210E+00	1.210E+00
1.800E-01	1.210E+00	2.382E-03	1.212E+00	1.207E+00	1.210E+00	1.209E+00	1.210E+00	1.210E+00
1.900E-01	1.209E+00	2.346E-03	1.211E+00	1.207E+00	1.209E+00	1.208E+00	1.209E+00	1.209E+00
2.000E-01	1.208E+00	2.309E-03	1.210E+00	1.206E+00	1.208E+00	1.208E+00	1.208E+00	1.208E+00
2.100E-01	1.207E+00	2.272E-03	1.209E+00	1.205E+00	1.208E+00	1.207E+00	1.207E+00	1.207E+00
2.200E-01	1.206E+00	2.234E-03	1.208E+00	1.204E+00	1.207E+00	1.206E+00	1.206E+00	1.206E+00
2.300E-01	1.205E+00	2.195E-03	1.207E+00	1.203E+00	1.206E+00	1.205E+00	1.205E+00	1.205E+00
2.400E-01	1.204E+00	2.156E-03	1.206E+00	1.202E+00	1.205E+00	1.204E+00	1.204E+00	1.204E+00
2.500E-01	1.203E+00	2.116E-03	1.205E+00	1.201E+00	1.204E+00	1.203E+00	1.203E+00	1.203E+00
2.600E-01	1.202E+00	2.076E-03	1.204E+00	1.200E+00	1.203E+00	1.202E+00	1.202E+00	1.202E+00
2.700E-01	1.201E+00	2.036E-03	1.203E+00	1.199E+00	1.202E+00	1.201E+00	1.201E+00	1.201E+00
2.800E-01	1.200E+00	1.995E-03	1.202E+00	1.198E+00	1.200E+00	1.200E+00	1.200E+00	1.200E+00
2.900E-01	1.199E+00	1.954E-03	1.201E+00	1.197E+00	1.199E+00	1.199E+00	1.199E+00	1.199E+00
3.000E-01	1.198E+00	1.913E-03	1.200E+00	1.196E+00	1.198E+00	1.197E+00	1.198E+00	1.198E+00
3.100E-01	1.197E+00	1.871E-03	1.198E+00	1.195E+00	1.197E+00	1.196E+00	1.197E+00	1.197E+00
3.200E-01	1.195E+00	1.829E-03	1.197E+00	1.193E+00	1.196E+00	1.195E+00	1.195E+00	1.195E+00
3.300E-01	1.194E+00	1.787E-03	1.196E+00	1.192E+00	1.194E+00	1.194E+00	1.194E+00	1.194E+00
3.400E-01	1.193E+00	1.745E-03	1.194E+00	1.191E+00	1.193E+00	1.192E+00	1.193E+00	1.193E+00
3.500E-01	1.191E+00	1.702E-03	1.193E+00	1.190E+00	1.192E+00	1.191E+00	1.191E+00	1.191E+00
3.600E-01	1.190E+00	1.659E-03	1.192E+00	1.188E+00	1.190E+00	1.190E+00	1.190E+00	1.190E+00
3.700E-01	1.189E+00	1.617E-03	1.190E+00	1.187E+00	1.189E+00	1.188E+00	1.189E+00	1.189E+00
3.800E-01	1.187E+00	1.574E-03	1.189E+00	1.186E+00	1.188E+00	1.187E+00	1.187E+00	1.187E+00
3.900E-01	1.186E+00	1.531E-03	1.187E+00	1.184E+00	1.186E+00	1.185E+00	1.186E+00	1.186E+00
4.000E-01	1.184E+00	1.488E-03	1.186E+00	1.183E+00	1.185E+00	1.184E+00	1.184E+00	1.184E+00
4.100E-01	1.183E+00	1.446E-03	1.184E+00	1.181E+00	1.183E+00	1.182E+00	1.183E+00	1.183E+00
4.200E-01	1.181E+00	1.403E-03	1.182E+00	1.180E+00	1.182E+00	1.181E+00	1.181E+00	1.181E+00
4.300E-01	1.180E+00	1.360E-03	1.181E+00	1.178E+00	1.180E+00	1.179E+00	1.180E+00	1.180E+00
4.400E-01	1.178E+00	1.317E-03	1.179E+00	1.177E+00	1.178E+00	1.178E+00	1.178E+00	1.178E+00
4.500E-01	1.176E+00	1.275E-03	1.178E+00	1.175E+00	1.177E+00	1.176E+00	1.176E+00	1.176E+00
4.600E-01	1.175E+00	1.232E-03	1.176E+00	1.173E+00	1.175E+00	1.174E+00	1.175E+00	1.175E+00
4.700E-01	1.173E+00	1.190E-03	1.174E+00	1.172E+00	1.173E+00	1.173E+00	1.173E+00	1.173E+00
4.800E-01	1.171E+00	1.148E-03	1.172E+00	1.170E+00	1.172E+00	1.171E+00	1.171E+00	1.171E+00
4.900E-01	1.170E+00	1.106E-03	1.171E+00	1.168E+00	1.170E+00	1.169E+00	1.170E+00	1.170E+00
5.000E-01	1.168E+00	1.064E-03	1.169E+00	1.167E+00	1.168E+00	1.167E+00	1.168E+00	1.168E+00
5.100E-01	1.166E+00	1.023E-03	1.167E+00	1.165E+00	1.166E+00	1.166E+00	1.166E+00	1.166E+00
5.200E-01	1.164E+00	9.822E-04	1.165E+00	1.163E+00	1.164E+00	1.164E+00	1.164E+00	1.164E+00
5.300E-01	1.162E+00	9.415E-04	1.163E+00	1.161E+00	1.163E+00	1.162E+00	1.162E+00	1.162E+00
5.400E-01	1.160E+00	9.013E-04	1.161E+00	1.160E+00	1.161E+00	1.160E+00	1.160E+00	1.160E+00
5.500E-01	1.158E+00	8.614E-04	1.159E+00	1.158E+00	1.159E+00	1.158E+00	1.158E+00	1.158E+00
5.600E-01	1.157E+00	8.221E-04	1.157E+00	1.156E+00	1.157E+00	1.156E+00	1.157E+00	1.157E+00
5.700E-01	1.155E+00	7.833E-04	1.155E+00	1.154E+00	1.155E+00	1.154E+00	1.155E+00	1.155E+00
5.800E-01	1.153E+00	7.452E-04	1.153E+00	1.152E+00	1.153E+00	1.152E+00	1.153E+00	1.153E+00
5.900E-01	1.151E+00	7.077E-04	1.151E+00	1.150E+00	1.151E+00	1.150E+00	1.151E+00	1.151E+00
6.000E-01	1.149E+00	6.709E-04	1.149E+00	1.148E+00	1.149E+00	1.148E+00	1.149E+00	1.149E+00
6.100E-01	1.146E+00	6.350E-04	1.147E+00	1.146E+00	1.147E+00	1.146E+00	1.146E+00	1.146E+00
6.200E-01	1.144E+00	6.001E-04	1.145E+00	1.144E+00	1.145E+00	1.144E+00	1.144E+00	1.144E+00
6.300E-01	1.142E+00	5.663E-04	1.143E+00	1.142E+00	1.143E+00	1.142E+00	1.142E+00	1.142E+00
6.400E-01	1.140E+00	5.338E-04	1.141E+00	1.140E+00	1.140E+00	1.140E+00	1.140E+00	1.140E+00
6.500E-01	1.138E+00	5.027E-04	1.138E+00	1.138E+00	1.138E+00	1.138E+00	1.138E+00	1.138E+00
6.600E-01	1.136E+00	4.732E-04	1.136E+00	1.135E+00	1.136E+00	1.135E+00	1.136E+00	1.136E+00
6.700E-01	1.134E+00	4.456E-04	1.134E+00	1.133E+00	1.134E+00	1.133E+00	1.134E+00	1.134E+00
6.800E-01	1.131E+00	4.203E-04	1.132E+00	1.131E+00	1.132E+00	1.131E+00	1.131E+00	1.131E+00
6.900E-01	1.129E+00	3.975E-04	1.129E+00	1.129E+00	1.129E+00	1.129E+00	1.129E+00	1.129E+00
7.000E-01	1.127E+00	3.776E-04	1.127E+00	1.127E+00	1.127E+00	1.126E+00	1.127E+00	1.127E+00
7.100E-01	1.125E+00	3.609E-04	1.125E+00	1.124E+00	1.125E+00	1.124E+00	1.125E+00	1.125E+00
7.200E-01	1.122E+00	3.479E-04	1.122E+00	1.122E+00	1.123E+00	1.122E+00	1.122E+00	1.122E+00
7.300E-01	1.120E+00	3.388E-04	1.120E+00	1.120E+00	1.120E+00	1.120E+00	1.120E+00	1.120E+00
7.400E-01	1.117E+00	3.338E-04	1.117E+00	1.117E+00	1.118E+00	1.117E+00	1.117E+00	1.117E+00
7.500E-01	1.115E+00	3.331E-04	1.115E+00	1.115E+00	1.115E+00	1.115E+00	1.115E+00	1.115E+00
7.600E-01	1.113E+00	3.364E-04	1.113E+00	1.113E+00	1.113E+00	1.112E+00	1.113E+00	1.113E+00
7.700E-01	1.110E+00	3.435E-04	1.110E+00	1.110E+00	1.111E+00	1.110E+00	1.110E+00	1.110E+00
7.800E-01	1.108E+00	3.541E-04	1.108E+00	1.108E+00	1.108E+00	1.107E+00	1.108E+00	1.108E+00
7.900E-01	1.105E+00	3.678E-04	1.105E+00	1.105E+00	1.106E+00	1.105E+00	1.105E+00	1.105E+00
8.000E-01	1.103E+00	3.842E-04	1.103E+00	1.103E+00	1.103E+00	1.102E+00	1.103E+00	1.103E+00
8.100E-01	1.100E+00	4.027E-04	1.100E+00	1.101E+00	1.101E+00	1.100E+00	1.100E+00	1.100E+00
8.200E-01	1.098E+00	4.230E-04	1.097E+00	1.098E+00	1.098E+00	1.097E+00	1.098E+00	1.098E+00
8.300E-01	1.095E+00	4.447E-04	1.095E+00	1.096E+00	1.096E+00	1.095E+00	1.095E+00	1.095E+00
8.400E-01	1.093E+00	4.676E-04	1.092E+00	1.093E+00	1.093E+00	1.092E+00	1.093E+00	1.093E+00
8.500E-01	1.090E+00	4.914E-04	1.090E+00	1.090E+00	1.090E+00	1.090E+00	1.090E+00	1.090E+00
8.600E-01	1.087E+00	5.159E-04	1.087E+00	1.088E+00	1.088E+00	1.087E+00	1.087E+00	1.087E+00
8.700E-01	1.085E+00	5.409E-04	1.084E+00	1.085E+00	1.085E+00	1.084E+00	1.085E+00	1.085E+00
8.800E-01	1.082E+00	5.662E-04	1.082E+00	1.083E+00	1.082E+00	1.082E+00	1.082E+00	1.082E+00
8.900E-01	1.079E+00	5.917E-04	1.079E+00	1.080E+00	1.080E+00	1.079E+00	1.079E+00	1.079E+00
9.000E-01	1.077E+00	6.174E-04	1.076E+00	1.077E+00	1.077E+00	1.076E+00	1.077E+00	1.077E+00
9.100E-01	1.074E+00	6.431E-04	1.073E+00	1.075E+00	1.074E+00	1.074E+00	1.074E+00	1.074E+00
9.200E-01	1.071E+00	6.688E-04	1.071E+00	1.072E+00	1.072E+00	1.071E+00	1.071E+00	1.071E+00
9.300E-01	1.069E+00	6.944E-04	1.068E+00	1.069E+00	1.069E+00	1.068E+00	1.069E+00	1.069E+00
9.400E-01	1.066E+00	7.199E-04	1.065E+00	1.066E+00	1.066E+00	1.066E+00	1.066E+00	1.066E+00
9.500E-01	1.063E+00	7.452E-04	1.062E+00	1.064E+00	1.063E+00	1.063E+00	1.063E+00	1.063E+00
9.600E-01	1.060E+00	7.702E-04	1.059E+00	1.061E+00	1.060E+00	1.060E+00	1.060E+00	1.060E+00
9.700E-01	1.057E+00	7.950E-04	1.057E+00	1.058E+00	1.058E+00	1.057E+00	1.057E+00	1.057E+00
9.800E-01	1.055E+00	8.195E-04	1.054E+00	1.055E+00	1.055E+00	1.054E+00	1.055E+00	1.055E+00
9.900E-01	1.052E+00	8.437E-04	1.051E+00	1.053E+00	1.052E+00	1.051E+00	1.052E+00	1.052E+00
1.000E+00	1.049E+00	8.675E-04	1.048E+00	1.050E+00	1.049E+00	1.049E+00	1.049E+00	1.049E+00
1.010E+00	1.046E+00	8.910E-04	1.045E+00	1.047E+00	1.046E+00	1.046E+00	1.046E+00	1.046E+00
1.020E+00	1.043E+00	9.141E-04	1.042E+00	1.044E+00	1.043E+00	1.043E+00	1.043E+00	1.043E+00
1.030E+00	1.040E+00	9.368E-04	1.039E+00	1.041E+00	1.040E+00	1.040E+00	1.040E+00	1.040E+00
1.040E+00	1.037E+00	9.591E-04	1.036E+00	1.038E+00	1.037E+00	1.037E+00	1.037E+00	1.037E+00
1.050E+00	1.034E+00	9.810E-04	1.033E+00	1.035E+00	1.035E+00	1.034E+00	1.034E+00	1.034E+00
1.060E+00	1.031E+00	1.002E-03	1.030E+00	1.032E+00	1.032E+00	1.031E+00	1.031E+00	1.031E+00
1.070E+00	1.028E+00	1.024E-03	1.027E+00	1.029E+00	1.029E+00	1.028E+00	1.028E+00	1.028E+00
1.080E+00	1.025E+00	1.044E-03	1.024E+00	1.026E+00	1.026E+00	1.025E+00	1.025E+00	1.025E+00
1.090E+00	1.022E+00	1.064E-03	1.021E+00	1.023E+00	1.023E+00	1.022E+00	1.022E+00	1.022E+00
1.100E+00	1.019E+00	1.084E-03	1.018E+00	1.020E+00	1.020E+00	1.019E+00	1.019E+00	1.019E+00
1.110E+00	1.016E+00	1.103E-03	1.015E+00	1.017E+00	1.017E+00	1.016E+00	1.016E+00	1.016E+00
1.120E+00	1.013E+00	1.122E-03	1.012E+00	1.014E+00	1.013E+00	1.013E+00	1.013E+00	1.013E+00
1.130E+00	1.010E+00	1.140E-03	1.009E+00	1.011E+00	1.010E+00	1.010E+00	1.010E+00	1.010E+00
1.140E+00	1.007E+00	1.158E-03	1.006E+00	1.008E+00	1.007E+00	1.007E+00	1.007E+00	1.007E+00
1.150E+00	1.004E+00	1.175E-03	1.003E+00	1.005E+00	1.004E+00	1.004E+00	1.004E+00	1.004E+00
1.160E+00	1.001E+00	1.192E-03	9.997E-01	1.002E+00	1.001E+00	1.001E+00	1.001E+00	1.001E+00
1.170E+00	9.978E-01	1.208E-03	9.966E-01	9.990E-01	9.980E-01	9.976E-01	9.978E-01	9.978E-01
1.180E+00	9.947E-01	1.224E-03	9.935E-01	9.959E-01	9.949E-01	9.944E-01	9.946E-01	9.947E-01
1.190E+00	9.915E-01	1.240E-03	9.903E-01	9.928E-01	9.917E-01	9.913E-01	9.915E-01	9.915E-01
1.200E+00	9.884E-01	1.254E-03	9.871E-01	9.896E-01	9.886E-01	9.881E-01	9.883E-01	9.884E-01
1.210E+00	9.852E-01	1.269E-03	9.840E-01	9.865E-01	9.854E-01	9.850E-01	9.852E-01	9.852E-01
1.220E+00	9.820E-01	1.283E-03	9.808E-01	9.833E-01	9.822E-01	9.818E-01	9.820E-01	9.820E-01
1.230E+00	9.788E-01	1.296E-03	9.776E-01	9.801E-01	9.791E-01	9.786E-01	9.788E-01	9.789E-01
1.240E+00	9.756E-01	1.309E-03	9.744E-01	9.769E-01	9.759E-01	9.754E-01	9.756E-01	9.757E-01
1.250E+00	9.724E-01	1.321E-03	9.711E-01	9.738E-01	9.726E-01	9.722E-01	9.724E-01	9.725E-01
1.260E+00	9.692E-01	1.333E-03	9.679E-01	9.705E-01	9.694E-01	9.690E-01	9.692E-01	9.692E-01
1.270E+00	9.660E-01	1.344E-03	9.647E-01	9.673E-01	9.662E-01	9.658E-01	9.660E-01	9.660E-01
1.280E+00	9.627E-01	1.355E-03	9.614E-01	9.641E-01	9.629E-01	9.625E-01	9.627E-01	9.628E-01
1.290E+00	9.595E-01	1.365E-03	9.582E-01	9.609E-01	9.597E-01	9.593E-01	9.595E-01	9.595E-01
1.300E+00	9.562E-01	1.375E-03	9.549E-01	9.576E-01	9.564E-01	9.560E-01	9.562E-01	9.562E-01
1.310E+00	9.529E-01	1.384E-03	9.516E-01	9.543E-01	9.531E-01	9.528E-01	9.529E-01	9.530E-01
1.320E+00	9.497E-01	1.393E-03	9.483E-01	9.511E-01	9.499E-01	9.495E-01	9.496E-01	9.497E-01
1.330E+00	9.464E-01	1.401E-03	9.450E-01	9.478E-01	9.466E-01	9.462E-01	9.463E-01	9.464E-01
1.340E+00	9.431E-01	1.409E-03	9.417E-01	9.445E-01	9.433E-01	9.429E-01	9.430E-01	9.431E-01
1.350E+00	9.398E-01	1.417E-03	9.384E-01	9.412E-01	9.399E-01	9.396E-01	9.397E-01	9.398E-01
1.360E+00	9.364E-01	1.423E-03	9.351E-01	9.379E-01	9.366E-01	9.363E-01	9.364E-01	9.365E-01
1.370E+00	9.331E-01	1.430E-03	9.317E-01	9.346E-01	9.333E-01	9.329E-01	9.331E-01	9.331E-01
1.380E+00	9.298E-01	1.435E-03	9.284E-01	9.312E-01	9.299E-01	9.296E-01	9.298E-01	9.298E-01
1.390E+00	9.264E-01	1.441E-03	9.250E-01	9.279E-01	9.266E-01	9.263E-01	9.264E-01	9.265E-01
1.400E+00	9.231E-01	1.445E-03	9.217E-01	9.245E-01	9.232E-01	9.229E-01	9.231E-01	9.231E-01
1.410E+00	9.197E-01	1.450E-03	9.183E-01	9.212E-01	9.199E-01	9.196E-01	9.197E-01	9.197E-01
1.420E+00	9.163E-01	1.454E-03	9.149E-01	9.178E-01	9.165E-01	9.162E-01	9.163E-01	9.164E-01
1.430E+00	9.130E-01	1.457E-03	9.116E-01	9.144E-01	9.131E-01	9.128E-01	9.129E-01	9.130E-01
1.440E+00	9.096E-01	1.460E-03	9.082E-01	9.111E-01	9.097E-01	9.094E-01	9.096E-01	9.096E-01
1.450E+00	9.062E-01	1.462E-03	9.048E-01	9.077E-01	9.063E-01	9.060E-01	9.062E-01	9.062E-01
1.460E+00	9.028E-01	1.464E-03	9.014E-01	9.043E-01	9.029E-01	9.026E-01	9.028E-01	9.028E-01
1.470E+00	8.994E-01	1.465E-03	8.980E-01	9.009E-01	8.995E-01	8.992E-01	8.994E-01	8.994E-01
1.480E+00	8.960E-01	1.466E-03	8.946E-01	8.975E-01	8.961E-01	8.958E-01	8.960E-01	8.960E-01
1.490E+00	8.926E-01	1.466E-03	8.911E-01	8.941E-01	8.927E-01	8.924E-01	8.925E-01	8.926E-01
1.500E+00	8.891E-01	1.466E-03	8.877E-01	8.906E-01	8.893E-01	8.890E-01	8.891E-01	8.892E-01
1.510E+00	8.857E-01	1.466E-03	8.843E-01	8.872E-01	8.858E-01	8.856E-01	8.857E-01	8.857E-01
1.520E+00	8.823E-01	1.465E-03	8.809E-01	8.838E-01	8.824E-01	8.821E-01	8.822E-01	8.823E-01
1.530E+00	8.788E-01	1.463E-03	8.774E-01	8.803E-01	8.790E-01	8.787E-01	8.788E-01	8.789E-01
1.540E+00	8.754E-01	1.461E-03	8.740E-01	8.769E-01	8.755E-01	8.753E-01	8.754E-01	8.754E-01
1.550E+00	8.719E-01	1.459E-03	8.705E-01	8.734E-01	8.721E-01	8.718E-01	8.719E-01	8.720E-01
1.560E+00	8.685E-01	1.456E-03	8.671E-01	8.700E-01	8.686E-01	8.684E-01	8.684E-01	8.685E-01
1.570E+00	8.650E-01	1.453E-03	8.636E-01	8.665E-01	8.651E-01	8.649E-01	8.650E-01	8.650E-01
1.580E+00	8.616E-01	1.449E-03	8.601E-01	8.630E-01	8.617E-01	8.614E-01	8.615E-01	8.616E-01
1.590E+00	8.581E-01	1.445E-03	8.567E-01	8.596E-01	8.582E-01	8.580E-01	8.580E-01	8.581E-01
1.600E+00	8.546E-01	1.440E-03	8.532E-01	8.561E-01	8.547E-01	8.545E-01	8.546E-01	8.546E-01
1.610E+00	8.511E-01	1.435E-03	8.497E-01	8.526E-01	8.512E-01	8.510E-01	8.511E-01	8.512E-01
1.620E+00	8.476E-01	1.430E-03	8.463E-01	8.491E-01	8.477E-01	8.475E-01	8.476E-01	8.477E-01
1.630E+00	8.442E-01	1.424E-03	8.428E-01	8.456E-01	8.443E-01	8.441E-01	8.441E-01	8.442E-01
1.640E+00	8.407E-01	1.417E-03	8.393E-01	8.421E-01	8.408E-01	8.406E-01	8.406E-01	8.407E-01
1.650E+00	8.372E-01	1.411E-03	8.358E-01	8.386E-01	8.373E-01	8.371E-01	8.371E-01	8.372E-01
1.660E+00	8.337E-01	1.403E-03	8.323E-01	8.351E-01	8.338E-01	8.336E-01	8.336E-01	8.337E-01
1.670E+00	8.302E-01	1.396E-03	8.288E-01	8.316E-01	8.303E-01	8.301E-01	8.301E-01	8.302E-01
1.680E+00	8.267E-01	1.388E-03	8.253E-01	8.281E-01	8.268E-01	8.266E-01	8.266E-01	8.267E-01
1.690E+00	8.232E-01	1.379E-03	8.218E-01	8.246E-01	8.233E-01	8.231E-01	8.231E-01	8.232E-01
1.700E+00	8.197E-01	1.370E-03	8.183E-01	8.211E-01	8.197E-01	8.196E-01	8.196E-01	8.197E-01
1.710E+00	8.161E-01	1.361E-03	8.148E-01	8.176E-01	8.162E-01	8.161E-01	8.161E-01	8.162E-01
1.720E+00	8.126E-01	1.351E-03	8.113E-01	8.140E-01	8.127E-01	8.126E-01	8.126E-01	8.127E-01
1.730E+00	8.091E-01	1.341E-03	8.078E-01	8.105E-01	8.092E-01	8.090E-01	8.091E-01	8.092E-01
1.740E+00	8.056E-01	1.331E-03	8.043E-01	8.070E-01	8.057E-01	8.055E-01	8.056E-01	8.056E-01
1.750E+00	8.021E-01	1.320E-03	8.008E-01	8.035E-01	8.022E-01	8.020E-01	8.021E-01	8.021E-01
1.760E+00	7.986E-01	1.309E-03	7.973E-01	7.999E-01	7.986E-01	7.985E-01	7.985E-01	7.986E-01
1.770E+00	7.950E-01	1.297E-03	7.938E-01	7.964E-01	7.951E-01	7.950E-01	7.950E-01	7.951E-01
1.780E+00	7.915E-01	1.285E-03	7.903E-01	7.929E-01	7.916E-01	7.915E-01	7.915E-01	7.916E-01
1.790E+00	7.880E-01	1.273E-03	7.868E-01	7.893E-01	7.881E-01	7.879E-01	7.880E-01	7.880E-01
1.800E+00	7.845E-01	1.260E-03	7.833E-01	7.858E-01	7.845E-01	7.844E-01	7.844E-01	7.845E-01
1.810E+00	7.810E-01	1.247E-03	7.798E-01	7.823E-01	7.810E-01	7.809E-01	7.809E-01	7.810E-01
1.820E+00	7.774E-01	1.234E-03	7.763E-01	7.787E-01	7.775E-01	7.774E-01	7.774E-01	7.775E-01
1.830E+00	7.739E-01	1.220E-03	7.727E-01	7.752E-01	7.740E-01	7.739E-01	7.739E-01	7.739E-01
1.840E+00	7.704E-01	1.206E-03	7.692E-01	7.716E-01	7.704E-01	7.703E-01	7.703E-01	7.704E-01
1.850E+00	7.669E-01	1.191E-03	7.657E-01	7.681E-01	7.669E-01	7.668E-01	7.668E-01	7.669E-01
1.860E+00	7.633E-01	1.177E-03	7.622E-01	7.646E-01	7.634E-01	7.633E-01	7.633E-01	7.634E-01
1.870E+00	7.598E-01	1.162E-03	7.587E-01	7.610E-01	7.598E-01	7.598E-01	7.598E-01	7.598E-01
1.880E+00	7.563E-01	1.146E-03	7.552E-01	7.575E-01	7.563E-01	7.562E-01	7.562E-01	7.563E-01
1.890E+00	7.528E-01	1.130E-03	7.517E-01	7.540E-01	7.528E-01	7.527E-01	7.527E-01	7.528E-01
1.900E+00	7.492E-01	1.114E-03	7.482E-01	7.504E-01	7.493E-01	7.492E-01	7.492E-01	7.493E-01
1.910E+00	7.457E-01	1.098E-03	7.447E-01	7.469E-01	7.457E-01	7.457E-01	7.457E-01	7.458E-01
1.920E+00	7.422E-01	1.081E-03	7.412E-01	7.433E-01	7.422E-01	7.422E-01	7.422E-01	7.422E-01
1.930E+00	7.387E-01	1.064E-03	7.377E-01	7.398E-01	7.387E-01	7.387E-01	7.386E-01	7.387E-01
1.940E+00	7.352E-01	1.047E-03	7.342E-01	7.363E-01	7.352E-01	7.351E-01	7.351E-01	7.352E-01
1.950E+00	7.316E-01	1.030E-03	7.307E-01	7.327E-01	7.317E-01	7.316E-01	7.316E-01	7.317E-01
1.960E+00	7.281E-01	1.012E-03	7.272E-01	7.292E-01	7.281E-01	7.281E-01	7.281E-01	7.282E-01
1.970E+00	7.246E-01	9.935E-04	7.237E-01	7.257E-01	7.246E-01	7.246E-01	7.246E-01	7.247E-01
1.980E+00	7.211E-01	9.751E-04	7.202E-01	7.221E-01	7.211E-01	7.211E-01	7.211E-01	7.211E-01
1.990E+00	7.176E-01	9.565E-04	7.167E-01	7.186E-01	7.176E-01	7.176E-01	7.176E-01	7.176E-01
2.000E+00	7.141E-01	9.375E-04	7.132E-01	7.151E-01	7.141E-01	7.141E-01	7.141E-01	7.141E-01
2.010E+00	7.106E-01	9.183E-04	7.097E-01	7.116E-01	7.106E-01	7.106E-01	7.106E-01	7.106E-01
2.020E+00	7.071E-01	8.989E-04	7.063E-01	7.081E-01	7.071E-01	7.071E-01	7.071E-01	7.071E-01
2.030E+00	7.036E-01	8.792E-04	7.028E-01	7.045E-01	7.036E-01	7.036E-01	7.036E-01	7.036E-01
2.040E+00	7.001E-01	8.592E-04	6.993E-01	7.010E-01	7.001E-01	7.001E-01	7.001E-01	7.001E-01
2.050E+00	6.966E-01	8.390E-04	6.958E-01	6.975E-01	6.966E-01	6.966E-01	6.966E-01	6.966E-01
2.060E+00	6.931E-01	8.186E-04	6.924E-01	6.940E-01	6.931E-01	6.931E-01	6.931E-01	6.932E-01
2.070E+00	6.896E-01	7.980E-04	6.889E-01	6.905E-01	6.896E-01	6.896E-01	6.896E-01	6.897E-01
2.080E+00	6.861E-01	7.771E-04	6.854E-01	6.870E-01	6.861E-01	6.862E-01	6.861E-01	6.862E-01
2.090E+00	6.827E-01	7.560E-04	6.820E-01	6.835E-01	6.827E-01	6.827E-01	6.826E-01	6.827E-01
2.100E+00	6.792E-01	7.347E-04	6.785E-01	6.800E-01	6.792E-01	6.792E-01	6.792E-01	6.792E-01
2.110E+00	6.757E-01	7.132E-04	6.751E-01	6.765E-01	6.757E-01	6.757E-01	6.757E-01	6.758E-01
2.120E+00	6.723E-01	6.915E-04	6.716E-01	6.730E-01	6.722E-01	6.723E-01	6.722E-01	6.723E-01
2.130E+00	6.688E-01	6.697E-04	6.682E-01	6.695E-01	6.688E-01	6.688E-01	6.688E-01	6.688E-01
2.140E+00	6.653E-01	6.476E-04	6.648E-01	6.661E-01	6.653E-01	6.654E-01	6.653E-01	6.654E-01
2.150E+00	6.619E-01	6.253E-04	6.613E-01	6.626E-01	6.619E-01	6.619E-01	6.618E-01	6.619E-01
2.160E+00	6.584E-01	6.029E-04	6.579E-01	6.591E-01	6.584E-01	6.585E-01	6.584E-01	6.585E-01
2.170E+00	6.550E-01	5.803E-04	6.545E-01	6.556E-01	6.550E-01	6.550E-01	6.549E-01	6.550E-01
2.180E+00	6.515E-01	5.576E-04	6.511E-01	6.522E-01	6.515E-01	6.516E-01	6.515E-01	6.516E-01
2.190E+00	6.481E-01	5.347E-04	6.477E-01	6.487E-01	6.481E-01	6.481E-01	6.481E-01	6.482E-01
2.200E+00	6.447E-01	5.117E-04	6.443E-01	6.453E-01	6.446E-01	6.447E-01	6.446E-01	6.447E-01
2.210E+00	6.413E-01	4.885E-04	6.409E-01	6.418E-01	6.412E-01	6.413E-01	6.412E-01	6.413E-01
2.220E+00	6.378E-01	4.652E-04	6.375E-01	6.384E-01	6.378E-01	6.379E-01	6.378E-01	6.379E-01
2.230E+00	6.344E-01	4.418E-04	6.341E-01	6.349E-01	6.344E-01	6.345E-01	6.344E-01	6.345E-01
2.240E+00	6.310E-01	4.184E-04	6.307E-01	6.315E-01	6.310E-01	6.311E-01	6.310E-01	6.311E-01
2.250E+00	6.276E-01	3.948E-04	6.273E-01	6.281E-01	6.276E-01	6.277E-01	6.276E-01	6.277E-01
2.260E+00	6.242E-01	3.712E-04	6.239E-01	6.247E-01	6.242E-01	6.243E-01	6.242E-01	6.243E-01
2.270E+00	6.208E-01	3.475E-04	6.206E-01	6.212E-01	6.208E-01	6.209E-01	6.208E-01	6.209E-01
2.280E+00	6.174E-01	3.238E-04	6.172E-01	6.178E-01	6.174E-01	6.175E-01	6.174E-01	6.175E-01
2.290E+00	6.141E-01	3.002E-04	6.138E-01	6.144E-01	6.140E-01	6.141E-01	6.140E-01	6.141E-01
2.300E+00	6.107E-01	2.766E-04	6.105E-01	6.110E-01	6.106E-01	6.107E-01	6.106E-01	6.107E-01
2.310E+00	6.073E-01	2.532E-04	6.072E-01	6.076E-01	6.073E-01	6.074E-01	6.073E-01	6.074E-01
2.320E+00	6.040E-01	2.299E-04	6.038E-01	6.043E-01	6.039E-01	6.040E-01	6.039E-01	6.040E-01
2.330E+00	6.006E-01	2.070E-04	6.005E-01	6.009E-01	6.005E-01	6.007E-01	6.006E-01	6.006E-01
2.340E+00	5.973E-01	1.845E-04	5.972E-01	5.975E-01	5.972E-01	5.973E-01	5.972E-01	5.973E-01
2.350E+00	5.939E-01	1.628E-04	5.939E-01	5.941E-01	5.938E-01	5.940E-01	5.939E-01	5.940E-01
2.360E+00	5.906E-01	1.422E-04	5.905E-01	5.908E-01	5.905E-01	5.906E-01	5.905E-01	5.906E-01
2.370E+00	5.873E-01	1.234E-04	5.872E-01	5.874E-01	5.872E-01	5.873E-01	5.872E-01	5.873E-01
2.380E+00	5.839E-01	1.074E-04	5.840E-01	5.841E-01	5.839E-01	5.840E-01	5.839E-01	5.840E-01
2.390E+00	5.806E-01	9.558E-05	5.807E-01	5.807E-01	5.805E-01	5.807E-01	5.806E-01	5.807E-01
2.400E+00	5.773E-01	8.978E-05	5.774E-01	5.774E-01	5.772E-01	5.774E-01	5.773E-01	5.774E-01
2.410E+00	5.740E-01	9.119E-05	5.741E-01	5.741E-01	5.739E-01	5.741E-01	5.740E-01	5.741E-01
2.420E+00	5.707E-01	9.955E-05	5.709E-01	5.708E-01	5.706E-01	5.708E-01	5.707E-01	5.708E-01
2.430E+00	5.674E-01	1.134E-04	5.676E-01	5.675E-01	5.674E-01	5.675E-01	5.674E-01	5.675E-01
2.440E+00	5.642E-01	1.310E-04	5.643E-01	5.642E-01	5.641E-01	5.642E-01	5.641E-01	5.642E-01
2.450E+00	5.609E-01	1.511E-04	5.611E-01	5.609E-01	5.608E-01	5.610E-01	5.609E-01	5.609E-01
2.460E+00	5.576E-01	1.729E-04	5.579E-01	5.576E-01	5.575E-01	5.577E-01	5.576E-01	5.577E-01
2.470E+00	5.544E-01	1.957E-04	5.546E-01	5.543E-01	5.543E-01	5.545E-01	5.543E-01	5.544E-01
2.480E+00	5.511E-01	2.194E-04	5.514E-01	5.510E-01	5.510E-01	5.512E-01	5.511E-01	5.512E-01
2.490E+00	5.479E-01	2.436E-04	5.482E-01	5.478E-01	5.478E-01	5.480E-01	5.479E-01	5.479E-01
2.500E+00	5.447E-01	2.682E-04	5.450E-01	5.445E-01	5.446E-01	5.448E-01	5.446E-01	5.447E-01
2.510E+00	5.415E-01	2.931E-04	5.418E-01	5.413E-01	5.414E-01	5.416E-01	5.414E-01	5.415E-01
2.520E+00	5.382E-01	3.183E-04	5.386E-01	5.380E-01	5.381E-01	5.383E-01	5.382E-01	5.383E-01
2.530E+00	5.350E-01	3.436E-04	5.355E-01	5.348E-01	5.349E-01	5.351E-01	5.350E-01	5.351E-01
2.540E+00	5.318E-01	3.691E-04	5.323E-01	5.316E-01	5.317E-01	5.319E-01	5.318E-01	5.319E-01
2.550E+00	5.287E-01	3.948E-04	5.291E-01	5.284E-01	5.286E-01	5.288E-01	5.286E-01	5.287E-01
2.560E+00	5.255E-01	4.205E-04	5.260E-01	5.252E-01	5.254E-01	5.256E-01	5.254E-01	5.255E-01
2.570E+00	5.223E-01	4.463E-04	5.228E-01	5.220E-01	5.222E-01	5.224E-01	5.223E-01	5.224E-01
2.580E+00	5.192E-01	4.721E-04	5.197E-01	5.188E-01	5.190E-01	5.193E-01	5.191E-01	5.192E-01
2.590E+00	5.160E-01	4.980E-04	5.166E-01	5.156E-01	5.159E-01	5.161E-01	5.160E-01	5.160E-01
2.600E+00	5.129E-01	5.240E-04	5.135E-01	5.124E-01	5.127E-01	5.130E-01	5.128E-01	5.129E-01
2.610E+00	5.097E-01	5.499E-04	5.104E-01	5.093E-01	5.096E-01	5.098E-01	5.097E-01	5.098E-01
2.620E+00	5.066E-01	5.759E-04	5.073E-01	5.061E-01	5.065E-01	5.067E-01	5.066E-01	5.066E-01
2.630E+00	5.035E-01	6.019E-04	5.042E-01	5.030E-01	5.034E-01	5.036E-01	5.034E-01	5.035E-01
2.640E+00	5.004E-01	6.279E-04	5.011E-01	4.999E-01	5.003E-01	5.005E-01	5.003E-01	5.004E-01
2.650E+00	4.973E-01	6.539E-04	4.980E-01	4.967E-01	4.972E-01	4.974E-01	4.972E-01	4.973E-01
2.660E+00	4.942E-01	6.798E-04	4.950E-01	4.936E-01	4.941E-01	4.943E-01	4.942E-01	4.942E-01
2.670E+00	4.911E-01	7.058E-04	4.919E-01	4.905E-01	4.910E-01	4.912E-01	4.911E-01	4.912E-01
2.680E+00	4.881E-01	7.317E-04	4.889E-01	4.874E-01	4.879E-01	4.882E-01	4.880E-01	4.881E-01
2.690E+00	4.850E-01	7.575E-04	4.858E-01	4.843E-01	4.849E-01	4.851E-01	4.850E-01	4.850E-01
2.700E+00	4.819E-01	7.834E-04	4.828E-01	4.813E-01	4.818E-01	4.821E-01	4.819E-01	4.820E-01
2.710E+00	4.789E-01	8.092E-04	4.798E-01	4.782E-01	4.788E-01	4.790E-01	4.789E-01	4.790E-01
2.720E+00	4.759E-01	8.349E-04	4.768E-01	4.752E-01	4.758E-01	4.760E-01	4.758E-01	4.759E-01
2.730E+00	4.729E-01	8.607E-04	4.738E-01	4.721E-01	4.727E-01	4.730E-01	4.728E-01	4.729E-01
2.740E+00	4.699E-01	8.863E-04	4.708E-01	4.691E-01	4.697E-01	4.700E-01	4.698E-01	4.699E-01
2.750E+00	4.669E-01	9.119E-04	4.679E-01	4.660E-01	4.667E-01	4.670E-01	4.668E-01	4.669E-01
2.760E+00	4.639E-01	9.374E-04	4.649E-01	4.630E-01	4.637E-01	4.640E-01	4.638E-01	4.639E-01
2.770E+00	4.609E-01	9.629E-04	4.619E-01	4.600E-01	4.608E-01	4.610E-01	4.608E-01	4.609E-01
2.780E+00	4.579E-01	9.883E-04	4.590E-01	4.570E-01	4.578E-01	4.581E-01	4.579E-01	4.580E-01
2.790E+00	4.550E-01	1.014E-03	4.561E-01	4.541E-01	4.548E-01	4.551E-01	4.549E-01	4.550E-01
2.800E+00	4.520E-01	1.039E-03	4.531E-01	4.511E-01	4.519E-01	4.522E-01	4.520E-01	4.521E-01
2.810E+00	4.491E-01	1.064E-03	4.502E-01	4.481E-01	4.489E-01	4.492E-01	4.490E-01	4.491E-01
2.820E+00	4.461E-01	1.089E-03	4.473E-01	4.452E-01	4.460E-01	4.463E-01	4.461E-01	4.462E-01
2.830E+00	4.432E-01	1.114E-03	4.444E-01	4.422E-01	4.431E-01	4.434E-01	4.432E-01	4.433E-01
2.840E+00	4.403E-01	1.139E-03	4.416E-01	4.393E-01	4.402E-01	4.405E-01	4.403E-01	4.404E-01
2.850E+00	4.374E-01	1.164E-03	4.387E-01	4.364E-01	4.373E-01	4.376E-01	4.374E-01	4.375E-01
2.860E+00	4.345E-01	1.188E-03	4.358E-01	4.335E-01	4.344E-01	4.347E-01	4.345E-01	4.346E-01
2.870E+00	4.317E-01	1.213E-03	4.330E-01	4.306E-01	4.315E-01	4.318E-01	4.316E-01	4.317E-01
2.880E+00	4.288E-01	1.237E-03	4.301E-01	4.277E-01	4.287E-01	4.290E-01	4.288E-01	4.288E-01
2.890E+00	4.260E-01	1.262E-03	4.273E-01	4.248E-01	4.258E-01	4.261E-01	4.259E-01	4.260E-01
2.900E+00	4.231E-01	1.286E-03	4.245E-01	4.219E-01	4.230E-01	4.233E-01	4.231E-01	4.232E-01
2.910E+00	4.203E-01	1.310E-03	4.217E-01	4.191E-01	4.201E-01	4.204E-01	4.202E-01	4.203E-01
2.920E+00	4.175E-01	1.334E-03	4.189E-01	4.162E-01	4.173E-01	4.176E-01	4.174E-01	4.175E-01
2.930E+00	4.146E-01	1.358E-03	4.161E-01	4.134E-01	4.145E-01	4.148E-01	4.146E-01	4.147E-01
2.940E+00	4.118E-01	1.382E-03	4.133E-01	4.106E-01	4.117E-01	4.120E-01	4.118E-01	4.119E-01
2.950E+00	4.091E-01	1.406E-03	4.106E-01	4.078E-01	4.089E-01	4.092E-01	4.090E-01	4.091E-01
2.960E+00	4.063E-01	1.429E-03	4.078E-01	4.050E-01	4.061E-01	4.064E-01	4.062E-01	4.063E-01
2.970E+00	4.035E-01	1.453E-03	4.051E-01	4.022E-01	4.034E-01	4.037E-01	4.035E-01	4.036E-01
2.980E+00	4.008E-01	1.476E-03	4.023E-01	3.994E-01	4.006E-01	4.009E-01	4.007E-01	4.008E-01
2.990E+00	3.980E-01	1.499E-03	3.996E-01	3.966E-01	3.979E-01	3.982E-01	3.980E-01	3.981E-01
3.000E+00	3.953E-01	1.522E-03	3.969E-01	3.939E-01	3.951E-01	3.954E-01	3.952E-01	3.953E-01
