1.000E-02	1.293E+00	2.137E-01	1.077E+00	1.504E+00	1.294E+00	1.292E+00	1.293E+00	1.293E+00
2.000E-02	1.293E+00	2.109E-01	1.077E+00	1.499E+00	1.294E+00	1.292E+00	1.293E+00	1.293E+00
3.000E-02	1.292E+00	2.081E-01	1.077E+00	1.493E+00	1.293E+00	1.291E+00	1.292E+00	1.292E+00
4.000E-02	1.291E+00	2.052E-01	1.077E+00	1.487E+00	1.292E+00	1.290E+00	1.291E+00	1.291E+00
5.000E-02	1.290E+00	2.024E-01	1.077E+00	1.482E+00	1.291E+00	1.290E+00	1.290E+00	1.290E+00
6.000E-02	1.289E+00	1.996E-01	1.077E+00	1.476E+00	1.290E+00	1.288E+00	1.289E+00	1.289E+00
7.000E-02	1.288E+00	1.968E-01	1.077E+00	1.470E+00	1.289E+00	1.287E+00	1.288E+00	1.288E+00
8.000E-02	1.287E+00	1.940E-01	1.077E+00	1.465E+00	1.288E+00	1.286E+00	1.287E+00	1.287E+00
9.000E-02	1.286E+00	1.912E-01	1.076E+00	1.459E+00	1.287E+00	1.285E+00	1.286E+00	1.286E+00
1.000E-01	1.284E+00	1.885E-01	1.076E+00	1.453E+00	1.285E+00	1.284E+00	1.284E+00	1.285E+00
1.100E-01	1.283E+00	1.857E-01	1.076E+00	1.448E+00	1.284E+00	1.282E+00	1.283E+00	1.283E+00
1.200E-01	1.282E+00	1.830E-01	1.076E+00	1.442E+00	1.282E+00	1.281E+00	1.281E+00	1.282E+00
1.300E-01	1.280E+00	1.803E-01	1.076E+00	1.436E+00	1.281E+00	1.279E+00	1.280E+00	1.280E+00
1.400E-01	1.278E+00	1.775E-01	1.076E+00	1.431E+00	1.279E+00	1.278E+00	1.278E+00	1.278E+00
1.500E-01	1.277E+00	1.748E-01	1.075E+00	1.425E+00	1.278E+00	1.276E+00	1.277E+00	1.277E+00
1.600E-01	1.275E+00	1.722E-01	1.075E+00	1.419E+00	1.276E+00	1.274E+00	1.275E+00	1.275E+00
1.700E-01	1.273E+00	1.695E-01	1.075E+00	1.414E+00	1.274E+00	1.272E+00	1.273E+00	1.273E+00
1.800E-01	1.271E+00	1.668E-01	1.075E+00	1.408E+00	1.272E+00	1.271E+00	1.271E+00	1.271E+00
1.900E-01	1.270E+00	1.642E-01	1.074E+00	1.403E+00	1.270E+00	1.269E+00	1.269E+00	1.270E+00
2.000E-01	1.268E+00	1.616E-01	1.074E+00	1.397E+00	1.268E+00	1.267E+00	1.268E+00	1.268E+00
2.100E-01	1.266E+00	1.590E-01	1.074E+00	1.392E+00	1.266E+00	1.265E+00	1.266E+00	1.266E+00
2.200E-01	1.264E+00	1.564E-01	1.073E+00	1.386E+00	1.264E+00	1.263E+00	1.263E+00	1.264E+00
2.300E-01	1.261E+00	1.538E-01	1.073E+00	1.381E+00	1.262E+00	1.261E+00	1.261E+00	1.262E+00
2.400E-01	1.259E+00	1.513E-01	1.073E+00	1.375E+00	1.260E+00	1.259E+00	1.259E+00	1.259E+00
2.500E-01	1.257E+00	1.487E-01	1.072E+00	1.370E+00	1.258E+00	1.256E+00	1.257E+00	1.257E+00
2.600E-01	1.255E+00	1.462E-01	1.072E+00	1.364E+00	1.256E+00	1.254E+00	1.255E+00	1.255E+00
2.700E-01	1.253E+00	1.437E-01	1.072E+00	1.359E+00	1.253E+00	1.252E+00	1.253E+00	1.253E+00
2.800E-01	1.250E+00	1.412E-01	1.071E+00	1.354E+00	1.251E+00	1.250E+00	1.250E+00	1.251E+00
2.900E-01	1.248E+00	1.387E-01	1.071E+00	1.348E+00	1.249E+00	1.247E+00	1.248E+00	1.248E+00
3.000E-01	1.246E+00	1.363E-01	1.070E+00	1.343E+00	1.246E+00	1.245E+00	1.246E+00	1.246E+00
3.100E-01	1.243E+00	1.338E-01	1.070E+00	1.337E+00	1.244E+00	1.243E+00	1.243E+00	1.243E+00
3.200E-01	1.241E+00	1.314E-01	1.069E+00	1.332E+00	1.242E+00	1.240E+00	1.241E+00	1.241E+00
3.300E-01	1.238E+00	1.290E-01	1.069E+00	1.327E+00	1.239E+00	1.238E+00	1.238E+00	1.239E+00
3.400E-01	1.236E+00	1.266E-01	1.068E+00	1.322E+00	1.237E+00	1.235E+00	1.236E+00	1.236E+00
3.500E-01	1.233E+00	1.243E-01	1.068E+00	1.316E+00	1.234E+00	1.233E+00	1.233E+00	1.233E+00
3.600E-01	1.231E+00	1.219E-01	1.067E+00	1.311E+00	1.231E+00	1.230E+00	1.231E+00	1.231E+00
3.700E-01	1.228E+00	1.196E-01	1.067E+00	1.306E+00	1.229E+00	1.228E+00	1.228E+00	1.228E+00
3.800E-01	1.226E+00	1.172E-01	1.066E+00	1.301E+00	1.226E+00	1.225E+00	1.225E+00	1.226E+00
3.900E-01	1.223E+00	1.149E-01	1.065E+00	1.295E+00	1.224E+00	1.222E+00	1.223E+00	1.223E+00
4.000E-01	1.220E+00	1.126E-01	1.065E+00	1.290E+00	1.221E+00	1.220E+00	1.220E+00	1.220E+00
4.100E-01	1.217E+00	1.104E-01	1.064E+00	1.285E+00	1.218E+00	1.217E+00	1.217E+00	1.218E+00
4.200E-01	1.215E+00	1.081E-01	1.064E+00	1.280E+00	1.215E+00	1.214E+00	1.215E+00	1.215E+00
4.300E-01	1.212E+00	1.059E-01	1.063E+00	1.275E+00	1.212E+00	1.211E+00	1.212E+00	1.212E+00
4.400E-01	1.209E+00	1.037E-01	1.062E+00	1.270E+00	1.210E+00	1.208E+00	1.209E+00	1.209E+00
4.500E-01	1.206E+00	1.015E-01	1.062E+00	1.265E+00	1.207E+00	1.206E+00	1.206E+00	1.206E+00
4.600E-01	1.203E+00	9.927E-02	1.061E+00	1.259E+00	1.204E+00	1.203E+00	1.203E+00	1.203E+00
4.700E-01	1.200E+00	9.710E-02	1.060E+00	1.254E+00	1.201E+00	1.200E+00	1.200E+00	1.201E+00
4.800E-01	1.197E+00	9.495E-02	1.059E+00	1.249E+00	1.198E+00	1.197E+00	1.197E+00	1.198E+00
4.900E-01	1.195E+00	9.281E-02	1.059E+00	1.244E+00	1.195E+00	1.194E+00	1.194E+00	1.195E+00
5.000E-01	1.192E+00	9.069E-02	1.058E+00	1.239E+00	1.192E+00	1.191E+00	1.191E+00	1.192E+00
5.100E-01	1.189E+00	8.859E-02	1.057E+00	1.234E+00	1.189E+00	1.188E+00	1.188E+00	1.189E+00
5.200E-01	1.186E+00	8.651E-02	1.056E+00	1.229E+00	1.186E+00	1.185E+00	1.185E+00	1.186E+00
5.300E-01	1.182E+00	8.444E-02	1.056E+00	1.224E+00	1.183E+00	1.182E+00	1.182E+00	1.183E+00
5.400E-01	1.179E+00	8.238E-02	1.055E+00	1.220E+00	1.180E+00	1.179E+00	1.179E+00	1.179E+00
5.500E-01	1.176E+00	8.035E-02	1.054E+00	1.215E+00	1.177E+00	1.176E+00	1.176E+00	1.176E+00
5.600E-01	1.173E+00	7.833E-02	1.053E+00	1.210E+00	1.174E+00	1.173E+00	1.173E+00	1.173E+00
5.700E-01	1.170E+00	7.633E-02	1.052E+00	1.205E+00	1.171E+00	1.170E+00	1.170E+00	1.170E+00
5.800E-01	1.167E+00	7.434E-02	1.051E+00	1.200E+00	1.167E+00	1.166E+00	1.167E+00	1.167E+00
5.900E-01	1.164E+00	7.237E-02	1.050E+00	1.195E+00	1.164E+00	1.163E+00	1.164E+00	1.164E+00
6.000E-01	1.160E+00	7.042E-02	1.049E+00	1.190E+00	1.161E+00	1.160E+00	1.160E+00	1.161E+00
6.100E-01	1.157E+00	6.849E-02	1.049E+00	1.185E+00	1.158E+00	1.157E+00	1.157E+00	1.157E+00
6.200E-01	1.154E+00	6.657E-02	1.048E+00	1.181E+00	1.154E+00	1.154E+00	1.154E+00	1.154E+00
6.300E-01	1.151E+00	6.466E-02	1.047E+00	1.176E+00	1.151E+00	1.150E+00	1.151E+00	1.151E+00
6.400E-01	1.148E+00	6.278E-02	1.046E+00	1.171E+00	1.148E+00	1.147E+00	1.147E+00	1.148E+00
6.500E-01	1.144E+00	6.091E-02	1.045E+00	1.166E+00	1.145E+00	1.144E+00	1.144E+00	1.144E+00
6.600E-01	1.141E+00	5.905E-02	1.044E+00	1.162E+00	1.141E+00	1.140E+00	1.141E+00	1.141E+00
6.700E-01	1.138E+00	5.722E-02	1.043E+00	1.157E+00	1.138E+00	1.137E+00	1.137E+00	1.138E+00
6.800E-01	1.134E+00	5.540E-02	1.042E+00	1.152E+00	1.135E+00	1.134E+00	1.134E+00	1.134E+00
6.900E-01	1.131E+00	5.359E-02	1.041E+00	1.148E+00	1.131E+00	1.130E+00	1.131E+00	1.131E+00
7.000E-01	1.127E+00	5.180E-02	1.039E+00	1.143E+00	1.128E+00	1.127E+00	1.127E+00	1.128E+00
7.100E-01	1.124E+00	5.003E-02	1.038E+00	1.138E+00	1.124E+00	1.124E+00	1.124E+00	1.124E+00
7.200E-01	1.121E+00	4.827E-02	1.037E+00	1.134E+00	1.121E+00	1.120E+00	1.121E+00	1.121E+00
7.300E-01	1.117E+00	4.653E-02	1.036E+00	1.129E+00	1.118E+00	1.117E+00	1.117E+00	1.117E+00
7.400E-01	1.114E+00	4.481E-02	1.035E+00	1.125E+00	1.114E+00	1.113E+00	1.114E+00	1.114E+00
7.500E-01	1.110E+00	4.310E-02	1.034E+00	1.120E+00	1.111E+00	1.110E+00	1.110E+00	1.111E+00
7.600E-01	1.107E+00	4.141E-02	1.033E+00	1.116E+00	1.107E+00	1.107E+00	1.107E+00	1.107E+00
7.700E-01	1.103E+00	3.973E-02	1.032E+00	1.111E+00	1.104E+00	1.103E+00	1.103E+00	1.104E+00
7.800E-01	1.100E+00	3.807E-02	1.030E+00	1.107E+00	1.100E+00	1.100E+00	1.100E+00	1.100E+00
7.900E-01	1.096E+00	3.643E-02	1.029E+00	1.102E+00	1.097E+00	1.096E+00	1.096E+00	1.097E+00
8.000E-01	1.093E+00	3.480E-02	1.028E+00	1.098E+00	1.093E+00	1.093E+00	1.093E+00	1.093E+00
8.100E-01	1.089E+00	3.318E-02	1.027E+00	1.093E+00	1.090E+00	1.089E+00	1.089E+00	1.090E+00
8.200E-01	1.086E+00	3.159E-02	1.025E+00	1.089E+00	1.086E+00	1.086E+00	1.086E+00	1.086E+00
8.300E-01	1.082E+00	3.001E-02	1.024E+00	1.084E+00	1.083E+00	1.082E+00	1.082E+00	1.082E+00
8.400E-01	1.079E+00	2.844E-02	1.023E+00	1.080E+00	1.079E+00	1.079E+00	1.079E+00	1.079E+00
8.500E-01	1.075E+00	2.689E-02	1.022E+00	1.075E+00	1.075E+00	1.075E+00	1.075E+00	1.075E+00
8.600E-01	1.072E+00	2.535E-02	1.020E+00	1.071E+00	1.072E+00	1.071E+00	1.071E+00	1.072E+00
8.700E-01	1.068E+00	2.383E-02	1.019E+00	1.067E+00	1.068E+00	1.068E+00	1.068E+00	1.068E+00
8.800E-01	1.064E+00	2.233E-02	1.018E+00	1.062E+00	1.065E+00	1.064E+00	1.064E+00	1.065E+00
8.900E-01	1.061E+00	2.084E-02	1.016E+00	1.058E+00	1.061E+00	1.061E+00	1.061E+00	1.061E+00
9.000E-01	1.057E+00	1.937E-02	1.015E+00	1.054E+00	1.057E+00	1.057E+00	1.057E+00	1.057E+00
9.100E-01	1.054E+00	1.791E-02	1.014E+00	1.049E+00	1.054E+00	1.053E+00	1.053E+00	1.054E+00
9.200E-01	1.050E+00	1.646E-02	1.012E+00	1.045E+00	1.050E+00	1.050E+00	1.050E+00	1.050E+00
9.300E-01	1.046E+00	1.504E-02	1.011E+00	1.041E+00	1.046E+00	1.046E+00	1.046E+00	1.046E+00
9.400E-01	1.043E+00	1.362E-02	1.009E+00	1.037E+00	1.043E+00	1.042E+00	1.042E+00	1.043E+00
9.500E-01	1.039E+00	1.223E-02	1.008E+00	1.032E+00	1.039E+00	1.039E+00	1.039E+00	1.039E+00
9.600E-01	1.035E+00	1.084E-02	1.007E+00	1.028E+00	1.035E+00	1.035E+00	1.035E+00	1.035E+00
9.700E-01	1.032E+00	9.475E-03	1.005E+00	1.024E+00	1.032E+00	1.031E+00	1.031E+00	1.032E+00
9.800E-01	1.028E+00	8.122E-03	1.004E+00	1.020E+00	1.028E+00	1.028E+00	1.028E+00	1.028E+00
9.900E-01	1.024E+00	6.784E-03	1.002E+00	1.016E+00	1.024E+00	1.024E+00	1.024E+00	1.024E+00
1.000E+00	1.021E+00	5.460E-03	1.001E+00	1.012E+00	1.021E+00	1.020E+00	1.020E+00	1.021E+00
1.010E+00	1.017E+00	4.152E-03	9.992E-01	1.007E+00	1.017E+00	1.017E+00	1.017E+00	1.017E+00
1.020E+00	1.013E+00	2.860E-03	9.977E-01	1.003E+00	1.013E+00	1.013E+00	1.013E+00	1.013E+00
1.030E+00	1.009E+00	1.584E-03	9.961E-01	9.993E-01	1.009E+00	1.009E+00	1.009E+00	1.010E+00
1.040E+00	1.006E+00	3.578E-04	9.946E-01	9.952E-01	1.006E+00	1.006E+00	1.006E+00	1.006E+00
1.050E+00	1.002E+00	9.591E-04	9.930E-01	9.911E-01	1.002E+00	1.002E+00	1.002E+00	1.002E+00
1.060E+00	9.982E-01	2.186E-03	9.915E-01	9.871E-01	9.982E-01	9.982E-01	9.980E-01	9.984E-01
1.070E+00	9.945E-01	3.405E-03	9.899E-01	9.831E-01	9.945E-01	9.945E-01	9.943E-01	9.947E-01
1.080E+00	9.907E-01	4.612E-03	9.883E-01	9.791E-01	9.907E-01	9.907E-01	9.906E-01	9.909E-01
1.090E+00	9.870E-01	5.804E-03	9.867E-01	9.751E-01	9.870E-01	9.870E-01	9.868E-01	9.872E-01
1.100E+00	9.833E-01	6.983E-03	9.850E-01	9.711E-01	9.832E-01	9.833E-01	9.831E-01	9.834E-01
1.110E+00	9.795E-01	8.148E-03	9.834E-01	9.671E-01	9.795E-01	9.795E-01	9.793E-01	9.797E-01
1.120E+00	9.757E-01	9.299E-03	9.817E-01	9.632E-01	9.757E-01	9.758E-01	9.756E-01	9.759E-01
1.130E+00	9.720E-01	1.044E-02	9.801E-01	9.592E-01	9.719E-01	9.720E-01	9.718E-01	9.722E-01
1.140E+00	9.682E-01	1.156E-02	9.784E-01	9.553E-01	9.682E-01	9.683E-01	9.680E-01	9.684E-01
1.150E+00	9.645E-01	1.267E-02	9.767E-01	9.514E-01	9.644E-01	9.645E-01	9.643E-01	9.646E-01
1.160E+00	9.607E-01	1.376E-02	9.750E-01	9.475E-01	9.606E-01	9.608E-01	9.605E-01	9.609E-01
1.170E+00	9.569E-01	1.484E-02	9.733E-01	9.436E-01	9.568E-01	9.570E-01	9.567E-01	9.571E-01
1.180E+00	9.531E-01	1.591E-02	9.716E-01	9.398E-01	9.531E-01	9.532E-01	9.530E-01	9.533E-01
1.190E+00	9.494E-01	1.697E-02	9.698E-01	9.359E-01	9.493E-01	9.495E-01	9.492E-01	9.496E-01
1.200E+00	9.456E-01	1.801E-02	9.681E-01	9.321E-01	9.455E-01	9.457E-01	9.454E-01	9.458E-01
1.210E+00	9.418E-01	1.903E-02	9.663E-01	9.283E-01	9.417E-01	9.419E-01	9.416E-01	9.420E-01
1.220E+00	9.380E-01	2.005E-02	9.646E-01	9.245E-01	9.379E-01	9.382E-01	9.378E-01	9.382E-01
1.230E+00	9.343E-01	2.105E-02	9.628E-01	9.207E-01	9.341E-01	9.344E-01	9.341E-01	9.345E-01
1.240E+00	9.305E-01	2.204E-02	9.610E-01	9.169E-01	9.303E-01	9.306E-01	9.303E-01	9.307E-01
1.250E+00	9.267E-01	2.301E-02	9.592E-01	9.132E-01	9.265E-01	9.269E-01	9.265E-01	9.269E-01
1.260E+00	9.229E-01	2.397E-02	9.574E-01	9.094E-01	9.227E-01	9.231E-01	9.227E-01	9.231E-01
1.270E+00	9.191E-01	2.492E-02	9.555E-01	9.057E-01	9.189E-01	9.193E-01	9.189E-01	9.193E-01
1.280E+00	9.154E-01	2.585E-02	9.537E-01	9.020E-01	9.152E-01	9.155E-01	9.152E-01	9.156E-01
1.290E+00	9.116E-01	2.677E-02	9.518E-01	8.983E-01	9.114E-01	9.118E-01	9.114E-01	9.118E-01
1.300E+00	9.078E-01	2.768E-02	9.500E-01	8.946E-01	9.076E-01	9.080E-01	9.076E-01	9.080E-01
1.310E+00	9.040E-01	2.858E-02	9.481E-01	8.909E-01	9.038E-01	9.042E-01	9.038E-01	9.042E-01
1.320E+00	9.002E-01	2.946E-02	9.462E-01	8.873E-01	9.000E-01	9.005E-01	9.000E-01	9.004E-01
1.330E+00	8.964E-01	3.033E-02	9.443E-01	8.836E-01	8.962E-01	8.967E-01	8.962E-01	8.966E-01
1.340E+00	8.927E-01	3.118E-02	9.424E-01	8.800E-01	8.924E-01	8.929E-01	8.925E-01	8.929E-01
1.350E+00	8.889E-01	3.203E-02	9.405E-01	8.764E-01	8.886E-01	8.891E-01	8.887E-01	8.891E-01
1.360E+00	8.851E-01	3.286E-02	9.385E-01	8.728E-01	8.848E-01	8.854E-01	8.849E-01	8.853E-01
1.370E+00	8.813E-01	3.368E-02	9.366E-01	8.692E-01	8.810E-01	8.816E-01	8.811E-01	8.815E-01
1.380E+00	8.775E-01	3.449E-02	9.346E-01	8.657E-01	8.773E-01	8.778E-01	8.773E-01	8.778E-01
1.390E+00	8.738E-01	3.528E-02	9.327E-01	8.621E-01	8.735E-01	8.741E-01	8.736E-01	8.740E-01
1.400E+00	8.700E-01	3.606E-02	9.307E-01	8.586E-01	8.697E-01	8.703E-01	8.698E-01	8.702E-01
1.410E+00	8.662E-01	3.683E-02	9.287E-01	8.550E-01	8.659E-01	8.666E-01	8.660E-01	8.664E-01
1.420E+00	8.625E-01	3.759E-02	9.267E-01	8.515E-01	8.621E-01	8.628E-01	8.623E-01	8.627E-01
1.430E+00	8.587E-01	3.834E-02	9.247E-01	8.480E-01	8.584E-01	8.590E-01	8.585E-01	8.589E-01
1.440E+00	8.549E-01	3.907E-02	9.227E-01	8.446E-01	8.546E-01	8.553E-01	8.547E-01	8.552E-01
1.450E+00	8.512E-01	3.979E-02	9.207E-01	8.411E-01	8.508E-01	8.515E-01	8.510E-01	8.514E-01
1.460E+00	8.474E-01	4.050E-02	9.186E-01	8.376E-01	8.471E-01	8.478E-01	8.472E-01	8.476E-01
1.470E+00	8.437E-01	4.120E-02	9.166E-01	8.342E-01	8.433E-01	8.440E-01	8.435E-01	8.439E-01
1.480E+00	8.399E-01	4.188E-02	9.145E-01	8.308E-01	8.395E-01	8.403E-01	8.397E-01	8.401E-01
1.490E+00	8.362E-01	4.256E-02	9.125E-01	8.273E-01	8.358E-01	8.366E-01	8.360E-01	8.364E-01
1.500E+00	8.324E-01	4.322E-02	9.104E-01	8.239E-01	8.320E-01	8.328E-01	8.322E-01	8.326E-01
1.510E+00	8.287E-01	4.387E-02	9.083E-01	8.206E-01	8.283E-01	8.291E-01	8.285E-01	8.289E-01
1.520E+00	8.250E-01	4.451E-02	9.062E-01	8.172E-01	8.245E-01	8.254E-01	8.247E-01	8.252E-01
1.530E+00	8.212E-01	4.514E-02	9.041E-01	8.138E-01	8.208E-01	8.217E-01	8.210E-01	8.214E-01
1.540E+00	8.175E-01	4.576E-02	9.020E-01	8.105E-01	8.170E-01	8.179E-01	8.173E-01	8.177E-01
1.550E+00	8.138E-01	4.636E-02	8.999E-01	8.071E-01	8.133E-01	8.142E-01	8.135E-01	8.140E-01
1.560E+00	8.100E-01	4.695E-02	8.977E-01	8.038E-01	8.096E-01	8.105E-01	8.098E-01	8.103E-01
1.570E+00	8.063E-01	4.754E-02	8.956E-01	8.005E-01	8.059E-01	8.068E-01	8.061E-01	8.066E-01
1.580E+00	8.026E-01	4.811E-02	8.934E-01	7.972E-01	8.021E-01	8.031E-01	8.024E-01	8.028E-01
1.590E+00	7.989E-01	4.867E-02	8.913E-01	7.939E-01	7.984E-01	7.994E-01	7.987E-01	7.991E-01
1.600E+00	7.952E-01	4.922E-02	8.891E-01	7.907E-01	7.947E-01	7.957E-01	7.950E-01	7.954E-01
1.610E+00	7.915E-01	4.976E-02	8.869E-01	7.874E-01	7.910E-01	7.920E-01	7.913E-01	7.917E-01
1.620E+00	7.878E-01	5.029E-02	8.847E-01	7.842E-01	7.873E-01	7.883E-01	7.876E-01	7.881E-01
1.630E+00	7.841E-01	5.080E-02	8.825E-01	7.809E-01	7.836E-01	7.847E-01	7.839E-01	7.844E-01
1.640E+00	7.805E-01	5.131E-02	8.803E-01	7.777E-01	7.799E-01	7.810E-01	7.802E-01	7.807E-01
1.650E+00	7.768E-01	5.180E-02	8.781E-01	7.745E-01	7.762E-01	7.773E-01	7.765E-01	7.770E-01
1.660E+00	7.731E-01	5.229E-02	8.759E-01	7.713E-01	7.726E-01	7.737E-01	7.729E-01	7.733E-01
1.670E+00	7.694E-01	5.276E-02	8.737E-01	7.682E-01	7.689E-01	7.700E-01	7.692E-01	7.697E-01
1.680E+00	7.658E-01	5.323E-02	8.714E-01	7.650E-01	7.652E-01	7.663E-01	7.656E-01	7.660E-01
1.690E+00	7.621E-01	5.368E-02	8.692E-01	7.618E-01	7.616E-01	7.627E-01	7.619E-01	7.624E-01
1.700E+00	7.585E-01	5.412E-02	8.669E-01	7.587E-01	7.579E-01	7.591E-01	7.583E-01	7.587E-01
1.710E+00	7.548E-01	5.456E-02	8.647E-01	7.556E-01	7.543E-01	7.554E-01	7.546E-01	7.551E-01
1.720E+00	7.512E-01	5.498E-02	8.624E-01	7.525E-01	7.506E-01	7.518E-01	7.510E-01	7.514E-01
1.730E+00	7.476E-01	5.539E-02	8.601E-01	7.494E-01	7.470E-01	7.482E-01	7.473E-01	7.478E-01
1.740E+00	7.440E-01	5.580E-02	8.579E-01	7.463E-01	7.434E-01	7.446E-01	7.437E-01	7.442E-01
1.750E+00	7.403E-01	5.619E-02	8.556E-01	7.432E-01	7.397E-01	7.410E-01	7.401E-01	7.406E-01
1.760E+00	7.367E-01	5.657E-02	8.533E-01	7.401E-01	7.361E-01	7.374E-01	7.365E-01	7.370E-01
1.770E+00	7.331E-01	5.694E-02	8.510E-01	7.371E-01	7.325E-01	7.338E-01	7.329E-01	7.334E-01
1.780E+00	7.295E-01	5.731E-02	8.486E-01	7.340E-01	7.289E-01	7.302E-01	7.293E-01	7.298E-01
1.790E+00	7.260E-01	5.766E-02	8.463E-01	7.310E-01	7.253E-01	7.266E-01	7.257E-01	7.262E-01
1.800E+00	7.224E-01	5.800E-02	8.440E-01	7.280E-01	7.217E-01	7.230E-01	7.221E-01	7.226E-01
1.810E+00	7.188E-01	5.834E-02	8.417E-01	7.250E-01	7.181E-01	7.195E-01	7.186E-01	7.190E-01
1.820E+00	7.152E-01	5.866E-02	8.393E-01	7.220E-01	7.146E-01	7.159E-01	7.150E-01	7.155E-01
1.830E+00	7.117E-01	5.898E-02	8.370E-01	7.190E-01	7.110E-01	7.124E-01	7.114E-01	7.119E-01
1.840E+00	7.081E-01	5.929E-02	8.346E-01	7.160E-01	7.074E-01	7.088E-01	7.079E-01	7.084E-01
1.850E+00	7.046E-01	5.958E-02	8.322E-01	7.131E-01	7.039E-01	7.053E-01	7.043E-01	7.048E-01
1.860E+00	7.010E-01	5.987E-02	8.299E-01	7.101E-01	7.003E-01	7.017E-01	7.008E-01	7.013E-01
1.870E+00	6.975E-01	6.015E-02	8.275E-01	7.072E-01	6.968E-01	6.982E-01	6.973E-01	6.978E-01
1.880E+00	6.940E-01	6.042E-02	8.251E-01	7.043E-01	6.933E-01	6.947E-01	6.938E-01	6.942E-01
1.890E+00	6.905E-01	6.068E-02	8.227E-01	7.014E-01	6.898E-01	6.912E-01	6.902E-01	6.907E-01
1.900E+00	6.870E-01	6.093E-02	8.203E-01	6.985E-01	6.863E-01	6.877E-01	6.867E-01	6.872E-01
1.910E+00	6.835E-01	6.117E-02	8.179E-01	6.956E-01	6.827E-01	6.842E-01	6.832E-01	6.837E-01
1.920E+00	6.800E-01	6.141E-02	8.155E-01	6.927E-01	6.793E-01	6.807E-01	6.798E-01	6.802E-01
1.930E+00	6.765E-01	6.163E-02	8.131E-01	6.899E-01	6.758E-01	6.773E-01	6.763E-01	6.768E-01
1.940E+00	6.730E-01	6.185E-02	8.107E-01	6.870E-01	6.723E-01	6.738E-01	6.728E-01	6.733E-01
1.950E+00	6.696E-01	6.205E-02	8.083E-01	6.842E-01	6.688E-01	6.703E-01	6.693E-01	6.698E-01
1.960E+00	6.661E-01	6.225E-02	8.058E-01	6.813E-01	6.654E-01	6.669E-01	6.659E-01	6.664E-01
1.970E+00	6.627E-01	6.244E-02	8.034E-01	6.785E-01	6.619E-01	6.635E-01	6.624E-01	6.629E-01
1.980E+00	6.592E-01	6.263E-02	8.010E-01	6.757E-01	6.585E-01	6.600E-01	6.590E-01	6.595E-01
1.990E+00	6.558E-01	6.280E-02	7.985E-01	6.729E-01	6.550E-01	6.566E-01	6.556E-01	6.561E-01
2.000E+00	6.524E-01	6.296E-02	7.961E-01	6.701E-01	6.516E-01	6.532E-01	6.521E-01	6.526E-01
2.010E+00	6.490E-01	6.312E-02	7.936E-01	6.674E-01	6.482E-01	6.498E-01	6.487E-01	6.492E-01
2.020E+00	6.456E-01	6.327E-02	7.911E-01	6.646E-01	6.448E-01	6.464E-01	6.453E-01	6.458E-01
2.030E+00	6.422E-01	6.341E-02	7.887E-01	6.619E-01	6.414E-01	6.430E-01	6.419E-01	6.424E-01
2.040E+00	6.388E-01	6.354E-02	7.862E-01	6.591E-01	6.380E-01	6.396E-01	6.386E-01	6.391E-01
2.050E+00	6.354E-01	6.367E-02	7.837E-01	6.564E-01	6.346E-01	6.363E-01	6.352E-01	6.357E-01
2.060E+00	6.321E-01	6.379E-02	7.813E-01	6.537E-01	6.312E-01	6.329E-01	6.318E-01	6.323E-01
2.070E+00	6.287E-01	6.390E-02	7.788E-01	6.510E-01	6.279E-01	6.295E-01	6.285E-01	6.290E-01
2.080E+00	6.254E-01	6.400E-02	7.763E-01	6.483E-01	6.245E-01	6.262E-01	6.251E-01	6.256E-01
2.090E+00	6.220E-01	6.409E-02	7.738E-01	6.456E-01	6.212E-01	6.229E-01	6.218E-01	6.223E-01
2.100E+00	6.187E-01	6.418E-02	7.713E-01	6.429E-01	6.178E-01	6.195E-01	6.184E-01	6.189E-01
2.110E+00	6.154E-01	6.426E-02	7.688E-01	6.403E-01	6.145E-01	6.162E-01	6.151E-01	6.156E-01
2.120E+00	6.121E-01	6.433E-02	7.663E-01	6.376E-01	6.112E-01	6.129E-01	6.118E-01	6.123E-01
2.130E+00	6.088E-01	6.439E-02	7.638E-01	6.350E-01	6.079E-01	6.096E-01	6.085E-01	6.090E-01
2.140E+00	6.055E-01	6.445E-02	7.612E-01	6.324E-01	6.046E-01	6.063E-01	6.052E-01	6.057E-01
2.150E+00	6.022E-01	6.450E-02	7.587E-01	6.297E-01	6.013E-01	6.031E-01	6.019E-01	6.024E-01
2.160E+00	5.989E-01	6.454E-02	7.562E-01	6.271E-01	5.980E-01	5.998E-01	5.987E-01	5.992E-01
2.170E+00	5.957E-01	6.458E-02	7.537E-01	6.245E-01	5.948E-01	5.966E-01	5.954E-01	5.959E-01
2.180E+00	5.924E-01	6.460E-02	7.511E-01	6.219E-01	5.915E-01	5.933E-01	5.921E-01	5.927E-01
2.190E+00	5.892E-01	6.463E-02	7.486E-01	6.194E-01	5.883E-01	5.901E-01	5.889E-01	5.894E-01
2.200E+00	5.859E-01	6.464E-02	7.461E-01	6.168E-01	5.850E-01	5.868E-01	5.857E-01	5.862E-01
2.210E+00	5.827E-01	6.465E-02	7.435E-01	6.142E-01	5.818E-01	5.836E-01	5.825E-01	5.830E-01
2.220E+00	5.795E-01	6.465E-02	7.410E-01	6.117E-01	5.786E-01	5.804E-01	5.792E-01	5.797E-01
2.230E+00	5.763E-01	6.464E-02	7.384E-01	6.092E-01	5.754E-01	5.772E-01	5.760E-01	5.765E-01
2.240E+00	5.731E-01	6.463E-02	7.359E-01	6.066E-01	5.722E-01	5.740E-01	5.728E-01	5.734E-01
2.250E+00	5.699E-01	6.461E-02	7.333E-01	6.041E-01	5.690E-01	5.709E-01	5.697E-01	5.702E-01
2.260E+00	5.668E-01	6.458E-02	7.308E-01	6.016E-01	5.658E-01	5.677E-01	5.665E-01	5.670E-01
2.270E+00	5.636E-01	6.455E-02	7.282E-01	5.991E-01	5.626E-01	5.645E-01	5.633E-01	5.638E-01
2.280E+00	5.604E-01	6.451E-02	7.256E-01	5.966E-01	5.595E-01	5.614E-01	5.602E-01	5.607E-01
2.290E+00	5.573E-01	6.446E-02	7.231E-01	5.942E-01	5.563E-01	5.583E-01	5.570E-01	5.576E-01
2.300E+00	5.542E-01	6.441E-02	7.205E-01	5.917E-01	5.532E-01	5.551E-01	5.539E-01	5.544E-01
2.310E+00	5.510E-01	6.435E-02	7.179E-01	5.893E-01	5.501E-01	5.520E-01	5.508E-01	5.513E-01
2.320E+00	5.479E-01	6.429E-02	7.154E-01	5.868E-01	5.470E-01	5.489E-01	5.477E-01	5.482E-01
2.330E+00	5.448E-01	6.422E-02	7.128E-01	5.844E-01	5.439E-01	5.458E-01	5.446E-01	5.451E-01
2.340E+00	5.418E-01	6.414E-02	7.102E-01	5.820E-01	5.408E-01	5.427E-01	5.415E-01	5.420E-01
2.350E+00	5.387E-01	6.406E-02	7.076E-01	5.795E-01	5.377E-01	5.397E-01	5.384E-01	5.389E-01
2.360E+00	5.356E-01	6.397E-02	7.051E-01	5.771E-01	5.346E-01	5.366E-01	5.354E-01	5.359E-01
2.370E+00	5.326E-01	6.388E-02	7.025E-01	5.747E-01	5.316E-01	5.335E-01	5.323E-01	5.328E-01
2.380E+00	5.295E-01	6.378E-02	6.999E-01	5.724E-01	5.285E-01	5.305E-01	5.293E-01	5.298E-01
2.390E+00	5.265E-01	6.367E-02	6.973E-01	5.700E-01	5.255E-01	5.275E-01	5.262E-01	5.267E-01
2.400E+00	5.234E-01	6.356E-02	6.947E-01	5.676E-01	5.224E-01	5.245E-01	5.232E-01	5.237E-01
2.410E+00	5.204E-01	6.345E-02	6.921E-01	5.653E-01	5.194E-01	5.214E-01	5.202E-01	5.207E-01
2.420E+00	5.174E-01	6.332E-02	6.895E-01	5.629E-01	5.164E-01	5.184E-01	5.172E-01	5.177E-01
2.430E+00	5.144E-01	6.320E-02	6.869E-01	5.606E-01	5.134E-01	5.155E-01	5.142E-01	5.147E-01
2.440E+00	5.115E-01	6.306E-02	6.844E-01	5.582E-01	5.104E-01	5.125E-01	5.112E-01	5.117E-01
2.450E+00	5.085E-01	6.292E-02	6.818E-01	5.559E-01	5.075E-01	5.095E-01	5.082E-01	5.087E-01
2.460E+00	5.055E-01	6.278E-02	6.792E-01	5.536E-01	5.045E-01	5.066E-01	5.053E-01	5.058E-01
2.470E+00	5.026E-01	6.263E-02	6.766E-01	5.513E-01	5.016E-01	5.036E-01	5.023E-01	5.028E-01
2.480E+00	4.996E-01	6.248E-02	6.740E-01	5.490E-01	4.986E-01	5.007E-01	4.994E-01	4.999E-01
2.490E+00	4.967E-01	6.232E-02	6.714E-01	5.468E-01	4.957E-01	4.978E-01	4.965E-01	4.970E-01
2.500E+00	4.938E-01	6.215E-02	6.688E-01	5.445E-01	4.928E-01	4.948E-01	4.935E-01	4.941E-01
2.510E+00	4.909E-01	6.198E-02	6.662E-01	5.422E-01	4.899E-01	4.919E-01	4.906E-01	4.912E-01
2.520E+00	4.880E-01	6.181E-02	6.636E-01	5.400E-01	4.870E-01	4.890E-01	4.878E-01	4.883E-01
2.530E+00	4.851E-01	6.163E-02	6.610E-01	5.377E-01	4.841E-01	4.862E-01	4.849E-01	4.854E-01
2.540E+00	4.823E-01	6.145E-02	6.584E-01	5.355E-01	4.812E-01	4.833E-01	4.820E-01	4.825E-01
2.550E+00	4.794E-01	6.126E-02	6.558E-01	5.333E-01	4.783E-01	4.804E-01	4.791E-01	4.796E-01
2.560E+00	4.765E-01	6.106E-02	6.532E-01	5.310E-01	4.755E-01	4.776E-01	4.763E-01	4.768E-01
2.570E+00	4.737E-01	6.087E-02	6.506E-01	5.288E-01	4.726E-01	4.748E-01	4.734E-01	4.740E-01
2.580E+00	4.709E-01	6.066E-02	6.480E-01	5.266E-01	4.698E-01	4.719E-01	4.706E-01	4.711E-01
2.590E+00	4.681E-01	6.046E-02	6.453E-01	5.245E-01	4.670E-01	4.691E-01	4.678E-01	4.683E-01
2.600E+00	4.653E-01	6.025E-02	6.427E-01	5.223E-01	4.642E-01	4.663E-01	4.650E-01	4.655E-01
2.610E+00	4.625E-01	6.003E-02	6.401E-01	5.201E-01	4.614E-01	4.635E-01	4.622E-01	4.627E-01
2.620E+00	4.597E-01	5.981E-02	6.375E-01	5.179E-01	4.586E-01	4.607E-01	4.594E-01	4.599E-01
2.630E+00	4.569E-01	5.959E-02	6.349E-01	5.158E-01	4.558E-01	4.580E-01	4.567E-01	4.572E-01
2.640E+00	4.541E-01	5.936E-02	6.323E-01	5.136E-01	4.531E-01	4.552E-01	4.539E-01	4.544E-01
2.650E+00	4.514E-01	5.912E-02	6.297E-01	5.115E-01	4.503E-01	4.525E-01	4.511E-01	4.516E-01
2.660E+00	4.487E-01	5.889E-02	6.271E-01	5.094E-01	4.476E-01	4.497E-01	4.484E-01	4.489E-01
2.670E+00	4.459E-01	5.865E-02	6.245E-01	5.073E-01	4.448E-01	4.470E-01	4.457E-01	4.462E-01
2.680E+00	4.432E-01	5.840E-02	6.219E-01	5.052E-01	4.421E-01	4.443E-01	4.430E-01	4.435E-01
2.690E+00	4.405E-01	5.815E-02	6.193E-01	5.031E-01	4.394E-01	4.416E-01	4.403E-01	4.408E-01
2.700E+00	4.378E-01	5.790E-02	6.167E-01	5.010E-01	4.367E-01	4.389E-01	4.376E-01	4.381E-01
2.710E+00	4.351E-01	5.764E-02	6.141E-01	4.989E-01	4.340E-01	4.362E-01	4.349E-01	4.354E-01
2.720E+00	4.325E-01	5.738E-02	6.115E-01	4.968E-01	4.314E-01	4.336E-01	4.322E-01	4.327E-01
2.730E+00	4.298E-01	5.712E-02	6.089E-01	4.947E-01	4.287E-01	4.309E-01	4.296E-01	4.301E-01
2.740E+00	4.272E-01	5.685E-02	6.064E-01	4.927E-01	4.261E-01	4.283E-01	4.269E-01	4.274E-01
2.750E+00	4.245E-01	5.658E-02	6.038E-01	4.906E-01	4.234E-01	4.256E-01	4.243E-01	4.248E-01
2.760E+00	4.219E-01	5.631E-02	6.012E-01	4.886E-01	4.208E-01	4.230E-01	4.216E-01	4.221E-01
2.770E+00	4.193E-01	5.603E-02	5.986E-01	4.865E-01	4.182E-01	4.204E-01	4.190E-01	4.195E-01
2.780E+00	4.167E-01	5.575E-02	5.960E-01	4.845E-01	4.156E-01	4.178E-01	4.164E-01	4.169E-01
2.790E+00	4.141E-01	5.546E-02	5.934E-01	4.825E-01	4.130E-01	4.152E-01	4.138E-01	4.143E-01
2.800E+00	4.115E-01	5.517E-02	5.908E-01	4.805E-01	4.104E-01	4.126E-01	4.113E-01	4.118E-01
2.810E+00	4.089E-01	5.488E-02	5.882E-01	4.785E-01	4.078E-01	4.100E-01	4.087E-01	4.092E-01
2.820E+00	4.064E-01	5.459E-02	5.857E-01	4.765E-01	4.053E-01	4.075E-01	4.061E-01	4.066E-01
2.830E+00	4.038E-01	5.429E-02	5.831E-01	4.745E-01	4.027E-01	4.049E-01	4.036E-01	4.041E-01
2.840E+00	4.013E-01	5.399E-02	5.805E-01	4.725E-01	4.002E-01	4.024E-01	4.010E-01	4.015E-01
2.850E+00	3.988E-01	5.369E-02	5.779E-01	4.706E-01	3.977E-01	3.999E-01	3.985E-01	3.990E-01
2.860E+00	3.963E-01	5.338E-02	5.753E-01	4.686E-01	3.951E-01	3.974E-01	3.960E-01	3.965E-01
2.870E+00	3.938E-01	5.307E-02	5.728E-01	4.667E-01	3.926E-01	3.949E-01	3.935E-01	3.940E-01
2.880E+00	3.913E-01	5.276E-02	5.702E-01	4.647E-01	3.901E-01	3.924E-01	3.910E-01	3.915E-01
2.890E+00	3.888E-01	5.244E-02	5.676E-01	4.628E-01	3.877E-01	3.899E-01	3.885E-01	3.890E-01
2.900E+00	3.863E-01	5.212E-02	5.651E-01	4.609E-01	3.852E-01	3.874E-01	3.861E-01	3.866E-01
2.910E+00	3.839E-01	5.180E-02	5.625E-01	4.589E-01	3.827E-01	3.850E-01	3.836E-01	3.841E-01
2.920E+00	3.814E-01	5.148E-02	5.600E-01	4.570E-01	3.803E-01	3.825E-01	3.812E-01	3.817E-01
2.930E+00	3.790E-01	5.115E-02	5.574E-01	4.551E-01	3.779E-01	3.801E-01	3.787E-01	3.792E-01
2.940E+00	3.766E-01	5.082E-02	5.548E-01	4.532E-01	3.754E-01	3.777E-01	3.763E-01	3.768E-01
2.950E+00	3.741E-01	5.049E-02	5.523E-01	4.513E-01	3.730E-01	3.753E-01	3.739E-01	3.744E-01
2.960E+00	3.717E-01	5.016E-02	5.497E-01	4.495E-01	3.706E-01	3.729E-01	3.715E-01	3.720E-01
2.970E+00	3.693E-01	4.982E-02	5.472E-01	4.476E-01	3.682E-01	3.705E-01	3.691E-01	3.696E-01
2.980E+00	3.670E-01	4.948E-02	5.446E-01	4.457E-01	3.658E-01	3.681E-01	3.667E-01	3.672E-01
2.990E+00	3.646E-01	4.914E-02	5.421E-01	4.439E-01	3.635E-01	3.657E-01	3.644E-01	3.648E-01
3.000E+00	3.622E-01	4.880E-02	5.396E-01	4.420E-01	3.611E-01	3.634E-01	3.620E-01	3.625E-01
