1.000E-02	5.326E-01	2.894E-02	5.613E-01	5.035E-01	5.308E-01	5.343E-01	5.332E-01	5.319E-01
2.000E-02	5.324E-01	2.863E-02	5.606E-01	5.035E-01	5.307E-01	5.341E-01	5.330E-01	5.318E-01
3.000E-02	5.321E-01	2.826E-02	5.598E-01	5.034E-01	5.304E-01	5.339E-01	5.328E-01	5.315E-01
4.000E-02	5.318E-01	2.786E-02	5.589E-01	5.033E-01	5.301E-01	5.335E-01	5.325E-01	5.312E-01
5.000E-02	5.315E-01	2.744E-02	5.580E-01	5.032E-01	5.298E-01	5.332E-01	5.321E-01	5.308E-01
6.000E-02	5.311E-01	2.700E-02	5.569E-01	5.031E-01	5.293E-01	5.328E-01	5.317E-01	5.304E-01
7.000E-02	5.306E-01	2.654E-02	5.558E-01	5.029E-01	5.289E-01	5.323E-01	5.312E-01	5.300E-01
8.000E-02	5.301E-01	2.607E-02	5.547E-01	5.027E-01	5.284E-01	5.318E-01	5.308E-01	5.295E-01
9.000E-02	5.296E-01	2.559E-02	5.535E-01	5.025E-01	5.279E-01	5.313E-01	5.302E-01	5.290E-01
1.000E-01	5.290E-01	2.509E-02	5.523E-01	5.023E-01	5.273E-01	5.307E-01	5.297E-01	5.284E-01
1.100E-01	5.284E-01	2.460E-02	5.511E-01	5.020E-01	5.267E-01	5.301E-01	5.291E-01	5.278E-01
1.200E-01	5.278E-01	2.409E-02	5.498E-01	5.017E-01	5.261E-01	5.295E-01	5.284E-01	5.271E-01
1.300E-01	5.271E-01	2.358E-02	5.484E-01	5.014E-01	5.254E-01	5.288E-01	5.278E-01	5.265E-01
1.400E-01	5.264E-01	2.307E-02	5.471E-01	5.011E-01	5.247E-01	5.281E-01	5.270E-01	5.258E-01
1.500E-01	5.257E-01	2.255E-02	5.457E-01	5.007E-01	5.240E-01	5.273E-01	5.263E-01	5.250E-01
1.600E-01	5.249E-01	2.203E-02	5.443E-01	5.004E-01	5.233E-01	5.266E-01	5.256E-01	5.243E-01
1.700E-01	5.241E-01	2.151E-02	5.429E-01	5.000E-01	5.225E-01	5.258E-01	5.248E-01	5.235E-01
1.800E-01	5.233E-01	2.099E-02	5.414E-01	4.996E-01	5.217E-01	5.249E-01	5.239E-01	5.227E-01
1.900E-01	5.224E-01	2.047E-02	5.399E-01	4.991E-01	5.208E-01	5.241E-01	5.231E-01	5.218E-01
2.000E-01	5.216E-01	1.994E-02	5.384E-01	4.987E-01	5.200E-01	5.232E-01	5.222E-01	5.209E-01
2.100E-01	5.207E-01	1.942E-02	5.369E-01	4.982E-01	5.191E-01	5.223E-01	5.213E-01	5.200E-01
2.200E-01	5.197E-01	1.890E-02	5.353E-01	4.977E-01	5.181E-01	5.214E-01	5.204E-01	5.191E-01
2.300E-01	5.188E-01	1.838E-02	5.338E-01	4.972E-01	5.172E-01	5.204E-01	5.195E-01	5.181E-01
2.400E-01	5.178E-01	1.786E-02	5.322E-01	4.967E-01	5.162E-01	5.194E-01	5.185E-01	5.172E-01
2.500E-01	5.168E-01	1.734E-02	5.306E-01	4.961E-01	5.152E-01	5.184E-01	5.175E-01	5.162E-01
2.600E-01	5.158E-01	1.682E-02	5.290E-01	4.955E-01	5.142E-01	5.174E-01	5.165E-01	5.151E-01
2.700E-01	5.148E-01	1.631E-02	5.274E-01	4.949E-01	5.132E-01	5.163E-01	5.154E-01	5.141E-01
2.800E-01	5.137E-01	1.580E-02	5.257E-01	4.943E-01	5.121E-01	5.152E-01	5.144E-01	5.130E-01
2.900E-01	5.126E-01	1.529E-02	5.241E-01	4.937E-01	5.111E-01	5.141E-01	5.133E-01	5.119E-01
3.000E-01	5.115E-01	1.479E-02	5.224E-01	4.930E-01	5.100E-01	5.130E-01	5.122E-01	5.108E-01
3.100E-01	5.104E-01	1.429E-02	5.207E-01	4.923E-01	5.089E-01	5.119E-01	5.110E-01	5.097E-01
3.200E-01	5.092E-01	1.379E-02	5.190E-01	4.916E-01	5.077E-01	5.107E-01	5.099E-01	5.085E-01
3.300E-01	5.080E-01	1.330E-02	5.173E-01	4.909E-01	5.066E-01	5.095E-01	5.087E-01	5.074E-01
3.400E-01	5.069E-01	1.281E-02	5.156E-01	4.902E-01	5.054E-01	5.083E-01	5.075E-01	5.062E-01
3.500E-01	5.056E-01	1.232E-02	5.139E-01	4.894E-01	5.042E-01	5.071E-01	5.063E-01	5.050E-01
3.600E-01	5.044E-01	1.184E-02	5.121E-01	4.887E-01	5.030E-01	5.059E-01	5.051E-01	5.037E-01
3.700E-01	5.032E-01	1.137E-02	5.104E-01	4.879E-01	5.017E-01	5.046E-01	5.039E-01	5.025E-01
3.800E-01	5.019E-01	1.090E-02	5.086E-01	4.871E-01	5.005E-01	5.033E-01	5.026E-01	5.012E-01
3.900E-01	5.006E-01	1.043E-02	5.069E-01	4.863E-01	4.992E-01	5.020E-01	5.013E-01	4.999E-01
4.000E-01	4.993E-01	9.970E-03	5.051E-01	4.854E-01	4.979E-01	5.007E-01	5.000E-01	4.986E-01
4.100E-01	4.980E-01	9.515E-03	5.033E-01	4.845E-01	4.966E-01	4.994E-01	4.987E-01	4.973E-01
4.200E-01	4.967E-01	9.064E-03	5.015E-01	4.837E-01	4.953E-01	4.981E-01	4.974E-01	4.960E-01
4.300E-01	4.953E-01	8.619E-03	4.997E-01	4.828E-01	4.940E-01	4.967E-01	4.960E-01	4.946E-01
4.400E-01	4.940E-01	8.180E-03	4.979E-01	4.819E-01	4.926E-01	4.953E-01	4.947E-01	4.933E-01
4.500E-01	4.926E-01	7.747E-03	4.961E-01	4.809E-01	4.913E-01	4.939E-01	4.933E-01	4.919E-01
4.600E-01	4.912E-01	7.320E-03	4.943E-01	4.800E-01	4.899E-01	4.925E-01	4.919E-01	4.905E-01
4.700E-01	4.898E-01	6.898E-03	4.925E-01	4.790E-01	4.885E-01	4.911E-01	4.905E-01	4.891E-01
4.800E-01	4.884E-01	6.484E-03	4.907E-01	4.780E-01	4.871E-01	4.897E-01	4.891E-01	4.877E-01
4.900E-01	4.869E-01	6.075E-03	4.888E-01	4.770E-01	4.857E-01	4.882E-01	4.876E-01	4.862E-01
5.000E-01	4.855E-01	5.674E-03	4.870E-01	4.760E-01	4.842E-01	4.867E-01	4.862E-01	4.848E-01
5.100E-01	4.840E-01	5.280E-03	4.851E-01	4.750E-01	4.828E-01	4.853E-01	4.847E-01	4.833E-01
5.200E-01	4.825E-01	4.893E-03	4.833E-01	4.739E-01	4.813E-01	4.838E-01	4.833E-01	4.818E-01
5.300E-01	4.810E-01	4.514E-03	4.814E-01	4.728E-01	4.798E-01	4.823E-01	4.818E-01	4.803E-01
5.400E-01	4.795E-01	4.143E-03	4.796E-01	4.718E-01	4.784E-01	4.807E-01	4.803E-01	4.788E-01
5.500E-01	4.780E-01	3.782E-03	4.777E-01	4.707E-01	4.768E-01	4.792E-01	4.787E-01	4.773E-01
5.600E-01	4.765E-01	3.430E-03	4.758E-01	4.695E-01	4.753E-01	4.777E-01	4.772E-01	4.758E-01
5.700E-01	4.750E-01	3.089E-03	4.740E-01	4.684E-01	4.738E-01	4.761E-01	4.757E-01	4.742E-01
5.800E-01	4.734E-01	2.761E-03	4.721E-01	4.673E-01	4.723E-01	4.745E-01	4.741E-01	4.727E-01
5.900E-01	4.718E-01	2.449E-03	4.702E-01	4.661E-01	4.707E-01	4.729E-01	4.726E-01	4.711E-01
6.000E-01	4.703E-01	2.155E-03	4.683E-01	4.649E-01	4.692E-01	4.714E-01	4.710E-01	4.695E-01
6.100E-01	4.687E-01	1.885E-03	4.665E-01	4.637E-01	4.676E-01	4.698E-01	4.694E-01	4.679E-01
6.200E-01	4.671E-01	1.648E-03	4.646E-01	4.625E-01	4.660E-01	4.681E-01	4.678E-01	4.663E-01
6.300E-01	4.655E-01	1.455E-03	4.627E-01	4.613E-01	4.644E-01	4.665E-01	4.662E-01	4.647E-01
6.400E-01	4.638E-01	1.320E-03	4.608E-01	4.601E-01	4.628E-01	4.649E-01	4.646E-01	4.631E-01
6.500E-01	4.622E-01	1.258E-03	4.589E-01	4.588E-01	4.612E-01	4.632E-01	4.630E-01	4.615E-01
6.600E-01	4.606E-01	1.273E-03	4.570E-01	4.576E-01	4.596E-01	4.616E-01	4.613E-01	4.598E-01
6.700E-01	4.589E-01	1.361E-03	4.551E-01	4.563E-01	4.579E-01	4.599E-01	4.597E-01	4.582E-01
6.800E-01	4.573E-01	1.503E-03	4.532E-01	4.550E-01	4.563E-01	4.582E-01	4.580E-01	4.565E-01
6.900E-01	4.556E-01	1.683E-03	4.513E-01	4.537E-01	4.547E-01	4.566E-01	4.564E-01	4.549E-01
7.000E-01	4.539E-01	1.887E-03	4.494E-01	4.524E-01	4.530E-01	4.549E-01	4.547E-01	4.532E-01
7.100E-01	4.522E-01	2.106E-03	4.475E-01	4.510E-01	4.513E-01	4.532E-01	4.530E-01	4.515E-01
7.200E-01	4.506E-01	2.332E-03	4.457E-01	4.497E-01	4.497E-01	4.515E-01	4.513E-01	4.498E-01
7.300E-01	4.489E-01	2.563E-03	4.438E-01	4.483E-01	4.480E-01	4.497E-01	4.496E-01	4.481E-01
7.400E-01	4.471E-01	2.795E-03	4.419E-01	4.469E-01	4.463E-01	4.480E-01	4.479E-01	4.464E-01
7.500E-01	4.454E-01	3.026E-03	4.400E-01	4.456E-01	4.446E-01	4.463E-01	4.462E-01	4.447E-01
7.600E-01	4.437E-01	3.255E-03	4.381E-01	4.442E-01	4.429E-01	4.445E-01	4.445E-01	4.429E-01
7.700E-01	4.420E-01	3.481E-03	4.362E-01	4.428E-01	4.412E-01	4.428E-01	4.427E-01	4.412E-01
7.800E-01	4.402E-01	3.703E-03	4.343E-01	4.413E-01	4.394E-01	4.410E-01	4.410E-01	4.395E-01
7.900E-01	4.385E-01	3.921E-03	4.324E-01	4.399E-01	4.377E-01	4.393E-01	4.393E-01	4.377E-01
8.000E-01	4.367E-01	4.135E-03	4.305E-01	4.384E-01	4.360E-01	4.375E-01	4.375E-01	4.360E-01
8.100E-01	4.350E-01	4.343E-03	4.286E-01	4.370E-01	4.342E-01	4.357E-01	4.358E-01	4.342E-01
8.200E-01	4.332E-01	4.547E-03	4.267E-01	4.355E-01	4.325E-01	4.339E-01	4.340E-01	4.324E-01
8.300E-01	4.314E-01	4.745E-03	4.248E-01	4.340E-01	4.307E-01	4.321E-01	4.322E-01	4.307E-01
8.400E-01	4.297E-01	4.939E-03	4.229E-01	4.325E-01	4.290E-01	4.304E-01	4.304E-01	4.289E-01
8.500E-01	4.279E-01	5.126E-03	4.210E-01	4.310E-01	4.272E-01	4.285E-01	4.287E-01	4.271E-01
8.600E-01	4.261E-01	5.308E-03	4.191E-01	4.295E-01	4.254E-01	4.267E-01	4.269E-01	4.253E-01
8.700E-01	4.243E-01	5.485E-03	4.172E-01	4.280E-01	4.237E-01	4.249E-01	4.251E-01	4.235E-01
8.800E-01	4.225E-01	5.656E-03	4.153E-01	4.265E-01	4.219E-01	4.231E-01	4.233E-01	4.217E-01
8.900E-01	4.207E-01	5.821E-03	4.134E-01	4.249E-01	4.201E-01	4.213E-01	4.215E-01	4.199E-01
9.000E-01	4.189E-01	5.981E-03	4.116E-01	4.233E-01	4.183E-01	4.195E-01	4.197E-01	4.181E-01
9.100E-01	4.171E-01	6.134E-03	4.097E-01	4.218E-01	4.165E-01	4.176E-01	4.179E-01	4.163E-01
9.200E-01	4.152E-01	6.283E-03	4.078E-01	4.202E-01	4.147E-01	4.158E-01	4.161E-01	4.144E-01
9.300E-01	4.134E-01	6.425E-03	4.059E-01	4.186E-01	4.129E-01	4.140E-01	4.142E-01	4.126E-01
9.400E-01	4.116E-01	6.562E-03	4.040E-01	4.170E-01	4.111E-01	4.121E-01	4.124E-01	4.108E-01
9.500E-01	4.098E-01	6.694E-03	4.022E-01	4.154E-01	4.093E-01	4.103E-01	4.106E-01	4.090E-01
9.600E-01	4.079E-01	6.820E-03	4.003E-01	4.138E-01	4.074E-01	4.084E-01	4.087E-01	4.071E-01
9.700E-01	4.061E-01	6.940E-03	3.984E-01	4.122E-01	4.056E-01	4.066E-01	4.069E-01	4.053E-01
9.800E-01	4.043E-01	7.054E-03	3.965E-01	4.105E-01	4.038E-01	4.047E-01	4.051E-01	4.034E-01
9.900E-01	4.024E-01	7.163E-03	3.947E-01	4.089E-01	4.020E-01	4.028E-01	4.032E-01	4.016E-01
1.000E+00	4.006E-01	7.267E-03	3.928E-01	4.072E-01	4.001E-01	4.010E-01	4.014E-01	3.997E-01
1.010E+00	3.987E-01	7.365E-03	3.910E-01	4.056E-01	3.983E-01	3.991E-01	3.995E-01	3.979E-01
1.020E+00	3.969E-01	7.458E-03	3.891E-01	4.039E-01	3.965E-01	3.972E-01	3.977E-01	3.960E-01
1.030E+00	3.950E-01	7.545E-03	3.872E-01	4.022E-01	3.946E-01	3.954E-01	3.958E-01	3.942E-01
1.040E+00	3.931E-01	7.627E-03	3.854E-01	4.005E-01	3.928E-01	3.935E-01	3.940E-01	3.923E-01
1.050E+00	3.913E-01	7.703E-03	3.836E-01	3.989E-01	3.910E-01	3.916E-01	3.921E-01	3.905E-01
1.060E+00	3.894E-01	7.775E-03	3.817E-01	3.972E-01	3.891E-01	3.897E-01	3.902E-01	3.886E-01
1.070E+00	3.876E-01	7.841E-03	3.799E-01	3.954E-01	3.873E-01	3.878E-01	3.884E-01	3.867E-01
1.080E+00	3.857E-01	7.901E-03	3.780E-01	3.937E-01	3.854E-01	3.860E-01	3.865E-01	3.849E-01
1.090E+00	3.838E-01	7.957E-03	3.762E-01	3.920E-01	3.836E-01	3.841E-01	3.847E-01	3.830E-01
1.100E+00	3.819E-01	8.008E-03	3.744E-01	3.903E-01	3.817E-01	3.822E-01	3.828E-01	3.811E-01
1.110E+00	3.801E-01	8.053E-03	3.725E-01	3.885E-01	3.798E-01	3.803E-01	3.809E-01	3.792E-01
1.120E+00	3.782E-01	8.094E-03	3.707E-01	3.868E-01	3.780E-01	3.784E-01	3.790E-01	3.774E-01
1.130E+00	3.763E-01	8.129E-03	3.689E-01	3.851E-01	3.761E-01	3.765E-01	3.772E-01	3.755E-01
1.140E+00	3.745E-01	8.160E-03	3.671E-01	3.833E-01	3.743E-01	3.746E-01	3.753E-01	3.736E-01
1.150E+00	3.726E-01	8.185E-03	3.653E-01	3.815E-01	3.724E-01	3.727E-01	3.734E-01	3.717E-01
1.160E+00	3.707E-01	8.206E-03	3.635E-01	3.798E-01	3.706E-01	3.708E-01	3.715E-01	3.699E-01
1.170E+00	3.688E-01	8.222E-03	3.616E-01	3.780E-01	3.687E-01	3.690E-01	3.697E-01	3.680E-01
1.180E+00	3.669E-01	8.234E-03	3.598E-01	3.762E-01	3.668E-01	3.671E-01	3.678E-01	3.661E-01
1.190E+00	3.651E-01	8.240E-03	3.581E-01	3.744E-01	3.650E-01	3.652E-01	3.659E-01	3.642E-01
1.200E+00	3.632E-01	8.243E-03	3.563E-01	3.727E-01	3.631E-01	3.633E-01	3.640E-01	3.623E-01
1.210E+00	3.613E-01	8.240E-03	3.545E-01	3.709E-01	3.613E-01	3.614E-01	3.622E-01	3.605E-01
1.220E+00	3.594E-01	8.233E-03	3.527E-01	3.691E-01	3.594E-01	3.595E-01	3.603E-01	3.586E-01
1.230E+00	3.576E-01	8.222E-03	3.509E-01	3.673E-01	3.575E-01	3.576E-01	3.584E-01	3.567E-01
1.240E+00	3.557E-01	8.206E-03	3.491E-01	3.655E-01	3.557E-01	3.557E-01	3.565E-01	3.548E-01
1.250E+00	3.538E-01	8.186E-03	3.474E-01	3.636E-01	3.538E-01	3.538E-01	3.547E-01	3.530E-01
1.260E+00	3.519E-01	8.162E-03	3.456E-01	3.618E-01	3.519E-01	3.519E-01	3.528E-01	3.511E-01
1.270E+00	3.501E-01	8.133E-03	3.438E-01	3.600E-01	3.501E-01	3.500E-01	3.509E-01	3.492E-01
1.280E+00	3.482E-01	8.100E-03	3.421E-01	3.582E-01	3.482E-01	3.481E-01	3.490E-01	3.473E-01
1.290E+00	3.463E-01	8.063E-03	3.403E-01	3.564E-01	3.464E-01	3.462E-01	3.472E-01	3.455E-01
1.300E+00	3.444E-01	8.023E-03	3.386E-01	3.545E-01	3.445E-01	3.444E-01	3.453E-01	3.436E-01
1.310E+00	3.426E-01	7.978E-03	3.368E-01	3.527E-01	3.427E-01	3.425E-01	3.434E-01	3.417E-01
1.320E+00	3.407E-01	7.929E-03	3.351E-01	3.508E-01	3.408E-01	3.406E-01	3.416E-01	3.398E-01
1.330E+00	3.388E-01	7.876E-03	3.334E-01	3.490E-01	3.390E-01	3.387E-01	3.397E-01	3.380E-01
1.340E+00	3.370E-01	7.820E-03	3.316E-01	3.472E-01	3.371E-01	3.368E-01	3.378E-01	3.361E-01
1.350E+00	3.351E-01	7.759E-03	3.299E-01	3.453E-01	3.353E-01	3.349E-01	3.360E-01	3.342E-01
1.360E+00	3.332E-01	7.695E-03	3.282E-01	3.435E-01	3.334E-01	3.331E-01	3.341E-01	3.324E-01
1.370E+00	3.314E-01	7.628E-03	3.265E-01	3.416E-01	3.316E-01	3.312E-01	3.322E-01	3.305E-01
1.380E+00	3.295E-01	7.557E-03	3.248E-01	3.398E-01	3.297E-01	3.293E-01	3.304E-01	3.287E-01
1.390E+00	3.277E-01	7.482E-03	3.230E-01	3.379E-01	3.279E-01	3.274E-01	3.285E-01	3.268E-01
1.400E+00	3.258E-01	7.404E-03	3.213E-01	3.360E-01	3.260E-01	3.256E-01	3.267E-01	3.249E-01
1.410E+00	3.240E-01	7.323E-03	3.197E-01	3.342E-01	3.242E-01	3.237E-01	3.248E-01	3.231E-01
1.420E+00	3.221E-01	7.238E-03	3.180E-01	3.323E-01	3.224E-01	3.218E-01	3.230E-01	3.212E-01
1.430E+00	3.203E-01	7.150E-03	3.163E-01	3.305E-01	3.205E-01	3.200E-01	3.211E-01	3.194E-01
1.440E+00	3.184E-01	7.059E-03	3.146E-01	3.286E-01	3.187E-01	3.181E-01	3.193E-01	3.175E-01
1.450E+00	3.166E-01	6.964E-03	3.129E-01	3.267E-01	3.169E-01	3.163E-01	3.174E-01	3.157E-01
1.460E+00	3.147E-01	6.867E-03	3.113E-01	3.249E-01	3.151E-01	3.144E-01	3.156E-01	3.139E-01
1.470E+00	3.129E-01	6.766E-03	3.096E-01	3.230E-01	3.132E-01	3.126E-01	3.138E-01	3.120E-01
1.480E+00	3.111E-01	6.663E-03	3.079E-01	3.211E-01	3.114E-01	3.107E-01	3.119E-01	3.102E-01
1.490E+00	3.092E-01	6.557E-03	3.063E-01	3.192E-01	3.096E-01	3.089E-01	3.101E-01	3.084E-01
1.500E+00	3.074E-01	6.448E-03	3.046E-01	3.174E-01	3.078E-01	3.070E-01	3.083E-01	3.065E-01
1.510E+00	3.056E-01	6.336E-03	3.030E-01	3.155E-01	3.060E-01	3.052E-01	3.065E-01	3.047E-01
1.520E+00	3.038E-01	6.222E-03	3.013E-01	3.136E-01	3.042E-01	3.034E-01	3.046E-01	3.029E-01
1.530E+00	3.020E-01	6.104E-03	2.997E-01	3.118E-01	3.024E-01	3.015E-01	3.028E-01	3.011E-01
1.540E+00	3.001E-01	5.985E-03	2.981E-01	3.099E-01	3.006E-01	2.997E-01	3.010E-01	2.993E-01
1.550E+00	2.983E-01	5.863E-03	2.965E-01	3.080E-01	2.988E-01	2.979E-01	2.992E-01	2.975E-01
1.560E+00	2.965E-01	5.738E-03	2.948E-01	3.062E-01	2.970E-01	2.961E-01	2.974E-01	2.956E-01
1.570E+00	2.947E-01	5.611E-03	2.932E-01	3.043E-01	2.952E-01	2.943E-01	2.956E-01	2.938E-01
1.580E+00	2.929E-01	5.482E-03	2.916E-01	3.024E-01	2.934E-01	2.924E-01	2.938E-01	2.920E-01
1.590E+00	2.911E-01	5.351E-03	2.900E-01	3.005E-01	2.916E-01	2.906E-01	2.920E-01	2.903E-01
1.600E+00	2.893E-01	5.218E-03	2.884E-01	2.987E-01	2.898E-01	2.888E-01	2.902E-01	2.885E-01
1.610E+00	2.876E-01	5.082E-03	2.868E-01	2.968E-01	2.881E-01	2.870E-01	2.884E-01	2.867E-01
1.620E+00	2.858E-01	4.945E-03	2.853E-01	2.949E-01	2.863E-01	2.852E-01	2.867E-01	2.849E-01
1.630E+00	2.840E-01	4.806E-03	2.837E-01	2.931E-01	2.845E-01	2.835E-01	2.849E-01	2.831E-01
1.640E+00	2.822E-01	4.665E-03	2.821E-01	2.912E-01	2.828E-01	2.817E-01	2.831E-01	2.813E-01
1.650E+00	2.805E-01	4.522E-03	2.805E-01	2.893E-01	2.810E-01	2.799E-01	2.813E-01	2.796E-01
1.660E+00	2.787E-01	4.378E-03	2.790E-01	2.875E-01	2.793E-01	2.781E-01	2.796E-01	2.778E-01
1.670E+00	2.769E-01	4.232E-03	2.774E-01	2.856E-01	2.775E-01	2.763E-01	2.778E-01	2.761E-01
1.680E+00	2.752E-01	4.085E-03	2.759E-01	2.838E-01	2.758E-01	2.746E-01	2.761E-01	2.743E-01
1.690E+00	2.734E-01	3.937E-03	2.743E-01	2.819E-01	2.740E-01	2.728E-01	2.743E-01	2.725E-01
1.700E+00	2.717E-01	3.788E-03	2.728E-01	2.801E-01	2.723E-01	2.711E-01	2.726E-01	2.708E-01
1.710E+00	2.699E-01	3.637E-03	2.713E-01	2.782E-01	2.706E-01	2.693E-01	2.708E-01	2.691E-01
1.720E+00	2.682E-01	3.486E-03	2.697E-01	2.764E-01	2.688E-01	2.676E-01	2.691E-01	2.673E-01
1.730E+00	2.665E-01	3.334E-03	2.682E-01	2.745E-01	2.671E-01	2.658E-01	2.674E-01	2.656E-01
1.740E+00	2.647E-01	3.182E-03	2.667E-01	2.727E-01	2.654E-01	2.641E-01	2.656E-01	2.639E-01
1.750E+00	2.630E-01	3.030E-03	2.652E-01	2.708E-01	2.637E-01	2.624E-01	2.639E-01	2.621E-01
1.760E+00	2.613E-01	2.877E-03	2.637E-01	2.690E-01	2.620E-01	2.606E-01	2.622E-01	2.604E-01
1.770E+00	2.596E-01	2.726E-03	2.622E-01	2.672E-01	2.603E-01	2.589E-01	2.605E-01	2.587E-01
1.780E+00	2.579E-01	2.575E-03	2.607E-01	2.653E-01	2.586E-01	2.572E-01	2.588E-01	2.570E-01
1.790E+00	2.562E-01	2.425E-03	2.592E-01	2.635E-01	2.569E-01	2.555E-01	2.571E-01	2.553E-01
1.800E+00	2.545E-01	2.277E-03	2.577E-01	2.617E-01	2.552E-01	2.538E-01	2.554E-01	2.536E-01
1.810E+00	2.528E-01	2.132E-03	2.563E-01	2.599E-01	2.535E-01	2.521E-01	2.537E-01	2.519E-01
1.820E+00	2.511E-01	1.990E-03	2.548E-01	2.580E-01	2.519E-01	2.504E-01	2.520E-01	2.503E-01
1.830E+00	2.495E-01	1.853E-03	2.533E-01	2.562E-01	2.502E-01	2.487E-01	2.503E-01	2.486E-01
1.840E+00	2.478E-01	1.722E-03	2.519E-01	2.544E-01	2.485E-01	2.470E-01	2.487E-01	2.469E-01
1.850E+00	2.461E-01	1.600E-03	2.504E-01	2.526E-01	2.469E-01	2.453E-01	2.470E-01	2.452E-01
1.860E+00	2.445E-01	1.488E-03	2.490E-01	2.508E-01	2.452E-01	2.437E-01	2.453E-01	2.436E-01
1.870E+00	2.428E-01	1.389E-03	2.475E-01	2.490E-01	2.436E-01	2.420E-01	2.437E-01	2.419E-01
1.880E+00	2.411E-01	1.308E-03	2.461E-01	2.472E-01	2.419E-01	2.403E-01	2.420E-01	2.403E-01
1.890E+00	2.395E-01	1.247E-03	2.447E-01	2.454E-01	2.403E-01	2.387E-01	2.404E-01	2.386E-01
1.900E+00	2.379E-01	1.210E-03	2.433E-01	2.436E-01	2.387E-01	2.370E-01	2.387E-01	2.370E-01
1.910E+00	2.362E-01	1.199E-03	2.418E-01	2.419E-01	2.371E-01	2.354E-01	2.371E-01	2.354E-01
1.920E+00	2.346E-01	1.217E-03	2.404E-01	2.401E-01	2.354E-01	2.338E-01	2.355E-01	2.337E-01
1.930E+00	2.330E-01	1.261E-03	2.390E-01	2.383E-01	2.338E-01	2.321E-01	2.339E-01	2.321E-01
1.940E+00	2.314E-01	1.329E-03	2.376E-01	2.365E-01	2.322E-01	2.305E-01	2.322E-01	2.305E-01
1.950E+00	2.298E-01	1.419E-03	2.362E-01	2.348E-01	2.306E-01	2.289E-01	2.306E-01	2.289E-01
1.960E+00	2.282E-01	1.526E-03	2.348E-01	2.330E-01	2.290E-01	2.273E-01	2.290E-01	2.273E-01
1.970E+00	2.266E-01	1.647E-03	2.335E-01	2.313E-01	2.274E-01	2.257E-01	2.274E-01	2.257E-01
1.980E+00	2.250E-01	1.780E-03	2.321E-01	2.295E-01	2.259E-01	2.241E-01	2.258E-01	2.241E-01
1.990E+00	2.234E-01	1.921E-03	2.307E-01	2.278E-01	2.243E-01	2.225E-01	2.243E-01	2.225E-01
2.000E+00	2.218E-01	2.070E-03	2.294E-01	2.260E-01	2.227E-01	2.209E-01	2.227E-01	2.210E-01
2.010E+00	2.202E-01	2.225E-03	2.280E-01	2.243E-01	2.212E-01	2.193E-01	2.211E-01	2.194E-01
2.020E+00	2.187E-01	2.385E-03	2.266E-01	2.226E-01	2.196E-01	2.178E-01	2.195E-01	2.178E-01
2.030E+00	2.171E-01	2.548E-03	2.253E-01	2.209E-01	2.180E-01	2.162E-01	2.180E-01	2.163E-01
2.040E+00	2.156E-01	2.715E-03	2.240E-01	2.192E-01	2.165E-01	2.146E-01	2.164E-01	2.147E-01
2.050E+00	2.140E-01	2.884E-03	2.226E-01	2.174E-01	2.150E-01	2.131E-01	2.149E-01	2.132E-01
2.060E+00	2.125E-01	3.055E-03	2.213E-01	2.157E-01	2.134E-01	2.115E-01	2.133E-01	2.116E-01
2.070E+00	2.110E-01	3.229E-03	2.200E-01	2.140E-01	2.119E-01	2.100E-01	2.118E-01	2.101E-01
2.080E+00	2.094E-01	3.403E-03	2.187E-01	2.124E-01	2.104E-01	2.085E-01	2.103E-01	2.086E-01
2.090E+00	2.079E-01	3.579E-03	2.174E-01	2.107E-01	2.089E-01	2.069E-01	2.088E-01	2.071E-01
2.100E+00	2.064E-01	3.756E-03	2.160E-01	2.090E-01	2.074E-01	2.054E-01	2.072E-01	2.056E-01
2.110E+00	2.049E-01	3.934E-03	2.147E-01	2.073E-01	2.059E-01	2.039E-01	2.057E-01	2.040E-01
2.120E+00	2.034E-01	4.112E-03	2.135E-01	2.056E-01	2.044E-01	2.024E-01	2.042E-01	2.026E-01
2.130E+00	2.019E-01	4.291E-03	2.122E-01	2.040E-01	2.029E-01	2.009E-01	2.027E-01	2.011E-01
2.140E+00	2.004E-01	4.470E-03	2.109E-01	2.023E-01	2.014E-01	1.994E-01	2.013E-01	1.996E-01
2.150E+00	1.989E-01	4.649E-03	2.096E-01	2.007E-01	1.999E-01	1.979E-01	1.998E-01	1.981E-01
2.160E+00	1.975E-01	4.829E-03	2.083E-01	1.990E-01	1.985E-01	1.965E-01	1.983E-01	1.966E-01
2.170E+00	1.960E-01	5.009E-03	2.071E-01	1.974E-01	1.970E-01	1.950E-01	1.968E-01	1.952E-01
2.180E+00	1.945E-01	5.188E-03	2.058E-01	1.958E-01	1.956E-01	1.935E-01	1.954E-01	1.937E-01
2.190E+00	1.931E-01	5.368E-03	2.046E-01	1.942E-01	1.941E-01	1.921E-01	1.939E-01	1.923E-01
2.200E+00	1.916E-01	5.547E-03	2.033E-01	1.925E-01	1.927E-01	1.906E-01	1.925E-01	1.908E-01
2.210E+00	1.902E-01	5.727E-03	2.021E-01	1.909E-01	1.912E-01	1.892E-01	1.910E-01	1.894E-01
2.220E+00	1.888E-01	5.906E-03	2.008E-01	1.893E-01	1.898E-01	1.877E-01	1.896E-01	1.879E-01
2.230E+00	1.873E-01	6.084E-03	1.996E-01	1.877E-01	1.884E-01	1.863E-01	1.882E-01	1.865E-01
2.240E+00	1.859E-01	6.263E-03	1.984E-01	1.861E-01	1.870E-01	1.849E-01	1.867E-01	1.851E-01
2.250E+00	1.845E-01	6.440E-03	1.972E-01	1.846E-01	1.856E-01	1.835E-01	1.853E-01	1.837E-01
2.260E+00	1.831E-01	6.618E-03	1.960E-01	1.830E-01	1.842E-01	1.820E-01	1.839E-01	1.823E-01
2.270E+00	1.817E-01	6.795E-03	1.948E-01	1.814E-01	1.828E-01	1.806E-01	1.825E-01	1.809E-01
2.280E+00	1.803E-01	6.971E-03	1.936E-01	1.799E-01	1.814E-01	1.792E-01	1.811E-01	1.795E-01
2.290E+00	1.789E-01	7.147E-03	1.924E-01	1.783E-01	1.800E-01	1.779E-01	1.797E-01	1.781E-01
2.300E+00	1.776E-01	7.322E-03	1.912E-01	1.768E-01	1.786E-01	1.765E-01	1.784E-01	1.767E-01
2.310E+00	1.762E-01	7.496E-03	1.900E-01	1.752E-01	1.773E-01	1.751E-01	1.770E-01	1.754E-01
2.320E+00	1.748E-01	7.670E-03	1.888E-01	1.737E-01	1.759E-01	1.737E-01	1.756E-01	1.740E-01
2.330E+00	1.735E-01	7.843E-03	1.876E-01	1.722E-01	1.745E-01	1.724E-01	1.743E-01	1.727E-01
2.340E+00	1.721E-01	8.015E-03	1.865E-01	1.707E-01	1.732E-01	1.710E-01	1.729E-01	1.713E-01
2.350E+00	1.708E-01	8.186E-03	1.853E-01	1.692E-01	1.719E-01	1.697E-01	1.716E-01	1.700E-01
2.360E+00	1.694E-01	8.357E-03	1.841E-01	1.677E-01	1.705E-01	1.683E-01	1.702E-01	1.686E-01
2.370E+00	1.681E-01	8.526E-03	1.830E-01	1.662E-01	1.692E-01	1.670E-01	1.689E-01	1.673E-01
2.380E+00	1.668E-01	8.695E-03	1.819E-01	1.647E-01	1.679E-01	1.657E-01	1.676E-01	1.660E-01
2.390E+00	1.655E-01	8.863E-03	1.807E-01	1.632E-01	1.666E-01	1.644E-01	1.663E-01	1.647E-01
2.400E+00	1.642E-01	9.030E-03	1.796E-01	1.617E-01	1.653E-01	1.631E-01	1.650E-01	1.634E-01
2.410E+00	1.629E-01	9.195E-03	1.785E-01	1.603E-01	1.640E-01	1.617E-01	1.636E-01	1.621E-01
2.420E+00	1.616E-01	9.360E-03	1.773E-01	1.588E-01	1.627E-01	1.605E-01	1.624E-01	1.608E-01
2.430E+00	1.603E-01	9.524E-03	1.762E-01	1.574E-01	1.614E-01	1.592E-01	1.611E-01	1.595E-01
2.440E+00	1.590E-01	9.686E-03	1.751E-01	1.559E-01	1.601E-01	1.579E-01	1.598E-01	1.582E-01
2.450E+00	1.577E-01	9.848E-03	1.740E-01	1.545E-01	1.589E-01	1.566E-01	1.585E-01	1.569E-01
2.460E+00	1.565E-01	1.001E-02	1.729E-01	1.531E-01	1.576E-01	1.553E-01	1.572E-01	1.557E-01
2.470E+00	1.552E-01	1.017E-02	1.718E-01	1.517E-01	1.563E-01	1.541E-01	1.560E-01	1.544E-01
2.480E+00	1.539E-01	1.033E-02	1.707E-01	1.503E-01	1.551E-01	1.528E-01	1.547E-01	1.532E-01
2.490E+00	1.527E-01	1.048E-02	1.696E-01	1.489E-01	1.538E-01	1.516E-01	1.535E-01	1.519E-01
2.500E+00	1.515E-01	1.064E-02	1.686E-01	1.475E-01	1.526E-01	1.503E-01	1.522E-01	1.507E-01
2.510E+00	1.502E-01	1.079E-02	1.675E-01	1.461E-01	1.514E-01	1.491E-01	1.510E-01	1.495E-01
2.520E+00	1.490E-01	1.095E-02	1.664E-01	1.447E-01	1.502E-01	1.479E-01	1.498E-01	1.483E-01
2.530E+00	1.478E-01	1.110E-02	1.654E-01	1.433E-01	1.489E-01	1.467E-01	1.486E-01	1.470E-01
2.540E+00	1.466E-01	1.125E-02	1.643E-01	1.420E-01	1.477E-01	1.454E-01	1.473E-01	1.458E-01
2.550E+00	1.454E-01	1.140E-02	1.633E-01	1.406E-01	1.465E-01	1.442E-01	1.461E-01	1.446E-01
2.560E+00	1.442E-01	1.155E-02	1.622E-01	1.393E-01	1.453E-01	1.430E-01	1.449E-01	1.434E-01
2.570E+00	1.430E-01	1.169E-02	1.612E-01	1.379E-01	1.441E-01	1.419E-01	1.437E-01	1.423E-01
2.580E+00	1.418E-01	1.184E-02	1.601E-01	1.366E-01	1.430E-01	1.407E-01	1.426E-01	1.411E-01
2.590E+00	1.406E-01	1.198E-02	1.591E-01	1.353E-01	1.418E-01	1.395E-01	1.414E-01	1.399E-01
2.600E+00	1.395E-01	1.213E-02	1.581E-01	1.340E-01	1.406E-01	1.383E-01	1.402E-01	1.387E-01
2.610E+00	1.383E-01	1.227E-02	1.571E-01	1.327E-01	1.395E-01	1.372E-01	1.391E-01	1.376E-01
2.620E+00	1.372E-01	1.241E-02	1.561E-01	1.314E-01	1.383E-01	1.360E-01	1.379E-01	1.364E-01
2.630E+00	1.360E-01	1.255E-02	1.550E-01	1.301E-01	1.372E-01	1.349E-01	1.367E-01	1.353E-01
2.640E+00	1.349E-01	1.268E-02	1.540E-01	1.288E-01	1.360E-01	1.337E-01	1.356E-01	1.341E-01
2.650E+00	1.337E-01	1.282E-02	1.530E-01	1.276E-01	1.349E-01	1.326E-01	1.345E-01	1.330E-01
2.660E+00	1.326E-01	1.295E-02	1.521E-01	1.263E-01	1.338E-01	1.315E-01	1.333E-01	1.319E-01
2.670E+00	1.315E-01	1.309E-02	1.511E-01	1.250E-01	1.326E-01	1.303E-01	1.322E-01	1.308E-01
2.680E+00	1.304E-01	1.322E-02	1.501E-01	1.238E-01	1.315E-01	1.292E-01	1.311E-01	1.297E-01
2.690E+00	1.293E-01	1.335E-02	1.491E-01	1.226E-01	1.304E-01	1.281E-01	1.300E-01	1.286E-01
2.700E+00	1.282E-01	1.347E-02	1.481E-01	1.213E-01	1.293E-01	1.270E-01	1.289E-01	1.275E-01
2.710E+00	1.271E-01	1.360E-02	1.472E-01	1.201E-01	1.282E-01	1.259E-01	1.278E-01	1.264E-01
2.720E+00	1.260E-01	1.373E-02	1.462E-01	1.189E-01	1.272E-01	1.248E-01	1.267E-01	1.253E-01
2.730E+00	1.249E-01	1.385E-02	1.453E-01	1.177E-01	1.261E-01	1.238E-01	1.256E-01	1.242E-01
2.740E+00	1.238E-01	1.397E-02	1.443E-01	1.165E-01	1.250E-01	1.227E-01	1.246E-01	1.231E-01
2.750E+00	1.228E-01	1.409E-02	1.434E-01	1.153E-01	1.239E-01	1.216E-01	1.235E-01	1.221E-01
2.760E+00	1.217E-01	1.421E-02	1.424E-01	1.141E-01	1.229E-01	1.206E-01	1.224E-01	1.210E-01
2.770E+00	1.207E-01	1.433E-02	1.415E-01	1.130E-01	1.218E-01	1.195E-01	1.214E-01	1.200E-01
2.780E+00	1.196E-01	1.445E-02	1.406E-01	1.118E-01	1.208E-01	1.185E-01	1.203E-01	1.189E-01
2.790E+00	1.186E-01	1.456E-02	1.396E-01	1.106E-01	1.197E-01	1.174E-01	1.193E-01	1.179E-01
2.800E+00	1.176E-01	1.467E-02	1.387E-01	1.095E-01	1.187E-01	1.164E-01	1.183E-01	1.169E-01
2.810E+00	1.165E-01	1.478E-02	1.378E-01	1.083E-01	1.177E-01	1.154E-01	1.172E-01	1.159E-01
2.820E+00	1.155E-01	1.489E-02	1.369E-01	1.072E-01	1.167E-01	1.144E-01	1.162E-01	1.148E-01
2.830E+00	1.145E-01	1.500E-02	1.360E-01	1.061E-01	1.157E-01	1.134E-01	1.152E-01	1.138E-01
2.840E+00	1.135E-01	1.511E-02	1.351E-01	1.050E-01	1.147E-01	1.124E-01	1.142E-01	1.128E-01
2.850E+00	1.125E-01	1.521E-02	1.342E-01	1.039E-01	1.137E-01	1.114E-01	1.132E-01	1.118E-01
2.860E+00	1.115E-01	1.532E-02	1.333E-01	1.028E-01	1.127E-01	1.104E-01	1.122E-01	1.108E-01
2.870E+00	1.105E-01	1.542E-02	1.324E-01	1.017E-01	1.117E-01	1.094E-01	1.112E-01	1.099E-01
2.880E+00	1.096E-01	1.552E-02	1.315E-01	1.006E-01	1.107E-01	1.084E-01	1.102E-01	1.089E-01
2.890E+00	1.086E-01	1.562E-02	1.306E-01	9.953E-02	1.097E-01	1.074E-01	1.092E-01	1.079E-01
2.900E+00	1.076E-01	1.571E-02	1.298E-01	9.846E-02	1.088E-01	1.065E-01	1.083E-01	1.070E-01
2.910E+00	1.067E-01	1.581E-02	1.289E-01	9.741E-02	1.078E-01	1.055E-01	1.073E-01	1.060E-01
2.920E+00	1.057E-01	1.590E-02	1.281E-01	9.636E-02	1.068E-01	1.046E-01	1.064E-01	1.051E-01
2.930E+00	1.048E-01	1.599E-02	1.272E-01	9.531E-02	1.059E-01	1.036E-01	1.054E-01	1.041E-01
2.940E+00	1.038E-01	1.608E-02	1.263E-01	9.428E-02	1.050E-01	1.027E-01	1.045E-01	1.032E-01
2.950E+00	1.029E-01	1.617E-02	1.255E-01	9.326E-02	1.040E-01	1.018E-01	1.035E-01	1.022E-01
2.960E+00	1.020E-01	1.626E-02	1.247E-01	9.224E-02	1.031E-01	1.008E-01	1.026E-01	1.013E-01
2.970E+00	1.010E-01	1.635E-02	1.238E-01	9.123E-02	1.022E-01	9.992E-02	1.017E-01	1.004E-01
2.980E+00	1.001E-01	1.643E-02	1.230E-01	9.023E-02	1.013E-01	9.901E-02	1.008E-01	9.950E-02
2.990E+00	9.923E-02	1.651E-02	1.222E-01	8.924E-02	1.004E-01	9.810E-02	9.986E-02	9.859E-02
3.000E+00	9.832E-02	1.659E-02	1.213E-01	8.825E-02	9.945E-02	9.721E-02	9.896E-02	9.770E-02
