1.000E-02	1.227E+00	2.426E-03	1.229E+00	1.224E+00	1.227E+00	1.226E+00	1.227E+00	1.227E+00
2.000E-02	1.227E+00	2.417E-03	1.229E+00	1.224E+00	1.227E+00	1.226E+00	1.227E+00	1.227E+00
3.000E-02	1.227E+00	2.404E-03	1.229E+00	1.224E+00	1.227E+00	1.226E+00	1.227E+00	1.227E+00
4.000E-02	1.226E+00	2.389E-03	1.229E+00	1.224E+00	1.227E+00	1.226E+00	1.226E+00	1.226E+00
5.000E-02	1.226E+00	2.371E-03	1.228E+00	1.224E+00	1.226E+00	1.226E+00	1.226E+00	1.226E+00
6.000E-02	1.226E+00	2.352E-03	1.228E+00	1.223E+00	1.226E+00	1.225E+00	1.226E+00	1.226E+00
7.000E-02	1.225E+00	2.331E-03	1.227E+00	1.223E+00	1.226E+00	1.225E+00	1.225E+00	1.225E+00
8.000E-02	1.225E+00	2.308E-03	1.227E+00	1.222E+00	1.225E+00	1.224E+00	1.225E+00	1.225E+00
9.000E-02	1.224E+00	2.284E-03	1.227E+00	1.222E+00	1.225E+00	1.224E+00	1.224E+00	1.224E+00
1.000E-01	1.224E+00	2.259E-03	1.226E+00	1.221E+00	1.224E+00	1.223E+00	1.224E+00	1.224E+00
1.100E-01	1.223E+00	2.233E-03	1.225E+00	1.221E+00	1.224E+00	1.223E+00	1.223E+00	1.223E+00
1.200E-01	1.223E+00	2.206E-03	1.225E+00	1.220E+00	1.223E+00	1.222E+00	1.222E+00	1.223E+00
1.300E-01	1.222E+00	2.178E-03	1.224E+00	1.220E+00	1.222E+00	1.221E+00	1.222E+00	1.222E+00
1.400E-01	1.221E+00	2.149E-03	1.223E+00	1.219E+00	1.222E+00	1.221E+00	1.221E+00	1.221E+00
1.500E-01	1.220E+00	2.119E-03	1.222E+00	1.218E+00	1.221E+00	1.220E+00	1.220E+00	1.220E+00
1.600E-01	1.220E+00	2.088E-03	1.222E+00	1.218E+00	1.220E+00	1.219E+00	1.220E+00	1.220E+00
1.700E-01	1.219E+00	2.057E-03	1.221E+00	1.217E+00	1.219E+00	1.218E+00	1.219E+00	1.219E+00
1.800E-01	1.218E+00	2.025E-03	1.220E+00	1.216E+00	1.218E+00	1.217E+00	1.218E+00	1.218E+00
1.900E-01	1.217E+00	1.993E-03	1.219E+00	1.215E+00	1.217E+00	1.217E+00	1.217E+00	1.217E+00
2.000E-01	1.216E+00	1.960E-03	1.218E+00	1.214E+00	1.216E+00	1.216E+00	1.216E+00	1.216E+00
2.100E-01	1.215E+00	1.927E-03	1.217E+00	1.213E+00	1.215E+00	1.215E+00	1.215E+00	1.215E+00
2.200E-01	1.214E+00	1.893E-03	1.216E+00	1.212E+00	1.214E+00	1.214E+00	1.214E+00	1.214E+00
2.300E-01	1.213E+00	1.858E-03	1.215E+00	1.211E+00	1.213E+00	1.212E+00	1.213E+00	1.213E+00
2.400E-01	1.212E+00	1.824E-03	1.214E+00	1.210E+00	1.212E+00	1.211E+00	1.212E+00	1.212E+00
2.500E-01	1.211E+00	1.789E-03	1.212E+00	1.209E+00	1.211E+00	1.210E+00	1.211E+00	1.211E+00
2.600E-01	1.210E+00	1.754E-03	1.211E+00	1.208E+00	1.210E+00	1.209E+00	1.210E+00	1.210E+00
2.700E-01	1.208E+00	1.718E-03	1.210E+00	1.207E+00	1.209E+00	1.208E+00	1.208E+00	1.208E+00
2.800E-01	1.207E+00	1.682E-03	1.209E+00	1.205E+00	1.207E+00	1.207E+00	1.207E+00	1.207E+00
2.900E-01	1.206E+00	1.646E-03	1.207E+00	1.204E+00	1.206E+00	1.205E+00	1.206E+00	1.206E+00
3.000E-01	1.204E+00	1.610E-03	1.206E+00	1.203E+00	1.205E+00	1.204E+00	1.204E+00	1.204E+00
3.100E-01	1.203E+00	1.574E-03	1.205E+00	1.202E+00	1.204E+00	1.203E+00	1.203E+00	1.203E+00
3.200E-01	1.202E+00	1.537E-03	1.203E+00	1.200E+00	1.202E+00	1.201E+00	1.202E+00	1.202E+00
3.300E-01	1.200E+00	1.500E-03	1.202E+00	1.199E+00	1.201E+00	1.200E+00	1.200E+00	1.200E+00
3.400E-01	1.199E+00	1.464E-03	1.200E+00	1.197E+00	1.199E+00	1.199E+00	1.199E+00	1.199E+00
3.500E-01	1.197E+00	1.427E-03	1.199E+00	1.196E+00	1.198E+00	1.197E+00	1.197E+00	1.197E+00
3.600E-01	1.196E+00	1.390E-03	1.197E+00	1.195E+00	1.196E+00	1.196E+00	1.196E+00	1.196E+00
3.700E-01	1.194E+00	1.354E-03	1.196E+00	1.193E+00	1.195E+00	1.194E+00	1.194E+00	1.194E+00
3.800E-01	1.193E+00	1.317E-03	1.194E+00	1.192E+00	1.193E+00	1.192E+00	1.193E+00	1.193E+00
3.900E-01	1.191E+00	1.280E-03	1.192E+00	1.190E+00	1.192E+00	1.191E+00	1.191E+00	1.191E+00
4.000E-01	1.190E+00	1.243E-03	1.191E+00	1.188E+00	1.190E+00	1.189E+00	1.190E+00	1.190E+00
4.100E-01	1.188E+00	1.207E-03	1.189E+00	1.187E+00	1.188E+00	1.188E+00	1.188E+00	1.188E+00
4.200E-01	1.186E+00	1.171E-03	1.187E+00	1.185E+00	1.187E+00	1.186E+00	1.186E+00	1.186E+00
4.300E-01	1.185E+00	1.134E-03	1.186E+00	1.183E+00	1.185E+00	1.184E+00	1.185E+00	1.185E+00
4.400E-01	1.183E+00	1.098E-03	1.184E+00	1.182E+00	1.183E+00	1.182E+00	1.183E+00	1.183E+00
4.500E-01	1.181E+00	1.062E-03	1.182E+00	1.180E+00	1.181E+00	1.181E+00	1.181E+00	1.181E+00
4.600E-01	1.179E+00	1.026E-03	1.180E+00	1.178E+00	1.180E+00	1.179E+00	1.179E+00	1.179E+00
4.700E-01	1.177E+00	9.908E-04	1.178E+00	1.176E+00	1.178E+00	1.177E+00	1.177E+00	1.177E+00
4.800E-01	1.176E+00	9.556E-04	1.176E+00	1.175E+00	1.176E+00	1.175E+00	1.176E+00	1.176E+00
4.900E-01	1.174E+00	9.206E-04	1.174E+00	1.173E+00	1.174E+00	1.173E+00	1.174E+00	1.174E+00
5.000E-01	1.172E+00	8.860E-04	1.173E+00	1.171E+00	1.172E+00	1.171E+00	1.172E+00	1.172E+00
5.100E-01	1.170E+00	8.517E-04	1.171E+00	1.169E+00	1.170E+00	1.169E+00	1.170E+00	1.170E+00
5.200E-01	1.168E+00	8.179E-04	1.169E+00	1.167E+00	1.168E+00	1.167E+00	1.168E+00	1.168E+00
5.300E-01	1.166E+00	7.844E-04	1.167E+00	1.165E+00	1.166E+00	1.165E+00	1.166E+00	1.166E+00
5.400E-01	1.164E+00	7.515E-04	1.164E+00	1.163E+00	1.164E+00	1.163E+00	1.164E+00	1.164E+00
5.500E-01	1.162E+00	7.191E-04	1.162E+00	1.161E+00	1.162E+00	1.161E+00	1.162E+00	1.162E+00
5.600E-01	1.160E+00	6.872E-04	1.160E+00	1.159E+00	1.160E+00	1.159E+00	1.160E+00	1.160E+00
5.700E-01	1.158E+00	6.560E-04	1.158E+00	1.157E+00	1.158E+00	1.157E+00	1.158E+00	1.158E+00
5.800E-01	1.155E+00	6.255E-04	1.156E+00	1.155E+00	1.156E+00	1.155E+00	1.155E+00	1.155E+00
5.900E-01	1.153E+00	5.958E-04	1.154E+00	1.153E+00	1.154E+00	1.153E+00	1.153E+00	1.153E+00
6.000E-01	1.151E+00	5.670E-04	1.152E+00	1.151E+00	1.152E+00	1.151E+00	1.151E+00	1.151E+00
6.100E-01	1.149E+00	5.391E-04	1.149E+00	1.149E+00	1.149E+00	1.149E+00	1.149E+00	1.149E+00
6.200E-01	1.147E+00	5.124E-04	1.147E+00	1.146E+00	1.147E+00	1.146E+00	1.147E+00	1.147E+00
6.300E-01	1.144E+00	4.868E-04	1.145E+00	1.144E+00	1.145E+00	1.144E+00	1.144E+00	1.144E+00
6.400E-01	1.142E+00	4.627E-04	1.142E+00	1.142E+00	1.143E+00	1.142E+00	1.142E+00	1.142E+00
6.500E-01	1.140E+00	4.400E-04	1.140E+00	1.140E+00	1.140E+00	1.140E+00	1.140E+00	1.140E+00
6.600E-01	1.138E+00	4.191E-04	1.138E+00	1.137E+00	1.138E+00	1.137E+00	1.138E+00	1.138E+00
6.700E-01	1.135E+00	4.001E-04	1.135E+00	1.135E+00	1.136E+00	1.135E+00	1.135E+00	1.135E+00
6.800E-01	1.133E+00	3.833E-04	1.133E+00	1.133E+00	1.133E+00	1.133E+00	1.133E+00	1.133E+00
6.900E-01	1.130E+00	3.688E-04	1.131E+00	1.130E+00	1.131E+00	1.130E+00	1.130E+00	1.130E+00
7.000E-01	1.128E+00	3.569E-04	1.128E+00	1.128E+00	1.128E+00	1.128E+00	1.128E+00	1.128E+00
7.100E-01	1.126E+00	3.477E-04	1.126E+00	1.126E+00	1.126E+00	1.125E+00	1.126E+00	1.126E+00
7.200E-01	1.123E+00	3.413E-04	1.123E+00	1.123E+00	1.124E+00	1.123E+00	1.123E+00	1.123E+00
7.300E-01	1.121E+00	3.379E-04	1.121E+00	1.121E+00	1.121E+00	1.120E+00	1.121E+00	1.121E+00
7.400E-01	1.118E+00	3.374E-04	1.118E+00	1.118E+00	1.119E+00	1.118E+00	1.118E+00	1.118E+00
7.500E-01	1.116E+00	3.398E-04	1.116E+00	1.116E+00	1.116E+00	1.115E+00	1.116E+00	1.116E+00
7.600E-01	1.113E+00	3.448E-04	1.113E+00	1.113E+00	1.113E+00	1.113E+00	1.113E+00	1.113E+00
7.700E-01	1.111E+00	3.523E-04	1.110E+00	1.111E+00	1.111E+00	1.110E+00	1.111E+00	1.111E+00
7.800E-01	1.108E+00	3.621E-04	1.108E+00	1.108E+00	1.108E+00	1.108E+00	1.108E+00	1.108E+00
7.900E-01	1.105E+00	3.738E-04	1.105E+00	1.106E+00	1.106E+00	1.105E+00	1.105E+00	1.105E+00
8.000E-01	1.103E+00	3.873E-04	1.103E+00	1.103E+00	1.103E+00	1.102E+00	1.103E+00	1.103E+00
8.100E-01	1.100E+00	4.022E-04	1.100E+00	1.100E+00	1.100E+00	1.100E+00	1.100E+00	1.100E+00
8.200E-01	1.097E+00	4.183E-04	1.097E+00	1.098E+00	1.098E+00	1.097E+00	1.097E+00	1.097E+00
8.300E-01	1.095E+00	4.354E-04	1.094E+00	1.095E+00	1.095E+00	1.094E+00	1.095E+00	1.095E+00
8.400E-01	1.092E+00	4.533E-04	1.092E+00	1.092E+00	1.092E+00	1.092E+00	1.092E+00	1.092E+00
8.500E-01	1.089E+00	4.719E-04	1.089E+00	1.090E+00	1.090E+00	1.089E+00	1.089E+00	1.089E+00
8.600E-01	1.087E+00	4.910E-04	1.086E+00	1.087E+00	1.087E+00	1.086E+00	1.087E+00	1.087E+00
8.700E-01	1.084E+00	5.105E-04	1.083E+00	1.084E+00	1.084E+00	1.084E+00	1.084E+00	1.084E+00
8.800E-01	1.081E+00	5.303E-04	1.081E+00	1.082E+00	1.081E+00	1.081E+00	1.081E+00	1.081E+00
8.900E-01	1.078E+00	5.503E-04	1.078E+00	1.079E+00	1.079E+00	1.078E+00	1.078E+00	1.078E+00
9.000E-01	1.076E+00	5.704E-04	1.075E+00	1.076E+00	1.076E+00	1.075E+00	1.076E+00	1.076E+00
9.100E-01	1.073E+00	5.905E-04	1.072E+00	1.073E+00	1.073E+00	1.072E+00	1.073E+00	1.073E+00
9.200E-01	1.070E+00	6.106E-04	1.069E+00	1.070E+00	1.070E+00	1.070E+00	1.070E+00	1.070E+00
9.300E-01	1.067E+00	6.307E-04	1.066E+00	1.068E+00	1.067E+00	1.067E+00	1.067E+00	1.067E+00
9.400E-01	1.064E+00	6.507E-04	1.064E+00	1.065E+00	1.064E+00	1.064E+00	1.064E+00	1.064E+00
9.500E-01	1.061E+00	6.705E-04	1.061E+00	1.062E+00	1.062E+00	1.061E+00	1.061E+00	1.061E+00
9.600E-01	1.058E+00	6.902E-04	1.058E+00	1.059E+00	1.059E+00	1.058E+00	1.058E+00	1.058E+00
9.700E-01	1.055E+00	7.096E-04	1.055E+00	1.056E+00	1.056E+00	1.055E+00	1.055E+00	1.055E+00
9.800E-01	1.052E+00	7.289E-04	1.052E+00	1.053E+00	1.053E+00	1.052E+00	1.052E+00	1.052E+00
9.900E-01	1.049E+00	7.479E-04	1.049E+00	1.050E+00	1.050E+00	1.049E+00	1.049E+00	1.050E+00
1.000E+00	1.047E+00	7.666E-04	1.046E+00	1.047E+00	1.047E+00	1.046E+00	1.047E+00	1.047E+00
1.010E+00	1.044E+00	7.851E-04	1.043E+00	1.044E+00	1.044E+00	1.043E+00	1.044E+00	1.044E+00
1.020E+00	1.041E+00	8.032E-04	1.040E+00	1.041E+00	1.041E+00	1.040E+00	1.041E+00	1.041E+00
1.030E+00	1.038E+00	8.211E-04	1.037E+00	1.038E+00	1.038E+00	1.037E+00	1.038E+00	1.038E+00
1.040E+00	1.034E+00	8.386E-04	1.034E+00	1.035E+00	1.035E+00	1.034E+00	1.034E+00	1.035E+00
1.050E+00	1.031E+00	8.558E-04	1.031E+00	1.032E+00	1.032E+00	1.031E+00	1.031E+00	1.031E+00
1.060E+00	1.028E+00	8.726E-04	1.028E+00	1.029E+00	1.029E+00	1.028E+00	1.028E+00	1.028E+00
1.070E+00	1.025E+00	8.891E-04	1.024E+00	1.026E+00	1.026E+00	1.025E+00	1.025E+00	1.025E+00
1.080E+00	1.022E+00	9.053E-04	1.021E+00	1.023E+00	1.022E+00	1.022E+00	1.022E+00	1.022E+00
1.090E+00	1.019E+00	9.210E-04	1.018E+00	1.020E+00	1.019E+00	1.019E+00	1.019E+00	1.019E+00
1.100E+00	1.016E+00	9.364E-04	1.015E+00	1.017E+00	1.016E+00	1.016E+00	1.016E+00	1.016E+00
1.110E+00	1.013E+00	9.515E-04	1.012E+00	1.014E+00	1.013E+00	1.013E+00	1.013E+00	1.013E+00
1.120E+00	1.010E+00	9.661E-04	1.009E+00	1.011E+00	1.010E+00	1.010E+00	1.010E+00	1.010E+00
1.130E+00	1.007E+00	9.804E-04	1.006E+00	1.008E+00	1.007E+00	1.006E+00	1.007E+00	1.007E+00
1.140E+00	1.003E+00	9.942E-04	1.002E+00	1.004E+00	1.004E+00	1.003E+00	1.003E+00	1.003E+00
1.150E+00	1.000E+00	1.008E-03	9.993E-01	1.001E+00	1.001E+00	1.000E+00	1.000E+00	1.000E+00
1.160E+00	9.971E-01	1.021E-03	9.961E-01	9.981E-01	9.973E-01	9.969E-01	9.971E-01	9.971E-01
1.170E+00	9.939E-01	1.033E-03	9.929E-01	9.949E-01	9.941E-01	9.937E-01	9.939E-01	9.939E-01
1.180E+00	9.907E-01	1.046E-03	9.897E-01	9.917E-01	9.909E-01	9.905E-01	9.907E-01	9.907E-01
1.190E+00	9.875E-01	1.058E-03	9.864E-01	9.885E-01	9.877E-01	9.872E-01	9.874E-01	9.875E-01
1.200E+00	9.842E-01	1.069E-03	9.832E-01	9.853E-01	9.845E-01	9.840E-01	9.842E-01	9.843E-01
1.210E+00	9.810E-01	1.080E-03	9.799E-01	9.821E-01	9.812E-01	9.808E-01	9.810E-01	9.810E-01
1.220E+00	9.777E-01	1.091E-03	9.767E-01	9.788E-01	9.780E-01	9.775E-01	9.777E-01	9.778E-01
1.230E+00	9.745E-01	1.101E-03	9.734E-01	9.756E-01	9.747E-01	9.743E-01	9.745E-01	9.745E-01
1.240E+00	9.712E-01	1.111E-03	9.701E-01	9.723E-01	9.714E-01	9.710E-01	9.712E-01	9.712E-01
1.250E+00	9.679E-01	1.120E-03	9.668E-01	9.690E-01	9.681E-01	9.677E-01	9.679E-01	9.680E-01
1.260E+00	9.646E-01	1.129E-03	9.635E-01	9.658E-01	9.648E-01	9.644E-01	9.646E-01	9.647E-01
1.270E+00	9.613E-01	1.138E-03	9.602E-01	9.625E-01	9.615E-01	9.611E-01	9.613E-01	9.614E-01
1.280E+00	9.580E-01	1.146E-03	9.569E-01	9.592E-01	9.582E-01	9.578E-01	9.580E-01	9.581E-01
1.290E+00	9.547E-01	1.154E-03	9.536E-01	9.559E-01	9.549E-01	9.545E-01	9.547E-01	9.547E-01
1.300E+00	9.514E-01	1.161E-03	9.503E-01	9.525E-01	9.516E-01	9.512E-01	9.514E-01	9.514E-01
1.310E+00	9.481E-01	1.168E-03	9.469E-01	9.492E-01	9.482E-01	9.479E-01	9.480E-01	9.481E-01
1.320E+00	9.447E-01	1.175E-03	9.436E-01	9.459E-01	9.449E-01	9.445E-01	9.447E-01	9.447E-01
1.330E+00	9.414E-01	1.181E-03	9.402E-01	9.425E-01	9.415E-01	9.412E-01	9.413E-01	9.414E-01
1.340E+00	9.380E-01	1.187E-03	9.368E-01	9.392E-01	9.382E-01	9.378E-01	9.380E-01	9.380E-01
1.350E+00	9.346E-01	1.192E-03	9.335E-01	9.358E-01	9.348E-01	9.344E-01	9.346E-01	9.347E-01
1.360E+00	9.313E-01	1.197E-03	9.301E-01	9.325E-01	9.314E-01	9.311E-01	9.312E-01	9.313E-01
1.370E+00	9.279E-01	1.202E-03	9.267E-01	9.291E-01	9.280E-01	9.277E-01	9.278E-01	9.279E-01
1.380E+00	9.245E-01	1.206E-03	9.233E-01	9.257E-01	9.247E-01	9.243E-01	9.245E-01	9.245E-01
1.390E+00	9.211E-01	1.210E-03	9.199E-01	9.223E-01	9.213E-01	9.209E-01	9.211E-01	9.211E-01
1.400E+00	9.177E-01	1.213E-03	9.165E-01	9.189E-01	9.178E-01	9.175E-01	9.177E-01	9.177E-01
1.410E+00	9.143E-01	1.216E-03	9.131E-01	9.155E-01	9.144E-01	9.141E-01	9.142E-01	9.143E-01
1.420E+00	9.109E-01	1.218E-03	9.097E-01	9.121E-01	9.110E-01	9.107E-01	9.108E-01	9.109E-01
1.430E+00	9.074E-01	1.221E-03	9.062E-01	9.087E-01	9.076E-01	9.073E-01	9.074E-01	9.075E-01
1.440E+00	9.040E-01	1.222E-03	9.028E-01	9.052E-01	9.042E-01	9.038E-01	9.040E-01	9.040E-01
1.450E+00	9.006E-01	1.224E-03	8.994E-01	9.018E-01	9.007E-01	9.004E-01	9.005E-01	9.006E-01
1.460E+00	8.971E-01	1.225E-03	8.959E-01	8.984E-01	8.973E-01	8.970E-01	8.971E-01	8.972E-01
1.470E+00	8.937E-01	1.225E-03	8.925E-01	8.949E-01	8.938E-01	8.935E-01	8.937E-01	8.937E-01
1.480E+00	8.902E-01	1.226E-03	8.890E-01	8.915E-01	8.904E-01	8.901E-01	8.902E-01	8.903E-01
1.490E+00	8.868E-01	1.225E-03	8.856E-01	8.880E-01	8.869E-01	8.866E-01	8.867E-01	8.868E-01
1.500E+00	8.833E-01	1.225E-03	8.821E-01	8.846E-01	8.835E-01	8.832E-01	8.833E-01	8.833E-01
1.510E+00	8.798E-01	1.224E-03	8.787E-01	8.811E-01	8.800E-01	8.797E-01	8.798E-01	8.799E-01
1.520E+00	8.764E-01	1.223E-03	8.752E-01	8.776E-01	8.765E-01	8.762E-01	8.763E-01	8.764E-01
1.530E+00	8.729E-01	1.221E-03	8.717E-01	8.741E-01	8.730E-01	8.728E-01	8.729E-01	8.729E-01
1.540E+00	8.694E-01	1.219E-03	8.682E-01	8.707E-01	8.696E-01	8.693E-01	8.694E-01	8.695E-01
1.550E+00	8.659E-01	1.217E-03	8.648E-01	8.672E-01	8.661E-01	8.658E-01	8.659E-01	8.660E-01
1.560E+00	8.625E-01	1.214E-03	8.613E-01	8.637E-01	8.626E-01	8.623E-01	8.624E-01	8.625E-01
1.570E+00	8.590E-01	1.211E-03	8.578E-01	8.602E-01	8.591E-01	8.588E-01	8.589E-01	8.590E-01
1.580E+00	8.555E-01	1.207E-03	8.543E-01	8.567E-01	8.556E-01	8.554E-01	8.554E-01	8.555E-01
1.590E+00	8.520E-01	1.203E-03	8.508E-01	8.532E-01	8.521E-01	8.519E-01	8.519E-01	8.520E-01
1.600E+00	8.485E-01	1.199E-03	8.473E-01	8.497E-01	8.486E-01	8.484E-01	8.484E-01	8.485E-01
1.610E+00	8.450E-01	1.195E-03	8.438E-01	8.462E-01	8.451E-01	8.449E-01	8.449E-01	8.450E-01
1.620E+00	8.415E-01	1.190E-03	8.403E-01	8.427E-01	8.416E-01	8.414E-01	8.414E-01	8.415E-01
1.630E+00	8.380E-01	1.185E-03	8.368E-01	8.392E-01	8.381E-01	8.379E-01	8.379E-01	8.380E-01
1.640E+00	8.345E-01	1.179E-03	8.333E-01	8.357E-01	8.346E-01	8.344E-01	8.344E-01	8.345E-01
1.650E+00	8.309E-01	1.173E-03	8.298E-01	8.321E-01	8.310E-01	8.308E-01	8.309E-01	8.310E-01
1.660E+00	8.274E-01	1.167E-03	8.263E-01	8.286E-01	8.275E-01	8.273E-01	8.274E-01	8.275E-01
1.670E+00	8.239E-01	1.160E-03	8.228E-01	8.251E-01	8.240E-01	8.238E-01	8.239E-01	8.239E-01
1.680E+00	8.204E-01	1.154E-03	8.193E-01	8.216E-01	8.205E-01	8.203E-01	8.204E-01	8.204E-01
1.690E+00	8.169E-01	1.146E-03	8.158E-01	8.181E-01	8.170E-01	8.168E-01	8.168E-01	8.169E-01
1.700E+00	8.134E-01	1.139E-03	8.123E-01	8.145E-01	8.134E-01	8.133E-01	8.133E-01	8.134E-01
1.710E+00	8.098E-01	1.131E-03	8.087E-01	8.110E-01	8.099E-01	8.098E-01	8.098E-01	8.099E-01
1.720E+00	8.063E-01	1.123E-03	8.052E-01	8.075E-01	8.064E-01	8.062E-01	8.063E-01	8.063E-01
1.730E+00	8.028E-01	1.115E-03	8.017E-01	8.039E-01	8.029E-01	8.027E-01	8.028E-01	8.028E-01
1.740E+00	7.993E-01	1.106E-03	7.982E-01	8.004E-01	7.993E-01	7.992E-01	7.992E-01	7.993E-01
1.750E+00	7.957E-01	1.097E-03	7.947E-01	7.969E-01	7.958E-01	7.957E-01	7.957E-01	7.958E-01
1.760E+00	7.922E-01	1.087E-03	7.912E-01	7.933E-01	7.923E-01	7.922E-01	7.922E-01	7.923E-01
1.770E+00	7.887E-01	1.078E-03	7.877E-01	7.898E-01	7.888E-01	7.886E-01	7.887E-01	7.887E-01
1.780E+00	7.852E-01	1.068E-03	7.841E-01	7.863E-01	7.852E-01	7.851E-01	7.851E-01	7.852E-01
1.790E+00	7.817E-01	1.058E-03	7.806E-01	7.827E-01	7.817E-01	7.816E-01	7.816E-01	7.817E-01
1.800E+00	7.781E-01	1.047E-03	7.771E-01	7.792E-01	7.782E-01	7.781E-01	7.781E-01	7.782E-01
1.810E+00	7.746E-01	1.036E-03	7.736E-01	7.757E-01	7.747E-01	7.745E-01	7.746E-01	7.746E-01
1.820E+00	7.711E-01	1.025E-03	7.701E-01	7.721E-01	7.711E-01	7.710E-01	7.710E-01	7.711E-01
1.830E+00	7.676E-01	1.014E-03	7.666E-01	7.686E-01	7.676E-01	7.675E-01	7.675E-01	7.676E-01
1.840E+00	7.640E-01	1.002E-03	7.631E-01	7.651E-01	7.641E-01	7.640E-01	7.640E-01	7.641E-01
1.850E+00	7.605E-01	9.906E-04	7.596E-01	7.615E-01	7.606E-01	7.605E-01	7.605E-01	7.606E-01
1.860E+00	7.570E-01	9.785E-04	7.561E-01	7.580E-01	7.570E-01	7.570E-01	7.570E-01	7.570E-01
1.870E+00	7.535E-01	9.661E-04	7.526E-01	7.545E-01	7.535E-01	7.534E-01	7.534E-01	7.535E-01
1.880E+00	7.500E-01	9.535E-04	7.491E-01	7.510E-01	7.500E-01	7.499E-01	7.499E-01	7.500E-01
1.890E+00	7.465E-01	9.407E-04	7.456E-01	7.474E-01	7.465E-01	7.464E-01	7.464E-01	7.465E-01
1.900E+00	7.429E-01	9.276E-04	7.421E-01	7.439E-01	7.430E-01	7.429E-01	7.429E-01	7.430E-01
1.910E+00	7.394E-01	9.142E-04	7.386E-01	7.404E-01	7.395E-01	7.394E-01	7.394E-01	7.395E-01
1.920E+00	7.359E-01	9.007E-04	7.351E-01	7.369E-01	7.360E-01	7.359E-01	7.359E-01	7.360E-01
1.930E+00	7.324E-01	8.869E-04	7.316E-01	7.333E-01	7.324E-01	7.324E-01	7.324E-01	7.325E-01
1.940E+00	7.289E-01	8.728E-04	7.281E-01	7.298E-01	7.289E-01	7.289E-01	7.289E-01	7.290E-01
1.950E+00	7.254E-01	8.586E-04	7.246E-01	7.263E-01	7.254E-01	7.254E-01	7.254E-01	7.255E-01
1.960E+00	7.219E-01	8.441E-04	7.211E-01	7.228E-01	7.219E-01	7.219E-01	7.219E-01	7.220E-01
1.970E+00	7.184E-01	8.294E-04	7.176E-01	7.193E-01	7.184E-01	7.184E-01	7.184E-01	7.185E-01
1.980E+00	7.149E-01	8.145E-04	7.142E-01	7.158E-01	7.149E-01	7.149E-01	7.149E-01	7.150E-01
1.990E+00	7.114E-01	7.994E-04	7.107E-01	7.123E-01	7.115E-01	7.114E-01	7.114E-01	7.115E-01
2.000E+00	7.080E-01	7.841E-04	7.072E-01	7.088E-01	7.080E-01	7.079E-01	7.079E-01	7.080E-01
2.010E+00	7.045E-01	7.686E-04	7.038E-01	7.053E-01	7.045E-01	7.045E-01	7.044E-01	7.045E-01
2.020E+00	7.010E-01	7.529E-04	7.003E-01	7.018E-01	7.010E-01	7.010E-01	7.010E-01	7.010E-01
2.030E+00	6.975E-01	7.370E-04	6.968E-01	6.983E-01	6.975E-01	6.975E-01	6.975E-01	6.976E-01
2.040E+00	6.940E-01	7.209E-04	6.934E-01	6.948E-01	6.940E-01	6.940E-01	6.940E-01	6.941E-01
2.050E+00	6.906E-01	7.047E-04	6.899E-01	6.913E-01	6.906E-01	6.906E-01	6.905E-01	6.906E-01
2.060E+00	6.871E-01	6.882E-04	6.865E-01	6.879E-01	6.871E-01	6.871E-01	6.871E-01	6.872E-01
2.070E+00	6.837E-01	6.716E-04	6.830E-01	6.844E-01	6.837E-01	6.837E-01	6.836E-01	6.837E-01
2.080E+00	6.802E-01	6.549E-04	6.796E-01	6.809E-01	6.802E-01	6.802E-01	6.802E-01	6.802E-01
2.090E+00	6.768E-01	6.380E-04	6.762E-01	6.774E-01	6.767E-01	6.768E-01	6.767E-01	6.768E-01
2.100E+00	6.733E-01	6.209E-04	6.727E-01	6.740E-01	6.733E-01	6.733E-01	6.733E-01	6.733E-01
2.110E+00	6.699E-01	6.036E-04	6.693E-01	6.705E-01	6.699E-01	6.699E-01	6.698E-01	6.699E-01
2.120E+00	6.664E-01	5.862E-04	6.659E-01	6.671E-01	6.664E-01	6.664E-01	6.664E-01	6.665E-01
2.130E+00	6.630E-01	5.687E-04	6.625E-01	6.636E-01	6.630E-01	6.630E-01	6.630E-01	6.630E-01
2.140E+00	6.596E-01	5.511E-04	6.591E-01	6.602E-01	6.596E-01	6.596E-01	6.595E-01	6.596E-01
2.150E+00	6.562E-01	5.333E-04	6.557E-01	6.567E-01	6.561E-01	6.562E-01	6.561E-01	6.562E-01
2.160E+00	6.527E-01	5.153E-04	6.523E-01	6.533E-01	6.527E-01	6.528E-01	6.527E-01	6.528E-01
2.170E+00	6.493E-01	4.973E-04	6.489E-01	6.499E-01	6.493E-01	6.494E-01	6.493E-01	6.494E-01
2.180E+00	6.459E-01	4.791E-04	6.455E-01	6.464E-01	6.459E-01	6.459E-01	6.459E-01	6.460E-01
2.190E+00	6.425E-01	4.609E-04	6.421E-01	6.430E-01	6.425E-01	6.426E-01	6.425E-01	6.426E-01
2.200E+00	6.391E-01	4.425E-04	6.387E-01	6.396E-01	6.391E-01	6.392E-01	6.391E-01	6.392E-01
2.210E+00	6.357E-01	4.241E-04	6.354E-01	6.362E-01	6.357E-01	6.358E-01	6.357E-01	6.358E-01
2.220E+00	6.324E-01	4.055E-04	6.320E-01	6.328E-01	6.323E-01	6.324E-01	6.323E-01	6.324E-01
2.230E+00	6.290E-01	3.869E-04	6.286E-01	6.294E-01	6.289E-01	6.290E-01	6.289E-01	6.290E-01
2.240E+00	6.256E-01	3.683E-04	6.253E-01	6.260E-01	6.256E-01	6.257E-01	6.256E-01	6.256E-01
2.250E+00	6.222E-01	3.495E-04	6.220E-01	6.226E-01	6.222E-01	6.223E-01	6.222E-01	6.223E-01
2.260E+00	6.189E-01	3.308E-04	6.186E-01	6.193E-01	6.188E-01	6.189E-01	6.188E-01	6.189E-01
2.270E+00	6.155E-01	3.120E-04	6.153E-01	6.159E-01	6.155E-01	6.156E-01	6.155E-01	6.156E-01
2.280E+00	6.122E-01	2.933E-04	6.120E-01	6.125E-01	6.121E-01	6.122E-01	6.122E-01	6.122E-01
2.290E+00	6.089E-01	2.745E-04	6.086E-01	6.092E-01	6.088E-01	6.089E-01	6.088E-01	6.089E-01
2.300E+00	6.055E-01	2.558E-04	6.053E-01	6.058E-01	6.055E-01	6.056E-01	6.055E-01	6.056E-01
2.310E+00	6.022E-01	2.372E-04	6.020E-01	6.025E-01	6.021E-01	6.023E-01	6.022E-01	6.022E-01
2.320E+00	5.989E-01	2.188E-04	5.987E-01	5.991E-01	5.988E-01	5.989E-01	5.988E-01	5.989E-01
2.330E+00	5.956E-01	2.006E-04	5.954E-01	5.958E-01	5.955E-01	5.956E-01	5.955E-01	5.956E-01
2.340E+00	5.923E-01	1.827E-04	5.922E-01	5.925E-01	5.922E-01	5.923E-01	5.922E-01	5.923E-01
2.350E+00	5.890E-01	1.652E-04	5.889E-01	5.892E-01	5.889E-01	5.890E-01	5.889E-01	5.890E-01
2.360E+00	5.857E-01	1.484E-04	5.856E-01	5.859E-01	5.856E-01	5.857E-01	5.856E-01	5.857E-01
2.370E+00	5.824E-01	1.324E-04	5.824E-01	5.826E-01	5.823E-01	5.825E-01	5.824E-01	5.824E-01
2.380E+00	5.791E-01	1.178E-04	5.791E-01	5.793E-01	5.791E-01	5.792E-01	5.791E-01	5.792E-01
2.390E+00	5.759E-01	1.051E-04	5.759E-01	5.760E-01	5.758E-01	5.759E-01	5.758E-01	5.759E-01
2.400E+00	5.726E-01	9.511E-05	5.726E-01	5.727E-01	5.725E-01	5.727E-01	5.726E-01	5.726E-01
2.410E+00	5.694E-01	8.878E-05	5.694E-01	5.694E-01	5.693E-01	5.694E-01	5.693E-01	5.694E-01
2.420E+00	5.661E-01	8.695E-05	5.662E-01	5.662E-01	5.660E-01	5.662E-01	5.661E-01	5.662E-01
2.430E+00	5.629E-01	8.993E-05	5.629E-01	5.629E-01	5.628E-01	5.630E-01	5.628E-01	5.629E-01
2.440E+00	5.596E-01	9.731E-05	5.597E-01	5.597E-01	5.596E-01	5.597E-01	5.596E-01	5.597E-01
2.450E+00	5.564E-01	1.082E-04	5.565E-01	5.564E-01	5.563E-01	5.565E-01	5.564E-01	5.565E-01
2.460E+00	5.532E-01	1.217E-04	5.534E-01	5.532E-01	5.531E-01	5.533E-01	5.532E-01	5.533E-01
2.470E+00	5.500E-01	1.371E-04	5.502E-01	5.500E-01	5.499E-01	5.501E-01	5.500E-01	5.501E-01
2.480E+00	5.468E-01	1.537E-04	5.470E-01	5.468E-01	5.467E-01	5.469E-01	5.468E-01	5.469E-01
2.490E+00	5.436E-01	1.713E-04	5.438E-01	5.436E-01	5.436E-01	5.437E-01	5.436E-01	5.437E-01
2.500E+00	5.405E-01	1.895E-04	5.407E-01	5.404E-01	5.404E-01	5.406E-01	5.404E-01	5.405E-01
2.510E+00	5.373E-01	2.083E-04	5.375E-01	5.372E-01	5.372E-01	5.374E-01	5.373E-01	5.373E-01
2.520E+00	5.341E-01	2.274E-04	5.344E-01	5.340E-01	5.340E-01	5.342E-01	5.341E-01	5.342E-01
2.530E+00	5.310E-01	2.468E-04	5.313E-01	5.308E-01	5.309E-01	5.311E-01	5.309E-01	5.310E-01
2.540E+00	5.278E-01	2.664E-04	5.281E-01	5.277E-01	5.277E-01	5.279E-01	5.278E-01	5.279E-01
2.550E+00	5.247E-01	2.863E-04	5.250E-01	5.245E-01	5.246E-01	5.248E-01	5.247E-01	5.248E-01
2.560E+00	5.216E-01	3.062E-04	5.219E-01	5.214E-01	5.215E-01	5.217E-01	5.215E-01	5.216E-01
2.570E+00	5.185E-01	3.263E-04	5.188E-01	5.182E-01	5.184E-01	5.186E-01	5.184E-01	5.185E-01
2.580E+00	5.154E-01	3.465E-04	5.158E-01	5.151E-01	5.153E-01	5.155E-01	5.153E-01	5.154E-01
2.590E+00	5.123E-01	3.667E-04	5.127E-01	5.120E-01	5.122E-01	5.124E-01	5.122E-01	5.123E-01
2.600E+00	5.092E-01	3.870E-04	5.096E-01	5.089E-01	5.091E-01	5.093E-01	5.091E-01	5.092E-01
2.610E+00	5.061E-01	4.073E-04	5.066E-01	5.058E-01	5.060E-01	5.062E-01	5.061E-01	5.061E-01
2.620E+00	5.030E-01	4.277E-04	5.035E-01	5.027E-01	5.029E-01	5.031E-01	5.030E-01	5.031E-01
2.630E+00	5.000E-01	4.481E-04	5.005E-01	4.996E-01	4.999E-01	5.001E-01	4.999E-01	5.000E-01
2.640E+00	4.969E-01	4.685E-04	4.974E-01	4.965E-01	4.968E-01	4.970E-01	4.969E-01	4.970E-01
2.650E+00	4.939E-01	4.889E-04	4.944E-01	4.935E-01	4.938E-01	4.940E-01	4.938E-01	4.939E-01
2.660E+00	4.909E-01	5.093E-04	4.914E-01	4.904E-01	4.907E-01	4.910E-01	4.908E-01	4.909E-01
2.670E+00	4.878E-01	5.297E-04	4.884E-01	4.874E-01	4.877E-01	4.879E-01	4.878E-01	4.879E-01
2.680E+00	4.848E-01	5.501E-04	4.854E-01	4.843E-01	4.847E-01	4.849E-01	4.848E-01	4.849E-01
2.690E+00	4.818E-01	5.704E-04	4.824E-01	4.813E-01	4.817E-01	4.819E-01	4.818E-01	4.819E-01
2.700E+00	4.788E-01	5.908E-04	4.795E-01	4.783E-01	4.787E-01	4.789E-01	4.788E-01	4.789E-01
2.710E+00	4.758E-01	6.111E-04	4.765E-01	4.753E-01	4.757E-01	4.760E-01	4.758E-01	4.759E-01
2.720E+00	4.729E-01	6.314E-04	4.736E-01	4.723E-01	4.728E-01	4.730E-01	4.728E-01	4.729E-01
2.730E+00	4.699E-01	6.516E-04	4.706E-01	4.693E-01	4.698E-01	4.700E-01	4.699E-01	4.700E-01
2.740E+00	4.670E-01	6.718E-04	4.677E-01	4.664E-01	4.668E-01	4.671E-01	4.669E-01	4.670E-01
2.750E+00	4.640E-01	6.920E-04	4.648E-01	4.634E-01	4.639E-01	4.641E-01	4.640E-01	4.641E-01
2.760E+00	4.611E-01	7.121E-04	4.618E-01	4.604E-01	4.610E-01	4.612E-01	4.610E-01	4.611E-01
2.770E+00	4.582E-01	7.322E-04	4.589E-01	4.575E-01	4.580E-01	4.583E-01	4.581E-01	4.582E-01
2.780E+00	4.553E-01	7.522E-04	4.561E-01	4.546E-01	4.551E-01	4.554E-01	4.552E-01	4.553E-01
2.790E+00	4.524E-01	7.721E-04	4.532E-01	4.517E-01	4.522E-01	4.525E-01	4.523E-01	4.524E-01
2.800E+00	4.495E-01	7.920E-04	4.503E-01	4.487E-01	4.493E-01	4.496E-01	4.494E-01	4.495E-01
2.810E+00	4.466E-01	8.119E-04	4.474E-01	4.458E-01	4.464E-01	4.467E-01	4.465E-01	4.466E-01
2.820E+00	4.437E-01	8.316E-04	4.446E-01	4.430E-01	4.436E-01	4.438E-01	4.437E-01	4.438E-01
2.830E+00	4.409E-01	8.513E-04	4.418E-01	4.401E-01	4.407E-01	4.410E-01	4.408E-01	4.409E-01
2.840E+00	4.380E-01	8.710E-04	4.389E-01	4.372E-01	4.379E-01	4.381E-01	4.380E-01	4.380E-01
2.850E+00	4.352E-01	8.905E-04	4.361E-01	4.343E-01	4.350E-01	4.353E-01	4.351E-01	4.352E-01
2.860E+00	4.323E-01	9.100E-04	4.333E-01	4.315E-01	4.322E-01	4.325E-01	4.323E-01	4.324E-01
2.870E+00	4.295E-01	9.294E-04	4.305E-01	4.287E-01	4.294E-01	4.297E-01	4.295E-01	4.296E-01
2.880E+00	4.267E-01	9.487E-04	4.277E-01	4.258E-01	4.266E-01	4.269E-01	4.267E-01	4.268E-01
2.890E+00	4.239E-01	9.679E-04	4.249E-01	4.230E-01	4.238E-01	4.241E-01	4.239E-01	4.240E-01
2.900E+00	4.211E-01	9.871E-04	4.222E-01	4.202E-01	4.210E-01	4.213E-01	4.211E-01	4.212E-01
2.910E+00	4.184E-01	1.006E-03	4.194E-01	4.174E-01	4.182E-01	4.185E-01	4.183E-01	4.184E-01
2.920E+00	4.156E-01	1.025E-03	4.167E-01	4.146E-01	4.155E-01	4.157E-01	4.156E-01	4.156E-01
2.930E+00	4.128E-01	1.044E-03	4.139E-01	4.119E-01	4.127E-01	4.130E-01	4.128E-01	4.129E-01
2.940E+00	4.101E-01	1.063E-03	4.112E-01	4.091E-01	4.100E-01	4.102E-01	4.101E-01	4.101E-01
2.950E+00	4.074E-01	1.081E-03	4.085E-01	4.064E-01	4.072E-01	4.075E-01	4.073E-01	4.074E-01
2.960E+00	4.047E-01	1.100E-03	4.058E-01	4.036E-01	4.045E-01	4.048E-01	4.046E-01	4.047E-01
2.970E+00	4.019E-01	1.119E-03	4.031E-01	4.009E-01	4.018E-01	4.021E-01	4.019E-01	4.020E-01
2.980E+00	3.992E-01	1.137E-03	4.004E-01	3.982E-01	3.991E-01	3.994E-01	3.992E-01	3.993E-01
2.990E+00	3.966E-01	1.155E-03	3.978E-01	3.955E-01	3.964E-01	3.967E-01	3.965E-01	3.966E-01
3.000E+00	3.939E-01	1.173E-03	3.951E-01	3.928E-01	3.937E-01	3.940E-01	3.938E-01	3.939E-01
