1.000E-02	1.123E+00	7.725E-04	1.124E+00	1.122E+00	1.123E+00	1.122E+00	1.123E+00	1.123E+00
2.000E-02	1.123E+00	7.676E-04	1.123E+00	1.122E+00	1.123E+00	1.122E+00	1.123E+00	1.123E+00
3.000E-02	1.122E+00	7.614E-04	1.123E+00	1.122E+00	1.123E+00	1.122E+00	1.122E+00	1.122E+00
4.000E-02	1.122E+00	7.542E-04	1.123E+00	1.121E+00	1.122E+00	1.122E+00	1.122E+00	1.122E+00
5.000E-02	1.122E+00	7.462E-04	1.122E+00	1.121E+00	1.122E+00	1.121E+00	1.122E+00	1.122E+00
6.000E-02	1.121E+00	7.376E-04	1.122E+00	1.121E+00	1.122E+00	1.121E+00	1.121E+00	1.121E+00
7.000E-02	1.121E+00	7.284E-04	1.121E+00	1.120E+00	1.121E+00	1.120E+00	1.121E+00	1.121E+00
8.000E-02	1.120E+00	7.188E-04	1.121E+00	1.120E+00	1.121E+00	1.120E+00	1.120E+00	1.120E+00
9.000E-02	1.120E+00	7.089E-04	1.120E+00	1.119E+00	1.120E+00	1.119E+00	1.120E+00	1.120E+00
1.000E-01	1.119E+00	6.986E-04	1.119E+00	1.118E+00	1.119E+00	1.118E+00	1.119E+00	1.119E+00
1.100E-01	1.118E+00	6.880E-04	1.119E+00	1.118E+00	1.119E+00	1.118E+00	1.118E+00	1.118E+00
1.200E-01	1.117E+00	6.772E-04	1.118E+00	1.117E+00	1.118E+00	1.117E+00	1.117E+00	1.117E+00
1.300E-01	1.117E+00	6.662E-04	1.117E+00	1.116E+00	1.117E+00	1.116E+00	1.117E+00	1.117E+00
1.400E-01	1.116E+00	6.550E-04	1.116E+00	1.115E+00	1.116E+00	1.115E+00	1.116E+00	1.116E+00
1.500E-01	1.115E+00	6.437E-04	1.115E+00	1.114E+00	1.115E+00	1.115E+00	1.115E+00	1.115E+00
1.600E-01	1.114E+00	6.323E-04	1.114E+00	1.113E+00	1.114E+00	1.114E+00	1.114E+00	1.114E+00
1.700E-01	1.113E+00	6.209E-04	1.114E+00	1.113E+00	1.113E+00	1.113E+00	1.113E+00	1.113E+00
1.800E-01	1.112E+00	6.094E-04	1.112E+00	1.112E+00	1.112E+00	1.112E+00	1.112E+00	1.112E+00
1.900E-01	1.111E+00	5.979E-04	1.111E+00	1.111E+00	1.111E+00	1.111E+00	1.111E+00	1.111E+00
2.000E-01	1.110E+00	5.863E-04	1.110E+00	1.109E+00	1.110E+00	1.110E+00	1.110E+00	1.110E+00
2.100E-01	1.109E+00	5.749E-04	1.109E+00	1.108E+00	1.109E+00	1.108E+00	1.109E+00	1.109E+00
2.200E-01	1.108E+00	5.634E-04	1.108E+00	1.107E+00	1.108E+00	1.107E+00	1.108E+00	1.108E+00
2.300E-01	1.106E+00	5.521E-04	1.107E+00	1.106E+00	1.107E+00	1.106E+00	1.106E+00	1.106E+00
2.400E-01	1.105E+00	5.408E-04	1.106E+00	1.105E+00	1.106E+00	1.105E+00	1.105E+00	1.105E+00
2.500E-01	1.104E+00	5.296E-04	1.104E+00	1.104E+00	1.104E+00	1.104E+00	1.104E+00	1.104E+00
2.600E-01	1.103E+00	5.186E-04	1.103E+00	1.102E+00	1.103E+00	1.102E+00	1.103E+00	1.103E+00
2.700E-01	1.101E+00	5.077E-04	1.102E+00	1.101E+00	1.102E+00	1.101E+00	1.101E+00	1.101E+00
2.800E-01	1.100E+00	4.970E-04	1.100E+00	1.100E+00	1.100E+00	1.100E+00	1.100E+00	1.100E+00
2.900E-01	1.099E+00	4.865E-04	1.099E+00	1.098E+00	1.099E+00	1.098E+00	1.099E+00	1.099E+00
3.000E-01	1.097E+00	4.762E-04	1.098E+00	1.097E+00	1.098E+00	1.097E+00	1.097E+00	1.097E+00
3.100E-01	1.096E+00	4.661E-04	1.096E+00	1.096E+00	1.096E+00	1.095E+00	1.096E+00	1.096E+00
3.200E-01	1.094E+00	4.563E-04	1.095E+00	1.094E+00	1.095E+00	1.094E+00	1.094E+00	1.094E+00
3.300E-01	1.093E+00	4.467E-04	1.093E+00	1.093E+00	1.093E+00	1.092E+00	1.093E+00	1.093E+00
3.400E-01	1.091E+00	4.375E-04	1.092E+00	1.091E+00	1.092E+00	1.091E+00	1.091E+00	1.091E+00
3.500E-01	1.090E+00	4.285E-04	1.090E+00	1.089E+00	1.090E+00	1.089E+00	1.090E+00	1.090E+00
3.600E-01	1.088E+00	4.199E-04	1.088E+00	1.088E+00	1.088E+00	1.088E+00	1.088E+00	1.088E+00
3.700E-01	1.086E+00	4.116E-04	1.087E+00	1.086E+00	1.087E+00	1.086E+00	1.086E+00	1.087E+00
3.800E-01	1.085E+00	4.036E-04	1.085E+00	1.085E+00	1.085E+00	1.084E+00	1.085E+00	1.085E+00
3.900E-01	1.083E+00	3.961E-04	1.083E+00	1.083E+00	1.084E+00	1.083E+00	1.083E+00	1.083E+00
4.000E-01	1.081E+00	3.889E-04	1.082E+00	1.081E+00	1.082E+00	1.081E+00	1.081E+00	1.081E+00
4.100E-01	1.080E+00	3.822E-04	1.080E+00	1.080E+00	1.080E+00	1.079E+00	1.080E+00	1.080E+00
4.200E-01	1.078E+00	3.759E-04	1.078E+00	1.078E+00	1.078E+00	1.078E+00	1.078E+00	1.078E+00
4.300E-01	1.076E+00	3.700E-04	1.076E+00	1.076E+00	1.077E+00	1.076E+00	1.076E+00	1.076E+00
4.400E-01	1.074E+00	3.646E-04	1.074E+00	1.074E+00	1.075E+00	1.074E+00	1.074E+00	1.074E+00
4.500E-01	1.073E+00	3.596E-04	1.073E+00	1.072E+00	1.073E+00	1.072E+00	1.073E+00	1.073E+00
4.600E-01	1.071E+00	3.551E-04	1.071E+00	1.071E+00	1.071E+00	1.070E+00	1.071E+00	1.071E+00
4.700E-01	1.069E+00	3.511E-04	1.069E+00	1.069E+00	1.069E+00	1.068E+00	1.069E+00	1.069E+00
4.800E-01	1.067E+00	3.476E-04	1.067E+00	1.067E+00	1.067E+00	1.067E+00	1.067E+00	1.067E+00
4.900E-01	1.065E+00	3.445E-04	1.065E+00	1.065E+00	1.065E+00	1.065E+00	1.065E+00	1.065E+00
5.000E-01	1.063E+00	3.420E-04	1.063E+00	1.063E+00	1.063E+00	1.063E+00	1.063E+00	1.063E+00
5.100E-01	1.061E+00	3.399E-04	1.061E+00	1.061E+00	1.061E+00	1.061E+00	1.061E+00	1.061E+00
5.200E-01	1.059E+00	3.383E-04	1.059E+00	1.059E+00	1.059E+00	1.059E+00	1.059E+00	1.059E+00
5.300E-01	1.057E+00	3.372E-04	1.057E+00	1.057E+00	1.057E+00	1.057E+00	1.057E+00	1.057E+00
5.400E-01	1.055E+00	3.365E-04	1.055E+00	1.055E+00	1.055E+00	1.055E+00	1.055E+00	1.055E+00
5.500E-01	1.053E+00	3.363E-04	1.053E+00	1.053E+00	1.053E+00	1.053E+00	1.053E+00	1.053E+00
5.600E-01	1.051E+00	3.365E-04	1.051E+00	1.051E+00	1.051E+00	1.050E+00	1.051E+00	1.051E+00
5.700E-01	1.049E+00	3.372E-04	1.049E+00	1.049E+00	1.049E+00	1.048E+00	1.049E+00	1.049E+00
5.800E-01	1.046E+00	3.382E-04	1.046E+00	1.047E+00	1.047E+00	1.046E+00	1.046E+00	1.046E+00
5.900E-01	1.044E+00	3.396E-04	1.044E+00	1.044E+00	1.045E+00	1.044E+00	1.044E+00	1.044E+00
6.000E-01	1.042E+00	3.413E-04	1.042E+00	1.042E+00	1.042E+00	1.042E+00	1.042E+00	1.042E+00
6.100E-01	1.040E+00	3.434E-04	1.040E+00	1.040E+00	1.040E+00	1.040E+00	1.040E+00	1.040E+00
6.200E-01	1.038E+00	3.458E-04	1.038E+00	1.038E+00	1.038E+00	1.037E+00	1.038E+00	1.038E+00
6.300E-01	1.035E+00	3.485E-04	1.035E+00	1.036E+00	1.036E+00	1.035E+00	1.035E+00	1.035E+00
6.400E-01	1.033E+00	3.514E-04	1.033E+00	1.033E+00	1.034E+00	1.033E+00	1.033E+00	1.033E+00
6.500E-01	1.031E+00	3.546E-04	1.031E+00	1.031E+00	1.031E+00	1.031E+00	1.031E+00	1.031E+00
6.600E-01	1.029E+00	3.580E-04	1.028E+00	1.029E+00	1.029E+00	1.028E+00	1.029E+00	1.029E+00
6.700E-01	1.026E+00	3.616E-04	1.026E+00	1.026E+00	1.027E+00	1.026E+00	1.026E+00	1.026E+00
6.800E-01	1.024E+00	3.654E-04	1.024E+00	1.024E+00	1.024E+00	1.024E+00	1.024E+00	1.024E+00
6.900E-01	1.022E+00	3.693E-04	1.021E+00	1.022E+00	1.022E+00	1.021E+00	1.022E+00	1.022E+00
7.000E-01	1.019E+00	3.734E-04	1.019E+00	1.019E+00	1.020E+00	1.019E+00	1.019E+00	1.019E+00
7.100E-01	1.017E+00	3.776E-04	1.017E+00	1.017E+00	1.017E+00	1.017E+00	1.017E+00	1.017E+00
7.200E-01	1.014E+00	3.819E-04	1.014E+00	1.015E+00	1.015E+00	1.014E+00	1.014E+00	1.014E+00
7.300E-01	1.012E+00	3.863E-04	1.012E+00	1.012E+00	1.012E+00	1.012E+00	1.012E+00	1.012E+00
7.400E-01	1.010E+00	3.908E-04	1.009E+00	1.010E+00	1.010E+00	1.009E+00	1.010E+00	1.010E+00
7.500E-01	1.007E+00	3.953E-04	1.007E+00	1.007E+00	1.007E+00	1.007E+00	1.007E+00	1.007E+00
7.600E-01	1.005E+00	3.998E-04	1.004E+00	1.005E+00	1.005E+00	1.004E+00	1.005E+00	1.005E+00
7.700E-01	1.002E+00	4.044E-04	1.002E+00	1.002E+00	1.002E+00	1.002E+00	1.002E+00	1.002E+00
7.800E-01	9.996E-01	4.090E-04	9.993E-01	9.999E-01	9.999E-01	9.993E-01	9.996E-01	9.996E-01
7.900E-01	9.971E-01	4.136E-04	9.968E-01	9.974E-01	9.974E-01	9.968E-01	9.971E-01	9.971E-01
8.000E-01	9.946E-01	4.181E-04	9.942E-01	9.949E-01	9.948E-01	9.943E-01	9.945E-01	9.946E-01
8.100E-01	9.920E-01	4.227E-04	9.917E-01	9.923E-01	9.923E-01	9.917E-01	9.920E-01	9.920E-01
8.200E-01	9.894E-01	4.272E-04	9.891E-01	9.897E-01	9.897E-01	9.891E-01	9.894E-01	9.894E-01
8.300E-01	9.868E-01	4.317E-04	9.865E-01	9.872E-01	9.871E-01	9.866E-01	9.868E-01	9.869E-01
8.400E-01	9.842E-01	4.361E-04	9.839E-01	9.846E-01	9.845E-01	9.840E-01	9.842E-01	9.843E-01
8.500E-01	9.816E-01	4.405E-04	9.813E-01	9.820E-01	9.819E-01	9.813E-01	9.816E-01	9.816E-01
8.600E-01	9.790E-01	4.448E-04	9.786E-01	9.793E-01	9.793E-01	9.787E-01	9.790E-01	9.790E-01
8.700E-01	9.763E-01	4.490E-04	9.760E-01	9.767E-01	9.766E-01	9.761E-01	9.763E-01	9.764E-01
8.800E-01	9.737E-01	4.532E-04	9.733E-01	9.740E-01	9.739E-01	9.734E-01	9.736E-01	9.737E-01
8.900E-01	9.710E-01	4.573E-04	9.706E-01	9.714E-01	9.713E-01	9.707E-01	9.710E-01	9.710E-01
9.000E-01	9.683E-01	4.612E-04	9.679E-01	9.687E-01	9.686E-01	9.680E-01	9.683E-01	9.683E-01
9.100E-01	9.656E-01	4.651E-04	9.652E-01	9.660E-01	9.659E-01	9.654E-01	9.656E-01	9.656E-01
9.200E-01	9.629E-01	4.689E-04	9.625E-01	9.633E-01	9.632E-01	9.626E-01	9.629E-01	9.629E-01
9.300E-01	9.602E-01	4.726E-04	9.598E-01	9.606E-01	9.604E-01	9.599E-01	9.601E-01	9.602E-01
9.400E-01	9.574E-01	4.761E-04	9.570E-01	9.578E-01	9.577E-01	9.572E-01	9.574E-01	9.575E-01
9.500E-01	9.547E-01	4.796E-04	9.543E-01	9.551E-01	9.549E-01	9.544E-01	9.547E-01	9.547E-01
9.600E-01	9.519E-01	4.829E-04	9.515E-01	9.523E-01	9.522E-01	9.517E-01	9.519E-01	9.520E-01
9.700E-01	9.492E-01	4.862E-04	9.487E-01	9.496E-01	9.494E-01	9.489E-01	9.491E-01	9.492E-01
9.800E-01	9.464E-01	4.892E-04	9.459E-01	9.468E-01	9.466E-01	9.461E-01	9.463E-01	9.464E-01
9.900E-01	9.436E-01	4.922E-04	9.431E-01	9.440E-01	9.438E-01	9.433E-01	9.435E-01	9.436E-01
1.000E+00	9.408E-01	4.951E-04	9.403E-01	9.412E-01	9.410E-01	9.405E-01	9.407E-01	9.408E-01
1.010E+00	9.379E-01	4.978E-04	9.375E-01	9.384E-01	9.382E-01	9.377E-01	9.379E-01	9.380E-01
1.020E+00	9.351E-01	5.003E-04	9.347E-01	9.355E-01	9.353E-01	9.349E-01	9.351E-01	9.351E-01
1.030E+00	9.323E-01	5.028E-04	9.318E-01	9.327E-01	9.325E-01	9.320E-01	9.322E-01	9.323E-01
1.040E+00	9.294E-01	5.051E-04	9.290E-01	9.299E-01	9.297E-01	9.292E-01	9.294E-01	9.294E-01
1.050E+00	9.266E-01	5.072E-04	9.261E-01	9.270E-01	9.268E-01	9.263E-01	9.265E-01	9.266E-01
1.060E+00	9.237E-01	5.093E-04	9.232E-01	9.241E-01	9.239E-01	9.235E-01	9.237E-01	9.237E-01
1.070E+00	9.208E-01	5.112E-04	9.203E-01	9.213E-01	9.210E-01	9.206E-01	9.208E-01	9.208E-01
1.080E+00	9.179E-01	5.129E-04	9.175E-01	9.184E-01	9.181E-01	9.177E-01	9.179E-01	9.179E-01
1.090E+00	9.150E-01	5.145E-04	9.145E-01	9.155E-01	9.152E-01	9.148E-01	9.150E-01	9.150E-01
1.100E+00	9.121E-01	5.159E-04	9.116E-01	9.126E-01	9.123E-01	9.119E-01	9.121E-01	9.121E-01
1.110E+00	9.092E-01	5.172E-04	9.087E-01	9.097E-01	9.094E-01	9.090E-01	9.092E-01	9.092E-01
1.120E+00	9.063E-01	5.184E-04	9.058E-01	9.067E-01	9.065E-01	9.060E-01	9.062E-01	9.063E-01
1.130E+00	9.033E-01	5.194E-04	9.029E-01	9.038E-01	9.035E-01	9.031E-01	9.033E-01	9.034E-01
1.140E+00	9.004E-01	5.203E-04	8.999E-01	9.009E-01	9.006E-01	9.002E-01	9.003E-01	9.004E-01
1.150E+00	8.974E-01	5.210E-04	8.970E-01	8.979E-01	8.976E-01	8.972E-01	8.974E-01	8.975E-01
1.160E+00	8.945E-01	5.216E-04	8.940E-01	8.949E-01	8.947E-01	8.943E-01	8.944E-01	8.945E-01
1.170E+00	8.915E-01	5.220E-04	8.910E-01	8.920E-01	8.917E-01	8.913E-01	8.915E-01	8.915E-01
1.180E+00	8.885E-01	5.223E-04	8.880E-01	8.890E-01	8.887E-01	8.883E-01	8.885E-01	8.886E-01
1.190E+00	8.855E-01	5.224E-04	8.851E-01	8.860E-01	8.857E-01	8.853E-01	8.855E-01	8.856E-01
1.200E+00	8.825E-01	5.224E-04	8.821E-01	8.830E-01	8.827E-01	8.823E-01	8.825E-01	8.826E-01
1.210E+00	8.796E-01	5.222E-04	8.791E-01	8.800E-01	8.797E-01	8.794E-01	8.795E-01	8.796E-01
1.220E+00	8.765E-01	5.219E-04	8.761E-01	8.770E-01	8.767E-01	8.764E-01	8.765E-01	8.766E-01
1.230E+00	8.735E-01	5.214E-04	8.731E-01	8.740E-01	8.737E-01	8.733E-01	8.735E-01	8.736E-01
1.240E+00	8.705E-01	5.208E-04	8.700E-01	8.710E-01	8.707E-01	8.703E-01	8.705E-01	8.706E-01
1.250E+00	8.675E-01	5.201E-04	8.670E-01	8.680E-01	8.677E-01	8.673E-01	8.675E-01	8.675E-01
1.260E+00	8.645E-01	5.191E-04	8.640E-01	8.649E-01	8.646E-01	8.643E-01	8.644E-01	8.645E-01
1.270E+00	8.614E-01	5.181E-04	8.609E-01	8.619E-01	8.616E-01	8.612E-01	8.614E-01	8.615E-01
1.280E+00	8.584E-01	5.169E-04	8.579E-01	8.589E-01	8.586E-01	8.582E-01	8.583E-01	8.584E-01
1.290E+00	8.553E-01	5.156E-04	8.549E-01	8.558E-01	8.555E-01	8.552E-01	8.553E-01	8.554E-01
1.300E+00	8.523E-01	5.141E-04	8.518E-01	8.528E-01	8.525E-01	8.521E-01	8.522E-01	8.523E-01
1.310E+00	8.492E-01	5.124E-04	8.488E-01	8.497E-01	8.494E-01	8.491E-01	8.492E-01	8.493E-01
1.320E+00	8.462E-01	5.107E-04	8.457E-01	8.466E-01	8.463E-01	8.460E-01	8.461E-01	8.462E-01
1.330E+00	8.431E-01	5.088E-04	8.426E-01	8.436E-01	8.433E-01	8.429E-01	8.431E-01	8.431E-01
1.340E+00	8.400E-01	5.067E-04	8.396E-01	8.405E-01	8.402E-01	8.399E-01	8.400E-01	8.401E-01
1.350E+00	8.369E-01	5.045E-04	8.365E-01	8.374E-01	8.371E-01	8.368E-01	8.369E-01	8.370E-01
1.360E+00	8.339E-01	5.022E-04	8.334E-01	8.343E-01	8.340E-01	8.337E-01	8.338E-01	8.339E-01
1.370E+00	8.308E-01	4.997E-04	8.303E-01	8.313E-01	8.309E-01	8.306E-01	8.307E-01	8.308E-01
1.380E+00	8.277E-01	4.971E-04	8.272E-01	8.282E-01	8.278E-01	8.275E-01	8.276E-01	8.277E-01
1.390E+00	8.246E-01	4.944E-04	8.241E-01	8.251E-01	8.248E-01	8.244E-01	8.246E-01	8.246E-01
1.400E+00	8.215E-01	4.915E-04	8.210E-01	8.220E-01	8.217E-01	8.213E-01	8.215E-01	8.215E-01
1.410E+00	8.184E-01	4.885E-04	8.179E-01	8.189E-01	8.185E-01	8.182E-01	8.184E-01	8.184E-01
1.420E+00	8.153E-01	4.853E-04	8.148E-01	8.158E-01	8.154E-01	8.151E-01	8.152E-01	8.153E-01
1.430E+00	8.122E-01	4.820E-04	8.117E-01	8.126E-01	8.123E-01	8.120E-01	8.121E-01	8.122E-01
1.440E+00	8.091E-01	4.786E-04	8.086E-01	8.095E-01	8.092E-01	8.089E-01	8.090E-01	8.091E-01
1.450E+00	8.060E-01	4.751E-04	8.055E-01	8.064E-01	8.061E-01	8.058E-01	8.059E-01	8.060E-01
1.460E+00	8.028E-01	4.714E-04	8.024E-01	8.033E-01	8.030E-01	8.027E-01	8.028E-01	8.029E-01
1.470E+00	7.997E-01	4.676E-04	7.993E-01	8.002E-01	7.999E-01	7.996E-01	7.997E-01	7.998E-01
1.480E+00	7.966E-01	4.637E-04	7.962E-01	7.970E-01	7.967E-01	7.965E-01	7.966E-01	7.966E-01
1.490E+00	7.935E-01	4.596E-04	7.930E-01	7.939E-01	7.936E-01	7.933E-01	7.934E-01	7.935E-01
1.500E+00	7.904E-01	4.555E-04	7.899E-01	7.908E-01	7.905E-01	7.902E-01	7.903E-01	7.904E-01
1.510E+00	7.872E-01	4.512E-04	7.868E-01	7.877E-01	7.874E-01	7.871E-01	7.872E-01	7.873E-01
1.520E+00	7.841E-01	4.468E-04	7.837E-01	7.845E-01	7.842E-01	7.840E-01	7.840E-01	7.841E-01
1.530E+00	7.810E-01	4.422E-04	7.805E-01	7.814E-01	7.811E-01	7.808E-01	7.809E-01	7.810E-01
1.540E+00	7.778E-01	4.376E-04	7.774E-01	7.782E-01	7.779E-01	7.777E-01	7.778E-01	7.779E-01
1.550E+00	7.747E-01	4.328E-04	7.743E-01	7.751E-01	7.748E-01	7.746E-01	7.746E-01	7.747E-01
1.560E+00	7.716E-01	4.279E-04	7.712E-01	7.720E-01	7.717E-01	7.714E-01	7.715E-01	7.716E-01
1.570E+00	7.684E-01	4.229E-04	7.680E-01	7.688E-01	7.685E-01	7.683E-01	7.684E-01	7.685E-01
1.580E+00	7.653E-01	4.178E-04	7.649E-01	7.657E-01	7.654E-01	7.652E-01	7.652E-01	7.653E-01
1.590E+00	7.621E-01	4.126E-04	7.617E-01	7.625E-01	7.623E-01	7.620E-01	7.621E-01	7.622E-01
1.600E+00	7.590E-01	4.073E-04	7.586E-01	7.594E-01	7.591E-01	7.589E-01	7.590E-01	7.590E-01
1.610E+00	7.559E-01	4.019E-04	7.555E-01	7.562E-01	7.560E-01	7.558E-01	7.558E-01	7.559E-01
1.620E+00	7.527E-01	3.963E-04	7.523E-01	7.531E-01	7.528E-01	7.526E-01	7.527E-01	7.528E-01
1.630E+00	7.496E-01	3.907E-04	7.492E-01	7.500E-01	7.497E-01	7.495E-01	7.495E-01	7.496E-01
1.640E+00	7.464E-01	3.849E-04	7.461E-01	7.468E-01	7.465E-01	7.463E-01	7.464E-01	7.465E-01
1.650E+00	7.433E-01	3.791E-04	7.429E-01	7.437E-01	7.434E-01	7.432E-01	7.432E-01	7.433E-01
1.660E+00	7.402E-01	3.731E-04	7.398E-01	7.405E-01	7.403E-01	7.401E-01	7.401E-01	7.402E-01
1.670E+00	7.370E-01	3.671E-04	7.367E-01	7.374E-01	7.371E-01	7.369E-01	7.370E-01	7.371E-01
1.680E+00	7.339E-01	3.610E-04	7.335E-01	7.342E-01	7.340E-01	7.338E-01	7.338E-01	7.339E-01
1.690E+00	7.307E-01	3.547E-04	7.304E-01	7.311E-01	7.308E-01	7.306E-01	7.307E-01	7.308E-01
1.700E+00	7.276E-01	3.484E-04	7.273E-01	7.279E-01	7.277E-01	7.275E-01	7.275E-01	7.276E-01
1.710E+00	7.245E-01	3.420E-04	7.241E-01	7.248E-01	7.245E-01	7.244E-01	7.244E-01	7.245E-01
1.720E+00	7.213E-01	3.355E-04	7.210E-01	7.216E-01	7.214E-01	7.212E-01	7.213E-01	7.214E-01
1.730E+00	7.182E-01	3.289E-04	7.179E-01	7.185E-01	7.183E-01	7.181E-01	7.181E-01	7.182E-01
1.740E+00	7.150E-01	3.222E-04	7.147E-01	7.154E-01	7.151E-01	7.150E-01	7.150E-01	7.151E-01
1.750E+00	7.119E-01	3.155E-04	7.116E-01	7.122E-01	7.120E-01	7.118E-01	7.119E-01	7.120E-01
1.760E+00	7.088E-01	3.086E-04	7.085E-01	7.091E-01	7.089E-01	7.087E-01	7.087E-01	7.088E-01
1.770E+00	7.057E-01	3.017E-04	7.054E-01	7.059E-01	7.057E-01	7.056E-01	7.056E-01	7.057E-01
1.780E+00	7.025E-01	2.947E-04	7.022E-01	7.028E-01	7.026E-01	7.024E-01	7.025E-01	7.026E-01
1.790E+00	6.994E-01	2.877E-04	6.991E-01	6.997E-01	6.995E-01	6.993E-01	6.993E-01	6.994E-01
1.800E+00	6.963E-01	2.805E-04	6.960E-01	6.965E-01	6.963E-01	6.962E-01	6.962E-01	6.963E-01
1.810E+00	6.931E-01	2.733E-04	6.929E-01	6.934E-01	6.932E-01	6.931E-01	6.931E-01	6.932E-01
1.820E+00	6.900E-01	2.660E-04	6.898E-01	6.903E-01	6.901E-01	6.900E-01	6.900E-01	6.901E-01
1.830E+00	6.869E-01	2.587E-04	6.867E-01	6.872E-01	6.870E-01	6.868E-01	6.869E-01	6.870E-01
1.840E+00	6.838E-01	2.513E-04	6.836E-01	6.840E-01	6.838E-01	6.837E-01	6.837E-01	6.838E-01
1.850E+00	6.807E-01	2.438E-04	6.804E-01	6.809E-01	6.807E-01	6.806E-01	6.806E-01	6.807E-01
1.860E+00	6.776E-01	2.363E-04	6.773E-01	6.778E-01	6.776E-01	6.775E-01	6.775E-01	6.776E-01
1.870E+00	6.745E-01	2.288E-04	6.742E-01	6.747E-01	6.745E-01	6.744E-01	6.744E-01	6.745E-01
1.880E+00	6.713E-01	2.211E-04	6.711E-01	6.716E-01	6.714E-01	6.713E-01	6.713E-01	6.714E-01
1.890E+00	6.682E-01	2.135E-04	6.681E-01	6.685E-01	6.683E-01	6.682E-01	6.682E-01	6.683E-01
1.900E+00	6.651E-01	2.058E-04	6.650E-01	6.653E-01	6.652E-01	6.651E-01	6.651E-01	6.652E-01
1.910E+00	6.620E-01	1.981E-04	6.619E-01	6.622E-01	6.621E-01	6.620E-01	6.620E-01	6.621E-01
1.920E+00	6.590E-01	1.903E-04	6.588E-01	6.591E-01	6.590E-01	6.589E-01	6.589E-01	6.590E-01
1.930E+00	6.559E-01	1.825E-04	6.557E-01	6.560E-01	6.559E-01	6.558E-01	6.558E-01	6.559E-01
1.940E+00	6.528E-01	1.747E-04	6.526E-01	6.529E-01	6.528E-01	6.527E-01	6.527E-01	6.528E-01
1.950E+00	6.497E-01	1.669E-04	6.495E-01	6.499E-01	6.497E-01	6.497E-01	6.496E-01	6.498E-01
1.960E+00	6.466E-01	1.591E-04	6.465E-01	6.468E-01	6.467E-01	6.466E-01	6.466E-01	6.467E-01
1.970E+00	6.435E-01	1.513E-04	6.434E-01	6.437E-01	6.436E-01	6.435E-01	6.435E-01	6.436E-01
1.980E+00	6.405E-01	1.435E-04	6.403E-01	6.406E-01	6.405E-01	6.404E-01	6.404E-01	6.405E-01
1.990E+00	6.374E-01	1.358E-04	6.373E-01	6.375E-01	6.374E-01	6.374E-01	6.373E-01	6.375E-01
2.000E+00	6.343E-01	1.281E-04	6.342E-01	6.345E-01	6.344E-01	6.343E-01	6.343E-01	6.344E-01
2.010E+00	6.313E-01	1.205E-04	6.312E-01	6.314E-01	6.313E-01	6.313E-01	6.312E-01	6.313E-01
2.020E+00	6.282E-01	1.130E-04	6.281E-01	6.283E-01	6.283E-01	6.282E-01	6.282E-01	6.283E-01
2.030E+00	6.252E-01	1.056E-04	6.251E-01	6.253E-01	6.252E-01	6.252E-01	6.251E-01	6.252E-01
2.040E+00	6.221E-01	9.850E-05	6.221E-01	6.222E-01	6.222E-01	6.221E-01	6.221E-01	6.222E-01
2.050E+00	6.191E-01	9.160E-05	6.190E-01	6.192E-01	6.191E-01	6.191E-01	6.190E-01	6.191E-01
2.060E+00	6.161E-01	8.503E-05	6.160E-01	6.161E-01	6.161E-01	6.160E-01	6.160E-01	6.161E-01
2.070E+00	6.130E-01	7.889E-05	6.130E-01	6.131E-01	6.130E-01	6.130E-01	6.130E-01	6.131E-01
2.080E+00	6.100E-01	7.330E-05	6.100E-01	6.100E-01	6.100E-01	6.100E-01	6.099E-01	6.101E-01
2.090E+00	6.070E-01	6.840E-05	6.069E-01	6.070E-01	6.070E-01	6.070E-01	6.069E-01	6.070E-01
2.100E+00	6.040E-01	6.437E-05	6.039E-01	6.040E-01	6.040E-01	6.039E-01	6.039E-01	6.040E-01
2.110E+00	6.009E-01	6.141E-05	6.009E-01	6.010E-01	6.010E-01	6.009E-01	6.009E-01	6.010E-01
2.120E+00	5.979E-01	5.968E-05	5.979E-01	5.979E-01	5.979E-01	5.979E-01	5.979E-01	5.980E-01
2.130E+00	5.949E-01	5.931E-05	5.949E-01	5.949E-01	5.949E-01	5.949E-01	5.949E-01	5.950E-01
2.140E+00	5.919E-01	6.034E-05	5.920E-01	5.919E-01	5.919E-01	5.919E-01	5.919E-01	5.920E-01
2.150E+00	5.889E-01	6.271E-05	5.890E-01	5.889E-01	5.890E-01	5.889E-01	5.889E-01	5.890E-01
2.160E+00	5.860E-01	6.628E-05	5.860E-01	5.859E-01	5.860E-01	5.860E-01	5.859E-01	5.860E-01
2.170E+00	5.830E-01	7.089E-05	5.830E-01	5.830E-01	5.830E-01	5.830E-01	5.829E-01	5.830E-01
2.180E+00	5.800E-01	7.635E-05	5.801E-01	5.800E-01	5.800E-01	5.800E-01	5.800E-01	5.801E-01
2.190E+00	5.770E-01	8.251E-05	5.771E-01	5.770E-01	5.770E-01	5.770E-01	5.770E-01	5.771E-01
2.200E+00	5.741E-01	8.923E-05	5.742E-01	5.740E-01	5.741E-01	5.741E-01	5.740E-01	5.741E-01
2.210E+00	5.711E-01	9.639E-05	5.712E-01	5.711E-01	5.711E-01	5.711E-01	5.711E-01	5.712E-01
2.220E+00	5.682E-01	1.039E-04	5.683E-01	5.681E-01	5.682E-01	5.682E-01	5.681E-01	5.682E-01
2.230E+00	5.652E-01	1.117E-04	5.653E-01	5.651E-01	5.652E-01	5.652E-01	5.652E-01	5.653E-01
2.240E+00	5.623E-01	1.197E-04	5.624E-01	5.622E-01	5.623E-01	5.623E-01	5.622E-01	5.624E-01
2.250E+00	5.594E-01	1.280E-04	5.595E-01	5.593E-01	5.593E-01	5.594E-01	5.593E-01	5.594E-01
2.260E+00	5.564E-01	1.364E-04	5.566E-01	5.563E-01	5.564E-01	5.565E-01	5.564E-01	5.565E-01
2.270E+00	5.535E-01	1.449E-04	5.537E-01	5.534E-01	5.535E-01	5.535E-01	5.535E-01	5.536E-01
2.280E+00	5.506E-01	1.535E-04	5.508E-01	5.505E-01	5.506E-01	5.506E-01	5.505E-01	5.507E-01
2.290E+00	5.477E-01	1.622E-04	5.479E-01	5.476E-01	5.477E-01	5.477E-01	5.476E-01	5.478E-01
2.300E+00	5.448E-01	1.711E-04	5.450E-01	5.447E-01	5.448E-01	5.448E-01	5.447E-01	5.449E-01
2.310E+00	5.419E-01	1.799E-04	5.421E-01	5.418E-01	5.419E-01	5.419E-01	5.419E-01	5.420E-01
2.320E+00	5.390E-01	1.889E-04	5.392E-01	5.389E-01	5.390E-01	5.391E-01	5.390E-01	5.391E-01
2.330E+00	5.361E-01	1.979E-04	5.363E-01	5.360E-01	5.361E-01	5.362E-01	5.361E-01	5.362E-01
2.340E+00	5.333E-01	2.069E-04	5.335E-01	5.331E-01	5.333E-01	5.333E-01	5.332E-01	5.333E-01
2.350E+00	5.304E-01	2.159E-04	5.306E-01	5.302E-01	5.304E-01	5.304E-01	5.304E-01	5.305E-01
2.360E+00	5.276E-01	2.250E-04	5.278E-01	5.273E-01	5.275E-01	5.276E-01	5.275E-01	5.276E-01
2.370E+00	5.247E-01	2.342E-04	5.249E-01	5.245E-01	5.247E-01	5.247E-01	5.246E-01	5.248E-01
2.380E+00	5.219E-01	2.433E-04	5.221E-01	5.216E-01	5.218E-01	5.219E-01	5.218E-01	5.219E-01
2.390E+00	5.190E-01	2.525E-04	5.193E-01	5.188E-01	5.190E-01	5.191E-01	5.190E-01	5.191E-01
2.400E+00	5.162E-01	2.616E-04	5.165E-01	5.160E-01	5.162E-01	5.162E-01	5.161E-01	5.163E-01
2.410E+00	5.134E-01	2.708E-04	5.136E-01	5.131E-01	5.133E-01	5.134E-01	5.133E-01	5.134E-01
2.420E+00	5.106E-01	2.800E-04	5.108E-01	5.103E-01	5.105E-01	5.106E-01	5.105E-01	5.106E-01
2.430E+00	5.078E-01	2.892E-04	5.080E-01	5.075E-01	5.077E-01	5.078E-01	5.077E-01	5.078E-01
2.440E+00	5.050E-01	2.984E-04	5.053E-01	5.047E-01	5.049E-01	5.050E-01	5.049E-01	5.050E-01
2.450E+00	5.022E-01	3.076E-04	5.025E-01	5.019E-01	5.021E-01	5.022E-01	5.021E-01	5.022E-01
2.460E+00	4.994E-01	3.168E-04	4.997E-01	4.991E-01	4.993E-01	4.994E-01	4.993E-01	4.994E-01
2.470E+00	4.966E-01	3.260E-04	4.969E-01	4.963E-01	4.966E-01	4.967E-01	4.965E-01	4.967E-01
2.480E+00	4.938E-01	3.352E-04	4.942E-01	4.935E-01	4.938E-01	4.939E-01	4.938E-01	4.939E-01
2.490E+00	4.911E-01	3.444E-04	4.914E-01	4.907E-01	4.910E-01	4.911E-01	4.910E-01	4.911E-01
2.500E+00	4.883E-01	3.536E-04	4.887E-01	4.880E-01	4.883E-01	4.884E-01	4.883E-01	4.884E-01
2.510E+00	4.856E-01	3.628E-04	4.859E-01	4.852E-01	4.855E-01	4.856E-01	4.855E-01	4.856E-01
2.520E+00	4.828E-01	3.719E-04	4.832E-01	4.825E-01	4.828E-01	4.829E-01	4.828E-01	4.829E-01
2.530E+00	4.801E-01	3.811E-04	4.805E-01	4.797E-01	4.801E-01	4.802E-01	4.801E-01	4.802E-01
2.540E+00	4.774E-01	3.902E-04	4.778E-01	4.770E-01	4.773E-01	4.774E-01	4.773E-01	4.775E-01
2.550E+00	4.747E-01	3.993E-04	4.751E-01	4.743E-01	4.746E-01	4.747E-01	4.746E-01	4.747E-01
2.560E+00	4.720E-01	4.084E-04	4.724E-01	4.716E-01	4.719E-01	4.720E-01	4.719E-01	4.720E-01
2.570E+00	4.693E-01	4.174E-04	4.697E-01	4.689E-01	4.692E-01	4.693E-01	4.692E-01	4.693E-01
2.580E+00	4.666E-01	4.265E-04	4.670E-01	4.662E-01	4.665E-01	4.667E-01	4.665E-01	4.667E-01
2.590E+00	4.639E-01	4.355E-04	4.643E-01	4.635E-01	4.638E-01	4.640E-01	4.638E-01	4.640E-01
2.600E+00	4.612E-01	4.445E-04	4.617E-01	4.608E-01	4.612E-01	4.613E-01	4.612E-01	4.613E-01
2.610E+00	4.586E-01	4.535E-04	4.590E-01	4.581E-01	4.585E-01	4.586E-01	4.585E-01	4.586E-01
2.620E+00	4.559E-01	4.625E-04	4.564E-01	4.555E-01	4.559E-01	4.560E-01	4.559E-01	4.560E-01
2.630E+00	4.533E-01	4.714E-04	4.537E-01	4.528E-01	4.532E-01	4.533E-01	4.532E-01	4.533E-01
2.640E+00	4.506E-01	4.803E-04	4.511E-01	4.502E-01	4.506E-01	4.507E-01	4.506E-01	4.507E-01
2.650E+00	4.480E-01	4.892E-04	4.485E-01	4.475E-01	4.479E-01	4.481E-01	4.479E-01	4.481E-01
2.660E+00	4.454E-01	4.980E-04	4.459E-01	4.449E-01	4.453E-01	4.455E-01	4.453E-01	4.454E-01
2.670E+00	4.428E-01	5.068E-04	4.433E-01	4.423E-01	4.427E-01	4.428E-01	4.427E-01	4.428E-01
2.680E+00	4.402E-01	5.156E-04	4.407E-01	4.397E-01	4.401E-01	4.402E-01	4.401E-01	4.402E-01
2.690E+00	4.376E-01	5.243E-04	4.381E-01	4.371E-01	4.375E-01	4.376E-01	4.375E-01	4.376E-01
2.700E+00	4.350E-01	5.330E-04	4.355E-01	4.345E-01	4.349E-01	4.351E-01	4.349E-01	4.351E-01
2.710E+00	4.324E-01	5.417E-04	4.329E-01	4.319E-01	4.323E-01	4.325E-01	4.323E-01	4.325E-01
2.720E+00	4.298E-01	5.503E-04	4.304E-01	4.293E-01	4.298E-01	4.299E-01	4.298E-01	4.299E-01
2.730E+00	4.273E-01	5.590E-04	4.278E-01	4.267E-01	4.272E-01	4.274E-01	4.272E-01	4.273E-01
2.740E+00	4.247E-01	5.675E-04	4.253E-01	4.242E-01	4.247E-01	4.248E-01	4.247E-01	4.248E-01
2.750E+00	4.222E-01	5.760E-04	4.228E-01	4.216E-01	4.221E-01	4.223E-01	4.221E-01	4.222E-01
2.760E+00	4.197E-01	5.845E-04	4.202E-01	4.191E-01	4.196E-01	4.197E-01	4.196E-01	4.197E-01
2.770E+00	4.171E-01	5.930E-04	4.177E-01	4.166E-01	4.170E-01	4.172E-01	4.171E-01	4.172E-01
2.780E+00	4.146E-01	6.014E-04	4.152E-01	4.140E-01	4.145E-01	4.147E-01	4.145E-01	4.147E-01
2.790E+00	4.121E-01	6.097E-04	4.127E-01	4.115E-01	4.120E-01	4.122E-01	4.120E-01	4.122E-01
2.800E+00	4.096E-01	6.180E-04	4.102E-01	4.090E-01	4.095E-01	4.097E-01	4.095E-01	4.097E-01
2.810E+00	4.071E-01	6.263E-04	4.077E-01	4.065E-01	4.070E-01	4.072E-01	4.071E-01	4.072E-01
2.820E+00	4.046E-01	6.345E-04	4.053E-01	4.040E-01	4.046E-01	4.047E-01	4.046E-01	4.047E-01
2.830E+00	4.022E-01	6.427E-04	4.028E-01	4.015E-01	4.021E-01	4.023E-01	4.021E-01	4.022E-01
2.840E+00	3.997E-01	6.509E-04	4.004E-01	3.991E-01	3.996E-01	3.998E-01	3.996E-01	3.998E-01
2.850E+00	3.973E-01	6.590E-04	3.979E-01	3.966E-01	3.972E-01	3.973E-01	3.972E-01	3.973E-01
2.860E+00	3.948E-01	6.670E-04	3.955E-01	3.942E-01	3.947E-01	3.949E-01	3.947E-01	3.949E-01
2.870E+00	3.924E-01	6.750E-04	3.931E-01	3.917E-01	3.923E-01	3.925E-01	3.923E-01	3.924E-01
2.880E+00	3.900E-01	6.829E-04	3.906E-01	3.893E-01	3.899E-01	3.900E-01	3.899E-01	3.900E-01
2.890E+00	3.875E-01	6.908E-04	3.882E-01	3.869E-01	3.874E-01	3.876E-01	3.875E-01	3.876E-01
2.900E+00	3.851E-01	6.987E-04	3.858E-01	3.844E-01	3.850E-01	3.852E-01	3.851E-01	3.852E-01
2.910E+00	3.827E-01	7.065E-04	3.834E-01	3.820E-01	3.826E-01	3.828E-01	3.827E-01	3.828E-01
2.920E+00	3.803E-01	7.142E-04	3.811E-01	3.796E-01	3.803E-01	3.804E-01	3.803E-01	3.804E-01
2.930E+00	3.780E-01	7.219E-04	3.787E-01	3.773E-01	3.779E-01	3.781E-01	3.779E-01	3.780E-01
2.940E+00	3.756E-01	7.296E-04	3.763E-01	3.749E-01	3.755E-01	3.757E-01	3.755E-01	3.757E-01
2.950E+00	3.732E-01	7.371E-04	3.740E-01	3.725E-01	3.731E-01	3.733E-01	3.732E-01	3.733E-01
2.960E+00	3.709E-01	7.447E-04	3.716E-01	3.702E-01	3.708E-01	3.710E-01	3.708E-01	3.710E-01
2.970E+00	3.685E-01	7.522E-04	3.693E-01	3.678E-01	3.684E-01	3.686E-01	3.685E-01	3.686E-01
2.980E+00	3.662E-01	7.596E-04	3.670E-01	3.655E-01	3.661E-01	3.663E-01	3.662E-01	3.663E-01
2.990E+00	3.639E-01	7.669E-04	3.647E-01	3.631E-01	3.638E-01	3.640E-01	3.638E-01	3.640E-01
3.000E+00	3.616E-01	7.743E-04	3.624E-01	3.608E-01	3.615E-01	3.617E-01	3.615E-01	3.616E-01
