1.000E-02	8.441E-01	4.118E-02	8.027E-01	8.848E-01	8.472E-01	8.410E-01	8.439E-01	8.443E-01
2.000E-02	8.436E-01	4.052E-02	8.026E-01	8.834E-01	8.467E-01	8.405E-01	8.434E-01	8.438E-01
3.000E-02	8.430E-01	3.982E-02	8.024E-01	8.818E-01	8.461E-01	8.399E-01	8.428E-01	8.432E-01
4.000E-02	8.423E-01	3.910E-02	8.021E-01	8.801E-01	8.454E-01	8.392E-01	8.422E-01	8.425E-01
5.000E-02	8.416E-01	3.836E-02	8.018E-01	8.783E-01	8.447E-01	8.385E-01	8.414E-01	8.417E-01
6.000E-02	8.407E-01	3.762E-02	8.015E-01	8.764E-01	8.438E-01	8.376E-01	8.406E-01	8.409E-01
7.000E-02	8.398E-01	3.687E-02	8.011E-01	8.746E-01	8.429E-01	8.368E-01	8.397E-01	8.400E-01
8.000E-02	8.389E-01	3.611E-02	8.007E-01	8.726E-01	8.420E-01	8.358E-01	8.387E-01	8.391E-01
9.000E-02	8.379E-01	3.536E-02	8.002E-01	8.707E-01	8.410E-01	8.348E-01	8.377E-01	8.381E-01
1.000E-01	8.368E-01	3.460E-02	7.997E-01	8.687E-01	8.399E-01	8.338E-01	8.367E-01	8.370E-01
1.100E-01	8.358E-01	3.385E-02	7.992E-01	8.666E-01	8.388E-01	8.327E-01	8.356E-01	8.359E-01
1.200E-01	8.346E-01	3.309E-02	7.987E-01	8.646E-01	8.377E-01	8.316E-01	8.344E-01	8.348E-01
1.300E-01	8.335E-01	3.234E-02	7.981E-01	8.625E-01	8.365E-01	8.304E-01	8.333E-01	8.337E-01
1.400E-01	8.323E-01	3.160E-02	7.975E-01	8.604E-01	8.353E-01	8.292E-01	8.321E-01	8.324E-01
1.500E-01	8.310E-01	3.086E-02	7.968E-01	8.582E-01	8.340E-01	8.280E-01	8.308E-01	8.312E-01
1.600E-01	8.297E-01	3.012E-02	7.961E-01	8.561E-01	8.328E-01	8.267E-01	8.296E-01	8.299E-01
1.700E-01	8.284E-01	2.939E-02	7.954E-01	8.539E-01	8.314E-01	8.255E-01	8.282E-01	8.286E-01
1.800E-01	8.271E-01	2.866E-02	7.947E-01	8.517E-01	8.301E-01	8.241E-01	8.269E-01	8.273E-01
1.900E-01	8.257E-01	2.794E-02	7.939E-01	8.495E-01	8.287E-01	8.228E-01	8.255E-01	8.260E-01
2.000E-01	8.244E-01	2.722E-02	7.932E-01	8.473E-01	8.273E-01	8.214E-01	8.242E-01	8.246E-01
2.100E-01	8.229E-01	2.651E-02	7.924E-01	8.450E-01	8.259E-01	8.200E-01	8.227E-01	8.231E-01
2.200E-01	8.215E-01	2.581E-02	7.915E-01	8.428E-01	8.244E-01	8.186E-01	8.213E-01	8.217E-01
2.300E-01	8.200E-01	2.511E-02	7.907E-01	8.405E-01	8.230E-01	8.171E-01	8.198E-01	8.202E-01
2.400E-01	8.185E-01	2.442E-02	7.898E-01	8.383E-01	8.214E-01	8.156E-01	8.183E-01	8.187E-01
2.500E-01	8.170E-01	2.373E-02	7.889E-01	8.360E-01	8.199E-01	8.141E-01	8.168E-01	8.172E-01
2.600E-01	8.155E-01	2.306E-02	7.880E-01	8.337E-01	8.184E-01	8.126E-01	8.152E-01	8.157E-01
2.700E-01	8.139E-01	2.239E-02	7.870E-01	8.314E-01	8.168E-01	8.110E-01	8.137E-01	8.141E-01
2.800E-01	8.123E-01	2.172E-02	7.860E-01	8.291E-01	8.152E-01	8.095E-01	8.121E-01	8.126E-01
2.900E-01	8.107E-01	2.107E-02	7.850E-01	8.268E-01	8.136E-01	8.079E-01	8.105E-01	8.109E-01
3.000E-01	8.091E-01	2.042E-02	7.840E-01	8.245E-01	8.119E-01	8.063E-01	8.089E-01	8.093E-01
3.100E-01	8.074E-01	1.977E-02	7.830E-01	8.221E-01	8.103E-01	8.046E-01	8.072E-01	8.077E-01
3.200E-01	8.058E-01	1.914E-02	7.819E-01	8.198E-01	8.086E-01	8.030E-01	8.055E-01	8.060E-01
3.300E-01	8.041E-01	1.851E-02	7.808E-01	8.174E-01	8.069E-01	8.013E-01	8.039E-01	8.043E-01
3.400E-01	8.024E-01	1.789E-02	7.797E-01	8.151E-01	8.052E-01	7.996E-01	8.022E-01	8.026E-01
3.500E-01	8.007E-01	1.728E-02	7.786E-01	8.127E-01	8.035E-01	7.979E-01	8.004E-01	8.009E-01
3.600E-01	7.989E-01	1.668E-02	7.775E-01	8.104E-01	8.017E-01	7.962E-01	7.987E-01	7.992E-01
3.700E-01	7.972E-01	1.608E-02	7.763E-01	8.080E-01	7.999E-01	7.945E-01	7.969E-01	7.975E-01
3.800E-01	7.954E-01	1.549E-02	7.751E-01	8.056E-01	7.982E-01	7.927E-01	7.952E-01	7.957E-01
3.900E-01	7.936E-01	1.491E-02	7.739E-01	8.033E-01	7.964E-01	7.909E-01	7.934E-01	7.939E-01
4.000E-01	7.918E-01	1.434E-02	7.727E-01	8.009E-01	7.945E-01	7.892E-01	7.916E-01	7.921E-01
4.100E-01	7.900E-01	1.378E-02	7.715E-01	7.985E-01	7.927E-01	7.874E-01	7.898E-01	7.903E-01
4.200E-01	7.882E-01	1.322E-02	7.702E-01	7.961E-01	7.909E-01	7.855E-01	7.879E-01	7.885E-01
4.300E-01	7.864E-01	1.267E-02	7.690E-01	7.937E-01	7.890E-01	7.837E-01	7.861E-01	7.866E-01
4.400E-01	7.845E-01	1.213E-02	7.677E-01	7.913E-01	7.871E-01	7.819E-01	7.842E-01	7.848E-01
4.500E-01	7.826E-01	1.160E-02	7.664E-01	7.890E-01	7.853E-01	7.800E-01	7.824E-01	7.829E-01
4.600E-01	7.808E-01	1.107E-02	7.650E-01	7.866E-01	7.834E-01	7.782E-01	7.805E-01	7.810E-01
4.700E-01	7.789E-01	1.056E-02	7.637E-01	7.842E-01	7.814E-01	7.763E-01	7.786E-01	7.792E-01
4.800E-01	7.770E-01	1.005E-02	7.623E-01	7.818E-01	7.795E-01	7.744E-01	7.767E-01	7.773E-01
4.900E-01	7.750E-01	9.550E-03	7.610E-01	7.794E-01	7.776E-01	7.725E-01	7.747E-01	7.753E-01
5.000E-01	7.731E-01	9.060E-03	7.596E-01	7.770E-01	7.756E-01	7.706E-01	7.728E-01	7.734E-01
5.100E-01	7.712E-01	8.579E-03	7.582E-01	7.746E-01	7.737E-01	7.686E-01	7.709E-01	7.715E-01
5.200E-01	7.692E-01	8.107E-03	7.568E-01	7.722E-01	7.717E-01	7.667E-01	7.689E-01	7.695E-01
5.300E-01	7.672E-01	7.644E-03	7.553E-01	7.698E-01	7.697E-01	7.648E-01	7.669E-01	7.676E-01
5.400E-01	7.653E-01	7.191E-03	7.539E-01	7.674E-01	7.677E-01	7.628E-01	7.650E-01	7.656E-01
5.500E-01	7.633E-01	6.748E-03	7.524E-01	7.650E-01	7.657E-01	7.608E-01	7.630E-01	7.636E-01
5.600E-01	7.613E-01	6.315E-03	7.509E-01	7.626E-01	7.637E-01	7.589E-01	7.610E-01	7.616E-01
5.700E-01	7.593E-01	5.893E-03	7.494E-01	7.601E-01	7.617E-01	7.569E-01	7.590E-01	7.596E-01
5.800E-01	7.573E-01	5.483E-03	7.479E-01	7.577E-01	7.597E-01	7.549E-01	7.569E-01	7.576E-01
5.900E-01	7.553E-01	5.085E-03	7.464E-01	7.553E-01	7.576E-01	7.529E-01	7.549E-01	7.556E-01
6.000E-01	7.532E-01	4.701E-03	7.448E-01	7.529E-01	7.556E-01	7.509E-01	7.529E-01	7.536E-01
6.100E-01	7.512E-01	4.332E-03	7.433E-01	7.505E-01	7.535E-01	7.488E-01	7.508E-01	7.515E-01
6.200E-01	7.491E-01	3.980E-03	7.417E-01	7.481E-01	7.515E-01	7.468E-01	7.488E-01	7.495E-01
6.300E-01	7.471E-01	3.646E-03	7.401E-01	7.457E-01	7.494E-01	7.448E-01	7.467E-01	7.474E-01
6.400E-01	7.450E-01	3.336E-03	7.385E-01	7.433E-01	7.473E-01	7.427E-01	7.446E-01	7.454E-01
6.500E-01	7.429E-01	3.051E-03	7.369E-01	7.409E-01	7.452E-01	7.407E-01	7.426E-01	7.433E-01
6.600E-01	7.408E-01	2.798E-03	7.353E-01	7.385E-01	7.431E-01	7.386E-01	7.405E-01	7.412E-01
6.700E-01	7.388E-01	2.582E-03	7.337E-01	7.361E-01	7.410E-01	7.365E-01	7.384E-01	7.391E-01
6.800E-01	7.367E-01	2.410E-03	7.320E-01	7.338E-01	7.389E-01	7.344E-01	7.363E-01	7.370E-01
6.900E-01	7.346E-01	2.288E-03	7.304E-01	7.314E-01	7.368E-01	7.324E-01	7.342E-01	7.349E-01
7.000E-01	7.325E-01	2.222E-03	7.287E-01	7.290E-01	7.346E-01	7.303E-01	7.321E-01	7.328E-01
7.100E-01	7.303E-01	2.212E-03	7.270E-01	7.266E-01	7.325E-01	7.282E-01	7.300E-01	7.307E-01
7.200E-01	7.282E-01	2.257E-03	7.253E-01	7.242E-01	7.304E-01	7.261E-01	7.278E-01	7.286E-01
7.300E-01	7.261E-01	2.350E-03	7.236E-01	7.218E-01	7.282E-01	7.240E-01	7.257E-01	7.265E-01
7.400E-01	7.239E-01	2.482E-03	7.219E-01	7.194E-01	7.261E-01	7.218E-01	7.236E-01	7.243E-01
7.500E-01	7.218E-01	2.647E-03	7.202E-01	7.170E-01	7.239E-01	7.197E-01	7.214E-01	7.222E-01
7.600E-01	7.197E-01	2.835E-03	7.184E-01	7.147E-01	7.217E-01	7.176E-01	7.193E-01	7.201E-01
7.700E-01	7.175E-01	3.040E-03	7.167E-01	7.123E-01	7.196E-01	7.155E-01	7.171E-01	7.179E-01
7.800E-01	7.154E-01	3.257E-03	7.149E-01	7.099E-01	7.174E-01	7.133E-01	7.149E-01	7.158E-01
7.900E-01	7.132E-01	3.482E-03	7.132E-01	7.075E-01	7.152E-01	7.112E-01	7.128E-01	7.136E-01
8.000E-01	7.110E-01	3.713E-03	7.114E-01	7.052E-01	7.130E-01	7.090E-01	7.106E-01	7.114E-01
8.100E-01	7.088E-01	3.946E-03	7.096E-01	7.028E-01	7.108E-01	7.069E-01	7.084E-01	7.093E-01
8.200E-01	7.067E-01	4.180E-03	7.078E-01	7.004E-01	7.086E-01	7.047E-01	7.062E-01	7.071E-01
8.300E-01	7.045E-01	4.413E-03	7.060E-01	6.981E-01	7.064E-01	7.025E-01	7.041E-01	7.049E-01
8.400E-01	7.023E-01	4.646E-03	7.041E-01	6.957E-01	7.042E-01	7.004E-01	7.019E-01	7.027E-01
8.500E-01	7.001E-01	4.876E-03	7.023E-01	6.934E-01	7.020E-01	6.982E-01	6.997E-01	7.006E-01
8.600E-01	6.979E-01	5.103E-03	7.005E-01	6.910E-01	6.998E-01	6.960E-01	6.975E-01	6.984E-01
8.700E-01	6.957E-01	5.327E-03	6.986E-01	6.887E-01	6.976E-01	6.939E-01	6.953E-01	6.962E-01
8.800E-01	6.935E-01	5.547E-03	6.968E-01	6.863E-01	6.954E-01	6.917E-01	6.931E-01	6.940E-01
8.900E-01	6.913E-01	5.763E-03	6.949E-01	6.840E-01	6.932E-01	6.895E-01	6.909E-01	6.918E-01
9.000E-01	6.891E-01	5.974E-03	6.930E-01	6.817E-01	6.909E-01	6.873E-01	6.887E-01	6.896E-01
9.100E-01	6.869E-01	6.182E-03	6.911E-01	6.793E-01	6.887E-01	6.851E-01	6.864E-01	6.874E-01
9.200E-01	6.847E-01	6.384E-03	6.892E-01	6.770E-01	6.865E-01	6.829E-01	6.842E-01	6.852E-01
9.300E-01	6.825E-01	6.582E-03	6.873E-01	6.747E-01	6.842E-01	6.807E-01	6.820E-01	6.829E-01
9.400E-01	6.803E-01	6.775E-03	6.854E-01	6.723E-01	6.820E-01	6.785E-01	6.798E-01	6.807E-01
9.500E-01	6.780E-01	6.963E-03	6.835E-01	6.700E-01	6.797E-01	6.763E-01	6.776E-01	6.785E-01
9.600E-01	6.758E-01	7.146E-03	6.816E-01	6.677E-01	6.775E-01	6.741E-01	6.753E-01	6.763E-01
9.700E-01	6.736E-01	7.323E-03	6.796E-01	6.654E-01	6.753E-01	6.719E-01	6.731E-01	6.741E-01
9.800E-01	6.713E-01	7.496E-03	6.777E-01	6.631E-01	6.730E-01	6.697E-01	6.709E-01	6.718E-01
9.900E-01	6.691E-01	7.664E-03	6.757E-01	6.608E-01	6.708E-01	6.675E-01	6.686E-01	6.696E-01
1.000E+00	6.669E-01	7.826E-03	6.738E-01	6.585E-01	6.685E-01	6.653E-01	6.664E-01	6.674E-01
1.010E+00	6.646E-01	7.984E-03	6.718E-01	6.562E-01	6.662E-01	6.630E-01	6.642E-01	6.651E-01
1.020E+00	6.624E-01	8.136E-03	6.698E-01	6.539E-01	6.640E-01	6.608E-01	6.619E-01	6.629E-01
1.030E+00	6.602E-01	8.283E-03	6.678E-01	6.516E-01	6.617E-01	6.586E-01	6.597E-01	6.607E-01
1.040E+00	6.579E-01	8.425E-03	6.658E-01	6.493E-01	6.595E-01	6.564E-01	6.574E-01	6.584E-01
1.050E+00	6.557E-01	8.562E-03	6.638E-01	6.470E-01	6.572E-01	6.542E-01	6.552E-01	6.562E-01
1.060E+00	6.534E-01	8.693E-03	6.618E-01	6.448E-01	6.549E-01	6.519E-01	6.529E-01	6.540E-01
1.070E+00	6.512E-01	8.820E-03	6.598E-01	6.425E-01	6.527E-01	6.497E-01	6.507E-01	6.517E-01
1.080E+00	6.490E-01	8.942E-03	6.578E-01	6.402E-01	6.504E-01	6.475E-01	6.484E-01	6.495E-01
1.090E+00	6.467E-01	9.058E-03	6.558E-01	6.380E-01	6.482E-01	6.453E-01	6.462E-01	6.472E-01
1.100E+00	6.445E-01	9.170E-03	6.538E-01	6.357E-01	6.459E-01	6.430E-01	6.439E-01	6.450E-01
1.110E+00	6.422E-01	9.277E-03	6.517E-01	6.334E-01	6.436E-01	6.408E-01	6.417E-01	6.427E-01
1.120E+00	6.400E-01	9.379E-03	6.497E-01	6.312E-01	6.414E-01	6.386E-01	6.394E-01	6.405E-01
1.130E+00	6.377E-01	9.476E-03	6.477E-01	6.289E-01	6.391E-01	6.363E-01	6.372E-01	6.382E-01
1.140E+00	6.355E-01	9.568E-03	6.456E-01	6.267E-01	6.368E-01	6.341E-01	6.349E-01	6.360E-01
1.150E+00	6.332E-01	9.655E-03	6.436E-01	6.245E-01	6.345E-01	6.319E-01	6.327E-01	6.338E-01
1.160E+00	6.310E-01	9.737E-03	6.415E-01	6.222E-01	6.323E-01	6.296E-01	6.304E-01	6.315E-01
1.170E+00	6.287E-01	9.815E-03	6.394E-01	6.200E-01	6.300E-01	6.274E-01	6.282E-01	6.293E-01
1.180E+00	6.265E-01	9.888E-03	6.374E-01	6.178E-01	6.277E-01	6.252E-01	6.259E-01	6.270E-01
1.190E+00	6.242E-01	9.957E-03	6.353E-01	6.156E-01	6.255E-01	6.229E-01	6.237E-01	6.248E-01
1.200E+00	6.220E-01	1.002E-02	6.332E-01	6.133E-01	6.232E-01	6.207E-01	6.214E-01	6.225E-01
1.210E+00	6.197E-01	1.008E-02	6.311E-01	6.111E-01	6.209E-01	6.185E-01	6.191E-01	6.203E-01
1.220E+00	6.175E-01	1.013E-02	6.290E-01	6.089E-01	6.187E-01	6.162E-01	6.169E-01	6.180E-01
1.230E+00	6.152E-01	1.018E-02	6.269E-01	6.067E-01	6.164E-01	6.140E-01	6.146E-01	6.158E-01
1.240E+00	6.130E-01	1.023E-02	6.248E-01	6.045E-01	6.141E-01	6.118E-01	6.124E-01	6.135E-01
1.250E+00	6.107E-01	1.027E-02	6.227E-01	6.023E-01	6.119E-01	6.096E-01	6.101E-01	6.113E-01
1.260E+00	6.085E-01	1.031E-02	6.206E-01	6.002E-01	6.096E-01	6.073E-01	6.079E-01	6.090E-01
1.270E+00	6.062E-01	1.034E-02	6.185E-01	5.980E-01	6.073E-01	6.051E-01	6.056E-01	6.068E-01
1.280E+00	6.040E-01	1.037E-02	6.164E-01	5.958E-01	6.051E-01	6.029E-01	6.034E-01	6.046E-01
1.290E+00	6.017E-01	1.039E-02	6.143E-01	5.936E-01	6.028E-01	6.006E-01	6.011E-01	6.023E-01
1.300E+00	5.995E-01	1.041E-02	6.122E-01	5.915E-01	6.005E-01	5.984E-01	5.989E-01	6.001E-01
1.310E+00	5.972E-01	1.043E-02	6.100E-01	5.893E-01	5.983E-01	5.962E-01	5.966E-01	5.978E-01
1.320E+00	5.950E-01	1.044E-02	6.079E-01	5.872E-01	5.960E-01	5.940E-01	5.944E-01	5.956E-01
1.330E+00	5.928E-01	1.045E-02	6.058E-01	5.850E-01	5.938E-01	5.918E-01	5.922E-01	5.934E-01
1.340E+00	5.905E-01	1.045E-02	6.036E-01	5.829E-01	5.915E-01	5.895E-01	5.899E-01	5.911E-01
1.350E+00	5.883E-01	1.045E-02	6.015E-01	5.807E-01	5.893E-01	5.873E-01	5.877E-01	5.889E-01
1.360E+00	5.861E-01	1.045E-02	5.994E-01	5.786E-01	5.870E-01	5.851E-01	5.854E-01	5.867E-01
1.370E+00	5.838E-01	1.044E-02	5.972E-01	5.765E-01	5.847E-01	5.829E-01	5.832E-01	5.844E-01
1.380E+00	5.816E-01	1.043E-02	5.951E-01	5.743E-01	5.825E-01	5.807E-01	5.810E-01	5.822E-01
1.390E+00	5.794E-01	1.041E-02	5.929E-01	5.722E-01	5.803E-01	5.785E-01	5.787E-01	5.800E-01
1.400E+00	5.771E-01	1.039E-02	5.908E-01	5.701E-01	5.780E-01	5.762E-01	5.765E-01	5.777E-01
1.410E+00	5.749E-01	1.037E-02	5.886E-01	5.680E-01	5.758E-01	5.740E-01	5.743E-01	5.755E-01
1.420E+00	5.727E-01	1.034E-02	5.865E-01	5.659E-01	5.735E-01	5.718E-01	5.720E-01	5.733E-01
1.430E+00	5.705E-01	1.031E-02	5.843E-01	5.638E-01	5.713E-01	5.696E-01	5.698E-01	5.711E-01
1.440E+00	5.682E-01	1.028E-02	5.821E-01	5.617E-01	5.690E-01	5.674E-01	5.676E-01	5.689E-01
1.450E+00	5.660E-01	1.024E-02	5.800E-01	5.596E-01	5.668E-01	5.652E-01	5.654E-01	5.666E-01
1.460E+00	5.638E-01	1.020E-02	5.778E-01	5.575E-01	5.646E-01	5.630E-01	5.632E-01	5.644E-01
1.470E+00	5.616E-01	1.015E-02	5.756E-01	5.554E-01	5.623E-01	5.608E-01	5.609E-01	5.622E-01
1.480E+00	5.594E-01	1.010E-02	5.735E-01	5.534E-01	5.601E-01	5.586E-01	5.587E-01	5.600E-01
1.490E+00	5.572E-01	1.005E-02	5.713E-01	5.513E-01	5.579E-01	5.564E-01	5.565E-01	5.578E-01
1.500E+00	5.550E-01	9.997E-03	5.691E-01	5.492E-01	5.557E-01	5.542E-01	5.543E-01	5.556E-01
1.510E+00	5.528E-01	9.939E-03	5.670E-01	5.472E-01	5.534E-01	5.521E-01	5.521E-01	5.534E-01
1.520E+00	5.506E-01	9.878E-03	5.648E-01	5.451E-01	5.512E-01	5.499E-01	5.499E-01	5.512E-01
1.530E+00	5.484E-01	9.813E-03	5.626E-01	5.431E-01	5.490E-01	5.477E-01	5.477E-01	5.490E-01
1.540E+00	5.462E-01	9.746E-03	5.604E-01	5.410E-01	5.468E-01	5.455E-01	5.455E-01	5.468E-01
1.550E+00	5.440E-01	9.675E-03	5.583E-01	5.390E-01	5.446E-01	5.433E-01	5.433E-01	5.446E-01
1.560E+00	5.418E-01	9.601E-03	5.561E-01	5.370E-01	5.424E-01	5.412E-01	5.411E-01	5.424E-01
1.570E+00	5.396E-01	9.524E-03	5.539E-01	5.349E-01	5.402E-01	5.390E-01	5.389E-01	5.403E-01
1.580E+00	5.374E-01	9.445E-03	5.517E-01	5.329E-01	5.380E-01	5.368E-01	5.367E-01	5.381E-01
1.590E+00	5.352E-01	9.362E-03	5.496E-01	5.309E-01	5.358E-01	5.347E-01	5.346E-01	5.359E-01
1.600E+00	5.330E-01	9.276E-03	5.474E-01	5.289E-01	5.336E-01	5.325E-01	5.324E-01	5.337E-01
1.610E+00	5.309E-01	9.188E-03	5.452E-01	5.269E-01	5.314E-01	5.303E-01	5.302E-01	5.315E-01
1.620E+00	5.287E-01	9.097E-03	5.430E-01	5.249E-01	5.292E-01	5.282E-01	5.280E-01	5.294E-01
1.630E+00	5.265E-01	9.003E-03	5.408E-01	5.229E-01	5.270E-01	5.260E-01	5.259E-01	5.272E-01
1.640E+00	5.244E-01	8.906E-03	5.387E-01	5.209E-01	5.248E-01	5.239E-01	5.237E-01	5.251E-01
1.650E+00	5.222E-01	8.807E-03	5.365E-01	5.189E-01	5.227E-01	5.217E-01	5.215E-01	5.229E-01
1.660E+00	5.200E-01	8.705E-03	5.343E-01	5.170E-01	5.205E-01	5.196E-01	5.194E-01	5.207E-01
1.670E+00	5.179E-01	8.600E-03	5.321E-01	5.150E-01	5.183E-01	5.175E-01	5.172E-01	5.186E-01
1.680E+00	5.157E-01	8.493E-03	5.299E-01	5.130E-01	5.161E-01	5.153E-01	5.150E-01	5.164E-01
1.690E+00	5.136E-01	8.383E-03	5.278E-01	5.111E-01	5.140E-01	5.132E-01	5.129E-01	5.143E-01
1.700E+00	5.115E-01	8.271E-03	5.256E-01	5.091E-01	5.118E-01	5.111E-01	5.108E-01	5.122E-01
1.710E+00	5.093E-01	8.156E-03	5.234E-01	5.072E-01	5.097E-01	5.089E-01	5.086E-01	5.100E-01
1.720E+00	5.072E-01	8.040E-03	5.212E-01	5.052E-01	5.075E-01	5.068E-01	5.065E-01	5.079E-01
1.730E+00	5.050E-01	7.920E-03	5.190E-01	5.033E-01	5.054E-01	5.047E-01	5.043E-01	5.057E-01
1.740E+00	5.029E-01	7.799E-03	5.169E-01	5.013E-01	5.032E-01	5.026E-01	5.022E-01	5.036E-01
1.750E+00	5.008E-01	7.675E-03	5.147E-01	4.994E-01	5.011E-01	5.005E-01	5.001E-01	5.015E-01
1.760E+00	4.987E-01	7.549E-03	5.125E-01	4.975E-01	4.989E-01	4.984E-01	4.980E-01	4.994E-01
1.770E+00	4.966E-01	7.421E-03	5.103E-01	4.956E-01	4.968E-01	4.963E-01	4.958E-01	4.973E-01
1.780E+00	4.944E-01	7.290E-03	5.082E-01	4.937E-01	4.947E-01	4.942E-01	4.937E-01	4.952E-01
1.790E+00	4.923E-01	7.158E-03	5.060E-01	4.918E-01	4.926E-01	4.921E-01	4.916E-01	4.930E-01
1.800E+00	4.902E-01	7.023E-03	5.038E-01	4.899E-01	4.904E-01	4.900E-01	4.895E-01	4.909E-01
1.810E+00	4.881E-01	6.887E-03	5.017E-01	4.880E-01	4.883E-01	4.879E-01	4.874E-01	4.888E-01
1.820E+00	4.860E-01	6.748E-03	4.995E-01	4.861E-01	4.862E-01	4.858E-01	4.853E-01	4.868E-01
1.830E+00	4.839E-01	6.608E-03	4.973E-01	4.842E-01	4.841E-01	4.838E-01	4.832E-01	4.847E-01
1.840E+00	4.818E-01	6.466E-03	4.952E-01	4.823E-01	4.820E-01	4.817E-01	4.811E-01	4.826E-01
1.850E+00	4.798E-01	6.321E-03	4.930E-01	4.805E-01	4.799E-01	4.796E-01	4.790E-01	4.805E-01
1.860E+00	4.777E-01	6.176E-03	4.908E-01	4.786E-01	4.778E-01	4.775E-01	4.770E-01	4.784E-01
1.870E+00	4.756E-01	6.028E-03	4.887E-01	4.767E-01	4.757E-01	4.755E-01	4.749E-01	4.763E-01
1.880E+00	4.735E-01	5.878E-03	4.865E-01	4.749E-01	4.736E-01	4.734E-01	4.728E-01	4.743E-01
1.890E+00	4.715E-01	5.727E-03	4.844E-01	4.730E-01	4.716E-01	4.714E-01	4.707E-01	4.722E-01
1.900E+00	4.694E-01	5.575E-03	4.822E-01	4.712E-01	4.695E-01	4.693E-01	4.687E-01	4.701E-01
1.910E+00	4.674E-01	5.421E-03	4.801E-01	4.693E-01	4.674E-01	4.673E-01	4.666E-01	4.681E-01
1.920E+00	4.653E-01	5.265E-03	4.779E-01	4.675E-01	4.653E-01	4.652E-01	4.646E-01	4.660E-01
1.930E+00	4.632E-01	5.107E-03	4.758E-01	4.657E-01	4.633E-01	4.632E-01	4.625E-01	4.640E-01
1.940E+00	4.612E-01	4.949E-03	4.736E-01	4.638E-01	4.612E-01	4.612E-01	4.605E-01	4.619E-01
1.950E+00	4.592E-01	4.789E-03	4.715E-01	4.620E-01	4.592E-01	4.592E-01	4.584E-01	4.599E-01
1.960E+00	4.571E-01	4.627E-03	4.693E-01	4.602E-01	4.571E-01	4.571E-01	4.564E-01	4.579E-01
1.970E+00	4.551E-01	4.465E-03	4.672E-01	4.584E-01	4.551E-01	4.551E-01	4.544E-01	4.559E-01
1.980E+00	4.531E-01	4.301E-03	4.651E-01	4.566E-01	4.530E-01	4.531E-01	4.523E-01	4.538E-01
1.990E+00	4.511E-01	4.136E-03	4.629E-01	4.548E-01	4.510E-01	4.511E-01	4.503E-01	4.518E-01
2.000E+00	4.490E-01	3.970E-03	4.608E-01	4.530E-01	4.490E-01	4.491E-01	4.483E-01	4.498E-01
2.010E+00	4.470E-01	3.803E-03	4.587E-01	4.512E-01	4.469E-01	4.471E-01	4.463E-01	4.478E-01
2.020E+00	4.450E-01	3.635E-03	4.566E-01	4.495E-01	4.449E-01	4.451E-01	4.443E-01	4.458E-01
2.030E+00	4.430E-01	3.466E-03	4.544E-01	4.477E-01	4.429E-01	4.431E-01	4.423E-01	4.438E-01
2.040E+00	4.410E-01	3.297E-03	4.523E-01	4.459E-01	4.409E-01	4.411E-01	4.403E-01	4.418E-01
2.050E+00	4.390E-01	3.127E-03	4.502E-01	4.442E-01	4.389E-01	4.392E-01	4.383E-01	4.398E-01
2.060E+00	4.370E-01	2.956E-03	4.481E-01	4.424E-01	4.369E-01	4.372E-01	4.363E-01	4.378E-01
2.070E+00	4.351E-01	2.786E-03	4.460E-01	4.406E-01	4.349E-01	4.352E-01	4.343E-01	4.358E-01
2.080E+00	4.331E-01	2.615E-03	4.439E-01	4.389E-01	4.329E-01	4.333E-01	4.323E-01	4.339E-01
2.090E+00	4.311E-01	2.445E-03	4.418E-01	4.372E-01	4.309E-01	4.313E-01	4.304E-01	4.319E-01
2.100E+00	4.292E-01	2.275E-03	4.397E-01	4.354E-01	4.290E-01	4.293E-01	4.284E-01	4.299E-01
2.110E+00	4.272E-01	2.107E-03	4.376E-01	4.337E-01	4.270E-01	4.274E-01	4.264E-01	4.280E-01
2.120E+00	4.252E-01	1.940E-03	4.355E-01	4.320E-01	4.250E-01	4.254E-01	4.245E-01	4.260E-01
2.130E+00	4.233E-01	1.775E-03	4.334E-01	4.302E-01	4.230E-01	4.235E-01	4.225E-01	4.241E-01
2.140E+00	4.213E-01	1.614E-03	4.313E-01	4.285E-01	4.211E-01	4.216E-01	4.206E-01	4.221E-01
2.150E+00	4.194E-01	1.459E-03	4.292E-01	4.268E-01	4.191E-01	4.196E-01	4.186E-01	4.202E-01
2.160E+00	4.175E-01	1.311E-03	4.272E-01	4.251E-01	4.172E-01	4.177E-01	4.167E-01	4.182E-01
2.170E+00	4.155E-01	1.173E-03	4.251E-01	4.234E-01	4.152E-01	4.158E-01	4.148E-01	4.163E-01
2.180E+00	4.136E-01	1.051E-03	4.230E-01	4.217E-01	4.133E-01	4.139E-01	4.128E-01	4.144E-01
2.190E+00	4.117E-01	9.508E-04	4.210E-01	4.200E-01	4.114E-01	4.120E-01	4.109E-01	4.125E-01
2.200E+00	4.098E-01	8.805E-04	4.189E-01	4.184E-01	4.094E-01	4.101E-01	4.090E-01	4.105E-01
2.210E+00	4.079E-01	8.480E-04	4.168E-01	4.167E-01	4.075E-01	4.082E-01	4.071E-01	4.086E-01
2.220E+00	4.060E-01	8.582E-04	4.148E-01	4.150E-01	4.056E-01	4.063E-01	4.052E-01	4.067E-01
2.230E+00	4.041E-01	9.100E-04	4.127E-01	4.134E-01	4.037E-01	4.044E-01	4.033E-01	4.048E-01
2.240E+00	4.022E-01	9.974E-04	4.107E-01	4.117E-01	4.018E-01	4.025E-01	4.014E-01	4.029E-01
2.250E+00	4.003E-01	1.112E-03	4.086E-01	4.100E-01	3.999E-01	4.006E-01	3.995E-01	4.011E-01
2.260E+00	3.984E-01	1.247E-03	4.066E-01	4.084E-01	3.980E-01	3.988E-01	3.976E-01	3.992E-01
2.270E+00	3.965E-01	1.397E-03	4.046E-01	4.067E-01	3.961E-01	3.969E-01	3.957E-01	3.973E-01
2.280E+00	3.946E-01	1.557E-03	4.025E-01	4.051E-01	3.942E-01	3.950E-01	3.939E-01	3.954E-01
2.290E+00	3.928E-01	1.726E-03	4.005E-01	4.035E-01	3.924E-01	3.932E-01	3.920E-01	3.936E-01
2.300E+00	3.909E-01	1.900E-03	3.985E-01	4.018E-01	3.905E-01	3.913E-01	3.901E-01	3.917E-01
2.310E+00	3.891E-01	2.078E-03	3.965E-01	4.002E-01	3.886E-01	3.895E-01	3.883E-01	3.898E-01
2.320E+00	3.872E-01	2.260E-03	3.945E-01	3.986E-01	3.868E-01	3.877E-01	3.864E-01	3.880E-01
2.330E+00	3.854E-01	2.445E-03	3.925E-01	3.970E-01	3.849E-01	3.858E-01	3.846E-01	3.861E-01
2.340E+00	3.835E-01	2.632E-03	3.905E-01	3.954E-01	3.830E-01	3.840E-01	3.827E-01	3.843E-01
2.350E+00	3.817E-01	2.821E-03	3.885E-01	3.938E-01	3.812E-01	3.822E-01	3.809E-01	3.825E-01
2.360E+00	3.799E-01	3.011E-03	3.865E-01	3.922E-01	3.794E-01	3.803E-01	3.791E-01	3.806E-01
2.370E+00	3.780E-01	3.203E-03	3.845E-01	3.906E-01	3.775E-01	3.785E-01	3.772E-01	3.788E-01
2.380E+00	3.762E-01	3.396E-03	3.825E-01	3.890E-01	3.757E-01	3.767E-01	3.754E-01	3.770E-01
2.390E+00	3.744E-01	3.590E-03	3.805E-01	3.874E-01	3.739E-01	3.749E-01	3.736E-01	3.752E-01
2.400E+00	3.726E-01	3.785E-03	3.785E-01	3.859E-01	3.721E-01	3.731E-01	3.718E-01	3.734E-01
2.410E+00	3.708E-01	3.981E-03	3.766E-01	3.843E-01	3.703E-01	3.713E-01	3.700E-01	3.716E-01
2.420E+00	3.690E-01	4.177E-03	3.746E-01	3.827E-01	3.684E-01	3.696E-01	3.682E-01	3.698E-01
2.430E+00	3.672E-01	4.374E-03	3.726E-01	3.812E-01	3.666E-01	3.678E-01	3.664E-01	3.680E-01
2.440E+00	3.654E-01	4.571E-03	3.707E-01	3.796E-01	3.649E-01	3.660E-01	3.646E-01	3.662E-01
2.450E+00	3.637E-01	4.769E-03	3.687E-01	3.781E-01	3.631E-01	3.642E-01	3.629E-01	3.644E-01
2.460E+00	3.619E-01	4.967E-03	3.668E-01	3.765E-01	3.613E-01	3.625E-01	3.611E-01	3.627E-01
2.470E+00	3.601E-01	5.165E-03	3.649E-01	3.750E-01	3.595E-01	3.607E-01	3.593E-01	3.609E-01
2.480E+00	3.583E-01	5.364E-03	3.629E-01	3.735E-01	3.577E-01	3.590E-01	3.576E-01	3.591E-01
2.490E+00	3.566E-01	5.563E-03	3.610E-01	3.719E-01	3.560E-01	3.572E-01	3.558E-01	3.574E-01
2.500E+00	3.548E-01	5.762E-03	3.591E-01	3.704E-01	3.542E-01	3.555E-01	3.540E-01	3.556E-01
2.510E+00	3.531E-01	5.961E-03	3.571E-01	3.689E-01	3.525E-01	3.537E-01	3.523E-01	3.539E-01
2.520E+00	3.514E-01	6.160E-03	3.552E-01	3.674E-01	3.507E-01	3.520E-01	3.506E-01	3.522E-01
2.530E+00	3.496E-01	6.359E-03	3.533E-01	3.659E-01	3.490E-01	3.503E-01	3.488E-01	3.504E-01
2.540E+00	3.479E-01	6.559E-03	3.514E-01	3.644E-01	3.472E-01	3.486E-01	3.471E-01	3.487E-01
2.550E+00	3.462E-01	6.758E-03	3.495E-01	3.629E-01	3.455E-01	3.468E-01	3.454E-01	3.470E-01
2.560E+00	3.445E-01	6.958E-03	3.476E-01	3.614E-01	3.438E-01	3.451E-01	3.437E-01	3.453E-01
2.570E+00	3.428E-01	7.157E-03	3.457E-01	3.599E-01	3.421E-01	3.434E-01	3.420E-01	3.436E-01
2.580E+00	3.410E-01	7.356E-03	3.438E-01	3.584E-01	3.403E-01	3.417E-01	3.402E-01	3.418E-01
2.590E+00	3.393E-01	7.555E-03	3.420E-01	3.569E-01	3.386E-01	3.401E-01	3.385E-01	3.401E-01
2.600E+00	3.377E-01	7.754E-03	3.401E-01	3.555E-01	3.369E-01	3.384E-01	3.369E-01	3.385E-01
2.610E+00	3.360E-01	7.953E-03	3.382E-01	3.540E-01	3.352E-01	3.367E-01	3.352E-01	3.368E-01
2.620E+00	3.343E-01	8.152E-03	3.364E-01	3.525E-01	3.335E-01	3.350E-01	3.335E-01	3.351E-01
2.630E+00	3.326E-01	8.350E-03	3.345E-01	3.511E-01	3.319E-01	3.333E-01	3.318E-01	3.334E-01
2.640E+00	3.309E-01	8.548E-03	3.327E-01	3.496E-01	3.302E-01	3.317E-01	3.301E-01	3.317E-01
2.650E+00	3.293E-01	8.746E-03	3.308E-01	3.482E-01	3.285E-01	3.300E-01	3.285E-01	3.301E-01
2.660E+00	3.276E-01	8.944E-03	3.290E-01	3.467E-01	3.268E-01	3.284E-01	3.268E-01	3.284E-01
2.670E+00	3.260E-01	9.141E-03	3.272E-01	3.453E-01	3.252E-01	3.267E-01	3.252E-01	3.268E-01
2.680E+00	3.243E-01	9.339E-03	3.253E-01	3.439E-01	3.235E-01	3.251E-01	3.235E-01	3.251E-01
2.690E+00	3.227E-01	9.535E-03	3.235E-01	3.424E-01	3.219E-01	3.235E-01	3.219E-01	3.235E-01
2.700E+00	3.210E-01	9.732E-03	3.217E-01	3.410E-01	3.202E-01	3.218E-01	3.202E-01	3.218E-01
2.710E+00	3.194E-01	9.928E-03	3.199E-01	3.396E-01	3.186E-01	3.202E-01	3.186E-01	3.202E-01
2.720E+00	3.178E-01	1.012E-02	3.181E-01	3.382E-01	3.170E-01	3.186E-01	3.170E-01	3.186E-01
2.730E+00	3.162E-01	1.032E-02	3.163E-01	3.368E-01	3.153E-01	3.170E-01	3.154E-01	3.170E-01
2.740E+00	3.146E-01	1.051E-02	3.145E-01	3.354E-01	3.137E-01	3.154E-01	3.138E-01	3.154E-01
2.750E+00	3.129E-01	1.071E-02	3.127E-01	3.340E-01	3.121E-01	3.138E-01	3.121E-01	3.137E-01
2.760E+00	3.113E-01	1.090E-02	3.109E-01	3.326E-01	3.105E-01	3.122E-01	3.105E-01	3.121E-01
2.770E+00	3.098E-01	1.110E-02	3.091E-01	3.312E-01	3.089E-01	3.106E-01	3.090E-01	3.106E-01
2.780E+00	3.082E-01	1.129E-02	3.074E-01	3.298E-01	3.073E-01	3.090E-01	3.074E-01	3.090E-01
2.790E+00	3.066E-01	1.148E-02	3.056E-01	3.285E-01	3.057E-01	3.074E-01	3.058E-01	3.074E-01
2.800E+00	3.050E-01	1.167E-02	3.039E-01	3.271E-01	3.041E-01	3.059E-01	3.042E-01	3.058E-01
2.810E+00	3.034E-01	1.187E-02	3.021E-01	3.257E-01	3.025E-01	3.043E-01	3.026E-01	3.042E-01
2.820E+00	3.019E-01	1.206E-02	3.004E-01	3.244E-01	3.010E-01	3.027E-01	3.011E-01	3.027E-01
2.830E+00	3.003E-01	1.225E-02	2.986E-01	3.230E-01	2.994E-01	3.012E-01	2.995E-01	3.011E-01
2.840E+00	2.987E-01	1.244E-02	2.969E-01	3.216E-01	2.978E-01	2.996E-01	2.979E-01	2.995E-01
2.850E+00	2.972E-01	1.263E-02	2.952E-01	3.203E-01	2.963E-01	2.981E-01	2.964E-01	2.980E-01
2.860E+00	2.957E-01	1.281E-02	2.934E-01	3.190E-01	2.947E-01	2.966E-01	2.949E-01	2.965E-01
2.870E+00	2.941E-01	1.300E-02	2.917E-01	3.176E-01	2.932E-01	2.950E-01	2.933E-01	2.949E-01
2.880E+00	2.926E-01	1.319E-02	2.900E-01	3.163E-01	2.917E-01	2.935E-01	2.918E-01	2.934E-01
2.890E+00	2.911E-01	1.338E-02	2.883E-01	3.150E-01	2.901E-01	2.920E-01	2.903E-01	2.919E-01
2.900E+00	2.895E-01	1.356E-02	2.866E-01	3.136E-01	2.886E-01	2.905E-01	2.887E-01	2.903E-01
2.910E+00	2.880E-01	1.375E-02	2.849E-01	3.123E-01	2.871E-01	2.890E-01	2.872E-01	2.888E-01
2.920E+00	2.865E-01	1.393E-02	2.832E-01	3.110E-01	2.856E-01	2.875E-01	2.857E-01	2.873E-01
2.930E+00	2.850E-01	1.412E-02	2.816E-01	3.097E-01	2.841E-01	2.860E-01	2.842E-01	2.858E-01
2.940E+00	2.835E-01	1.430E-02	2.799E-01	3.084E-01	2.826E-01	2.845E-01	2.827E-01	2.843E-01
2.950E+00	2.820E-01	1.448E-02	2.782E-01	3.071E-01	2.811E-01	2.830E-01	2.812E-01	2.828E-01
2.960E+00	2.805E-01	1.466E-02	2.766E-01	3.058E-01	2.796E-01	2.815E-01	2.797E-01	2.813E-01
2.970E+00	2.791E-01	1.485E-02	2.749E-01	3.045E-01	2.781E-01	2.800E-01	2.783E-01	2.798E-01
2.980E+00	2.776E-01	1.503E-02	2.733E-01	3.032E-01	2.766E-01	2.786E-01	2.768E-01	2.784E-01
2.990E+00	2.761E-01	1.521E-02	2.716E-01	3.019E-01	2.751E-01	2.771E-01	2.753E-01	2.769E-01
3.000E+00	2.747E-01	1.538E-02	2.700E-01	3.007E-01	2.737E-01	2.756E-01	2.739E-01	2.754E-01
