1.000E-02	1.045E+00	1.154E-03	1.046E+00	1.043E+00	1.045E+00	1.044E+00	1.045E+00	1.045E+00
2.000E-02	1.044E+00	1.148E-03	1.045E+00	1.043E+00	1.045E+00	1.044E+00	1.044E+00	1.044E+00
3.000E-02	1.044E+00	1.141E-03	1.045E+00	1.043E+00	1.045E+00	1.044E+00	1.044E+00	1.044E+00
4.000E-02	1.044E+00	1.132E-03	1.045E+00	1.043E+00	1.044E+00	1.044E+00	1.044E+00	1.044E+00
5.000E-02	1.044E+00	1.123E-03	1.045E+00	1.043E+00	1.044E+00	1.043E+00	1.044E+00	1.044E+00
6.000E-02	1.043E+00	1.112E-03	1.044E+00	1.042E+00	1.044E+00	1.043E+00	1.043E+00	1.043E+00
7.000E-02	1.043E+00	1.100E-03	1.044E+00	1.042E+00	1.043E+00	1.043E+00	1.043E+00	1.043E+00
8.000E-02	1.043E+00	1.087E-03	1.044E+00	1.042E+00	1.043E+00	1.042E+00	1.043E+00	1.043E+00
9.000E-02	1.042E+00	1.074E-03	1.043E+00	1.041E+00	1.043E+00	1.042E+00	1.042E+00	1.042E+00
1.000E-01	1.042E+00	1.061E-03	1.043E+00	1.041E+00	1.042E+00	1.041E+00	1.042E+00	1.042E+00
1.100E-01	1.041E+00	1.046E-03	1.042E+00	1.040E+00	1.042E+00	1.041E+00	1.041E+00	1.041E+00
1.200E-01	1.041E+00	1.031E-03	1.041E+00	1.040E+00	1.041E+00	1.040E+00	1.041E+00	1.041E+00
1.300E-01	1.040E+00	1.016E-03	1.041E+00	1.039E+00	1.040E+00	1.039E+00	1.040E+00	1.040E+00
1.400E-01	1.039E+00	1.000E-03	1.040E+00	1.038E+00	1.040E+00	1.039E+00	1.039E+00	1.039E+00
1.500E-01	1.039E+00	9.845E-04	1.039E+00	1.038E+00	1.039E+00	1.038E+00	1.039E+00	1.039E+00
1.600E-01	1.038E+00	9.682E-04	1.039E+00	1.037E+00	1.038E+00	1.037E+00	1.038E+00	1.038E+00
1.700E-01	1.037E+00	9.517E-04	1.038E+00	1.036E+00	1.038E+00	1.037E+00	1.037E+00	1.037E+00
1.800E-01	1.036E+00	9.350E-04	1.037E+00	1.035E+00	1.037E+00	1.036E+00	1.036E+00	1.036E+00
1.900E-01	1.035E+00	9.180E-04	1.036E+00	1.035E+00	1.036E+00	1.035E+00	1.035E+00	1.035E+00
2.000E-01	1.035E+00	9.009E-04	1.035E+00	1.034E+00	1.035E+00	1.034E+00	1.035E+00	1.035E+00
2.100E-01	1.034E+00	8.836E-04	1.034E+00	1.033E+00	1.034E+00	1.033E+00	1.034E+00	1.034E+00
2.200E-01	1.033E+00	8.662E-04	1.033E+00	1.032E+00	1.033E+00	1.032E+00	1.033E+00	1.033E+00
2.300E-01	1.032E+00	8.488E-04	1.032E+00	1.031E+00	1.032E+00	1.031E+00	1.032E+00	1.032E+00
2.400E-01	1.031E+00	8.313E-04	1.031E+00	1.030E+00	1.031E+00	1.030E+00	1.031E+00	1.031E+00
2.500E-01	1.030E+00	8.137E-04	1.030E+00	1.029E+00	1.030E+00	1.029E+00	1.030E+00	1.030E+00
2.600E-01	1.029E+00	7.962E-04	1.029E+00	1.028E+00	1.029E+00	1.028E+00	1.029E+00	1.029E+00
2.700E-01	1.028E+00	7.787E-04	1.028E+00	1.027E+00	1.028E+00	1.027E+00	1.028E+00	1.028E+00
2.800E-01	1.026E+00	7.612E-04	1.027E+00	1.026E+00	1.027E+00	1.026E+00	1.026E+00	1.026E+00
2.900E-01	1.025E+00	7.438E-04	1.026E+00	1.025E+00	1.026E+00	1.025E+00	1.025E+00	1.025E+00
3.000E-01	1.024E+00	7.265E-04	1.025E+00	1.023E+00	1.025E+00	1.024E+00	1.024E+00	1.024E+00
3.100E-01	1.023E+00	7.094E-04	1.023E+00	1.022E+00	1.023E+00	1.022E+00	1.023E+00	1.023E+00
3.200E-01	1.022E+00	6.923E-04	1.022E+00	1.021E+00	1.022E+00	1.021E+00	1.022E+00	1.022E+00
3.300E-01	1.020E+00	6.755E-04	1.021E+00	1.020E+00	1.021E+00	1.020E+00	1.020E+00	1.020E+00
3.400E-01	1.019E+00	6.588E-04	1.020E+00	1.019E+00	1.019E+00	1.019E+00	1.019E+00	1.019E+00
3.500E-01	1.018E+00	6.424E-04	1.018E+00	1.017E+00	1.018E+00	1.017E+00	1.018E+00	1.018E+00
3.600E-01	1.016E+00	6.263E-04	1.017E+00	1.016E+00	1.017E+00	1.016E+00	1.016E+00	1.016E+00
3.700E-01	1.015E+00	6.104E-04	1.015E+00	1.014E+00	1.015E+00	1.015E+00	1.015E+00	1.015E+00
3.800E-01	1.014E+00	5.948E-04	1.014E+00	1.013E+00	1.014E+00	1.013E+00	1.013E+00	1.014E+00
3.900E-01	1.012E+00	5.796E-04	1.012E+00	1.012E+00	1.012E+00	1.012E+00	1.012E+00	1.012E+00
4.000E-01	1.011E+00	5.647E-04	1.011E+00	1.010E+00	1.011E+00	1.010E+00	1.011E+00	1.011E+00
4.100E-01	1.009E+00	5.502E-04	1.009E+00	1.009E+00	1.010E+00	1.009E+00	1.009E+00	1.009E+00
4.200E-01	1.008E+00	5.362E-04	1.008E+00	1.007E+00	1.008E+00	1.007E+00	1.008E+00	1.008E+00
4.300E-01	1.006E+00	5.226E-04	1.006E+00	1.006E+00	1.006E+00	1.006E+00	1.006E+00	1.006E+00
4.400E-01	1.004E+00	5.096E-04	1.005E+00	1.004E+00	1.005E+00	1.004E+00	1.004E+00	1.004E+00
4.500E-01	1.003E+00	4.970E-04	1.003E+00	1.003E+00	1.003E+00	1.002E+00	1.003E+00	1.003E+00
4.600E-01	1.001E+00	4.850E-04	1.001E+00	1.001E+00	1.002E+00	1.001E+00	1.001E+00	1.001E+00
4.700E-01	9.995E-01	4.737E-04	9.998E-01	9.993E-01	1.000E+00	9.991E-01	9.995E-01	9.996E-01
4.800E-01	9.979E-01	4.629E-04	9.981E-01	9.976E-01	9.983E-01	9.974E-01	9.978E-01	9.979E-01
4.900E-01	9.961E-01	4.528E-04	9.963E-01	9.960E-01	9.966E-01	9.957E-01	9.961E-01	9.962E-01
5.000E-01	9.944E-01	4.434E-04	9.946E-01	9.942E-01	9.948E-01	9.940E-01	9.944E-01	9.944E-01
5.100E-01	9.927E-01	4.348E-04	9.928E-01	9.925E-01	9.931E-01	9.923E-01	9.926E-01	9.927E-01
5.200E-01	9.909E-01	4.268E-04	9.910E-01	9.908E-01	9.913E-01	9.905E-01	9.909E-01	9.909E-01
5.300E-01	9.891E-01	4.197E-04	9.892E-01	9.890E-01	9.895E-01	9.887E-01	9.891E-01	9.891E-01
5.400E-01	9.873E-01	4.134E-04	9.873E-01	9.872E-01	9.877E-01	9.869E-01	9.872E-01	9.873E-01
5.500E-01	9.854E-01	4.078E-04	9.855E-01	9.853E-01	9.858E-01	9.850E-01	9.854E-01	9.854E-01
5.600E-01	9.835E-01	4.031E-04	9.836E-01	9.835E-01	9.839E-01	9.831E-01	9.835E-01	9.836E-01
5.700E-01	9.816E-01	3.992E-04	9.817E-01	9.816E-01	9.820E-01	9.813E-01	9.816E-01	9.817E-01
5.800E-01	9.797E-01	3.962E-04	9.797E-01	9.797E-01	9.801E-01	9.793E-01	9.797E-01	9.798E-01
5.900E-01	9.778E-01	3.940E-04	9.778E-01	9.778E-01	9.782E-01	9.774E-01	9.778E-01	9.778E-01
6.000E-01	9.758E-01	3.926E-04	9.758E-01	9.758E-01	9.762E-01	9.754E-01	9.758E-01	9.759E-01
6.100E-01	9.739E-01	3.920E-04	9.738E-01	9.739E-01	9.742E-01	9.735E-01	9.738E-01	9.739E-01
6.200E-01	9.719E-01	3.921E-04	9.718E-01	9.719E-01	9.722E-01	9.715E-01	9.718E-01	9.719E-01
6.300E-01	9.698E-01	3.930E-04	9.697E-01	9.699E-01	9.702E-01	9.694E-01	9.698E-01	9.698E-01
6.400E-01	9.678E-01	3.946E-04	9.677E-01	9.679E-01	9.682E-01	9.674E-01	9.678E-01	9.678E-01
6.500E-01	9.657E-01	3.969E-04	9.656E-01	9.658E-01	9.661E-01	9.653E-01	9.657E-01	9.657E-01
6.600E-01	9.636E-01	3.999E-04	9.635E-01	9.637E-01	9.640E-01	9.632E-01	9.636E-01	9.637E-01
6.700E-01	9.615E-01	4.034E-04	9.614E-01	9.617E-01	9.619E-01	9.611E-01	9.615E-01	9.615E-01
6.800E-01	9.594E-01	4.074E-04	9.592E-01	9.595E-01	9.598E-01	9.590E-01	9.594E-01	9.594E-01
6.900E-01	9.573E-01	4.120E-04	9.571E-01	9.574E-01	9.576E-01	9.569E-01	9.572E-01	9.573E-01
7.000E-01	9.551E-01	4.171E-04	9.549E-01	9.553E-01	9.555E-01	9.547E-01	9.551E-01	9.551E-01
7.100E-01	9.529E-01	4.225E-04	9.527E-01	9.531E-01	9.533E-01	9.525E-01	9.529E-01	9.529E-01
7.200E-01	9.507E-01	4.284E-04	9.505E-01	9.509E-01	9.511E-01	9.503E-01	9.507E-01	9.507E-01
7.300E-01	9.485E-01	4.345E-04	9.482E-01	9.487E-01	9.488E-01	9.481E-01	9.484E-01	9.485E-01
7.400E-01	9.462E-01	4.410E-04	9.460E-01	9.465E-01	9.466E-01	9.459E-01	9.462E-01	9.463E-01
7.500E-01	9.440E-01	4.477E-04	9.437E-01	9.442E-01	9.443E-01	9.436E-01	9.439E-01	9.440E-01
7.600E-01	9.417E-01	4.547E-04	9.414E-01	9.420E-01	9.421E-01	9.413E-01	9.417E-01	9.417E-01
7.700E-01	9.394E-01	4.618E-04	9.391E-01	9.397E-01	9.398E-01	9.390E-01	9.394E-01	9.394E-01
7.800E-01	9.371E-01	4.691E-04	9.368E-01	9.374E-01	9.374E-01	9.367E-01	9.371E-01	9.371E-01
7.900E-01	9.348E-01	4.765E-04	9.344E-01	9.351E-01	9.351E-01	9.344E-01	9.347E-01	9.348E-01
8.000E-01	9.324E-01	4.840E-04	9.321E-01	9.327E-01	9.328E-01	9.321E-01	9.324E-01	9.324E-01
8.100E-01	9.300E-01	4.916E-04	9.297E-01	9.304E-01	9.304E-01	9.297E-01	9.300E-01	9.301E-01
8.200E-01	9.277E-01	4.992E-04	9.273E-01	9.280E-01	9.280E-01	9.273E-01	9.276E-01	9.277E-01
8.300E-01	9.253E-01	5.068E-04	9.249E-01	9.256E-01	9.256E-01	9.249E-01	9.252E-01	9.253E-01
8.400E-01	9.228E-01	5.145E-04	9.225E-01	9.232E-01	9.232E-01	9.225E-01	9.228E-01	9.229E-01
8.500E-01	9.204E-01	5.221E-04	9.200E-01	9.208E-01	9.208E-01	9.201E-01	9.204E-01	9.204E-01
8.600E-01	9.180E-01	5.296E-04	9.176E-01	9.184E-01	9.183E-01	9.176E-01	9.179E-01	9.180E-01
8.700E-01	9.155E-01	5.372E-04	9.151E-01	9.159E-01	9.158E-01	9.152E-01	9.155E-01	9.155E-01
8.800E-01	9.130E-01	5.446E-04	9.126E-01	9.135E-01	9.134E-01	9.127E-01	9.130E-01	9.131E-01
8.900E-01	9.105E-01	5.520E-04	9.101E-01	9.110E-01	9.109E-01	9.102E-01	9.105E-01	9.106E-01
9.000E-01	9.080E-01	5.592E-04	9.076E-01	9.085E-01	9.083E-01	9.077E-01	9.080E-01	9.081E-01
9.100E-01	9.055E-01	5.664E-04	9.050E-01	9.060E-01	9.058E-01	9.052E-01	9.055E-01	9.055E-01
9.200E-01	9.030E-01	5.734E-04	9.025E-01	9.034E-01	9.033E-01	9.026E-01	9.029E-01	9.030E-01
9.300E-01	9.004E-01	5.803E-04	8.999E-01	9.009E-01	9.007E-01	9.001E-01	9.004E-01	9.004E-01
9.400E-01	8.978E-01	5.871E-04	8.973E-01	8.983E-01	8.982E-01	8.975E-01	8.978E-01	8.979E-01
9.500E-01	8.953E-01	5.937E-04	8.948E-01	8.958E-01	8.956E-01	8.949E-01	8.952E-01	8.953E-01
9.600E-01	8.927E-01	6.002E-04	8.922E-01	8.932E-01	8.930E-01	8.924E-01	8.926E-01	8.927E-01
9.700E-01	8.901E-01	6.064E-04	8.895E-01	8.906E-01	8.904E-01	8.897E-01	8.900E-01	8.901E-01
9.800E-01	8.874E-01	6.125E-04	8.869E-01	8.880E-01	8.877E-01	8.871E-01	8.874E-01	8.875E-01
9.900E-01	8.848E-01	6.185E-04	8.843E-01	8.853E-01	8.851E-01	8.845E-01	8.848E-01	8.848E-01
1.000E+00	8.822E-01	6.242E-04	8.816E-01	8.827E-01	8.825E-01	8.819E-01	8.821E-01	8.822E-01
1.010E+00	8.795E-01	6.298E-04	8.789E-01	8.800E-01	8.798E-01	8.792E-01	8.795E-01	8.795E-01
1.020E+00	8.768E-01	6.351E-04	8.763E-01	8.774E-01	8.771E-01	8.765E-01	8.768E-01	8.769E-01
1.030E+00	8.741E-01	6.403E-04	8.736E-01	8.747E-01	8.744E-01	8.738E-01	8.741E-01	8.742E-01
1.040E+00	8.714E-01	6.452E-04	8.709E-01	8.720E-01	8.717E-01	8.711E-01	8.714E-01	8.715E-01
1.050E+00	8.687E-01	6.500E-04	8.682E-01	8.693E-01	8.690E-01	8.684E-01	8.687E-01	8.688E-01
1.060E+00	8.660E-01	6.545E-04	8.654E-01	8.666E-01	8.663E-01	8.657E-01	8.660E-01	8.661E-01
1.070E+00	8.633E-01	6.588E-04	8.627E-01	8.639E-01	8.636E-01	8.630E-01	8.632E-01	8.633E-01
1.080E+00	8.605E-01	6.629E-04	8.599E-01	8.611E-01	8.608E-01	8.603E-01	8.605E-01	8.606E-01
1.090E+00	8.578E-01	6.668E-04	8.572E-01	8.584E-01	8.581E-01	8.575E-01	8.577E-01	8.578E-01
1.100E+00	8.550E-01	6.705E-04	8.544E-01	8.556E-01	8.553E-01	8.547E-01	8.550E-01	8.551E-01
1.110E+00	8.522E-01	6.739E-04	8.516E-01	8.529E-01	8.525E-01	8.520E-01	8.522E-01	8.523E-01
1.120E+00	8.495E-01	6.771E-04	8.488E-01	8.501E-01	8.497E-01	8.492E-01	8.494E-01	8.495E-01
1.130E+00	8.467E-01	6.801E-04	8.460E-01	8.473E-01	8.469E-01	8.464E-01	8.466E-01	8.467E-01
1.140E+00	8.439E-01	6.828E-04	8.432E-01	8.445E-01	8.441E-01	8.436E-01	8.438E-01	8.439E-01
1.150E+00	8.410E-01	6.853E-04	8.404E-01	8.417E-01	8.413E-01	8.408E-01	8.410E-01	8.411E-01
1.160E+00	8.382E-01	6.876E-04	8.376E-01	8.388E-01	8.385E-01	8.379E-01	8.382E-01	8.383E-01
1.170E+00	8.354E-01	6.896E-04	8.347E-01	8.360E-01	8.356E-01	8.351E-01	8.353E-01	8.354E-01
1.180E+00	8.325E-01	6.914E-04	8.319E-01	8.332E-01	8.328E-01	8.323E-01	8.325E-01	8.326E-01
1.190E+00	8.297E-01	6.930E-04	8.290E-01	8.303E-01	8.299E-01	8.294E-01	8.296E-01	8.297E-01
1.200E+00	8.268E-01	6.944E-04	8.262E-01	8.275E-01	8.271E-01	8.266E-01	8.268E-01	8.269E-01
1.210E+00	8.239E-01	6.955E-04	8.233E-01	8.246E-01	8.242E-01	8.237E-01	8.239E-01	8.240E-01
1.220E+00	8.211E-01	6.963E-04	8.204E-01	8.217E-01	8.213E-01	8.208E-01	8.210E-01	8.211E-01
1.230E+00	8.182E-01	6.970E-04	8.175E-01	8.188E-01	8.184E-01	8.179E-01	8.181E-01	8.182E-01
1.240E+00	8.153E-01	6.974E-04	8.146E-01	8.159E-01	8.155E-01	8.150E-01	8.152E-01	8.153E-01
1.250E+00	8.124E-01	6.975E-04	8.117E-01	8.130E-01	8.126E-01	8.121E-01	8.123E-01	8.124E-01
1.260E+00	8.095E-01	6.975E-04	8.088E-01	8.101E-01	8.097E-01	8.092E-01	8.094E-01	8.095E-01
1.270E+00	8.065E-01	6.972E-04	8.059E-01	8.072E-01	8.068E-01	8.063E-01	8.065E-01	8.066E-01
1.280E+00	8.036E-01	6.966E-04	8.030E-01	8.043E-01	8.038E-01	8.034E-01	8.036E-01	8.037E-01
1.290E+00	8.007E-01	6.958E-04	8.000E-01	8.013E-01	8.009E-01	8.005E-01	8.006E-01	8.007E-01
1.300E+00	7.977E-01	6.948E-04	7.971E-01	7.984E-01	7.980E-01	7.975E-01	7.977E-01	7.978E-01
1.310E+00	7.948E-01	6.936E-04	7.941E-01	7.954E-01	7.950E-01	7.946E-01	7.947E-01	7.948E-01
1.320E+00	7.918E-01	6.921E-04	7.912E-01	7.925E-01	7.921E-01	7.916E-01	7.918E-01	7.919E-01
1.330E+00	7.889E-01	6.904E-04	7.882E-01	7.895E-01	7.891E-01	7.887E-01	7.888E-01	7.889E-01
1.340E+00	7.859E-01	6.885E-04	7.853E-01	7.866E-01	7.861E-01	7.857E-01	7.859E-01	7.860E-01
1.350E+00	7.829E-01	6.863E-04	7.823E-01	7.836E-01	7.831E-01	7.827E-01	7.829E-01	7.830E-01
1.360E+00	7.800E-01	6.839E-04	7.793E-01	7.806E-01	7.802E-01	7.797E-01	7.799E-01	7.800E-01
1.370E+00	7.770E-01	6.813E-04	7.763E-01	7.776E-01	7.772E-01	7.768E-01	7.769E-01	7.770E-01
1.380E+00	7.740E-01	6.785E-04	7.733E-01	7.746E-01	7.742E-01	7.738E-01	7.739E-01	7.740E-01
1.390E+00	7.710E-01	6.754E-04	7.703E-01	7.716E-01	7.712E-01	7.708E-01	7.709E-01	7.710E-01
1.400E+00	7.680E-01	6.721E-04	7.673E-01	7.686E-01	7.682E-01	7.678E-01	7.679E-01	7.680E-01
1.410E+00	7.650E-01	6.686E-04	7.643E-01	7.656E-01	7.652E-01	7.648E-01	7.649E-01	7.650E-01
1.420E+00	7.620E-01	6.649E-04	7.613E-01	7.626E-01	7.622E-01	7.618E-01	7.619E-01	7.620E-01
1.430E+00	7.589E-01	6.610E-04	7.583E-01	7.596E-01	7.591E-01	7.588E-01	7.589E-01	7.590E-01
1.440E+00	7.559E-01	6.568E-04	7.553E-01	7.566E-01	7.561E-01	7.557E-01	7.559E-01	7.560E-01
1.450E+00	7.529E-01	6.525E-04	7.523E-01	7.535E-01	7.531E-01	7.527E-01	7.528E-01	7.530E-01
1.460E+00	7.499E-01	6.479E-04	7.493E-01	7.505E-01	7.501E-01	7.497E-01	7.498E-01	7.499E-01
1.470E+00	7.468E-01	6.431E-04	7.462E-01	7.475E-01	7.470E-01	7.467E-01	7.468E-01	7.469E-01
1.480E+00	7.438E-01	6.381E-04	7.432E-01	7.444E-01	7.440E-01	7.436E-01	7.437E-01	7.439E-01
1.490E+00	7.408E-01	6.329E-04	7.402E-01	7.414E-01	7.409E-01	7.406E-01	7.407E-01	7.408E-01
1.500E+00	7.377E-01	6.275E-04	7.371E-01	7.383E-01	7.379E-01	7.376E-01	7.377E-01	7.378E-01
1.510E+00	7.347E-01	6.219E-04	7.341E-01	7.353E-01	7.348E-01	7.345E-01	7.346E-01	7.347E-01
1.520E+00	7.316E-01	6.161E-04	7.310E-01	7.322E-01	7.318E-01	7.315E-01	7.316E-01	7.317E-01
1.530E+00	7.286E-01	6.101E-04	7.280E-01	7.292E-01	7.287E-01	7.284E-01	7.285E-01	7.286E-01
1.540E+00	7.255E-01	6.039E-04	7.250E-01	7.261E-01	7.257E-01	7.254E-01	7.255E-01	7.256E-01
1.550E+00	7.225E-01	5.975E-04	7.219E-01	7.230E-01	7.226E-01	7.223E-01	7.224E-01	7.225E-01
1.560E+00	7.194E-01	5.909E-04	7.188E-01	7.200E-01	7.196E-01	7.192E-01	7.193E-01	7.195E-01
1.570E+00	7.163E-01	5.841E-04	7.158E-01	7.169E-01	7.165E-01	7.162E-01	7.163E-01	7.164E-01
1.580E+00	7.133E-01	5.772E-04	7.127E-01	7.138E-01	7.134E-01	7.131E-01	7.132E-01	7.133E-01
1.590E+00	7.102E-01	5.700E-04	7.097E-01	7.108E-01	7.104E-01	7.101E-01	7.101E-01	7.103E-01
1.600E+00	7.071E-01	5.627E-04	7.066E-01	7.077E-01	7.073E-01	7.070E-01	7.071E-01	7.072E-01
1.610E+00	7.041E-01	5.552E-04	7.035E-01	7.046E-01	7.042E-01	7.039E-01	7.040E-01	7.041E-01
1.620E+00	7.010E-01	5.475E-04	7.005E-01	7.015E-01	7.011E-01	7.009E-01	7.009E-01	7.011E-01
1.630E+00	6.979E-01	5.396E-04	6.974E-01	6.985E-01	6.981E-01	6.978E-01	6.979E-01	6.980E-01
1.640E+00	6.949E-01	5.316E-04	6.944E-01	6.954E-01	6.950E-01	6.947E-01	6.948E-01	6.949E-01
1.650E+00	6.918E-01	5.234E-04	6.913E-01	6.923E-01	6.919E-01	6.916E-01	6.917E-01	6.918E-01
1.660E+00	6.887E-01	5.150E-04	6.882E-01	6.892E-01	6.888E-01	6.886E-01	6.886E-01	6.888E-01
1.670E+00	6.856E-01	5.065E-04	6.852E-01	6.861E-01	6.858E-01	6.855E-01	6.856E-01	6.857E-01
1.680E+00	6.825E-01	4.978E-04	6.821E-01	6.830E-01	6.827E-01	6.824E-01	6.825E-01	6.826E-01
1.690E+00	6.795E-01	4.890E-04	6.790E-01	6.799E-01	6.796E-01	6.793E-01	6.794E-01	6.795E-01
1.700E+00	6.764E-01	4.800E-04	6.759E-01	6.769E-01	6.765E-01	6.763E-01	6.763E-01	6.765E-01
1.710E+00	6.733E-01	4.708E-04	6.729E-01	6.738E-01	6.734E-01	6.732E-01	6.732E-01	6.734E-01
1.720E+00	6.702E-01	4.615E-04	6.698E-01	6.707E-01	6.704E-01	6.701E-01	6.702E-01	6.703E-01
1.730E+00	6.672E-01	4.520E-04	6.667E-01	6.676E-01	6.673E-01	6.670E-01	6.671E-01	6.672E-01
1.740E+00	6.641E-01	4.425E-04	6.637E-01	6.645E-01	6.642E-01	6.640E-01	6.640E-01	6.642E-01
1.750E+00	6.610E-01	4.327E-04	6.606E-01	6.614E-01	6.611E-01	6.609E-01	6.609E-01	6.611E-01
1.760E+00	6.579E-01	4.229E-04	6.575E-01	6.583E-01	6.580E-01	6.578E-01	6.579E-01	6.580E-01
1.770E+00	6.549E-01	4.129E-04	6.545E-01	6.553E-01	6.550E-01	6.547E-01	6.548E-01	6.549E-01
1.780E+00	6.518E-01	4.027E-04	6.514E-01	6.522E-01	6.519E-01	6.517E-01	6.517E-01	6.518E-01
1.790E+00	6.487E-01	3.925E-04	6.483E-01	6.491E-01	6.488E-01	6.486E-01	6.486E-01	6.488E-01
1.800E+00	6.456E-01	3.821E-04	6.453E-01	6.460E-01	6.457E-01	6.455E-01	6.456E-01	6.457E-01
1.810E+00	6.426E-01	3.716E-04	6.422E-01	6.429E-01	6.427E-01	6.425E-01	6.425E-01	6.426E-01
1.820E+00	6.395E-01	3.610E-04	6.392E-01	6.398E-01	6.396E-01	6.394E-01	6.394E-01	6.396E-01
1.830E+00	6.364E-01	3.503E-04	6.361E-01	6.368E-01	6.365E-01	6.363E-01	6.364E-01	6.365E-01
1.840E+00	6.334E-01	3.395E-04	6.330E-01	6.337E-01	6.334E-01	6.333E-01	6.333E-01	6.334E-01
1.850E+00	6.303E-01	3.285E-04	6.300E-01	6.306E-01	6.304E-01	6.302E-01	6.302E-01	6.304E-01
1.860E+00	6.272E-01	3.175E-04	6.269E-01	6.275E-01	6.273E-01	6.271E-01	6.272E-01	6.273E-01
1.870E+00	6.242E-01	3.064E-04	6.239E-01	6.245E-01	6.242E-01	6.241E-01	6.241E-01	6.242E-01
1.880E+00	6.211E-01	2.953E-04	6.208E-01	6.214E-01	6.212E-01	6.210E-01	6.210E-01	6.212E-01
1.890E+00	6.181E-01	2.840E-04	6.178E-01	6.183E-01	6.181E-01	6.180E-01	6.180E-01	6.181E-01
1.900E+00	6.150E-01	2.727E-04	6.148E-01	6.153E-01	6.151E-01	6.149E-01	6.149E-01	6.151E-01
1.910E+00	6.119E-01	2.614E-04	6.117E-01	6.122E-01	6.120E-01	6.119E-01	6.119E-01	6.120E-01
1.920E+00	6.089E-01	2.500E-04	6.087E-01	6.091E-01	6.090E-01	6.088E-01	6.088E-01	6.090E-01
1.930E+00	6.059E-01	2.385E-04	6.057E-01	6.061E-01	6.059E-01	6.058E-01	6.058E-01	6.059E-01
1.940E+00	6.028E-01	2.271E-04	6.026E-01	6.030E-01	6.029E-01	6.028E-01	6.027E-01	6.029E-01
1.950E+00	5.998E-01	2.156E-04	5.996E-01	6.000E-01	5.998E-01	5.997E-01	5.997E-01	5.999E-01
1.960E+00	5.967E-01	2.042E-04	5.966E-01	5.969E-01	5.968E-01	5.967E-01	5.967E-01	5.968E-01
1.970E+00	5.937E-01	1.928E-04	5.936E-01	5.939E-01	5.938E-01	5.936E-01	5.936E-01	5.938E-01
1.980E+00	5.907E-01	1.815E-04	5.905E-01	5.908E-01	5.907E-01	5.906E-01	5.906E-01	5.908E-01
1.990E+00	5.877E-01	1.703E-04	5.875E-01	5.878E-01	5.877E-01	5.876E-01	5.876E-01	5.877E-01
2.000E+00	5.846E-01	1.593E-04	5.845E-01	5.848E-01	5.847E-01	5.846E-01	5.846E-01	5.847E-01
2.010E+00	5.816E-01	1.484E-04	5.815E-01	5.817E-01	5.817E-01	5.816E-01	5.815E-01	5.817E-01
2.020E+00	5.786E-01	1.379E-04	5.785E-01	5.787E-01	5.786E-01	5.786E-01	5.785E-01	5.787E-01
2.030E+00	5.756E-01	1.278E-04	5.755E-01	5.757E-01	5.756E-01	5.755E-01	5.755E-01	5.757E-01
2.040E+00	5.726E-01	1.182E-04	5.725E-01	5.727E-01	5.726E-01	5.725E-01	5.725E-01	5.727E-01
2.050E+00	5.696E-01	1.093E-04	5.695E-01	5.697E-01	5.696E-01	5.695E-01	5.695E-01	5.697E-01
2.060E+00	5.666E-01	1.013E-04	5.665E-01	5.667E-01	5.666E-01	5.665E-01	5.665E-01	5.667E-01
2.070E+00	5.636E-01	9.452E-05	5.636E-01	5.636E-01	5.636E-01	5.636E-01	5.635E-01	5.637E-01
2.080E+00	5.606E-01	8.917E-05	5.606E-01	5.606E-01	5.606E-01	5.606E-01	5.605E-01	5.607E-01
2.090E+00	5.576E-01	8.560E-05	5.576E-01	5.576E-01	5.576E-01	5.576E-01	5.575E-01	5.577E-01
2.100E+00	5.546E-01	8.407E-05	5.547E-01	5.547E-01	5.547E-01	5.546E-01	5.546E-01	5.547E-01
2.110E+00	5.517E-01	8.470E-05	5.517E-01	5.517E-01	5.517E-01	5.516E-01	5.516E-01	5.517E-01
2.120E+00	5.487E-01	8.749E-05	5.487E-01	5.487E-01	5.487E-01	5.487E-01	5.486E-01	5.488E-01
2.130E+00	5.457E-01	9.226E-05	5.458E-01	5.457E-01	5.458E-01	5.457E-01	5.457E-01	5.458E-01
2.140E+00	5.428E-01	9.874E-05	5.428E-01	5.427E-01	5.428E-01	5.428E-01	5.427E-01	5.429E-01
2.150E+00	5.398E-01	1.066E-04	5.399E-01	5.398E-01	5.398E-01	5.398E-01	5.397E-01	5.399E-01
2.160E+00	5.369E-01	1.157E-04	5.370E-01	5.368E-01	5.369E-01	5.369E-01	5.368E-01	5.370E-01
2.170E+00	5.339E-01	1.256E-04	5.340E-01	5.339E-01	5.339E-01	5.339E-01	5.339E-01	5.340E-01
2.180E+00	5.310E-01	1.363E-04	5.311E-01	5.309E-01	5.310E-01	5.310E-01	5.309E-01	5.311E-01
2.190E+00	5.281E-01	1.476E-04	5.282E-01	5.280E-01	5.281E-01	5.281E-01	5.280E-01	5.281E-01
2.200E+00	5.251E-01	1.593E-04	5.253E-01	5.250E-01	5.252E-01	5.251E-01	5.251E-01	5.252E-01
2.210E+00	5.222E-01	1.714E-04	5.224E-01	5.221E-01	5.222E-01	5.222E-01	5.221E-01	5.223E-01
2.220E+00	5.193E-01	1.838E-04	5.195E-01	5.192E-01	5.193E-01	5.193E-01	5.192E-01	5.194E-01
2.230E+00	5.164E-01	1.964E-04	5.166E-01	5.162E-01	5.164E-01	5.164E-01	5.163E-01	5.165E-01
2.240E+00	5.135E-01	2.092E-04	5.137E-01	5.133E-01	5.135E-01	5.135E-01	5.134E-01	5.136E-01
2.250E+00	5.106E-01	2.223E-04	5.108E-01	5.104E-01	5.106E-01	5.106E-01	5.105E-01	5.107E-01
2.260E+00	5.077E-01	2.354E-04	5.080E-01	5.075E-01	5.077E-01	5.077E-01	5.076E-01	5.078E-01
2.270E+00	5.048E-01	2.487E-04	5.051E-01	5.046E-01	5.048E-01	5.048E-01	5.048E-01	5.049E-01
2.280E+00	5.020E-01	2.621E-04	5.022E-01	5.017E-01	5.020E-01	5.020E-01	5.019E-01	5.020E-01
2.290E+00	4.991E-01	2.756E-04	4.994E-01	4.988E-01	4.991E-01	4.991E-01	4.990E-01	4.992E-01
2.300E+00	4.962E-01	2.892E-04	4.965E-01	4.960E-01	4.962E-01	4.962E-01	4.961E-01	4.963E-01
2.310E+00	4.934E-01	3.029E-04	4.937E-01	4.931E-01	4.934E-01	4.934E-01	4.933E-01	4.935E-01
2.320E+00	4.905E-01	3.166E-04	4.909E-01	4.902E-01	4.905E-01	4.905E-01	4.904E-01	4.906E-01
2.330E+00	4.877E-01	3.303E-04	4.880E-01	4.874E-01	4.877E-01	4.877E-01	4.876E-01	4.878E-01
2.340E+00	4.849E-01	3.441E-04	4.852E-01	4.845E-01	4.848E-01	4.849E-01	4.848E-01	4.849E-01
2.350E+00	4.820E-01	3.580E-04	4.824E-01	4.817E-01	4.820E-01	4.820E-01	4.819E-01	4.821E-01
2.360E+00	4.792E-01	3.718E-04	4.796E-01	4.789E-01	4.792E-01	4.792E-01	4.791E-01	4.793E-01
2.370E+00	4.764E-01	3.857E-04	4.768E-01	4.760E-01	4.764E-01	4.764E-01	4.763E-01	4.765E-01
2.380E+00	4.736E-01	3.996E-04	4.740E-01	4.732E-01	4.736E-01	4.736E-01	4.735E-01	4.737E-01
2.390E+00	4.708E-01	4.135E-04	4.712E-01	4.704E-01	4.708E-01	4.708E-01	4.707E-01	4.709E-01
2.400E+00	4.680E-01	4.274E-04	4.684E-01	4.676E-01	4.680E-01	4.680E-01	4.679E-01	4.681E-01
2.410E+00	4.652E-01	4.414E-04	4.657E-01	4.648E-01	4.652E-01	4.652E-01	4.651E-01	4.653E-01
2.420E+00	4.624E-01	4.553E-04	4.629E-01	4.620E-01	4.624E-01	4.625E-01	4.624E-01	4.625E-01
2.430E+00	4.597E-01	4.693E-04	4.602E-01	4.592E-01	4.596E-01	4.597E-01	4.596E-01	4.598E-01
2.440E+00	4.569E-01	4.832E-04	4.574E-01	4.565E-01	4.569E-01	4.569E-01	4.568E-01	4.570E-01
2.450E+00	4.542E-01	4.971E-04	4.547E-01	4.537E-01	4.541E-01	4.542E-01	4.541E-01	4.542E-01
2.460E+00	4.514E-01	5.110E-04	4.519E-01	4.509E-01	4.514E-01	4.515E-01	4.513E-01	4.515E-01
2.470E+00	4.487E-01	5.249E-04	4.492E-01	4.482E-01	4.486E-01	4.487E-01	4.486E-01	4.488E-01
2.480E+00	4.460E-01	5.388E-04	4.465E-01	4.454E-01	4.459E-01	4.460E-01	4.459E-01	4.460E-01
2.490E+00	4.432E-01	5.527E-04	4.438E-01	4.427E-01	4.432E-01	4.433E-01	4.431E-01	4.433E-01
2.500E+00	4.405E-01	5.665E-04	4.411E-01	4.400E-01	4.405E-01	4.406E-01	4.404E-01	4.406E-01
2.510E+00	4.378E-01	5.803E-04	4.384E-01	4.373E-01	4.378E-01	4.379E-01	4.377E-01	4.379E-01
2.520E+00	4.351E-01	5.941E-04	4.357E-01	4.346E-01	4.351E-01	4.352E-01	4.350E-01	4.352E-01
2.530E+00	4.324E-01	6.078E-04	4.330E-01	4.319E-01	4.324E-01	4.325E-01	4.323E-01	4.325E-01
2.540E+00	4.298E-01	6.216E-04	4.304E-01	4.292E-01	4.297E-01	4.298E-01	4.297E-01	4.298E-01
2.550E+00	4.271E-01	6.353E-04	4.277E-01	4.265E-01	4.270E-01	4.271E-01	4.270E-01	4.272E-01
2.560E+00	4.244E-01	6.489E-04	4.251E-01	4.238E-01	4.244E-01	4.245E-01	4.243E-01	4.245E-01
2.570E+00	4.218E-01	6.625E-04	4.224E-01	4.211E-01	4.217E-01	4.218E-01	4.217E-01	4.219E-01
2.580E+00	4.191E-01	6.761E-04	4.198E-01	4.185E-01	4.191E-01	4.192E-01	4.190E-01	4.192E-01
2.590E+00	4.165E-01	6.897E-04	4.172E-01	4.158E-01	4.164E-01	4.165E-01	4.164E-01	4.166E-01
2.600E+00	4.139E-01	7.031E-04	4.146E-01	4.132E-01	4.138E-01	4.139E-01	4.138E-01	4.139E-01
2.610E+00	4.112E-01	7.166E-04	4.120E-01	4.105E-01	4.112E-01	4.113E-01	4.112E-01	4.113E-01
2.620E+00	4.086E-01	7.300E-04	4.094E-01	4.079E-01	4.086E-01	4.087E-01	4.085E-01	4.087E-01
2.630E+00	4.060E-01	7.433E-04	4.068E-01	4.053E-01	4.060E-01	4.061E-01	4.059E-01	4.061E-01
2.640E+00	4.034E-01	7.566E-04	4.042E-01	4.027E-01	4.034E-01	4.035E-01	4.033E-01	4.035E-01
2.650E+00	4.009E-01	7.699E-04	4.016E-01	4.001E-01	4.008E-01	4.009E-01	4.008E-01	4.009E-01
2.660E+00	3.983E-01	7.831E-04	3.991E-01	3.975E-01	3.982E-01	3.983E-01	3.982E-01	3.984E-01
2.670E+00	3.957E-01	7.962E-04	3.965E-01	3.949E-01	3.956E-01	3.958E-01	3.956E-01	3.958E-01
2.680E+00	3.932E-01	8.093E-04	3.940E-01	3.924E-01	3.931E-01	3.932E-01	3.931E-01	3.932E-01
2.690E+00	3.906E-01	8.223E-04	3.914E-01	3.898E-01	3.905E-01	3.907E-01	3.905E-01	3.907E-01
2.700E+00	3.881E-01	8.352E-04	3.889E-01	3.873E-01	3.880E-01	3.881E-01	3.880E-01	3.882E-01
2.710E+00	3.855E-01	8.481E-04	3.864E-01	3.847E-01	3.855E-01	3.856E-01	3.855E-01	3.856E-01
2.720E+00	3.830E-01	8.609E-04	3.839E-01	3.822E-01	3.829E-01	3.831E-01	3.829E-01	3.831E-01
2.730E+00	3.805E-01	8.737E-04	3.814E-01	3.797E-01	3.804E-01	3.806E-01	3.804E-01	3.806E-01
2.740E+00	3.780E-01	8.864E-04	3.789E-01	3.772E-01	3.779E-01	3.781E-01	3.779E-01	3.781E-01
2.750E+00	3.755E-01	8.990E-04	3.764E-01	3.746E-01	3.754E-01	3.756E-01	3.754E-01	3.756E-01
2.760E+00	3.730E-01	9.115E-04	3.740E-01	3.722E-01	3.730E-01	3.731E-01	3.730E-01	3.731E-01
2.770E+00	3.706E-01	9.240E-04	3.715E-01	3.697E-01	3.705E-01	3.706E-01	3.705E-01	3.707E-01
2.780E+00	3.681E-01	9.364E-04	3.691E-01	3.672E-01	3.680E-01	3.682E-01	3.680E-01	3.682E-01
2.790E+00	3.657E-01	9.487E-04	3.666E-01	3.647E-01	3.656E-01	3.657E-01	3.656E-01	3.657E-01
2.800E+00	3.632E-01	9.610E-04	3.642E-01	3.623E-01	3.631E-01	3.633E-01	3.631E-01	3.633E-01
2.810E+00	3.608E-01	9.731E-04	3.618E-01	3.598E-01	3.607E-01	3.609E-01	3.607E-01	3.609E-01
2.820E+00	3.583E-01	9.852E-04	3.593E-01	3.574E-01	3.583E-01	3.584E-01	3.583E-01	3.584E-01
2.830E+00	3.559E-01	9.972E-04	3.569E-01	3.550E-01	3.558E-01	3.560E-01	3.558E-01	3.560E-01
2.840E+00	3.535E-01	1.009E-03	3.545E-01	3.525E-01	3.534E-01	3.536E-01	3.534E-01	3.536E-01
2.850E+00	3.511E-01	1.021E-03	3.522E-01	3.501E-01	3.510E-01	3.512E-01	3.510E-01	3.512E-01
2.860E+00	3.487E-01	1.033E-03	3.498E-01	3.477E-01	3.487E-01	3.488E-01	3.487E-01	3.488E-01
2.870E+00	3.464E-01	1.044E-03	3.474E-01	3.454E-01	3.463E-01	3.465E-01	3.463E-01	3.465E-01
2.880E+00	3.440E-01	1.056E-03	3.451E-01	3.430E-01	3.439E-01	3.441E-01	3.439E-01	3.441E-01
2.890E+00	3.416E-01	1.068E-03	3.427E-01	3.406E-01	3.416E-01	3.417E-01	3.416E-01	3.417E-01
2.900E+00	3.393E-01	1.079E-03	3.404E-01	3.382E-01	3.392E-01	3.394E-01	3.392E-01	3.394E-01
2.910E+00	3.370E-01	1.090E-03	3.381E-01	3.359E-01	3.369E-01	3.371E-01	3.369E-01	3.370E-01
2.920E+00	3.346E-01	1.102E-03	3.357E-01	3.336E-01	3.345E-01	3.347E-01	3.345E-01	3.347E-01
2.930E+00	3.323E-01	1.113E-03	3.334E-01	3.312E-01	3.322E-01	3.324E-01	3.322E-01	3.324E-01
2.940E+00	3.300E-01	1.124E-03	3.311E-01	3.289E-01	3.299E-01	3.301E-01	3.299E-01	3.301E-01
2.950E+00	3.277E-01	1.135E-03	3.289E-01	3.266E-01	3.276E-01	3.278E-01	3.276E-01	3.278E-01
2.960E+00	3.254E-01	1.146E-03	3.266E-01	3.243E-01	3.253E-01	3.255E-01	3.253E-01	3.255E-01
2.970E+00	3.231E-01	1.156E-03	3.243E-01	3.220E-01	3.230E-01	3.232E-01	3.231E-01	3.232E-01
2.980E+00	3.209E-01	1.167E-03	3.221E-01	3.197E-01	3.208E-01	3.210E-01	3.208E-01	3.210E-01
2.990E+00	3.186E-01	1.178E-03	3.198E-01	3.175E-01	3.185E-01	3.187E-01	3.185E-01	3.187E-01
3.000E+00	3.164E-01	1.188E-03	3.176E-01	3.152E-01	3.163E-01	3.165E-01	3.163E-01	3.165E-01
