1.000E-02	9.749E-01	4.297E-02	9.320E-01	1.018E+00	9.754E-01	9.745E-01	9.749E-01	9.749E-01
2.000E-02	9.749E-01	4.293E-02	9.320E-01	1.018E+00	9.754E-01	9.744E-01	9.749E-01	9.749E-01
3.000E-02	9.749E-01	4.288E-02	9.320E-01	1.018E+00	9.754E-01	9.744E-01	9.749E-01	9.749E-01
4.000E-02	9.749E-01	4.281E-02	9.320E-01	1.018E+00	9.754E-01	9.744E-01	9.749E-01	9.749E-01
5.000E-02	9.748E-01	4.272E-02	9.319E-01	1.017E+00	9.753E-01	9.743E-01	9.748E-01	9.748E-01
6.000E-02	9.748E-01	4.261E-02	9.319E-01	1.017E+00	9.753E-01	9.743E-01	9.748E-01	9.748E-01
7.000E-02	9.747E-01	4.249E-02	9.319E-01	1.017E+00	9.752E-01	9.742E-01	9.747E-01	9.747E-01
8.000E-02	9.746E-01	4.236E-02	9.319E-01	1.017E+00	9.751E-01	9.741E-01	9.746E-01	9.746E-01
9.000E-02	9.745E-01	4.221E-02	9.319E-01	1.016E+00	9.750E-01	9.741E-01	9.745E-01	9.745E-01
1.000E-01	9.744E-01	4.204E-02	9.319E-01	1.016E+00	9.749E-01	9.739E-01	9.744E-01	9.744E-01
1.100E-01	9.743E-01	4.187E-02	9.318E-01	1.016E+00	9.748E-01	9.738E-01	9.743E-01	9.743E-01
1.200E-01	9.742E-01	4.168E-02	9.318E-01	1.015E+00	9.747E-01	9.737E-01	9.742E-01	9.742E-01
1.300E-01	9.740E-01	4.148E-02	9.318E-01	1.015E+00	9.745E-01	9.735E-01	9.740E-01	9.740E-01
1.400E-01	9.739E-01	4.126E-02	9.317E-01	1.014E+00	9.743E-01	9.734E-01	9.739E-01	9.739E-01
1.500E-01	9.737E-01	4.104E-02	9.317E-01	1.014E+00	9.742E-01	9.732E-01	9.737E-01	9.737E-01
1.600E-01	9.735E-01	4.080E-02	9.316E-01	1.013E+00	9.740E-01	9.730E-01	9.735E-01	9.735E-01
1.700E-01	9.733E-01	4.055E-02	9.315E-01	1.013E+00	9.737E-01	9.728E-01	9.732E-01	9.733E-01
1.800E-01	9.730E-01	4.029E-02	9.315E-01	1.012E+00	9.735E-01	9.725E-01	9.730E-01	9.730E-01
1.900E-01	9.728E-01	4.002E-02	9.314E-01	1.011E+00	9.733E-01	9.723E-01	9.728E-01	9.728E-01
2.000E-01	9.725E-01	3.974E-02	9.313E-01	1.011E+00	9.730E-01	9.720E-01	9.725E-01	9.725E-01
2.100E-01	9.722E-01	3.945E-02	9.312E-01	1.010E+00	9.727E-01	9.717E-01	9.722E-01	9.722E-01
2.200E-01	9.719E-01	3.915E-02	9.311E-01	1.009E+00	9.724E-01	9.714E-01	9.719E-01	9.719E-01
2.300E-01	9.716E-01	3.884E-02	9.310E-01	1.009E+00	9.721E-01	9.711E-01	9.716E-01	9.716E-01
2.400E-01	9.712E-01	3.852E-02	9.309E-01	1.008E+00	9.717E-01	9.708E-01	9.712E-01	9.713E-01
2.500E-01	9.709E-01	3.819E-02	9.307E-01	1.007E+00	9.714E-01	9.704E-01	9.709E-01	9.709E-01
2.600E-01	9.705E-01	3.786E-02	9.306E-01	1.006E+00	9.710E-01	9.700E-01	9.705E-01	9.705E-01
2.700E-01	9.701E-01	3.751E-02	9.305E-01	1.005E+00	9.706E-01	9.696E-01	9.701E-01	9.701E-01
2.800E-01	9.697E-01	3.715E-02	9.303E-01	1.005E+00	9.702E-01	9.692E-01	9.697E-01	9.697E-01
2.900E-01	9.693E-01	3.679E-02	9.301E-01	1.004E+00	9.698E-01	9.688E-01	9.693E-01	9.693E-01
3.000E-01	9.688E-01	3.642E-02	9.300E-01	1.003E+00	9.693E-01	9.683E-01	9.688E-01	9.688E-01
3.100E-01	9.684E-01	3.604E-02	9.298E-01	1.002E+00	9.688E-01	9.679E-01	9.683E-01	9.684E-01
3.200E-01	9.679E-01	3.566E-02	9.296E-01	1.001E+00	9.683E-01	9.674E-01	9.679E-01	9.679E-01
3.300E-01	9.674E-01	3.526E-02	9.294E-01	9.999E-01	9.678E-01	9.669E-01	9.673E-01	9.674E-01
3.400E-01	9.668E-01	3.486E-02	9.292E-01	9.989E-01	9.673E-01	9.663E-01	9.668E-01	9.668E-01
3.500E-01	9.663E-01	3.445E-02	9.290E-01	9.979E-01	9.667E-01	9.658E-01	9.663E-01	9.663E-01
3.600E-01	9.657E-01	3.404E-02	9.287E-01	9.968E-01	9.662E-01	9.652E-01	9.657E-01	9.657E-01
3.700E-01	9.651E-01	3.362E-02	9.285E-01	9.957E-01	9.656E-01	9.646E-01	9.651E-01	9.651E-01
3.800E-01	9.645E-01	3.319E-02	9.282E-01	9.946E-01	9.650E-01	9.640E-01	9.645E-01	9.645E-01
3.900E-01	9.639E-01	3.276E-02	9.279E-01	9.935E-01	9.643E-01	9.634E-01	9.639E-01	9.639E-01
4.000E-01	9.632E-01	3.232E-02	9.277E-01	9.923E-01	9.637E-01	9.628E-01	9.632E-01	9.632E-01
4.100E-01	9.625E-01	3.187E-02	9.274E-01	9.911E-01	9.630E-01	9.621E-01	9.625E-01	9.626E-01
4.200E-01	9.619E-01	3.142E-02	9.271E-01	9.899E-01	9.623E-01	9.614E-01	9.619E-01	9.619E-01
4.300E-01	9.611E-01	3.096E-02	9.267E-01	9.887E-01	9.616E-01	9.607E-01	9.611E-01	9.612E-01
4.400E-01	9.604E-01	3.050E-02	9.264E-01	9.874E-01	9.609E-01	9.599E-01	9.604E-01	9.604E-01
4.500E-01	9.597E-01	3.003E-02	9.261E-01	9.861E-01	9.601E-01	9.592E-01	9.597E-01	9.597E-01
4.600E-01	9.589E-01	2.956E-02	9.257E-01	9.848E-01	9.593E-01	9.584E-01	9.589E-01	9.589E-01
4.700E-01	9.581E-01	2.908E-02	9.253E-01	9.835E-01	9.585E-01	9.576E-01	9.581E-01	9.581E-01
4.800E-01	9.573E-01	2.860E-02	9.250E-01	9.822E-01	9.577E-01	9.568E-01	9.573E-01	9.573E-01
4.900E-01	9.564E-01	2.812E-02	9.246E-01	9.808E-01	9.569E-01	9.560E-01	9.564E-01	9.564E-01
5.000E-01	9.556E-01	2.763E-02	9.242E-01	9.794E-01	9.560E-01	9.551E-01	9.556E-01	9.556E-01
5.100E-01	9.547E-01	2.713E-02	9.237E-01	9.780E-01	9.551E-01	9.542E-01	9.547E-01	9.547E-01
5.200E-01	9.538E-01	2.663E-02	9.233E-01	9.766E-01	9.542E-01	9.533E-01	9.538E-01	9.538E-01
5.300E-01	9.529E-01	2.613E-02	9.228E-01	9.751E-01	9.533E-01	9.524E-01	9.529E-01	9.529E-01
5.400E-01	9.519E-01	2.563E-02	9.224E-01	9.736E-01	9.524E-01	9.515E-01	9.519E-01	9.519E-01
5.500E-01	9.509E-01	2.512E-02	9.219E-01	9.721E-01	9.514E-01	9.505E-01	9.509E-01	9.510E-01
5.600E-01	9.500E-01	2.461E-02	9.214E-01	9.706E-01	9.504E-01	9.495E-01	9.500E-01	9.500E-01
5.700E-01	9.489E-01	2.409E-02	9.209E-01	9.691E-01	9.494E-01	9.485E-01	9.489E-01	9.490E-01
5.800E-01	9.479E-01	2.357E-02	9.204E-01	9.675E-01	9.484E-01	9.475E-01	9.479E-01	9.479E-01
5.900E-01	9.469E-01	2.305E-02	9.198E-01	9.659E-01	9.473E-01	9.464E-01	9.469E-01	9.469E-01
6.000E-01	9.458E-01	2.253E-02	9.193E-01	9.643E-01	9.462E-01	9.453E-01	9.458E-01	9.458E-01
6.100E-01	9.447E-01	2.201E-02	9.187E-01	9.627E-01	9.451E-01	9.442E-01	9.447E-01	9.447E-01
6.200E-01	9.436E-01	2.148E-02	9.181E-01	9.611E-01	9.440E-01	9.431E-01	9.436E-01	9.436E-01
6.300E-01	9.424E-01	2.095E-02	9.175E-01	9.594E-01	9.429E-01	9.420E-01	9.424E-01	9.424E-01
6.400E-01	9.413E-01	2.042E-02	9.169E-01	9.577E-01	9.417E-01	9.408E-01	9.413E-01	9.413E-01
6.500E-01	9.401E-01	1.988E-02	9.162E-01	9.560E-01	9.405E-01	9.396E-01	9.401E-01	9.401E-01
6.600E-01	9.389E-01	1.935E-02	9.156E-01	9.543E-01	9.393E-01	9.384E-01	9.389E-01	9.389E-01
6.700E-01	9.376E-01	1.881E-02	9.149E-01	9.525E-01	9.381E-01	9.372E-01	9.376E-01	9.377E-01
6.800E-01	9.364E-01	1.828E-02	9.142E-01	9.508E-01	9.368E-01	9.360E-01	9.364E-01	9.364E-01
6.900E-01	9.351E-01	1.774E-02	9.135E-01	9.490E-01	9.356E-01	9.347E-01	9.351E-01	9.351E-01
7.000E-01	9.338E-01	1.720E-02	9.128E-01	9.472E-01	9.343E-01	9.334E-01	9.338E-01	9.338E-01
7.100E-01	9.325E-01	1.666E-02	9.121E-01	9.454E-01	9.329E-01	9.321E-01	9.325E-01	9.325E-01
7.200E-01	9.312E-01	1.611E-02	9.113E-01	9.436E-01	9.316E-01	9.308E-01	9.312E-01	9.312E-01
7.300E-01	9.298E-01	1.557E-02	9.106E-01	9.417E-01	9.302E-01	9.294E-01	9.298E-01	9.298E-01
7.400E-01	9.284E-01	1.503E-02	9.098E-01	9.398E-01	9.289E-01	9.280E-01	9.284E-01	9.285E-01
7.500E-01	9.270E-01	1.449E-02	9.090E-01	9.379E-01	9.275E-01	9.266E-01	9.270E-01	9.271E-01
7.600E-01	9.256E-01	1.395E-02	9.082E-01	9.360E-01	9.260E-01	9.252E-01	9.256E-01	9.256E-01
7.700E-01	9.242E-01	1.340E-02	9.073E-01	9.341E-01	9.246E-01	9.238E-01	9.242E-01	9.242E-01
7.800E-01	9.227E-01	1.286E-02	9.065E-01	9.322E-01	9.231E-01	9.223E-01	9.227E-01	9.227E-01
7.900E-01	9.212E-01	1.232E-02	9.056E-01	9.302E-01	9.216E-01	9.208E-01	9.212E-01	9.212E-01
8.000E-01	9.197E-01	1.178E-02	9.047E-01	9.282E-01	9.201E-01	9.193E-01	9.197E-01	9.197E-01
8.100E-01	9.182E-01	1.123E-02	9.038E-01	9.262E-01	9.186E-01	9.178E-01	9.182E-01	9.182E-01
8.200E-01	9.166E-01	1.069E-02	9.029E-01	9.242E-01	9.170E-01	9.162E-01	9.166E-01	9.166E-01
8.300E-01	9.150E-01	1.015E-02	9.019E-01	9.222E-01	9.154E-01	9.146E-01	9.150E-01	9.150E-01
8.400E-01	9.134E-01	9.616E-03	9.009E-01	9.202E-01	9.138E-01	9.130E-01	9.134E-01	9.135E-01
8.500E-01	9.118E-01	9.079E-03	9.000E-01	9.181E-01	9.122E-01	9.114E-01	9.118E-01	9.118E-01
8.600E-01	9.102E-01	8.542E-03	8.990E-01	9.160E-01	9.106E-01	9.098E-01	9.102E-01	9.102E-01
8.700E-01	9.085E-01	8.008E-03	8.979E-01	9.139E-01	9.089E-01	9.081E-01	9.085E-01	9.085E-01
8.800E-01	9.068E-01	7.474E-03	8.969E-01	9.118E-01	9.072E-01	9.064E-01	9.068E-01	9.068E-01
8.900E-01	9.051E-01	6.943E-03	8.958E-01	9.097E-01	9.055E-01	9.047E-01	9.051E-01	9.051E-01
9.000E-01	9.034E-01	6.413E-03	8.948E-01	9.076E-01	9.038E-01	9.030E-01	9.034E-01	9.034E-01
9.100E-01	9.017E-01	5.886E-03	8.937E-01	9.054E-01	9.020E-01	9.013E-01	9.016E-01	9.017E-01
9.200E-01	8.999E-01	5.360E-03	8.925E-01	9.032E-01	9.003E-01	8.995E-01	8.999E-01	8.999E-01
9.300E-01	8.981E-01	4.837E-03	8.914E-01	9.010E-01	8.985E-01	8.977E-01	8.981E-01	8.981E-01
9.400E-01	8.963E-01	4.316E-03	8.902E-01	8.988E-01	8.967E-01	8.959E-01	8.963E-01	8.963E-01
9.500E-01	8.945E-01	3.798E-03	8.891E-01	8.966E-01	8.948E-01	8.941E-01	8.944E-01	8.945E-01
9.600E-01	8.926E-01	3.283E-03	8.879E-01	8.944E-01	8.930E-01	8.922E-01	8.926E-01	8.926E-01
9.700E-01	8.907E-01	2.772E-03	8.867E-01	8.922E-01	8.911E-01	8.904E-01	8.907E-01	8.907E-01
9.800E-01	8.888E-01	2.265E-03	8.854E-01	8.899E-01	8.892E-01	8.885E-01	8.888E-01	8.889E-01
9.900E-01	8.869E-01	1.764E-03	8.842E-01	8.876E-01	8.873E-01	8.866E-01	8.869E-01	8.869E-01
1.000E+00	8.850E-01	1.272E-03	8.829E-01	8.854E-01	8.853E-01	8.846E-01	8.850E-01	8.850E-01
1.010E+00	8.830E-01	8.004E-04	8.816E-01	8.831E-01	8.834E-01	8.827E-01	8.830E-01	8.831E-01
1.020E+00	8.811E-01	4.152E-04	8.803E-01	8.807E-01	8.814E-01	8.807E-01	8.810E-01	8.811E-01
1.030E+00	8.791E-01	4.502E-04	8.790E-01	8.784E-01	8.794E-01	8.787E-01	8.790E-01	8.791E-01
1.040E+00	8.770E-01	8.495E-04	8.776E-01	8.761E-01	8.774E-01	8.767E-01	8.770E-01	8.771E-01
1.050E+00	8.750E-01	1.311E-03	8.763E-01	8.737E-01	8.754E-01	8.747E-01	8.750E-01	8.750E-01
1.060E+00	8.730E-01	1.785E-03	8.749E-01	8.714E-01	8.733E-01	8.726E-01	8.729E-01	8.730E-01
1.070E+00	8.709E-01	2.260E-03	8.735E-01	8.690E-01	8.712E-01	8.705E-01	8.709E-01	8.709E-01
1.080E+00	8.688E-01	2.734E-03	8.720E-01	8.666E-01	8.691E-01	8.685E-01	8.688E-01	8.688E-01
1.090E+00	8.667E-01	3.206E-03	8.706E-01	8.642E-01	8.670E-01	8.663E-01	8.667E-01	8.667E-01
1.100E+00	8.645E-01	3.675E-03	8.691E-01	8.618E-01	8.649E-01	8.642E-01	8.645E-01	8.646E-01
1.110E+00	8.624E-01	4.140E-03	8.676E-01	8.594E-01	8.627E-01	8.621E-01	8.624E-01	8.624E-01
1.120E+00	8.602E-01	4.601E-03	8.661E-01	8.569E-01	8.605E-01	8.599E-01	8.602E-01	8.602E-01
1.130E+00	8.580E-01	5.059E-03	8.646E-01	8.545E-01	8.583E-01	8.577E-01	8.580E-01	8.580E-01
1.140E+00	8.558E-01	5.512E-03	8.630E-01	8.520E-01	8.561E-01	8.555E-01	8.558E-01	8.558E-01
1.150E+00	8.536E-01	5.961E-03	8.614E-01	8.495E-01	8.539E-01	8.533E-01	8.536E-01	8.536E-01
1.160E+00	8.513E-01	6.406E-03	8.598E-01	8.470E-01	8.516E-01	8.510E-01	8.513E-01	8.514E-01
1.170E+00	8.491E-01	6.846E-03	8.582E-01	8.446E-01	8.494E-01	8.487E-01	8.490E-01	8.491E-01
1.180E+00	8.468E-01	7.281E-03	8.566E-01	8.420E-01	8.471E-01	8.465E-01	8.467E-01	8.468E-01
1.190E+00	8.445E-01	7.712E-03	8.549E-01	8.395E-01	8.448E-01	8.442E-01	8.444E-01	8.445E-01
1.200E+00	8.421E-01	8.138E-03	8.533E-01	8.370E-01	8.424E-01	8.418E-01	8.421E-01	8.422E-01
1.210E+00	8.398E-01	8.559E-03	8.516E-01	8.345E-01	8.401E-01	8.395E-01	8.398E-01	8.398E-01
1.220E+00	8.374E-01	8.975E-03	8.499E-01	8.319E-01	8.377E-01	8.371E-01	8.374E-01	8.375E-01
1.230E+00	8.351E-01	9.386E-03	8.481E-01	8.294E-01	8.354E-01	8.348E-01	8.350E-01	8.351E-01
1.240E+00	8.327E-01	9.791E-03	8.464E-01	8.268E-01	8.330E-01	8.324E-01	8.326E-01	8.327E-01
1.250E+00	8.303E-01	1.019E-02	8.446E-01	8.242E-01	8.305E-01	8.300E-01	8.302E-01	8.303E-01
1.260E+00	8.278E-01	1.059E-02	8.428E-01	8.216E-01	8.281E-01	8.275E-01	8.278E-01	8.279E-01
1.270E+00	8.254E-01	1.098E-02	8.410E-01	8.190E-01	8.257E-01	8.251E-01	8.253E-01	8.254E-01
1.280E+00	8.229E-01	1.136E-02	8.391E-01	8.164E-01	8.232E-01	8.226E-01	8.229E-01	8.229E-01
1.290E+00	8.204E-01	1.174E-02	8.373E-01	8.138E-01	8.207E-01	8.202E-01	8.204E-01	8.205E-01
1.300E+00	8.179E-01	1.211E-02	8.354E-01	8.112E-01	8.182E-01	8.177E-01	8.179E-01	8.180E-01
1.310E+00	8.154E-01	1.248E-02	8.335E-01	8.086E-01	8.157E-01	8.151E-01	8.154E-01	8.154E-01
1.320E+00	8.129E-01	1.284E-02	8.316E-01	8.059E-01	8.131E-01	8.126E-01	8.128E-01	8.129E-01
1.330E+00	8.103E-01	1.320E-02	8.297E-01	8.033E-01	8.106E-01	8.101E-01	8.103E-01	8.104E-01
1.340E+00	8.078E-01	1.355E-02	8.277E-01	8.006E-01	8.080E-01	8.075E-01	8.077E-01	8.078E-01
1.350E+00	8.052E-01	1.389E-02	8.257E-01	7.980E-01	8.054E-01	8.049E-01	8.052E-01	8.052E-01
1.360E+00	8.026E-01	1.423E-02	8.237E-01	7.953E-01	8.028E-01	8.023E-01	8.026E-01	8.026E-01
1.370E+00	8.000E-01	1.456E-02	8.217E-01	7.926E-01	8.002E-01	7.997E-01	7.999E-01	8.000E-01
1.380E+00	7.973E-01	1.489E-02	8.197E-01	7.899E-01	7.976E-01	7.971E-01	7.973E-01	7.974E-01
1.390E+00	7.947E-01	1.520E-02	8.176E-01	7.872E-01	7.949E-01	7.945E-01	7.947E-01	7.947E-01
1.400E+00	7.920E-01	1.552E-02	8.155E-01	7.845E-01	7.923E-01	7.918E-01	7.920E-01	7.921E-01
1.410E+00	7.894E-01	1.582E-02	8.134E-01	7.818E-01	7.896E-01	7.891E-01	7.893E-01	7.894E-01
1.420E+00	7.867E-01	1.612E-02	8.113E-01	7.791E-01	7.869E-01	7.864E-01	7.866E-01	7.867E-01
1.430E+00	7.840E-01	1.642E-02	8.092E-01	7.764E-01	7.842E-01	7.837E-01	7.839E-01	7.840E-01
1.440E+00	7.812E-01	1.671E-02	8.070E-01	7.736E-01	7.815E-01	7.810E-01	7.812E-01	7.813E-01
1.450E+00	7.785E-01	1.699E-02	8.049E-01	7.709E-01	7.787E-01	7.783E-01	7.785E-01	7.785E-01
1.460E+00	7.758E-01	1.726E-02	8.027E-01	7.681E-01	7.760E-01	7.755E-01	7.757E-01	7.758E-01
1.470E+00	7.730E-01	1.753E-02	8.004E-01	7.654E-01	7.732E-01	7.728E-01	7.730E-01	7.730E-01
1.480E+00	7.702E-01	1.779E-02	7.982E-01	7.626E-01	7.704E-01	7.700E-01	7.702E-01	7.703E-01
1.490E+00	7.674E-01	1.805E-02	7.960E-01	7.599E-01	7.676E-01	7.672E-01	7.674E-01	7.675E-01
1.500E+00	7.646E-01	1.830E-02	7.937E-01	7.571E-01	7.648E-01	7.644E-01	7.646E-01	7.647E-01
1.510E+00	7.618E-01	1.854E-02	7.914E-01	7.543E-01	7.620E-01	7.616E-01	7.618E-01	7.618E-01
1.520E+00	7.590E-01	1.877E-02	7.891E-01	7.515E-01	7.592E-01	7.588E-01	7.589E-01	7.590E-01
1.530E+00	7.561E-01	1.900E-02	7.868E-01	7.488E-01	7.563E-01	7.559E-01	7.561E-01	7.562E-01
1.540E+00	7.533E-01	1.922E-02	7.844E-01	7.460E-01	7.534E-01	7.531E-01	7.532E-01	7.533E-01
1.550E+00	7.504E-01	1.944E-02	7.820E-01	7.432E-01	7.506E-01	7.502E-01	7.504E-01	7.504E-01
1.560E+00	7.475E-01	1.964E-02	7.797E-01	7.404E-01	7.477E-01	7.473E-01	7.475E-01	7.476E-01
1.570E+00	7.446E-01	1.984E-02	7.773E-01	7.376E-01	7.448E-01	7.444E-01	7.446E-01	7.447E-01
1.580E+00	7.417E-01	2.004E-02	7.748E-01	7.348E-01	7.419E-01	7.415E-01	7.417E-01	7.418E-01
1.590E+00	7.388E-01	2.022E-02	7.724E-01	7.319E-01	7.390E-01	7.386E-01	7.387E-01	7.388E-01
1.600E+00	7.359E-01	2.040E-02	7.699E-01	7.291E-01	7.360E-01	7.357E-01	7.358E-01	7.359E-01
1.610E+00	7.329E-01	2.058E-02	7.675E-01	7.263E-01	7.331E-01	7.328E-01	7.329E-01	7.330E-01
1.620E+00	7.300E-01	2.074E-02	7.650E-01	7.235E-01	7.301E-01	7.298E-01	7.299E-01	7.300E-01
1.630E+00	7.270E-01	2.090E-02	7.625E-01	7.206E-01	7.271E-01	7.268E-01	7.270E-01	7.270E-01
1.640E+00	7.240E-01	2.105E-02	7.599E-01	7.178E-01	7.242E-01	7.239E-01	7.240E-01	7.241E-01
1.650E+00	7.210E-01	2.120E-02	7.574E-01	7.150E-01	7.212E-01	7.209E-01	7.210E-01	7.211E-01
1.660E+00	7.180E-01	2.134E-02	7.548E-01	7.121E-01	7.182E-01	7.179E-01	7.180E-01	7.181E-01
1.670E+00	7.150E-01	2.147E-02	7.522E-01	7.093E-01	7.152E-01	7.149E-01	7.150E-01	7.151E-01
1.680E+00	7.120E-01	2.159E-02	7.496E-01	7.064E-01	7.121E-01	7.119E-01	7.120E-01	7.121E-01
1.690E+00	7.090E-01	2.171E-02	7.470E-01	7.036E-01	7.091E-01	7.089E-01	7.089E-01	7.090E-01
1.700E+00	7.059E-01	2.182E-02	7.444E-01	7.007E-01	7.061E-01	7.058E-01	7.059E-01	7.060E-01
1.710E+00	7.029E-01	2.192E-02	7.417E-01	6.979E-01	7.030E-01	7.028E-01	7.028E-01	7.029E-01
1.720E+00	6.998E-01	2.202E-02	7.391E-01	6.950E-01	7.000E-01	6.997E-01	6.998E-01	6.999E-01
1.730E+00	6.968E-01	2.211E-02	7.364E-01	6.922E-01	6.969E-01	6.967E-01	6.967E-01	6.968E-01
1.740E+00	6.937E-01	2.219E-02	7.337E-01	6.893E-01	6.938E-01	6.936E-01	6.936E-01	6.937E-01
1.750E+00	6.906E-01	2.226E-02	7.310E-01	6.864E-01	6.907E-01	6.905E-01	6.906E-01	6.907E-01
1.760E+00	6.875E-01	2.233E-02	7.282E-01	6.836E-01	6.876E-01	6.874E-01	6.875E-01	6.876E-01
1.770E+00	6.844E-01	2.239E-02	7.255E-01	6.807E-01	6.845E-01	6.843E-01	6.844E-01	6.845E-01
1.780E+00	6.813E-01	2.244E-02	7.227E-01	6.778E-01	6.814E-01	6.812E-01	6.813E-01	6.814E-01
1.790E+00	6.782E-01	2.249E-02	7.199E-01	6.750E-01	6.783E-01	6.781E-01	6.781E-01	6.782E-01
1.800E+00	6.751E-01	2.253E-02	7.171E-01	6.721E-01	6.751E-01	6.750E-01	6.750E-01	6.751E-01
1.810E+00	6.719E-01	2.256E-02	7.143E-01	6.692E-01	6.720E-01	6.718E-01	6.719E-01	6.720E-01
1.820E+00	6.688E-01	2.259E-02	7.115E-01	6.663E-01	6.689E-01	6.687E-01	6.687E-01	6.688E-01
1.830E+00	6.656E-01	2.261E-02	7.087E-01	6.634E-01	6.657E-01	6.656E-01	6.656E-01	6.657E-01
1.840E+00	6.625E-01	2.262E-02	7.058E-01	6.606E-01	6.626E-01	6.624E-01	6.624E-01	6.625E-01
1.850E+00	6.593E-01	2.262E-02	7.029E-01	6.577E-01	6.594E-01	6.593E-01	6.593E-01	6.594E-01
1.860E+00	6.562E-01	2.262E-02	7.000E-01	6.548E-01	6.562E-01	6.561E-01	6.561E-01	6.562E-01
1.870E+00	6.530E-01	2.261E-02	6.971E-01	6.519E-01	6.530E-01	6.529E-01	6.529E-01	6.530E-01
1.880E+00	6.498E-01	2.260E-02	6.942E-01	6.490E-01	6.499E-01	6.497E-01	6.497E-01	6.499E-01
1.890E+00	6.466E-01	2.258E-02	6.913E-01	6.462E-01	6.467E-01	6.466E-01	6.466E-01	6.467E-01
1.900E+00	6.434E-01	2.255E-02	6.884E-01	6.433E-01	6.435E-01	6.434E-01	6.434E-01	6.435E-01
1.910E+00	6.402E-01	2.251E-02	6.854E-01	6.404E-01	6.403E-01	6.402E-01	6.402E-01	6.403E-01
1.920E+00	6.370E-01	2.247E-02	6.824E-01	6.375E-01	6.371E-01	6.370E-01	6.370E-01	6.371E-01
1.930E+00	6.338E-01	2.242E-02	6.795E-01	6.346E-01	6.339E-01	6.338E-01	6.338E-01	6.339E-01
1.940E+00	6.306E-01	2.236E-02	6.765E-01	6.317E-01	6.306E-01	6.306E-01	6.305E-01	6.307E-01
1.950E+00	6.274E-01	2.230E-02	6.735E-01	6.289E-01	6.274E-01	6.274E-01	6.273E-01	6.274E-01
1.960E+00	6.242E-01	2.223E-02	6.704E-01	6.260E-01	6.242E-01	6.241E-01	6.241E-01	6.242E-01
1.970E+00	6.209E-01	2.216E-02	6.674E-01	6.231E-01	6.210E-01	6.209E-01	6.209E-01	6.210E-01
1.980E+00	6.177E-01	2.207E-02	6.644E-01	6.202E-01	6.177E-01	6.177E-01	6.177E-01	6.178E-01
1.990E+00	6.145E-01	2.199E-02	6.613E-01	6.173E-01	6.145E-01	6.145E-01	6.144E-01	6.145E-01
2.000E+00	6.112E-01	2.189E-02	6.583E-01	6.145E-01	6.113E-01	6.112E-01	6.112E-01	6.113E-01
2.010E+00	6.080E-01	2.179E-02	6.552E-01	6.116E-01	6.080E-01	6.080E-01	6.079E-01	6.081E-01
2.020E+00	6.048E-01	2.168E-02	6.521E-01	6.087E-01	6.048E-01	6.047E-01	6.047E-01	6.048E-01
2.030E+00	6.015E-01	2.157E-02	6.490E-01	6.058E-01	6.015E-01	6.015E-01	6.014E-01	6.016E-01
2.040E+00	5.983E-01	2.145E-02	6.459E-01	6.030E-01	5.983E-01	5.983E-01	5.982E-01	5.983E-01
2.050E+00	5.950E-01	2.132E-02	6.428E-01	6.001E-01	5.950E-01	5.950E-01	5.949E-01	5.951E-01
2.060E+00	5.918E-01	2.119E-02	6.396E-01	5.972E-01	5.917E-01	5.918E-01	5.917E-01	5.918E-01
2.070E+00	5.885E-01	2.105E-02	6.365E-01	5.944E-01	5.885E-01	5.885E-01	5.884E-01	5.886E-01
2.080E+00	5.852E-01	2.091E-02	6.333E-01	5.915E-01	5.852E-01	5.852E-01	5.852E-01	5.853E-01
2.090E+00	5.820E-01	2.076E-02	6.302E-01	5.886E-01	5.820E-01	5.820E-01	5.819E-01	5.820E-01
2.100E+00	5.787E-01	2.060E-02	6.270E-01	5.858E-01	5.787E-01	5.787E-01	5.787E-01	5.788E-01
2.110E+00	5.754E-01	2.044E-02	6.238E-01	5.829E-01	5.754E-01	5.755E-01	5.754E-01	5.755E-01
2.120E+00	5.722E-01	2.027E-02	6.206E-01	5.801E-01	5.722E-01	5.722E-01	5.721E-01	5.722E-01
2.130E+00	5.689E-01	2.010E-02	6.174E-01	5.772E-01	5.689E-01	5.689E-01	5.689E-01	5.690E-01
2.140E+00	5.657E-01	1.992E-02	6.142E-01	5.744E-01	5.656E-01	5.657E-01	5.656E-01	5.657E-01
2.150E+00	5.624E-01	1.973E-02	6.110E-01	5.715E-01	5.624E-01	5.624E-01	5.623E-01	5.624E-01
2.160E+00	5.591E-01	1.954E-02	6.078E-01	5.687E-01	5.591E-01	5.592E-01	5.591E-01	5.592E-01
2.170E+00	5.559E-01	1.935E-02	6.045E-01	5.658E-01	5.558E-01	5.559E-01	5.558E-01	5.559E-01
2.180E+00	5.526E-01	1.914E-02	6.013E-01	5.630E-01	5.525E-01	5.526E-01	5.525E-01	5.526E-01
2.190E+00	5.493E-01	1.894E-02	5.980E-01	5.602E-01	5.493E-01	5.494E-01	5.493E-01	5.494E-01
2.200E+00	5.461E-01	1.873E-02	5.948E-01	5.573E-01	5.460E-01	5.461E-01	5.460E-01	5.461E-01
2.210E+00	5.428E-01	1.851E-02	5.915E-01	5.545E-01	5.427E-01	5.428E-01	5.427E-01	5.428E-01
2.220E+00	5.395E-01	1.829E-02	5.882E-01	5.517E-01	5.395E-01	5.396E-01	5.395E-01	5.396E-01
2.230E+00	5.363E-01	1.806E-02	5.850E-01	5.488E-01	5.362E-01	5.363E-01	5.362E-01	5.363E-01
2.240E+00	5.330E-01	1.783E-02	5.817E-01	5.460E-01	5.329E-01	5.331E-01	5.329E-01	5.331E-01
2.250E+00	5.297E-01	1.759E-02	5.784E-01	5.432E-01	5.297E-01	5.298E-01	5.297E-01	5.298E-01
2.260E+00	5.265E-01	1.735E-02	5.751E-01	5.404E-01	5.264E-01	5.265E-01	5.264E-01	5.265E-01
2.270E+00	5.232E-01	1.710E-02	5.718E-01	5.376E-01	5.231E-01	5.233E-01	5.232E-01	5.233E-01
2.280E+00	5.200E-01	1.685E-02	5.685E-01	5.348E-01	5.199E-01	5.200E-01	5.199E-01	5.200E-01
2.290E+00	5.167E-01	1.659E-02	5.652E-01	5.320E-01	5.166E-01	5.168E-01	5.166E-01	5.168E-01
2.300E+00	5.135E-01	1.633E-02	5.619E-01	5.292E-01	5.134E-01	5.135E-01	5.134E-01	5.135E-01
2.310E+00	5.102E-01	1.606E-02	5.585E-01	5.264E-01	5.101E-01	5.103E-01	5.101E-01	5.103E-01
2.320E+00	5.070E-01	1.579E-02	5.552E-01	5.236E-01	5.069E-01	5.071E-01	5.069E-01	5.070E-01
2.330E+00	5.037E-01	1.552E-02	5.519E-01	5.208E-01	5.036E-01	5.038E-01	5.037E-01	5.038E-01
2.340E+00	5.005E-01	1.524E-02	5.485E-01	5.181E-01	5.004E-01	5.006E-01	5.004E-01	5.006E-01
2.350E+00	4.972E-01	1.496E-02	5.452E-01	5.153E-01	4.972E-01	4.973E-01	4.972E-01	4.973E-01
2.360E+00	4.940E-01	1.467E-02	5.419E-01	5.125E-01	4.939E-01	4.941E-01	4.940E-01	4.941E-01
2.370E+00	4.908E-01	1.438E-02	5.385E-01	5.098E-01	4.907E-01	4.909E-01	4.907E-01	4.909E-01
2.380E+00	4.876E-01	1.408E-02	5.352E-01	5.070E-01	4.875E-01	4.877E-01	4.875E-01	4.876E-01
2.390E+00	4.843E-01	1.378E-02	5.318E-01	5.043E-01	4.842E-01	4.845E-01	4.843E-01	4.844E-01
2.400E+00	4.811E-01	1.348E-02	5.285E-01	5.015E-01	4.810E-01	4.812E-01	4.811E-01	4.812E-01
2.410E+00	4.779E-01	1.317E-02	5.251E-01	4.988E-01	4.778E-01	4.780E-01	4.778E-01	4.780E-01
2.420E+00	4.747E-01	1.286E-02	5.218E-01	4.960E-01	4.746E-01	4.748E-01	4.746E-01	4.748E-01
2.430E+00	4.715E-01	1.255E-02	5.184E-01	4.933E-01	4.714E-01	4.716E-01	4.714E-01	4.716E-01
2.440E+00	4.683E-01	1.223E-02	5.150E-01	4.906E-01	4.682E-01	4.684E-01	4.682E-01	4.684E-01
2.450E+00	4.651E-01	1.191E-02	5.117E-01	4.879E-01	4.650E-01	4.652E-01	4.650E-01	4.652E-01
2.460E+00	4.619E-01	1.158E-02	5.083E-01	4.852E-01	4.618E-01	4.621E-01	4.619E-01	4.620E-01
2.470E+00	4.587E-01	1.126E-02	5.050E-01	4.824E-01	4.586E-01	4.589E-01	4.587E-01	4.588E-01
2.480E+00	4.556E-01	1.093E-02	5.016E-01	4.797E-01	4.554E-01	4.557E-01	4.555E-01	4.556E-01
2.490E+00	4.524E-01	1.059E-02	4.982E-01	4.770E-01	4.523E-01	4.525E-01	4.523E-01	4.525E-01
2.500E+00	4.492E-01	1.025E-02	4.949E-01	4.744E-01	4.491E-01	4.494E-01	4.492E-01	4.493E-01
2.510E+00	4.461E-01	9.914E-03	4.915E-01	4.717E-01	4.459E-01	4.462E-01	4.460E-01	4.462E-01
2.520E+00	4.429E-01	9.572E-03	4.881E-01	4.690E-01	4.428E-01	4.431E-01	4.429E-01	4.430E-01
2.530E+00	4.398E-01	9.226E-03	4.848E-01	4.663E-01	4.396E-01	4.399E-01	4.397E-01	4.399E-01
2.540E+00	4.366E-01	8.878E-03	4.814E-01	4.637E-01	4.365E-01	4.368E-01	4.366E-01	4.367E-01
2.550E+00	4.335E-01	8.528E-03	4.780E-01	4.610E-01	4.334E-01	4.337E-01	4.334E-01	4.336E-01
2.560E+00	4.304E-01	8.175E-03	4.747E-01	4.583E-01	4.302E-01	4.305E-01	4.303E-01	4.305E-01
2.570E+00	4.273E-01	7.819E-03	4.713E-01	4.557E-01	4.271E-01	4.274E-01	4.272E-01	4.273E-01
2.580E+00	4.242E-01	7.461E-03	4.680E-01	4.531E-01	4.240E-01	4.243E-01	4.241E-01	4.242E-01
2.590E+00	4.211E-01	7.101E-03	4.646E-01	4.504E-01	4.209E-01	4.212E-01	4.210E-01	4.211E-01
2.600E+00	4.180E-01	6.739E-03	4.613E-01	4.478E-01	4.178E-01	4.181E-01	4.179E-01	4.180E-01
2.610E+00	4.149E-01	6.375E-03	4.579E-01	4.452E-01	4.147E-01	4.150E-01	4.148E-01	4.150E-01
2.620E+00	4.118E-01	6.009E-03	4.546E-01	4.426E-01	4.116E-01	4.120E-01	4.117E-01	4.119E-01
2.630E+00	4.087E-01	5.641E-03	4.512E-01	4.400E-01	4.086E-01	4.089E-01	4.087E-01	4.088E-01
2.640E+00	4.057E-01	5.271E-03	4.479E-01	4.374E-01	4.055E-01	4.058E-01	4.056E-01	4.057E-01
2.650E+00	4.026E-01	4.899E-03	4.446E-01	4.348E-01	4.024E-01	4.028E-01	4.025E-01	4.027E-01
2.660E+00	3.996E-01	4.526E-03	4.412E-01	4.322E-01	3.994E-01	3.997E-01	3.995E-01	3.996E-01
2.670E+00	3.965E-01	4.152E-03	4.379E-01	4.296E-01	3.964E-01	3.967E-01	3.965E-01	3.966E-01
2.680E+00	3.935E-01	3.776E-03	4.346E-01	4.270E-01	3.933E-01	3.937E-01	3.934E-01	3.936E-01
2.690E+00	3.905E-01	3.399E-03	4.313E-01	4.245E-01	3.903E-01	3.907E-01	3.904E-01	3.906E-01
2.700E+00	3.875E-01	3.020E-03	4.279E-01	4.219E-01	3.873E-01	3.877E-01	3.874E-01	3.875E-01
2.710E+00	3.845E-01	2.641E-03	4.246E-01	4.194E-01	3.843E-01	3.847E-01	3.844E-01	3.845E-01
2.720E+00	3.815E-01	2.261E-03	4.213E-01	4.168E-01	3.813E-01	3.817E-01	3.814E-01	3.816E-01
2.730E+00	3.785E-01	1.881E-03	4.180E-01	4.143E-01	3.783E-01	3.787E-01	3.784E-01	3.786E-01
2.740E+00	3.755E-01	1.500E-03	4.147E-01	4.118E-01	3.753E-01	3.757E-01	3.755E-01	3.756E-01
2.750E+00	3.726E-01	1.121E-03	4.114E-01	4.092E-01	3.724E-01	3.728E-01	3.725E-01	3.726E-01
2.760E+00	3.696E-01	7.456E-04	4.082E-01	4.067E-01	3.694E-01	3.698E-01	3.695E-01	3.697E-01
2.770E+00	3.667E-01	3.894E-04	4.049E-01	4.042E-01	3.665E-01	3.669E-01	3.666E-01	3.667E-01
2.780E+00	3.637E-01	2.118E-04	4.016E-01	4.017E-01	3.635E-01	3.639E-01	3.637E-01	3.638E-01
2.790E+00	3.608E-01	4.867E-04	3.984E-01	3.992E-01	3.606E-01	3.610E-01	3.607E-01	3.609E-01
2.800E+00	3.579E-01	8.538E-04	3.951E-01	3.968E-01	3.577E-01	3.581E-01	3.578E-01	3.580E-01
2.810E+00	3.550E-01	1.234E-03	3.919E-01	3.943E-01	3.548E-01	3.552E-01	3.549E-01	3.551E-01
2.820E+00	3.521E-01	1.617E-03	3.886E-01	3.918E-01	3.519E-01	3.523E-01	3.520E-01	3.522E-01
2.830E+00	3.492E-01	2.003E-03	3.854E-01	3.894E-01	3.490E-01	3.494E-01	3.492E-01	3.493E-01
2.840E+00	3.464E-01	2.389E-03	3.822E-01	3.869E-01	3.462E-01	3.466E-01	3.463E-01	3.464E-01
2.850E+00	3.435E-01	2.776E-03	3.789E-01	3.845E-01	3.433E-01	3.437E-01	3.434E-01	3.436E-01
2.860E+00	3.406E-01	3.163E-03	3.757E-01	3.820E-01	3.404E-01	3.408E-01	3.406E-01	3.407E-01
2.870E+00	3.378E-01	3.551E-03	3.725E-01	3.796E-01	3.376E-01	3.380E-01	3.377E-01	3.379E-01
2.880E+00	3.350E-01	3.938E-03	3.693E-01	3.772E-01	3.348E-01	3.352E-01	3.349E-01	3.350E-01
2.890E+00	3.322E-01	4.325E-03	3.662E-01	3.748E-01	3.320E-01	3.324E-01	3.321E-01	3.322E-01
2.900E+00	3.294E-01	4.711E-03	3.630E-01	3.724E-01	3.292E-01	3.296E-01	3.293E-01	3.294E-01
2.910E+00	3.266E-01	5.098E-03	3.598E-01	3.700E-01	3.264E-01	3.268E-01	3.265E-01	3.266E-01
2.920E+00	3.238E-01	5.483E-03	3.567E-01	3.676E-01	3.236E-01	3.240E-01	3.237E-01	3.239E-01
2.930E+00	3.210E-01	5.869E-03	3.535E-01	3.652E-01	3.208E-01	3.212E-01	3.209E-01	3.211E-01
2.940E+00	3.183E-01	6.253E-03	3.504E-01	3.629E-01	3.180E-01	3.185E-01	3.182E-01	3.183E-01
2.950E+00	3.155E-01	6.637E-03	3.473E-01	3.605E-01	3.153E-01	3.157E-01	3.154E-01	3.156E-01
2.960E+00	3.128E-01	7.020E-03	3.441E-01	3.582E-01	3.126E-01	3.130E-01	3.127E-01	3.129E-01
2.970E+00	3.101E-01	7.402E-03	3.410E-01	3.558E-01	3.098E-01	3.103E-01	3.100E-01	3.101E-01
2.980E+00	3.074E-01	7.783E-03	3.379E-01	3.535E-01	3.071E-01	3.076E-01	3.073E-01	3.074E-01
2.990E+00	3.047E-01	8.164E-03	3.349E-01	3.512E-01	3.044E-01	3.049E-01	3.046E-01	3.047E-01
3.000E+00	3.020E-01	8.543E-03	3.318E-01	3.489E-01	3.018E-01	3.022E-01	3.019E-01	3.020E-01
