1.000E-02	1.312E+00	5.881E-03	1.306E+00	1.318E+00	1.313E+00	1.312E+00	1.312E+00	1.312E+00
2.000E-02	1.312E+00	5.825E-03	1.306E+00	1.317E+00	1.312E+00	1.311E+00	1.312E+00	1.312E+00
3.000E-02	1.311E+00	5.759E-03	1.305E+00	1.317E+00	1.311E+00	1.310E+00	1.311E+00	1.311E+00
4.000E-02	1.310E+00	5.686E-03	1.304E+00	1.316E+00	1.310E+00	1.309E+00	1.310E+00	1.310E+00
5.000E-02	1.309E+00	5.609E-03	1.303E+00	1.315E+00	1.309E+00	1.308E+00	1.309E+00	1.309E+00
6.000E-02	1.308E+00	5.529E-03	1.302E+00	1.313E+00	1.308E+00	1.307E+00	1.308E+00	1.308E+00
7.000E-02	1.307E+00	5.445E-03	1.301E+00	1.312E+00	1.307E+00	1.306E+00	1.307E+00	1.307E+00
8.000E-02	1.305E+00	5.359E-03	1.300E+00	1.311E+00	1.306E+00	1.305E+00	1.305E+00	1.305E+00
9.000E-02	1.304E+00	5.271E-03	1.299E+00	1.309E+00	1.304E+00	1.303E+00	1.304E+00	1.304E+00
1.000E-01	1.302E+00	5.181E-03	1.297E+00	1.308E+00	1.303E+00	1.302E+00	1.302E+00	1.303E+00
1.100E-01	1.301E+00	5.091E-03	1.296E+00	1.306E+00	1.301E+00	1.300E+00	1.301E+00	1.301E+00
1.200E-01	1.299E+00	4.998E-03	1.294E+00	1.304E+00	1.300E+00	1.299E+00	1.299E+00	1.299E+00
1.300E-01	1.298E+00	4.906E-03	1.293E+00	1.303E+00	1.298E+00	1.297E+00	1.298E+00	1.298E+00
1.400E-01	1.296E+00	4.812E-03	1.291E+00	1.301E+00	1.296E+00	1.295E+00	1.296E+00	1.296E+00
1.500E-01	1.294E+00	4.718E-03	1.289E+00	1.299E+00	1.295E+00	1.294E+00	1.294E+00	1.294E+00
1.600E-01	1.292E+00	4.623E-03	1.288E+00	1.297E+00	1.293E+00	1.292E+00	1.292E+00	1.292E+00
1.700E-01	1.290E+00	4.528E-03	1.286E+00	1.295E+00	1.291E+00	1.290E+00	1.290E+00	1.290E+00
1.800E-01	1.288E+00	4.432E-03	1.284E+00	1.293E+00	1.289E+00	1.288E+00	1.288E+00	1.288E+00
1.900E-01	1.286E+00	4.337E-03	1.282E+00	1.291E+00	1.287E+00	1.286E+00	1.286E+00	1.286E+00
2.000E-01	1.284E+00	4.241E-03	1.280E+00	1.288E+00	1.285E+00	1.284E+00	1.284E+00	1.284E+00
2.100E-01	1.282E+00	4.146E-03	1.278E+00	1.286E+00	1.283E+00	1.282E+00	1.282E+00	1.282E+00
2.200E-01	1.280E+00	4.050E-03	1.276E+00	1.284E+00	1.280E+00	1.279E+00	1.280E+00	1.280E+00
2.300E-01	1.278E+00	3.955E-03	1.274E+00	1.282E+00	1.278E+00	1.277E+00	1.278E+00	1.278E+00
2.400E-01	1.275E+00	3.860E-03	1.272E+00	1.279E+00	1.276E+00	1.275E+00	1.275E+00	1.275E+00
2.500E-01	1.273E+00	3.765E-03	1.269E+00	1.277E+00	1.274E+00	1.273E+00	1.273E+00	1.273E+00
2.600E-01	1.271E+00	3.671E-03	1.267E+00	1.274E+00	1.271E+00	1.270E+00	1.271E+00	1.271E+00
2.700E-01	1.268E+00	3.577E-03	1.265E+00	1.272E+00	1.269E+00	1.268E+00	1.268E+00	1.268E+00
2.800E-01	1.266E+00	3.483E-03	1.262E+00	1.269E+00	1.266E+00	1.265E+00	1.266E+00	1.266E+00
2.900E-01	1.263E+00	3.390E-03	1.260E+00	1.267E+00	1.264E+00	1.263E+00	1.263E+00	1.263E+00
3.000E-01	1.261E+00	3.297E-03	1.258E+00	1.264E+00	1.261E+00	1.260E+00	1.261E+00	1.261E+00
3.100E-01	1.258E+00	3.205E-03	1.255E+00	1.261E+00	1.259E+00	1.258E+00	1.258E+00	1.258E+00
3.200E-01	1.256E+00	3.113E-03	1.253E+00	1.259E+00	1.256E+00	1.255E+00	1.256E+00	1.256E+00
3.300E-01	1.253E+00	3.022E-03	1.250E+00	1.256E+00	1.254E+00	1.253E+00	1.253E+00	1.253E+00
3.400E-01	1.250E+00	2.932E-03	1.247E+00	1.253E+00	1.251E+00	1.250E+00	1.250E+00	1.250E+00
3.500E-01	1.248E+00	2.842E-03	1.245E+00	1.250E+00	1.248E+00	1.247E+00	1.248E+00	1.248E+00
3.600E-01	1.245E+00	2.753E-03	1.242E+00	1.248E+00	1.245E+00	1.245E+00	1.245E+00	1.245E+00
3.700E-01	1.242E+00	2.665E-03	1.240E+00	1.245E+00	1.243E+00	1.242E+00	1.242E+00	1.242E+00
3.800E-01	1.239E+00	2.577E-03	1.237E+00	1.242E+00	1.240E+00	1.239E+00	1.239E+00	1.239E+00
3.900E-01	1.237E+00	2.490E-03	1.234E+00	1.239E+00	1.237E+00	1.236E+00	1.237E+00	1.237E+00
4.000E-01	1.234E+00	2.404E-03	1.231E+00	1.236E+00	1.234E+00	1.233E+00	1.234E+00	1.234E+00
4.100E-01	1.231E+00	2.319E-03	1.228E+00	1.233E+00	1.231E+00	1.230E+00	1.231E+00	1.231E+00
4.200E-01	1.228E+00	2.235E-03	1.226E+00	1.230E+00	1.228E+00	1.227E+00	1.228E+00	1.228E+00
4.300E-01	1.225E+00	2.151E-03	1.223E+00	1.227E+00	1.225E+00	1.224E+00	1.225E+00	1.225E+00
4.400E-01	1.222E+00	2.069E-03	1.220E+00	1.224E+00	1.222E+00	1.221E+00	1.222E+00	1.222E+00
4.500E-01	1.219E+00	1.987E-03	1.217E+00	1.221E+00	1.219E+00	1.218E+00	1.219E+00	1.219E+00
4.600E-01	1.216E+00	1.906E-03	1.214E+00	1.218E+00	1.216E+00	1.215E+00	1.216E+00	1.216E+00
4.700E-01	1.213E+00	1.826E-03	1.211E+00	1.215E+00	1.213E+00	1.212E+00	1.213E+00	1.213E+00
4.800E-01	1.210E+00	1.747E-03	1.208E+00	1.211E+00	1.210E+00	1.209E+00	1.210E+00	1.210E+00
4.900E-01	1.207E+00	1.669E-03	1.205E+00	1.208E+00	1.207E+00	1.206E+00	1.207E+00	1.207E+00
5.000E-01	1.203E+00	1.593E-03	1.202E+00	1.205E+00	1.204E+00	1.203E+00	1.203E+00	1.203E+00
5.100E-01	1.200E+00	1.517E-03	1.199E+00	1.202E+00	1.201E+00	1.200E+00	1.200E+00	1.200E+00
5.200E-01	1.197E+00	1.442E-03	1.196E+00	1.198E+00	1.198E+00	1.197E+00	1.197E+00	1.197E+00
5.300E-01	1.194E+00	1.368E-03	1.193E+00	1.195E+00	1.194E+00	1.193E+00	1.194E+00	1.194E+00
5.400E-01	1.191E+00	1.296E-03	1.189E+00	1.192E+00	1.191E+00	1.190E+00	1.191E+00	1.191E+00
5.500E-01	1.187E+00	1.225E-03	1.186E+00	1.189E+00	1.188E+00	1.187E+00	1.187E+00	1.187E+00
5.600E-01	1.184E+00	1.155E-03	1.183E+00	1.185E+00	1.185E+00	1.184E+00	1.184E+00	1.184E+00
5.700E-01	1.181E+00	1.086E-03	1.180E+00	1.182E+00	1.181E+00	1.180E+00	1.181E+00	1.181E+00
5.800E-01	1.178E+00	1.019E-03	1.177E+00	1.178E+00	1.178E+00	1.177E+00	1.177E+00	1.178E+00
5.900E-01	1.174E+00	9.526E-04	1.173E+00	1.175E+00	1.175E+00	1.174E+00	1.174E+00	1.174E+00
6.000E-01	1.171E+00	8.883E-04	1.170E+00	1.172E+00	1.171E+00	1.170E+00	1.171E+00	1.171E+00
6.100E-01	1.167E+00	8.257E-04	1.167E+00	1.168E+00	1.168E+00	1.167E+00	1.167E+00	1.167E+00
6.200E-01	1.164E+00	7.649E-04	1.163E+00	1.165E+00	1.164E+00	1.164E+00	1.164E+00	1.164E+00
6.300E-01	1.161E+00	7.062E-04	1.160E+00	1.161E+00	1.161E+00	1.160E+00	1.161E+00	1.161E+00
6.400E-01	1.157E+00	6.499E-04	1.157E+00	1.158E+00	1.158E+00	1.157E+00	1.157E+00	1.157E+00
6.500E-01	1.154E+00	5.963E-04	1.153E+00	1.154E+00	1.154E+00	1.153E+00	1.154E+00	1.154E+00
6.600E-01	1.150E+00	5.459E-04	1.150E+00	1.151E+00	1.151E+00	1.150E+00	1.150E+00	1.150E+00
6.700E-01	1.147E+00	4.992E-04	1.146E+00	1.147E+00	1.147E+00	1.146E+00	1.147E+00	1.147E+00
6.800E-01	1.143E+00	4.570E-04	1.143E+00	1.144E+00	1.144E+00	1.143E+00	1.143E+00	1.143E+00
6.900E-01	1.140E+00	4.203E-04	1.140E+00	1.140E+00	1.140E+00	1.139E+00	1.140E+00	1.140E+00
7.000E-01	1.136E+00	3.901E-04	1.136E+00	1.136E+00	1.137E+00	1.136E+00	1.136E+00	1.136E+00
7.100E-01	1.133E+00	3.676E-04	1.133E+00	1.133E+00	1.133E+00	1.132E+00	1.133E+00	1.133E+00
7.200E-01	1.129E+00	3.538E-04	1.129E+00	1.129E+00	1.130E+00	1.129E+00	1.129E+00	1.129E+00
7.300E-01	1.126E+00	3.491E-04	1.126E+00	1.126E+00	1.126E+00	1.125E+00	1.126E+00	1.126E+00
7.400E-01	1.122E+00	3.537E-04	1.122E+00	1.122E+00	1.122E+00	1.122E+00	1.122E+00	1.122E+00
7.500E-01	1.118E+00	3.665E-04	1.119E+00	1.118E+00	1.119E+00	1.118E+00	1.118E+00	1.118E+00
7.600E-01	1.115E+00	3.864E-04	1.115E+00	1.115E+00	1.115E+00	1.115E+00	1.115E+00	1.115E+00
7.700E-01	1.111E+00	4.121E-04	1.111E+00	1.111E+00	1.112E+00	1.111E+00	1.111E+00	1.111E+00
7.800E-01	1.108E+00	4.421E-04	1.108E+00	1.107E+00	1.108E+00	1.107E+00	1.108E+00	1.108E+00
7.900E-01	1.104E+00	4.753E-04	1.104E+00	1.104E+00	1.104E+00	1.104E+00	1.104E+00	1.104E+00
8.000E-01	1.100E+00	5.108E-04	1.101E+00	1.100E+00	1.101E+00	1.100E+00	1.100E+00	1.100E+00
8.100E-01	1.097E+00	5.479E-04	1.097E+00	1.096E+00	1.097E+00	1.096E+00	1.097E+00	1.097E+00
8.200E-01	1.093E+00	5.861E-04	1.093E+00	1.092E+00	1.093E+00	1.093E+00	1.093E+00	1.093E+00
8.300E-01	1.089E+00	6.249E-04	1.090E+00	1.089E+00	1.090E+00	1.089E+00	1.089E+00	1.089E+00
8.400E-01	1.086E+00	6.640E-04	1.086E+00	1.085E+00	1.086E+00	1.085E+00	1.086E+00	1.086E+00
8.500E-01	1.082E+00	7.032E-04	1.082E+00	1.081E+00	1.082E+00	1.082E+00	1.082E+00	1.082E+00
8.600E-01	1.078E+00	7.424E-04	1.079E+00	1.077E+00	1.078E+00	1.078E+00	1.078E+00	1.078E+00
8.700E-01	1.074E+00	7.813E-04	1.075E+00	1.074E+00	1.075E+00	1.074E+00	1.074E+00	1.074E+00
8.800E-01	1.071E+00	8.198E-04	1.071E+00	1.070E+00	1.071E+00	1.070E+00	1.071E+00	1.071E+00
8.900E-01	1.067E+00	8.579E-04	1.068E+00	1.066E+00	1.067E+00	1.067E+00	1.067E+00	1.067E+00
9.000E-01	1.063E+00	8.955E-04	1.064E+00	1.062E+00	1.063E+00	1.063E+00	1.063E+00	1.063E+00
9.100E-01	1.059E+00	9.325E-04	1.060E+00	1.058E+00	1.060E+00	1.059E+00	1.059E+00	1.059E+00
9.200E-01	1.056E+00	9.690E-04	1.057E+00	1.055E+00	1.056E+00	1.055E+00	1.056E+00	1.056E+00
9.300E-01	1.052E+00	1.005E-03	1.053E+00	1.051E+00	1.052E+00	1.052E+00	1.052E+00	1.052E+00
9.400E-01	1.048E+00	1.040E-03	1.049E+00	1.047E+00	1.048E+00	1.048E+00	1.048E+00	1.048E+00
9.500E-01	1.044E+00	1.074E-03	1.045E+00	1.043E+00	1.045E+00	1.044E+00	1.044E+00	1.044E+00
9.600E-01	1.040E+00	1.108E-03	1.042E+00	1.039E+00	1.041E+00	1.040E+00	1.040E+00	1.040E+00
9.700E-01	1.037E+00	1.141E-03	1.038E+00	1.036E+00	1.037E+00	1.036E+00	1.037E+00	1.037E+00
9.800E-01	1.033E+00	1.173E-03	1.034E+00	1.032E+00	1.033E+00	1.033E+00	1.033E+00	1.033E+00
9.900E-01	1.029E+00	1.204E-03	1.030E+00	1.028E+00	1.029E+00	1.029E+00	1.029E+00	1.029E+00
1.000E+00	1.025E+00	1.235E-03	1.026E+00	1.024E+00	1.025E+00	1.025E+00	1.025E+00	1.025E+00
1.010E+00	1.021E+00	1.265E-03	1.023E+00	1.020E+00	1.022E+00	1.021E+00	1.021E+00	1.021E+00
1.020E+00	1.018E+00	1.294E-03	1.019E+00	1.016E+00	1.018E+00	1.017E+00	1.018E+00	1.018E+00
1.030E+00	1.014E+00	1.322E-03	1.015E+00	1.012E+00	1.014E+00	1.013E+00	1.014E+00	1.014E+00
1.040E+00	1.010E+00	1.350E-03	1.011E+00	1.009E+00	1.010E+00	1.010E+00	1.010E+00	1.010E+00
1.050E+00	1.006E+00	1.377E-03	1.007E+00	1.005E+00	1.006E+00	1.006E+00	1.006E+00	1.006E+00
1.060E+00	1.002E+00	1.403E-03	1.004E+00	1.001E+00	1.002E+00	1.002E+00	1.002E+00	1.002E+00
1.070E+00	9.983E-01	1.428E-03	9.998E-01	9.969E-01	9.986E-01	9.981E-01	9.983E-01	9.984E-01
1.080E+00	9.945E-01	1.453E-03	9.959E-01	9.931E-01	9.947E-01	9.943E-01	9.945E-01	9.945E-01
1.090E+00	9.906E-01	1.476E-03	9.921E-01	9.892E-01	9.909E-01	9.904E-01	9.906E-01	9.907E-01
1.100E+00	9.868E-01	1.499E-03	9.883E-01	9.853E-01	9.870E-01	9.865E-01	9.867E-01	9.868E-01
1.110E+00	9.829E-01	1.521E-03	9.844E-01	9.814E-01	9.831E-01	9.827E-01	9.829E-01	9.829E-01
1.120E+00	9.790E-01	1.543E-03	9.806E-01	9.775E-01	9.793E-01	9.788E-01	9.790E-01	9.791E-01
1.130E+00	9.752E-01	1.563E-03	9.767E-01	9.736E-01	9.754E-01	9.749E-01	9.751E-01	9.752E-01
1.140E+00	9.713E-01	1.583E-03	9.729E-01	9.697E-01	9.715E-01	9.711E-01	9.713E-01	9.713E-01
1.150E+00	9.674E-01	1.602E-03	9.690E-01	9.658E-01	9.676E-01	9.672E-01	9.674E-01	9.674E-01
1.160E+00	9.635E-01	1.620E-03	9.652E-01	9.620E-01	9.638E-01	9.633E-01	9.635E-01	9.636E-01
1.170E+00	9.597E-01	1.638E-03	9.613E-01	9.581E-01	9.599E-01	9.595E-01	9.596E-01	9.597E-01
1.180E+00	9.558E-01	1.655E-03	9.574E-01	9.542E-01	9.560E-01	9.556E-01	9.558E-01	9.558E-01
1.190E+00	9.519E-01	1.671E-03	9.536E-01	9.503E-01	9.521E-01	9.517E-01	9.519E-01	9.519E-01
1.200E+00	9.480E-01	1.686E-03	9.497E-01	9.464E-01	9.482E-01	9.478E-01	9.480E-01	9.481E-01
1.210E+00	9.442E-01	1.701E-03	9.459E-01	9.425E-01	9.443E-01	9.440E-01	9.441E-01	9.442E-01
1.220E+00	9.403E-01	1.715E-03	9.420E-01	9.386E-01	9.405E-01	9.401E-01	9.402E-01	9.403E-01
1.230E+00	9.364E-01	1.728E-03	9.381E-01	9.347E-01	9.366E-01	9.362E-01	9.364E-01	9.364E-01
1.240E+00	9.325E-01	1.740E-03	9.343E-01	9.308E-01	9.327E-01	9.323E-01	9.325E-01	9.325E-01
1.250E+00	9.286E-01	1.752E-03	9.304E-01	9.269E-01	9.288E-01	9.284E-01	9.286E-01	9.287E-01
1.260E+00	9.247E-01	1.763E-03	9.265E-01	9.230E-01	9.249E-01	9.246E-01	9.247E-01	9.248E-01
1.270E+00	9.209E-01	1.774E-03	9.227E-01	9.191E-01	9.210E-01	9.207E-01	9.208E-01	9.209E-01
1.280E+00	9.170E-01	1.783E-03	9.188E-01	9.152E-01	9.172E-01	9.168E-01	9.170E-01	9.170E-01
1.290E+00	9.131E-01	1.792E-03	9.149E-01	9.114E-01	9.133E-01	9.129E-01	9.131E-01	9.131E-01
1.300E+00	9.092E-01	1.801E-03	9.111E-01	9.075E-01	9.094E-01	9.091E-01	9.092E-01	9.093E-01
1.310E+00	9.054E-01	1.808E-03	9.072E-01	9.036E-01	9.055E-01	9.052E-01	9.053E-01	9.054E-01
1.320E+00	9.015E-01	1.815E-03	9.033E-01	8.997E-01	9.016E-01	9.013E-01	9.015E-01	9.015E-01
1.330E+00	8.976E-01	1.822E-03	8.995E-01	8.958E-01	8.978E-01	8.975E-01	8.976E-01	8.976E-01
1.340E+00	8.937E-01	1.828E-03	8.956E-01	8.919E-01	8.939E-01	8.936E-01	8.937E-01	8.938E-01
1.350E+00	8.899E-01	1.833E-03	8.917E-01	8.881E-01	8.900E-01	8.897E-01	8.898E-01	8.899E-01
1.360E+00	8.860E-01	1.837E-03	8.879E-01	8.842E-01	8.861E-01	8.859E-01	8.860E-01	8.860E-01
1.370E+00	8.821E-01	1.841E-03	8.840E-01	8.803E-01	8.823E-01	8.820E-01	8.821E-01	8.822E-01
1.380E+00	8.783E-01	1.844E-03	8.802E-01	8.765E-01	8.784E-01	8.781E-01	8.782E-01	8.783E-01
1.390E+00	8.744E-01	1.847E-03	8.763E-01	8.726E-01	8.745E-01	8.743E-01	8.744E-01	8.744E-01
1.400E+00	8.706E-01	1.849E-03	8.724E-01	8.688E-01	8.707E-01	8.704E-01	8.705E-01	8.706E-01
1.410E+00	8.667E-01	1.850E-03	8.686E-01	8.649E-01	8.668E-01	8.666E-01	8.667E-01	8.667E-01
1.420E+00	8.629E-01	1.851E-03	8.647E-01	8.611E-01	8.630E-01	8.627E-01	8.628E-01	8.629E-01
1.430E+00	8.590E-01	1.851E-03	8.609E-01	8.572E-01	8.591E-01	8.589E-01	8.590E-01	8.590E-01
1.440E+00	8.552E-01	1.851E-03	8.571E-01	8.534E-01	8.553E-01	8.550E-01	8.551E-01	8.552E-01
1.450E+00	8.513E-01	1.850E-03	8.532E-01	8.495E-01	8.514E-01	8.512E-01	8.513E-01	8.514E-01
1.460E+00	8.475E-01	1.848E-03	8.494E-01	8.457E-01	8.476E-01	8.474E-01	8.475E-01	8.475E-01
1.470E+00	8.437E-01	1.846E-03	8.456E-01	8.419E-01	8.438E-01	8.435E-01	8.436E-01	8.437E-01
1.480E+00	8.398E-01	1.844E-03	8.417E-01	8.380E-01	8.399E-01	8.397E-01	8.398E-01	8.399E-01
1.490E+00	8.360E-01	1.841E-03	8.379E-01	8.342E-01	8.361E-01	8.359E-01	8.360E-01	8.360E-01
1.500E+00	8.322E-01	1.837E-03	8.341E-01	8.304E-01	8.323E-01	8.321E-01	8.322E-01	8.322E-01
1.510E+00	8.284E-01	1.833E-03	8.303E-01	8.266E-01	8.285E-01	8.283E-01	8.283E-01	8.284E-01
1.520E+00	8.246E-01	1.828E-03	8.264E-01	8.228E-01	8.247E-01	8.245E-01	8.245E-01	8.246E-01
1.530E+00	8.208E-01	1.823E-03	8.226E-01	8.190E-01	8.208E-01	8.207E-01	8.207E-01	8.208E-01
1.540E+00	8.170E-01	1.817E-03	8.188E-01	8.152E-01	8.170E-01	8.169E-01	8.169E-01	8.170E-01
1.550E+00	8.132E-01	1.811E-03	8.150E-01	8.114E-01	8.132E-01	8.131E-01	8.131E-01	8.132E-01
1.560E+00	8.094E-01	1.804E-03	8.112E-01	8.076E-01	8.095E-01	8.093E-01	8.093E-01	8.094E-01
1.570E+00	8.056E-01	1.797E-03	8.074E-01	8.039E-01	8.057E-01	8.055E-01	8.056E-01	8.056E-01
1.580E+00	8.018E-01	1.789E-03	8.037E-01	8.001E-01	8.019E-01	8.017E-01	8.018E-01	8.018E-01
1.590E+00	7.980E-01	1.781E-03	7.999E-01	7.963E-01	7.981E-01	7.980E-01	7.980E-01	7.981E-01
1.600E+00	7.943E-01	1.772E-03	7.961E-01	7.926E-01	7.943E-01	7.942E-01	7.942E-01	7.943E-01
1.610E+00	7.905E-01	1.763E-03	7.923E-01	7.888E-01	7.906E-01	7.904E-01	7.905E-01	7.905E-01
1.620E+00	7.868E-01	1.753E-03	7.886E-01	7.851E-01	7.868E-01	7.867E-01	7.867E-01	7.868E-01
1.630E+00	7.830E-01	1.743E-03	7.848E-01	7.813E-01	7.831E-01	7.829E-01	7.830E-01	7.830E-01
1.640E+00	7.793E-01	1.733E-03	7.811E-01	7.776E-01	7.793E-01	7.792E-01	7.792E-01	7.793E-01
1.650E+00	7.755E-01	1.722E-03	7.773E-01	7.739E-01	7.756E-01	7.755E-01	7.755E-01	7.756E-01
1.660E+00	7.718E-01	1.711E-03	7.736E-01	7.701E-01	7.718E-01	7.717E-01	7.718E-01	7.718E-01
1.670E+00	7.681E-01	1.699E-03	7.698E-01	7.664E-01	7.681E-01	7.680E-01	7.680E-01	7.681E-01
1.680E+00	7.643E-01	1.687E-03	7.661E-01	7.627E-01	7.644E-01	7.643E-01	7.643E-01	7.644E-01
1.690E+00	7.606E-01	1.674E-03	7.624E-01	7.590E-01	7.607E-01	7.606E-01	7.606E-01	7.607E-01
1.700E+00	7.569E-01	1.661E-03	7.587E-01	7.553E-01	7.570E-01	7.569E-01	7.569E-01	7.570E-01
1.710E+00	7.532E-01	1.648E-03	7.550E-01	7.517E-01	7.533E-01	7.532E-01	7.532E-01	7.533E-01
1.720E+00	7.495E-01	1.634E-03	7.513E-01	7.480E-01	7.496E-01	7.495E-01	7.495E-01	7.496E-01
1.730E+00	7.459E-01	1.620E-03	7.476E-01	7.443E-01	7.459E-01	7.458E-01	7.458E-01	7.459E-01
1.740E+00	7.422E-01	1.606E-03	7.439E-01	7.407E-01	7.422E-01	7.422E-01	7.422E-01	7.422E-01
1.750E+00	7.385E-01	1.591E-03	7.402E-01	7.370E-01	7.385E-01	7.385E-01	7.385E-01	7.386E-01
1.760E+00	7.349E-01	1.576E-03	7.365E-01	7.334E-01	7.349E-01	7.348E-01	7.348E-01	7.349E-01
1.770E+00	7.312E-01	1.560E-03	7.328E-01	7.297E-01	7.312E-01	7.312E-01	7.312E-01	7.312E-01
1.780E+00	7.276E-01	1.544E-03	7.292E-01	7.261E-01	7.276E-01	7.275E-01	7.275E-01	7.276E-01
1.790E+00	7.239E-01	1.528E-03	7.255E-01	7.225E-01	7.239E-01	7.239E-01	7.239E-01	7.240E-01
1.800E+00	7.203E-01	1.512E-03	7.219E-01	7.189E-01	7.203E-01	7.203E-01	7.203E-01	7.203E-01
1.810E+00	7.167E-01	1.495E-03	7.183E-01	7.153E-01	7.167E-01	7.167E-01	7.166E-01	7.167E-01
1.820E+00	7.131E-01	1.478E-03	7.146E-01	7.117E-01	7.131E-01	7.131E-01	7.130E-01	7.131E-01
1.830E+00	7.095E-01	1.460E-03	7.110E-01	7.081E-01	7.095E-01	7.094E-01	7.094E-01	7.095E-01
1.840E+00	7.059E-01	1.442E-03	7.074E-01	7.045E-01	7.059E-01	7.059E-01	7.058E-01	7.059E-01
1.850E+00	7.023E-01	1.424E-03	7.038E-01	7.009E-01	7.023E-01	7.023E-01	7.022E-01	7.023E-01
1.860E+00	6.987E-01	1.406E-03	7.002E-01	6.974E-01	6.987E-01	6.987E-01	6.987E-01	6.987E-01
1.870E+00	6.951E-01	1.387E-03	6.966E-01	6.938E-01	6.951E-01	6.951E-01	6.951E-01	6.951E-01
1.880E+00	6.916E-01	1.368E-03	6.930E-01	6.903E-01	6.915E-01	6.916E-01	6.915E-01	6.916E-01
1.890E+00	6.880E-01	1.349E-03	6.894E-01	6.867E-01	6.880E-01	6.880E-01	6.880E-01	6.880E-01
1.900E+00	6.845E-01	1.330E-03	6.859E-01	6.832E-01	6.844E-01	6.845E-01	6.844E-01	6.845E-01
1.910E+00	6.809E-01	1.310E-03	6.823E-01	6.797E-01	6.809E-01	6.809E-01	6.809E-01	6.809E-01
1.920E+00	6.774E-01	1.290E-03	6.788E-01	6.762E-01	6.774E-01	6.774E-01	6.774E-01	6.774E-01
1.930E+00	6.739E-01	1.270E-03	6.752E-01	6.727E-01	6.738E-01	6.739E-01	6.738E-01	6.739E-01
1.940E+00	6.704E-01	1.249E-03	6.717E-01	6.692E-01	6.703E-01	6.704E-01	6.703E-01	6.704E-01
1.950E+00	6.669E-01	1.228E-03	6.682E-01	6.657E-01	6.668E-01	6.669E-01	6.668E-01	6.669E-01
1.960E+00	6.634E-01	1.208E-03	6.647E-01	6.623E-01	6.633E-01	6.634E-01	6.633E-01	6.634E-01
1.970E+00	6.599E-01	1.186E-03	6.612E-01	6.588E-01	6.599E-01	6.599E-01	6.598E-01	6.599E-01
1.980E+00	6.564E-01	1.165E-03	6.577E-01	6.553E-01	6.564E-01	6.564E-01	6.564E-01	6.564E-01
1.990E+00	6.529E-01	1.143E-03	6.542E-01	6.519E-01	6.529E-01	6.530E-01	6.529E-01	6.530E-01
2.000E+00	6.495E-01	1.122E-03	6.507E-01	6.485E-01	6.495E-01	6.495E-01	6.495E-01	6.495E-01
2.010E+00	6.460E-01	1.100E-03	6.472E-01	6.450E-01	6.460E-01	6.461E-01	6.460E-01	6.461E-01
2.020E+00	6.426E-01	1.077E-03	6.438E-01	6.416E-01	6.426E-01	6.427E-01	6.426E-01	6.426E-01
2.030E+00	6.392E-01	1.055E-03	6.403E-01	6.382E-01	6.391E-01	6.392E-01	6.392E-01	6.392E-01
2.040E+00	6.358E-01	1.033E-03	6.369E-01	6.348E-01	6.357E-01	6.358E-01	6.357E-01	6.358E-01
2.050E+00	6.324E-01	1.010E-03	6.335E-01	6.315E-01	6.323E-01	6.324E-01	6.323E-01	6.324E-01
2.060E+00	6.290E-01	9.869E-04	6.301E-01	6.281E-01	6.289E-01	6.290E-01	6.289E-01	6.290E-01
2.070E+00	6.256E-01	9.639E-04	6.266E-01	6.247E-01	6.255E-01	6.256E-01	6.255E-01	6.256E-01
2.080E+00	6.222E-01	9.407E-04	6.232E-01	6.214E-01	6.221E-01	6.223E-01	6.222E-01	6.222E-01
2.090E+00	6.188E-01	9.174E-04	6.199E-01	6.180E-01	6.188E-01	6.189E-01	6.188E-01	6.189E-01
2.100E+00	6.155E-01	8.939E-04	6.165E-01	6.147E-01	6.154E-01	6.155E-01	6.154E-01	6.155E-01
2.110E+00	6.121E-01	8.703E-04	6.131E-01	6.114E-01	6.121E-01	6.122E-01	6.121E-01	6.122E-01
2.120E+00	6.088E-01	8.465E-04	6.097E-01	6.081E-01	6.087E-01	6.089E-01	6.088E-01	6.088E-01
2.130E+00	6.055E-01	8.226E-04	6.064E-01	6.048E-01	6.054E-01	6.055E-01	6.054E-01	6.055E-01
2.140E+00	6.022E-01	7.987E-04	6.031E-01	6.015E-01	6.021E-01	6.022E-01	6.021E-01	6.022E-01
2.150E+00	5.989E-01	7.746E-04	5.997E-01	5.982E-01	5.988E-01	5.989E-01	5.988E-01	5.989E-01
2.160E+00	5.956E-01	7.504E-04	5.964E-01	5.949E-01	5.955E-01	5.956E-01	5.955E-01	5.956E-01
2.170E+00	5.923E-01	7.261E-04	5.931E-01	5.917E-01	5.922E-01	5.923E-01	5.922E-01	5.923E-01
2.180E+00	5.890E-01	7.017E-04	5.898E-01	5.884E-01	5.889E-01	5.891E-01	5.890E-01	5.890E-01
2.190E+00	5.857E-01	6.773E-04	5.865E-01	5.852E-01	5.857E-01	5.858E-01	5.857E-01	5.858E-01
2.200E+00	5.825E-01	6.528E-04	5.832E-01	5.819E-01	5.824E-01	5.826E-01	5.824E-01	5.825E-01
2.210E+00	5.792E-01	6.282E-04	5.800E-01	5.787E-01	5.792E-01	5.793E-01	5.792E-01	5.793E-01
2.220E+00	5.760E-01	6.036E-04	5.767E-01	5.755E-01	5.759E-01	5.761E-01	5.760E-01	5.760E-01
2.230E+00	5.728E-01	5.789E-04	5.735E-01	5.723E-01	5.727E-01	5.729E-01	5.728E-01	5.728E-01
2.240E+00	5.696E-01	5.543E-04	5.702E-01	5.691E-01	5.695E-01	5.697E-01	5.695E-01	5.696E-01
2.250E+00	5.664E-01	5.296E-04	5.670E-01	5.660E-01	5.663E-01	5.665E-01	5.663E-01	5.664E-01
2.260E+00	5.632E-01	5.049E-04	5.638E-01	5.628E-01	5.631E-01	5.633E-01	5.632E-01	5.632E-01
2.270E+00	5.600E-01	4.802E-04	5.606E-01	5.596E-01	5.599E-01	5.601E-01	5.600E-01	5.600E-01
2.280E+00	5.568E-01	4.555E-04	5.574E-01	5.565E-01	5.567E-01	5.569E-01	5.568E-01	5.569E-01
2.290E+00	5.537E-01	4.309E-04	5.542E-01	5.534E-01	5.536E-01	5.538E-01	5.536E-01	5.537E-01
2.300E+00	5.505E-01	4.064E-04	5.510E-01	5.503E-01	5.504E-01	5.506E-01	5.505E-01	5.506E-01
2.310E+00	5.474E-01	3.821E-04	5.479E-01	5.472E-01	5.473E-01	5.475E-01	5.474E-01	5.474E-01
2.320E+00	5.443E-01	3.578E-04	5.447E-01	5.441E-01	5.442E-01	5.444E-01	5.442E-01	5.443E-01
2.330E+00	5.412E-01	3.338E-04	5.416E-01	5.410E-01	5.411E-01	5.413E-01	5.411E-01	5.412E-01
2.340E+00	5.381E-01	3.101E-04	5.385E-01	5.379E-01	5.380E-01	5.382E-01	5.380E-01	5.381E-01
2.350E+00	5.350E-01	2.866E-04	5.354E-01	5.348E-01	5.349E-01	5.351E-01	5.349E-01	5.350E-01
2.360E+00	5.319E-01	2.637E-04	5.322E-01	5.318E-01	5.318E-01	5.320E-01	5.319E-01	5.319E-01
2.370E+00	5.288E-01	2.414E-04	5.292E-01	5.287E-01	5.287E-01	5.289E-01	5.288E-01	5.289E-01
2.380E+00	5.258E-01	2.198E-04	5.261E-01	5.257E-01	5.257E-01	5.259E-01	5.257E-01	5.258E-01
2.390E+00	5.227E-01	1.993E-04	5.230E-01	5.227E-01	5.226E-01	5.228E-01	5.227E-01	5.228E-01
2.400E+00	5.197E-01	1.803E-04	5.199E-01	5.197E-01	5.196E-01	5.198E-01	5.197E-01	5.197E-01
2.410E+00	5.167E-01	1.632E-04	5.169E-01	5.167E-01	5.165E-01	5.168E-01	5.166E-01	5.167E-01
2.420E+00	5.137E-01	1.488E-04	5.139E-01	5.137E-01	5.135E-01	5.138E-01	5.136E-01	5.137E-01
2.430E+00	5.107E-01	1.379E-04	5.108E-01	5.107E-01	5.105E-01	5.108E-01	5.106E-01	5.107E-01
2.440E+00	5.077E-01	1.313E-04	5.078E-01	5.078E-01	5.075E-01	5.078E-01	5.076E-01	5.077E-01
2.450E+00	5.047E-01	1.298E-04	5.048E-01	5.048E-01	5.046E-01	5.048E-01	5.046E-01	5.047E-01
2.460E+00	5.017E-01	1.335E-04	5.018E-01	5.019E-01	5.016E-01	5.018E-01	5.017E-01	5.018E-01
2.470E+00	4.988E-01	1.419E-04	4.988E-01	4.989E-01	4.986E-01	4.989E-01	4.987E-01	4.988E-01
2.480E+00	4.958E-01	1.544E-04	4.959E-01	4.960E-01	4.957E-01	4.959E-01	4.958E-01	4.959E-01
2.490E+00	4.929E-01	1.700E-04	4.929E-01	4.931E-01	4.928E-01	4.930E-01	4.928E-01	4.929E-01
2.500E+00	4.900E-01	1.879E-04	4.900E-01	4.902E-01	4.898E-01	4.901E-01	4.899E-01	4.900E-01
2.510E+00	4.871E-01	2.075E-04	4.870E-01	4.873E-01	4.869E-01	4.872E-01	4.870E-01	4.871E-01
2.520E+00	4.842E-01	2.284E-04	4.841E-01	4.845E-01	4.840E-01	4.843E-01	4.841E-01	4.842E-01
2.530E+00	4.813E-01	2.502E-04	4.812E-01	4.816E-01	4.811E-01	4.814E-01	4.812E-01	4.813E-01
2.540E+00	4.784E-01	2.727E-04	4.783E-01	4.787E-01	4.783E-01	4.785E-01	4.784E-01	4.784E-01
2.550E+00	4.755E-01	2.958E-04	4.754E-01	4.759E-01	4.754E-01	4.757E-01	4.755E-01	4.756E-01
2.560E+00	4.727E-01	3.192E-04	4.725E-01	4.731E-01	4.725E-01	4.728E-01	4.726E-01	4.727E-01
2.570E+00	4.698E-01	3.430E-04	4.696E-01	4.703E-01	4.697E-01	4.700E-01	4.698E-01	4.699E-01
2.580E+00	4.670E-01	3.670E-04	4.668E-01	4.675E-01	4.669E-01	4.671E-01	4.670E-01	4.670E-01
2.590E+00	4.642E-01	3.912E-04	4.639E-01	4.647E-01	4.640E-01	4.643E-01	4.641E-01	4.642E-01
2.600E+00	4.614E-01	4.155E-04	4.611E-01	4.619E-01	4.612E-01	4.615E-01	4.613E-01	4.614E-01
2.610E+00	4.586E-01	4.399E-04	4.583E-01	4.591E-01	4.584E-01	4.587E-01	4.585E-01	4.586E-01
2.620E+00	4.558E-01	4.644E-04	4.555E-01	4.564E-01	4.556E-01	4.559E-01	4.558E-01	4.558E-01
2.630E+00	4.530E-01	4.889E-04	4.527E-01	4.536E-01	4.529E-01	4.532E-01	4.530E-01	4.531E-01
2.640E+00	4.503E-01	5.135E-04	4.499E-01	4.509E-01	4.501E-01	4.504E-01	4.502E-01	4.503E-01
2.650E+00	4.475E-01	5.381E-04	4.471E-01	4.481E-01	4.474E-01	4.477E-01	4.475E-01	4.475E-01
2.660E+00	4.448E-01	5.627E-04	4.444E-01	4.454E-01	4.446E-01	4.449E-01	4.447E-01	4.448E-01
2.670E+00	4.420E-01	5.872E-04	4.416E-01	4.427E-01	4.419E-01	4.422E-01	4.420E-01	4.421E-01
2.680E+00	4.393E-01	6.118E-04	4.389E-01	4.400E-01	4.392E-01	4.395E-01	4.393E-01	4.394E-01
2.690E+00	4.366E-01	6.363E-04	4.361E-01	4.374E-01	4.365E-01	4.368E-01	4.366E-01	4.367E-01
2.700E+00	4.339E-01	6.608E-04	4.334E-01	4.347E-01	4.338E-01	4.341E-01	4.339E-01	4.340E-01
2.710E+00	4.313E-01	6.852E-04	4.307E-01	4.320E-01	4.311E-01	4.314E-01	4.312E-01	4.313E-01
2.720E+00	4.286E-01	7.096E-04	4.280E-01	4.294E-01	4.284E-01	4.288E-01	4.286E-01	4.286E-01
2.730E+00	4.259E-01	7.339E-04	4.253E-01	4.268E-01	4.258E-01	4.261E-01	4.259E-01	4.260E-01
2.740E+00	4.233E-01	7.582E-04	4.227E-01	4.241E-01	4.231E-01	4.235E-01	4.233E-01	4.233E-01
2.750E+00	4.207E-01	7.824E-04	4.200E-01	4.215E-01	4.205E-01	4.208E-01	4.206E-01	4.207E-01
2.760E+00	4.180E-01	8.065E-04	4.174E-01	4.189E-01	4.179E-01	4.182E-01	4.180E-01	4.181E-01
2.770E+00	4.154E-01	8.305E-04	4.147E-01	4.164E-01	4.153E-01	4.156E-01	4.154E-01	4.155E-01
2.780E+00	4.128E-01	8.545E-04	4.121E-01	4.138E-01	4.127E-01	4.130E-01	4.128E-01	4.129E-01
2.790E+00	4.102E-01	8.784E-04	4.095E-01	4.112E-01	4.101E-01	4.104E-01	4.102E-01	4.103E-01
2.800E+00	4.077E-01	9.021E-04	4.069E-01	4.087E-01	4.075E-01	4.078E-01	4.076E-01	4.077E-01
2.810E+00	4.051E-01	9.258E-04	4.043E-01	4.061E-01	4.049E-01	4.053E-01	4.051E-01	4.051E-01
2.820E+00	4.025E-01	9.494E-04	4.017E-01	4.036E-01	4.024E-01	4.027E-01	4.025E-01	4.026E-01
2.830E+00	4.000E-01	9.729E-04	3.992E-01	4.011E-01	3.998E-01	4.002E-01	4.000E-01	4.000E-01
2.840E+00	3.975E-01	9.963E-04	3.966E-01	3.986E-01	3.973E-01	3.976E-01	3.974E-01	3.975E-01
2.850E+00	3.949E-01	1.020E-03	3.941E-01	3.961E-01	3.948E-01	3.951E-01	3.949E-01	3.950E-01
2.860E+00	3.924E-01	1.043E-03	3.915E-01	3.936E-01	3.923E-01	3.926E-01	3.924E-01	3.925E-01
2.870E+00	3.899E-01	1.066E-03	3.890E-01	3.911E-01	3.898E-01	3.901E-01	3.899E-01	3.900E-01
2.880E+00	3.875E-01	1.089E-03	3.865E-01	3.887E-01	3.873E-01	3.876E-01	3.874E-01	3.875E-01
2.890E+00	3.850E-01	1.112E-03	3.840E-01	3.862E-01	3.848E-01	3.852E-01	3.850E-01	3.850E-01
2.900E+00	3.825E-01	1.134E-03	3.815E-01	3.838E-01	3.823E-01	3.827E-01	3.825E-01	3.826E-01
2.910E+00	3.801E-01	1.157E-03	3.791E-01	3.813E-01	3.799E-01	3.803E-01	3.800E-01	3.801E-01
2.920E+00	3.776E-01	1.179E-03	3.766E-01	3.789E-01	3.775E-01	3.778E-01	3.776E-01	3.777E-01
2.930E+00	3.752E-01	1.202E-03	3.741E-01	3.765E-01	3.750E-01	3.754E-01	3.752E-01	3.752E-01
2.940E+00	3.728E-01	1.224E-03	3.717E-01	3.741E-01	3.726E-01	3.730E-01	3.728E-01	3.728E-01
2.950E+00	3.704E-01	1.246E-03	3.693E-01	3.717E-01	3.702E-01	3.706E-01	3.704E-01	3.704E-01
2.960E+00	3.680E-01	1.268E-03	3.669E-01	3.694E-01	3.678E-01	3.682E-01	3.680E-01	3.680E-01
2.970E+00	3.656E-01	1.290E-03	3.645E-01	3.670E-01	3.654E-01	3.658E-01	3.656E-01	3.657E-01
2.980E+00	3.632E-01	1.312E-03	3.621E-01	3.647E-01	3.631E-01	3.634E-01	3.632E-01	3.633E-01
2.990E+00	3.609E-01	1.333E-03	3.597E-01	3.623E-01	3.607E-01	3.611E-01	3.609E-01	3.609E-01
3.000E+00	3.585E-01	1.355E-03	3.573E-01	3.600E-01	3.584E-01	3.587E-01	3.585E-01	3.586E-01
