1.000E-02	6.180E-01	4.193E-03	6.221E-01	6.138E-01	6.173E-01	6.187E-01	6.178E-01	6.181E-01
2.000E-02	6.179E-01	4.170E-03	6.220E-01	6.138E-01	6.172E-01	6.186E-01	6.177E-01	6.180E-01
3.000E-02	6.177E-01	4.139E-03	6.218E-01	6.137E-01	6.171E-01	6.184E-01	6.176E-01	6.179E-01
4.000E-02	6.176E-01	4.101E-03	6.216E-01	6.135E-01	6.169E-01	6.182E-01	6.174E-01	6.177E-01
5.000E-02	6.173E-01	4.059E-03	6.213E-01	6.133E-01	6.166E-01	6.180E-01	6.172E-01	6.175E-01
6.000E-02	6.171E-01	4.012E-03	6.210E-01	6.131E-01	6.164E-01	6.177E-01	6.169E-01	6.172E-01
7.000E-02	6.167E-01	3.961E-03	6.206E-01	6.128E-01	6.161E-01	6.174E-01	6.166E-01	6.169E-01
8.000E-02	6.164E-01	3.907E-03	6.202E-01	6.125E-01	6.157E-01	6.171E-01	6.163E-01	6.165E-01
9.000E-02	6.160E-01	3.850E-03	6.198E-01	6.122E-01	6.153E-01	6.167E-01	6.159E-01	6.161E-01
1.000E-01	6.156E-01	3.790E-03	6.193E-01	6.118E-01	6.149E-01	6.163E-01	6.154E-01	6.157E-01
1.100E-01	6.151E-01	3.727E-03	6.187E-01	6.114E-01	6.144E-01	6.158E-01	6.150E-01	6.153E-01
1.200E-01	6.146E-01	3.663E-03	6.182E-01	6.110E-01	6.139E-01	6.153E-01	6.145E-01	6.148E-01
1.300E-01	6.141E-01	3.596E-03	6.176E-01	6.105E-01	6.134E-01	6.148E-01	6.140E-01	6.143E-01
1.400E-01	6.135E-01	3.527E-03	6.170E-01	6.100E-01	6.129E-01	6.142E-01	6.134E-01	6.137E-01
1.500E-01	6.130E-01	3.457E-03	6.163E-01	6.095E-01	6.123E-01	6.136E-01	6.128E-01	6.131E-01
1.600E-01	6.123E-01	3.386E-03	6.156E-01	6.090E-01	6.117E-01	6.130E-01	6.122E-01	6.125E-01
1.700E-01	6.117E-01	3.313E-03	6.149E-01	6.084E-01	6.110E-01	6.124E-01	6.115E-01	6.118E-01
1.800E-01	6.110E-01	3.239E-03	6.141E-01	6.078E-01	6.103E-01	6.117E-01	6.108E-01	6.111E-01
1.900E-01	6.103E-01	3.164E-03	6.133E-01	6.071E-01	6.096E-01	6.109E-01	6.101E-01	6.104E-01
2.000E-01	6.095E-01	3.088E-03	6.125E-01	6.064E-01	6.088E-01	6.102E-01	6.094E-01	6.097E-01
2.100E-01	6.087E-01	3.011E-03	6.116E-01	6.057E-01	6.081E-01	6.094E-01	6.086E-01	6.089E-01
2.200E-01	6.079E-01	2.934E-03	6.107E-01	6.050E-01	6.073E-01	6.086E-01	6.078E-01	6.081E-01
2.300E-01	6.071E-01	2.856E-03	6.098E-01	6.042E-01	6.064E-01	6.078E-01	6.069E-01	6.072E-01
2.400E-01	6.062E-01	2.778E-03	6.088E-01	6.035E-01	6.056E-01	6.069E-01	6.061E-01	6.064E-01
2.500E-01	6.053E-01	2.699E-03	6.079E-01	6.026E-01	6.047E-01	6.060E-01	6.052E-01	6.055E-01
2.600E-01	6.044E-01	2.620E-03	6.069E-01	6.018E-01	6.038E-01	6.051E-01	6.043E-01	6.046E-01
2.700E-01	6.035E-01	2.541E-03	6.058E-01	6.009E-01	6.028E-01	6.041E-01	6.033E-01	6.036E-01
2.800E-01	6.025E-01	2.461E-03	6.048E-01	6.000E-01	6.018E-01	6.031E-01	6.023E-01	6.026E-01
2.900E-01	6.015E-01	2.382E-03	6.037E-01	5.991E-01	6.008E-01	6.021E-01	6.013E-01	6.016E-01
3.000E-01	6.004E-01	2.303E-03	6.026E-01	5.982E-01	5.998E-01	6.011E-01	6.003E-01	6.006E-01
3.100E-01	5.994E-01	2.224E-03	6.014E-01	5.972E-01	5.987E-01	6.000E-01	5.992E-01	5.995E-01
3.200E-01	5.983E-01	2.145E-03	6.002E-01	5.962E-01	5.977E-01	5.989E-01	5.981E-01	5.985E-01
3.300E-01	5.972E-01	2.066E-03	5.991E-01	5.951E-01	5.966E-01	5.978E-01	5.970E-01	5.974E-01
3.400E-01	5.961E-01	1.988E-03	5.978E-01	5.941E-01	5.954E-01	5.967E-01	5.959E-01	5.962E-01
3.500E-01	5.949E-01	1.911E-03	5.966E-01	5.930E-01	5.943E-01	5.955E-01	5.947E-01	5.951E-01
3.600E-01	5.937E-01	1.833E-03	5.953E-01	5.919E-01	5.931E-01	5.943E-01	5.935E-01	5.939E-01
3.700E-01	5.925E-01	1.757E-03	5.940E-01	5.908E-01	5.919E-01	5.931E-01	5.923E-01	5.927E-01
3.800E-01	5.913E-01	1.681E-03	5.927E-01	5.896E-01	5.906E-01	5.919E-01	5.911E-01	5.914E-01
3.900E-01	5.900E-01	1.607E-03	5.914E-01	5.884E-01	5.894E-01	5.906E-01	5.898E-01	5.902E-01
4.000E-01	5.887E-01	1.533E-03	5.900E-01	5.872E-01	5.881E-01	5.893E-01	5.886E-01	5.889E-01
4.100E-01	5.874E-01	1.460E-03	5.886E-01	5.860E-01	5.868E-01	5.880E-01	5.873E-01	5.876E-01
4.200E-01	5.861E-01	1.388E-03	5.872E-01	5.848E-01	5.855E-01	5.867E-01	5.859E-01	5.863E-01
4.300E-01	5.847E-01	1.318E-03	5.858E-01	5.835E-01	5.841E-01	5.853E-01	5.846E-01	5.849E-01
4.400E-01	5.834E-01	1.249E-03	5.843E-01	5.822E-01	5.828E-01	5.840E-01	5.832E-01	5.835E-01
4.500E-01	5.820E-01	1.181E-03	5.829E-01	5.809E-01	5.814E-01	5.826E-01	5.818E-01	5.822E-01
4.600E-01	5.806E-01	1.115E-03	5.814E-01	5.795E-01	5.800E-01	5.811E-01	5.804E-01	5.807E-01
4.700E-01	5.791E-01	1.052E-03	5.799E-01	5.782E-01	5.785E-01	5.797E-01	5.789E-01	5.793E-01
4.800E-01	5.777E-01	9.901E-04	5.783E-01	5.768E-01	5.771E-01	5.782E-01	5.775E-01	5.778E-01
4.900E-01	5.762E-01	9.311E-04	5.768E-01	5.754E-01	5.756E-01	5.768E-01	5.760E-01	5.764E-01
5.000E-01	5.747E-01	8.748E-04	5.752E-01	5.739E-01	5.741E-01	5.752E-01	5.745E-01	5.749E-01
5.100E-01	5.731E-01	8.217E-04	5.736E-01	5.725E-01	5.726E-01	5.737E-01	5.730E-01	5.733E-01
5.200E-01	5.716E-01	7.723E-04	5.720E-01	5.710E-01	5.710E-01	5.722E-01	5.714E-01	5.718E-01
5.300E-01	5.700E-01	7.269E-04	5.704E-01	5.695E-01	5.695E-01	5.706E-01	5.699E-01	5.702E-01
5.400E-01	5.685E-01	6.861E-04	5.687E-01	5.680E-01	5.679E-01	5.690E-01	5.683E-01	5.686E-01
5.500E-01	5.669E-01	6.507E-04	5.670E-01	5.665E-01	5.663E-01	5.674E-01	5.667E-01	5.670E-01
5.600E-01	5.652E-01	6.210E-04	5.653E-01	5.649E-01	5.647E-01	5.658E-01	5.650E-01	5.654E-01
5.700E-01	5.636E-01	5.977E-04	5.636E-01	5.633E-01	5.630E-01	5.641E-01	5.634E-01	5.638E-01
5.800E-01	5.619E-01	5.811E-04	5.619E-01	5.618E-01	5.614E-01	5.625E-01	5.617E-01	5.621E-01
5.900E-01	5.603E-01	5.716E-04	5.602E-01	5.601E-01	5.597E-01	5.608E-01	5.601E-01	5.605E-01
6.000E-01	5.586E-01	5.691E-04	5.584E-01	5.585E-01	5.580E-01	5.591E-01	5.584E-01	5.588E-01
6.100E-01	5.568E-01	5.734E-04	5.566E-01	5.569E-01	5.563E-01	5.574E-01	5.566E-01	5.571E-01
6.200E-01	5.551E-01	5.839E-04	5.549E-01	5.552E-01	5.546E-01	5.556E-01	5.549E-01	5.553E-01
6.300E-01	5.534E-01	6.001E-04	5.531E-01	5.535E-01	5.529E-01	5.539E-01	5.532E-01	5.536E-01
6.400E-01	5.516E-01	6.210E-04	5.512E-01	5.518E-01	5.511E-01	5.521E-01	5.514E-01	5.518E-01
6.500E-01	5.498E-01	6.460E-04	5.494E-01	5.501E-01	5.493E-01	5.503E-01	5.496E-01	5.500E-01
6.600E-01	5.480E-01	6.742E-04	5.475E-01	5.483E-01	5.475E-01	5.485E-01	5.478E-01	5.482E-01
6.700E-01	5.462E-01	7.051E-04	5.457E-01	5.466E-01	5.457E-01	5.467E-01	5.460E-01	5.464E-01
6.800E-01	5.444E-01	7.379E-04	5.438E-01	5.448E-01	5.439E-01	5.449E-01	5.442E-01	5.446E-01
6.900E-01	5.425E-01	7.723E-04	5.419E-01	5.430E-01	5.420E-01	5.430E-01	5.423E-01	5.427E-01
7.000E-01	5.407E-01	8.077E-04	5.400E-01	5.412E-01	5.402E-01	5.412E-01	5.405E-01	5.409E-01
7.100E-01	5.388E-01	8.438E-04	5.381E-01	5.394E-01	5.383E-01	5.393E-01	5.386E-01	5.390E-01
7.200E-01	5.369E-01	8.803E-04	5.361E-01	5.375E-01	5.364E-01	5.374E-01	5.367E-01	5.371E-01
7.300E-01	5.350E-01	9.169E-04	5.342E-01	5.357E-01	5.345E-01	5.355E-01	5.348E-01	5.352E-01
7.400E-01	5.331E-01	9.535E-04	5.322E-01	5.338E-01	5.326E-01	5.335E-01	5.328E-01	5.333E-01
7.500E-01	5.311E-01	9.898E-04	5.302E-01	5.319E-01	5.307E-01	5.316E-01	5.309E-01	5.314E-01
7.600E-01	5.292E-01	1.026E-03	5.282E-01	5.300E-01	5.287E-01	5.296E-01	5.290E-01	5.294E-01
7.700E-01	5.272E-01	1.061E-03	5.262E-01	5.281E-01	5.268E-01	5.277E-01	5.270E-01	5.275E-01
7.800E-01	5.253E-01	1.096E-03	5.242E-01	5.262E-01	5.248E-01	5.257E-01	5.250E-01	5.255E-01
7.900E-01	5.233E-01	1.130E-03	5.222E-01	5.242E-01	5.228E-01	5.237E-01	5.230E-01	5.235E-01
8.000E-01	5.213E-01	1.163E-03	5.201E-01	5.223E-01	5.208E-01	5.217E-01	5.210E-01	5.215E-01
8.100E-01	5.192E-01	1.196E-03	5.181E-01	5.203E-01	5.188E-01	5.197E-01	5.190E-01	5.195E-01
8.200E-01	5.172E-01	1.227E-03	5.160E-01	5.183E-01	5.168E-01	5.176E-01	5.170E-01	5.175E-01
8.300E-01	5.152E-01	1.258E-03	5.140E-01	5.163E-01	5.148E-01	5.156E-01	5.149E-01	5.154E-01
8.400E-01	5.131E-01	1.288E-03	5.119E-01	5.143E-01	5.127E-01	5.135E-01	5.129E-01	5.134E-01
8.500E-01	5.111E-01	1.316E-03	5.098E-01	5.123E-01	5.107E-01	5.115E-01	5.108E-01	5.113E-01
8.600E-01	5.090E-01	1.344E-03	5.077E-01	5.102E-01	5.086E-01	5.094E-01	5.087E-01	5.092E-01
8.700E-01	5.069E-01	1.370E-03	5.056E-01	5.082E-01	5.065E-01	5.073E-01	5.067E-01	5.072E-01
8.800E-01	5.048E-01	1.396E-03	5.035E-01	5.061E-01	5.044E-01	5.052E-01	5.046E-01	5.051E-01
8.900E-01	5.027E-01	1.420E-03	5.013E-01	5.040E-01	5.023E-01	5.031E-01	5.025E-01	5.030E-01
9.000E-01	5.006E-01	1.443E-03	4.992E-01	5.019E-01	5.002E-01	5.010E-01	5.003E-01	5.008E-01
9.100E-01	4.985E-01	1.465E-03	4.970E-01	4.998E-01	4.981E-01	4.988E-01	4.982E-01	4.987E-01
9.200E-01	4.963E-01	1.486E-03	4.949E-01	4.977E-01	4.960E-01	4.967E-01	4.961E-01	4.966E-01
9.300E-01	4.942E-01	1.506E-03	4.927E-01	4.956E-01	4.938E-01	4.945E-01	4.939E-01	4.944E-01
9.400E-01	4.920E-01	1.525E-03	4.905E-01	4.935E-01	4.917E-01	4.924E-01	4.918E-01	4.923E-01
9.500E-01	4.899E-01	1.542E-03	4.884E-01	4.913E-01	4.895E-01	4.902E-01	4.896E-01	4.901E-01
9.600E-01	4.877E-01	1.558E-03	4.862E-01	4.892E-01	4.874E-01	4.880E-01	4.874E-01	4.880E-01
9.700E-01	4.855E-01	1.573E-03	4.840E-01	4.870E-01	4.852E-01	4.858E-01	4.852E-01	4.858E-01
9.800E-01	4.833E-01	1.587E-03	4.818E-01	4.848E-01	4.830E-01	4.836E-01	4.830E-01	4.836E-01
9.900E-01	4.811E-01	1.600E-03	4.796E-01	4.827E-01	4.808E-01	4.814E-01	4.808E-01	4.814E-01
1.000E+00	4.789E-01	1.611E-03	4.774E-01	4.805E-01	4.786E-01	4.792E-01	4.786E-01	4.792E-01
1.010E+00	4.767E-01	1.622E-03	4.751E-01	4.783E-01	4.764E-01	4.770E-01	4.764E-01	4.770E-01
1.020E+00	4.745E-01	1.631E-03	4.729E-01	4.761E-01	4.742E-01	4.748E-01	4.742E-01	4.748E-01
1.030E+00	4.722E-01	1.639E-03	4.707E-01	4.738E-01	4.719E-01	4.725E-01	4.720E-01	4.725E-01
1.040E+00	4.700E-01	1.646E-03	4.684E-01	4.716E-01	4.697E-01	4.703E-01	4.697E-01	4.703E-01
1.050E+00	4.678E-01	1.652E-03	4.662E-01	4.694E-01	4.675E-01	4.681E-01	4.675E-01	4.681E-01
1.060E+00	4.655E-01	1.656E-03	4.639E-01	4.671E-01	4.652E-01	4.658E-01	4.652E-01	4.658E-01
1.070E+00	4.633E-01	1.660E-03	4.617E-01	4.649E-01	4.630E-01	4.635E-01	4.630E-01	4.636E-01
1.080E+00	4.610E-01	1.662E-03	4.594E-01	4.626E-01	4.607E-01	4.613E-01	4.607E-01	4.613E-01
1.090E+00	4.587E-01	1.663E-03	4.571E-01	4.604E-01	4.585E-01	4.590E-01	4.584E-01	4.590E-01
1.100E+00	4.565E-01	1.663E-03	4.549E-01	4.581E-01	4.562E-01	4.567E-01	4.562E-01	4.568E-01
1.110E+00	4.542E-01	1.662E-03	4.526E-01	4.558E-01	4.539E-01	4.544E-01	4.539E-01	4.545E-01
1.120E+00	4.519E-01	1.659E-03	4.503E-01	4.535E-01	4.517E-01	4.522E-01	4.516E-01	4.522E-01
1.130E+00	4.496E-01	1.656E-03	4.480E-01	4.513E-01	4.494E-01	4.499E-01	4.493E-01	4.499E-01
1.140E+00	4.473E-01	1.652E-03	4.457E-01	4.490E-01	4.471E-01	4.476E-01	4.470E-01	4.476E-01
1.150E+00	4.450E-01	1.646E-03	4.435E-01	4.467E-01	4.448E-01	4.453E-01	4.447E-01	4.453E-01
1.160E+00	4.427E-01	1.640E-03	4.412E-01	4.443E-01	4.425E-01	4.429E-01	4.424E-01	4.430E-01
1.170E+00	4.404E-01	1.632E-03	4.389E-01	4.420E-01	4.402E-01	4.406E-01	4.401E-01	4.407E-01
1.180E+00	4.381E-01	1.623E-03	4.366E-01	4.397E-01	4.379E-01	4.383E-01	4.378E-01	4.384E-01
1.190E+00	4.358E-01	1.613E-03	4.343E-01	4.374E-01	4.356E-01	4.360E-01	4.355E-01	4.361E-01
1.200E+00	4.335E-01	1.603E-03	4.320E-01	4.351E-01	4.333E-01	4.337E-01	4.332E-01	4.338E-01
1.210E+00	4.312E-01	1.591E-03	4.297E-01	4.327E-01	4.310E-01	4.313E-01	4.308E-01	4.315E-01
1.220E+00	4.288E-01	1.578E-03	4.273E-01	4.304E-01	4.286E-01	4.290E-01	4.285E-01	4.291E-01
1.230E+00	4.265E-01	1.564E-03	4.250E-01	4.281E-01	4.263E-01	4.267E-01	4.262E-01	4.268E-01
1.240E+00	4.242E-01	1.550E-03	4.227E-01	4.257E-01	4.240E-01	4.244E-01	4.239E-01	4.245E-01
1.250E+00	4.218E-01	1.534E-03	4.204E-01	4.234E-01	4.217E-01	4.220E-01	4.215E-01	4.222E-01
1.260E+00	4.195E-01	1.517E-03	4.181E-01	4.210E-01	4.193E-01	4.197E-01	4.192E-01	4.198E-01
1.270E+00	4.172E-01	1.500E-03	4.158E-01	4.187E-01	4.170E-01	4.173E-01	4.169E-01	4.175E-01
1.280E+00	4.148E-01	1.481E-03	4.135E-01	4.163E-01	4.147E-01	4.150E-01	4.145E-01	4.152E-01
1.290E+00	4.125E-01	1.462E-03	4.111E-01	4.140E-01	4.123E-01	4.126E-01	4.122E-01	4.128E-01
1.300E+00	4.102E-01	1.442E-03	4.088E-01	4.116E-01	4.100E-01	4.103E-01	4.098E-01	4.105E-01
1.310E+00	4.078E-01	1.421E-03	4.065E-01	4.093E-01	4.077E-01	4.080E-01	4.075E-01	4.081E-01
1.320E+00	4.055E-01	1.399E-03	4.042E-01	4.069E-01	4.053E-01	4.056E-01	4.051E-01	4.058E-01
1.330E+00	4.031E-01	1.376E-03	4.019E-01	4.045E-01	4.030E-01	4.033E-01	4.028E-01	4.035E-01
1.340E+00	4.008E-01	1.352E-03	3.996E-01	4.022E-01	4.007E-01	4.009E-01	4.005E-01	4.011E-01
1.350E+00	3.984E-01	1.328E-03	3.972E-01	3.998E-01	3.983E-01	3.986E-01	3.981E-01	3.988E-01
1.360E+00	3.961E-01	1.303E-03	3.949E-01	3.974E-01	3.960E-01	3.962E-01	3.958E-01	3.964E-01
1.370E+00	3.937E-01	1.277E-03	3.926E-01	3.951E-01	3.936E-01	3.939E-01	3.934E-01	3.941E-01
1.380E+00	3.914E-01	1.250E-03	3.903E-01	3.927E-01	3.913E-01	3.915E-01	3.911E-01	3.917E-01
1.390E+00	3.891E-01	1.223E-03	3.880E-01	3.903E-01	3.890E-01	3.892E-01	3.887E-01	3.894E-01
1.400E+00	3.867E-01	1.195E-03	3.857E-01	3.879E-01	3.866E-01	3.868E-01	3.864E-01	3.870E-01
1.410E+00	3.844E-01	1.166E-03	3.833E-01	3.856E-01	3.843E-01	3.845E-01	3.840E-01	3.847E-01
1.420E+00	3.820E-01	1.137E-03	3.810E-01	3.832E-01	3.819E-01	3.821E-01	3.817E-01	3.824E-01
1.430E+00	3.797E-01	1.107E-03	3.787E-01	3.808E-01	3.796E-01	3.798E-01	3.793E-01	3.800E-01
1.440E+00	3.773E-01	1.077E-03	3.764E-01	3.785E-01	3.773E-01	3.774E-01	3.770E-01	3.777E-01
1.450E+00	3.750E-01	1.045E-03	3.741E-01	3.761E-01	3.749E-01	3.751E-01	3.747E-01	3.753E-01
1.460E+00	3.727E-01	1.014E-03	3.718E-01	3.737E-01	3.726E-01	3.727E-01	3.723E-01	3.730E-01
1.470E+00	3.703E-01	9.819E-04	3.695E-01	3.714E-01	3.703E-01	3.704E-01	3.700E-01	3.707E-01
1.480E+00	3.680E-01	9.495E-04	3.672E-01	3.690E-01	3.679E-01	3.680E-01	3.676E-01	3.683E-01
1.490E+00	3.657E-01	9.167E-04	3.649E-01	3.666E-01	3.656E-01	3.657E-01	3.653E-01	3.660E-01
1.500E+00	3.633E-01	8.835E-04	3.626E-01	3.643E-01	3.633E-01	3.634E-01	3.630E-01	3.637E-01
1.510E+00	3.610E-01	8.500E-04	3.603E-01	3.619E-01	3.610E-01	3.610E-01	3.607E-01	3.614E-01
1.520E+00	3.587E-01	8.163E-04	3.581E-01	3.595E-01	3.586E-01	3.587E-01	3.583E-01	3.590E-01
1.530E+00	3.564E-01	7.824E-04	3.558E-01	3.572E-01	3.563E-01	3.564E-01	3.560E-01	3.567E-01
1.540E+00	3.540E-01	7.485E-04	3.535E-01	3.548E-01	3.540E-01	3.541E-01	3.537E-01	3.544E-01
1.550E+00	3.517E-01	7.145E-04	3.512E-01	3.525E-01	3.517E-01	3.517E-01	3.514E-01	3.521E-01
1.560E+00	3.494E-01	6.807E-04	3.489E-01	3.501E-01	3.494E-01	3.494E-01	3.491E-01	3.498E-01
1.570E+00	3.471E-01	6.472E-04	3.467E-01	3.478E-01	3.471E-01	3.471E-01	3.467E-01	3.474E-01
1.580E+00	3.448E-01	6.140E-04	3.444E-01	3.454E-01	3.448E-01	3.448E-01	3.444E-01	3.451E-01
1.590E+00	3.425E-01	5.815E-04	3.422E-01	3.431E-01	3.425E-01	3.425E-01	3.421E-01	3.428E-01
1.600E+00	3.402E-01	5.497E-04	3.399E-01	3.407E-01	3.402E-01	3.402E-01	3.398E-01	3.405E-01
1.610E+00	3.379E-01	5.191E-04	3.376E-01	3.384E-01	3.379E-01	3.379E-01	3.375E-01	3.382E-01
1.620E+00	3.356E-01	4.898E-04	3.354E-01	3.361E-01	3.356E-01	3.356E-01	3.352E-01	3.360E-01
1.630E+00	3.333E-01	4.624E-04	3.332E-01	3.337E-01	3.333E-01	3.333E-01	3.330E-01	3.337E-01
1.640E+00	3.310E-01	4.373E-04	3.309E-01	3.314E-01	3.310E-01	3.310E-01	3.307E-01	3.314E-01
1.650E+00	3.287E-01	4.150E-04	3.287E-01	3.291E-01	3.288E-01	3.287E-01	3.284E-01	3.291E-01
1.660E+00	3.265E-01	3.962E-04	3.265E-01	3.268E-01	3.265E-01	3.264E-01	3.261E-01	3.268E-01
1.670E+00	3.242E-01	3.815E-04	3.242E-01	3.245E-01	3.242E-01	3.242E-01	3.238E-01	3.246E-01
1.680E+00	3.219E-01	3.716E-04	3.220E-01	3.222E-01	3.220E-01	3.219E-01	3.216E-01	3.223E-01
1.690E+00	3.197E-01	3.668E-04	3.198E-01	3.198E-01	3.197E-01	3.196E-01	3.193E-01	3.200E-01
1.700E+00	3.174E-01	3.676E-04	3.176E-01	3.176E-01	3.175E-01	3.174E-01	3.171E-01	3.178E-01
1.710E+00	3.152E-01	3.741E-04	3.154E-01	3.153E-01	3.152E-01	3.151E-01	3.148E-01	3.155E-01
1.720E+00	3.129E-01	3.859E-04	3.132E-01	3.130E-01	3.130E-01	3.129E-01	3.126E-01	3.133E-01
1.730E+00	3.107E-01	4.029E-04	3.110E-01	3.107E-01	3.108E-01	3.106E-01	3.103E-01	3.111E-01
1.740E+00	3.085E-01	4.243E-04	3.088E-01	3.084E-01	3.085E-01	3.084E-01	3.081E-01	3.088E-01
1.750E+00	3.062E-01	4.497E-04	3.066E-01	3.061E-01	3.063E-01	3.062E-01	3.059E-01	3.066E-01
1.760E+00	3.040E-01	4.785E-04	3.045E-01	3.039E-01	3.041E-01	3.039E-01	3.036E-01	3.044E-01
1.770E+00	3.018E-01	5.102E-04	3.023E-01	3.016E-01	3.019E-01	3.017E-01	3.014E-01	3.022E-01
1.780E+00	2.996E-01	5.442E-04	3.001E-01	2.994E-01	2.997E-01	2.995E-01	2.992E-01	3.000E-01
1.790E+00	2.974E-01	5.802E-04	2.980E-01	2.971E-01	2.975E-01	2.973E-01	2.970E-01	2.978E-01
1.800E+00	2.952E-01	6.180E-04	2.958E-01	2.949E-01	2.953E-01	2.951E-01	2.948E-01	2.956E-01
1.810E+00	2.930E-01	6.571E-04	2.937E-01	2.926E-01	2.931E-01	2.929E-01	2.926E-01	2.934E-01
1.820E+00	2.908E-01	6.975E-04	2.916E-01	2.904E-01	2.909E-01	2.907E-01	2.904E-01	2.912E-01
1.830E+00	2.886E-01	7.388E-04	2.894E-01	2.882E-01	2.887E-01	2.885E-01	2.883E-01	2.890E-01
1.840E+00	2.865E-01	7.811E-04	2.873E-01	2.859E-01	2.866E-01	2.864E-01	2.861E-01	2.868E-01
1.850E+00	2.843E-01	8.240E-04	2.852E-01	2.837E-01	2.844E-01	2.842E-01	2.839E-01	2.847E-01
1.860E+00	2.822E-01	8.676E-04	2.831E-01	2.815E-01	2.823E-01	2.820E-01	2.818E-01	2.825E-01
1.870E+00	2.800E-01	9.117E-04	2.810E-01	2.793E-01	2.801E-01	2.799E-01	2.796E-01	2.804E-01
1.880E+00	2.779E-01	9.563E-04	2.789E-01	2.771E-01	2.780E-01	2.777E-01	2.775E-01	2.782E-01
1.890E+00	2.757E-01	1.001E-03	2.768E-01	2.750E-01	2.758E-01	2.756E-01	2.754E-01	2.761E-01
1.900E+00	2.736E-01	1.047E-03	2.747E-01	2.728E-01	2.737E-01	2.735E-01	2.732E-01	2.740E-01
1.910E+00	2.715E-01	1.092E-03	2.727E-01	2.706E-01	2.716E-01	2.714E-01	2.711E-01	2.718E-01
1.920E+00	2.694E-01	1.138E-03	2.706E-01	2.685E-01	2.695E-01	2.692E-01	2.690E-01	2.697E-01
1.930E+00	2.673E-01	1.184E-03	2.685E-01	2.663E-01	2.674E-01	2.671E-01	2.669E-01	2.676E-01
1.940E+00	2.652E-01	1.230E-03	2.665E-01	2.642E-01	2.653E-01	2.650E-01	2.648E-01	2.655E-01
1.950E+00	2.631E-01	1.277E-03	2.645E-01	2.620E-01	2.632E-01	2.629E-01	2.627E-01	2.634E-01
1.960E+00	2.610E-01	1.323E-03	2.624E-01	2.599E-01	2.611E-01	2.609E-01	2.606E-01	2.614E-01
1.970E+00	2.589E-01	1.369E-03	2.604E-01	2.578E-01	2.591E-01	2.588E-01	2.585E-01	2.593E-01
1.980E+00	2.569E-01	1.416E-03	2.584E-01	2.557E-01	2.570E-01	2.567E-01	2.565E-01	2.572E-01
1.990E+00	2.548E-01	1.462E-03	2.564E-01	2.536E-01	2.549E-01	2.546E-01	2.544E-01	2.552E-01
2.000E+00	2.527E-01	1.509E-03	2.544E-01	2.515E-01	2.529E-01	2.526E-01	2.524E-01	2.531E-01
2.010E+00	2.507E-01	1.555E-03	2.524E-01	2.494E-01	2.509E-01	2.505E-01	2.503E-01	2.511E-01
2.020E+00	2.487E-01	1.602E-03	2.504E-01	2.473E-01	2.488E-01	2.485E-01	2.483E-01	2.490E-01
2.030E+00	2.466E-01	1.648E-03	2.484E-01	2.452E-01	2.468E-01	2.465E-01	2.463E-01	2.470E-01
2.040E+00	2.446E-01	1.695E-03	2.465E-01	2.432E-01	2.448E-01	2.445E-01	2.443E-01	2.450E-01
2.050E+00	2.426E-01	1.741E-03	2.445E-01	2.411E-01	2.428E-01	2.425E-01	2.423E-01	2.430E-01
2.060E+00	2.406E-01	1.787E-03	2.425E-01	2.391E-01	2.408E-01	2.405E-01	2.403E-01	2.410E-01
2.070E+00	2.386E-01	1.833E-03	2.406E-01	2.370E-01	2.388E-01	2.385E-01	2.383E-01	2.390E-01
2.080E+00	2.367E-01	1.879E-03	2.387E-01	2.350E-01	2.368E-01	2.365E-01	2.363E-01	2.370E-01
2.090E+00	2.347E-01	1.924E-03	2.367E-01	2.330E-01	2.349E-01	2.345E-01	2.343E-01	2.351E-01
2.100E+00	2.327E-01	1.970E-03	2.348E-01	2.310E-01	2.329E-01	2.325E-01	2.323E-01	2.331E-01
2.110E+00	2.308E-01	2.015E-03	2.329E-01	2.290E-01	2.309E-01	2.306E-01	2.304E-01	2.311E-01
2.120E+00	2.288E-01	2.060E-03	2.310E-01	2.270E-01	2.290E-01	2.286E-01	2.285E-01	2.292E-01
2.130E+00	2.269E-01	2.105E-03	2.291E-01	2.250E-01	2.271E-01	2.267E-01	2.265E-01	2.273E-01
2.140E+00	2.250E-01	2.150E-03	2.272E-01	2.230E-01	2.251E-01	2.248E-01	2.246E-01	2.253E-01
2.150E+00	2.230E-01	2.194E-03	2.254E-01	2.211E-01	2.232E-01	2.228E-01	2.227E-01	2.234E-01
2.160E+00	2.211E-01	2.239E-03	2.235E-01	2.191E-01	2.213E-01	2.209E-01	2.208E-01	2.215E-01
2.170E+00	2.192E-01	2.283E-03	2.217E-01	2.172E-01	2.194E-01	2.190E-01	2.189E-01	2.196E-01
2.180E+00	2.173E-01	2.326E-03	2.198E-01	2.152E-01	2.175E-01	2.171E-01	2.170E-01	2.177E-01
2.190E+00	2.155E-01	2.370E-03	2.180E-01	2.133E-01	2.157E-01	2.153E-01	2.151E-01	2.158E-01
2.200E+00	2.136E-01	2.413E-03	2.161E-01	2.114E-01	2.138E-01	2.134E-01	2.132E-01	2.139E-01
2.210E+00	2.117E-01	2.456E-03	2.143E-01	2.095E-01	2.119E-01	2.115E-01	2.114E-01	2.121E-01
2.220E+00	2.099E-01	2.498E-03	2.125E-01	2.076E-01	2.101E-01	2.097E-01	2.095E-01	2.102E-01
2.230E+00	2.080E-01	2.540E-03	2.107E-01	2.057E-01	2.082E-01	2.078E-01	2.077E-01	2.084E-01
2.240E+00	2.062E-01	2.582E-03	2.089E-01	2.038E-01	2.064E-01	2.060E-01	2.058E-01	2.066E-01
2.250E+00	2.044E-01	2.624E-03	2.071E-01	2.020E-01	2.046E-01	2.042E-01	2.040E-01	2.047E-01
2.260E+00	2.026E-01	2.665E-03	2.054E-01	2.001E-01	2.028E-01	2.023E-01	2.022E-01	2.029E-01
2.270E+00	2.007E-01	2.706E-03	2.036E-01	1.983E-01	2.010E-01	2.005E-01	2.004E-01	2.011E-01
2.280E+00	1.990E-01	2.746E-03	2.018E-01	1.964E-01	1.992E-01	1.987E-01	1.986E-01	1.993E-01
2.290E+00	1.972E-01	2.786E-03	2.001E-01	1.946E-01	1.974E-01	1.969E-01	1.968E-01	1.975E-01
2.300E+00	1.954E-01	2.826E-03	1.984E-01	1.928E-01	1.956E-01	1.952E-01	1.950E-01	1.958E-01
2.310E+00	1.936E-01	2.866E-03	1.966E-01	1.910E-01	1.938E-01	1.934E-01	1.933E-01	1.940E-01
2.320E+00	1.919E-01	2.905E-03	1.949E-01	1.892E-01	1.921E-01	1.916E-01	1.915E-01	1.922E-01
2.330E+00	1.901E-01	2.943E-03	1.932E-01	1.874E-01	1.904E-01	1.899E-01	1.898E-01	1.905E-01
2.340E+00	1.884E-01	2.981E-03	1.915E-01	1.856E-01	1.886E-01	1.882E-01	1.880E-01	1.887E-01
2.350E+00	1.867E-01	3.019E-03	1.898E-01	1.839E-01	1.869E-01	1.864E-01	1.863E-01	1.870E-01
2.360E+00	1.849E-01	3.057E-03	1.882E-01	1.821E-01	1.852E-01	1.847E-01	1.846E-01	1.853E-01
2.370E+00	1.832E-01	3.094E-03	1.865E-01	1.804E-01	1.835E-01	1.830E-01	1.829E-01	1.836E-01
2.380E+00	1.815E-01	3.130E-03	1.848E-01	1.786E-01	1.818E-01	1.813E-01	1.812E-01	1.819E-01
2.390E+00	1.799E-01	3.166E-03	1.832E-01	1.769E-01	1.801E-01	1.796E-01	1.795E-01	1.802E-01
2.400E+00	1.782E-01	3.202E-03	1.815E-01	1.752E-01	1.784E-01	1.779E-01	1.778E-01	1.785E-01
2.410E+00	1.765E-01	3.237E-03	1.799E-01	1.735E-01	1.768E-01	1.763E-01	1.762E-01	1.769E-01
2.420E+00	1.749E-01	3.272E-03	1.783E-01	1.718E-01	1.751E-01	1.746E-01	1.745E-01	1.752E-01
2.430E+00	1.732E-01	3.306E-03	1.767E-01	1.701E-01	1.735E-01	1.730E-01	1.729E-01	1.736E-01
2.440E+00	1.716E-01	3.340E-03	1.751E-01	1.684E-01	1.718E-01	1.713E-01	1.712E-01	1.719E-01
2.450E+00	1.700E-01	3.374E-03	1.735E-01	1.668E-01	1.702E-01	1.697E-01	1.696E-01	1.703E-01
2.460E+00	1.683E-01	3.407E-03	1.719E-01	1.651E-01	1.686E-01	1.681E-01	1.680E-01	1.687E-01
2.470E+00	1.667E-01	3.439E-03	1.703E-01	1.635E-01	1.670E-01	1.665E-01	1.664E-01	1.671E-01
2.480E+00	1.651E-01	3.471E-03	1.688E-01	1.619E-01	1.654E-01	1.649E-01	1.648E-01	1.655E-01
2.490E+00	1.635E-01	3.503E-03	1.672E-01	1.603E-01	1.638E-01	1.633E-01	1.632E-01	1.639E-01
2.500E+00	1.620E-01	3.534E-03	1.657E-01	1.586E-01	1.622E-01	1.617E-01	1.616E-01	1.623E-01
2.510E+00	1.604E-01	3.564E-03	1.641E-01	1.571E-01	1.607E-01	1.602E-01	1.601E-01	1.607E-01
2.520E+00	1.589E-01	3.594E-03	1.626E-01	1.555E-01	1.591E-01	1.586E-01	1.585E-01	1.592E-01
2.530E+00	1.573E-01	3.624E-03	1.611E-01	1.539E-01	1.576E-01	1.571E-01	1.570E-01	1.576E-01
2.540E+00	1.558E-01	3.653E-03	1.596E-01	1.523E-01	1.560E-01	1.555E-01	1.554E-01	1.561E-01
2.550E+00	1.542E-01	3.682E-03	1.581E-01	1.508E-01	1.545E-01	1.540E-01	1.539E-01	1.546E-01
2.560E+00	1.527E-01	3.710E-03	1.566E-01	1.492E-01	1.530E-01	1.525E-01	1.524E-01	1.531E-01
2.570E+00	1.512E-01	3.738E-03	1.551E-01	1.477E-01	1.515E-01	1.510E-01	1.509E-01	1.516E-01
2.580E+00	1.497E-01	3.765E-03	1.537E-01	1.462E-01	1.500E-01	1.495E-01	1.494E-01	1.501E-01
2.590E+00	1.483E-01	3.791E-03	1.522E-01	1.447E-01	1.485E-01	1.480E-01	1.479E-01	1.486E-01
2.600E+00	1.468E-01	3.818E-03	1.508E-01	1.432E-01	1.470E-01	1.465E-01	1.464E-01	1.471E-01
2.610E+00	1.453E-01	3.843E-03	1.493E-01	1.417E-01	1.456E-01	1.451E-01	1.450E-01	1.456E-01
2.620E+00	1.439E-01	3.868E-03	1.479E-01	1.402E-01	1.441E-01	1.436E-01	1.435E-01	1.442E-01
2.630E+00	1.424E-01	3.893E-03	1.465E-01	1.387E-01	1.427E-01	1.422E-01	1.421E-01	1.427E-01
2.640E+00	1.410E-01	3.917E-03	1.451E-01	1.373E-01	1.412E-01	1.407E-01	1.407E-01	1.413E-01
2.650E+00	1.396E-01	3.941E-03	1.437E-01	1.358E-01	1.398E-01	1.393E-01	1.392E-01	1.399E-01
2.660E+00	1.381E-01	3.964E-03	1.423E-01	1.344E-01	1.384E-01	1.379E-01	1.378E-01	1.385E-01
2.670E+00	1.367E-01	3.986E-03	1.409E-01	1.330E-01	1.370E-01	1.365E-01	1.364E-01	1.371E-01
2.680E+00	1.353E-01	4.008E-03	1.395E-01	1.316E-01	1.356E-01	1.351E-01	1.350E-01	1.357E-01
2.690E+00	1.340E-01	4.030E-03	1.382E-01	1.301E-01	1.342E-01	1.337E-01	1.336E-01	1.343E-01
2.700E+00	1.326E-01	4.051E-03	1.368E-01	1.288E-01	1.328E-01	1.323E-01	1.323E-01	1.329E-01
2.710E+00	1.312E-01	4.071E-03	1.355E-01	1.274E-01	1.315E-01	1.310E-01	1.309E-01	1.315E-01
2.720E+00	1.299E-01	4.091E-03	1.341E-01	1.260E-01	1.301E-01	1.296E-01	1.296E-01	1.302E-01
2.730E+00	1.285E-01	4.111E-03	1.328E-01	1.246E-01	1.288E-01	1.283E-01	1.282E-01	1.288E-01
2.740E+00	1.272E-01	4.130E-03	1.315E-01	1.233E-01	1.275E-01	1.269E-01	1.269E-01	1.275E-01
2.750E+00	1.259E-01	4.148E-03	1.302E-01	1.219E-01	1.261E-01	1.256E-01	1.256E-01	1.262E-01
2.760E+00	1.246E-01	4.166E-03	1.289E-01	1.206E-01	1.248E-01	1.243E-01	1.243E-01	1.249E-01
2.770E+00	1.233E-01	4.183E-03	1.276E-01	1.193E-01	1.235E-01	1.230E-01	1.230E-01	1.236E-01
2.780E+00	1.220E-01	4.200E-03	1.263E-01	1.180E-01	1.222E-01	1.217E-01	1.217E-01	1.223E-01
2.790E+00	1.207E-01	4.216E-03	1.251E-01	1.167E-01	1.209E-01	1.204E-01	1.204E-01	1.210E-01
2.800E+00	1.194E-01	4.232E-03	1.238E-01	1.154E-01	1.197E-01	1.192E-01	1.191E-01	1.197E-01
2.810E+00	1.181E-01	4.248E-03	1.226E-01	1.141E-01	1.184E-01	1.179E-01	1.178E-01	1.184E-01
2.820E+00	1.169E-01	4.262E-03	1.213E-01	1.128E-01	1.171E-01	1.166E-01	1.166E-01	1.172E-01
2.830E+00	1.156E-01	4.277E-03	1.201E-01	1.116E-01	1.159E-01	1.154E-01	1.153E-01	1.159E-01
2.840E+00	1.144E-01	4.291E-03	1.189E-01	1.103E-01	1.147E-01	1.142E-01	1.141E-01	1.147E-01
2.850E+00	1.132E-01	4.304E-03	1.177E-01	1.091E-01	1.134E-01	1.129E-01	1.129E-01	1.135E-01
2.860E+00	1.120E-01	4.317E-03	1.165E-01	1.079E-01	1.122E-01	1.117E-01	1.117E-01	1.123E-01
2.870E+00	1.108E-01	4.329E-03	1.153E-01	1.066E-01	1.110E-01	1.105E-01	1.105E-01	1.111E-01
2.880E+00	1.096E-01	4.341E-03	1.141E-01	1.054E-01	1.098E-01	1.093E-01	1.093E-01	1.099E-01
2.890E+00	1.084E-01	4.352E-03	1.129E-01	1.042E-01	1.086E-01	1.081E-01	1.081E-01	1.087E-01
2.900E+00	1.072E-01	4.363E-03	1.117E-01	1.031E-01	1.075E-01	1.069E-01	1.069E-01	1.075E-01
2.910E+00	1.060E-01	4.373E-03	1.106E-01	1.019E-01	1.063E-01	1.058E-01	1.058E-01	1.063E-01
2.920E+00	1.049E-01	4.383E-03	1.094E-01	1.007E-01	1.051E-01	1.046E-01	1.046E-01	1.052E-01
2.930E+00	1.037E-01	4.392E-03	1.083E-01	9.955E-02	1.040E-01	1.035E-01	1.034E-01	1.040E-01
2.940E+00	1.026E-01	4.401E-03	1.072E-01	9.840E-02	1.028E-01	1.023E-01	1.023E-01	1.029E-01
2.950E+00	1.015E-01	4.409E-03	1.061E-01	9.726E-02	1.017E-01	1.012E-01	1.012E-01	1.017E-01
2.960E+00	1.003E-01	4.417E-03	1.049E-01	9.614E-02	1.006E-01	1.001E-01	1.001E-01	1.006E-01
2.970E+00	9.923E-02	4.424E-03	1.038E-01	9.502E-02	9.948E-02	9.898E-02	9.895E-02	9.951E-02
2.980E+00	9.813E-02	4.431E-03	1.027E-01	9.391E-02	9.838E-02	9.788E-02	9.785E-02	9.841E-02
2.990E+00	9.704E-02	4.437E-03	1.017E-01	9.281E-02	9.729E-02	9.679E-02	9.676E-02	9.731E-02
3.000E+00	9.595E-02	4.443E-03	1.006E-01	9.172E-02	9.621E-02	9.570E-02	9.568E-02	9.623E-02
