1.000E-02	9.437E-01	5.754E-03	9.494E-01	9.381E-01	9.448E-01	9.427E-01	9.437E-01	9.437E-01
2.000E-02	9.435E-01	5.711E-03	9.491E-01	9.379E-01	9.446E-01	9.425E-01	9.435E-01	9.435E-01
3.000E-02	9.432E-01	5.658E-03	9.488E-01	9.377E-01	9.443E-01	9.422E-01	9.432E-01	9.433E-01
4.000E-02	9.429E-01	5.597E-03	9.484E-01	9.374E-01	9.439E-01	9.418E-01	9.429E-01	9.429E-01
5.000E-02	9.425E-01	5.531E-03	9.479E-01	9.370E-01	9.435E-01	9.414E-01	9.425E-01	9.425E-01
6.000E-02	9.420E-01	5.460E-03	9.473E-01	9.366E-01	9.431E-01	9.410E-01	9.420E-01	9.420E-01
7.000E-02	9.415E-01	5.385E-03	9.467E-01	9.362E-01	9.426E-01	9.404E-01	9.415E-01	9.415E-01
8.000E-02	9.409E-01	5.307E-03	9.461E-01	9.357E-01	9.420E-01	9.399E-01	9.409E-01	9.410E-01
9.000E-02	9.403E-01	5.227E-03	9.454E-01	9.352E-01	9.414E-01	9.393E-01	9.403E-01	9.404E-01
1.000E-01	9.397E-01	5.143E-03	9.447E-01	9.346E-01	9.407E-01	9.386E-01	9.396E-01	9.397E-01
1.100E-01	9.390E-01	5.058E-03	9.439E-01	9.340E-01	9.400E-01	9.379E-01	9.389E-01	9.390E-01
1.200E-01	9.382E-01	4.971E-03	9.430E-01	9.333E-01	9.393E-01	9.372E-01	9.382E-01	9.383E-01
1.300E-01	9.375E-01	4.882E-03	9.422E-01	9.326E-01	9.385E-01	9.364E-01	9.374E-01	9.375E-01
1.400E-01	9.367E-01	4.792E-03	9.413E-01	9.319E-01	9.377E-01	9.356E-01	9.366E-01	9.367E-01
1.500E-01	9.358E-01	4.701E-03	9.403E-01	9.312E-01	9.368E-01	9.348E-01	9.358E-01	9.358E-01
1.600E-01	9.349E-01	4.608E-03	9.393E-01	9.304E-01	9.360E-01	9.339E-01	9.349E-01	9.349E-01
1.700E-01	9.340E-01	4.515E-03	9.383E-01	9.295E-01	9.350E-01	9.330E-01	9.340E-01	9.340E-01
1.800E-01	9.330E-01	4.421E-03	9.373E-01	9.287E-01	9.341E-01	9.320E-01	9.330E-01	9.331E-01
1.900E-01	9.321E-01	4.326E-03	9.362E-01	9.278E-01	9.331E-01	9.310E-01	9.320E-01	9.321E-01
2.000E-01	9.310E-01	4.231E-03	9.351E-01	9.268E-01	9.321E-01	9.300E-01	9.310E-01	9.311E-01
2.100E-01	9.300E-01	4.136E-03	9.339E-01	9.259E-01	9.310E-01	9.290E-01	9.299E-01	9.300E-01
2.200E-01	9.289E-01	4.040E-03	9.327E-01	9.249E-01	9.299E-01	9.279E-01	9.289E-01	9.289E-01
2.300E-01	9.278E-01	3.944E-03	9.315E-01	9.239E-01	9.288E-01	9.268E-01	9.278E-01	9.278E-01
2.400E-01	9.267E-01	3.848E-03	9.303E-01	9.228E-01	9.277E-01	9.256E-01	9.266E-01	9.267E-01
2.500E-01	9.255E-01	3.752E-03	9.290E-01	9.218E-01	9.265E-01	9.245E-01	9.254E-01	9.255E-01
2.600E-01	9.243E-01	3.656E-03	9.277E-01	9.207E-01	9.253E-01	9.233E-01	9.242E-01	9.243E-01
2.700E-01	9.231E-01	3.560E-03	9.264E-01	9.195E-01	9.241E-01	9.220E-01	9.230E-01	9.231E-01
2.800E-01	9.218E-01	3.464E-03	9.250E-01	9.184E-01	9.228E-01	9.208E-01	9.218E-01	9.218E-01
2.900E-01	9.205E-01	3.368E-03	9.236E-01	9.172E-01	9.215E-01	9.195E-01	9.205E-01	9.206E-01
3.000E-01	9.192E-01	3.273E-03	9.222E-01	9.160E-01	9.202E-01	9.182E-01	9.192E-01	9.193E-01
3.100E-01	9.179E-01	3.179E-03	9.208E-01	9.148E-01	9.189E-01	9.169E-01	9.178E-01	9.179E-01
3.200E-01	9.165E-01	3.085E-03	9.193E-01	9.135E-01	9.175E-01	9.155E-01	9.165E-01	9.166E-01
3.300E-01	9.151E-01	2.991E-03	9.179E-01	9.122E-01	9.161E-01	9.141E-01	9.151E-01	9.152E-01
3.400E-01	9.137E-01	2.898E-03	9.163E-01	9.109E-01	9.147E-01	9.127E-01	9.137E-01	9.138E-01
3.500E-01	9.123E-01	2.805E-03	9.148E-01	9.096E-01	9.133E-01	9.113E-01	9.123E-01	9.124E-01
3.600E-01	9.109E-01	2.714E-03	9.133E-01	9.082E-01	9.118E-01	9.099E-01	9.108E-01	9.109E-01
3.700E-01	9.094E-01	2.623E-03	9.117E-01	9.068E-01	9.104E-01	9.084E-01	9.093E-01	9.094E-01
3.800E-01	9.079E-01	2.533E-03	9.101E-01	9.054E-01	9.089E-01	9.069E-01	9.078E-01	9.079E-01
3.900E-01	9.063E-01	2.444E-03	9.085E-01	9.040E-01	9.073E-01	9.054E-01	9.063E-01	9.064E-01
4.000E-01	9.048E-01	2.356E-03	9.068E-01	9.025E-01	9.058E-01	9.038E-01	9.048E-01	9.049E-01
4.100E-01	9.032E-01	2.269E-03	9.052E-01	9.011E-01	9.042E-01	9.023E-01	9.032E-01	9.033E-01
4.200E-01	9.016E-01	2.183E-03	9.035E-01	8.996E-01	9.026E-01	9.007E-01	9.016E-01	9.017E-01
4.300E-01	9.000E-01	2.098E-03	9.018E-01	8.981E-01	9.010E-01	8.991E-01	9.000E-01	9.001E-01
4.400E-01	8.984E-01	2.015E-03	9.001E-01	8.965E-01	8.994E-01	8.974E-01	8.984E-01	8.985E-01
4.500E-01	8.968E-01	1.933E-03	8.983E-01	8.950E-01	8.977E-01	8.958E-01	8.967E-01	8.968E-01
4.600E-01	8.951E-01	1.853E-03	8.966E-01	8.934E-01	8.960E-01	8.941E-01	8.950E-01	8.951E-01
4.700E-01	8.934E-01	1.774E-03	8.948E-01	8.918E-01	8.943E-01	8.924E-01	8.933E-01	8.934E-01
4.800E-01	8.917E-01	1.697E-03	8.930E-01	8.901E-01	8.926E-01	8.907E-01	8.916E-01	8.917E-01
4.900E-01	8.899E-01	1.622E-03	8.912E-01	8.885E-01	8.909E-01	8.890E-01	8.899E-01	8.900E-01
5.000E-01	8.882E-01	1.549E-03	8.893E-01	8.868E-01	8.891E-01	8.873E-01	8.881E-01	8.883E-01
5.100E-01	8.864E-01	1.478E-03	8.875E-01	8.852E-01	8.874E-01	8.855E-01	8.864E-01	8.865E-01
5.200E-01	8.846E-01	1.410E-03	8.856E-01	8.835E-01	8.856E-01	8.837E-01	8.846E-01	8.847E-01
5.300E-01	8.828E-01	1.344E-03	8.837E-01	8.817E-01	8.838E-01	8.819E-01	8.828E-01	8.829E-01
5.400E-01	8.810E-01	1.281E-03	8.818E-01	8.800E-01	8.819E-01	8.801E-01	8.810E-01	8.811E-01
5.500E-01	8.792E-01	1.221E-03	8.799E-01	8.783E-01	8.801E-01	8.783E-01	8.791E-01	8.792E-01
5.600E-01	8.773E-01	1.165E-03	8.779E-01	8.765E-01	8.782E-01	8.764E-01	8.773E-01	8.774E-01
5.700E-01	8.754E-01	1.112E-03	8.760E-01	8.747E-01	8.763E-01	8.745E-01	8.754E-01	8.755E-01
5.800E-01	8.736E-01	1.063E-03	8.740E-01	8.729E-01	8.745E-01	8.727E-01	8.735E-01	8.736E-01
5.900E-01	8.716E-01	1.019E-03	8.720E-01	8.711E-01	8.725E-01	8.708E-01	8.716E-01	8.717E-01
6.000E-01	8.697E-01	9.799E-04	8.700E-01	8.692E-01	8.706E-01	8.688E-01	8.697E-01	8.698E-01
6.100E-01	8.678E-01	9.458E-04	8.680E-01	8.673E-01	8.687E-01	8.669E-01	8.677E-01	8.679E-01
6.200E-01	8.658E-01	9.173E-04	8.660E-01	8.655E-01	8.667E-01	8.650E-01	8.658E-01	8.659E-01
6.300E-01	8.639E-01	8.945E-04	8.639E-01	8.636E-01	8.647E-01	8.630E-01	8.638E-01	8.639E-01
6.400E-01	8.619E-01	8.778E-04	8.619E-01	8.617E-01	8.627E-01	8.610E-01	8.618E-01	8.619E-01
6.500E-01	8.599E-01	8.671E-04	8.598E-01	8.597E-01	8.607E-01	8.590E-01	8.598E-01	8.599E-01
6.600E-01	8.579E-01	8.625E-04	8.577E-01	8.578E-01	8.587E-01	8.570E-01	8.578E-01	8.579E-01
6.700E-01	8.558E-01	8.638E-04	8.556E-01	8.558E-01	8.567E-01	8.550E-01	8.557E-01	8.559E-01
6.800E-01	8.538E-01	8.707E-04	8.535E-01	8.539E-01	8.546E-01	8.529E-01	8.537E-01	8.539E-01
6.900E-01	8.517E-01	8.827E-04	8.514E-01	8.519E-01	8.526E-01	8.509E-01	8.516E-01	8.518E-01
7.000E-01	8.496E-01	8.996E-04	8.492E-01	8.499E-01	8.505E-01	8.488E-01	8.496E-01	8.497E-01
7.100E-01	8.476E-01	9.207E-04	8.471E-01	8.479E-01	8.484E-01	8.467E-01	8.475E-01	8.476E-01
7.200E-01	8.455E-01	9.456E-04	8.449E-01	8.458E-01	8.463E-01	8.446E-01	8.454E-01	8.455E-01
7.300E-01	8.433E-01	9.736E-04	8.427E-01	8.438E-01	8.442E-01	8.425E-01	8.433E-01	8.434E-01
7.400E-01	8.412E-01	1.004E-03	8.406E-01	8.417E-01	8.420E-01	8.404E-01	8.411E-01	8.413E-01
7.500E-01	8.391E-01	1.038E-03	8.384E-01	8.396E-01	8.399E-01	8.383E-01	8.390E-01	8.392E-01
7.600E-01	8.369E-01	1.073E-03	8.362E-01	8.376E-01	8.377E-01	8.361E-01	8.368E-01	8.370E-01
7.700E-01	8.348E-01	1.109E-03	8.339E-01	8.355E-01	8.356E-01	8.340E-01	8.347E-01	8.349E-01
7.800E-01	8.326E-01	1.147E-03	8.317E-01	8.333E-01	8.334E-01	8.318E-01	8.325E-01	8.327E-01
7.900E-01	8.304E-01	1.186E-03	8.295E-01	8.312E-01	8.312E-01	8.296E-01	8.303E-01	8.305E-01
8.000E-01	8.282E-01	1.225E-03	8.272E-01	8.291E-01	8.290E-01	8.274E-01	8.281E-01	8.283E-01
8.100E-01	8.260E-01	1.265E-03	8.249E-01	8.269E-01	8.268E-01	8.252E-01	8.259E-01	8.261E-01
8.200E-01	8.238E-01	1.305E-03	8.227E-01	8.248E-01	8.245E-01	8.230E-01	8.237E-01	8.239E-01
8.300E-01	8.215E-01	1.345E-03	8.204E-01	8.226E-01	8.223E-01	8.208E-01	8.214E-01	8.216E-01
8.400E-01	8.193E-01	1.385E-03	8.181E-01	8.204E-01	8.201E-01	8.185E-01	8.192E-01	8.194E-01
8.500E-01	8.170E-01	1.426E-03	8.158E-01	8.182E-01	8.178E-01	8.163E-01	8.169E-01	8.171E-01
8.600E-01	8.148E-01	1.465E-03	8.135E-01	8.160E-01	8.155E-01	8.140E-01	8.147E-01	8.149E-01
8.700E-01	8.125E-01	1.505E-03	8.111E-01	8.138E-01	8.132E-01	8.118E-01	8.124E-01	8.126E-01
8.800E-01	8.102E-01	1.544E-03	8.088E-01	8.115E-01	8.110E-01	8.095E-01	8.101E-01	8.103E-01
8.900E-01	8.079E-01	1.582E-03	8.065E-01	8.093E-01	8.087E-01	8.072E-01	8.078E-01	8.080E-01
9.000E-01	8.056E-01	1.620E-03	8.041E-01	8.070E-01	8.063E-01	8.049E-01	8.055E-01	8.057E-01
9.100E-01	8.033E-01	1.658E-03	8.018E-01	8.047E-01	8.040E-01	8.026E-01	8.032E-01	8.034E-01
9.200E-01	8.010E-01	1.694E-03	7.994E-01	8.025E-01	8.017E-01	8.003E-01	8.009E-01	8.011E-01
9.300E-01	7.986E-01	1.730E-03	7.970E-01	8.002E-01	7.994E-01	7.979E-01	7.985E-01	7.988E-01
9.400E-01	7.963E-01	1.766E-03	7.947E-01	7.979E-01	7.970E-01	7.956E-01	7.962E-01	7.964E-01
9.500E-01	7.939E-01	1.800E-03	7.923E-01	7.956E-01	7.946E-01	7.932E-01	7.938E-01	7.941E-01
9.600E-01	7.916E-01	1.834E-03	7.899E-01	7.933E-01	7.923E-01	7.909E-01	7.915E-01	7.917E-01
9.700E-01	7.892E-01	1.867E-03	7.875E-01	7.909E-01	7.899E-01	7.885E-01	7.891E-01	7.893E-01
9.800E-01	7.868E-01	1.899E-03	7.851E-01	7.886E-01	7.875E-01	7.862E-01	7.867E-01	7.870E-01
9.900E-01	7.845E-01	1.930E-03	7.826E-01	7.862E-01	7.851E-01	7.838E-01	7.843E-01	7.846E-01
1.000E+00	7.821E-01	1.960E-03	7.802E-01	7.839E-01	7.827E-01	7.814E-01	7.819E-01	7.822E-01
1.010E+00	7.797E-01	1.990E-03	7.778E-01	7.815E-01	7.803E-01	7.790E-01	7.795E-01	7.798E-01
1.020E+00	7.773E-01	2.018E-03	7.753E-01	7.792E-01	7.779E-01	7.766E-01	7.771E-01	7.774E-01
1.030E+00	7.748E-01	2.046E-03	7.729E-01	7.768E-01	7.755E-01	7.742E-01	7.747E-01	7.750E-01
1.040E+00	7.724E-01	2.073E-03	7.705E-01	7.744E-01	7.731E-01	7.718E-01	7.723E-01	7.725E-01
1.050E+00	7.700E-01	2.098E-03	7.680E-01	7.720E-01	7.706E-01	7.693E-01	7.699E-01	7.701E-01
1.060E+00	7.676E-01	2.123E-03	7.655E-01	7.696E-01	7.682E-01	7.669E-01	7.674E-01	7.677E-01
1.070E+00	7.651E-01	2.147E-03	7.631E-01	7.672E-01	7.657E-01	7.645E-01	7.650E-01	7.652E-01
1.080E+00	7.627E-01	2.170E-03	7.606E-01	7.647E-01	7.633E-01	7.620E-01	7.625E-01	7.628E-01
1.090E+00	7.602E-01	2.192E-03	7.581E-01	7.623E-01	7.608E-01	7.596E-01	7.601E-01	7.603E-01
1.100E+00	7.577E-01	2.213E-03	7.556E-01	7.599E-01	7.584E-01	7.571E-01	7.576E-01	7.579E-01
1.110E+00	7.553E-01	2.233E-03	7.531E-01	7.574E-01	7.559E-01	7.547E-01	7.551E-01	7.554E-01
1.120E+00	7.528E-01	2.252E-03	7.507E-01	7.550E-01	7.534E-01	7.522E-01	7.527E-01	7.529E-01
1.130E+00	7.503E-01	2.270E-03	7.482E-01	7.525E-01	7.509E-01	7.497E-01	7.502E-01	7.505E-01
1.140E+00	7.478E-01	2.288E-03	7.457E-01	7.501E-01	7.484E-01	7.472E-01	7.477E-01	7.480E-01
1.150E+00	7.453E-01	2.304E-03	7.432E-01	7.476E-01	7.459E-01	7.448E-01	7.452E-01	7.455E-01
1.160E+00	7.428E-01	2.319E-03	7.406E-01	7.451E-01	7.434E-01	7.423E-01	7.427E-01	7.430E-01
1.170E+00	7.403E-01	2.333E-03	7.381E-01	7.426E-01	7.409E-01	7.398E-01	7.402E-01	7.405E-01
1.180E+00	7.378E-01	2.347E-03	7.356E-01	7.402E-01	7.384E-01	7.373E-01	7.377E-01	7.380E-01
1.190E+00	7.353E-01	2.359E-03	7.331E-01	7.377E-01	7.359E-01	7.348E-01	7.352E-01	7.355E-01
1.200E+00	7.328E-01	2.371E-03	7.306E-01	7.352E-01	7.334E-01	7.322E-01	7.327E-01	7.329E-01
1.210E+00	7.303E-01	2.381E-03	7.280E-01	7.327E-01	7.308E-01	7.297E-01	7.301E-01	7.304E-01
1.220E+00	7.278E-01	2.391E-03	7.255E-01	7.301E-01	7.283E-01	7.272E-01	7.276E-01	7.279E-01
1.230E+00	7.252E-01	2.400E-03	7.230E-01	7.276E-01	7.258E-01	7.247E-01	7.251E-01	7.254E-01
1.240E+00	7.227E-01	2.407E-03	7.204E-01	7.251E-01	7.232E-01	7.222E-01	7.225E-01	7.228E-01
1.250E+00	7.202E-01	2.414E-03	7.179E-01	7.226E-01	7.207E-01	7.196E-01	7.200E-01	7.203E-01
1.260E+00	7.176E-01	2.420E-03	7.153E-01	7.200E-01	7.181E-01	7.171E-01	7.175E-01	7.178E-01
1.270E+00	7.151E-01	2.425E-03	7.128E-01	7.175E-01	7.156E-01	7.146E-01	7.149E-01	7.152E-01
1.280E+00	7.125E-01	2.429E-03	7.102E-01	7.150E-01	7.130E-01	7.120E-01	7.124E-01	7.127E-01
1.290E+00	7.100E-01	2.432E-03	7.077E-01	7.124E-01	7.105E-01	7.095E-01	7.098E-01	7.101E-01
1.300E+00	7.074E-01	2.434E-03	7.051E-01	7.099E-01	7.079E-01	7.069E-01	7.073E-01	7.076E-01
1.310E+00	7.049E-01	2.436E-03	7.026E-01	7.073E-01	7.053E-01	7.044E-01	7.047E-01	7.050E-01
1.320E+00	7.023E-01	2.436E-03	7.000E-01	7.048E-01	7.028E-01	7.018E-01	7.021E-01	7.025E-01
1.330E+00	6.997E-01	2.436E-03	6.974E-01	7.022E-01	7.002E-01	6.992E-01	6.996E-01	6.999E-01
1.340E+00	6.972E-01	2.434E-03	6.949E-01	6.996E-01	6.976E-01	6.967E-01	6.970E-01	6.973E-01
1.350E+00	6.946E-01	2.432E-03	6.923E-01	6.971E-01	6.951E-01	6.941E-01	6.944E-01	6.948E-01
1.360E+00	6.920E-01	2.429E-03	6.897E-01	6.945E-01	6.925E-01	6.916E-01	6.918E-01	6.922E-01
1.370E+00	6.894E-01	2.425E-03	6.872E-01	6.919E-01	6.899E-01	6.890E-01	6.893E-01	6.896E-01
1.380E+00	6.869E-01	2.421E-03	6.846E-01	6.893E-01	6.873E-01	6.864E-01	6.867E-01	6.870E-01
1.390E+00	6.843E-01	2.415E-03	6.820E-01	6.868E-01	6.847E-01	6.838E-01	6.841E-01	6.845E-01
1.400E+00	6.817E-01	2.409E-03	6.795E-01	6.842E-01	6.821E-01	6.813E-01	6.815E-01	6.819E-01
1.410E+00	6.791E-01	2.401E-03	6.769E-01	6.816E-01	6.795E-01	6.787E-01	6.789E-01	6.793E-01
1.420E+00	6.765E-01	2.393E-03	6.743E-01	6.790E-01	6.770E-01	6.761E-01	6.764E-01	6.767E-01
1.430E+00	6.739E-01	2.384E-03	6.717E-01	6.764E-01	6.744E-01	6.735E-01	6.738E-01	6.741E-01
1.440E+00	6.714E-01	2.375E-03	6.692E-01	6.738E-01	6.718E-01	6.709E-01	6.712E-01	6.715E-01
1.450E+00	6.688E-01	2.364E-03	6.666E-01	6.712E-01	6.692E-01	6.684E-01	6.686E-01	6.689E-01
1.460E+00	6.662E-01	2.353E-03	6.640E-01	6.686E-01	6.666E-01	6.658E-01	6.660E-01	6.664E-01
1.470E+00	6.636E-01	2.341E-03	6.614E-01	6.660E-01	6.640E-01	6.632E-01	6.634E-01	6.638E-01
1.480E+00	6.610E-01	2.328E-03	6.588E-01	6.634E-01	6.614E-01	6.606E-01	6.608E-01	6.612E-01
1.490E+00	6.584E-01	2.314E-03	6.563E-01	6.608E-01	6.588E-01	6.580E-01	6.582E-01	6.586E-01
1.500E+00	6.558E-01	2.300E-03	6.537E-01	6.582E-01	6.562E-01	6.554E-01	6.556E-01	6.560E-01
1.510E+00	6.532E-01	2.285E-03	6.511E-01	6.556E-01	6.536E-01	6.528E-01	6.530E-01	6.534E-01
1.520E+00	6.506E-01	2.269E-03	6.485E-01	6.530E-01	6.510E-01	6.503E-01	6.504E-01	6.508E-01
1.530E+00	6.480E-01	2.252E-03	6.460E-01	6.504E-01	6.484E-01	6.477E-01	6.478E-01	6.482E-01
1.540E+00	6.454E-01	2.235E-03	6.434E-01	6.478E-01	6.458E-01	6.451E-01	6.452E-01	6.456E-01
1.550E+00	6.428E-01	2.217E-03	6.408E-01	6.452E-01	6.432E-01	6.425E-01	6.426E-01	6.430E-01
1.560E+00	6.402E-01	2.198E-03	6.382E-01	6.426E-01	6.406E-01	6.399E-01	6.400E-01	6.404E-01
1.570E+00	6.376E-01	2.179E-03	6.357E-01	6.399E-01	6.380E-01	6.373E-01	6.374E-01	6.378E-01
1.580E+00	6.350E-01	2.159E-03	6.331E-01	6.373E-01	6.354E-01	6.347E-01	6.348E-01	6.352E-01
1.590E+00	6.324E-01	2.138E-03	6.305E-01	6.347E-01	6.328E-01	6.321E-01	6.323E-01	6.326E-01
1.600E+00	6.298E-01	2.116E-03	6.279E-01	6.321E-01	6.302E-01	6.295E-01	6.297E-01	6.300E-01
1.610E+00	6.273E-01	2.094E-03	6.254E-01	6.295E-01	6.276E-01	6.269E-01	6.271E-01	6.274E-01
1.620E+00	6.247E-01	2.072E-03	6.228E-01	6.269E-01	6.250E-01	6.244E-01	6.245E-01	6.249E-01
1.630E+00	6.221E-01	2.048E-03	6.202E-01	6.243E-01	6.224E-01	6.218E-01	6.219E-01	6.223E-01
1.640E+00	6.195E-01	2.024E-03	6.177E-01	6.217E-01	6.198E-01	6.192E-01	6.193E-01	6.197E-01
1.650E+00	6.169E-01	1.999E-03	6.151E-01	6.190E-01	6.172E-01	6.166E-01	6.167E-01	6.171E-01
1.660E+00	6.143E-01	1.974E-03	6.125E-01	6.164E-01	6.146E-01	6.140E-01	6.141E-01	6.145E-01
1.670E+00	6.117E-01	1.948E-03	6.100E-01	6.138E-01	6.120E-01	6.114E-01	6.115E-01	6.119E-01
1.680E+00	6.091E-01	1.921E-03	6.074E-01	6.112E-01	6.094E-01	6.088E-01	6.089E-01	6.093E-01
1.690E+00	6.065E-01	1.894E-03	6.049E-01	6.086E-01	6.068E-01	6.063E-01	6.063E-01	6.067E-01
1.700E+00	6.039E-01	1.867E-03	6.023E-01	6.060E-01	6.042E-01	6.037E-01	6.037E-01	6.041E-01
1.710E+00	6.014E-01	1.838E-03	5.998E-01	6.034E-01	6.016E-01	6.011E-01	6.011E-01	6.016E-01
1.720E+00	5.988E-01	1.809E-03	5.972E-01	6.008E-01	5.990E-01	5.985E-01	5.986E-01	5.990E-01
1.730E+00	5.962E-01	1.780E-03	5.946E-01	5.982E-01	5.964E-01	5.959E-01	5.960E-01	5.964E-01
1.740E+00	5.936E-01	1.750E-03	5.921E-01	5.955E-01	5.939E-01	5.934E-01	5.934E-01	5.938E-01
1.750E+00	5.910E-01	1.720E-03	5.896E-01	5.929E-01	5.913E-01	5.908E-01	5.908E-01	5.912E-01
1.760E+00	5.885E-01	1.689E-03	5.870E-01	5.903E-01	5.887E-01	5.882E-01	5.882E-01	5.887E-01
1.770E+00	5.859E-01	1.657E-03	5.845E-01	5.877E-01	5.861E-01	5.857E-01	5.857E-01	5.861E-01
1.780E+00	5.833E-01	1.625E-03	5.819E-01	5.851E-01	5.835E-01	5.831E-01	5.831E-01	5.835E-01
1.790E+00	5.807E-01	1.592E-03	5.794E-01	5.825E-01	5.810E-01	5.805E-01	5.805E-01	5.810E-01
1.800E+00	5.782E-01	1.559E-03	5.769E-01	5.799E-01	5.784E-01	5.780E-01	5.780E-01	5.784E-01
1.810E+00	5.756E-01	1.526E-03	5.743E-01	5.773E-01	5.758E-01	5.754E-01	5.754E-01	5.758E-01
1.820E+00	5.730E-01	1.492E-03	5.718E-01	5.747E-01	5.732E-01	5.728E-01	5.728E-01	5.733E-01
1.830E+00	5.705E-01	1.458E-03	5.693E-01	5.722E-01	5.707E-01	5.703E-01	5.703E-01	5.707E-01
1.840E+00	5.679E-01	1.423E-03	5.668E-01	5.696E-01	5.681E-01	5.677E-01	5.677E-01	5.681E-01
1.850E+00	5.654E-01	1.388E-03	5.643E-01	5.670E-01	5.656E-01	5.652E-01	5.652E-01	5.656E-01
1.860E+00	5.628E-01	1.352E-03	5.617E-01	5.644E-01	5.630E-01	5.626E-01	5.626E-01	5.630E-01
1.870E+00	5.603E-01	1.316E-03	5.592E-01	5.618E-01	5.604E-01	5.601E-01	5.601E-01	5.605E-01
1.880E+00	5.577E-01	1.279E-03	5.567E-01	5.592E-01	5.579E-01	5.576E-01	5.575E-01	5.579E-01
1.890E+00	5.552E-01	1.243E-03	5.542E-01	5.566E-01	5.554E-01	5.550E-01	5.550E-01	5.554E-01
1.900E+00	5.526E-01	1.205E-03	5.517E-01	5.541E-01	5.528E-01	5.525E-01	5.524E-01	5.529E-01
1.910E+00	5.501E-01	1.168E-03	5.492E-01	5.515E-01	5.503E-01	5.500E-01	5.499E-01	5.503E-01
1.920E+00	5.476E-01	1.130E-03	5.467E-01	5.489E-01	5.477E-01	5.474E-01	5.474E-01	5.478E-01
1.930E+00	5.451E-01	1.092E-03	5.442E-01	5.464E-01	5.452E-01	5.449E-01	5.448E-01	5.453E-01
1.940E+00	5.425E-01	1.053E-03	5.418E-01	5.438E-01	5.427E-01	5.424E-01	5.423E-01	5.427E-01
1.950E+00	5.400E-01	1.014E-03	5.393E-01	5.412E-01	5.401E-01	5.399E-01	5.398E-01	5.402E-01
1.960E+00	5.375E-01	9.753E-04	5.368E-01	5.387E-01	5.376E-01	5.374E-01	5.373E-01	5.377E-01
1.970E+00	5.350E-01	9.360E-04	5.343E-01	5.361E-01	5.351E-01	5.348E-01	5.347E-01	5.352E-01
1.980E+00	5.325E-01	8.965E-04	5.319E-01	5.336E-01	5.326E-01	5.323E-01	5.322E-01	5.327E-01
1.990E+00	5.300E-01	8.568E-04	5.294E-01	5.310E-01	5.301E-01	5.298E-01	5.297E-01	5.302E-01
2.000E+00	5.274E-01	8.169E-04	5.269E-01	5.285E-01	5.276E-01	5.273E-01	5.272E-01	5.277E-01
2.010E+00	5.250E-01	7.769E-04	5.245E-01	5.260E-01	5.251E-01	5.248E-01	5.247E-01	5.252E-01
2.020E+00	5.225E-01	7.368E-04	5.220E-01	5.234E-01	5.226E-01	5.224E-01	5.222E-01	5.227E-01
2.030E+00	5.200E-01	6.967E-04	5.196E-01	5.209E-01	5.201E-01	5.199E-01	5.197E-01	5.202E-01
2.040E+00	5.175E-01	6.566E-04	5.171E-01	5.184E-01	5.176E-01	5.174E-01	5.172E-01	5.177E-01
2.050E+00	5.150E-01	6.166E-04	5.147E-01	5.158E-01	5.151E-01	5.149E-01	5.148E-01	5.152E-01
2.060E+00	5.125E-01	5.768E-04	5.123E-01	5.133E-01	5.126E-01	5.124E-01	5.123E-01	5.127E-01
2.070E+00	5.100E-01	5.374E-04	5.098E-01	5.108E-01	5.101E-01	5.100E-01	5.098E-01	5.103E-01
2.080E+00	5.076E-01	4.984E-04	5.074E-01	5.083E-01	5.076E-01	5.075E-01	5.073E-01	5.078E-01
2.090E+00	5.051E-01	4.601E-04	5.050E-01	5.058E-01	5.052E-01	5.050E-01	5.049E-01	5.053E-01
2.100E+00	5.026E-01	4.227E-04	5.026E-01	5.033E-01	5.027E-01	5.026E-01	5.024E-01	5.029E-01
2.110E+00	5.002E-01	3.867E-04	5.002E-01	5.008E-01	5.002E-01	5.001E-01	5.000E-01	5.004E-01
2.120E+00	4.977E-01	3.525E-04	4.978E-01	4.983E-01	4.978E-01	4.977E-01	4.975E-01	4.980E-01
2.130E+00	4.953E-01	3.208E-04	4.954E-01	4.958E-01	4.953E-01	4.952E-01	4.951E-01	4.955E-01
2.140E+00	4.929E-01	2.925E-04	4.930E-01	4.933E-01	4.929E-01	4.928E-01	4.926E-01	4.931E-01
2.150E+00	4.904E-01	2.688E-04	4.906E-01	4.908E-01	4.905E-01	4.904E-01	4.902E-01	4.907E-01
2.160E+00	4.880E-01	2.512E-04	4.882E-01	4.884E-01	4.880E-01	4.879E-01	4.877E-01	4.882E-01
2.170E+00	4.856E-01	2.411E-04	4.858E-01	4.859E-01	4.856E-01	4.855E-01	4.853E-01	4.858E-01
2.180E+00	4.831E-01	2.395E-04	4.834E-01	4.834E-01	4.832E-01	4.831E-01	4.829E-01	4.834E-01
2.190E+00	4.807E-01	2.467E-04	4.811E-01	4.810E-01	4.807E-01	4.807E-01	4.805E-01	4.810E-01
2.200E+00	4.783E-01	2.621E-04	4.787E-01	4.785E-01	4.783E-01	4.783E-01	4.781E-01	4.785E-01
2.210E+00	4.759E-01	2.845E-04	4.764E-01	4.761E-01	4.759E-01	4.759E-01	4.757E-01	4.761E-01
2.220E+00	4.735E-01	3.124E-04	4.740E-01	4.736E-01	4.735E-01	4.735E-01	4.733E-01	4.737E-01
2.230E+00	4.711E-01	3.444E-04	4.717E-01	4.712E-01	4.711E-01	4.711E-01	4.709E-01	4.713E-01
2.240E+00	4.687E-01	3.797E-04	4.693E-01	4.687E-01	4.687E-01	4.687E-01	4.685E-01	4.690E-01
2.250E+00	4.663E-01	4.175E-04	4.670E-01	4.663E-01	4.663E-01	4.663E-01	4.661E-01	4.666E-01
2.260E+00	4.640E-01	4.571E-04	4.646E-01	4.639E-01	4.639E-01	4.640E-01	4.637E-01	4.642E-01
2.270E+00	4.616E-01	4.982E-04	4.623E-01	4.615E-01	4.616E-01	4.616E-01	4.613E-01	4.618E-01
2.280E+00	4.592E-01	5.404E-04	4.600E-01	4.590E-01	4.592E-01	4.592E-01	4.590E-01	4.595E-01
2.290E+00	4.568E-01	5.835E-04	4.577E-01	4.566E-01	4.568E-01	4.569E-01	4.566E-01	4.571E-01
2.300E+00	4.545E-01	6.273E-04	4.554E-01	4.542E-01	4.545E-01	4.545E-01	4.542E-01	4.547E-01
2.310E+00	4.521E-01	6.718E-04	4.531E-01	4.518E-01	4.521E-01	4.522E-01	4.519E-01	4.524E-01
2.320E+00	4.498E-01	7.168E-04	4.508E-01	4.494E-01	4.498E-01	4.498E-01	4.496E-01	4.500E-01
2.330E+00	4.475E-01	7.622E-04	4.485E-01	4.471E-01	4.474E-01	4.475E-01	4.472E-01	4.477E-01
2.340E+00	4.451E-01	8.079E-04	4.462E-01	4.447E-01	4.451E-01	4.452E-01	4.449E-01	4.454E-01
2.350E+00	4.428E-01	8.540E-04	4.439E-01	4.423E-01	4.428E-01	4.428E-01	4.426E-01	4.430E-01
2.360E+00	4.405E-01	9.003E-04	4.417E-01	4.399E-01	4.404E-01	4.405E-01	4.402E-01	4.407E-01
2.370E+00	4.382E-01	9.469E-04	4.394E-01	4.376E-01	4.381E-01	4.382E-01	4.379E-01	4.384E-01
2.380E+00	4.358E-01	9.937E-04	4.371E-01	4.352E-01	4.358E-01	4.359E-01	4.356E-01	4.361E-01
2.390E+00	4.335E-01	1.041E-03	4.349E-01	4.329E-01	4.335E-01	4.336E-01	4.333E-01	4.338E-01
2.400E+00	4.312E-01	1.088E-03	4.326E-01	4.305E-01	4.312E-01	4.313E-01	4.310E-01	4.315E-01
2.410E+00	4.290E-01	1.135E-03	4.304E-01	4.282E-01	4.289E-01	4.290E-01	4.287E-01	4.292E-01
2.420E+00	4.267E-01	1.182E-03	4.282E-01	4.258E-01	4.266E-01	4.267E-01	4.264E-01	4.269E-01
2.430E+00	4.244E-01	1.229E-03	4.259E-01	4.235E-01	4.243E-01	4.245E-01	4.241E-01	4.246E-01
2.440E+00	4.221E-01	1.277E-03	4.237E-01	4.212E-01	4.220E-01	4.222E-01	4.219E-01	4.224E-01
2.450E+00	4.199E-01	1.324E-03	4.215E-01	4.189E-01	4.198E-01	4.199E-01	4.196E-01	4.201E-01
2.460E+00	4.176E-01	1.372E-03	4.193E-01	4.166E-01	4.175E-01	4.177E-01	4.173E-01	4.178E-01
2.470E+00	4.153E-01	1.420E-03	4.171E-01	4.143E-01	4.153E-01	4.154E-01	4.151E-01	4.156E-01
2.480E+00	4.131E-01	1.467E-03	4.149E-01	4.120E-01	4.130E-01	4.132E-01	4.128E-01	4.133E-01
2.490E+00	4.109E-01	1.515E-03	4.127E-01	4.097E-01	4.108E-01	4.110E-01	4.106E-01	4.111E-01
2.500E+00	4.086E-01	1.562E-03	4.105E-01	4.074E-01	4.085E-01	4.087E-01	4.084E-01	4.089E-01
2.510E+00	4.064E-01	1.610E-03	4.083E-01	4.051E-01	4.063E-01	4.065E-01	4.061E-01	4.066E-01
2.520E+00	4.042E-01	1.658E-03	4.061E-01	4.029E-01	4.041E-01	4.043E-01	4.039E-01	4.044E-01
2.530E+00	4.020E-01	1.705E-03	4.040E-01	4.006E-01	4.019E-01	4.021E-01	4.017E-01	4.022E-01
2.540E+00	3.998E-01	1.753E-03	4.018E-01	3.984E-01	3.996E-01	3.999E-01	3.995E-01	4.000E-01
2.550E+00	3.976E-01	1.800E-03	3.997E-01	3.961E-01	3.974E-01	3.977E-01	3.973E-01	3.978E-01
2.560E+00	3.954E-01	1.848E-03	3.975E-01	3.939E-01	3.952E-01	3.955E-01	3.951E-01	3.956E-01
2.570E+00	3.932E-01	1.895E-03	3.954E-01	3.916E-01	3.931E-01	3.933E-01	3.929E-01	3.934E-01
2.580E+00	3.910E-01	1.942E-03	3.933E-01	3.894E-01	3.909E-01	3.911E-01	3.907E-01	3.912E-01
2.590E+00	3.888E-01	1.990E-03	3.911E-01	3.872E-01	3.887E-01	3.889E-01	3.886E-01	3.891E-01
2.600E+00	3.867E-01	2.037E-03	3.890E-01	3.850E-01	3.865E-01	3.868E-01	3.864E-01	3.869E-01
2.610E+00	3.845E-01	2.084E-03	3.869E-01	3.828E-01	3.844E-01	3.846E-01	3.842E-01	3.847E-01
2.620E+00	3.823E-01	2.131E-03	3.848E-01	3.806E-01	3.822E-01	3.825E-01	3.821E-01	3.826E-01
2.630E+00	3.802E-01	2.178E-03	3.827E-01	3.784E-01	3.801E-01	3.803E-01	3.799E-01	3.804E-01
2.640E+00	3.781E-01	2.224E-03	3.806E-01	3.762E-01	3.779E-01	3.782E-01	3.778E-01	3.783E-01
2.650E+00	3.759E-01	2.271E-03	3.785E-01	3.740E-01	3.758E-01	3.761E-01	3.757E-01	3.762E-01
2.660E+00	3.738E-01	2.318E-03	3.764E-01	3.718E-01	3.736E-01	3.739E-01	3.735E-01	3.740E-01
2.670E+00	3.717E-01	2.364E-03	3.744E-01	3.697E-01	3.715E-01	3.718E-01	3.714E-01	3.719E-01
2.680E+00	3.696E-01	2.411E-03	3.723E-01	3.675E-01	3.694E-01	3.697E-01	3.693E-01	3.698E-01
2.690E+00	3.675E-01	2.457E-03	3.702E-01	3.654E-01	3.673E-01	3.676E-01	3.672E-01	3.677E-01
2.700E+00	3.654E-01	2.503E-03	3.682E-01	3.632E-01	3.652E-01	3.655E-01	3.651E-01	3.656E-01
2.710E+00	3.633E-01	2.549E-03	3.662E-01	3.611E-01	3.631E-01	3.634E-01	3.630E-01	3.635E-01
2.720E+00	3.612E-01	2.595E-03	3.641E-01	3.590E-01	3.610E-01	3.614E-01	3.609E-01	3.614E-01
2.730E+00	3.591E-01	2.640E-03	3.621E-01	3.568E-01	3.589E-01	3.593E-01	3.589E-01	3.594E-01
2.740E+00	3.571E-01	2.686E-03	3.601E-01	3.547E-01	3.569E-01	3.572E-01	3.568E-01	3.573E-01
2.750E+00	3.550E-01	2.731E-03	3.581E-01	3.526E-01	3.548E-01	3.552E-01	3.547E-01	3.552E-01
2.760E+00	3.529E-01	2.776E-03	3.560E-01	3.505E-01	3.528E-01	3.531E-01	3.527E-01	3.532E-01
2.770E+00	3.509E-01	2.821E-03	3.540E-01	3.484E-01	3.507E-01	3.511E-01	3.506E-01	3.511E-01
2.780E+00	3.489E-01	2.866E-03	3.520E-01	3.464E-01	3.487E-01	3.490E-01	3.486E-01	3.491E-01
2.790E+00	3.468E-01	2.910E-03	3.501E-01	3.443E-01	3.466E-01	3.470E-01	3.466E-01	3.471E-01
2.800E+00	3.448E-01	2.955E-03	3.481E-01	3.422E-01	3.446E-01	3.450E-01	3.445E-01	3.450E-01
2.810E+00	3.428E-01	2.999E-03	3.461E-01	3.401E-01	3.426E-01	3.430E-01	3.425E-01	3.430E-01
2.820E+00	3.408E-01	3.043E-03	3.441E-01	3.381E-01	3.406E-01	3.410E-01	3.405E-01	3.410E-01
2.830E+00	3.388E-01	3.087E-03	3.422E-01	3.360E-01	3.386E-01	3.390E-01	3.385E-01	3.390E-01
2.840E+00	3.368E-01	3.131E-03	3.402E-01	3.340E-01	3.366E-01	3.370E-01	3.365E-01	3.370E-01
2.850E+00	3.348E-01	3.174E-03	3.383E-01	3.320E-01	3.346E-01	3.350E-01	3.345E-01	3.350E-01
2.860E+00	3.328E-01	3.217E-03	3.364E-01	3.299E-01	3.326E-01	3.330E-01	3.325E-01	3.331E-01
2.870E+00	3.308E-01	3.260E-03	3.344E-01	3.279E-01	3.306E-01	3.310E-01	3.306E-01	3.311E-01
2.880E+00	3.289E-01	3.303E-03	3.325E-01	3.259E-01	3.287E-01	3.291E-01	3.286E-01	3.291E-01
2.890E+00	3.269E-01	3.346E-03	3.306E-01	3.239E-01	3.267E-01	3.271E-01	3.266E-01	3.272E-01
2.900E+00	3.249E-01	3.388E-03	3.287E-01	3.219E-01	3.247E-01	3.252E-01	3.247E-01	3.252E-01
2.910E+00	3.230E-01	3.430E-03	3.268E-01	3.199E-01	3.228E-01	3.232E-01	3.228E-01	3.233E-01
2.920E+00	3.211E-01	3.472E-03	3.249E-01	3.180E-01	3.209E-01	3.213E-01	3.208E-01	3.213E-01
2.930E+00	3.191E-01	3.514E-03	3.230E-01	3.160E-01	3.189E-01	3.194E-01	3.189E-01	3.194E-01
2.940E+00	3.172E-01	3.555E-03	3.211E-01	3.140E-01	3.170E-01	3.174E-01	3.170E-01	3.175E-01
2.950E+00	3.153E-01	3.597E-03	3.192E-01	3.121E-01	3.151E-01	3.155E-01	3.151E-01	3.156E-01
2.960E+00	3.134E-01	3.638E-03	3.174E-01	3.101E-01	3.132E-01	3.136E-01	3.131E-01	3.136E-01
2.970E+00	3.115E-01	3.678E-03	3.155E-01	3.082E-01	3.113E-01	3.117E-01	3.112E-01	3.117E-01
2.980E+00	3.096E-01	3.719E-03	3.137E-01	3.063E-01	3.094E-01	3.098E-01	3.094E-01	3.099E-01
2.990E+00	3.077E-01	3.759E-03	3.118E-01	3.043E-01	3.075E-01	3.080E-01	3.075E-01	3.080E-01
3.000E+00	3.058E-01	3.799E-03	3.100E-01	3.024E-01	3.056E-01	3.061E-01	3.056E-01	3.061E-01
