1.000E-02	1.045E+00	4.535E-04	1.045E+00	1.044E+00	1.045E+00	1.044E+00	1.045E+00	1.045E+00
2.000E-02	1.044E+00	4.508E-04	1.045E+00	1.044E+00	1.045E+00	1.044E+00	1.044E+00	1.044E+00
3.000E-02	1.044E+00	4.471E-04	1.045E+00	1.044E+00	1.044E+00	1.044E+00	1.044E+00	1.044E+00
4.000E-02	1.044E+00	4.429E-04	1.044E+00	1.044E+00	1.044E+00	1.044E+00	1.044E+00	1.044E+00
5.000E-02	1.044E+00	4.381E-04	1.044E+00	1.043E+00	1.044E+00	1.043E+00	1.044E+00	1.044E+00
6.000E-02	1.043E+00	4.328E-04	1.043E+00	1.043E+00	1.043E+00	1.043E+00	1.043E+00	1.043E+00
7.000E-02	1.043E+00	4.272E-04	1.043E+00	1.042E+00	1.043E+00	1.042E+00	1.043E+00	1.043E+00
8.000E-02	1.042E+00	4.213E-04	1.042E+00	1.042E+00	1.042E+00	1.042E+00	1.042E+00	1.042E+00
9.000E-02	1.042E+00	4.151E-04	1.042E+00	1.041E+00	1.042E+00	1.041E+00	1.042E+00	1.042E+00
1.000E-01	1.041E+00	4.088E-04	1.041E+00	1.041E+00	1.041E+00	1.041E+00	1.041E+00	1.041E+00
1.100E-01	1.040E+00	4.022E-04	1.041E+00	1.040E+00	1.041E+00	1.040E+00	1.040E+00	1.040E+00
1.200E-01	1.040E+00	3.955E-04	1.040E+00	1.039E+00	1.040E+00	1.039E+00	1.040E+00	1.040E+00
1.300E-01	1.039E+00	3.887E-04	1.039E+00	1.039E+00	1.039E+00	1.039E+00	1.039E+00	1.039E+00
1.400E-01	1.038E+00	3.819E-04	1.038E+00	1.038E+00	1.038E+00	1.038E+00	1.038E+00	1.038E+00
1.500E-01	1.037E+00	3.750E-04	1.037E+00	1.037E+00	1.037E+00	1.037E+00	1.037E+00	1.037E+00
1.600E-01	1.036E+00	3.681E-04	1.037E+00	1.036E+00	1.037E+00	1.036E+00	1.036E+00	1.036E+00
1.700E-01	1.035E+00	3.612E-04	1.036E+00	1.035E+00	1.036E+00	1.035E+00	1.035E+00	1.035E+00
1.800E-01	1.034E+00	3.543E-04	1.035E+00	1.034E+00	1.035E+00	1.034E+00	1.034E+00	1.034E+00
1.900E-01	1.033E+00	3.475E-04	1.034E+00	1.033E+00	1.034E+00	1.033E+00	1.033E+00	1.033E+00
2.000E-01	1.032E+00	3.408E-04	1.033E+00	1.032E+00	1.033E+00	1.032E+00	1.032E+00	1.032E+00
2.100E-01	1.031E+00	3.342E-04	1.031E+00	1.031E+00	1.031E+00	1.031E+00	1.031E+00	1.031E+00
2.200E-01	1.030E+00	3.278E-04	1.030E+00	1.030E+00	1.030E+00	1.030E+00	1.030E+00	1.030E+00
2.300E-01	1.029E+00	3.215E-04	1.029E+00	1.029E+00	1.029E+00	1.029E+00	1.029E+00	1.029E+00
2.400E-01	1.028E+00	3.153E-04	1.028E+00	1.028E+00	1.028E+00	1.027E+00	1.028E+00	1.028E+00
2.500E-01	1.026E+00	3.094E-04	1.027E+00	1.026E+00	1.027E+00	1.026E+00	1.026E+00	1.026E+00
2.600E-01	1.025E+00	3.037E-04	1.025E+00	1.025E+00	1.025E+00	1.025E+00	1.025E+00	1.025E+00
2.700E-01	1.024E+00	2.983E-04	1.024E+00	1.024E+00	1.024E+00	1.023E+00	1.024E+00	1.024E+00
2.800E-01	1.022E+00	2.931E-04	1.023E+00	1.022E+00	1.023E+00	1.022E+00	1.022E+00	1.022E+00
2.900E-01	1.021E+00	2.882E-04	1.021E+00	1.021E+00	1.021E+00	1.021E+00	1.021E+00	1.021E+00
3.000E-01	1.020E+00	2.836E-04	1.020E+00	1.019E+00	1.020E+00	1.019E+00	1.020E+00	1.020E+00
3.100E-01	1.018E+00	2.793E-04	1.018E+00	1.018E+00	1.018E+00	1.018E+00	1.018E+00	1.018E+00
3.200E-01	1.017E+00	2.753E-04	1.017E+00	1.016E+00	1.017E+00	1.016E+00	1.017E+00	1.017E+00
3.300E-01	1.015E+00	2.717E-04	1.015E+00	1.015E+00	1.015E+00	1.015E+00	1.015E+00	1.015E+00
3.400E-01	1.013E+00	2.684E-04	1.013E+00	1.013E+00	1.014E+00	1.013E+00	1.013E+00	1.013E+00
3.500E-01	1.012E+00	2.655E-04	1.012E+00	1.012E+00	1.012E+00	1.011E+00	1.012E+00	1.012E+00
3.600E-01	1.010E+00	2.629E-04	1.010E+00	1.010E+00	1.010E+00	1.010E+00	1.010E+00	1.010E+00
3.700E-01	1.008E+00	2.608E-04	1.008E+00	1.008E+00	1.009E+00	1.008E+00	1.008E+00	1.008E+00
3.800E-01	1.007E+00	2.590E-04	1.007E+00	1.007E+00	1.007E+00	1.006E+00	1.007E+00	1.007E+00
3.900E-01	1.005E+00	2.576E-04	1.005E+00	1.005E+00	1.005E+00	1.005E+00	1.005E+00	1.005E+00
4.000E-01	1.003E+00	2.566E-04	1.003E+00	1.003E+00	1.003E+00	1.003E+00	1.003E+00	1.003E+00
4.100E-01	1.001E+00	2.559E-04	1.001E+00	1.001E+00	1.002E+00	1.001E+00	1.001E+00	1.001E+00
4.200E-01	9.994E-01	2.556E-04	9.994E-01	9.994E-01	9.997E-01	9.992E-01	9.994E-01	9.994E-01
4.300E-01	9.975E-01	2.557E-04	9.975E-01	9.976E-01	9.978E-01	9.973E-01	9.975E-01	9.975E-01
4.400E-01	9.956E-01	2.561E-04	9.956E-01	9.957E-01	9.959E-01	9.954E-01	9.956E-01	9.956E-01
4.500E-01	9.937E-01	2.568E-04	9.936E-01	9.937E-01	9.939E-01	9.934E-01	9.937E-01	9.937E-01
4.600E-01	9.917E-01	2.579E-04	9.916E-01	9.918E-01	9.919E-01	9.914E-01	9.917E-01	9.917E-01
4.700E-01	9.897E-01	2.592E-04	9.896E-01	9.898E-01	9.899E-01	9.894E-01	9.897E-01	9.897E-01
4.800E-01	9.876E-01	2.609E-04	9.876E-01	9.877E-01	9.879E-01	9.874E-01	9.876E-01	9.877E-01
4.900E-01	9.856E-01	2.628E-04	9.855E-01	9.857E-01	9.858E-01	9.853E-01	9.856E-01	9.856E-01
5.000E-01	9.835E-01	2.649E-04	9.834E-01	9.836E-01	9.837E-01	9.832E-01	9.835E-01	9.835E-01
5.100E-01	9.814E-01	2.672E-04	9.812E-01	9.815E-01	9.816E-01	9.811E-01	9.813E-01	9.814E-01
5.200E-01	9.792E-01	2.698E-04	9.791E-01	9.793E-01	9.794E-01	9.790E-01	9.792E-01	9.792E-01
5.300E-01	9.770E-01	2.726E-04	9.769E-01	9.771E-01	9.773E-01	9.768E-01	9.770E-01	9.770E-01
5.400E-01	9.748E-01	2.755E-04	9.747E-01	9.749E-01	9.751E-01	9.746E-01	9.748E-01	9.748E-01
5.500E-01	9.726E-01	2.785E-04	9.724E-01	9.727E-01	9.728E-01	9.723E-01	9.726E-01	9.726E-01
5.600E-01	9.703E-01	2.817E-04	9.702E-01	9.705E-01	9.706E-01	9.701E-01	9.703E-01	9.703E-01
5.700E-01	9.680E-01	2.850E-04	9.679E-01	9.682E-01	9.683E-01	9.678E-01	9.680E-01	9.680E-01
5.800E-01	9.657E-01	2.884E-04	9.655E-01	9.659E-01	9.659E-01	9.655E-01	9.657E-01	9.657E-01
5.900E-01	9.634E-01	2.919E-04	9.632E-01	9.636E-01	9.636E-01	9.631E-01	9.634E-01	9.634E-01
6.000E-01	9.610E-01	2.954E-04	9.608E-01	9.612E-01	9.612E-01	9.608E-01	9.610E-01	9.610E-01
6.100E-01	9.586E-01	2.989E-04	9.584E-01	9.588E-01	9.588E-01	9.584E-01	9.586E-01	9.586E-01
6.200E-01	9.562E-01	3.026E-04	9.560E-01	9.564E-01	9.564E-01	9.560E-01	9.562E-01	9.562E-01
6.300E-01	9.538E-01	3.062E-04	9.536E-01	9.540E-01	9.540E-01	9.535E-01	9.537E-01	9.538E-01
6.400E-01	9.513E-01	3.098E-04	9.511E-01	9.515E-01	9.515E-01	9.511E-01	9.513E-01	9.513E-01
6.500E-01	9.488E-01	3.134E-04	9.486E-01	9.490E-01	9.490E-01	9.486E-01	9.488E-01	9.488E-01
6.600E-01	9.463E-01	3.170E-04	9.461E-01	9.465E-01	9.465E-01	9.461E-01	9.463E-01	9.463E-01
6.700E-01	9.438E-01	3.206E-04	9.435E-01	9.440E-01	9.440E-01	9.436E-01	9.438E-01	9.438E-01
6.800E-01	9.412E-01	3.241E-04	9.410E-01	9.415E-01	9.414E-01	9.410E-01	9.412E-01	9.412E-01
6.900E-01	9.386E-01	3.276E-04	9.384E-01	9.389E-01	9.389E-01	9.384E-01	9.386E-01	9.387E-01
7.000E-01	9.360E-01	3.311E-04	9.358E-01	9.363E-01	9.363E-01	9.358E-01	9.360E-01	9.361E-01
7.100E-01	9.334E-01	3.345E-04	9.332E-01	9.337E-01	9.336E-01	9.332E-01	9.334E-01	9.334E-01
7.200E-01	9.308E-01	3.378E-04	9.305E-01	9.310E-01	9.310E-01	9.306E-01	9.308E-01	9.308E-01
7.300E-01	9.281E-01	3.410E-04	9.278E-01	9.284E-01	9.283E-01	9.279E-01	9.281E-01	9.281E-01
7.400E-01	9.254E-01	3.441E-04	9.251E-01	9.257E-01	9.256E-01	9.252E-01	9.254E-01	9.254E-01
7.500E-01	9.227E-01	3.472E-04	9.224E-01	9.230E-01	9.229E-01	9.225E-01	9.227E-01	9.227E-01
7.600E-01	9.200E-01	3.502E-04	9.197E-01	9.203E-01	9.202E-01	9.198E-01	9.200E-01	9.200E-01
7.700E-01	9.172E-01	3.530E-04	9.170E-01	9.175E-01	9.174E-01	9.170E-01	9.172E-01	9.173E-01
7.800E-01	9.145E-01	3.558E-04	9.142E-01	9.148E-01	9.147E-01	9.143E-01	9.145E-01	9.145E-01
7.900E-01	9.117E-01	3.584E-04	9.114E-01	9.120E-01	9.119E-01	9.115E-01	9.117E-01	9.117E-01
8.000E-01	9.089E-01	3.610E-04	9.086E-01	9.092E-01	9.091E-01	9.087E-01	9.089E-01	9.089E-01
8.100E-01	9.061E-01	3.634E-04	9.058E-01	9.064E-01	9.063E-01	9.059E-01	9.060E-01	9.061E-01
8.200E-01	9.032E-01	3.657E-04	9.029E-01	9.035E-01	9.034E-01	9.030E-01	9.032E-01	9.033E-01
8.300E-01	9.004E-01	3.678E-04	9.001E-01	9.007E-01	9.006E-01	9.002E-01	9.003E-01	9.004E-01
8.400E-01	8.975E-01	3.699E-04	8.972E-01	8.978E-01	8.977E-01	8.973E-01	8.975E-01	8.975E-01
8.500E-01	8.946E-01	3.718E-04	8.943E-01	8.949E-01	8.948E-01	8.944E-01	8.946E-01	8.946E-01
8.600E-01	8.917E-01	3.736E-04	8.914E-01	8.920E-01	8.919E-01	8.915E-01	8.917E-01	8.917E-01
8.700E-01	8.888E-01	3.752E-04	8.884E-01	8.891E-01	8.889E-01	8.886E-01	8.887E-01	8.888E-01
8.800E-01	8.858E-01	3.767E-04	8.855E-01	8.861E-01	8.860E-01	8.856E-01	8.858E-01	8.858E-01
8.900E-01	8.828E-01	3.781E-04	8.825E-01	8.832E-01	8.830E-01	8.827E-01	8.828E-01	8.829E-01
9.000E-01	8.799E-01	3.793E-04	8.795E-01	8.802E-01	8.800E-01	8.797E-01	8.798E-01	8.799E-01
9.100E-01	8.769E-01	3.804E-04	8.765E-01	8.772E-01	8.770E-01	8.767E-01	8.768E-01	8.769E-01
9.200E-01	8.739E-01	3.813E-04	8.735E-01	8.742E-01	8.740E-01	8.737E-01	8.738E-01	8.739E-01
9.300E-01	8.708E-01	3.821E-04	8.705E-01	8.712E-01	8.710E-01	8.707E-01	8.708E-01	8.709E-01
9.400E-01	8.678E-01	3.828E-04	8.675E-01	8.681E-01	8.680E-01	8.676E-01	8.678E-01	8.678E-01
9.500E-01	8.647E-01	3.833E-04	8.644E-01	8.651E-01	8.649E-01	8.646E-01	8.647E-01	8.648E-01
9.600E-01	8.617E-01	3.836E-04	8.613E-01	8.620E-01	8.618E-01	8.615E-01	8.616E-01	8.617E-01
9.700E-01	8.586E-01	3.838E-04	8.582E-01	8.589E-01	8.588E-01	8.584E-01	8.586E-01	8.586E-01
9.800E-01	8.555E-01	3.839E-04	8.551E-01	8.558E-01	8.557E-01	8.553E-01	8.555E-01	8.555E-01
9.900E-01	8.524E-01	3.838E-04	8.520E-01	8.527E-01	8.525E-01	8.522E-01	8.524E-01	8.524E-01
1.000E+00	8.493E-01	3.835E-04	8.489E-01	8.496E-01	8.494E-01	8.491E-01	8.492E-01	8.493E-01
1.010E+00	8.461E-01	3.831E-04	8.458E-01	8.465E-01	8.463E-01	8.460E-01	8.461E-01	8.462E-01
1.020E+00	8.430E-01	3.826E-04	8.426E-01	8.433E-01	8.431E-01	8.428E-01	8.429E-01	8.430E-01
1.030E+00	8.398E-01	3.819E-04	8.395E-01	8.402E-01	8.400E-01	8.397E-01	8.398E-01	8.399E-01
1.040E+00	8.366E-01	3.810E-04	8.363E-01	8.370E-01	8.368E-01	8.365E-01	8.366E-01	8.367E-01
1.050E+00	8.335E-01	3.800E-04	8.331E-01	8.338E-01	8.336E-01	8.333E-01	8.334E-01	8.335E-01
1.060E+00	8.303E-01	3.789E-04	8.299E-01	8.306E-01	8.304E-01	8.301E-01	8.302E-01	8.303E-01
1.070E+00	8.271E-01	3.776E-04	8.267E-01	8.274E-01	8.272E-01	8.269E-01	8.270E-01	8.271E-01
1.080E+00	8.238E-01	3.762E-04	8.235E-01	8.242E-01	8.240E-01	8.237E-01	8.238E-01	8.239E-01
1.090E+00	8.206E-01	3.746E-04	8.203E-01	8.210E-01	8.208E-01	8.205E-01	8.206E-01	8.206E-01
1.100E+00	8.174E-01	3.728E-04	8.170E-01	8.177E-01	8.175E-01	8.172E-01	8.173E-01	8.174E-01
1.110E+00	8.141E-01	3.709E-04	8.138E-01	8.145E-01	8.143E-01	8.140E-01	8.141E-01	8.142E-01
1.120E+00	8.109E-01	3.689E-04	8.105E-01	8.112E-01	8.110E-01	8.107E-01	8.108E-01	8.109E-01
1.130E+00	8.076E-01	3.667E-04	8.073E-01	8.079E-01	8.077E-01	8.075E-01	8.076E-01	8.076E-01
1.140E+00	8.043E-01	3.644E-04	8.040E-01	8.047E-01	8.045E-01	8.042E-01	8.043E-01	8.044E-01
1.150E+00	8.010E-01	3.619E-04	8.007E-01	8.014E-01	8.012E-01	8.009E-01	8.010E-01	8.011E-01
1.160E+00	7.977E-01	3.593E-04	7.974E-01	7.981E-01	7.979E-01	7.976E-01	7.977E-01	7.978E-01
1.170E+00	7.944E-01	3.566E-04	7.941E-01	7.948E-01	7.946E-01	7.943E-01	7.944E-01	7.945E-01
1.180E+00	7.911E-01	3.537E-04	7.908E-01	7.914E-01	7.912E-01	7.910E-01	7.911E-01	7.912E-01
1.190E+00	7.878E-01	3.506E-04	7.875E-01	7.881E-01	7.879E-01	7.877E-01	7.878E-01	7.878E-01
1.200E+00	7.845E-01	3.474E-04	7.841E-01	7.848E-01	7.846E-01	7.844E-01	7.844E-01	7.845E-01
1.210E+00	7.811E-01	3.441E-04	7.808E-01	7.815E-01	7.813E-01	7.810E-01	7.811E-01	7.812E-01
1.220E+00	7.778E-01	3.407E-04	7.775E-01	7.781E-01	7.779E-01	7.777E-01	7.777E-01	7.778E-01
1.230E+00	7.744E-01	3.371E-04	7.741E-01	7.748E-01	7.746E-01	7.743E-01	7.744E-01	7.745E-01
1.240E+00	7.711E-01	3.334E-04	7.708E-01	7.714E-01	7.712E-01	7.710E-01	7.710E-01	7.711E-01
1.250E+00	7.677E-01	3.295E-04	7.674E-01	7.680E-01	7.678E-01	7.676E-01	7.677E-01	7.678E-01
1.260E+00	7.644E-01	3.256E-04	7.640E-01	7.647E-01	7.645E-01	7.642E-01	7.643E-01	7.644E-01
1.270E+00	7.610E-01	3.214E-04	7.607E-01	7.613E-01	7.611E-01	7.609E-01	7.609E-01	7.610E-01
1.280E+00	7.576E-01	3.172E-04	7.573E-01	7.579E-01	7.577E-01	7.575E-01	7.576E-01	7.576E-01
1.290E+00	7.542E-01	3.129E-04	7.539E-01	7.545E-01	7.543E-01	7.541E-01	7.542E-01	7.543E-01
1.300E+00	7.508E-01	3.084E-04	7.505E-01	7.511E-01	7.509E-01	7.507E-01	7.508E-01	7.509E-01
1.310E+00	7.474E-01	3.038E-04	7.471E-01	7.477E-01	7.475E-01	7.473E-01	7.474E-01	7.475E-01
1.320E+00	7.440E-01	2.990E-04	7.437E-01	7.443E-01	7.441E-01	7.439E-01	7.440E-01	7.441E-01
1.330E+00	7.406E-01	2.942E-04	7.403E-01	7.409E-01	7.407E-01	7.405E-01	7.406E-01	7.407E-01
1.340E+00	7.372E-01	2.892E-04	7.369E-01	7.375E-01	7.373E-01	7.371E-01	7.372E-01	7.372E-01
1.350E+00	7.338E-01	2.842E-04	7.335E-01	7.341E-01	7.339E-01	7.337E-01	7.337E-01	7.338E-01
1.360E+00	7.304E-01	2.790E-04	7.301E-01	7.306E-01	7.305E-01	7.303E-01	7.303E-01	7.304E-01
1.370E+00	7.269E-01	2.737E-04	7.267E-01	7.272E-01	7.270E-01	7.269E-01	7.269E-01	7.270E-01
1.380E+00	7.235E-01	2.683E-04	7.233E-01	7.238E-01	7.236E-01	7.234E-01	7.235E-01	7.236E-01
1.390E+00	7.201E-01	2.628E-04	7.198E-01	7.203E-01	7.202E-01	7.200E-01	7.200E-01	7.201E-01
1.400E+00	7.167E-01	2.571E-04	7.164E-01	7.169E-01	7.167E-01	7.166E-01	7.166E-01	7.167E-01
1.410E+00	7.132E-01	2.514E-04	7.130E-01	7.135E-01	7.133E-01	7.131E-01	7.132E-01	7.133E-01
1.420E+00	7.098E-01	2.456E-04	7.096E-01	7.100E-01	7.099E-01	7.097E-01	7.097E-01	7.098E-01
1.430E+00	7.063E-01	2.397E-04	7.061E-01	7.066E-01	7.064E-01	7.063E-01	7.063E-01	7.064E-01
1.440E+00	7.029E-01	2.337E-04	7.027E-01	7.031E-01	7.030E-01	7.028E-01	7.029E-01	7.030E-01
1.450E+00	6.995E-01	2.276E-04	6.993E-01	6.997E-01	6.995E-01	6.994E-01	6.994E-01	6.995E-01
1.460E+00	6.960E-01	2.215E-04	6.958E-01	6.962E-01	6.961E-01	6.959E-01	6.960E-01	6.961E-01
1.470E+00	6.926E-01	2.152E-04	6.924E-01	6.928E-01	6.926E-01	6.925E-01	6.925E-01	6.926E-01
1.480E+00	6.891E-01	2.089E-04	6.889E-01	6.893E-01	6.892E-01	6.891E-01	6.891E-01	6.892E-01
1.490E+00	6.857E-01	2.025E-04	6.855E-01	6.859E-01	6.857E-01	6.856E-01	6.856E-01	6.857E-01
1.500E+00	6.822E-01	1.960E-04	6.821E-01	6.824E-01	6.823E-01	6.822E-01	6.822E-01	6.823E-01
1.510E+00	6.788E-01	1.895E-04	6.786E-01	6.790E-01	6.788E-01	6.787E-01	6.787E-01	6.788E-01
1.520E+00	6.753E-01	1.829E-04	6.752E-01	6.755E-01	6.754E-01	6.753E-01	6.753E-01	6.754E-01
1.530E+00	6.719E-01	1.762E-04	6.717E-01	6.720E-01	6.719E-01	6.718E-01	6.718E-01	6.719E-01
1.540E+00	6.684E-01	1.695E-04	6.683E-01	6.686E-01	6.685E-01	6.684E-01	6.684E-01	6.685E-01
1.550E+00	6.650E-01	1.628E-04	6.648E-01	6.651E-01	6.650E-01	6.649E-01	6.649E-01	6.650E-01
1.560E+00	6.615E-01	1.560E-04	6.614E-01	6.617E-01	6.616E-01	6.615E-01	6.615E-01	6.616E-01
1.570E+00	6.581E-01	1.492E-04	6.580E-01	6.582E-01	6.581E-01	6.580E-01	6.580E-01	6.581E-01
1.580E+00	6.546E-01	1.424E-04	6.545E-01	6.548E-01	6.547E-01	6.546E-01	6.546E-01	6.547E-01
1.590E+00	6.512E-01	1.356E-04	6.511E-01	6.513E-01	6.512E-01	6.511E-01	6.511E-01	6.512E-01
1.600E+00	6.478E-01	1.288E-04	6.476E-01	6.479E-01	6.478E-01	6.477E-01	6.477E-01	6.478E-01
1.610E+00	6.443E-01	1.221E-04	6.442E-01	6.444E-01	6.444E-01	6.443E-01	6.443E-01	6.444E-01
1.620E+00	6.409E-01	1.154E-04	6.408E-01	6.410E-01	6.409E-01	6.408E-01	6.408E-01	6.409E-01
1.630E+00	6.374E-01	1.088E-04	6.373E-01	6.375E-01	6.375E-01	6.374E-01	6.374E-01	6.375E-01
1.640E+00	6.340E-01	1.023E-04	6.339E-01	6.341E-01	6.340E-01	6.340E-01	6.339E-01	6.340E-01
1.650E+00	6.306E-01	9.601E-05	6.305E-01	6.306E-01	6.306E-01	6.305E-01	6.305E-01	6.306E-01
1.660E+00	6.271E-01	8.992E-05	6.271E-01	6.272E-01	6.272E-01	6.271E-01	6.271E-01	6.272E-01
1.670E+00	6.237E-01	8.413E-05	6.236E-01	6.237E-01	6.237E-01	6.237E-01	6.236E-01	6.237E-01
1.680E+00	6.203E-01	7.870E-05	6.202E-01	6.203E-01	6.203E-01	6.202E-01	6.202E-01	6.203E-01
1.690E+00	6.168E-01	7.375E-05	6.168E-01	6.169E-01	6.169E-01	6.168E-01	6.168E-01	6.169E-01
1.700E+00	6.134E-01	6.940E-05	6.134E-01	6.135E-01	6.134E-01	6.134E-01	6.134E-01	6.135E-01
1.710E+00	6.100E-01	6.579E-05	6.100E-01	6.100E-01	6.100E-01	6.100E-01	6.099E-01	6.101E-01
1.720E+00	6.066E-01	6.307E-05	6.066E-01	6.066E-01	6.066E-01	6.066E-01	6.065E-01	6.066E-01
1.730E+00	6.032E-01	6.138E-05	6.032E-01	6.032E-01	6.032E-01	6.032E-01	6.031E-01	6.032E-01
1.740E+00	5.998E-01	6.083E-05	5.998E-01	5.998E-01	5.998E-01	5.998E-01	5.997E-01	5.998E-01
1.750E+00	5.964E-01	6.146E-05	5.964E-01	5.964E-01	5.964E-01	5.964E-01	5.963E-01	5.964E-01
1.760E+00	5.930E-01	6.326E-05	5.930E-01	5.930E-01	5.930E-01	5.930E-01	5.929E-01	5.930E-01
1.770E+00	5.896E-01	6.614E-05	5.896E-01	5.896E-01	5.896E-01	5.896E-01	5.895E-01	5.896E-01
1.780E+00	5.862E-01	7.000E-05	5.862E-01	5.862E-01	5.862E-01	5.862E-01	5.861E-01	5.863E-01
1.790E+00	5.828E-01	7.469E-05	5.829E-01	5.828E-01	5.828E-01	5.828E-01	5.828E-01	5.829E-01
1.800E+00	5.794E-01	8.008E-05	5.795E-01	5.794E-01	5.794E-01	5.794E-01	5.794E-01	5.795E-01
1.810E+00	5.761E-01	8.605E-05	5.761E-01	5.760E-01	5.761E-01	5.760E-01	5.760E-01	5.761E-01
1.820E+00	5.727E-01	9.249E-05	5.728E-01	5.726E-01	5.727E-01	5.727E-01	5.726E-01	5.727E-01
1.830E+00	5.693E-01	9.931E-05	5.694E-01	5.692E-01	5.693E-01	5.693E-01	5.693E-01	5.694E-01
1.840E+00	5.660E-01	1.065E-04	5.661E-01	5.659E-01	5.660E-01	5.660E-01	5.659E-01	5.660E-01
1.850E+00	5.626E-01	1.139E-04	5.627E-01	5.625E-01	5.626E-01	5.626E-01	5.626E-01	5.627E-01
1.860E+00	5.593E-01	1.215E-04	5.594E-01	5.592E-01	5.593E-01	5.593E-01	5.592E-01	5.593E-01
1.870E+00	5.559E-01	1.293E-04	5.560E-01	5.558E-01	5.559E-01	5.559E-01	5.559E-01	5.560E-01
1.880E+00	5.526E-01	1.373E-04	5.527E-01	5.525E-01	5.526E-01	5.526E-01	5.525E-01	5.526E-01
1.890E+00	5.493E-01	1.454E-04	5.494E-01	5.491E-01	5.493E-01	5.493E-01	5.492E-01	5.493E-01
1.900E+00	5.459E-01	1.536E-04	5.461E-01	5.458E-01	5.459E-01	5.459E-01	5.459E-01	5.460E-01
1.910E+00	5.426E-01	1.619E-04	5.428E-01	5.425E-01	5.426E-01	5.426E-01	5.426E-01	5.427E-01
1.920E+00	5.393E-01	1.703E-04	5.395E-01	5.392E-01	5.393E-01	5.393E-01	5.393E-01	5.394E-01
1.930E+00	5.360E-01	1.788E-04	5.362E-01	5.358E-01	5.360E-01	5.360E-01	5.360E-01	5.361E-01
1.940E+00	5.327E-01	1.874E-04	5.329E-01	5.325E-01	5.327E-01	5.327E-01	5.327E-01	5.328E-01
1.950E+00	5.294E-01	1.960E-04	5.296E-01	5.292E-01	5.294E-01	5.294E-01	5.294E-01	5.295E-01
1.960E+00	5.262E-01	2.046E-04	5.263E-01	5.260E-01	5.261E-01	5.262E-01	5.261E-01	5.262E-01
1.970E+00	5.229E-01	2.133E-04	5.231E-01	5.227E-01	5.229E-01	5.229E-01	5.228E-01	5.229E-01
1.980E+00	5.196E-01	2.220E-04	5.198E-01	5.194E-01	5.196E-01	5.196E-01	5.196E-01	5.197E-01
1.990E+00	5.164E-01	2.307E-04	5.166E-01	5.161E-01	5.163E-01	5.164E-01	5.163E-01	5.164E-01
2.000E+00	5.131E-01	2.395E-04	5.133E-01	5.129E-01	5.131E-01	5.131E-01	5.130E-01	5.132E-01
2.010E+00	5.099E-01	2.483E-04	5.101E-01	5.096E-01	5.098E-01	5.099E-01	5.098E-01	5.099E-01
2.020E+00	5.066E-01	2.571E-04	5.069E-01	5.064E-01	5.066E-01	5.066E-01	5.066E-01	5.067E-01
2.030E+00	5.034E-01	2.659E-04	5.037E-01	5.031E-01	5.034E-01	5.034E-01	5.033E-01	5.035E-01
2.040E+00	5.002E-01	2.748E-04	5.005E-01	4.999E-01	5.002E-01	5.002E-01	5.001E-01	5.002E-01
2.050E+00	4.970E-01	2.836E-04	4.973E-01	4.967E-01	4.969E-01	4.970E-01	4.969E-01	4.970E-01
2.060E+00	4.938E-01	2.925E-04	4.941E-01	4.935E-01	4.937E-01	4.938E-01	4.937E-01	4.938E-01
2.070E+00	4.906E-01	3.013E-04	4.909E-01	4.903E-01	4.906E-01	4.906E-01	4.905E-01	4.906E-01
2.080E+00	4.874E-01	3.102E-04	4.877E-01	4.871E-01	4.874E-01	4.874E-01	4.873E-01	4.875E-01
2.090E+00	4.842E-01	3.190E-04	4.845E-01	4.839E-01	4.842E-01	4.842E-01	4.842E-01	4.843E-01
2.100E+00	4.811E-01	3.278E-04	4.814E-01	4.807E-01	4.810E-01	4.811E-01	4.810E-01	4.811E-01
2.110E+00	4.779E-01	3.367E-04	4.782E-01	4.776E-01	4.779E-01	4.779E-01	4.778E-01	4.780E-01
2.120E+00	4.747E-01	3.455E-04	4.751E-01	4.744E-01	4.747E-01	4.748E-01	4.747E-01	4.748E-01
2.130E+00	4.716E-01	3.543E-04	4.720E-01	4.713E-01	4.716E-01	4.716E-01	4.715E-01	4.717E-01
2.140E+00	4.685E-01	3.631E-04	4.688E-01	4.681E-01	4.684E-01	4.685E-01	4.684E-01	4.685E-01
2.150E+00	4.654E-01	3.718E-04	4.657E-01	4.650E-01	4.653E-01	4.654E-01	4.653E-01	4.654E-01
2.160E+00	4.622E-01	3.806E-04	4.626E-01	4.619E-01	4.622E-01	4.623E-01	4.622E-01	4.623E-01
2.170E+00	4.591E-01	3.893E-04	4.595E-01	4.588E-01	4.591E-01	4.592E-01	4.591E-01	4.592E-01
2.180E+00	4.561E-01	3.980E-04	4.565E-01	4.557E-01	4.560E-01	4.561E-01	4.560E-01	4.561E-01
2.190E+00	4.530E-01	4.067E-04	4.534E-01	4.526E-01	4.529E-01	4.530E-01	4.529E-01	4.530E-01
2.200E+00	4.499E-01	4.154E-04	4.503E-01	4.495E-01	4.499E-01	4.499E-01	4.498E-01	4.500E-01
2.210E+00	4.468E-01	4.240E-04	4.473E-01	4.464E-01	4.468E-01	4.469E-01	4.468E-01	4.469E-01
2.220E+00	4.438E-01	4.326E-04	4.442E-01	4.434E-01	4.437E-01	4.438E-01	4.437E-01	4.439E-01
2.230E+00	4.408E-01	4.411E-04	4.412E-01	4.403E-01	4.407E-01	4.408E-01	4.407E-01	4.408E-01
2.240E+00	4.377E-01	4.497E-04	4.382E-01	4.373E-01	4.377E-01	4.378E-01	4.377E-01	4.378E-01
2.250E+00	4.347E-01	4.582E-04	4.352E-01	4.343E-01	4.347E-01	4.347E-01	4.346E-01	4.348E-01
2.260E+00	4.317E-01	4.667E-04	4.322E-01	4.312E-01	4.316E-01	4.317E-01	4.316E-01	4.318E-01
2.270E+00	4.287E-01	4.751E-04	4.292E-01	4.282E-01	4.286E-01	4.287E-01	4.286E-01	4.288E-01
2.280E+00	4.257E-01	4.835E-04	4.262E-01	4.252E-01	4.257E-01	4.258E-01	4.256E-01	4.258E-01
2.290E+00	4.227E-01	4.918E-04	4.232E-01	4.222E-01	4.227E-01	4.228E-01	4.227E-01	4.228E-01
2.300E+00	4.198E-01	5.001E-04	4.203E-01	4.193E-01	4.197E-01	4.198E-01	4.197E-01	4.198E-01
2.310E+00	4.168E-01	5.084E-04	4.173E-01	4.163E-01	4.167E-01	4.169E-01	4.167E-01	4.169E-01
2.320E+00	4.139E-01	5.166E-04	4.144E-01	4.134E-01	4.138E-01	4.139E-01	4.138E-01	4.139E-01
2.330E+00	4.109E-01	5.248E-04	4.114E-01	4.104E-01	4.109E-01	4.110E-01	4.109E-01	4.110E-01
2.340E+00	4.080E-01	5.329E-04	4.085E-01	4.075E-01	4.079E-01	4.081E-01	4.079E-01	4.081E-01
2.350E+00	4.051E-01	5.410E-04	4.056E-01	4.046E-01	4.050E-01	4.051E-01	4.050E-01	4.052E-01
2.360E+00	4.022E-01	5.491E-04	4.027E-01	4.016E-01	4.021E-01	4.022E-01	4.021E-01	4.023E-01
2.370E+00	3.993E-01	5.571E-04	3.999E-01	3.988E-01	3.992E-01	3.994E-01	3.992E-01	3.994E-01
2.380E+00	3.964E-01	5.650E-04	3.970E-01	3.959E-01	3.964E-01	3.965E-01	3.964E-01	3.965E-01
2.390E+00	3.936E-01	5.729E-04	3.941E-01	3.930E-01	3.935E-01	3.936E-01	3.935E-01	3.936E-01
2.400E+00	3.907E-01	5.807E-04	3.913E-01	3.901E-01	3.906E-01	3.908E-01	3.906E-01	3.908E-01
2.410E+00	3.879E-01	5.885E-04	3.884E-01	3.873E-01	3.878E-01	3.879E-01	3.878E-01	3.879E-01
2.420E+00	3.850E-01	5.962E-04	3.856E-01	3.844E-01	3.850E-01	3.851E-01	3.850E-01	3.851E-01
2.430E+00	3.822E-01	6.039E-04	3.828E-01	3.816E-01	3.821E-01	3.823E-01	3.821E-01	3.823E-01
2.440E+00	3.794E-01	6.115E-04	3.800E-01	3.788E-01	3.793E-01	3.795E-01	3.793E-01	3.795E-01
2.450E+00	3.766E-01	6.191E-04	3.772E-01	3.760E-01	3.765E-01	3.767E-01	3.765E-01	3.767E-01
2.460E+00	3.738E-01	6.265E-04	3.744E-01	3.732E-01	3.737E-01	3.739E-01	3.737E-01	3.739E-01
2.470E+00	3.710E-01	6.340E-04	3.717E-01	3.704E-01	3.710E-01	3.711E-01	3.710E-01	3.711E-01
2.480E+00	3.683E-01	6.414E-04	3.689E-01	3.676E-01	3.682E-01	3.683E-01	3.682E-01	3.683E-01
2.490E+00	3.655E-01	6.487E-04	3.662E-01	3.649E-01	3.655E-01	3.656E-01	3.655E-01	3.656E-01
2.500E+00	3.628E-01	6.559E-04	3.634E-01	3.621E-01	3.627E-01	3.629E-01	3.627E-01	3.628E-01
2.510E+00	3.601E-01	6.631E-04	3.607E-01	3.594E-01	3.600E-01	3.601E-01	3.600E-01	3.601E-01
2.520E+00	3.573E-01	6.702E-04	3.580E-01	3.567E-01	3.573E-01	3.574E-01	3.573E-01	3.574E-01
2.530E+00	3.546E-01	6.773E-04	3.553E-01	3.540E-01	3.546E-01	3.547E-01	3.546E-01	3.547E-01
2.540E+00	3.520E-01	6.843E-04	3.526E-01	3.513E-01	3.519E-01	3.520E-01	3.519E-01	3.520E-01
2.550E+00	3.493E-01	6.912E-04	3.500E-01	3.486E-01	3.492E-01	3.494E-01	3.492E-01	3.493E-01
2.560E+00	3.466E-01	6.980E-04	3.473E-01	3.459E-01	3.465E-01	3.467E-01	3.466E-01	3.467E-01
2.570E+00	3.440E-01	7.048E-04	3.447E-01	3.433E-01	3.439E-01	3.440E-01	3.439E-01	3.440E-01
2.580E+00	3.413E-01	7.115E-04	3.420E-01	3.406E-01	3.412E-01	3.414E-01	3.413E-01	3.414E-01
2.590E+00	3.387E-01	7.182E-04	3.394E-01	3.380E-01	3.386E-01	3.388E-01	3.386E-01	3.388E-01
2.600E+00	3.361E-01	7.248E-04	3.368E-01	3.354E-01	3.360E-01	3.362E-01	3.360E-01	3.361E-01
2.610E+00	3.335E-01	7.313E-04	3.342E-01	3.328E-01	3.334E-01	3.336E-01	3.334E-01	3.335E-01
2.620E+00	3.309E-01	7.377E-04	3.316E-01	3.302E-01	3.308E-01	3.310E-01	3.308E-01	3.309E-01
2.630E+00	3.283E-01	7.441E-04	3.290E-01	3.276E-01	3.282E-01	3.284E-01	3.282E-01	3.284E-01
2.640E+00	3.257E-01	7.504E-04	3.265E-01	3.250E-01	3.257E-01	3.258E-01	3.257E-01	3.258E-01
2.650E+00	3.232E-01	7.566E-04	3.239E-01	3.224E-01	3.231E-01	3.233E-01	3.231E-01	3.233E-01
2.660E+00	3.206E-01	7.627E-04	3.214E-01	3.199E-01	3.206E-01	3.207E-01	3.206E-01	3.207E-01
2.670E+00	3.181E-01	7.688E-04	3.189E-01	3.174E-01	3.180E-01	3.182E-01	3.181E-01	3.182E-01
2.680E+00	3.156E-01	7.748E-04	3.164E-01	3.148E-01	3.155E-01	3.157E-01	3.155E-01	3.157E-01
2.690E+00	3.131E-01	7.807E-04	3.139E-01	3.123E-01	3.130E-01	3.132E-01	3.130E-01	3.132E-01
2.700E+00	3.106E-01	7.866E-04	3.114E-01	3.098E-01	3.105E-01	3.107E-01	3.105E-01	3.107E-01
2.710E+00	3.081E-01	7.923E-04	3.089E-01	3.074E-01	3.081E-01	3.082E-01	3.081E-01	3.082E-01
2.720E+00	3.057E-01	7.980E-04	3.065E-01	3.049E-01	3.056E-01	3.058E-01	3.056E-01	3.057E-01
2.730E+00	3.032E-01	8.036E-04	3.040E-01	3.024E-01	3.031E-01	3.033E-01	3.032E-01	3.033E-01
2.740E+00	3.008E-01	8.092E-04	3.016E-01	3.000E-01	3.007E-01	3.009E-01	3.007E-01	3.008E-01
2.750E+00	2.984E-01	8.146E-04	2.992E-01	2.975E-01	2.983E-01	2.984E-01	2.983E-01	2.984E-01
2.760E+00	2.959E-01	8.200E-04	2.968E-01	2.951E-01	2.959E-01	2.960E-01	2.959E-01	2.960E-01
2.770E+00	2.935E-01	8.253E-04	2.944E-01	2.927E-01	2.935E-01	2.936E-01	2.935E-01	2.936E-01
2.780E+00	2.912E-01	8.305E-04	2.920E-01	2.903E-01	2.911E-01	2.912E-01	2.911E-01	2.912E-01
2.790E+00	2.888E-01	8.357E-04	2.896E-01	2.879E-01	2.887E-01	2.889E-01	2.887E-01	2.888E-01
2.800E+00	2.864E-01	8.408E-04	2.873E-01	2.856E-01	2.863E-01	2.865E-01	2.864E-01	2.865E-01
2.810E+00	2.841E-01	8.457E-04	2.849E-01	2.832E-01	2.840E-01	2.842E-01	2.840E-01	2.841E-01
2.820E+00	2.817E-01	8.506E-04	2.826E-01	2.809E-01	2.816E-01	2.818E-01	2.817E-01	2.818E-01
2.830E+00	2.794E-01	8.555E-04	2.803E-01	2.786E-01	2.793E-01	2.795E-01	2.793E-01	2.795E-01
2.840E+00	2.771E-01	8.602E-04	2.779E-01	2.762E-01	2.770E-01	2.772E-01	2.770E-01	2.772E-01
2.850E+00	2.748E-01	8.649E-04	2.757E-01	2.739E-01	2.747E-01	2.749E-01	2.747E-01	2.749E-01
2.860E+00	2.725E-01	8.695E-04	2.734E-01	2.716E-01	2.724E-01	2.726E-01	2.724E-01	2.726E-01
2.870E+00	2.702E-01	8.740E-04	2.711E-01	2.694E-01	2.701E-01	2.703E-01	2.702E-01	2.703E-01
2.880E+00	2.680E-01	8.784E-04	2.689E-01	2.671E-01	2.679E-01	2.681E-01	2.679E-01	2.680E-01
2.890E+00	2.657E-01	8.827E-04	2.666E-01	2.649E-01	2.656E-01	2.658E-01	2.657E-01	2.658E-01
2.900E+00	2.635E-01	8.870E-04	2.644E-01	2.626E-01	2.634E-01	2.636E-01	2.634E-01	2.636E-01
2.910E+00	2.613E-01	8.912E-04	2.622E-01	2.604E-01	2.612E-01	2.614E-01	2.612E-01	2.613E-01
2.920E+00	2.591E-01	8.953E-04	2.600E-01	2.582E-01	2.590E-01	2.592E-01	2.590E-01	2.591E-01
2.930E+00	2.569E-01	8.993E-04	2.578E-01	2.560E-01	2.568E-01	2.570E-01	2.568E-01	2.569E-01
2.940E+00	2.547E-01	9.032E-04	2.556E-01	2.538E-01	2.546E-01	2.548E-01	2.546E-01	2.547E-01
2.950E+00	2.525E-01	9.071E-04	2.534E-01	2.516E-01	2.524E-01	2.526E-01	2.525E-01	2.526E-01
2.960E+00	2.504E-01	9.108E-04	2.513E-01	2.495E-01	2.503E-01	2.505E-01	2.503E-01	2.504E-01
2.970E+00	2.482E-01	9.145E-04	2.491E-01	2.473E-01	2.481E-01	2.483E-01	2.482E-01	2.483E-01
2.980E+00	2.461E-01	9.181E-04	2.470E-01	2.452E-01	2.460E-01	2.462E-01	2.460E-01	2.461E-01
2.990E+00	2.440E-01	9.216E-04	2.449E-01	2.431E-01	2.439E-01	2.441E-01	2.439E-01	2.440E-01
3.000E+00	2.419E-01	9.251E-04	2.428E-01	2.409E-01	2.418E-01	2.420E-01	2.418E-01	2.419E-01
