1.000E-02	9.775E-01	5.213E-05	9.775E-01	9.774E-01	9.775E-01	9.774E-01	9.775E-01	9.775E-01
2.000E-02	9.773E-01	5.194E-05	9.774E-01	9.773E-01	9.774E-01	9.773E-01	9.773E-01	9.773E-01
3.000E-02	9.771E-01	5.168E-05	9.772E-01	9.771E-01	9.772E-01	9.771E-01	9.771E-01	9.771E-01
4.000E-02	9.769E-01	5.137E-05	9.769E-01	9.768E-01	9.769E-01	9.768E-01	9.769E-01	9.769E-01
5.000E-02	9.765E-01	5.103E-05	9.765E-01	9.765E-01	9.766E-01	9.765E-01	9.765E-01	9.765E-01
6.000E-02	9.761E-01	5.065E-05	9.762E-01	9.761E-01	9.762E-01	9.761E-01	9.761E-01	9.761E-01
7.000E-02	9.757E-01	5.025E-05	9.757E-01	9.756E-01	9.757E-01	9.756E-01	9.757E-01	9.757E-01
8.000E-02	9.752E-01	4.983E-05	9.752E-01	9.751E-01	9.752E-01	9.751E-01	9.752E-01	9.752E-01
9.000E-02	9.746E-01	4.939E-05	9.746E-01	9.746E-01	9.746E-01	9.746E-01	9.746E-01	9.746E-01
1.000E-01	9.740E-01	4.894E-05	9.740E-01	9.740E-01	9.740E-01	9.739E-01	9.740E-01	9.740E-01
1.100E-01	9.733E-01	4.848E-05	9.734E-01	9.733E-01	9.734E-01	9.733E-01	9.733E-01	9.733E-01
1.200E-01	9.726E-01	4.801E-05	9.726E-01	9.726E-01	9.727E-01	9.726E-01	9.726E-01	9.726E-01
1.300E-01	9.719E-01	4.754E-05	9.719E-01	9.718E-01	9.719E-01	9.718E-01	9.719E-01	9.718E-01
1.400E-01	9.710E-01	4.708E-05	9.711E-01	9.710E-01	9.711E-01	9.710E-01	9.710E-01	9.710E-01
1.500E-01	9.702E-01	4.661E-05	9.702E-01	9.702E-01	9.702E-01	9.701E-01	9.702E-01	9.702E-01
1.600E-01	9.693E-01	4.615E-05	9.693E-01	9.693E-01	9.693E-01	9.692E-01	9.693E-01	9.693E-01
1.700E-01	9.683E-01	4.570E-05	9.683E-01	9.683E-01	9.684E-01	9.683E-01	9.683E-01	9.683E-01
1.800E-01	9.673E-01	4.525E-05	9.673E-01	9.673E-01	9.674E-01	9.673E-01	9.673E-01	9.673E-01
1.900E-01	9.663E-01	4.482E-05	9.663E-01	9.663E-01	9.663E-01	9.662E-01	9.663E-01	9.663E-01
2.000E-01	9.652E-01	4.440E-05	9.652E-01	9.652E-01	9.652E-01	9.651E-01	9.652E-01	9.652E-01
2.100E-01	9.641E-01	4.399E-05	9.641E-01	9.640E-01	9.641E-01	9.640E-01	9.641E-01	9.641E-01
2.200E-01	9.629E-01	4.360E-05	9.629E-01	9.629E-01	9.629E-01	9.628E-01	9.629E-01	9.629E-01
2.300E-01	9.617E-01	4.322E-05	9.617E-01	9.617E-01	9.617E-01	9.616E-01	9.617E-01	9.617E-01
2.400E-01	9.604E-01	4.286E-05	9.604E-01	9.604E-01	9.604E-01	9.604E-01	9.604E-01	9.604E-01
2.500E-01	9.591E-01	4.253E-05	9.591E-01	9.591E-01	9.591E-01	9.591E-01	9.591E-01	9.591E-01
2.600E-01	9.578E-01	4.221E-05	9.578E-01	9.578E-01	9.578E-01	9.577E-01	9.578E-01	9.578E-01
2.700E-01	9.564E-01	4.191E-05	9.564E-01	9.564E-01	9.564E-01	9.563E-01	9.564E-01	9.564E-01
2.800E-01	9.550E-01	4.163E-05	9.550E-01	9.549E-01	9.550E-01	9.549E-01	9.550E-01	9.550E-01
2.900E-01	9.535E-01	4.138E-05	9.535E-01	9.535E-01	9.535E-01	9.535E-01	9.535E-01	9.535E-01
3.000E-01	9.520E-01	4.115E-05	9.520E-01	9.520E-01	9.520E-01	9.519E-01	9.520E-01	9.520E-01
3.100E-01	9.505E-01	4.094E-05	9.505E-01	9.504E-01	9.505E-01	9.504E-01	9.505E-01	9.504E-01
3.200E-01	9.489E-01	4.076E-05	9.489E-01	9.489E-01	9.489E-01	9.488E-01	9.489E-01	9.489E-01
3.300E-01	9.473E-01	4.059E-05	9.473E-01	9.473E-01	9.473E-01	9.472E-01	9.473E-01	9.473E-01
3.400E-01	9.456E-01	4.045E-05	9.456E-01	9.456E-01	9.456E-01	9.456E-01	9.456E-01	9.456E-01
3.500E-01	9.439E-01	4.034E-05	9.439E-01	9.439E-01	9.440E-01	9.439E-01	9.439E-01	9.439E-01
3.600E-01	9.422E-01	4.024E-05	9.422E-01	9.422E-01	9.422E-01	9.421E-01	9.422E-01	9.422E-01
3.700E-01	9.404E-01	4.017E-05	9.404E-01	9.404E-01	9.405E-01	9.404E-01	9.404E-01	9.404E-01
3.800E-01	9.386E-01	4.012E-05	9.386E-01	9.386E-01	9.387E-01	9.386E-01	9.386E-01	9.386E-01
3.900E-01	9.368E-01	4.009E-05	9.368E-01	9.368E-01	9.368E-01	9.368E-01	9.368E-01	9.368E-01
4.000E-01	9.349E-01	4.008E-05	9.349E-01	9.349E-01	9.350E-01	9.349E-01	9.349E-01	9.349E-01
4.100E-01	9.330E-01	4.009E-05	9.330E-01	9.330E-01	9.331E-01	9.330E-01	9.330E-01	9.330E-01
4.200E-01	9.311E-01	4.012E-05	9.311E-01	9.311E-01	9.311E-01	9.310E-01	9.311E-01	9.311E-01
4.300E-01	9.291E-01	4.016E-05	9.291E-01	9.291E-01	9.292E-01	9.291E-01	9.291E-01	9.291E-01
4.400E-01	9.271E-01	4.023E-05	9.271E-01	9.271E-01	9.272E-01	9.271E-01	9.271E-01	9.271E-01
4.500E-01	9.251E-01	4.031E-05	9.251E-01	9.251E-01	9.251E-01	9.250E-01	9.251E-01	9.251E-01
4.600E-01	9.230E-01	4.040E-05	9.230E-01	9.230E-01	9.231E-01	9.230E-01	9.230E-01	9.230E-01
4.700E-01	9.209E-01	4.050E-05	9.209E-01	9.209E-01	9.209E-01	9.209E-01	9.209E-01	9.209E-01
4.800E-01	9.188E-01	4.062E-05	9.188E-01	9.188E-01	9.188E-01	9.187E-01	9.188E-01	9.188E-01
4.900E-01	9.166E-01	4.075E-05	9.166E-01	9.166E-01	9.167E-01	9.166E-01	9.166E-01	9.166E-01
5.000E-01	9.144E-01	4.089E-05	9.144E-01	9.144E-01	9.145E-01	9.144E-01	9.144E-01	9.144E-01
5.100E-01	9.122E-01	4.104E-05	9.122E-01	9.122E-01	9.122E-01	9.122E-01	9.122E-01	9.122E-01
5.200E-01	9.099E-01	4.120E-05	9.099E-01	9.100E-01	9.100E-01	9.099E-01	9.099E-01	9.099E-01
5.300E-01	9.077E-01	4.137E-05	9.076E-01	9.077E-01	9.077E-01	9.076E-01	9.077E-01	9.077E-01
5.400E-01	9.053E-01	4.154E-05	9.053E-01	9.054E-01	9.054E-01	9.053E-01	9.054E-01	9.053E-01
5.500E-01	9.030E-01	4.171E-05	9.030E-01	9.030E-01	9.030E-01	9.030E-01	9.030E-01	9.030E-01
5.600E-01	9.006E-01	4.189E-05	9.006E-01	9.007E-01	9.007E-01	9.006E-01	9.006E-01	9.006E-01
5.700E-01	8.982E-01	4.207E-05	8.982E-01	8.983E-01	8.983E-01	8.982E-01	8.982E-01	8.982E-01
5.800E-01	8.958E-01	4.225E-05	8.958E-01	8.958E-01	8.958E-01	8.958E-01	8.958E-01	8.958E-01
5.900E-01	8.934E-01	4.244E-05	8.933E-01	8.934E-01	8.934E-01	8.933E-01	8.934E-01	8.934E-01
6.000E-01	8.909E-01	4.262E-05	8.908E-01	8.909E-01	8.909E-01	8.908E-01	8.909E-01	8.909E-01
6.100E-01	8.884E-01	4.280E-05	8.883E-01	8.884E-01	8.884E-01	8.883E-01	8.884E-01	8.884E-01
6.200E-01	8.858E-01	4.298E-05	8.858E-01	8.859E-01	8.859E-01	8.858E-01	8.858E-01	8.858E-01
6.300E-01	8.833E-01	4.316E-05	8.832E-01	8.833E-01	8.833E-01	8.832E-01	8.833E-01	8.833E-01
6.400E-01	8.807E-01	4.333E-05	8.807E-01	8.807E-01	8.807E-01	8.807E-01	8.807E-01	8.807E-01
6.500E-01	8.781E-01	4.350E-05	8.780E-01	8.781E-01	8.781E-01	8.780E-01	8.781E-01	8.781E-01
6.600E-01	8.754E-01	4.366E-05	8.754E-01	8.755E-01	8.755E-01	8.754E-01	8.754E-01	8.754E-01
6.700E-01	8.728E-01	4.382E-05	8.727E-01	8.728E-01	8.728E-01	8.727E-01	8.728E-01	8.728E-01
6.800E-01	8.701E-01	4.397E-05	8.701E-01	8.701E-01	8.701E-01	8.701E-01	8.701E-01	8.701E-01
6.900E-01	8.674E-01	4.411E-05	8.674E-01	8.674E-01	8.674E-01	8.674E-01	8.674E-01	8.674E-01
7.000E-01	8.647E-01	4.425E-05	8.646E-01	8.647E-01	8.647E-01	8.646E-01	8.647E-01	8.646E-01
7.100E-01	8.619E-01	4.437E-05	8.619E-01	8.619E-01	8.619E-01	8.619E-01	8.619E-01	8.619E-01
7.200E-01	8.591E-01	4.449E-05	8.591E-01	8.592E-01	8.592E-01	8.591E-01	8.591E-01	8.591E-01
7.300E-01	8.563E-01	4.460E-05	8.563E-01	8.564E-01	8.564E-01	8.563E-01	8.563E-01	8.563E-01
7.400E-01	8.535E-01	4.469E-05	8.535E-01	8.535E-01	8.535E-01	8.535E-01	8.535E-01	8.535E-01
7.500E-01	8.507E-01	4.478E-05	8.506E-01	8.507E-01	8.507E-01	8.506E-01	8.507E-01	8.507E-01
7.600E-01	8.478E-01	4.486E-05	8.478E-01	8.478E-01	8.478E-01	8.478E-01	8.478E-01	8.478E-01
7.700E-01	8.449E-01	4.492E-05	8.449E-01	8.449E-01	8.449E-01	8.449E-01	8.449E-01	8.449E-01
7.800E-01	8.420E-01	4.497E-05	8.420E-01	8.420E-01	8.420E-01	8.420E-01	8.420E-01	8.420E-01
7.900E-01	8.391E-01	4.501E-05	8.390E-01	8.391E-01	8.391E-01	8.390E-01	8.391E-01	8.391E-01
8.000E-01	8.361E-01	4.504E-05	8.361E-01	8.362E-01	8.362E-01	8.361E-01	8.361E-01	8.361E-01
8.100E-01	8.332E-01	4.506E-05	8.331E-01	8.332E-01	8.332E-01	8.331E-01	8.332E-01	8.332E-01
8.200E-01	8.302E-01	4.506E-05	8.301E-01	8.302E-01	8.302E-01	8.302E-01	8.302E-01	8.302E-01
8.300E-01	8.272E-01	4.505E-05	8.271E-01	8.272E-01	8.272E-01	8.271E-01	8.272E-01	8.272E-01
8.400E-01	8.242E-01	4.502E-05	8.241E-01	8.242E-01	8.242E-01	8.241E-01	8.242E-01	8.241E-01
8.500E-01	8.211E-01	4.498E-05	8.211E-01	8.211E-01	8.211E-01	8.211E-01	8.211E-01	8.211E-01
8.600E-01	8.181E-01	4.493E-05	8.180E-01	8.181E-01	8.181E-01	8.180E-01	8.181E-01	8.181E-01
8.700E-01	8.150E-01	4.486E-05	8.149E-01	8.150E-01	8.150E-01	8.150E-01	8.150E-01	8.150E-01
8.800E-01	8.119E-01	4.478E-05	8.119E-01	8.119E-01	8.119E-01	8.119E-01	8.119E-01	8.119E-01
8.900E-01	8.088E-01	4.468E-05	8.087E-01	8.088E-01	8.088E-01	8.088E-01	8.088E-01	8.088E-01
9.000E-01	8.057E-01	4.457E-05	8.056E-01	8.057E-01	8.057E-01	8.056E-01	8.057E-01	8.056E-01
9.100E-01	8.025E-01	4.444E-05	8.025E-01	8.025E-01	8.025E-01	8.025E-01	8.025E-01	8.025E-01
9.200E-01	7.994E-01	4.430E-05	7.993E-01	7.994E-01	7.994E-01	7.993E-01	7.994E-01	7.994E-01
9.300E-01	7.962E-01	4.415E-05	7.961E-01	7.962E-01	7.962E-01	7.962E-01	7.962E-01	7.962E-01
9.400E-01	7.930E-01	4.398E-05	7.930E-01	7.930E-01	7.930E-01	7.930E-01	7.930E-01	7.930E-01
9.500E-01	7.898E-01	4.379E-05	7.898E-01	7.898E-01	7.898E-01	7.898E-01	7.898E-01	7.898E-01
9.600E-01	7.866E-01	4.359E-05	7.865E-01	7.866E-01	7.866E-01	7.866E-01	7.866E-01	7.866E-01
9.700E-01	7.834E-01	4.338E-05	7.833E-01	7.834E-01	7.834E-01	7.833E-01	7.834E-01	7.833E-01
9.800E-01	7.801E-01	4.314E-05	7.801E-01	7.801E-01	7.801E-01	7.801E-01	7.801E-01	7.801E-01
9.900E-01	7.768E-01	4.290E-05	7.768E-01	7.769E-01	7.769E-01	7.768E-01	7.769E-01	7.768E-01
1.000E+00	7.736E-01	4.264E-05	7.735E-01	7.736E-01	7.736E-01	7.736E-01	7.736E-01	7.736E-01
1.010E+00	7.703E-01	4.236E-05	7.703E-01	7.703E-01	7.703E-01	7.703E-01	7.703E-01	7.703E-01
1.020E+00	7.670E-01	4.207E-05	7.670E-01	7.670E-01	7.670E-01	7.670E-01	7.670E-01	7.670E-01
1.030E+00	7.637E-01	4.176E-05	7.637E-01	7.637E-01	7.637E-01	7.637E-01	7.637E-01	7.637E-01
1.040E+00	7.604E-01	4.144E-05	7.603E-01	7.604E-01	7.604E-01	7.604E-01	7.604E-01	7.604E-01
1.050E+00	7.570E-01	4.111E-05	7.570E-01	7.571E-01	7.571E-01	7.570E-01	7.571E-01	7.570E-01
1.060E+00	7.537E-01	4.076E-05	7.537E-01	7.537E-01	7.537E-01	7.537E-01	7.537E-01	7.537E-01
1.070E+00	7.504E-01	4.039E-05	7.503E-01	7.504E-01	7.504E-01	7.503E-01	7.504E-01	7.503E-01
1.080E+00	7.470E-01	4.001E-05	7.470E-01	7.470E-01	7.470E-01	7.470E-01	7.470E-01	7.470E-01
1.090E+00	7.436E-01	3.962E-05	7.436E-01	7.437E-01	7.436E-01	7.436E-01	7.436E-01	7.436E-01
1.100E+00	7.402E-01	3.921E-05	7.402E-01	7.403E-01	7.403E-01	7.402E-01	7.402E-01	7.402E-01
1.110E+00	7.368E-01	3.879E-05	7.368E-01	7.369E-01	7.369E-01	7.368E-01	7.369E-01	7.368E-01
1.120E+00	7.334E-01	3.835E-05	7.334E-01	7.335E-01	7.335E-01	7.334E-01	7.335E-01	7.334E-01
1.130E+00	7.300E-01	3.790E-05	7.300E-01	7.301E-01	7.301E-01	7.300E-01	7.300E-01	7.300E-01
1.140E+00	7.266E-01	3.744E-05	7.266E-01	7.266E-01	7.266E-01	7.266E-01	7.266E-01	7.266E-01
1.150E+00	7.232E-01	3.697E-05	7.232E-01	7.232E-01	7.232E-01	7.232E-01	7.232E-01	7.232E-01
1.160E+00	7.198E-01	3.648E-05	7.197E-01	7.198E-01	7.198E-01	7.197E-01	7.198E-01	7.197E-01
1.170E+00	7.163E-01	3.597E-05	7.163E-01	7.163E-01	7.163E-01	7.163E-01	7.163E-01	7.163E-01
1.180E+00	7.129E-01	3.546E-05	7.128E-01	7.129E-01	7.129E-01	7.128E-01	7.129E-01	7.129E-01
1.190E+00	7.094E-01	3.493E-05	7.094E-01	7.094E-01	7.094E-01	7.094E-01	7.094E-01	7.094E-01
1.200E+00	7.059E-01	3.439E-05	7.059E-01	7.060E-01	7.060E-01	7.059E-01	7.060E-01	7.059E-01
1.210E+00	7.025E-01	3.384E-05	7.025E-01	7.025E-01	7.025E-01	7.025E-01	7.025E-01	7.025E-01
1.220E+00	6.990E-01	3.328E-05	6.990E-01	6.990E-01	6.990E-01	6.990E-01	6.990E-01	6.990E-01
1.230E+00	6.955E-01	3.271E-05	6.955E-01	6.956E-01	6.955E-01	6.955E-01	6.955E-01	6.955E-01
1.240E+00	6.920E-01	3.212E-05	6.920E-01	6.921E-01	6.921E-01	6.920E-01	6.920E-01	6.920E-01
1.250E+00	6.885E-01	3.153E-05	6.885E-01	6.886E-01	6.886E-01	6.885E-01	6.886E-01	6.885E-01
1.260E+00	6.850E-01	3.092E-05	6.850E-01	6.851E-01	6.851E-01	6.850E-01	6.851E-01	6.850E-01
1.270E+00	6.815E-01	3.031E-05	6.815E-01	6.816E-01	6.816E-01	6.815E-01	6.816E-01	6.815E-01
1.280E+00	6.780E-01	2.968E-05	6.780E-01	6.781E-01	6.781E-01	6.780E-01	6.781E-01	6.780E-01
1.290E+00	6.745E-01	2.905E-05	6.745E-01	6.746E-01	6.745E-01	6.745E-01	6.745E-01	6.745E-01
1.300E+00	6.710E-01	2.841E-05	6.710E-01	6.710E-01	6.710E-01	6.710E-01	6.710E-01	6.710E-01
1.310E+00	6.675E-01	2.776E-05	6.675E-01	6.675E-01	6.675E-01	6.675E-01	6.675E-01	6.675E-01
1.320E+00	6.640E-01	2.710E-05	6.640E-01	6.640E-01	6.640E-01	6.640E-01	6.640E-01	6.640E-01
1.330E+00	6.605E-01	2.644E-05	6.604E-01	6.605E-01	6.605E-01	6.604E-01	6.605E-01	6.605E-01
1.340E+00	6.569E-01	2.577E-05	6.569E-01	6.570E-01	6.569E-01	6.569E-01	6.569E-01	6.569E-01
1.350E+00	6.534E-01	2.510E-05	6.534E-01	6.534E-01	6.534E-01	6.534E-01	6.534E-01	6.534E-01
1.360E+00	6.499E-01	2.442E-05	6.499E-01	6.499E-01	6.499E-01	6.499E-01	6.499E-01	6.499E-01
1.370E+00	6.463E-01	2.374E-05	6.463E-01	6.464E-01	6.464E-01	6.463E-01	6.464E-01	6.463E-01
1.380E+00	6.428E-01	2.305E-05	6.428E-01	6.428E-01	6.428E-01	6.428E-01	6.428E-01	6.428E-01
1.390E+00	6.393E-01	2.236E-05	6.393E-01	6.393E-01	6.393E-01	6.393E-01	6.393E-01	6.393E-01
1.400E+00	6.357E-01	2.168E-05	6.357E-01	6.358E-01	6.358E-01	6.357E-01	6.358E-01	6.357E-01
1.410E+00	6.322E-01	2.099E-05	6.322E-01	6.322E-01	6.322E-01	6.322E-01	6.322E-01	6.322E-01
1.420E+00	6.287E-01	2.031E-05	6.287E-01	6.287E-01	6.287E-01	6.287E-01	6.287E-01	6.287E-01
1.430E+00	6.251E-01	1.963E-05	6.251E-01	6.251E-01	6.251E-01	6.251E-01	6.251E-01	6.251E-01
1.440E+00	6.216E-01	1.895E-05	6.216E-01	6.216E-01	6.216E-01	6.216E-01	6.216E-01	6.216E-01
1.450E+00	6.181E-01	1.829E-05	6.180E-01	6.181E-01	6.181E-01	6.180E-01	6.181E-01	6.180E-01
1.460E+00	6.145E-01	1.763E-05	6.145E-01	6.145E-01	6.145E-01	6.145E-01	6.145E-01	6.145E-01
1.470E+00	6.110E-01	1.699E-05	6.110E-01	6.110E-01	6.110E-01	6.110E-01	6.110E-01	6.110E-01
1.480E+00	6.074E-01	1.636E-05	6.074E-01	6.075E-01	6.075E-01	6.074E-01	6.075E-01	6.074E-01
1.490E+00	6.039E-01	1.575E-05	6.039E-01	6.039E-01	6.039E-01	6.039E-01	6.039E-01	6.039E-01
1.500E+00	6.004E-01	1.517E-05	6.004E-01	6.004E-01	6.004E-01	6.004E-01	6.004E-01	6.004E-01
1.510E+00	5.969E-01	1.461E-05	5.968E-01	5.969E-01	5.969E-01	5.968E-01	5.969E-01	5.968E-01
1.520E+00	5.933E-01	1.408E-05	5.933E-01	5.933E-01	5.933E-01	5.933E-01	5.933E-01	5.933E-01
1.530E+00	5.898E-01	1.360E-05	5.898E-01	5.898E-01	5.898E-01	5.898E-01	5.898E-01	5.898E-01
1.540E+00	5.863E-01	1.315E-05	5.863E-01	5.863E-01	5.863E-01	5.863E-01	5.863E-01	5.863E-01
1.550E+00	5.828E-01	1.276E-05	5.827E-01	5.828E-01	5.828E-01	5.827E-01	5.828E-01	5.827E-01
1.560E+00	5.792E-01	1.242E-05	5.792E-01	5.792E-01	5.792E-01	5.792E-01	5.792E-01	5.792E-01
1.570E+00	5.757E-01	1.214E-05	5.757E-01	5.757E-01	5.757E-01	5.757E-01	5.757E-01	5.757E-01
1.580E+00	5.722E-01	1.193E-05	5.722E-01	5.722E-01	5.722E-01	5.722E-01	5.722E-01	5.722E-01
1.590E+00	5.687E-01	1.179E-05	5.687E-01	5.687E-01	5.687E-01	5.687E-01	5.687E-01	5.687E-01
1.600E+00	5.652E-01	1.173E-05	5.652E-01	5.652E-01	5.652E-01	5.652E-01	5.652E-01	5.652E-01
1.610E+00	5.617E-01	1.175E-05	5.617E-01	5.617E-01	5.617E-01	5.617E-01	5.617E-01	5.617E-01
1.620E+00	5.582E-01	1.184E-05	5.582E-01	5.582E-01	5.582E-01	5.582E-01	5.582E-01	5.582E-01
1.630E+00	5.547E-01	1.202E-05	5.547E-01	5.547E-01	5.547E-01	5.547E-01	5.547E-01	5.547E-01
1.640E+00	5.512E-01	1.227E-05	5.512E-01	5.512E-01	5.512E-01	5.512E-01	5.512E-01	5.512E-01
1.650E+00	5.477E-01	1.260E-05	5.477E-01	5.477E-01	5.477E-01	5.477E-01	5.477E-01	5.477E-01
1.660E+00	5.443E-01	1.299E-05	5.443E-01	5.442E-01	5.443E-01	5.443E-01	5.443E-01	5.442E-01
1.670E+00	5.408E-01	1.344E-05	5.408E-01	5.408E-01	5.408E-01	5.408E-01	5.408E-01	5.408E-01
1.680E+00	5.373E-01	1.396E-05	5.373E-01	5.373E-01	5.373E-01	5.373E-01	5.373E-01	5.373E-01
1.690E+00	5.339E-01	1.452E-05	5.339E-01	5.338E-01	5.339E-01	5.338E-01	5.339E-01	5.338E-01
1.700E+00	5.304E-01	1.513E-05	5.304E-01	5.304E-01	5.304E-01	5.304E-01	5.304E-01	5.304E-01
1.710E+00	5.269E-01	1.579E-05	5.270E-01	5.269E-01	5.269E-01	5.269E-01	5.270E-01	5.269E-01
1.720E+00	5.235E-01	1.647E-05	5.235E-01	5.235E-01	5.235E-01	5.235E-01	5.235E-01	5.235E-01
1.730E+00	5.201E-01	1.720E-05	5.201E-01	5.201E-01	5.201E-01	5.201E-01	5.201E-01	5.201E-01
1.740E+00	5.166E-01	1.795E-05	5.166E-01	5.166E-01	5.166E-01	5.166E-01	5.166E-01	5.166E-01
1.750E+00	5.132E-01	1.872E-05	5.132E-01	5.132E-01	5.132E-01	5.132E-01	5.132E-01	5.132E-01
1.760E+00	5.098E-01	1.952E-05	5.098E-01	5.098E-01	5.098E-01	5.098E-01	5.098E-01	5.098E-01
1.770E+00	5.064E-01	2.034E-05	5.064E-01	5.064E-01	5.064E-01	5.064E-01	5.064E-01	5.064E-01
1.780E+00	5.030E-01	2.117E-05	5.030E-01	5.030E-01	5.030E-01	5.030E-01	5.030E-01	5.030E-01
1.790E+00	4.996E-01	2.202E-05	4.996E-01	4.996E-01	4.996E-01	4.996E-01	4.996E-01	4.996E-01
1.800E+00	4.962E-01	2.289E-05	4.962E-01	4.962E-01	4.962E-01	4.962E-01	4.962E-01	4.962E-01
1.810E+00	4.928E-01	2.377E-05	4.928E-01	4.928E-01	4.928E-01	4.928E-01	4.928E-01	4.928E-01
1.820E+00	4.895E-01	2.465E-05	4.895E-01	4.894E-01	4.895E-01	4.895E-01	4.895E-01	4.894E-01
1.830E+00	4.861E-01	2.555E-05	4.861E-01	4.861E-01	4.861E-01	4.861E-01	4.861E-01	4.861E-01
1.840E+00	4.827E-01	2.645E-05	4.828E-01	4.827E-01	4.827E-01	4.827E-01	4.827E-01	4.827E-01
1.850E+00	4.794E-01	2.737E-05	4.794E-01	4.794E-01	4.794E-01	4.794E-01	4.794E-01	4.794E-01
1.860E+00	4.760E-01	2.828E-05	4.761E-01	4.760E-01	4.760E-01	4.761E-01	4.761E-01	4.760E-01
1.870E+00	4.727E-01	2.921E-05	4.727E-01	4.727E-01	4.727E-01	4.727E-01	4.727E-01	4.727E-01
1.880E+00	4.694E-01	3.013E-05	4.694E-01	4.694E-01	4.694E-01	4.694E-01	4.694E-01	4.694E-01
1.890E+00	4.661E-01	3.106E-05	4.661E-01	4.661E-01	4.661E-01	4.661E-01	4.661E-01	4.661E-01
1.900E+00	4.628E-01	3.200E-05	4.628E-01	4.628E-01	4.628E-01	4.628E-01	4.628E-01	4.628E-01
1.910E+00	4.595E-01	3.293E-05	4.595E-01	4.595E-01	4.595E-01	4.595E-01	4.595E-01	4.595E-01
1.920E+00	4.562E-01	3.387E-05	4.562E-01	4.562E-01	4.562E-01	4.562E-01	4.562E-01	4.562E-01
1.930E+00	4.529E-01	3.481E-05	4.530E-01	4.529E-01	4.529E-01	4.529E-01	4.530E-01	4.529E-01
1.940E+00	4.497E-01	3.575E-05	4.497E-01	4.496E-01	4.497E-01	4.497E-01	4.497E-01	4.497E-01
1.950E+00	4.464E-01	3.669E-05	4.465E-01	4.464E-01	4.464E-01	4.464E-01	4.464E-01	4.464E-01
1.960E+00	4.432E-01	3.764E-05	4.432E-01	4.431E-01	4.432E-01	4.432E-01	4.432E-01	4.432E-01
1.970E+00	4.400E-01	3.858E-05	4.400E-01	4.399E-01	4.399E-01	4.400E-01	4.400E-01	4.399E-01
1.980E+00	4.367E-01	3.952E-05	4.368E-01	4.367E-01	4.367E-01	4.367E-01	4.367E-01	4.367E-01
1.990E+00	4.335E-01	4.046E-05	4.336E-01	4.335E-01	4.335E-01	4.335E-01	4.335E-01	4.335E-01
2.000E+00	4.303E-01	4.139E-05	4.304E-01	4.303E-01	4.303E-01	4.303E-01	4.303E-01	4.303E-01
2.010E+00	4.271E-01	4.233E-05	4.272E-01	4.271E-01	4.271E-01	4.271E-01	4.271E-01	4.271E-01
2.020E+00	4.239E-01	4.326E-05	4.240E-01	4.239E-01	4.239E-01	4.240E-01	4.240E-01	4.239E-01
2.030E+00	4.208E-01	4.419E-05	4.208E-01	4.207E-01	4.208E-01	4.208E-01	4.208E-01	4.208E-01
2.040E+00	4.176E-01	4.512E-05	4.177E-01	4.176E-01	4.176E-01	4.176E-01	4.176E-01	4.176E-01
2.050E+00	4.145E-01	4.605E-05	4.145E-01	4.144E-01	4.145E-01	4.145E-01	4.145E-01	4.145E-01
2.060E+00	4.113E-01	4.697E-05	4.114E-01	4.113E-01	4.113E-01	4.114E-01	4.114E-01	4.113E-01
2.070E+00	4.082E-01	4.789E-05	4.083E-01	4.082E-01	4.082E-01	4.082E-01	4.082E-01	4.082E-01
2.080E+00	4.051E-01	4.880E-05	4.052E-01	4.051E-01	4.051E-01	4.051E-01	4.051E-01	4.051E-01
2.090E+00	4.020E-01	4.971E-05	4.021E-01	4.020E-01	4.020E-01	4.020E-01	4.020E-01	4.020E-01
2.100E+00	3.989E-01	5.062E-05	3.990E-01	3.989E-01	3.989E-01	3.989E-01	3.989E-01	3.989E-01
2.110E+00	3.958E-01	5.152E-05	3.959E-01	3.958E-01	3.958E-01	3.959E-01	3.959E-01	3.958E-01
2.120E+00	3.928E-01	5.242E-05	3.928E-01	3.927E-01	3.928E-01	3.928E-01	3.928E-01	3.928E-01
2.130E+00	3.897E-01	5.331E-05	3.898E-01	3.897E-01	3.897E-01	3.897E-01	3.897E-01	3.897E-01
2.140E+00	3.867E-01	5.420E-05	3.867E-01	3.866E-01	3.867E-01	3.867E-01	3.867E-01	3.867E-01
2.150E+00	3.837E-01	5.508E-05	3.837E-01	3.836E-01	3.837E-01	3.837E-01	3.837E-01	3.837E-01
2.160E+00	3.807E-01	5.595E-05	3.807E-01	3.806E-01	3.806E-01	3.807E-01	3.807E-01	3.806E-01
2.170E+00	3.777E-01	5.682E-05	3.777E-01	3.776E-01	3.776E-01	3.777E-01	3.777E-01	3.776E-01
2.180E+00	3.747E-01	5.769E-05	3.747E-01	3.746E-01	3.747E-01	3.747E-01	3.747E-01	3.746E-01
2.190E+00	3.717E-01	5.855E-05	3.717E-01	3.716E-01	3.717E-01	3.717E-01	3.717E-01	3.717E-01
2.200E+00	3.687E-01	5.940E-05	3.688E-01	3.687E-01	3.687E-01	3.687E-01	3.687E-01	3.687E-01
2.210E+00	3.658E-01	6.025E-05	3.658E-01	3.657E-01	3.658E-01	3.658E-01	3.658E-01	3.658E-01
2.220E+00	3.628E-01	6.109E-05	3.629E-01	3.628E-01	3.628E-01	3.628E-01	3.628E-01	3.628E-01
2.230E+00	3.599E-01	6.192E-05	3.600E-01	3.598E-01	3.599E-01	3.599E-01	3.599E-01	3.599E-01
2.240E+00	3.570E-01	6.275E-05	3.571E-01	3.569E-01	3.570E-01	3.570E-01	3.570E-01	3.570E-01
2.250E+00	3.541E-01	6.357E-05	3.542E-01	3.540E-01	3.541E-01	3.541E-01	3.541E-01	3.541E-01
2.260E+00	3.512E-01	6.438E-05	3.513E-01	3.511E-01	3.512E-01	3.512E-01	3.512E-01	3.512E-01
2.270E+00	3.483E-01	6.519E-05	3.484E-01	3.483E-01	3.483E-01	3.483E-01	3.483E-01	3.483E-01
2.280E+00	3.455E-01	6.598E-05	3.455E-01	3.454E-01	3.455E-01	3.455E-01	3.455E-01	3.455E-01
2.290E+00	3.426E-01	6.678E-05	3.427E-01	3.426E-01	3.426E-01	3.426E-01	3.426E-01	3.426E-01
2.300E+00	3.398E-01	6.756E-05	3.399E-01	3.397E-01	3.398E-01	3.398E-01	3.398E-01	3.398E-01
2.310E+00	3.370E-01	6.833E-05	3.370E-01	3.369E-01	3.370E-01	3.370E-01	3.370E-01	3.370E-01
2.320E+00	3.342E-01	6.910E-05	3.342E-01	3.341E-01	3.342E-01	3.342E-01	3.342E-01	3.342E-01
2.330E+00	3.314E-01	6.986E-05	3.314E-01	3.313E-01	3.314E-01	3.314E-01	3.314E-01	3.314E-01
2.340E+00	3.286E-01	7.061E-05	3.287E-01	3.285E-01	3.286E-01	3.286E-01	3.286E-01	3.286E-01
2.350E+00	3.258E-01	7.136E-05	3.259E-01	3.258E-01	3.258E-01	3.258E-01	3.259E-01	3.258E-01
2.360E+00	3.231E-01	7.209E-05	3.232E-01	3.230E-01	3.231E-01	3.231E-01	3.231E-01	3.231E-01
2.370E+00	3.204E-01	7.282E-05	3.204E-01	3.203E-01	3.203E-01	3.204E-01	3.204E-01	3.203E-01
2.380E+00	3.176E-01	7.354E-05	3.177E-01	3.176E-01	3.176E-01	3.176E-01	3.176E-01	3.176E-01
2.390E+00	3.149E-01	7.425E-05	3.150E-01	3.148E-01	3.149E-01	3.149E-01	3.149E-01	3.149E-01
2.400E+00	3.122E-01	7.495E-05	3.123E-01	3.122E-01	3.122E-01	3.122E-01	3.122E-01	3.122E-01
2.410E+00	3.095E-01	7.564E-05	3.096E-01	3.095E-01	3.095E-01	3.096E-01	3.096E-01	3.095E-01
2.420E+00	3.069E-01	7.632E-05	3.070E-01	3.068E-01	3.069E-01	3.069E-01	3.069E-01	3.069E-01
2.430E+00	3.042E-01	7.700E-05	3.043E-01	3.042E-01	3.042E-01	3.042E-01	3.042E-01	3.042E-01
2.440E+00	3.016E-01	7.766E-05	3.017E-01	3.015E-01	3.016E-01	3.016E-01	3.016E-01	3.016E-01
2.450E+00	2.990E-01	7.832E-05	2.990E-01	2.989E-01	2.990E-01	2.990E-01	2.990E-01	2.990E-01
2.460E+00	2.964E-01	7.897E-05	2.964E-01	2.963E-01	2.963E-01	2.964E-01	2.964E-01	2.963E-01
2.470E+00	2.938E-01	7.961E-05	2.938E-01	2.937E-01	2.938E-01	2.938E-01	2.938E-01	2.938E-01
2.480E+00	2.912E-01	8.024E-05	2.913E-01	2.911E-01	2.912E-01	2.912E-01	2.912E-01	2.912E-01
2.490E+00	2.886E-01	8.086E-05	2.887E-01	2.885E-01	2.886E-01	2.886E-01	2.886E-01	2.886E-01
2.500E+00	2.861E-01	8.147E-05	2.861E-01	2.860E-01	2.861E-01	2.861E-01	2.861E-01	2.861E-01
2.510E+00	2.835E-01	8.207E-05	2.836E-01	2.834E-01	2.835E-01	2.835E-01	2.835E-01	2.835E-01
2.520E+00	2.810E-01	8.266E-05	2.811E-01	2.809E-01	2.810E-01	2.810E-01	2.810E-01	2.810E-01
2.530E+00	2.785E-01	8.324E-05	2.786E-01	2.784E-01	2.785E-01	2.785E-01	2.785E-01	2.785E-01
2.540E+00	2.760E-01	8.382E-05	2.761E-01	2.759E-01	2.760E-01	2.760E-01	2.760E-01	2.760E-01
2.550E+00	2.735E-01	8.438E-05	2.736E-01	2.734E-01	2.735E-01	2.735E-01	2.735E-01	2.735E-01
2.560E+00	2.711E-01	8.493E-05	2.711E-01	2.710E-01	2.710E-01	2.711E-01	2.711E-01	2.710E-01
2.570E+00	2.686E-01	8.548E-05	2.687E-01	2.685E-01	2.686E-01	2.686E-01	2.686E-01	2.686E-01
2.580E+00	2.662E-01	8.601E-05	2.662E-01	2.661E-01	2.662E-01	2.662E-01	2.662E-01	2.662E-01
2.590E+00	2.637E-01	8.653E-05	2.638E-01	2.637E-01	2.637E-01	2.638E-01	2.638E-01	2.637E-01
2.600E+00	2.613E-01	8.705E-05	2.614E-01	2.613E-01	2.613E-01	2.613E-01	2.613E-01	2.613E-01
2.610E+00	2.589E-01	8.755E-05	2.590E-01	2.589E-01	2.589E-01	2.590E-01	2.590E-01	2.589E-01
2.620E+00	2.566E-01	8.805E-05	2.567E-01	2.565E-01	2.566E-01	2.566E-01	2.566E-01	2.566E-01
2.630E+00	2.542E-01	8.853E-05	2.543E-01	2.541E-01	2.542E-01	2.542E-01	2.542E-01	2.542E-01
2.640E+00	2.519E-01	8.901E-05	2.519E-01	2.518E-01	2.518E-01	2.519E-01	2.519E-01	2.518E-01
2.650E+00	2.495E-01	8.947E-05	2.496E-01	2.494E-01	2.495E-01	2.495E-01	2.495E-01	2.495E-01
2.660E+00	2.472E-01	8.993E-05	2.473E-01	2.471E-01	2.472E-01	2.472E-01	2.472E-01	2.472E-01
2.670E+00	2.449E-01	9.037E-05	2.450E-01	2.448E-01	2.449E-01	2.449E-01	2.449E-01	2.449E-01
2.680E+00	2.426E-01	9.081E-05	2.427E-01	2.425E-01	2.426E-01	2.426E-01	2.426E-01	2.426E-01
2.690E+00	2.403E-01	9.123E-05	2.404E-01	2.402E-01	2.403E-01	2.403E-01	2.403E-01	2.403E-01
2.700E+00	2.381E-01	9.165E-05	2.382E-01	2.380E-01	2.381E-01	2.381E-01	2.381E-01	2.381E-01
2.710E+00	2.358E-01	9.205E-05	2.359E-01	2.357E-01	2.358E-01	2.358E-01	2.358E-01	2.358E-01
2.720E+00	2.336E-01	9.245E-05	2.337E-01	2.335E-01	2.336E-01	2.336E-01	2.336E-01	2.336E-01
2.730E+00	2.314E-01	9.284E-05	2.315E-01	2.313E-01	2.314E-01	2.314E-01	2.314E-01	2.314E-01
2.740E+00	2.292E-01	9.321E-05	2.293E-01	2.291E-01	2.292E-01	2.292E-01	2.292E-01	2.292E-01
2.750E+00	2.270E-01	9.358E-05	2.271E-01	2.269E-01	2.270E-01	2.270E-01	2.270E-01	2.270E-01
2.760E+00	2.248E-01	9.393E-05	2.249E-01	2.247E-01	2.248E-01	2.248E-01	2.248E-01	2.248E-01
2.770E+00	2.226E-01	9.428E-05	2.227E-01	2.225E-01	2.226E-01	2.227E-01	2.227E-01	2.226E-01
2.780E+00	2.205E-01	9.461E-05	2.206E-01	2.204E-01	2.205E-01	2.205E-01	2.205E-01	2.205E-01
2.790E+00	2.184E-01	9.494E-05	2.185E-01	2.183E-01	2.184E-01	2.184E-01	2.184E-01	2.184E-01
2.800E+00	2.163E-01	9.525E-05	2.163E-01	2.162E-01	2.162E-01	2.163E-01	2.163E-01	2.162E-01
2.810E+00	2.141E-01	9.556E-05	2.142E-01	2.141E-01	2.141E-01	2.142E-01	2.142E-01	2.141E-01
2.820E+00	2.121E-01	9.585E-05	2.122E-01	2.120E-01	2.120E-01	2.121E-01	2.121E-01	2.121E-01
2.830E+00	2.100E-01	9.614E-05	2.101E-01	2.099E-01	2.100E-01	2.100E-01	2.100E-01	2.100E-01
2.840E+00	2.079E-01	9.642E-05	2.080E-01	2.078E-01	2.079E-01	2.079E-01	2.079E-01	2.079E-01
2.850E+00	2.059E-01	9.668E-05	2.060E-01	2.058E-01	2.059E-01	2.059E-01	2.059E-01	2.059E-01
2.860E+00	2.039E-01	9.694E-05	2.040E-01	2.038E-01	2.038E-01	2.039E-01	2.039E-01	2.038E-01
2.870E+00	2.018E-01	9.719E-05	2.019E-01	2.017E-01	2.018E-01	2.019E-01	2.019E-01	2.018E-01
2.880E+00	1.998E-01	9.742E-05	1.999E-01	1.997E-01	1.998E-01	1.999E-01	1.999E-01	1.998E-01
2.890E+00	1.979E-01	9.765E-05	1.980E-01	1.978E-01	1.978E-01	1.979E-01	1.979E-01	1.978E-01
2.900E+00	1.959E-01	9.787E-05	1.960E-01	1.958E-01	1.959E-01	1.959E-01	1.959E-01	1.959E-01
2.910E+00	1.939E-01	9.808E-05	1.940E-01	1.938E-01	1.939E-01	1.939E-01	1.939E-01	1.939E-01
2.920E+00	1.920E-01	9.827E-05	1.921E-01	1.919E-01	1.920E-01	1.920E-01	1.920E-01	1.920E-01
2.930E+00	1.900E-01	9.846E-05	1.901E-01	1.900E-01	1.900E-01	1.901E-01	1.901E-01	1.900E-01
2.940E+00	1.881E-01	9.864E-05	1.882E-01	1.880E-01	1.881E-01	1.881E-01	1.881E-01	1.881E-01
2.950E+00	1.862E-01	9.881E-05	1.863E-01	1.861E-01	1.862E-01	1.862E-01	1.862E-01	1.862E-01
2.960E+00	1.843E-01	9.897E-05	1.844E-01	1.842E-01	1.843E-01	1.844E-01	1.844E-01	1.843E-01
2.970E+00	1.825E-01	9.912E-05	1.826E-01	1.824E-01	1.825E-01	1.825E-01	1.825E-01	1.825E-01
2.980E+00	1.806E-01	9.926E-05	1.807E-01	1.805E-01	1.806E-01	1.806E-01	1.806E-01	1.806E-01
2.990E+00	1.788E-01	9.939E-05	1.789E-01	1.787E-01	1.788E-01	1.788E-01	1.788E-01	1.788E-01
3.000E+00	1.769E-01	9.952E-05	1.770E-01	1.768E-01	1.769E-01	1.769E-01	1.769E-01	1.769E-01
