1.000E-02	9.017E-01	8.814E-05	9.018E-01	9.017E-01	9.018E-01	9.017E-01	9.017E-01	9.017E-01
2.000E-02	9.016E-01	8.772E-05	9.017E-01	9.016E-01	9.017E-01	9.016E-01	9.016E-01	9.016E-01
3.000E-02	9.014E-01	8.715E-05	9.015E-01	9.014E-01	9.015E-01	9.014E-01	9.014E-01	9.014E-01
4.000E-02	9.012E-01	8.647E-05	9.013E-01	9.012E-01	9.013E-01	9.012E-01	9.012E-01	9.012E-01
5.000E-02	9.009E-01	8.569E-05	9.010E-01	9.009E-01	9.010E-01	9.009E-01	9.009E-01	9.009E-01
6.000E-02	9.006E-01	8.483E-05	9.007E-01	9.005E-01	9.007E-01	9.005E-01	9.006E-01	9.006E-01
7.000E-02	9.002E-01	8.390E-05	9.003E-01	9.002E-01	9.003E-01	9.002E-01	9.002E-01	9.002E-01
8.000E-02	8.998E-01	8.292E-05	8.998E-01	8.997E-01	8.998E-01	8.997E-01	8.998E-01	8.998E-01
9.000E-02	8.993E-01	8.188E-05	8.994E-01	8.992E-01	8.994E-01	8.992E-01	8.993E-01	8.993E-01
1.000E-01	8.988E-01	8.081E-05	8.988E-01	8.987E-01	8.988E-01	8.987E-01	8.988E-01	8.988E-01
1.100E-01	8.982E-01	7.970E-05	8.982E-01	8.981E-01	8.983E-01	8.981E-01	8.982E-01	8.982E-01
1.200E-01	8.976E-01	7.857E-05	8.976E-01	8.975E-01	8.976E-01	8.975E-01	8.976E-01	8.976E-01
1.300E-01	8.969E-01	7.741E-05	8.970E-01	8.969E-01	8.970E-01	8.968E-01	8.969E-01	8.969E-01
1.400E-01	8.962E-01	7.624E-05	8.962E-01	8.962E-01	8.963E-01	8.961E-01	8.962E-01	8.962E-01
1.500E-01	8.954E-01	7.506E-05	8.955E-01	8.954E-01	8.955E-01	8.954E-01	8.954E-01	8.955E-01
1.600E-01	8.947E-01	7.388E-05	8.947E-01	8.946E-01	8.947E-01	8.946E-01	8.946E-01	8.947E-01
1.700E-01	8.938E-01	7.270E-05	8.939E-01	8.938E-01	8.939E-01	8.938E-01	8.938E-01	8.938E-01
1.800E-01	8.929E-01	7.152E-05	8.930E-01	8.929E-01	8.930E-01	8.929E-01	8.929E-01	8.929E-01
1.900E-01	8.920E-01	7.035E-05	8.921E-01	8.920E-01	8.921E-01	8.920E-01	8.920E-01	8.920E-01
2.000E-01	8.911E-01	6.919E-05	8.911E-01	8.910E-01	8.911E-01	8.910E-01	8.911E-01	8.911E-01
2.100E-01	8.901E-01	6.805E-05	8.901E-01	8.900E-01	8.901E-01	8.900E-01	8.901E-01	8.901E-01
2.200E-01	8.890E-01	6.694E-05	8.891E-01	8.890E-01	8.891E-01	8.890E-01	8.890E-01	8.890E-01
2.300E-01	8.879E-01	6.585E-05	8.880E-01	8.879E-01	8.880E-01	8.879E-01	8.879E-01	8.879E-01
2.400E-01	8.868E-01	6.478E-05	8.869E-01	8.868E-01	8.869E-01	8.868E-01	8.868E-01	8.868E-01
2.500E-01	8.857E-01	6.375E-05	8.857E-01	8.856E-01	8.857E-01	8.856E-01	8.857E-01	8.857E-01
2.600E-01	8.845E-01	6.276E-05	8.845E-01	8.844E-01	8.845E-01	8.844E-01	8.845E-01	8.845E-01
2.700E-01	8.832E-01	6.180E-05	8.833E-01	8.832E-01	8.833E-01	8.832E-01	8.832E-01	8.832E-01
2.800E-01	8.820E-01	6.089E-05	8.820E-01	8.820E-01	8.820E-01	8.819E-01	8.820E-01	8.820E-01
2.900E-01	8.807E-01	6.002E-05	8.807E-01	8.806E-01	8.807E-01	8.806E-01	8.807E-01	8.807E-01
3.000E-01	8.793E-01	5.920E-05	8.793E-01	8.793E-01	8.794E-01	8.793E-01	8.793E-01	8.793E-01
3.100E-01	8.780E-01	5.843E-05	8.780E-01	8.779E-01	8.780E-01	8.779E-01	8.779E-01	8.780E-01
3.200E-01	8.765E-01	5.771E-05	8.766E-01	8.765E-01	8.766E-01	8.765E-01	8.765E-01	8.765E-01
3.300E-01	8.751E-01	5.705E-05	8.751E-01	8.751E-01	8.751E-01	8.750E-01	8.751E-01	8.751E-01
3.400E-01	8.736E-01	5.644E-05	8.736E-01	8.736E-01	8.737E-01	8.736E-01	8.736E-01	8.736E-01
3.500E-01	8.721E-01	5.588E-05	8.721E-01	8.721E-01	8.721E-01	8.720E-01	8.721E-01	8.721E-01
3.600E-01	8.705E-01	5.539E-05	8.705E-01	8.705E-01	8.706E-01	8.705E-01	8.705E-01	8.705E-01
3.700E-01	8.690E-01	5.495E-05	8.690E-01	8.689E-01	8.690E-01	8.689E-01	8.689E-01	8.690E-01
3.800E-01	8.673E-01	5.457E-05	8.673E-01	8.673E-01	8.674E-01	8.673E-01	8.673E-01	8.673E-01
3.900E-01	8.657E-01	5.425E-05	8.657E-01	8.657E-01	8.657E-01	8.656E-01	8.657E-01	8.657E-01
4.000E-01	8.640E-01	5.399E-05	8.640E-01	8.640E-01	8.640E-01	8.639E-01	8.640E-01	8.640E-01
4.100E-01	8.623E-01	5.379E-05	8.623E-01	8.623E-01	8.623E-01	8.622E-01	8.623E-01	8.623E-01
4.200E-01	8.605E-01	5.364E-05	8.605E-01	8.605E-01	8.606E-01	8.605E-01	8.605E-01	8.605E-01
4.300E-01	8.587E-01	5.355E-05	8.587E-01	8.588E-01	8.588E-01	8.587E-01	8.587E-01	8.588E-01
4.400E-01	8.569E-01	5.350E-05	8.569E-01	8.569E-01	8.570E-01	8.569E-01	8.569E-01	8.569E-01
4.500E-01	8.551E-01	5.351E-05	8.551E-01	8.551E-01	8.551E-01	8.550E-01	8.551E-01	8.551E-01
4.600E-01	8.532E-01	5.357E-05	8.532E-01	8.532E-01	8.533E-01	8.532E-01	8.532E-01	8.532E-01
4.700E-01	8.513E-01	5.368E-05	8.513E-01	8.513E-01	8.514E-01	8.513E-01	8.513E-01	8.513E-01
4.800E-01	8.494E-01	5.382E-05	8.494E-01	8.494E-01	8.494E-01	8.493E-01	8.494E-01	8.494E-01
4.900E-01	8.474E-01	5.401E-05	8.474E-01	8.474E-01	8.475E-01	8.474E-01	8.474E-01	8.474E-01
5.000E-01	8.454E-01	5.424E-05	8.454E-01	8.454E-01	8.455E-01	8.454E-01	8.454E-01	8.454E-01
5.100E-01	8.434E-01	5.450E-05	8.434E-01	8.434E-01	8.435E-01	8.434E-01	8.434E-01	8.434E-01
5.200E-01	8.414E-01	5.479E-05	8.413E-01	8.414E-01	8.414E-01	8.413E-01	8.413E-01	8.414E-01
5.300E-01	8.393E-01	5.511E-05	8.393E-01	8.393E-01	8.393E-01	8.392E-01	8.393E-01	8.393E-01
5.400E-01	8.372E-01	5.546E-05	8.371E-01	8.372E-01	8.372E-01	8.371E-01	8.372E-01	8.372E-01
5.500E-01	8.350E-01	5.583E-05	8.350E-01	8.351E-01	8.351E-01	8.350E-01	8.350E-01	8.350E-01
5.600E-01	8.329E-01	5.622E-05	8.328E-01	8.329E-01	8.329E-01	8.328E-01	8.329E-01	8.329E-01
5.700E-01	8.307E-01	5.662E-05	8.307E-01	8.307E-01	8.307E-01	8.306E-01	8.307E-01	8.307E-01
5.800E-01	8.285E-01	5.704E-05	8.284E-01	8.285E-01	8.285E-01	8.284E-01	8.285E-01	8.285E-01
5.900E-01	8.262E-01	5.747E-05	8.262E-01	8.263E-01	8.263E-01	8.262E-01	8.262E-01	8.262E-01
6.000E-01	8.240E-01	5.791E-05	8.239E-01	8.240E-01	8.240E-01	8.239E-01	8.240E-01	8.240E-01
6.100E-01	8.217E-01	5.836E-05	8.216E-01	8.217E-01	8.217E-01	8.216E-01	8.217E-01	8.217E-01
6.200E-01	8.193E-01	5.881E-05	8.193E-01	8.194E-01	8.194E-01	8.193E-01	8.193E-01	8.194E-01
6.300E-01	8.170E-01	5.926E-05	8.170E-01	8.170E-01	8.171E-01	8.170E-01	8.170E-01	8.170E-01
6.400E-01	8.146E-01	5.971E-05	8.146E-01	8.147E-01	8.147E-01	8.146E-01	8.146E-01	8.146E-01
6.500E-01	8.122E-01	6.016E-05	8.122E-01	8.123E-01	8.123E-01	8.122E-01	8.122E-01	8.123E-01
6.600E-01	8.098E-01	6.060E-05	8.098E-01	8.099E-01	8.099E-01	8.098E-01	8.098E-01	8.098E-01
6.700E-01	8.074E-01	6.103E-05	8.073E-01	8.074E-01	8.074E-01	8.073E-01	8.074E-01	8.074E-01
6.800E-01	8.049E-01	6.146E-05	8.049E-01	8.050E-01	8.050E-01	8.049E-01	8.049E-01	8.049E-01
6.900E-01	8.024E-01	6.187E-05	8.024E-01	8.025E-01	8.025E-01	8.024E-01	8.024E-01	8.024E-01
7.000E-01	7.999E-01	6.228E-05	7.999E-01	8.000E-01	8.000E-01	7.999E-01	7.999E-01	7.999E-01
7.100E-01	7.974E-01	6.267E-05	7.974E-01	7.974E-01	7.974E-01	7.974E-01	7.974E-01	7.974E-01
7.200E-01	7.948E-01	6.304E-05	7.948E-01	7.949E-01	7.949E-01	7.948E-01	7.948E-01	7.949E-01
7.300E-01	7.923E-01	6.340E-05	7.922E-01	7.923E-01	7.923E-01	7.922E-01	7.923E-01	7.923E-01
7.400E-01	7.897E-01	6.374E-05	7.896E-01	7.897E-01	7.897E-01	7.896E-01	7.897E-01	7.897E-01
7.500E-01	7.871E-01	6.406E-05	7.870E-01	7.871E-01	7.871E-01	7.870E-01	7.871E-01	7.871E-01
7.600E-01	7.844E-01	6.436E-05	7.844E-01	7.845E-01	7.845E-01	7.844E-01	7.844E-01	7.844E-01
7.700E-01	7.818E-01	6.464E-05	7.817E-01	7.818E-01	7.818E-01	7.817E-01	7.818E-01	7.818E-01
7.800E-01	7.791E-01	6.490E-05	7.790E-01	7.791E-01	7.791E-01	7.790E-01	7.791E-01	7.791E-01
7.900E-01	7.764E-01	6.514E-05	7.763E-01	7.764E-01	7.764E-01	7.763E-01	7.764E-01	7.764E-01
8.000E-01	7.737E-01	6.535E-05	7.736E-01	7.737E-01	7.737E-01	7.736E-01	7.737E-01	7.737E-01
8.100E-01	7.709E-01	6.554E-05	7.709E-01	7.710E-01	7.710E-01	7.709E-01	7.709E-01	7.709E-01
8.200E-01	7.682E-01	6.570E-05	7.681E-01	7.682E-01	7.682E-01	7.681E-01	7.682E-01	7.682E-01
8.300E-01	7.654E-01	6.584E-05	7.654E-01	7.655E-01	7.654E-01	7.654E-01	7.654E-01	7.654E-01
8.400E-01	7.626E-01	6.596E-05	7.626E-01	7.627E-01	7.627E-01	7.626E-01	7.626E-01	7.626E-01
8.500E-01	7.598E-01	6.604E-05	7.598E-01	7.599E-01	7.598E-01	7.598E-01	7.598E-01	7.598E-01
8.600E-01	7.570E-01	6.610E-05	7.569E-01	7.570E-01	7.570E-01	7.569E-01	7.570E-01	7.570E-01
8.700E-01	7.541E-01	6.613E-05	7.541E-01	7.542E-01	7.542E-01	7.541E-01	7.541E-01	7.542E-01
8.800E-01	7.513E-01	6.614E-05	7.512E-01	7.513E-01	7.513E-01	7.512E-01	7.513E-01	7.513E-01
8.900E-01	7.484E-01	6.611E-05	7.484E-01	7.485E-01	7.484E-01	7.484E-01	7.484E-01	7.484E-01
9.000E-01	7.455E-01	6.606E-05	7.455E-01	7.456E-01	7.455E-01	7.455E-01	7.455E-01	7.455E-01
9.100E-01	7.426E-01	6.598E-05	7.426E-01	7.427E-01	7.426E-01	7.426E-01	7.426E-01	7.426E-01
9.200E-01	7.397E-01	6.587E-05	7.396E-01	7.397E-01	7.397E-01	7.396E-01	7.397E-01	7.397E-01
9.300E-01	7.367E-01	6.573E-05	7.367E-01	7.368E-01	7.368E-01	7.367E-01	7.367E-01	7.368E-01
9.400E-01	7.338E-01	6.556E-05	7.337E-01	7.338E-01	7.338E-01	7.338E-01	7.338E-01	7.338E-01
9.500E-01	7.308E-01	6.536E-05	7.308E-01	7.309E-01	7.309E-01	7.308E-01	7.308E-01	7.308E-01
9.600E-01	7.278E-01	6.513E-05	7.278E-01	7.279E-01	7.279E-01	7.278E-01	7.278E-01	7.279E-01
9.700E-01	7.248E-01	6.488E-05	7.248E-01	7.249E-01	7.249E-01	7.248E-01	7.248E-01	7.249E-01
9.800E-01	7.218E-01	6.459E-05	7.218E-01	7.219E-01	7.219E-01	7.218E-01	7.218E-01	7.218E-01
9.900E-01	7.188E-01	6.427E-05	7.188E-01	7.189E-01	7.188E-01	7.188E-01	7.188E-01	7.188E-01
1.000E+00	7.158E-01	6.393E-05	7.157E-01	7.158E-01	7.158E-01	7.157E-01	7.158E-01	7.158E-01
1.010E+00	7.127E-01	6.355E-05	7.127E-01	7.128E-01	7.128E-01	7.127E-01	7.127E-01	7.127E-01
1.020E+00	7.097E-01	6.315E-05	7.096E-01	7.097E-01	7.097E-01	7.096E-01	7.097E-01	7.097E-01
1.030E+00	7.066E-01	6.271E-05	7.065E-01	7.066E-01	7.066E-01	7.066E-01	7.066E-01	7.066E-01
1.040E+00	7.035E-01	6.225E-05	7.035E-01	7.036E-01	7.035E-01	7.035E-01	7.035E-01	7.035E-01
1.050E+00	7.004E-01	6.176E-05	7.004E-01	7.005E-01	7.004E-01	7.004E-01	7.004E-01	7.004E-01
1.060E+00	6.973E-01	6.124E-05	6.973E-01	6.974E-01	6.973E-01	6.973E-01	6.973E-01	6.973E-01
1.070E+00	6.942E-01	6.069E-05	6.941E-01	6.942E-01	6.942E-01	6.942E-01	6.942E-01	6.942E-01
1.080E+00	6.911E-01	6.011E-05	6.910E-01	6.911E-01	6.911E-01	6.910E-01	6.910E-01	6.911E-01
1.090E+00	6.879E-01	5.951E-05	6.879E-01	6.880E-01	6.879E-01	6.879E-01	6.879E-01	6.879E-01
1.100E+00	6.848E-01	5.888E-05	6.847E-01	6.848E-01	6.848E-01	6.847E-01	6.848E-01	6.848E-01
1.110E+00	6.816E-01	5.822E-05	6.816E-01	6.817E-01	6.816E-01	6.816E-01	6.816E-01	6.816E-01
1.120E+00	6.784E-01	5.753E-05	6.784E-01	6.785E-01	6.785E-01	6.784E-01	6.784E-01	6.785E-01
1.130E+00	6.753E-01	5.682E-05	6.752E-01	6.753E-01	6.753E-01	6.752E-01	6.753E-01	6.753E-01
1.140E+00	6.721E-01	5.608E-05	6.720E-01	6.721E-01	6.721E-01	6.721E-01	6.721E-01	6.721E-01
1.150E+00	6.689E-01	5.531E-05	6.688E-01	6.689E-01	6.689E-01	6.689E-01	6.689E-01	6.689E-01
1.160E+00	6.657E-01	5.452E-05	6.656E-01	6.657E-01	6.657E-01	6.657E-01	6.657E-01	6.657E-01
1.170E+00	6.625E-01	5.371E-05	6.624E-01	6.625E-01	6.625E-01	6.625E-01	6.625E-01	6.625E-01
1.180E+00	6.593E-01	5.287E-05	6.592E-01	6.593E-01	6.593E-01	6.592E-01	6.593E-01	6.593E-01
1.190E+00	6.560E-01	5.200E-05	6.560E-01	6.561E-01	6.561E-01	6.560E-01	6.560E-01	6.561E-01
1.200E+00	6.528E-01	5.112E-05	6.528E-01	6.529E-01	6.528E-01	6.528E-01	6.528E-01	6.528E-01
1.210E+00	6.496E-01	5.021E-05	6.495E-01	6.496E-01	6.496E-01	6.496E-01	6.496E-01	6.496E-01
1.220E+00	6.463E-01	4.928E-05	6.463E-01	6.464E-01	6.464E-01	6.463E-01	6.463E-01	6.463E-01
1.230E+00	6.431E-01	4.833E-05	6.430E-01	6.431E-01	6.431E-01	6.431E-01	6.431E-01	6.431E-01
1.240E+00	6.398E-01	4.736E-05	6.398E-01	6.399E-01	6.398E-01	6.398E-01	6.398E-01	6.398E-01
1.250E+00	6.366E-01	4.637E-05	6.365E-01	6.366E-01	6.366E-01	6.365E-01	6.365E-01	6.366E-01
1.260E+00	6.333E-01	4.536E-05	6.333E-01	6.333E-01	6.333E-01	6.333E-01	6.333E-01	6.333E-01
1.270E+00	6.300E-01	4.434E-05	6.300E-01	6.301E-01	6.300E-01	6.300E-01	6.300E-01	6.300E-01
1.280E+00	6.268E-01	4.330E-05	6.267E-01	6.268E-01	6.268E-01	6.267E-01	6.267E-01	6.268E-01
1.290E+00	6.235E-01	4.224E-05	6.234E-01	6.235E-01	6.235E-01	6.235E-01	6.235E-01	6.235E-01
1.300E+00	6.202E-01	4.117E-05	6.202E-01	6.202E-01	6.202E-01	6.202E-01	6.202E-01	6.202E-01
1.310E+00	6.169E-01	4.009E-05	6.169E-01	6.169E-01	6.169E-01	6.169E-01	6.169E-01	6.169E-01
1.320E+00	6.136E-01	3.900E-05	6.136E-01	6.136E-01	6.136E-01	6.136E-01	6.136E-01	6.136E-01
1.330E+00	6.103E-01	3.790E-05	6.103E-01	6.103E-01	6.103E-01	6.103E-01	6.103E-01	6.103E-01
1.340E+00	6.070E-01	3.679E-05	6.070E-01	6.070E-01	6.070E-01	6.070E-01	6.070E-01	6.070E-01
1.350E+00	6.037E-01	3.568E-05	6.037E-01	6.037E-01	6.037E-01	6.037E-01	6.037E-01	6.037E-01
1.360E+00	6.004E-01	3.457E-05	6.004E-01	6.004E-01	6.004E-01	6.004E-01	6.004E-01	6.004E-01
1.370E+00	5.971E-01	3.345E-05	5.971E-01	5.971E-01	5.971E-01	5.971E-01	5.971E-01	5.971E-01
1.380E+00	5.938E-01	3.235E-05	5.938E-01	5.938E-01	5.938E-01	5.938E-01	5.938E-01	5.938E-01
1.390E+00	5.905E-01	3.124E-05	5.905E-01	5.905E-01	5.905E-01	5.905E-01	5.905E-01	5.905E-01
1.400E+00	5.872E-01	3.015E-05	5.872E-01	5.872E-01	5.872E-01	5.872E-01	5.872E-01	5.872E-01
1.410E+00	5.839E-01	2.908E-05	5.839E-01	5.839E-01	5.839E-01	5.839E-01	5.839E-01	5.839E-01
1.420E+00	5.806E-01	2.803E-05	5.805E-01	5.806E-01	5.806E-01	5.805E-01	5.805E-01	5.806E-01
1.430E+00	5.772E-01	2.700E-05	5.772E-01	5.773E-01	5.773E-01	5.772E-01	5.772E-01	5.773E-01
1.440E+00	5.739E-01	2.601E-05	5.739E-01	5.739E-01	5.739E-01	5.739E-01	5.739E-01	5.739E-01
1.450E+00	5.706E-01	2.506E-05	5.706E-01	5.706E-01	5.706E-01	5.706E-01	5.706E-01	5.706E-01
1.460E+00	5.673E-01	2.416E-05	5.673E-01	5.673E-01	5.673E-01	5.673E-01	5.673E-01	5.673E-01
1.470E+00	5.640E-01	2.332E-05	5.640E-01	5.640E-01	5.640E-01	5.640E-01	5.640E-01	5.640E-01
1.480E+00	5.607E-01	2.255E-05	5.607E-01	5.607E-01	5.607E-01	5.607E-01	5.607E-01	5.607E-01
1.490E+00	5.574E-01	2.186E-05	5.574E-01	5.574E-01	5.574E-01	5.574E-01	5.573E-01	5.574E-01
1.500E+00	5.541E-01	2.126E-05	5.540E-01	5.541E-01	5.541E-01	5.540E-01	5.540E-01	5.541E-01
1.510E+00	5.507E-01	2.076E-05	5.507E-01	5.507E-01	5.508E-01	5.507E-01	5.507E-01	5.508E-01
1.520E+00	5.474E-01	2.038E-05	5.474E-01	5.474E-01	5.474E-01	5.474E-01	5.474E-01	5.475E-01
1.530E+00	5.441E-01	2.013E-05	5.441E-01	5.441E-01	5.441E-01	5.441E-01	5.441E-01	5.441E-01
1.540E+00	5.408E-01	2.001E-05	5.408E-01	5.408E-01	5.408E-01	5.408E-01	5.408E-01	5.408E-01
1.550E+00	5.375E-01	2.002E-05	5.375E-01	5.375E-01	5.375E-01	5.375E-01	5.375E-01	5.375E-01
1.560E+00	5.342E-01	2.018E-05	5.342E-01	5.342E-01	5.342E-01	5.342E-01	5.342E-01	5.342E-01
1.570E+00	5.309E-01	2.048E-05	5.309E-01	5.309E-01	5.309E-01	5.309E-01	5.309E-01	5.309E-01
1.580E+00	5.276E-01	2.092E-05	5.276E-01	5.276E-01	5.276E-01	5.276E-01	5.276E-01	5.276E-01
1.590E+00	5.243E-01	2.149E-05	5.243E-01	5.243E-01	5.243E-01	5.243E-01	5.243E-01	5.244E-01
1.600E+00	5.210E-01	2.219E-05	5.211E-01	5.210E-01	5.211E-01	5.210E-01	5.210E-01	5.211E-01
1.610E+00	5.178E-01	2.300E-05	5.178E-01	5.178E-01	5.178E-01	5.178E-01	5.177E-01	5.178E-01
1.620E+00	5.145E-01	2.391E-05	5.145E-01	5.145E-01	5.145E-01	5.145E-01	5.145E-01	5.145E-01
1.630E+00	5.112E-01	2.493E-05	5.112E-01	5.112E-01	5.112E-01	5.112E-01	5.112E-01	5.112E-01
1.640E+00	5.079E-01	2.602E-05	5.079E-01	5.079E-01	5.079E-01	5.079E-01	5.079E-01	5.080E-01
1.650E+00	5.047E-01	2.720E-05	5.047E-01	5.046E-01	5.047E-01	5.047E-01	5.046E-01	5.047E-01
1.660E+00	5.014E-01	2.844E-05	5.014E-01	5.014E-01	5.014E-01	5.014E-01	5.014E-01	5.014E-01
1.670E+00	4.981E-01	2.974E-05	4.982E-01	4.981E-01	4.981E-01	4.981E-01	4.981E-01	4.982E-01
1.680E+00	4.949E-01	3.110E-05	4.949E-01	4.949E-01	4.949E-01	4.949E-01	4.949E-01	4.949E-01
1.690E+00	4.916E-01	3.251E-05	4.917E-01	4.916E-01	4.916E-01	4.916E-01	4.916E-01	4.917E-01
1.700E+00	4.884E-01	3.396E-05	4.884E-01	4.884E-01	4.884E-01	4.884E-01	4.884E-01	4.884E-01
1.710E+00	4.852E-01	3.544E-05	4.852E-01	4.851E-01	4.852E-01	4.851E-01	4.851E-01	4.852E-01
1.720E+00	4.819E-01	3.696E-05	4.819E-01	4.819E-01	4.819E-01	4.819E-01	4.819E-01	4.819E-01
1.730E+00	4.787E-01	3.851E-05	4.787E-01	4.787E-01	4.787E-01	4.787E-01	4.787E-01	4.787E-01
1.740E+00	4.755E-01	4.009E-05	4.755E-01	4.754E-01	4.755E-01	4.755E-01	4.754E-01	4.755E-01
1.750E+00	4.723E-01	4.169E-05	4.723E-01	4.722E-01	4.723E-01	4.723E-01	4.722E-01	4.723E-01
1.760E+00	4.690E-01	4.332E-05	4.691E-01	4.690E-01	4.690E-01	4.690E-01	4.690E-01	4.691E-01
1.770E+00	4.658E-01	4.496E-05	4.659E-01	4.658E-01	4.658E-01	4.658E-01	4.658E-01	4.659E-01
1.780E+00	4.626E-01	4.662E-05	4.627E-01	4.626E-01	4.626E-01	4.626E-01	4.626E-01	4.627E-01
1.790E+00	4.595E-01	4.829E-05	4.595E-01	4.594E-01	4.595E-01	4.595E-01	4.594E-01	4.595E-01
1.800E+00	4.563E-01	4.998E-05	4.563E-01	4.562E-01	4.563E-01	4.563E-01	4.563E-01	4.563E-01
1.810E+00	4.531E-01	5.168E-05	4.532E-01	4.531E-01	4.531E-01	4.531E-01	4.531E-01	4.531E-01
1.820E+00	4.499E-01	5.339E-05	4.500E-01	4.499E-01	4.499E-01	4.499E-01	4.499E-01	4.500E-01
1.830E+00	4.468E-01	5.510E-05	4.468E-01	4.467E-01	4.468E-01	4.468E-01	4.468E-01	4.468E-01
1.840E+00	4.436E-01	5.683E-05	4.437E-01	4.436E-01	4.436E-01	4.436E-01	4.436E-01	4.436E-01
1.850E+00	4.405E-01	5.856E-05	4.405E-01	4.404E-01	4.405E-01	4.405E-01	4.405E-01	4.405E-01
1.860E+00	4.374E-01	6.030E-05	4.374E-01	4.373E-01	4.373E-01	4.374E-01	4.373E-01	4.374E-01
1.870E+00	4.342E-01	6.204E-05	4.343E-01	4.342E-01	4.342E-01	4.342E-01	4.342E-01	4.342E-01
1.880E+00	4.311E-01	6.378E-05	4.312E-01	4.310E-01	4.311E-01	4.311E-01	4.311E-01	4.311E-01
1.890E+00	4.280E-01	6.553E-05	4.281E-01	4.279E-01	4.280E-01	4.280E-01	4.280E-01	4.280E-01
1.900E+00	4.249E-01	6.728E-05	4.250E-01	4.248E-01	4.249E-01	4.249E-01	4.249E-01	4.249E-01
1.910E+00	4.218E-01	6.903E-05	4.219E-01	4.217E-01	4.218E-01	4.218E-01	4.218E-01	4.218E-01
1.920E+00	4.187E-01	7.078E-05	4.188E-01	4.187E-01	4.187E-01	4.187E-01	4.187E-01	4.187E-01
1.930E+00	4.156E-01	7.254E-05	4.157E-01	4.156E-01	4.156E-01	4.157E-01	4.156E-01	4.157E-01
1.940E+00	4.126E-01	7.429E-05	4.127E-01	4.125E-01	4.126E-01	4.126E-01	4.126E-01	4.126E-01
1.950E+00	4.095E-01	7.603E-05	4.096E-01	4.095E-01	4.095E-01	4.095E-01	4.095E-01	4.095E-01
1.960E+00	4.065E-01	7.778E-05	4.066E-01	4.064E-01	4.065E-01	4.065E-01	4.065E-01	4.065E-01
1.970E+00	4.034E-01	7.952E-05	4.035E-01	4.034E-01	4.034E-01	4.035E-01	4.034E-01	4.035E-01
1.980E+00	4.004E-01	8.126E-05	4.005E-01	4.003E-01	4.004E-01	4.004E-01	4.004E-01	4.004E-01
1.990E+00	3.974E-01	8.300E-05	3.975E-01	3.973E-01	3.974E-01	3.974E-01	3.974E-01	3.974E-01
2.000E+00	3.944E-01	8.473E-05	3.945E-01	3.943E-01	3.944E-01	3.944E-01	3.944E-01	3.944E-01
2.010E+00	3.914E-01	8.646E-05	3.915E-01	3.913E-01	3.914E-01	3.914E-01	3.914E-01	3.914E-01
2.020E+00	3.884E-01	8.818E-05	3.885E-01	3.883E-01	3.884E-01	3.884E-01	3.884E-01	3.884E-01
2.030E+00	3.854E-01	8.990E-05	3.855E-01	3.854E-01	3.854E-01	3.854E-01	3.854E-01	3.855E-01
2.040E+00	3.825E-01	9.161E-05	3.826E-01	3.824E-01	3.825E-01	3.825E-01	3.825E-01	3.825E-01
2.050E+00	3.795E-01	9.331E-05	3.796E-01	3.794E-01	3.795E-01	3.795E-01	3.795E-01	3.795E-01
2.060E+00	3.766E-01	9.500E-05	3.767E-01	3.765E-01	3.766E-01	3.766E-01	3.766E-01	3.766E-01
2.070E+00	3.737E-01	9.669E-05	3.737E-01	3.736E-01	3.736E-01	3.737E-01	3.736E-01	3.737E-01
2.080E+00	3.707E-01	9.837E-05	3.708E-01	3.706E-01	3.707E-01	3.707E-01	3.707E-01	3.707E-01
2.090E+00	3.678E-01	1.000E-04	3.679E-01	3.677E-01	3.678E-01	3.678E-01	3.678E-01	3.678E-01
2.100E+00	3.649E-01	1.017E-04	3.650E-01	3.648E-01	3.649E-01	3.649E-01	3.649E-01	3.649E-01
2.110E+00	3.620E-01	1.034E-04	3.621E-01	3.619E-01	3.620E-01	3.620E-01	3.620E-01	3.621E-01
2.120E+00	3.592E-01	1.050E-04	3.593E-01	3.591E-01	3.592E-01	3.592E-01	3.591E-01	3.592E-01
2.130E+00	3.563E-01	1.066E-04	3.564E-01	3.562E-01	3.563E-01	3.563E-01	3.563E-01	3.563E-01
2.140E+00	3.534E-01	1.083E-04	3.535E-01	3.533E-01	3.534E-01	3.535E-01	3.534E-01	3.535E-01
2.150E+00	3.506E-01	1.099E-04	3.507E-01	3.505E-01	3.506E-01	3.506E-01	3.506E-01	3.506E-01
2.160E+00	3.478E-01	1.115E-04	3.479E-01	3.477E-01	3.478E-01	3.478E-01	3.478E-01	3.478E-01
2.170E+00	3.450E-01	1.131E-04	3.451E-01	3.448E-01	3.449E-01	3.450E-01	3.449E-01	3.450E-01
2.180E+00	3.422E-01	1.146E-04	3.423E-01	3.420E-01	3.421E-01	3.422E-01	3.421E-01	3.422E-01
2.190E+00	3.394E-01	1.162E-04	3.395E-01	3.392E-01	3.394E-01	3.394E-01	3.393E-01	3.394E-01
2.200E+00	3.366E-01	1.178E-04	3.367E-01	3.365E-01	3.366E-01	3.366E-01	3.366E-01	3.366E-01
2.210E+00	3.338E-01	1.193E-04	3.339E-01	3.337E-01	3.338E-01	3.338E-01	3.338E-01	3.338E-01
2.220E+00	3.311E-01	1.208E-04	3.312E-01	3.309E-01	3.310E-01	3.311E-01	3.310E-01	3.311E-01
2.230E+00	3.283E-01	1.223E-04	3.284E-01	3.282E-01	3.283E-01	3.283E-01	3.283E-01	3.283E-01
2.240E+00	3.256E-01	1.238E-04	3.257E-01	3.255E-01	3.256E-01	3.256E-01	3.256E-01	3.256E-01
2.250E+00	3.229E-01	1.253E-04	3.230E-01	3.227E-01	3.229E-01	3.229E-01	3.228E-01	3.229E-01
2.260E+00	3.202E-01	1.268E-04	3.203E-01	3.200E-01	3.201E-01	3.202E-01	3.201E-01	3.202E-01
2.270E+00	3.175E-01	1.283E-04	3.176E-01	3.173E-01	3.175E-01	3.175E-01	3.174E-01	3.175E-01
2.280E+00	3.148E-01	1.297E-04	3.149E-01	3.147E-01	3.148E-01	3.148E-01	3.148E-01	3.148E-01
2.290E+00	3.121E-01	1.311E-04	3.122E-01	3.120E-01	3.121E-01	3.121E-01	3.121E-01	3.121E-01
2.300E+00	3.095E-01	1.326E-04	3.096E-01	3.093E-01	3.095E-01	3.095E-01	3.094E-01	3.095E-01
2.310E+00	3.068E-01	1.340E-04	3.070E-01	3.067E-01	3.068E-01	3.068E-01	3.068E-01	3.068E-01
2.320E+00	3.042E-01	1.354E-04	3.043E-01	3.041E-01	3.042E-01	3.042E-01	3.042E-01	3.042E-01
2.330E+00	3.016E-01	1.367E-04	3.017E-01	3.014E-01	3.016E-01	3.016E-01	3.016E-01	3.016E-01
2.340E+00	2.990E-01	1.381E-04	2.991E-01	2.988E-01	2.990E-01	2.990E-01	2.990E-01	2.990E-01
2.350E+00	2.964E-01	1.394E-04	2.965E-01	2.963E-01	2.964E-01	2.964E-01	2.964E-01	2.964E-01
2.360E+00	2.938E-01	1.407E-04	2.940E-01	2.937E-01	2.938E-01	2.938E-01	2.938E-01	2.938E-01
2.370E+00	2.912E-01	1.420E-04	2.914E-01	2.911E-01	2.912E-01	2.913E-01	2.912E-01	2.913E-01
2.380E+00	2.887E-01	1.433E-04	2.888E-01	2.886E-01	2.887E-01	2.887E-01	2.887E-01	2.887E-01
2.390E+00	2.862E-01	1.446E-04	2.863E-01	2.860E-01	2.862E-01	2.862E-01	2.861E-01	2.862E-01
2.400E+00	2.836E-01	1.459E-04	2.838E-01	2.835E-01	2.836E-01	2.837E-01	2.836E-01	2.837E-01
2.410E+00	2.811E-01	1.471E-04	2.813E-01	2.810E-01	2.811E-01	2.811E-01	2.811E-01	2.812E-01
2.420E+00	2.786E-01	1.483E-04	2.788E-01	2.785E-01	2.786E-01	2.787E-01	2.786E-01	2.787E-01
2.430E+00	2.762E-01	1.495E-04	2.763E-01	2.760E-01	2.761E-01	2.762E-01	2.761E-01	2.762E-01
2.440E+00	2.737E-01	1.507E-04	2.738E-01	2.735E-01	2.737E-01	2.737E-01	2.737E-01	2.737E-01
2.450E+00	2.712E-01	1.519E-04	2.714E-01	2.711E-01	2.712E-01	2.713E-01	2.712E-01	2.713E-01
2.460E+00	2.688E-01	1.530E-04	2.689E-01	2.686E-01	2.688E-01	2.688E-01	2.688E-01	2.688E-01
2.470E+00	2.664E-01	1.542E-04	2.665E-01	2.662E-01	2.664E-01	2.664E-01	2.664E-01	2.664E-01
2.480E+00	2.640E-01	1.553E-04	2.641E-01	2.638E-01	2.639E-01	2.640E-01	2.639E-01	2.640E-01
2.490E+00	2.616E-01	1.564E-04	2.617E-01	2.614E-01	2.615E-01	2.616E-01	2.615E-01	2.616E-01
2.500E+00	2.592E-01	1.575E-04	2.593E-01	2.590E-01	2.592E-01	2.592E-01	2.592E-01	2.592E-01
2.510E+00	2.568E-01	1.585E-04	2.570E-01	2.566E-01	2.568E-01	2.568E-01	2.568E-01	2.568E-01
2.520E+00	2.544E-01	1.596E-04	2.546E-01	2.543E-01	2.544E-01	2.545E-01	2.544E-01	2.545E-01
2.530E+00	2.521E-01	1.606E-04	2.523E-01	2.519E-01	2.521E-01	2.521E-01	2.521E-01	2.521E-01
2.540E+00	2.498E-01	1.616E-04	2.499E-01	2.496E-01	2.498E-01	2.498E-01	2.498E-01	2.498E-01
2.550E+00	2.475E-01	1.626E-04	2.476E-01	2.473E-01	2.474E-01	2.475E-01	2.474E-01	2.475E-01
2.560E+00	2.452E-01	1.636E-04	2.453E-01	2.450E-01	2.451E-01	2.452E-01	2.451E-01	2.452E-01
2.570E+00	2.429E-01	1.645E-04	2.430E-01	2.427E-01	2.428E-01	2.429E-01	2.428E-01	2.429E-01
2.580E+00	2.406E-01	1.655E-04	2.408E-01	2.404E-01	2.406E-01	2.406E-01	2.406E-01	2.406E-01
2.590E+00	2.383E-01	1.664E-04	2.385E-01	2.382E-01	2.383E-01	2.383E-01	2.383E-01	2.383E-01
2.600E+00	2.361E-01	1.673E-04	2.362E-01	2.359E-01	2.361E-01	2.361E-01	2.361E-01	2.361E-01
2.610E+00	2.339E-01	1.681E-04	2.340E-01	2.337E-01	2.338E-01	2.339E-01	2.338E-01	2.339E-01
2.620E+00	2.316E-01	1.690E-04	2.318E-01	2.315E-01	2.316E-01	2.316E-01	2.316E-01	2.317E-01
2.630E+00	2.294E-01	1.698E-04	2.296E-01	2.293E-01	2.294E-01	2.294E-01	2.294E-01	2.294E-01
2.640E+00	2.272E-01	1.707E-04	2.274E-01	2.271E-01	2.272E-01	2.273E-01	2.272E-01	2.273E-01
2.650E+00	2.251E-01	1.715E-04	2.252E-01	2.249E-01	2.250E-01	2.251E-01	2.250E-01	2.251E-01
2.660E+00	2.229E-01	1.722E-04	2.231E-01	2.227E-01	2.229E-01	2.229E-01	2.229E-01	2.229E-01
2.670E+00	2.208E-01	1.730E-04	2.209E-01	2.206E-01	2.207E-01	2.208E-01	2.207E-01	2.208E-01
2.680E+00	2.186E-01	1.737E-04	2.188E-01	2.184E-01	2.186E-01	2.186E-01	2.186E-01	2.186E-01
2.690E+00	2.165E-01	1.745E-04	2.167E-01	2.163E-01	2.165E-01	2.165E-01	2.165E-01	2.165E-01
2.700E+00	2.144E-01	1.752E-04	2.146E-01	2.142E-01	2.144E-01	2.144E-01	2.144E-01	2.144E-01
2.710E+00	2.123E-01	1.759E-04	2.125E-01	2.121E-01	2.123E-01	2.123E-01	2.123E-01	2.123E-01
2.720E+00	2.102E-01	1.765E-04	2.104E-01	2.100E-01	2.102E-01	2.102E-01	2.102E-01	2.102E-01
2.730E+00	2.082E-01	1.772E-04	2.083E-01	2.080E-01	2.081E-01	2.082E-01	2.081E-01	2.082E-01
2.740E+00	2.061E-01	1.778E-04	2.063E-01	2.059E-01	2.061E-01	2.061E-01	2.061E-01	2.061E-01
2.750E+00	2.041E-01	1.784E-04	2.043E-01	2.039E-01	2.041E-01	2.041E-01	2.041E-01	2.041E-01
2.760E+00	2.021E-01	1.790E-04	2.022E-01	2.019E-01	2.020E-01	2.021E-01	2.020E-01	2.021E-01
2.770E+00	2.000E-01	1.796E-04	2.002E-01	1.999E-01	2.000E-01	2.001E-01	2.000E-01	2.001E-01
2.780E+00	1.981E-01	1.801E-04	1.982E-01	1.979E-01	1.980E-01	1.981E-01	1.980E-01	1.981E-01
2.790E+00	1.961E-01	1.807E-04	1.962E-01	1.959E-01	1.961E-01	1.961E-01	1.961E-01	1.961E-01
2.800E+00	1.941E-01	1.812E-04	1.943E-01	1.939E-01	1.941E-01	1.941E-01	1.941E-01	1.941E-01
2.810E+00	1.922E-01	1.817E-04	1.923E-01	1.920E-01	1.921E-01	1.922E-01	1.921E-01	1.922E-01
2.820E+00	1.902E-01	1.821E-04	1.904E-01	1.900E-01	1.902E-01	1.902E-01	1.902E-01	1.902E-01
2.830E+00	1.883E-01	1.826E-04	1.885E-01	1.881E-01	1.883E-01	1.883E-01	1.883E-01	1.883E-01
2.840E+00	1.864E-01	1.830E-04	1.866E-01	1.862E-01	1.864E-01	1.864E-01	1.864E-01	1.864E-01
2.850E+00	1.845E-01	1.834E-04	1.847E-01	1.843E-01	1.845E-01	1.845E-01	1.845E-01	1.845E-01
2.860E+00	1.826E-01	1.838E-04	1.828E-01	1.824E-01	1.826E-01	1.826E-01	1.826E-01	1.826E-01
2.870E+00	1.807E-01	1.842E-04	1.809E-01	1.805E-01	1.807E-01	1.807E-01	1.807E-01	1.807E-01
2.880E+00	1.789E-01	1.846E-04	1.791E-01	1.787E-01	1.789E-01	1.789E-01	1.789E-01	1.789E-01
2.890E+00	1.770E-01	1.849E-04	1.772E-01	1.768E-01	1.770E-01	1.770E-01	1.770E-01	1.770E-01
2.900E+00	1.752E-01	1.853E-04	1.754E-01	1.750E-01	1.752E-01	1.752E-01	1.752E-01	1.752E-01
2.910E+00	1.734E-01	1.856E-04	1.736E-01	1.732E-01	1.734E-01	1.734E-01	1.734E-01	1.734E-01
2.920E+00	1.716E-01	1.859E-04	1.718E-01	1.714E-01	1.716E-01	1.716E-01	1.716E-01	1.716E-01
2.930E+00	1.698E-01	1.861E-04	1.700E-01	1.696E-01	1.698E-01	1.698E-01	1.698E-01	1.698E-01
2.940E+00	1.680E-01	1.864E-04	1.682E-01	1.678E-01	1.680E-01	1.680E-01	1.680E-01	1.680E-01
2.950E+00	1.663E-01	1.866E-04	1.665E-01	1.661E-01	1.662E-01	1.663E-01	1.663E-01	1.663E-01
2.960E+00	1.645E-01	1.868E-04	1.647E-01	1.643E-01	1.645E-01	1.645E-01	1.645E-01	1.645E-01
2.970E+00	1.628E-01	1.870E-04	1.630E-01	1.626E-01	1.628E-01	1.628E-01	1.628E-01	1.628E-01
2.980E+00	1.611E-01	1.872E-04	1.613E-01	1.609E-01	1.611E-01	1.611E-01	1.611E-01	1.611E-01
2.990E+00	1.594E-01	1.874E-04	1.595E-01	1.592E-01	1.593E-01	1.594E-01	1.593E-01	1.594E-01
3.000E+00	1.577E-01	1.875E-04	1.579E-01	1.575E-01	1.577E-01	1.577E-01	1.577E-01	1.577E-01
