1.000E-02	1.105E+00	4.971E-04	1.105E+00	1.104E+00	1.105E+00	1.105E+00	1.105E+00	1.105E+00
2.000E-02	1.105E+00	4.945E-04	1.105E+00	1.104E+00	1.105E+00	1.104E+00	1.105E+00	1.105E+00
3.000E-02	1.104E+00	4.909E-04	1.105E+00	1.104E+00	1.105E+00	1.104E+00	1.104E+00	1.104E+00
4.000E-02	1.104E+00	4.867E-04	1.105E+00	1.104E+00	1.104E+00	1.104E+00	1.104E+00	1.104E+00
5.000E-02	1.104E+00	4.819E-04	1.104E+00	1.103E+00	1.104E+00	1.104E+00	1.104E+00	1.104E+00
6.000E-02	1.104E+00	4.767E-04	1.104E+00	1.103E+00	1.104E+00	1.103E+00	1.104E+00	1.104E+00
7.000E-02	1.103E+00	4.710E-04	1.104E+00	1.103E+00	1.103E+00	1.103E+00	1.103E+00	1.103E+00
8.000E-02	1.103E+00	4.649E-04	1.103E+00	1.102E+00	1.103E+00	1.102E+00	1.103E+00	1.103E+00
9.000E-02	1.102E+00	4.585E-04	1.103E+00	1.102E+00	1.102E+00	1.102E+00	1.102E+00	1.102E+00
1.000E-01	1.102E+00	4.518E-04	1.102E+00	1.101E+00	1.102E+00	1.101E+00	1.102E+00	1.102E+00
1.100E-01	1.101E+00	4.449E-04	1.101E+00	1.101E+00	1.101E+00	1.101E+00	1.101E+00	1.101E+00
1.200E-01	1.100E+00	4.378E-04	1.101E+00	1.100E+00	1.101E+00	1.100E+00	1.100E+00	1.100E+00
1.300E-01	1.100E+00	4.305E-04	1.100E+00	1.099E+00	1.100E+00	1.099E+00	1.100E+00	1.100E+00
1.400E-01	1.099E+00	4.231E-04	1.099E+00	1.099E+00	1.099E+00	1.099E+00	1.099E+00	1.099E+00
1.500E-01	1.098E+00	4.155E-04	1.099E+00	1.098E+00	1.098E+00	1.098E+00	1.098E+00	1.098E+00
1.600E-01	1.097E+00	4.078E-04	1.098E+00	1.097E+00	1.098E+00	1.097E+00	1.097E+00	1.097E+00
1.700E-01	1.097E+00	4.000E-04	1.097E+00	1.096E+00	1.097E+00	1.096E+00	1.097E+00	1.097E+00
1.800E-01	1.096E+00	3.922E-04	1.096E+00	1.095E+00	1.096E+00	1.095E+00	1.096E+00	1.096E+00
1.900E-01	1.095E+00	3.843E-04	1.095E+00	1.094E+00	1.095E+00	1.094E+00	1.095E+00	1.095E+00
2.000E-01	1.094E+00	3.764E-04	1.094E+00	1.093E+00	1.094E+00	1.093E+00	1.094E+00	1.094E+00
2.100E-01	1.093E+00	3.685E-04	1.093E+00	1.092E+00	1.093E+00	1.092E+00	1.093E+00	1.093E+00
2.200E-01	1.092E+00	3.606E-04	1.092E+00	1.091E+00	1.092E+00	1.091E+00	1.092E+00	1.092E+00
2.300E-01	1.091E+00	3.528E-04	1.091E+00	1.090E+00	1.091E+00	1.090E+00	1.091E+00	1.091E+00
2.400E-01	1.089E+00	3.451E-04	1.090E+00	1.089E+00	1.090E+00	1.089E+00	1.089E+00	1.089E+00
2.500E-01	1.088E+00	3.374E-04	1.088E+00	1.088E+00	1.089E+00	1.088E+00	1.088E+00	1.088E+00
2.600E-01	1.087E+00	3.298E-04	1.087E+00	1.087E+00	1.087E+00	1.087E+00	1.087E+00	1.087E+00
2.700E-01	1.086E+00	3.223E-04	1.086E+00	1.086E+00	1.086E+00	1.086E+00	1.086E+00	1.086E+00
2.800E-01	1.085E+00	3.150E-04	1.085E+00	1.084E+00	1.085E+00	1.084E+00	1.085E+00	1.085E+00
2.900E-01	1.083E+00	3.079E-04	1.083E+00	1.083E+00	1.083E+00	1.083E+00	1.083E+00	1.083E+00
3.000E-01	1.082E+00	3.009E-04	1.082E+00	1.082E+00	1.082E+00	1.082E+00	1.082E+00	1.082E+00
3.100E-01	1.081E+00	2.942E-04	1.081E+00	1.080E+00	1.081E+00	1.080E+00	1.081E+00	1.081E+00
3.200E-01	1.079E+00	2.876E-04	1.079E+00	1.079E+00	1.079E+00	1.079E+00	1.079E+00	1.079E+00
3.300E-01	1.078E+00	2.813E-04	1.078E+00	1.078E+00	1.078E+00	1.077E+00	1.078E+00	1.078E+00
3.400E-01	1.076E+00	2.753E-04	1.076E+00	1.076E+00	1.076E+00	1.076E+00	1.076E+00	1.076E+00
3.500E-01	1.075E+00	2.696E-04	1.075E+00	1.075E+00	1.075E+00	1.074E+00	1.075E+00	1.075E+00
3.600E-01	1.073E+00	2.642E-04	1.073E+00	1.073E+00	1.073E+00	1.073E+00	1.073E+00	1.073E+00
3.700E-01	1.072E+00	2.591E-04	1.072E+00	1.071E+00	1.072E+00	1.071E+00	1.072E+00	1.072E+00
3.800E-01	1.070E+00	2.543E-04	1.070E+00	1.070E+00	1.070E+00	1.070E+00	1.070E+00	1.070E+00
3.900E-01	1.068E+00	2.499E-04	1.068E+00	1.068E+00	1.069E+00	1.068E+00	1.068E+00	1.068E+00
4.000E-01	1.067E+00	2.460E-04	1.067E+00	1.067E+00	1.067E+00	1.066E+00	1.067E+00	1.067E+00
4.100E-01	1.065E+00	2.424E-04	1.065E+00	1.065E+00	1.065E+00	1.065E+00	1.065E+00	1.065E+00
4.200E-01	1.063E+00	2.392E-04	1.063E+00	1.063E+00	1.063E+00	1.063E+00	1.063E+00	1.063E+00
4.300E-01	1.061E+00	2.364E-04	1.061E+00	1.061E+00	1.062E+00	1.061E+00	1.061E+00	1.061E+00
4.400E-01	1.060E+00	2.341E-04	1.060E+00	1.060E+00	1.060E+00	1.059E+00	1.060E+00	1.060E+00
4.500E-01	1.058E+00	2.322E-04	1.058E+00	1.058E+00	1.058E+00	1.058E+00	1.058E+00	1.058E+00
4.600E-01	1.056E+00	2.308E-04	1.056E+00	1.056E+00	1.056E+00	1.056E+00	1.056E+00	1.056E+00
4.700E-01	1.054E+00	2.298E-04	1.054E+00	1.054E+00	1.054E+00	1.054E+00	1.054E+00	1.054E+00
4.800E-01	1.052E+00	2.292E-04	1.052E+00	1.052E+00	1.052E+00	1.052E+00	1.052E+00	1.052E+00
4.900E-01	1.050E+00	2.291E-04	1.050E+00	1.050E+00	1.050E+00	1.050E+00	1.050E+00	1.050E+00
5.000E-01	1.048E+00	2.293E-04	1.048E+00	1.048E+00	1.048E+00	1.048E+00	1.048E+00	1.048E+00
5.100E-01	1.046E+00	2.300E-04	1.046E+00	1.046E+00	1.046E+00	1.046E+00	1.046E+00	1.046E+00
5.200E-01	1.044E+00	2.311E-04	1.044E+00	1.044E+00	1.044E+00	1.044E+00	1.044E+00	1.044E+00
5.300E-01	1.042E+00	2.325E-04	1.042E+00	1.042E+00	1.042E+00	1.042E+00	1.042E+00	1.042E+00
5.400E-01	1.040E+00	2.343E-04	1.040E+00	1.040E+00	1.040E+00	1.040E+00	1.040E+00	1.040E+00
5.500E-01	1.038E+00	2.364E-04	1.038E+00	1.038E+00	1.038E+00	1.038E+00	1.038E+00	1.038E+00
5.600E-01	1.036E+00	2.389E-04	1.036E+00	1.036E+00	1.036E+00	1.036E+00	1.036E+00	1.036E+00
5.700E-01	1.034E+00	2.416E-04	1.034E+00	1.034E+00	1.034E+00	1.033E+00	1.034E+00	1.034E+00
5.800E-01	1.032E+00	2.446E-04	1.031E+00	1.032E+00	1.032E+00	1.031E+00	1.031E+00	1.032E+00
5.900E-01	1.029E+00	2.478E-04	1.029E+00	1.029E+00	1.030E+00	1.029E+00	1.029E+00	1.029E+00
6.000E-01	1.027E+00	2.512E-04	1.027E+00	1.027E+00	1.027E+00	1.027E+00	1.027E+00	1.027E+00
6.100E-01	1.025E+00	2.548E-04	1.025E+00	1.025E+00	1.025E+00	1.025E+00	1.025E+00	1.025E+00
6.200E-01	1.023E+00	2.587E-04	1.022E+00	1.023E+00	1.023E+00	1.022E+00	1.023E+00	1.023E+00
6.300E-01	1.020E+00	2.626E-04	1.020E+00	1.020E+00	1.020E+00	1.020E+00	1.020E+00	1.020E+00
6.400E-01	1.018E+00	2.667E-04	1.018E+00	1.018E+00	1.018E+00	1.018E+00	1.018E+00	1.018E+00
6.500E-01	1.016E+00	2.709E-04	1.015E+00	1.016E+00	1.016E+00	1.015E+00	1.016E+00	1.016E+00
6.600E-01	1.013E+00	2.752E-04	1.013E+00	1.013E+00	1.013E+00	1.013E+00	1.013E+00	1.013E+00
6.700E-01	1.011E+00	2.796E-04	1.011E+00	1.011E+00	1.011E+00	1.011E+00	1.011E+00	1.011E+00
6.800E-01	1.008E+00	2.840E-04	1.008E+00	1.008E+00	1.009E+00	1.008E+00	1.008E+00	1.008E+00
6.900E-01	1.006E+00	2.885E-04	1.006E+00	1.006E+00	1.006E+00	1.006E+00	1.006E+00	1.006E+00
7.000E-01	1.003E+00	2.930E-04	1.003E+00	1.004E+00	1.004E+00	1.003E+00	1.003E+00	1.003E+00
7.100E-01	1.001E+00	2.976E-04	1.001E+00	1.001E+00	1.001E+00	1.001E+00	1.001E+00	1.001E+00
7.200E-01	9.984E-01	3.021E-04	9.981E-01	9.986E-01	9.986E-01	9.982E-01	9.983E-01	9.984E-01
7.300E-01	9.958E-01	3.067E-04	9.956E-01	9.961E-01	9.960E-01	9.956E-01	9.958E-01	9.958E-01
7.400E-01	9.933E-01	3.112E-04	9.930E-01	9.935E-01	9.935E-01	9.931E-01	9.932E-01	9.933E-01
7.500E-01	9.907E-01	3.157E-04	9.904E-01	9.909E-01	9.909E-01	9.905E-01	9.907E-01	9.907E-01
7.600E-01	9.881E-01	3.202E-04	9.878E-01	9.883E-01	9.883E-01	9.879E-01	9.881E-01	9.881E-01
7.700E-01	9.855E-01	3.246E-04	9.852E-01	9.857E-01	9.856E-01	9.853E-01	9.854E-01	9.855E-01
7.800E-01	9.828E-01	3.290E-04	9.825E-01	9.831E-01	9.830E-01	9.826E-01	9.828E-01	9.828E-01
7.900E-01	9.801E-01	3.333E-04	9.799E-01	9.804E-01	9.803E-01	9.800E-01	9.801E-01	9.802E-01
8.000E-01	9.775E-01	3.376E-04	9.772E-01	9.777E-01	9.777E-01	9.773E-01	9.774E-01	9.775E-01
8.100E-01	9.748E-01	3.418E-04	9.745E-01	9.750E-01	9.749E-01	9.746E-01	9.747E-01	9.748E-01
8.200E-01	9.720E-01	3.459E-04	9.717E-01	9.723E-01	9.722E-01	9.719E-01	9.720E-01	9.721E-01
8.300E-01	9.693E-01	3.499E-04	9.690E-01	9.696E-01	9.695E-01	9.691E-01	9.693E-01	9.693E-01
8.400E-01	9.665E-01	3.538E-04	9.662E-01	9.668E-01	9.667E-01	9.664E-01	9.665E-01	9.666E-01
8.500E-01	9.638E-01	3.577E-04	9.634E-01	9.641E-01	9.639E-01	9.636E-01	9.637E-01	9.638E-01
8.600E-01	9.610E-01	3.614E-04	9.606E-01	9.613E-01	9.611E-01	9.608E-01	9.609E-01	9.610E-01
8.700E-01	9.581E-01	3.651E-04	9.578E-01	9.585E-01	9.583E-01	9.580E-01	9.581E-01	9.582E-01
8.800E-01	9.553E-01	3.686E-04	9.550E-01	9.556E-01	9.555E-01	9.551E-01	9.553E-01	9.553E-01
8.900E-01	9.525E-01	3.720E-04	9.521E-01	9.528E-01	9.526E-01	9.523E-01	9.524E-01	9.525E-01
9.000E-01	9.496E-01	3.754E-04	9.493E-01	9.499E-01	9.498E-01	9.494E-01	9.496E-01	9.496E-01
9.100E-01	9.467E-01	3.786E-04	9.464E-01	9.471E-01	9.469E-01	9.465E-01	9.467E-01	9.467E-01
9.200E-01	9.438E-01	3.817E-04	9.435E-01	9.442E-01	9.440E-01	9.436E-01	9.438E-01	9.438E-01
9.300E-01	9.409E-01	3.846E-04	9.406E-01	9.412E-01	9.411E-01	9.407E-01	9.409E-01	9.409E-01
9.400E-01	9.380E-01	3.875E-04	9.376E-01	9.383E-01	9.381E-01	9.378E-01	9.379E-01	9.380E-01
9.500E-01	9.350E-01	3.902E-04	9.347E-01	9.354E-01	9.352E-01	9.349E-01	9.350E-01	9.350E-01
9.600E-01	9.321E-01	3.928E-04	9.317E-01	9.324E-01	9.322E-01	9.319E-01	9.320E-01	9.321E-01
9.700E-01	9.291E-01	3.953E-04	9.287E-01	9.294E-01	9.292E-01	9.289E-01	9.291E-01	9.291E-01
9.800E-01	9.261E-01	3.976E-04	9.257E-01	9.264E-01	9.262E-01	9.259E-01	9.261E-01	9.261E-01
9.900E-01	9.231E-01	3.998E-04	9.227E-01	9.234E-01	9.232E-01	9.229E-01	9.231E-01	9.231E-01
1.000E+00	9.200E-01	4.019E-04	9.197E-01	9.204E-01	9.202E-01	9.199E-01	9.200E-01	9.201E-01
1.010E+00	9.170E-01	4.039E-04	9.166E-01	9.174E-01	9.172E-01	9.169E-01	9.170E-01	9.170E-01
1.020E+00	9.140E-01	4.057E-04	9.136E-01	9.143E-01	9.141E-01	9.138E-01	9.139E-01	9.140E-01
1.030E+00	9.109E-01	4.073E-04	9.105E-01	9.113E-01	9.110E-01	9.107E-01	9.109E-01	9.109E-01
1.040E+00	9.078E-01	4.089E-04	9.074E-01	9.082E-01	9.080E-01	9.077E-01	9.078E-01	9.078E-01
1.050E+00	9.047E-01	4.103E-04	9.043E-01	9.051E-01	9.049E-01	9.046E-01	9.047E-01	9.047E-01
1.060E+00	9.016E-01	4.115E-04	9.012E-01	9.020E-01	9.018E-01	9.015E-01	9.016E-01	9.016E-01
1.070E+00	8.985E-01	4.127E-04	8.981E-01	8.989E-01	8.986E-01	8.984E-01	8.985E-01	8.985E-01
1.080E+00	8.954E-01	4.136E-04	8.950E-01	8.958E-01	8.955E-01	8.952E-01	8.953E-01	8.954E-01
1.090E+00	8.922E-01	4.145E-04	8.918E-01	8.926E-01	8.924E-01	8.921E-01	8.922E-01	8.922E-01
1.100E+00	8.891E-01	4.152E-04	8.887E-01	8.895E-01	8.892E-01	8.889E-01	8.890E-01	8.891E-01
1.110E+00	8.859E-01	4.158E-04	8.855E-01	8.863E-01	8.860E-01	8.858E-01	8.859E-01	8.859E-01
1.120E+00	8.827E-01	4.162E-04	8.823E-01	8.831E-01	8.829E-01	8.826E-01	8.827E-01	8.828E-01
1.130E+00	8.795E-01	4.165E-04	8.791E-01	8.799E-01	8.797E-01	8.794E-01	8.795E-01	8.796E-01
1.140E+00	8.763E-01	4.166E-04	8.759E-01	8.767E-01	8.765E-01	8.762E-01	8.763E-01	8.764E-01
1.150E+00	8.731E-01	4.166E-04	8.727E-01	8.735E-01	8.733E-01	8.730E-01	8.731E-01	8.732E-01
1.160E+00	8.699E-01	4.165E-04	8.695E-01	8.703E-01	8.700E-01	8.698E-01	8.699E-01	8.699E-01
1.170E+00	8.667E-01	4.162E-04	8.663E-01	8.671E-01	8.668E-01	8.665E-01	8.666E-01	8.667E-01
1.180E+00	8.634E-01	4.158E-04	8.630E-01	8.638E-01	8.636E-01	8.633E-01	8.634E-01	8.635E-01
1.190E+00	8.602E-01	4.152E-04	8.598E-01	8.606E-01	8.603E-01	8.601E-01	8.602E-01	8.602E-01
1.200E+00	8.569E-01	4.145E-04	8.565E-01	8.573E-01	8.570E-01	8.568E-01	8.569E-01	8.569E-01
1.210E+00	8.536E-01	4.137E-04	8.533E-01	8.540E-01	8.538E-01	8.535E-01	8.536E-01	8.537E-01
1.220E+00	8.504E-01	4.127E-04	8.500E-01	8.508E-01	8.505E-01	8.502E-01	8.503E-01	8.504E-01
1.230E+00	8.471E-01	4.116E-04	8.467E-01	8.475E-01	8.472E-01	8.470E-01	8.471E-01	8.471E-01
1.240E+00	8.438E-01	4.104E-04	8.434E-01	8.442E-01	8.439E-01	8.437E-01	8.438E-01	8.438E-01
1.250E+00	8.405E-01	4.090E-04	8.401E-01	8.409E-01	8.406E-01	8.404E-01	8.404E-01	8.405E-01
1.260E+00	8.372E-01	4.075E-04	8.368E-01	8.376E-01	8.373E-01	8.370E-01	8.371E-01	8.372E-01
1.270E+00	8.338E-01	4.058E-04	8.335E-01	8.342E-01	8.340E-01	8.337E-01	8.338E-01	8.339E-01
1.280E+00	8.305E-01	4.041E-04	8.301E-01	8.309E-01	8.306E-01	8.304E-01	8.305E-01	8.305E-01
1.290E+00	8.272E-01	4.022E-04	8.268E-01	8.276E-01	8.273E-01	8.271E-01	8.271E-01	8.272E-01
1.300E+00	8.238E-01	4.001E-04	8.234E-01	8.242E-01	8.239E-01	8.237E-01	8.238E-01	8.239E-01
1.310E+00	8.205E-01	3.979E-04	8.201E-01	8.209E-01	8.206E-01	8.204E-01	8.205E-01	8.205E-01
1.320E+00	8.171E-01	3.956E-04	8.167E-01	8.175E-01	8.172E-01	8.170E-01	8.171E-01	8.172E-01
1.330E+00	8.138E-01	3.932E-04	8.134E-01	8.141E-01	8.139E-01	8.137E-01	8.137E-01	8.138E-01
1.340E+00	8.104E-01	3.906E-04	8.100E-01	8.108E-01	8.105E-01	8.103E-01	8.104E-01	8.104E-01
1.350E+00	8.070E-01	3.879E-04	8.066E-01	8.074E-01	8.071E-01	8.069E-01	8.070E-01	8.070E-01
1.360E+00	8.036E-01	3.851E-04	8.033E-01	8.040E-01	8.037E-01	8.035E-01	8.036E-01	8.037E-01
1.370E+00	8.002E-01	3.822E-04	7.999E-01	8.006E-01	8.003E-01	8.001E-01	8.002E-01	8.003E-01
1.380E+00	7.968E-01	3.791E-04	7.965E-01	7.972E-01	7.969E-01	7.967E-01	7.968E-01	7.969E-01
1.390E+00	7.934E-01	3.759E-04	7.931E-01	7.938E-01	7.935E-01	7.934E-01	7.934E-01	7.935E-01
1.400E+00	7.900E-01	3.726E-04	7.897E-01	7.904E-01	7.901E-01	7.899E-01	7.900E-01	7.901E-01
1.410E+00	7.866E-01	3.692E-04	7.863E-01	7.870E-01	7.867E-01	7.865E-01	7.866E-01	7.867E-01
1.420E+00	7.832E-01	3.656E-04	7.829E-01	7.836E-01	7.833E-01	7.831E-01	7.832E-01	7.833E-01
1.430E+00	7.798E-01	3.620E-04	7.795E-01	7.802E-01	7.799E-01	7.797E-01	7.798E-01	7.798E-01
1.440E+00	7.764E-01	3.582E-04	7.760E-01	7.767E-01	7.765E-01	7.763E-01	7.764E-01	7.764E-01
1.450E+00	7.730E-01	3.543E-04	7.726E-01	7.733E-01	7.730E-01	7.729E-01	7.729E-01	7.730E-01
1.460E+00	7.695E-01	3.503E-04	7.692E-01	7.699E-01	7.696E-01	7.694E-01	7.695E-01	7.696E-01
1.470E+00	7.661E-01	3.461E-04	7.658E-01	7.664E-01	7.662E-01	7.660E-01	7.661E-01	7.661E-01
1.480E+00	7.627E-01	3.419E-04	7.623E-01	7.630E-01	7.627E-01	7.626E-01	7.626E-01	7.627E-01
1.490E+00	7.592E-01	3.376E-04	7.589E-01	7.595E-01	7.593E-01	7.591E-01	7.592E-01	7.593E-01
1.500E+00	7.558E-01	3.331E-04	7.555E-01	7.561E-01	7.559E-01	7.557E-01	7.557E-01	7.558E-01
1.510E+00	7.523E-01	3.286E-04	7.520E-01	7.527E-01	7.524E-01	7.523E-01	7.523E-01	7.524E-01
1.520E+00	7.489E-01	3.239E-04	7.486E-01	7.492E-01	7.490E-01	7.488E-01	7.489E-01	7.489E-01
1.530E+00	7.454E-01	3.191E-04	7.451E-01	7.457E-01	7.455E-01	7.454E-01	7.454E-01	7.455E-01
1.540E+00	7.420E-01	3.143E-04	7.417E-01	7.423E-01	7.421E-01	7.419E-01	7.420E-01	7.420E-01
1.550E+00	7.385E-01	3.093E-04	7.382E-01	7.388E-01	7.386E-01	7.385E-01	7.385E-01	7.386E-01
1.560E+00	7.351E-01	3.042E-04	7.348E-01	7.354E-01	7.351E-01	7.350E-01	7.350E-01	7.351E-01
1.570E+00	7.316E-01	2.991E-04	7.313E-01	7.319E-01	7.317E-01	7.316E-01	7.316E-01	7.317E-01
1.580E+00	7.282E-01	2.938E-04	7.279E-01	7.284E-01	7.282E-01	7.281E-01	7.281E-01	7.282E-01
1.590E+00	7.247E-01	2.885E-04	7.244E-01	7.250E-01	7.248E-01	7.246E-01	7.247E-01	7.247E-01
1.600E+00	7.212E-01	2.830E-04	7.210E-01	7.215E-01	7.213E-01	7.212E-01	7.212E-01	7.213E-01
1.610E+00	7.178E-01	2.775E-04	7.175E-01	7.181E-01	7.178E-01	7.177E-01	7.177E-01	7.178E-01
1.620E+00	7.143E-01	2.719E-04	7.141E-01	7.146E-01	7.144E-01	7.143E-01	7.143E-01	7.144E-01
1.630E+00	7.109E-01	2.662E-04	7.106E-01	7.111E-01	7.109E-01	7.108E-01	7.108E-01	7.109E-01
1.640E+00	7.074E-01	2.604E-04	7.072E-01	7.077E-01	7.075E-01	7.073E-01	7.074E-01	7.074E-01
1.650E+00	7.039E-01	2.545E-04	7.037E-01	7.042E-01	7.040E-01	7.039E-01	7.039E-01	7.040E-01
1.660E+00	7.005E-01	2.485E-04	7.002E-01	7.007E-01	7.005E-01	7.004E-01	7.004E-01	7.005E-01
1.670E+00	6.970E-01	2.425E-04	6.968E-01	6.973E-01	6.971E-01	6.970E-01	6.970E-01	6.971E-01
1.680E+00	6.936E-01	2.364E-04	6.933E-01	6.938E-01	6.936E-01	6.935E-01	6.935E-01	6.936E-01
1.690E+00	6.901E-01	2.302E-04	6.899E-01	6.903E-01	6.901E-01	6.900E-01	6.901E-01	6.901E-01
1.700E+00	6.866E-01	2.240E-04	6.864E-01	6.869E-01	6.867E-01	6.866E-01	6.866E-01	6.867E-01
1.710E+00	6.832E-01	2.176E-04	6.830E-01	6.834E-01	6.832E-01	6.831E-01	6.831E-01	6.832E-01
1.720E+00	6.797E-01	2.112E-04	6.795E-01	6.799E-01	6.798E-01	6.797E-01	6.797E-01	6.798E-01
1.730E+00	6.763E-01	2.048E-04	6.761E-01	6.765E-01	6.763E-01	6.762E-01	6.762E-01	6.763E-01
1.740E+00	6.728E-01	1.983E-04	6.726E-01	6.730E-01	6.729E-01	6.728E-01	6.728E-01	6.729E-01
1.750E+00	6.694E-01	1.917E-04	6.692E-01	6.696E-01	6.694E-01	6.693E-01	6.693E-01	6.694E-01
1.760E+00	6.659E-01	1.850E-04	6.657E-01	6.661E-01	6.660E-01	6.659E-01	6.659E-01	6.660E-01
1.770E+00	6.625E-01	1.784E-04	6.623E-01	6.626E-01	6.625E-01	6.624E-01	6.624E-01	6.625E-01
1.780E+00	6.590E-01	1.716E-04	6.589E-01	6.592E-01	6.591E-01	6.590E-01	6.590E-01	6.591E-01
1.790E+00	6.556E-01	1.648E-04	6.554E-01	6.557E-01	6.556E-01	6.555E-01	6.555E-01	6.556E-01
1.800E+00	6.521E-01	1.580E-04	6.520E-01	6.523E-01	6.522E-01	6.521E-01	6.521E-01	6.522E-01
1.810E+00	6.487E-01	1.512E-04	6.486E-01	6.489E-01	6.487E-01	6.487E-01	6.487E-01	6.487E-01
1.820E+00	6.453E-01	1.443E-04	6.451E-01	6.454E-01	6.453E-01	6.452E-01	6.452E-01	6.453E-01
1.830E+00	6.418E-01	1.373E-04	6.417E-01	6.420E-01	6.419E-01	6.418E-01	6.418E-01	6.419E-01
1.840E+00	6.384E-01	1.304E-04	6.383E-01	6.385E-01	6.384E-01	6.384E-01	6.384E-01	6.385E-01
1.850E+00	6.350E-01	1.235E-04	6.349E-01	6.351E-01	6.350E-01	6.350E-01	6.350E-01	6.350E-01
1.860E+00	6.316E-01	1.165E-04	6.315E-01	6.317E-01	6.316E-01	6.315E-01	6.315E-01	6.316E-01
1.870E+00	6.282E-01	1.096E-04	6.281E-01	6.283E-01	6.282E-01	6.281E-01	6.281E-01	6.282E-01
1.880E+00	6.247E-01	1.027E-04	6.247E-01	6.248E-01	6.248E-01	6.247E-01	6.247E-01	6.248E-01
1.890E+00	6.213E-01	9.584E-05	6.213E-01	6.214E-01	6.214E-01	6.213E-01	6.213E-01	6.214E-01
1.900E+00	6.179E-01	8.906E-05	6.179E-01	6.180E-01	6.180E-01	6.179E-01	6.179E-01	6.180E-01
1.910E+00	6.145E-01	8.238E-05	6.145E-01	6.146E-01	6.146E-01	6.145E-01	6.145E-01	6.146E-01
1.920E+00	6.111E-01	7.586E-05	6.111E-01	6.112E-01	6.112E-01	6.111E-01	6.111E-01	6.112E-01
1.930E+00	6.078E-01	6.953E-05	6.077E-01	6.078E-01	6.078E-01	6.077E-01	6.077E-01	6.078E-01
1.940E+00	6.044E-01	6.349E-05	6.043E-01	6.044E-01	6.044E-01	6.044E-01	6.043E-01	6.044E-01
1.950E+00	6.010E-01	5.784E-05	6.010E-01	6.010E-01	6.010E-01	6.010E-01	6.009E-01	6.010E-01
1.960E+00	5.976E-01	5.272E-05	5.976E-01	5.976E-01	5.976E-01	5.976E-01	5.976E-01	5.977E-01
1.970E+00	5.942E-01	4.832E-05	5.942E-01	5.943E-01	5.943E-01	5.942E-01	5.942E-01	5.943E-01
1.980E+00	5.909E-01	4.488E-05	5.909E-01	5.909E-01	5.909E-01	5.909E-01	5.908E-01	5.909E-01
1.990E+00	5.875E-01	4.263E-05	5.875E-01	5.875E-01	5.875E-01	5.875E-01	5.875E-01	5.876E-01
2.000E+00	5.842E-01	4.179E-05	5.842E-01	5.842E-01	5.842E-01	5.842E-01	5.841E-01	5.842E-01
2.010E+00	5.808E-01	4.247E-05	5.808E-01	5.808E-01	5.808E-01	5.808E-01	5.808E-01	5.809E-01
2.020E+00	5.775E-01	4.461E-05	5.775E-01	5.775E-01	5.775E-01	5.775E-01	5.774E-01	5.775E-01
2.030E+00	5.741E-01	4.803E-05	5.742E-01	5.741E-01	5.741E-01	5.741E-01	5.741E-01	5.742E-01
2.040E+00	5.708E-01	5.248E-05	5.708E-01	5.708E-01	5.708E-01	5.708E-01	5.708E-01	5.709E-01
2.050E+00	5.675E-01	5.775E-05	5.675E-01	5.675E-01	5.675E-01	5.675E-01	5.674E-01	5.675E-01
2.060E+00	5.642E-01	6.363E-05	5.642E-01	5.641E-01	5.642E-01	5.642E-01	5.641E-01	5.642E-01
2.070E+00	5.609E-01	6.997E-05	5.609E-01	5.608E-01	5.609E-01	5.609E-01	5.608E-01	5.609E-01
2.080E+00	5.576E-01	7.667E-05	5.576E-01	5.575E-01	5.576E-01	5.576E-01	5.575E-01	5.576E-01
2.090E+00	5.543E-01	8.365E-05	5.543E-01	5.542E-01	5.543E-01	5.543E-01	5.542E-01	5.543E-01
2.100E+00	5.510E-01	9.084E-05	5.511E-01	5.509E-01	5.510E-01	5.510E-01	5.509E-01	5.510E-01
2.110E+00	5.477E-01	9.820E-05	5.478E-01	5.476E-01	5.477E-01	5.477E-01	5.476E-01	5.477E-01
2.120E+00	5.444E-01	1.057E-04	5.445E-01	5.443E-01	5.444E-01	5.444E-01	5.444E-01	5.445E-01
2.130E+00	5.411E-01	1.133E-04	5.413E-01	5.410E-01	5.411E-01	5.412E-01	5.411E-01	5.412E-01
2.140E+00	5.379E-01	1.210E-04	5.380E-01	5.378E-01	5.379E-01	5.379E-01	5.378E-01	5.379E-01
2.150E+00	5.346E-01	1.288E-04	5.348E-01	5.345E-01	5.346E-01	5.346E-01	5.346E-01	5.347E-01
2.160E+00	5.314E-01	1.366E-04	5.315E-01	5.313E-01	5.314E-01	5.314E-01	5.313E-01	5.314E-01
2.170E+00	5.282E-01	1.445E-04	5.283E-01	5.280E-01	5.281E-01	5.282E-01	5.281E-01	5.282E-01
2.180E+00	5.249E-01	1.524E-04	5.251E-01	5.248E-01	5.249E-01	5.249E-01	5.249E-01	5.250E-01
2.190E+00	5.217E-01	1.603E-04	5.219E-01	5.216E-01	5.217E-01	5.217E-01	5.217E-01	5.217E-01
2.200E+00	5.185E-01	1.683E-04	5.187E-01	5.183E-01	5.185E-01	5.185E-01	5.184E-01	5.185E-01
2.210E+00	5.153E-01	1.763E-04	5.155E-01	5.151E-01	5.153E-01	5.153E-01	5.152E-01	5.153E-01
2.220E+00	5.121E-01	1.844E-04	5.123E-01	5.119E-01	5.121E-01	5.121E-01	5.120E-01	5.121E-01
2.230E+00	5.089E-01	1.924E-04	5.091E-01	5.087E-01	5.089E-01	5.089E-01	5.089E-01	5.089E-01
2.240E+00	5.057E-01	2.005E-04	5.059E-01	5.055E-01	5.057E-01	5.057E-01	5.057E-01	5.058E-01
2.250E+00	5.025E-01	2.085E-04	5.028E-01	5.023E-01	5.025E-01	5.026E-01	5.025E-01	5.026E-01
2.260E+00	4.994E-01	2.166E-04	4.996E-01	4.992E-01	4.994E-01	4.994E-01	4.993E-01	4.994E-01
2.270E+00	4.962E-01	2.247E-04	4.965E-01	4.960E-01	4.962E-01	4.963E-01	4.962E-01	4.963E-01
2.280E+00	4.931E-01	2.327E-04	4.933E-01	4.929E-01	4.931E-01	4.931E-01	4.930E-01	4.931E-01
2.290E+00	4.900E-01	2.408E-04	4.902E-01	4.897E-01	4.899E-01	4.900E-01	4.899E-01	4.900E-01
2.300E+00	4.868E-01	2.489E-04	4.871E-01	4.866E-01	4.868E-01	4.869E-01	4.868E-01	4.869E-01
2.310E+00	4.837E-01	2.569E-04	4.840E-01	4.835E-01	4.837E-01	4.837E-01	4.837E-01	4.838E-01
2.320E+00	4.806E-01	2.650E-04	4.809E-01	4.803E-01	4.806E-01	4.806E-01	4.806E-01	4.806E-01
2.330E+00	4.775E-01	2.730E-04	4.778E-01	4.772E-01	4.775E-01	4.775E-01	4.775E-01	4.775E-01
2.340E+00	4.744E-01	2.810E-04	4.747E-01	4.741E-01	4.744E-01	4.744E-01	4.744E-01	4.745E-01
2.350E+00	4.713E-01	2.890E-04	4.716E-01	4.710E-01	4.713E-01	4.714E-01	4.713E-01	4.714E-01
2.360E+00	4.683E-01	2.970E-04	4.686E-01	4.680E-01	4.682E-01	4.683E-01	4.682E-01	4.683E-01
2.370E+00	4.652E-01	3.050E-04	4.655E-01	4.649E-01	4.652E-01	4.652E-01	4.652E-01	4.652E-01
2.380E+00	4.621E-01	3.130E-04	4.625E-01	4.618E-01	4.621E-01	4.622E-01	4.621E-01	4.622E-01
2.390E+00	4.591E-01	3.209E-04	4.594E-01	4.588E-01	4.591E-01	4.591E-01	4.591E-01	4.591E-01
2.400E+00	4.561E-01	3.288E-04	4.564E-01	4.558E-01	4.560E-01	4.561E-01	4.560E-01	4.561E-01
2.410E+00	4.531E-01	3.367E-04	4.534E-01	4.527E-01	4.530E-01	4.531E-01	4.530E-01	4.531E-01
2.420E+00	4.500E-01	3.446E-04	4.504E-01	4.497E-01	4.500E-01	4.501E-01	4.500E-01	4.501E-01
2.430E+00	4.470E-01	3.524E-04	4.474E-01	4.467E-01	4.470E-01	4.471E-01	4.470E-01	4.471E-01
2.440E+00	4.440E-01	3.602E-04	4.444E-01	4.437E-01	4.440E-01	4.441E-01	4.440E-01	4.441E-01
2.450E+00	4.411E-01	3.680E-04	4.414E-01	4.407E-01	4.410E-01	4.411E-01	4.410E-01	4.411E-01
2.460E+00	4.381E-01	3.758E-04	4.385E-01	4.377E-01	4.381E-01	4.381E-01	4.381E-01	4.381E-01
2.470E+00	4.351E-01	3.835E-04	4.355E-01	4.348E-01	4.351E-01	4.352E-01	4.351E-01	4.352E-01
2.480E+00	4.322E-01	3.912E-04	4.326E-01	4.318E-01	4.321E-01	4.322E-01	4.321E-01	4.322E-01
2.490E+00	4.292E-01	3.988E-04	4.296E-01	4.289E-01	4.292E-01	4.293E-01	4.292E-01	4.293E-01
2.500E+00	4.263E-01	4.065E-04	4.267E-01	4.259E-01	4.263E-01	4.264E-01	4.263E-01	4.264E-01
2.510E+00	4.234E-01	4.141E-04	4.238E-01	4.230E-01	4.234E-01	4.234E-01	4.234E-01	4.234E-01
2.520E+00	4.205E-01	4.216E-04	4.209E-01	4.201E-01	4.205E-01	4.205E-01	4.205E-01	4.205E-01
2.530E+00	4.176E-01	4.291E-04	4.180E-01	4.172E-01	4.176E-01	4.176E-01	4.176E-01	4.176E-01
2.540E+00	4.147E-01	4.366E-04	4.152E-01	4.143E-01	4.147E-01	4.148E-01	4.147E-01	4.148E-01
2.550E+00	4.118E-01	4.440E-04	4.123E-01	4.114E-01	4.118E-01	4.119E-01	4.118E-01	4.119E-01
2.560E+00	4.090E-01	4.514E-04	4.094E-01	4.085E-01	4.089E-01	4.090E-01	4.089E-01	4.090E-01
2.570E+00	4.061E-01	4.588E-04	4.066E-01	4.057E-01	4.061E-01	4.062E-01	4.061E-01	4.062E-01
2.580E+00	4.033E-01	4.661E-04	4.038E-01	4.028E-01	4.032E-01	4.033E-01	4.032E-01	4.033E-01
2.590E+00	4.005E-01	4.733E-04	4.009E-01	4.000E-01	4.004E-01	4.005E-01	4.004E-01	4.005E-01
2.600E+00	3.976E-01	4.806E-04	3.981E-01	3.972E-01	3.976E-01	3.977E-01	3.976E-01	3.977E-01
2.610E+00	3.948E-01	4.877E-04	3.953E-01	3.944E-01	3.948E-01	3.949E-01	3.948E-01	3.949E-01
2.620E+00	3.920E-01	4.949E-04	3.925E-01	3.915E-01	3.920E-01	3.921E-01	3.920E-01	3.921E-01
2.630E+00	3.892E-01	5.019E-04	3.897E-01	3.888E-01	3.892E-01	3.893E-01	3.892E-01	3.893E-01
2.640E+00	3.865E-01	5.090E-04	3.870E-01	3.860E-01	3.864E-01	3.865E-01	3.864E-01	3.865E-01
2.650E+00	3.837E-01	5.160E-04	3.842E-01	3.832E-01	3.837E-01	3.838E-01	3.837E-01	3.838E-01
2.660E+00	3.810E-01	5.229E-04	3.815E-01	3.804E-01	3.809E-01	3.810E-01	3.809E-01	3.810E-01
2.670E+00	3.782E-01	5.298E-04	3.788E-01	3.777E-01	3.782E-01	3.783E-01	3.782E-01	3.783E-01
2.680E+00	3.755E-01	5.366E-04	3.760E-01	3.750E-01	3.754E-01	3.756E-01	3.755E-01	3.755E-01
2.690E+00	3.728E-01	5.434E-04	3.733E-01	3.722E-01	3.727E-01	3.728E-01	3.727E-01	3.728E-01
2.700E+00	3.701E-01	5.501E-04	3.706E-01	3.695E-01	3.700E-01	3.701E-01	3.700E-01	3.701E-01
2.710E+00	3.674E-01	5.568E-04	3.679E-01	3.668E-01	3.673E-01	3.674E-01	3.673E-01	3.674E-01
2.720E+00	3.647E-01	5.634E-04	3.653E-01	3.641E-01	3.646E-01	3.648E-01	3.647E-01	3.647E-01
2.730E+00	3.620E-01	5.700E-04	3.626E-01	3.615E-01	3.620E-01	3.621E-01	3.620E-01	3.621E-01
2.740E+00	3.594E-01	5.765E-04	3.600E-01	3.588E-01	3.593E-01	3.594E-01	3.593E-01	3.594E-01
2.750E+00	3.567E-01	5.829E-04	3.573E-01	3.562E-01	3.567E-01	3.568E-01	3.567E-01	3.568E-01
2.760E+00	3.541E-01	5.893E-04	3.547E-01	3.535E-01	3.540E-01	3.542E-01	3.541E-01	3.541E-01
2.770E+00	3.515E-01	5.956E-04	3.521E-01	3.509E-01	3.514E-01	3.515E-01	3.514E-01	3.515E-01
2.780E+00	3.489E-01	6.019E-04	3.495E-01	3.483E-01	3.488E-01	3.489E-01	3.488E-01	3.489E-01
2.790E+00	3.463E-01	6.081E-04	3.469E-01	3.457E-01	3.462E-01	3.463E-01	3.462E-01	3.463E-01
2.800E+00	3.437E-01	6.143E-04	3.443E-01	3.431E-01	3.436E-01	3.437E-01	3.436E-01	3.437E-01
2.810E+00	3.411E-01	6.204E-04	3.417E-01	3.405E-01	3.410E-01	3.412E-01	3.411E-01	3.412E-01
2.820E+00	3.385E-01	6.264E-04	3.392E-01	3.379E-01	3.385E-01	3.386E-01	3.385E-01	3.386E-01
2.830E+00	3.360E-01	6.324E-04	3.366E-01	3.354E-01	3.359E-01	3.361E-01	3.360E-01	3.360E-01
2.840E+00	3.335E-01	6.383E-04	3.341E-01	3.328E-01	3.334E-01	3.335E-01	3.334E-01	3.335E-01
2.850E+00	3.309E-01	6.442E-04	3.316E-01	3.303E-01	3.309E-01	3.310E-01	3.309E-01	3.310E-01
2.860E+00	3.284E-01	6.500E-04	3.291E-01	3.278E-01	3.284E-01	3.285E-01	3.284E-01	3.285E-01
2.870E+00	3.259E-01	6.557E-04	3.266E-01	3.253E-01	3.259E-01	3.260E-01	3.259E-01	3.260E-01
2.880E+00	3.234E-01	6.614E-04	3.241E-01	3.228E-01	3.234E-01	3.235E-01	3.234E-01	3.235E-01
2.890E+00	3.210E-01	6.670E-04	3.216E-01	3.203E-01	3.209E-01	3.210E-01	3.209E-01	3.210E-01
2.900E+00	3.185E-01	6.725E-04	3.192E-01	3.178E-01	3.184E-01	3.186E-01	3.184E-01	3.185E-01
2.910E+00	3.160E-01	6.780E-04	3.167E-01	3.154E-01	3.160E-01	3.161E-01	3.160E-01	3.161E-01
2.920E+00	3.136E-01	6.834E-04	3.143E-01	3.129E-01	3.135E-01	3.137E-01	3.135E-01	3.136E-01
2.930E+00	3.112E-01	6.888E-04	3.119E-01	3.105E-01	3.111E-01	3.112E-01	3.111E-01	3.112E-01
2.940E+00	3.087E-01	6.940E-04	3.094E-01	3.081E-01	3.087E-01	3.088E-01	3.087E-01	3.088E-01
2.950E+00	3.063E-01	6.992E-04	3.070E-01	3.057E-01	3.063E-01	3.064E-01	3.063E-01	3.064E-01
2.960E+00	3.040E-01	7.044E-04	3.047E-01	3.033E-01	3.039E-01	3.040E-01	3.039E-01	3.040E-01
2.970E+00	3.016E-01	7.095E-04	3.023E-01	3.009E-01	3.015E-01	3.016E-01	3.015E-01	3.016E-01
2.980E+00	2.992E-01	7.145E-04	2.999E-01	2.985E-01	2.991E-01	2.993E-01	2.992E-01	2.992E-01
2.990E+00	2.969E-01	7.194E-04	2.976E-01	2.961E-01	2.968E-01	2.969E-01	2.968E-01	2.969E-01
3.000E+00	2.945E-01	7.243E-04	2.952E-01	2.938E-01	2.944E-01	2.946E-01	2.945E-01	2.946E-01
