1.000E-02	6.946E-01	9.817E-04	6.955E-01	6.937E-01	6.950E-01	6.943E-01	6.946E-01	6.947E-01
2.000E-02	6.945E-01	9.739E-04	6.954E-01	6.936E-01	6.949E-01	6.941E-01	6.945E-01	6.946E-01
3.000E-02	6.943E-01	9.638E-04	6.952E-01	6.935E-01	6.947E-01	6.940E-01	6.943E-01	6.944E-01
4.000E-02	6.941E-01	9.519E-04	6.950E-01	6.932E-01	6.945E-01	6.937E-01	6.941E-01	6.942E-01
5.000E-02	6.938E-01	9.385E-04	6.947E-01	6.930E-01	6.942E-01	6.935E-01	6.938E-01	6.939E-01
6.000E-02	6.935E-01	9.239E-04	6.943E-01	6.926E-01	6.939E-01	6.931E-01	6.934E-01	6.935E-01
7.000E-02	6.931E-01	9.083E-04	6.939E-01	6.923E-01	6.935E-01	6.927E-01	6.931E-01	6.932E-01
8.000E-02	6.927E-01	8.919E-04	6.935E-01	6.919E-01	6.931E-01	6.923E-01	6.926E-01	6.928E-01
9.000E-02	6.922E-01	8.747E-04	6.930E-01	6.914E-01	6.926E-01	6.919E-01	6.922E-01	6.923E-01
1.000E-01	6.917E-01	8.569E-04	6.925E-01	6.910E-01	6.921E-01	6.914E-01	6.917E-01	6.918E-01
1.100E-01	6.912E-01	8.385E-04	6.919E-01	6.904E-01	6.916E-01	6.908E-01	6.911E-01	6.912E-01
1.200E-01	6.906E-01	8.197E-04	6.913E-01	6.899E-01	6.910E-01	6.902E-01	6.906E-01	6.907E-01
1.300E-01	6.900E-01	8.006E-04	6.907E-01	6.893E-01	6.904E-01	6.896E-01	6.899E-01	6.901E-01
1.400E-01	6.893E-01	7.811E-04	6.900E-01	6.886E-01	6.897E-01	6.890E-01	6.893E-01	6.894E-01
1.500E-01	6.886E-01	7.614E-04	6.893E-01	6.880E-01	6.890E-01	6.883E-01	6.886E-01	6.887E-01
1.600E-01	6.879E-01	7.415E-04	6.886E-01	6.873E-01	6.883E-01	6.876E-01	6.879E-01	6.880E-01
1.700E-01	6.872E-01	7.215E-04	6.878E-01	6.865E-01	6.875E-01	6.868E-01	6.871E-01	6.872E-01
1.800E-01	6.864E-01	7.015E-04	6.870E-01	6.858E-01	6.867E-01	6.860E-01	6.863E-01	6.864E-01
1.900E-01	6.855E-01	6.814E-04	6.861E-01	6.849E-01	6.859E-01	6.852E-01	6.855E-01	6.856E-01
2.000E-01	6.847E-01	6.614E-04	6.852E-01	6.841E-01	6.850E-01	6.843E-01	6.846E-01	6.847E-01
2.100E-01	6.838E-01	6.414E-04	6.843E-01	6.832E-01	6.841E-01	6.834E-01	6.837E-01	6.838E-01
2.200E-01	6.828E-01	6.216E-04	6.833E-01	6.823E-01	6.832E-01	6.825E-01	6.828E-01	6.829E-01
2.300E-01	6.819E-01	6.020E-04	6.824E-01	6.814E-01	6.822E-01	6.815E-01	6.818E-01	6.819E-01
2.400E-01	6.809E-01	5.827E-04	6.813E-01	6.804E-01	6.812E-01	6.805E-01	6.808E-01	6.809E-01
2.500E-01	6.799E-01	5.636E-04	6.803E-01	6.794E-01	6.802E-01	6.795E-01	6.798E-01	6.799E-01
2.600E-01	6.788E-01	5.449E-04	6.792E-01	6.784E-01	6.792E-01	6.785E-01	6.787E-01	6.789E-01
2.700E-01	6.777E-01	5.266E-04	6.781E-01	6.773E-01	6.781E-01	6.774E-01	6.777E-01	6.778E-01
2.800E-01	6.766E-01	5.087E-04	6.770E-01	6.762E-01	6.770E-01	6.763E-01	6.766E-01	6.767E-01
2.900E-01	6.755E-01	4.913E-04	6.758E-01	6.751E-01	6.758E-01	6.751E-01	6.754E-01	6.755E-01
3.000E-01	6.743E-01	4.745E-04	6.746E-01	6.740E-01	6.746E-01	6.740E-01	6.742E-01	6.744E-01
3.100E-01	6.731E-01	4.584E-04	6.734E-01	6.728E-01	6.734E-01	6.728E-01	6.730E-01	6.732E-01
3.200E-01	6.719E-01	4.429E-04	6.721E-01	6.716E-01	6.722E-01	6.715E-01	6.718E-01	6.719E-01
3.300E-01	6.706E-01	4.281E-04	6.709E-01	6.704E-01	6.710E-01	6.703E-01	6.706E-01	6.707E-01
3.400E-01	6.693E-01	4.142E-04	6.696E-01	6.691E-01	6.697E-01	6.690E-01	6.693E-01	6.694E-01
3.500E-01	6.680E-01	4.011E-04	6.682E-01	6.678E-01	6.684E-01	6.677E-01	6.680E-01	6.681E-01
3.600E-01	6.667E-01	3.890E-04	6.669E-01	6.665E-01	6.670E-01	6.664E-01	6.666E-01	6.668E-01
3.700E-01	6.653E-01	3.778E-04	6.655E-01	6.652E-01	6.657E-01	6.650E-01	6.653E-01	6.654E-01
3.800E-01	6.639E-01	3.678E-04	6.641E-01	6.638E-01	6.643E-01	6.636E-01	6.639E-01	6.640E-01
3.900E-01	6.625E-01	3.588E-04	6.626E-01	6.624E-01	6.629E-01	6.622E-01	6.625E-01	6.626E-01
4.000E-01	6.611E-01	3.509E-04	6.612E-01	6.610E-01	6.614E-01	6.608E-01	6.610E-01	6.612E-01
4.100E-01	6.596E-01	3.443E-04	6.597E-01	6.595E-01	6.600E-01	6.593E-01	6.596E-01	6.597E-01
4.200E-01	6.581E-01	3.388E-04	6.582E-01	6.581E-01	6.585E-01	6.578E-01	6.581E-01	6.582E-01
4.300E-01	6.566E-01	3.345E-04	6.567E-01	6.566E-01	6.570E-01	6.563E-01	6.566E-01	6.567E-01
4.400E-01	6.551E-01	3.315E-04	6.551E-01	6.551E-01	6.554E-01	6.548E-01	6.550E-01	6.552E-01
4.500E-01	6.535E-01	3.296E-04	6.535E-01	6.535E-01	6.539E-01	6.532E-01	6.535E-01	6.536E-01
4.600E-01	6.520E-01	3.289E-04	6.519E-01	6.520E-01	6.523E-01	6.516E-01	6.519E-01	6.520E-01
4.700E-01	6.503E-01	3.292E-04	6.503E-01	6.504E-01	6.507E-01	6.500E-01	6.503E-01	6.504E-01
4.800E-01	6.487E-01	3.306E-04	6.486E-01	6.488E-01	6.490E-01	6.484E-01	6.486E-01	6.488E-01
4.900E-01	6.471E-01	3.330E-04	6.470E-01	6.471E-01	6.474E-01	6.468E-01	6.470E-01	6.471E-01
5.000E-01	6.454E-01	3.362E-04	6.453E-01	6.455E-01	6.457E-01	6.451E-01	6.453E-01	6.455E-01
5.100E-01	6.437E-01	3.403E-04	6.436E-01	6.438E-01	6.440E-01	6.434E-01	6.436E-01	6.438E-01
5.200E-01	6.420E-01	3.450E-04	6.419E-01	6.421E-01	6.423E-01	6.417E-01	6.419E-01	6.421E-01
5.300E-01	6.403E-01	3.504E-04	6.401E-01	6.404E-01	6.406E-01	6.400E-01	6.402E-01	6.403E-01
5.400E-01	6.385E-01	3.564E-04	6.383E-01	6.387E-01	6.388E-01	6.382E-01	6.384E-01	6.386E-01
5.500E-01	6.367E-01	3.628E-04	6.365E-01	6.369E-01	6.370E-01	6.364E-01	6.367E-01	6.368E-01
5.600E-01	6.349E-01	3.695E-04	6.347E-01	6.351E-01	6.352E-01	6.346E-01	6.349E-01	6.350E-01
5.700E-01	6.331E-01	3.766E-04	6.329E-01	6.333E-01	6.334E-01	6.328E-01	6.330E-01	6.332E-01
5.800E-01	6.313E-01	3.840E-04	6.310E-01	6.315E-01	6.316E-01	6.310E-01	6.312E-01	6.314E-01
5.900E-01	6.294E-01	3.915E-04	6.292E-01	6.297E-01	6.297E-01	6.291E-01	6.294E-01	6.295E-01
6.000E-01	6.276E-01	3.991E-04	6.273E-01	6.278E-01	6.279E-01	6.273E-01	6.275E-01	6.276E-01
6.100E-01	6.257E-01	4.068E-04	6.254E-01	6.259E-01	6.260E-01	6.254E-01	6.256E-01	6.258E-01
6.200E-01	6.238E-01	4.146E-04	6.235E-01	6.240E-01	6.240E-01	6.235E-01	6.237E-01	6.239E-01
6.300E-01	6.218E-01	4.223E-04	6.215E-01	6.221E-01	6.221E-01	6.216E-01	6.217E-01	6.219E-01
6.400E-01	6.199E-01	4.300E-04	6.196E-01	6.202E-01	6.202E-01	6.196E-01	6.198E-01	6.200E-01
6.500E-01	6.179E-01	4.376E-04	6.176E-01	6.183E-01	6.182E-01	6.177E-01	6.178E-01	6.180E-01
6.600E-01	6.160E-01	4.451E-04	6.156E-01	6.163E-01	6.162E-01	6.157E-01	6.159E-01	6.160E-01
6.700E-01	6.140E-01	4.524E-04	6.136E-01	6.143E-01	6.142E-01	6.137E-01	6.139E-01	6.140E-01
6.800E-01	6.119E-01	4.595E-04	6.116E-01	6.123E-01	6.122E-01	6.117E-01	6.119E-01	6.120E-01
6.900E-01	6.099E-01	4.665E-04	6.095E-01	6.103E-01	6.102E-01	6.096E-01	6.098E-01	6.100E-01
7.000E-01	6.079E-01	4.732E-04	6.075E-01	6.082E-01	6.081E-01	6.076E-01	6.078E-01	6.080E-01
7.100E-01	6.058E-01	4.797E-04	6.054E-01	6.062E-01	6.061E-01	6.055E-01	6.057E-01	6.059E-01
7.200E-01	6.037E-01	4.860E-04	6.033E-01	6.041E-01	6.040E-01	6.035E-01	6.036E-01	6.038E-01
7.300E-01	6.016E-01	4.920E-04	6.012E-01	6.020E-01	6.019E-01	6.014E-01	6.015E-01	6.017E-01
7.400E-01	5.995E-01	4.977E-04	5.991E-01	6.000E-01	5.998E-01	5.993E-01	5.994E-01	5.996E-01
7.500E-01	5.974E-01	5.031E-04	5.970E-01	5.978E-01	5.977E-01	5.972E-01	5.973E-01	5.975E-01
7.600E-01	5.953E-01	5.082E-04	5.949E-01	5.957E-01	5.955E-01	5.950E-01	5.952E-01	5.954E-01
7.700E-01	5.931E-01	5.129E-04	5.927E-01	5.936E-01	5.934E-01	5.929E-01	5.930E-01	5.932E-01
7.800E-01	5.910E-01	5.174E-04	5.905E-01	5.914E-01	5.912E-01	5.907E-01	5.909E-01	5.911E-01
7.900E-01	5.888E-01	5.216E-04	5.883E-01	5.892E-01	5.890E-01	5.886E-01	5.887E-01	5.889E-01
8.000E-01	5.866E-01	5.254E-04	5.862E-01	5.871E-01	5.869E-01	5.864E-01	5.865E-01	5.867E-01
8.100E-01	5.844E-01	5.288E-04	5.839E-01	5.849E-01	5.847E-01	5.842E-01	5.843E-01	5.845E-01
8.200E-01	5.822E-01	5.319E-04	5.817E-01	5.827E-01	5.824E-01	5.820E-01	5.821E-01	5.823E-01
8.300E-01	5.800E-01	5.347E-04	5.795E-01	5.804E-01	5.802E-01	5.797E-01	5.799E-01	5.801E-01
8.400E-01	5.777E-01	5.371E-04	5.773E-01	5.782E-01	5.780E-01	5.775E-01	5.776E-01	5.778E-01
8.500E-01	5.755E-01	5.392E-04	5.750E-01	5.760E-01	5.757E-01	5.753E-01	5.754E-01	5.756E-01
8.600E-01	5.732E-01	5.409E-04	5.727E-01	5.737E-01	5.734E-01	5.730E-01	5.731E-01	5.733E-01
8.700E-01	5.710E-01	5.422E-04	5.705E-01	5.714E-01	5.712E-01	5.707E-01	5.708E-01	5.711E-01
8.800E-01	5.687E-01	5.432E-04	5.682E-01	5.691E-01	5.689E-01	5.684E-01	5.686E-01	5.688E-01
8.900E-01	5.664E-01	5.438E-04	5.659E-01	5.669E-01	5.666E-01	5.662E-01	5.663E-01	5.665E-01
9.000E-01	5.641E-01	5.440E-04	5.636E-01	5.646E-01	5.643E-01	5.639E-01	5.640E-01	5.642E-01
9.100E-01	5.618E-01	5.439E-04	5.613E-01	5.622E-01	5.620E-01	5.615E-01	5.616E-01	5.619E-01
9.200E-01	5.594E-01	5.434E-04	5.589E-01	5.599E-01	5.596E-01	5.592E-01	5.593E-01	5.595E-01
9.300E-01	5.571E-01	5.426E-04	5.566E-01	5.576E-01	5.573E-01	5.569E-01	5.570E-01	5.572E-01
9.400E-01	5.547E-01	5.414E-04	5.543E-01	5.552E-01	5.549E-01	5.545E-01	5.546E-01	5.549E-01
9.500E-01	5.524E-01	5.398E-04	5.519E-01	5.529E-01	5.526E-01	5.522E-01	5.523E-01	5.525E-01
9.600E-01	5.500E-01	5.379E-04	5.495E-01	5.505E-01	5.502E-01	5.498E-01	5.499E-01	5.501E-01
9.700E-01	5.477E-01	5.356E-04	5.472E-01	5.481E-01	5.478E-01	5.475E-01	5.475E-01	5.478E-01
9.800E-01	5.453E-01	5.329E-04	5.448E-01	5.458E-01	5.455E-01	5.451E-01	5.451E-01	5.454E-01
9.900E-01	5.429E-01	5.299E-04	5.424E-01	5.434E-01	5.431E-01	5.427E-01	5.428E-01	5.430E-01
1.000E+00	5.405E-01	5.266E-04	5.400E-01	5.410E-01	5.407E-01	5.403E-01	5.404E-01	5.406E-01
1.010E+00	5.381E-01	5.229E-04	5.376E-01	5.386E-01	5.383E-01	5.379E-01	5.380E-01	5.382E-01
1.020E+00	5.357E-01	5.188E-04	5.352E-01	5.361E-01	5.358E-01	5.355E-01	5.355E-01	5.358E-01
1.030E+00	5.332E-01	5.144E-04	5.328E-01	5.337E-01	5.334E-01	5.331E-01	5.331E-01	5.334E-01
1.040E+00	5.308E-01	5.097E-04	5.304E-01	5.313E-01	5.310E-01	5.306E-01	5.307E-01	5.310E-01
1.050E+00	5.284E-01	5.047E-04	5.279E-01	5.288E-01	5.286E-01	5.282E-01	5.283E-01	5.285E-01
1.060E+00	5.259E-01	4.993E-04	5.255E-01	5.264E-01	5.261E-01	5.258E-01	5.258E-01	5.261E-01
1.070E+00	5.235E-01	4.936E-04	5.231E-01	5.239E-01	5.237E-01	5.233E-01	5.234E-01	5.236E-01
1.080E+00	5.210E-01	4.876E-04	5.206E-01	5.215E-01	5.212E-01	5.209E-01	5.209E-01	5.212E-01
1.090E+00	5.186E-01	4.812E-04	5.182E-01	5.190E-01	5.187E-01	5.184E-01	5.185E-01	5.187E-01
1.100E+00	5.161E-01	4.746E-04	5.157E-01	5.166E-01	5.163E-01	5.160E-01	5.160E-01	5.163E-01
1.110E+00	5.137E-01	4.676E-04	5.132E-01	5.141E-01	5.138E-01	5.135E-01	5.135E-01	5.138E-01
1.120E+00	5.112E-01	4.604E-04	5.108E-01	5.116E-01	5.113E-01	5.110E-01	5.110E-01	5.113E-01
1.130E+00	5.087E-01	4.529E-04	5.083E-01	5.091E-01	5.088E-01	5.085E-01	5.086E-01	5.088E-01
1.140E+00	5.062E-01	4.451E-04	5.058E-01	5.066E-01	5.064E-01	5.061E-01	5.061E-01	5.063E-01
1.150E+00	5.037E-01	4.370E-04	5.033E-01	5.041E-01	5.039E-01	5.036E-01	5.036E-01	5.039E-01
1.160E+00	5.012E-01	4.287E-04	5.008E-01	5.016E-01	5.014E-01	5.011E-01	5.011E-01	5.014E-01
1.170E+00	4.987E-01	4.201E-04	4.984E-01	4.991E-01	4.989E-01	4.986E-01	4.986E-01	4.989E-01
1.180E+00	4.962E-01	4.112E-04	4.959E-01	4.966E-01	4.964E-01	4.961E-01	4.961E-01	4.964E-01
1.190E+00	4.937E-01	4.021E-04	4.934E-01	4.941E-01	4.939E-01	4.936E-01	4.936E-01	4.939E-01
1.200E+00	4.912E-01	3.928E-04	4.909E-01	4.916E-01	4.913E-01	4.911E-01	4.911E-01	4.914E-01
1.210E+00	4.887E-01	3.833E-04	4.884E-01	4.890E-01	4.888E-01	4.886E-01	4.886E-01	4.888E-01
1.220E+00	4.862E-01	3.736E-04	4.859E-01	4.865E-01	4.863E-01	4.861E-01	4.860E-01	4.863E-01
1.230E+00	4.837E-01	3.637E-04	4.834E-01	4.840E-01	4.838E-01	4.835E-01	4.835E-01	4.838E-01
1.240E+00	4.811E-01	3.537E-04	4.808E-01	4.814E-01	4.813E-01	4.810E-01	4.810E-01	4.813E-01
1.250E+00	4.786E-01	3.435E-04	4.783E-01	4.789E-01	4.787E-01	4.785E-01	4.785E-01	4.788E-01
1.260E+00	4.761E-01	3.331E-04	4.758E-01	4.764E-01	4.762E-01	4.760E-01	4.759E-01	4.762E-01
1.270E+00	4.736E-01	3.227E-04	4.733E-01	4.738E-01	4.737E-01	4.735E-01	4.734E-01	4.737E-01
1.280E+00	4.710E-01	3.122E-04	4.708E-01	4.713E-01	4.711E-01	4.709E-01	4.709E-01	4.712E-01
1.290E+00	4.685E-01	3.016E-04	4.683E-01	4.687E-01	4.686E-01	4.684E-01	4.684E-01	4.687E-01
1.300E+00	4.660E-01	2.911E-04	4.657E-01	4.662E-01	4.661E-01	4.659E-01	4.658E-01	4.661E-01
1.310E+00	4.634E-01	2.805E-04	4.632E-01	4.637E-01	4.635E-01	4.633E-01	4.633E-01	4.636E-01
1.320E+00	4.609E-01	2.700E-04	4.607E-01	4.611E-01	4.610E-01	4.608E-01	4.607E-01	4.611E-01
1.330E+00	4.584E-01	2.596E-04	4.582E-01	4.586E-01	4.585E-01	4.583E-01	4.582E-01	4.585E-01
1.340E+00	4.558E-01	2.494E-04	4.557E-01	4.560E-01	4.559E-01	4.557E-01	4.557E-01	4.560E-01
1.350E+00	4.533E-01	2.395E-04	4.531E-01	4.535E-01	4.534E-01	4.532E-01	4.531E-01	4.534E-01
1.360E+00	4.508E-01	2.299E-04	4.506E-01	4.509E-01	4.508E-01	4.507E-01	4.506E-01	4.509E-01
1.370E+00	4.482E-01	2.206E-04	4.481E-01	4.483E-01	4.483E-01	4.481E-01	4.481E-01	4.484E-01
1.380E+00	4.457E-01	2.119E-04	4.456E-01	4.458E-01	4.458E-01	4.456E-01	4.455E-01	4.458E-01
1.390E+00	4.431E-01	2.038E-04	4.430E-01	4.432E-01	4.432E-01	4.431E-01	4.430E-01	4.433E-01
1.400E+00	4.406E-01	1.965E-04	4.405E-01	4.407E-01	4.407E-01	4.405E-01	4.404E-01	4.408E-01
1.410E+00	4.381E-01	1.901E-04	4.380E-01	4.381E-01	4.381E-01	4.380E-01	4.379E-01	4.382E-01
1.420E+00	4.355E-01	1.847E-04	4.355E-01	4.356E-01	4.356E-01	4.355E-01	4.354E-01	4.357E-01
1.430E+00	4.330E-01	1.805E-04	4.330E-01	4.330E-01	4.331E-01	4.329E-01	4.328E-01	4.332E-01
1.440E+00	4.305E-01	1.776E-04	4.305E-01	4.305E-01	4.305E-01	4.304E-01	4.303E-01	4.306E-01
1.450E+00	4.279E-01	1.762E-04	4.279E-01	4.279E-01	4.280E-01	4.279E-01	4.278E-01	4.281E-01
1.460E+00	4.254E-01	1.763E-04	4.254E-01	4.254E-01	4.255E-01	4.253E-01	4.252E-01	4.256E-01
1.470E+00	4.229E-01	1.779E-04	4.229E-01	4.229E-01	4.229E-01	4.228E-01	4.227E-01	4.230E-01
1.480E+00	4.203E-01	1.811E-04	4.204E-01	4.203E-01	4.204E-01	4.203E-01	4.202E-01	4.205E-01
1.490E+00	4.178E-01	1.859E-04	4.179E-01	4.178E-01	4.179E-01	4.178E-01	4.177E-01	4.180E-01
1.500E+00	4.153E-01	1.921E-04	4.154E-01	4.152E-01	4.154E-01	4.152E-01	4.151E-01	4.155E-01
1.510E+00	4.128E-01	1.996E-04	4.129E-01	4.127E-01	4.128E-01	4.127E-01	4.126E-01	4.129E-01
1.520E+00	4.103E-01	2.084E-04	4.104E-01	4.102E-01	4.103E-01	4.102E-01	4.101E-01	4.104E-01
1.530E+00	4.077E-01	2.184E-04	4.079E-01	4.076E-01	4.078E-01	4.077E-01	4.076E-01	4.079E-01
1.540E+00	4.052E-01	2.293E-04	4.054E-01	4.051E-01	4.053E-01	4.052E-01	4.051E-01	4.054E-01
1.550E+00	4.027E-01	2.411E-04	4.029E-01	4.026E-01	4.028E-01	4.027E-01	4.026E-01	4.029E-01
1.560E+00	4.002E-01	2.537E-04	4.004E-01	4.000E-01	4.003E-01	4.002E-01	4.001E-01	4.004E-01
1.570E+00	3.977E-01	2.670E-04	3.979E-01	3.975E-01	3.978E-01	3.977E-01	3.975E-01	3.979E-01
1.580E+00	3.952E-01	2.810E-04	3.954E-01	3.950E-01	3.953E-01	3.952E-01	3.950E-01	3.954E-01
1.590E+00	3.927E-01	2.954E-04	3.930E-01	3.925E-01	3.928E-01	3.927E-01	3.926E-01	3.929E-01
1.600E+00	3.902E-01	3.104E-04	3.905E-01	3.900E-01	3.903E-01	3.902E-01	3.901E-01	3.904E-01
1.610E+00	3.877E-01	3.258E-04	3.880E-01	3.875E-01	3.878E-01	3.877E-01	3.876E-01	3.879E-01
1.620E+00	3.853E-01	3.416E-04	3.856E-01	3.850E-01	3.853E-01	3.852E-01	3.851E-01	3.854E-01
1.630E+00	3.828E-01	3.577E-04	3.831E-01	3.825E-01	3.828E-01	3.828E-01	3.826E-01	3.830E-01
1.640E+00	3.803E-01	3.741E-04	3.806E-01	3.800E-01	3.803E-01	3.803E-01	3.801E-01	3.805E-01
1.650E+00	3.778E-01	3.908E-04	3.782E-01	3.775E-01	3.779E-01	3.778E-01	3.777E-01	3.780E-01
1.660E+00	3.754E-01	4.077E-04	3.757E-01	3.750E-01	3.754E-01	3.754E-01	3.752E-01	3.755E-01
1.670E+00	3.729E-01	4.248E-04	3.733E-01	3.725E-01	3.729E-01	3.729E-01	3.727E-01	3.731E-01
1.680E+00	3.705E-01	4.422E-04	3.709E-01	3.701E-01	3.705E-01	3.704E-01	3.703E-01	3.706E-01
1.690E+00	3.680E-01	4.597E-04	3.684E-01	3.676E-01	3.680E-01	3.680E-01	3.678E-01	3.682E-01
1.700E+00	3.656E-01	4.774E-04	3.660E-01	3.651E-01	3.656E-01	3.655E-01	3.654E-01	3.657E-01
1.710E+00	3.631E-01	4.952E-04	3.636E-01	3.627E-01	3.631E-01	3.631E-01	3.629E-01	3.633E-01
1.720E+00	3.607E-01	5.132E-04	3.612E-01	3.602E-01	3.607E-01	3.607E-01	3.605E-01	3.609E-01
1.730E+00	3.582E-01	5.312E-04	3.588E-01	3.578E-01	3.582E-01	3.582E-01	3.581E-01	3.584E-01
1.740E+00	3.558E-01	5.494E-04	3.564E-01	3.553E-01	3.558E-01	3.558E-01	3.556E-01	3.560E-01
1.750E+00	3.534E-01	5.676E-04	3.540E-01	3.529E-01	3.534E-01	3.534E-01	3.532E-01	3.536E-01
1.760E+00	3.510E-01	5.860E-04	3.516E-01	3.504E-01	3.510E-01	3.510E-01	3.508E-01	3.512E-01
1.770E+00	3.486E-01	6.044E-04	3.492E-01	3.480E-01	3.486E-01	3.486E-01	3.484E-01	3.488E-01
1.780E+00	3.462E-01	6.229E-04	3.468E-01	3.456E-01	3.462E-01	3.462E-01	3.460E-01	3.464E-01
1.790E+00	3.438E-01	6.414E-04	3.444E-01	3.432E-01	3.438E-01	3.438E-01	3.436E-01	3.440E-01
1.800E+00	3.414E-01	6.599E-04	3.420E-01	3.408E-01	3.414E-01	3.414E-01	3.412E-01	3.416E-01
1.810E+00	3.390E-01	6.785E-04	3.397E-01	3.384E-01	3.390E-01	3.390E-01	3.388E-01	3.392E-01
1.820E+00	3.366E-01	6.972E-04	3.373E-01	3.360E-01	3.366E-01	3.367E-01	3.365E-01	3.368E-01
1.830E+00	3.343E-01	7.158E-04	3.350E-01	3.336E-01	3.343E-01	3.343E-01	3.341E-01	3.345E-01
1.840E+00	3.319E-01	7.345E-04	3.326E-01	3.312E-01	3.319E-01	3.319E-01	3.317E-01	3.321E-01
1.850E+00	3.296E-01	7.531E-04	3.303E-01	3.288E-01	3.295E-01	3.296E-01	3.294E-01	3.297E-01
1.860E+00	3.272E-01	7.718E-04	3.280E-01	3.265E-01	3.272E-01	3.272E-01	3.270E-01	3.274E-01
1.870E+00	3.249E-01	7.905E-04	3.257E-01	3.241E-01	3.248E-01	3.249E-01	3.247E-01	3.251E-01
1.880E+00	3.225E-01	8.091E-04	3.233E-01	3.218E-01	3.225E-01	3.226E-01	3.224E-01	3.227E-01
1.890E+00	3.202E-01	8.278E-04	3.210E-01	3.194E-01	3.202E-01	3.202E-01	3.200E-01	3.204E-01
1.900E+00	3.179E-01	8.464E-04	3.187E-01	3.171E-01	3.179E-01	3.179E-01	3.177E-01	3.181E-01
1.910E+00	3.156E-01	8.650E-04	3.164E-01	3.147E-01	3.155E-01	3.156E-01	3.154E-01	3.158E-01
1.920E+00	3.133E-01	8.835E-04	3.142E-01	3.124E-01	3.132E-01	3.133E-01	3.131E-01	3.135E-01
1.930E+00	3.110E-01	9.020E-04	3.119E-01	3.101E-01	3.109E-01	3.110E-01	3.108E-01	3.112E-01
1.940E+00	3.087E-01	9.205E-04	3.096E-01	3.078E-01	3.087E-01	3.087E-01	3.085E-01	3.089E-01
1.950E+00	3.064E-01	9.389E-04	3.073E-01	3.055E-01	3.064E-01	3.065E-01	3.062E-01	3.066E-01
1.960E+00	3.041E-01	9.573E-04	3.051E-01	3.032E-01	3.041E-01	3.042E-01	3.040E-01	3.043E-01
1.970E+00	3.019E-01	9.756E-04	3.028E-01	3.009E-01	3.018E-01	3.019E-01	3.017E-01	3.021E-01
1.980E+00	2.996E-01	9.938E-04	3.006E-01	2.987E-01	2.996E-01	2.997E-01	2.994E-01	2.998E-01
1.990E+00	2.974E-01	1.012E-03	2.984E-01	2.964E-01	2.973E-01	2.974E-01	2.972E-01	2.976E-01
2.000E+00	2.951E-01	1.030E-03	2.962E-01	2.941E-01	2.951E-01	2.952E-01	2.949E-01	2.953E-01
2.010E+00	2.929E-01	1.048E-03	2.939E-01	2.919E-01	2.929E-01	2.929E-01	2.927E-01	2.931E-01
2.020E+00	2.907E-01	1.066E-03	2.917E-01	2.896E-01	2.906E-01	2.907E-01	2.905E-01	2.909E-01
2.030E+00	2.885E-01	1.084E-03	2.895E-01	2.874E-01	2.884E-01	2.885E-01	2.883E-01	2.886E-01
2.040E+00	2.863E-01	1.102E-03	2.874E-01	2.852E-01	2.862E-01	2.863E-01	2.861E-01	2.864E-01
2.050E+00	2.841E-01	1.119E-03	2.852E-01	2.830E-01	2.840E-01	2.841E-01	2.839E-01	2.842E-01
2.060E+00	2.819E-01	1.137E-03	2.830E-01	2.808E-01	2.818E-01	2.819E-01	2.817E-01	2.821E-01
2.070E+00	2.797E-01	1.155E-03	2.808E-01	2.786E-01	2.796E-01	2.797E-01	2.795E-01	2.799E-01
2.080E+00	2.775E-01	1.172E-03	2.787E-01	2.764E-01	2.775E-01	2.776E-01	2.773E-01	2.777E-01
2.090E+00	2.754E-01	1.189E-03	2.765E-01	2.742E-01	2.753E-01	2.754E-01	2.752E-01	2.755E-01
2.100E+00	2.732E-01	1.206E-03	2.744E-01	2.720E-01	2.731E-01	2.733E-01	2.730E-01	2.734E-01
2.110E+00	2.711E-01	1.223E-03	2.723E-01	2.699E-01	2.710E-01	2.711E-01	2.709E-01	2.712E-01
2.120E+00	2.689E-01	1.240E-03	2.702E-01	2.677E-01	2.689E-01	2.690E-01	2.687E-01	2.691E-01
2.130E+00	2.668E-01	1.257E-03	2.680E-01	2.656E-01	2.667E-01	2.669E-01	2.666E-01	2.670E-01
2.140E+00	2.647E-01	1.274E-03	2.659E-01	2.634E-01	2.646E-01	2.647E-01	2.645E-01	2.649E-01
2.150E+00	2.626E-01	1.291E-03	2.639E-01	2.613E-01	2.625E-01	2.626E-01	2.624E-01	2.628E-01
2.160E+00	2.605E-01	1.307E-03	2.618E-01	2.592E-01	2.604E-01	2.605E-01	2.603E-01	2.607E-01
2.170E+00	2.584E-01	1.323E-03	2.597E-01	2.571E-01	2.583E-01	2.585E-01	2.582E-01	2.586E-01
2.180E+00	2.563E-01	1.340E-03	2.576E-01	2.550E-01	2.562E-01	2.564E-01	2.561E-01	2.565E-01
2.190E+00	2.542E-01	1.356E-03	2.556E-01	2.529E-01	2.542E-01	2.543E-01	2.540E-01	2.544E-01
2.200E+00	2.522E-01	1.372E-03	2.535E-01	2.508E-01	2.521E-01	2.522E-01	2.520E-01	2.524E-01
2.210E+00	2.501E-01	1.387E-03	2.515E-01	2.488E-01	2.500E-01	2.502E-01	2.499E-01	2.503E-01
2.220E+00	2.481E-01	1.403E-03	2.495E-01	2.467E-01	2.480E-01	2.482E-01	2.479E-01	2.483E-01
2.230E+00	2.460E-01	1.419E-03	2.475E-01	2.447E-01	2.460E-01	2.461E-01	2.459E-01	2.462E-01
2.240E+00	2.440E-01	1.434E-03	2.455E-01	2.426E-01	2.439E-01	2.441E-01	2.438E-01	2.442E-01
2.250E+00	2.420E-01	1.449E-03	2.435E-01	2.406E-01	2.419E-01	2.421E-01	2.418E-01	2.422E-01
2.260E+00	2.400E-01	1.464E-03	2.415E-01	2.386E-01	2.399E-01	2.401E-01	2.398E-01	2.402E-01
2.270E+00	2.380E-01	1.479E-03	2.395E-01	2.366E-01	2.379E-01	2.381E-01	2.378E-01	2.382E-01
2.280E+00	2.360E-01	1.494E-03	2.375E-01	2.346E-01	2.360E-01	2.361E-01	2.359E-01	2.362E-01
2.290E+00	2.341E-01	1.508E-03	2.356E-01	2.326E-01	2.340E-01	2.341E-01	2.339E-01	2.342E-01
2.300E+00	2.321E-01	1.523E-03	2.336E-01	2.306E-01	2.320E-01	2.322E-01	2.319E-01	2.323E-01
2.310E+00	2.301E-01	1.537E-03	2.317E-01	2.286E-01	2.301E-01	2.302E-01	2.300E-01	2.303E-01
2.320E+00	2.282E-01	1.551E-03	2.298E-01	2.267E-01	2.281E-01	2.283E-01	2.280E-01	2.284E-01
2.330E+00	2.263E-01	1.565E-03	2.278E-01	2.247E-01	2.262E-01	2.264E-01	2.261E-01	2.265E-01
2.340E+00	2.243E-01	1.579E-03	2.259E-01	2.228E-01	2.243E-01	2.244E-01	2.242E-01	2.245E-01
2.350E+00	2.224E-01	1.592E-03	2.240E-01	2.209E-01	2.223E-01	2.225E-01	2.223E-01	2.226E-01
2.360E+00	2.205E-01	1.606E-03	2.221E-01	2.189E-01	2.204E-01	2.206E-01	2.204E-01	2.207E-01
2.370E+00	2.186E-01	1.619E-03	2.203E-01	2.170E-01	2.185E-01	2.187E-01	2.185E-01	2.188E-01
2.380E+00	2.168E-01	1.632E-03	2.184E-01	2.151E-01	2.167E-01	2.168E-01	2.166E-01	2.169E-01
2.390E+00	2.149E-01	1.645E-03	2.165E-01	2.133E-01	2.148E-01	2.150E-01	2.147E-01	2.151E-01
2.400E+00	2.130E-01	1.658E-03	2.147E-01	2.114E-01	2.129E-01	2.131E-01	2.128E-01	2.132E-01
2.410E+00	2.112E-01	1.670E-03	2.128E-01	2.095E-01	2.111E-01	2.113E-01	2.110E-01	2.113E-01
2.420E+00	2.093E-01	1.683E-03	2.110E-01	2.077E-01	2.092E-01	2.094E-01	2.091E-01	2.095E-01
2.430E+00	2.075E-01	1.695E-03	2.092E-01	2.058E-01	2.074E-01	2.076E-01	2.073E-01	2.077E-01
2.440E+00	2.057E-01	1.707E-03	2.074E-01	2.040E-01	2.056E-01	2.058E-01	2.055E-01	2.059E-01
2.450E+00	2.039E-01	1.719E-03	2.056E-01	2.022E-01	2.038E-01	2.040E-01	2.037E-01	2.040E-01
2.460E+00	2.021E-01	1.730E-03	2.038E-01	2.004E-01	2.020E-01	2.022E-01	2.019E-01	2.022E-01
2.470E+00	2.003E-01	1.742E-03	2.020E-01	1.986E-01	2.002E-01	2.004E-01	2.001E-01	2.004E-01
2.480E+00	1.985E-01	1.753E-03	2.002E-01	1.968E-01	1.984E-01	1.986E-01	1.983E-01	1.987E-01
2.490E+00	1.967E-01	1.764E-03	1.985E-01	1.950E-01	1.966E-01	1.968E-01	1.965E-01	1.969E-01
2.500E+00	1.950E-01	1.775E-03	1.967E-01	1.932E-01	1.949E-01	1.951E-01	1.948E-01	1.951E-01
2.510E+00	1.932E-01	1.785E-03	1.950E-01	1.915E-01	1.931E-01	1.933E-01	1.930E-01	1.934E-01
2.520E+00	1.915E-01	1.796E-03	1.933E-01	1.897E-01	1.914E-01	1.916E-01	1.913E-01	1.917E-01
2.530E+00	1.897E-01	1.806E-03	1.916E-01	1.880E-01	1.896E-01	1.899E-01	1.896E-01	1.899E-01
2.540E+00	1.880E-01	1.816E-03	1.898E-01	1.862E-01	1.879E-01	1.881E-01	1.879E-01	1.882E-01
2.550E+00	1.863E-01	1.826E-03	1.882E-01	1.845E-01	1.862E-01	1.864E-01	1.862E-01	1.865E-01
2.560E+00	1.846E-01	1.836E-03	1.865E-01	1.828E-01	1.845E-01	1.847E-01	1.845E-01	1.848E-01
2.570E+00	1.829E-01	1.845E-03	1.848E-01	1.811E-01	1.828E-01	1.830E-01	1.828E-01	1.831E-01
2.580E+00	1.813E-01	1.855E-03	1.831E-01	1.794E-01	1.812E-01	1.814E-01	1.811E-01	1.814E-01
2.590E+00	1.796E-01	1.864E-03	1.815E-01	1.778E-01	1.795E-01	1.797E-01	1.794E-01	1.798E-01
2.600E+00	1.779E-01	1.873E-03	1.798E-01	1.761E-01	1.778E-01	1.781E-01	1.778E-01	1.781E-01
2.610E+00	1.763E-01	1.881E-03	1.782E-01	1.744E-01	1.762E-01	1.764E-01	1.761E-01	1.765E-01
2.620E+00	1.747E-01	1.890E-03	1.766E-01	1.728E-01	1.746E-01	1.748E-01	1.745E-01	1.748E-01
2.630E+00	1.730E-01	1.898E-03	1.749E-01	1.712E-01	1.729E-01	1.731E-01	1.729E-01	1.732E-01
2.640E+00	1.714E-01	1.907E-03	1.733E-01	1.695E-01	1.713E-01	1.715E-01	1.713E-01	1.716E-01
2.650E+00	1.698E-01	1.914E-03	1.717E-01	1.679E-01	1.697E-01	1.699E-01	1.697E-01	1.700E-01
2.660E+00	1.682E-01	1.922E-03	1.702E-01	1.663E-01	1.681E-01	1.683E-01	1.681E-01	1.684E-01
2.670E+00	1.666E-01	1.930E-03	1.686E-01	1.647E-01	1.665E-01	1.668E-01	1.665E-01	1.668E-01
2.680E+00	1.651E-01	1.937E-03	1.670E-01	1.632E-01	1.650E-01	1.652E-01	1.649E-01	1.652E-01
2.690E+00	1.635E-01	1.944E-03	1.655E-01	1.616E-01	1.634E-01	1.636E-01	1.634E-01	1.637E-01
2.700E+00	1.620E-01	1.951E-03	1.639E-01	1.600E-01	1.619E-01	1.621E-01	1.618E-01	1.621E-01
2.710E+00	1.604E-01	1.958E-03	1.624E-01	1.585E-01	1.603E-01	1.605E-01	1.603E-01	1.606E-01
2.720E+00	1.589E-01	1.965E-03	1.609E-01	1.570E-01	1.588E-01	1.590E-01	1.587E-01	1.591E-01
2.730E+00	1.574E-01	1.971E-03	1.593E-01	1.554E-01	1.573E-01	1.575E-01	1.572E-01	1.575E-01
2.740E+00	1.559E-01	1.977E-03	1.578E-01	1.539E-01	1.558E-01	1.560E-01	1.557E-01	1.560E-01
2.750E+00	1.544E-01	1.983E-03	1.564E-01	1.524E-01	1.543E-01	1.545E-01	1.542E-01	1.545E-01
2.760E+00	1.529E-01	1.989E-03	1.549E-01	1.509E-01	1.528E-01	1.530E-01	1.527E-01	1.530E-01
2.770E+00	1.514E-01	1.995E-03	1.534E-01	1.494E-01	1.513E-01	1.515E-01	1.512E-01	1.516E-01
2.780E+00	1.499E-01	2.000E-03	1.519E-01	1.480E-01	1.498E-01	1.500E-01	1.498E-01	1.501E-01
2.790E+00	1.485E-01	2.005E-03	1.505E-01	1.465E-01	1.484E-01	1.486E-01	1.483E-01	1.486E-01
2.800E+00	1.470E-01	2.010E-03	1.490E-01	1.450E-01	1.469E-01	1.471E-01	1.469E-01	1.472E-01
2.810E+00	1.456E-01	2.015E-03	1.476E-01	1.436E-01	1.455E-01	1.457E-01	1.454E-01	1.457E-01
2.820E+00	1.442E-01	2.020E-03	1.462E-01	1.422E-01	1.440E-01	1.443E-01	1.440E-01	1.443E-01
2.830E+00	1.427E-01	2.024E-03	1.448E-01	1.407E-01	1.426E-01	1.428E-01	1.426E-01	1.429E-01
2.840E+00	1.413E-01	2.028E-03	1.434E-01	1.393E-01	1.412E-01	1.414E-01	1.412E-01	1.415E-01
2.850E+00	1.399E-01	2.032E-03	1.420E-01	1.379E-01	1.398E-01	1.400E-01	1.398E-01	1.401E-01
2.860E+00	1.385E-01	2.036E-03	1.406E-01	1.365E-01	1.384E-01	1.387E-01	1.384E-01	1.387E-01
2.870E+00	1.372E-01	2.040E-03	1.392E-01	1.352E-01	1.371E-01	1.373E-01	1.370E-01	1.373E-01
2.880E+00	1.358E-01	2.043E-03	1.378E-01	1.338E-01	1.357E-01	1.359E-01	1.356E-01	1.360E-01
2.890E+00	1.344E-01	2.047E-03	1.365E-01	1.324E-01	1.343E-01	1.346E-01	1.343E-01	1.346E-01
2.900E+00	1.331E-01	2.050E-03	1.352E-01	1.311E-01	1.330E-01	1.332E-01	1.329E-01	1.332E-01
2.910E+00	1.318E-01	2.053E-03	1.338E-01	1.297E-01	1.316E-01	1.319E-01	1.316E-01	1.319E-01
2.920E+00	1.304E-01	2.055E-03	1.325E-01	1.284E-01	1.303E-01	1.305E-01	1.303E-01	1.306E-01
2.930E+00	1.291E-01	2.058E-03	1.312E-01	1.271E-01	1.290E-01	1.292E-01	1.290E-01	1.293E-01
2.940E+00	1.278E-01	2.060E-03	1.299E-01	1.258E-01	1.277E-01	1.279E-01	1.277E-01	1.280E-01
2.950E+00	1.265E-01	2.063E-03	1.286E-01	1.245E-01	1.264E-01	1.266E-01	1.264E-01	1.267E-01
2.960E+00	1.252E-01	2.065E-03	1.273E-01	1.232E-01	1.251E-01	1.253E-01	1.251E-01	1.254E-01
2.970E+00	1.239E-01	2.066E-03	1.260E-01	1.219E-01	1.238E-01	1.241E-01	1.238E-01	1.241E-01
2.980E+00	1.227E-01	2.068E-03	1.247E-01	1.206E-01	1.226E-01	1.228E-01	1.225E-01	1.228E-01
2.990E+00	1.214E-01	2.070E-03	1.235E-01	1.194E-01	1.213E-01	1.215E-01	1.213E-01	1.216E-01
3.000E+00	1.202E-01	2.071E-03	1.222E-01	1.181E-01	1.201E-01	1.203E-01	1.200E-01	1.203E-01
