1.000E-02	1.045E+00	1.160E-02	1.033E+00	1.056E+00	1.045E+00	1.044E+00	1.045E+00	1.045E+00
2.000E-02	1.044E+00	1.157E-02	1.033E+00	1.056E+00	1.044E+00	1.044E+00	1.044E+00	1.044E+00
3.000E-02	1.044E+00	1.152E-02	1.033E+00	1.056E+00	1.044E+00	1.044E+00	1.044E+00	1.044E+00
4.000E-02	1.044E+00	1.146E-02	1.032E+00	1.055E+00	1.044E+00	1.044E+00	1.044E+00	1.044E+00
5.000E-02	1.044E+00	1.139E-02	1.032E+00	1.055E+00	1.044E+00	1.043E+00	1.044E+00	1.044E+00
6.000E-02	1.043E+00	1.131E-02	1.032E+00	1.054E+00	1.043E+00	1.043E+00	1.043E+00	1.043E+00
7.000E-02	1.043E+00	1.123E-02	1.031E+00	1.054E+00	1.043E+00	1.043E+00	1.043E+00	1.043E+00
8.000E-02	1.042E+00	1.114E-02	1.031E+00	1.053E+00	1.042E+00	1.042E+00	1.042E+00	1.042E+00
9.000E-02	1.042E+00	1.104E-02	1.031E+00	1.053E+00	1.042E+00	1.042E+00	1.042E+00	1.042E+00
1.000E-01	1.041E+00	1.094E-02	1.030E+00	1.052E+00	1.041E+00	1.041E+00	1.041E+00	1.041E+00
1.100E-01	1.040E+00	1.084E-02	1.029E+00	1.051E+00	1.040E+00	1.040E+00	1.040E+00	1.040E+00
1.200E-01	1.040E+00	1.073E-02	1.029E+00	1.050E+00	1.040E+00	1.040E+00	1.040E+00	1.040E+00
1.300E-01	1.039E+00	1.061E-02	1.028E+00	1.049E+00	1.039E+00	1.039E+00	1.039E+00	1.039E+00
1.400E-01	1.038E+00	1.049E-02	1.027E+00	1.048E+00	1.038E+00	1.038E+00	1.038E+00	1.038E+00
1.500E-01	1.037E+00	1.037E-02	1.027E+00	1.047E+00	1.037E+00	1.037E+00	1.037E+00	1.037E+00
1.600E-01	1.036E+00	1.025E-02	1.026E+00	1.046E+00	1.036E+00	1.036E+00	1.036E+00	1.036E+00
1.700E-01	1.035E+00	1.012E-02	1.025E+00	1.045E+00	1.035E+00	1.035E+00	1.035E+00	1.035E+00
1.800E-01	1.034E+00	9.988E-03	1.024E+00	1.044E+00	1.034E+00	1.034E+00	1.034E+00	1.034E+00
1.900E-01	1.033E+00	9.854E-03	1.023E+00	1.043E+00	1.033E+00	1.033E+00	1.033E+00	1.033E+00
2.000E-01	1.032E+00	9.719E-03	1.022E+00	1.042E+00	1.032E+00	1.032E+00	1.032E+00	1.032E+00
2.100E-01	1.031E+00	9.580E-03	1.021E+00	1.040E+00	1.031E+00	1.031E+00	1.031E+00	1.031E+00
2.200E-01	1.030E+00	9.440E-03	1.020E+00	1.039E+00	1.030E+00	1.030E+00	1.030E+00	1.030E+00
2.300E-01	1.029E+00	9.298E-03	1.019E+00	1.038E+00	1.029E+00	1.028E+00	1.029E+00	1.029E+00
2.400E-01	1.027E+00	9.154E-03	1.018E+00	1.036E+00	1.027E+00	1.027E+00	1.027E+00	1.027E+00
2.500E-01	1.026E+00	9.008E-03	1.017E+00	1.035E+00	1.026E+00	1.026E+00	1.026E+00	1.026E+00
2.600E-01	1.025E+00	8.861E-03	1.016E+00	1.033E+00	1.025E+00	1.025E+00	1.025E+00	1.025E+00
2.700E-01	1.023E+00	8.713E-03	1.014E+00	1.032E+00	1.023E+00	1.023E+00	1.023E+00	1.023E+00
2.800E-01	1.022E+00	8.563E-03	1.013E+00	1.030E+00	1.022E+00	1.022E+00	1.022E+00	1.022E+00
2.900E-01	1.020E+00	8.412E-03	1.012E+00	1.029E+00	1.020E+00	1.020E+00	1.020E+00	1.020E+00
3.000E-01	1.019E+00	8.260E-03	1.010E+00	1.027E+00	1.019E+00	1.019E+00	1.019E+00	1.019E+00
3.100E-01	1.017E+00	8.107E-03	1.009E+00	1.025E+00	1.017E+00	1.017E+00	1.017E+00	1.017E+00
3.200E-01	1.016E+00	7.953E-03	1.007E+00	1.023E+00	1.016E+00	1.016E+00	1.016E+00	1.016E+00
3.300E-01	1.014E+00	7.798E-03	1.006E+00	1.022E+00	1.014E+00	1.014E+00	1.014E+00	1.014E+00
3.400E-01	1.012E+00	7.643E-03	1.004E+00	1.020E+00	1.012E+00	1.012E+00	1.012E+00	1.012E+00
3.500E-01	1.011E+00	7.487E-03	1.003E+00	1.018E+00	1.011E+00	1.011E+00	1.011E+00	1.011E+00
3.600E-01	1.009E+00	7.331E-03	1.001E+00	1.016E+00	1.009E+00	1.009E+00	1.009E+00	1.009E+00
3.700E-01	1.007E+00	7.175E-03	9.997E-01	1.014E+00	1.007E+00	1.007E+00	1.007E+00	1.007E+00
3.800E-01	1.005E+00	7.018E-03	9.981E-01	1.012E+00	1.005E+00	1.005E+00	1.005E+00	1.005E+00
3.900E-01	1.003E+00	6.860E-03	9.964E-01	1.010E+00	1.003E+00	1.003E+00	1.003E+00	1.003E+00
4.000E-01	1.002E+00	6.703E-03	9.946E-01	1.008E+00	1.002E+00	1.001E+00	1.002E+00	1.002E+00
4.100E-01	9.996E-01	6.546E-03	9.929E-01	1.006E+00	9.997E-01	9.995E-01	9.996E-01	9.996E-01
4.200E-01	9.976E-01	6.388E-03	9.910E-01	1.004E+00	9.977E-01	9.976E-01	9.976E-01	9.977E-01
4.300E-01	9.957E-01	6.231E-03	9.892E-01	1.002E+00	9.957E-01	9.956E-01	9.956E-01	9.957E-01
4.400E-01	9.936E-01	6.074E-03	9.873E-01	9.995E-01	9.937E-01	9.936E-01	9.936E-01	9.936E-01
4.500E-01	9.916E-01	5.917E-03	9.854E-01	9.973E-01	9.916E-01	9.915E-01	9.916E-01	9.916E-01
4.600E-01	9.895E-01	5.760E-03	9.835E-01	9.950E-01	9.895E-01	9.894E-01	9.895E-01	9.895E-01
4.700E-01	9.873E-01	5.604E-03	9.815E-01	9.927E-01	9.874E-01	9.873E-01	9.873E-01	9.873E-01
4.800E-01	9.852E-01	5.448E-03	9.795E-01	9.904E-01	9.853E-01	9.851E-01	9.852E-01	9.852E-01
4.900E-01	9.830E-01	5.292E-03	9.775E-01	9.881E-01	9.831E-01	9.829E-01	9.830E-01	9.830E-01
5.000E-01	9.808E-01	5.137E-03	9.754E-01	9.857E-01	9.808E-01	9.807E-01	9.808E-01	9.808E-01
5.100E-01	9.785E-01	4.983E-03	9.733E-01	9.833E-01	9.786E-01	9.785E-01	9.785E-01	9.785E-01
5.200E-01	9.762E-01	4.829E-03	9.712E-01	9.808E-01	9.763E-01	9.762E-01	9.762E-01	9.762E-01
5.300E-01	9.739E-01	4.675E-03	9.690E-01	9.784E-01	9.740E-01	9.739E-01	9.739E-01	9.739E-01
5.400E-01	9.716E-01	4.523E-03	9.668E-01	9.759E-01	9.716E-01	9.715E-01	9.716E-01	9.716E-01
5.500E-01	9.692E-01	4.371E-03	9.646E-01	9.734E-01	9.693E-01	9.691E-01	9.692E-01	9.692E-01
5.600E-01	9.668E-01	4.220E-03	9.624E-01	9.708E-01	9.669E-01	9.667E-01	9.668E-01	9.668E-01
5.700E-01	9.644E-01	4.070E-03	9.601E-01	9.682E-01	9.644E-01	9.643E-01	9.644E-01	9.644E-01
5.800E-01	9.619E-01	3.921E-03	9.578E-01	9.656E-01	9.620E-01	9.618E-01	9.619E-01	9.619E-01
5.900E-01	9.594E-01	3.772E-03	9.554E-01	9.630E-01	9.595E-01	9.594E-01	9.594E-01	9.594E-01
6.000E-01	9.569E-01	3.625E-03	9.531E-01	9.603E-01	9.570E-01	9.568E-01	9.569E-01	9.569E-01
6.100E-01	9.544E-01	3.479E-03	9.507E-01	9.576E-01	9.544E-01	9.543E-01	9.544E-01	9.544E-01
6.200E-01	9.518E-01	3.333E-03	9.482E-01	9.549E-01	9.518E-01	9.517E-01	9.518E-01	9.518E-01
6.300E-01	9.492E-01	3.189E-03	9.458E-01	9.522E-01	9.492E-01	9.491E-01	9.492E-01	9.492E-01
6.400E-01	9.466E-01	3.046E-03	9.433E-01	9.494E-01	9.466E-01	9.465E-01	9.466E-01	9.466E-01
6.500E-01	9.439E-01	2.904E-03	9.408E-01	9.466E-01	9.440E-01	9.439E-01	9.439E-01	9.439E-01
6.600E-01	9.412E-01	2.763E-03	9.383E-01	9.438E-01	9.413E-01	9.412E-01	9.412E-01	9.412E-01
6.700E-01	9.385E-01	2.624E-03	9.357E-01	9.410E-01	9.386E-01	9.385E-01	9.385E-01	9.385E-01
6.800E-01	9.358E-01	2.486E-03	9.331E-01	9.381E-01	9.359E-01	9.358E-01	9.358E-01	9.358E-01
6.900E-01	9.331E-01	2.349E-03	9.305E-01	9.352E-01	9.331E-01	9.330E-01	9.331E-01	9.331E-01
7.000E-01	9.303E-01	2.213E-03	9.279E-01	9.323E-01	9.303E-01	9.302E-01	9.303E-01	9.303E-01
7.100E-01	9.275E-01	2.079E-03	9.252E-01	9.294E-01	9.275E-01	9.274E-01	9.275E-01	9.275E-01
7.200E-01	9.247E-01	1.946E-03	9.225E-01	9.264E-01	9.247E-01	9.246E-01	9.247E-01	9.247E-01
7.300E-01	9.218E-01	1.814E-03	9.198E-01	9.234E-01	9.219E-01	9.218E-01	9.218E-01	9.218E-01
7.400E-01	9.189E-01	1.684E-03	9.171E-01	9.204E-01	9.190E-01	9.189E-01	9.189E-01	9.189E-01
7.500E-01	9.161E-01	1.555E-03	9.143E-01	9.174E-01	9.161E-01	9.160E-01	9.160E-01	9.161E-01
7.600E-01	9.131E-01	1.428E-03	9.115E-01	9.144E-01	9.132E-01	9.131E-01	9.131E-01	9.131E-01
7.700E-01	9.102E-01	1.303E-03	9.087E-01	9.113E-01	9.103E-01	9.102E-01	9.102E-01	9.102E-01
7.800E-01	9.072E-01	1.178E-03	9.059E-01	9.083E-01	9.073E-01	9.072E-01	9.072E-01	9.073E-01
7.900E-01	9.043E-01	1.056E-03	9.031E-01	9.052E-01	9.043E-01	9.042E-01	9.043E-01	9.043E-01
8.000E-01	9.013E-01	9.348E-04	9.002E-01	9.020E-01	9.013E-01	9.012E-01	9.013E-01	9.013E-01
8.100E-01	8.982E-01	8.153E-04	8.973E-01	8.989E-01	8.983E-01	8.982E-01	8.982E-01	8.983E-01
8.200E-01	8.952E-01	6.975E-04	8.944E-01	8.958E-01	8.953E-01	8.952E-01	8.952E-01	8.952E-01
8.300E-01	8.922E-01	5.814E-04	8.914E-01	8.926E-01	8.922E-01	8.921E-01	8.921E-01	8.922E-01
8.400E-01	8.891E-01	4.670E-04	8.885E-01	8.894E-01	8.891E-01	8.890E-01	8.891E-01	8.891E-01
8.500E-01	8.860E-01	3.546E-04	8.855E-01	8.862E-01	8.860E-01	8.859E-01	8.860E-01	8.860E-01
8.600E-01	8.829E-01	2.443E-04	8.825E-01	8.830E-01	8.829E-01	8.828E-01	8.829E-01	8.829E-01
8.700E-01	8.797E-01	1.377E-04	8.795E-01	8.797E-01	8.798E-01	8.797E-01	8.797E-01	8.797E-01
8.800E-01	8.766E-01	4.923E-05	8.764E-01	8.765E-01	8.766E-01	8.765E-01	8.766E-01	8.766E-01
8.900E-01	8.734E-01	9.477E-05	8.734E-01	8.732E-01	8.734E-01	8.734E-01	8.734E-01	8.734E-01
9.000E-01	8.702E-01	1.938E-04	8.703E-01	8.699E-01	8.703E-01	8.702E-01	8.702E-01	8.702E-01
9.100E-01	8.670E-01	2.951E-04	8.672E-01	8.666E-01	8.671E-01	8.670E-01	8.670E-01	8.670E-01
9.200E-01	8.638E-01	3.955E-04	8.641E-01	8.633E-01	8.638E-01	8.637E-01	8.638E-01	8.638E-01
9.300E-01	8.606E-01	4.946E-04	8.610E-01	8.600E-01	8.606E-01	8.605E-01	8.605E-01	8.606E-01
9.400E-01	8.573E-01	5.921E-04	8.578E-01	8.566E-01	8.573E-01	8.573E-01	8.573E-01	8.573E-01
9.500E-01	8.540E-01	6.879E-04	8.546E-01	8.533E-01	8.541E-01	8.540E-01	8.540E-01	8.540E-01
9.600E-01	8.507E-01	7.821E-04	8.514E-01	8.499E-01	8.508E-01	8.507E-01	8.507E-01	8.508E-01
9.700E-01	8.474E-01	8.745E-04	8.482E-01	8.465E-01	8.475E-01	8.474E-01	8.474E-01	8.475E-01
9.800E-01	8.441E-01	9.651E-04	8.450E-01	8.431E-01	8.442E-01	8.441E-01	8.441E-01	8.441E-01
9.900E-01	8.408E-01	1.054E-03	8.418E-01	8.397E-01	8.408E-01	8.408E-01	8.408E-01	8.408E-01
1.000E+00	8.375E-01	1.141E-03	8.385E-01	8.363E-01	8.375E-01	8.374E-01	8.374E-01	8.375E-01
1.010E+00	8.341E-01	1.227E-03	8.353E-01	8.328E-01	8.341E-01	8.341E-01	8.341E-01	8.341E-01
1.020E+00	8.307E-01	1.310E-03	8.320E-01	8.294E-01	8.308E-01	8.307E-01	8.307E-01	8.307E-01
1.030E+00	8.273E-01	1.392E-03	8.287E-01	8.259E-01	8.274E-01	8.273E-01	8.273E-01	8.274E-01
1.040E+00	8.240E-01	1.472E-03	8.254E-01	8.225E-01	8.240E-01	8.239E-01	8.239E-01	8.240E-01
1.050E+00	8.205E-01	1.550E-03	8.221E-01	8.190E-01	8.206E-01	8.205E-01	8.205E-01	8.206E-01
1.060E+00	8.171E-01	1.627E-03	8.187E-01	8.155E-01	8.172E-01	8.171E-01	8.171E-01	8.171E-01
1.070E+00	8.137E-01	1.701E-03	8.154E-01	8.120E-01	8.137E-01	8.137E-01	8.137E-01	8.137E-01
1.080E+00	8.102E-01	1.774E-03	8.120E-01	8.085E-01	8.103E-01	8.102E-01	8.102E-01	8.103E-01
1.090E+00	8.068E-01	1.845E-03	8.086E-01	8.049E-01	8.068E-01	8.068E-01	8.068E-01	8.068E-01
1.100E+00	8.033E-01	1.914E-03	8.052E-01	8.014E-01	8.034E-01	8.033E-01	8.033E-01	8.033E-01
1.110E+00	7.998E-01	1.982E-03	8.018E-01	7.979E-01	7.999E-01	7.998E-01	7.998E-01	7.999E-01
1.120E+00	7.964E-01	2.047E-03	7.984E-01	7.943E-01	7.964E-01	7.963E-01	7.964E-01	7.964E-01
1.130E+00	7.929E-01	2.111E-03	7.950E-01	7.908E-01	7.929E-01	7.928E-01	7.929E-01	7.929E-01
1.140E+00	7.894E-01	2.173E-03	7.916E-01	7.872E-01	7.894E-01	7.893E-01	7.893E-01	7.894E-01
1.150E+00	7.858E-01	2.234E-03	7.881E-01	7.837E-01	7.859E-01	7.858E-01	7.858E-01	7.859E-01
1.160E+00	7.823E-01	2.292E-03	7.847E-01	7.801E-01	7.823E-01	7.823E-01	7.823E-01	7.823E-01
1.170E+00	7.788E-01	2.349E-03	7.812E-01	7.765E-01	7.788E-01	7.788E-01	7.788E-01	7.788E-01
1.180E+00	7.752E-01	2.404E-03	7.777E-01	7.729E-01	7.753E-01	7.752E-01	7.752E-01	7.753E-01
1.190E+00	7.717E-01	2.457E-03	7.742E-01	7.693E-01	7.717E-01	7.717E-01	7.717E-01	7.717E-01
1.200E+00	7.681E-01	2.508E-03	7.707E-01	7.657E-01	7.682E-01	7.681E-01	7.681E-01	7.681E-01
1.210E+00	7.646E-01	2.558E-03	7.672E-01	7.621E-01	7.646E-01	7.645E-01	7.646E-01	7.646E-01
1.220E+00	7.610E-01	2.606E-03	7.637E-01	7.585E-01	7.610E-01	7.610E-01	7.610E-01	7.610E-01
1.230E+00	7.574E-01	2.652E-03	7.602E-01	7.549E-01	7.574E-01	7.574E-01	7.574E-01	7.574E-01
1.240E+00	7.538E-01	2.696E-03	7.566E-01	7.512E-01	7.539E-01	7.538E-01	7.538E-01	7.538E-01
1.250E+00	7.502E-01	2.739E-03	7.531E-01	7.476E-01	7.503E-01	7.502E-01	7.502E-01	7.502E-01
1.260E+00	7.466E-01	2.780E-03	7.495E-01	7.440E-01	7.467E-01	7.466E-01	7.466E-01	7.467E-01
1.270E+00	7.430E-01	2.819E-03	7.460E-01	7.403E-01	7.431E-01	7.430E-01	7.430E-01	7.430E-01
1.280E+00	7.394E-01	2.857E-03	7.424E-01	7.367E-01	7.394E-01	7.394E-01	7.394E-01	7.394E-01
1.290E+00	7.358E-01	2.893E-03	7.388E-01	7.331E-01	7.358E-01	7.358E-01	7.358E-01	7.358E-01
1.300E+00	7.322E-01	2.927E-03	7.353E-01	7.294E-01	7.322E-01	7.322E-01	7.322E-01	7.322E-01
1.310E+00	7.286E-01	2.960E-03	7.317E-01	7.258E-01	7.286E-01	7.286E-01	7.286E-01	7.286E-01
1.320E+00	7.249E-01	2.991E-03	7.281E-01	7.221E-01	7.250E-01	7.249E-01	7.249E-01	7.249E-01
1.330E+00	7.213E-01	3.020E-03	7.245E-01	7.184E-01	7.213E-01	7.213E-01	7.213E-01	7.213E-01
1.340E+00	7.177E-01	3.047E-03	7.209E-01	7.148E-01	7.177E-01	7.177E-01	7.177E-01	7.177E-01
1.350E+00	7.140E-01	3.073E-03	7.173E-01	7.111E-01	7.140E-01	7.140E-01	7.140E-01	7.140E-01
1.360E+00	7.104E-01	3.098E-03	7.137E-01	7.075E-01	7.104E-01	7.104E-01	7.104E-01	7.104E-01
1.370E+00	7.067E-01	3.120E-03	7.100E-01	7.038E-01	7.067E-01	7.067E-01	7.067E-01	7.067E-01
1.380E+00	7.031E-01	3.142E-03	7.064E-01	7.001E-01	7.031E-01	7.031E-01	7.031E-01	7.031E-01
1.390E+00	6.994E-01	3.161E-03	7.028E-01	6.965E-01	6.994E-01	6.994E-01	6.994E-01	6.994E-01
1.400E+00	6.958E-01	3.179E-03	6.992E-01	6.928E-01	6.958E-01	6.958E-01	6.958E-01	6.958E-01
1.410E+00	6.921E-01	3.196E-03	6.955E-01	6.891E-01	6.921E-01	6.921E-01	6.921E-01	6.921E-01
1.420E+00	6.885E-01	3.210E-03	6.919E-01	6.855E-01	6.885E-01	6.885E-01	6.885E-01	6.885E-01
1.430E+00	6.848E-01	3.224E-03	6.883E-01	6.818E-01	6.848E-01	6.848E-01	6.848E-01	6.848E-01
1.440E+00	6.811E-01	3.236E-03	6.846E-01	6.781E-01	6.812E-01	6.811E-01	6.811E-01	6.812E-01
1.450E+00	6.775E-01	3.246E-03	6.810E-01	6.745E-01	6.775E-01	6.775E-01	6.775E-01	6.775E-01
1.460E+00	6.738E-01	3.255E-03	6.773E-01	6.708E-01	6.738E-01	6.738E-01	6.738E-01	6.738E-01
1.470E+00	6.702E-01	3.262E-03	6.737E-01	6.671E-01	6.702E-01	6.702E-01	6.701E-01	6.702E-01
1.480E+00	6.665E-01	3.268E-03	6.700E-01	6.635E-01	6.665E-01	6.665E-01	6.665E-01	6.665E-01
1.490E+00	6.628E-01	3.273E-03	6.664E-01	6.598E-01	6.628E-01	6.628E-01	6.628E-01	6.628E-01
1.500E+00	6.592E-01	3.276E-03	6.627E-01	6.562E-01	6.592E-01	6.592E-01	6.592E-01	6.592E-01
1.510E+00	6.555E-01	3.277E-03	6.591E-01	6.525E-01	6.555E-01	6.555E-01	6.555E-01	6.555E-01
1.520E+00	6.519E-01	3.278E-03	6.554E-01	6.489E-01	6.519E-01	6.519E-01	6.518E-01	6.519E-01
1.530E+00	6.482E-01	3.277E-03	6.518E-01	6.452E-01	6.482E-01	6.482E-01	6.482E-01	6.482E-01
1.540E+00	6.445E-01	3.274E-03	6.481E-01	6.416E-01	6.445E-01	6.445E-01	6.445E-01	6.445E-01
1.550E+00	6.409E-01	3.270E-03	6.444E-01	6.379E-01	6.409E-01	6.409E-01	6.409E-01	6.409E-01
1.560E+00	6.372E-01	3.265E-03	6.408E-01	6.343E-01	6.372E-01	6.372E-01	6.372E-01	6.372E-01
1.570E+00	6.336E-01	3.259E-03	6.371E-01	6.306E-01	6.336E-01	6.336E-01	6.336E-01	6.336E-01
1.580E+00	6.299E-01	3.251E-03	6.335E-01	6.270E-01	6.299E-01	6.299E-01	6.299E-01	6.299E-01
1.590E+00	6.263E-01	3.242E-03	6.298E-01	6.233E-01	6.263E-01	6.263E-01	6.263E-01	6.263E-01
1.600E+00	6.226E-01	3.232E-03	6.262E-01	6.197E-01	6.226E-01	6.226E-01	6.226E-01	6.226E-01
1.610E+00	6.190E-01	3.220E-03	6.225E-01	6.161E-01	6.190E-01	6.190E-01	6.190E-01	6.190E-01
1.620E+00	6.153E-01	3.207E-03	6.189E-01	6.125E-01	6.153E-01	6.153E-01	6.153E-01	6.154E-01
1.630E+00	6.117E-01	3.193E-03	6.152E-01	6.089E-01	6.117E-01	6.117E-01	6.117E-01	6.117E-01
1.640E+00	6.081E-01	3.178E-03	6.116E-01	6.052E-01	6.081E-01	6.081E-01	6.081E-01	6.081E-01
1.650E+00	6.044E-01	3.162E-03	6.080E-01	6.016E-01	6.044E-01	6.044E-01	6.044E-01	6.045E-01
1.660E+00	6.008E-01	3.144E-03	6.043E-01	5.980E-01	6.008E-01	6.008E-01	6.008E-01	6.008E-01
1.670E+00	5.972E-01	3.126E-03	6.007E-01	5.944E-01	5.972E-01	5.972E-01	5.972E-01	5.972E-01
1.680E+00	5.936E-01	3.106E-03	5.971E-01	5.908E-01	5.936E-01	5.936E-01	5.936E-01	5.936E-01
1.690E+00	5.900E-01	3.085E-03	5.934E-01	5.873E-01	5.900E-01	5.900E-01	5.900E-01	5.900E-01
1.700E+00	5.864E-01	3.063E-03	5.898E-01	5.837E-01	5.863E-01	5.864E-01	5.863E-01	5.864E-01
1.710E+00	5.828E-01	3.040E-03	5.862E-01	5.801E-01	5.827E-01	5.828E-01	5.827E-01	5.828E-01
1.720E+00	5.792E-01	3.016E-03	5.826E-01	5.765E-01	5.791E-01	5.792E-01	5.791E-01	5.792E-01
1.730E+00	5.756E-01	2.991E-03	5.789E-01	5.730E-01	5.756E-01	5.756E-01	5.756E-01	5.756E-01
1.740E+00	5.720E-01	2.964E-03	5.753E-01	5.694E-01	5.720E-01	5.720E-01	5.720E-01	5.720E-01
1.750E+00	5.684E-01	2.937E-03	5.717E-01	5.659E-01	5.684E-01	5.684E-01	5.684E-01	5.684E-01
1.760E+00	5.648E-01	2.909E-03	5.681E-01	5.623E-01	5.648E-01	5.648E-01	5.648E-01	5.648E-01
1.770E+00	5.613E-01	2.880E-03	5.645E-01	5.588E-01	5.612E-01	5.613E-01	5.612E-01	5.613E-01
1.780E+00	5.577E-01	2.850E-03	5.610E-01	5.553E-01	5.577E-01	5.577E-01	5.577E-01	5.577E-01
1.790E+00	5.541E-01	2.819E-03	5.574E-01	5.517E-01	5.541E-01	5.542E-01	5.541E-01	5.542E-01
1.800E+00	5.506E-01	2.787E-03	5.538E-01	5.482E-01	5.506E-01	5.506E-01	5.506E-01	5.506E-01
1.810E+00	5.470E-01	2.754E-03	5.502E-01	5.447E-01	5.470E-01	5.471E-01	5.470E-01	5.471E-01
1.820E+00	5.435E-01	2.721E-03	5.467E-01	5.412E-01	5.435E-01	5.435E-01	5.435E-01	5.435E-01
1.830E+00	5.400E-01	2.686E-03	5.431E-01	5.377E-01	5.400E-01	5.400E-01	5.400E-01	5.400E-01
1.840E+00	5.365E-01	2.651E-03	5.396E-01	5.343E-01	5.364E-01	5.365E-01	5.365E-01	5.365E-01
1.850E+00	5.330E-01	2.615E-03	5.360E-01	5.308E-01	5.329E-01	5.330E-01	5.329E-01	5.330E-01
1.860E+00	5.294E-01	2.578E-03	5.325E-01	5.273E-01	5.294E-01	5.295E-01	5.294E-01	5.295E-01
1.870E+00	5.260E-01	2.540E-03	5.289E-01	5.239E-01	5.259E-01	5.260E-01	5.259E-01	5.260E-01
1.880E+00	5.225E-01	2.501E-03	5.254E-01	5.204E-01	5.224E-01	5.225E-01	5.224E-01	5.225E-01
1.890E+00	5.190E-01	2.462E-03	5.219E-01	5.170E-01	5.190E-01	5.190E-01	5.190E-01	5.190E-01
1.900E+00	5.155E-01	2.422E-03	5.184E-01	5.136E-01	5.155E-01	5.155E-01	5.155E-01	5.155E-01
1.910E+00	5.120E-01	2.381E-03	5.149E-01	5.101E-01	5.120E-01	5.121E-01	5.120E-01	5.121E-01
1.920E+00	5.086E-01	2.340E-03	5.114E-01	5.067E-01	5.086E-01	5.086E-01	5.086E-01	5.086E-01
1.930E+00	5.051E-01	2.298E-03	5.079E-01	5.033E-01	5.051E-01	5.052E-01	5.051E-01	5.052E-01
1.940E+00	5.017E-01	2.255E-03	5.044E-01	4.999E-01	5.017E-01	5.017E-01	5.017E-01	5.017E-01
1.950E+00	4.983E-01	2.212E-03	5.010E-01	4.965E-01	4.983E-01	4.983E-01	4.983E-01	4.983E-01
1.960E+00	4.949E-01	2.168E-03	4.975E-01	4.932E-01	4.948E-01	4.949E-01	4.948E-01	4.949E-01
1.970E+00	4.915E-01	2.123E-03	4.941E-01	4.898E-01	4.914E-01	4.915E-01	4.914E-01	4.915E-01
1.980E+00	4.881E-01	2.078E-03	4.906E-01	4.865E-01	4.880E-01	4.881E-01	4.880E-01	4.881E-01
1.990E+00	4.847E-01	2.032E-03	4.872E-01	4.831E-01	4.846E-01	4.847E-01	4.846E-01	4.847E-01
2.000E+00	4.813E-01	1.986E-03	4.838E-01	4.798E-01	4.813E-01	4.813E-01	4.813E-01	4.813E-01
2.010E+00	4.779E-01	1.939E-03	4.804E-01	4.765E-01	4.779E-01	4.779E-01	4.779E-01	4.779E-01
2.020E+00	4.746E-01	1.892E-03	4.769E-01	4.732E-01	4.745E-01	4.746E-01	4.745E-01	4.746E-01
2.030E+00	4.712E-01	1.844E-03	4.736E-01	4.699E-01	4.712E-01	4.712E-01	4.712E-01	4.712E-01
2.040E+00	4.679E-01	1.796E-03	4.702E-01	4.666E-01	4.678E-01	4.679E-01	4.678E-01	4.679E-01
2.050E+00	4.645E-01	1.747E-03	4.668E-01	4.633E-01	4.645E-01	4.646E-01	4.645E-01	4.645E-01
2.060E+00	4.612E-01	1.698E-03	4.634E-01	4.600E-01	4.612E-01	4.612E-01	4.612E-01	4.612E-01
2.070E+00	4.579E-01	1.648E-03	4.601E-01	4.568E-01	4.579E-01	4.579E-01	4.579E-01	4.579E-01
2.080E+00	4.546E-01	1.598E-03	4.567E-01	4.535E-01	4.546E-01	4.546E-01	4.546E-01	4.546E-01
2.090E+00	4.513E-01	1.548E-03	4.534E-01	4.503E-01	4.513E-01	4.514E-01	4.513E-01	4.513E-01
2.100E+00	4.480E-01	1.497E-03	4.501E-01	4.471E-01	4.480E-01	4.481E-01	4.480E-01	4.481E-01
2.110E+00	4.448E-01	1.446E-03	4.468E-01	4.439E-01	4.448E-01	4.448E-01	4.448E-01	4.448E-01
2.120E+00	4.415E-01	1.395E-03	4.435E-01	4.407E-01	4.415E-01	4.416E-01	4.415E-01	4.415E-01
2.130E+00	4.383E-01	1.343E-03	4.402E-01	4.375E-01	4.383E-01	4.383E-01	4.383E-01	4.383E-01
2.140E+00	4.351E-01	1.291E-03	4.369E-01	4.343E-01	4.350E-01	4.351E-01	4.351E-01	4.351E-01
2.150E+00	4.318E-01	1.238E-03	4.336E-01	4.311E-01	4.318E-01	4.319E-01	4.318E-01	4.319E-01
2.160E+00	4.286E-01	1.185E-03	4.304E-01	4.280E-01	4.286E-01	4.287E-01	4.286E-01	4.287E-01
2.170E+00	4.254E-01	1.133E-03	4.271E-01	4.249E-01	4.254E-01	4.255E-01	4.254E-01	4.255E-01
2.180E+00	4.223E-01	1.079E-03	4.239E-01	4.217E-01	4.222E-01	4.223E-01	4.223E-01	4.223E-01
2.190E+00	4.191E-01	1.026E-03	4.207E-01	4.186E-01	4.191E-01	4.191E-01	4.191E-01	4.191E-01
2.200E+00	4.159E-01	9.722E-04	4.175E-01	4.155E-01	4.159E-01	4.160E-01	4.159E-01	4.160E-01
2.210E+00	4.128E-01	9.184E-04	4.143E-01	4.124E-01	4.128E-01	4.128E-01	4.128E-01	4.128E-01
2.220E+00	4.097E-01	8.643E-04	4.111E-01	4.094E-01	4.096E-01	4.097E-01	4.096E-01	4.097E-01
2.230E+00	4.065E-01	8.102E-04	4.079E-01	4.063E-01	4.065E-01	4.066E-01	4.065E-01	4.066E-01
2.240E+00	4.034E-01	7.558E-04	4.047E-01	4.032E-01	4.034E-01	4.035E-01	4.034E-01	4.035E-01
2.250E+00	4.003E-01	7.014E-04	4.016E-01	4.002E-01	4.003E-01	4.004E-01	4.003E-01	4.004E-01
2.260E+00	3.973E-01	6.468E-04	3.985E-01	3.972E-01	3.972E-01	3.973E-01	3.972E-01	3.973E-01
2.270E+00	3.942E-01	5.921E-04	3.953E-01	3.942E-01	3.942E-01	3.942E-01	3.942E-01	3.942E-01
2.280E+00	3.911E-01	5.373E-04	3.922E-01	3.912E-01	3.911E-01	3.912E-01	3.911E-01	3.911E-01
2.290E+00	3.881E-01	4.825E-04	3.891E-01	3.882E-01	3.881E-01	3.881E-01	3.881E-01	3.881E-01
2.300E+00	3.851E-01	4.277E-04	3.860E-01	3.852E-01	3.850E-01	3.851E-01	3.850E-01	3.851E-01
2.310E+00	3.820E-01	3.729E-04	3.830E-01	3.822E-01	3.820E-01	3.821E-01	3.820E-01	3.821E-01
2.320E+00	3.790E-01	3.181E-04	3.799E-01	3.793E-01	3.790E-01	3.791E-01	3.790E-01	3.791E-01
2.330E+00	3.760E-01	2.635E-04	3.769E-01	3.763E-01	3.760E-01	3.761E-01	3.760E-01	3.761E-01
2.340E+00	3.731E-01	2.091E-04	3.738E-01	3.734E-01	3.730E-01	3.731E-01	3.731E-01	3.731E-01
2.350E+00	3.701E-01	1.552E-04	3.708E-01	3.705E-01	3.701E-01	3.701E-01	3.701E-01	3.701E-01
2.360E+00	3.672E-01	1.028E-04	3.678E-01	3.676E-01	3.671E-01	3.672E-01	3.671E-01	3.672E-01
2.370E+00	3.642E-01	5.592E-05	3.648E-01	3.647E-01	3.642E-01	3.643E-01	3.642E-01	3.642E-01
2.380E+00	3.613E-01	4.208E-05	3.618E-01	3.619E-01	3.613E-01	3.613E-01	3.613E-01	3.613E-01
2.390E+00	3.584E-01	8.051E-05	3.589E-01	3.590E-01	3.583E-01	3.584E-01	3.584E-01	3.584E-01
2.400E+00	3.555E-01	1.313E-04	3.559E-01	3.562E-01	3.554E-01	3.555E-01	3.555E-01	3.555E-01
2.410E+00	3.526E-01	1.844E-04	3.530E-01	3.534E-01	3.526E-01	3.526E-01	3.526E-01	3.526E-01
2.420E+00	3.497E-01	2.383E-04	3.501E-01	3.505E-01	3.497E-01	3.498E-01	3.497E-01	3.497E-01
2.430E+00	3.469E-01	2.924E-04	3.472E-01	3.477E-01	3.468E-01	3.469E-01	3.469E-01	3.469E-01
2.440E+00	3.440E-01	3.466E-04	3.443E-01	3.450E-01	3.440E-01	3.441E-01	3.440E-01	3.440E-01
2.450E+00	3.412E-01	4.008E-04	3.414E-01	3.422E-01	3.412E-01	3.412E-01	3.412E-01	3.412E-01
2.460E+00	3.384E-01	4.550E-04	3.385E-01	3.394E-01	3.384E-01	3.384E-01	3.384E-01	3.384E-01
2.470E+00	3.356E-01	5.090E-04	3.357E-01	3.367E-01	3.356E-01	3.356E-01	3.356E-01	3.356E-01
2.480E+00	3.328E-01	5.629E-04	3.328E-01	3.339E-01	3.328E-01	3.328E-01	3.328E-01	3.328E-01
2.490E+00	3.300E-01	6.167E-04	3.300E-01	3.312E-01	3.300E-01	3.301E-01	3.300E-01	3.301E-01
2.500E+00	3.273E-01	6.704E-04	3.272E-01	3.285E-01	3.272E-01	3.273E-01	3.273E-01	3.273E-01
2.510E+00	3.245E-01	7.238E-04	3.244E-01	3.258E-01	3.245E-01	3.246E-01	3.245E-01	3.246E-01
2.520E+00	3.218E-01	7.771E-04	3.216E-01	3.232E-01	3.218E-01	3.218E-01	3.218E-01	3.218E-01
2.530E+00	3.191E-01	8.301E-04	3.188E-01	3.205E-01	3.191E-01	3.191E-01	3.191E-01	3.191E-01
2.540E+00	3.164E-01	8.830E-04	3.161E-01	3.179E-01	3.164E-01	3.164E-01	3.164E-01	3.164E-01
2.550E+00	3.137E-01	9.356E-04	3.134E-01	3.152E-01	3.137E-01	3.137E-01	3.137E-01	3.137E-01
2.560E+00	3.110E-01	9.880E-04	3.106E-01	3.126E-01	3.110E-01	3.111E-01	3.110E-01	3.111E-01
2.570E+00	3.084E-01	1.040E-03	3.079E-01	3.100E-01	3.083E-01	3.084E-01	3.084E-01	3.084E-01
2.580E+00	3.057E-01	1.092E-03	3.052E-01	3.074E-01	3.057E-01	3.058E-01	3.057E-01	3.058E-01
2.590E+00	3.031E-01	1.144E-03	3.025E-01	3.048E-01	3.031E-01	3.032E-01	3.031E-01	3.031E-01
2.600E+00	3.005E-01	1.195E-03	2.999E-01	3.023E-01	3.005E-01	3.005E-01	3.005E-01	3.005E-01
2.610E+00	2.979E-01	1.246E-03	2.972E-01	2.997E-01	2.979E-01	2.979E-01	2.979E-01	2.979E-01
2.620E+00	2.953E-01	1.297E-03	2.946E-01	2.972E-01	2.953E-01	2.954E-01	2.953E-01	2.953E-01
2.630E+00	2.927E-01	1.347E-03	2.920E-01	2.947E-01	2.927E-01	2.928E-01	2.927E-01	2.928E-01
2.640E+00	2.902E-01	1.398E-03	2.894E-01	2.922E-01	2.901E-01	2.902E-01	2.902E-01	2.902E-01
2.650E+00	2.876E-01	1.448E-03	2.868E-01	2.897E-01	2.876E-01	2.877E-01	2.876E-01	2.877E-01
2.660E+00	2.851E-01	1.497E-03	2.842E-01	2.872E-01	2.851E-01	2.852E-01	2.851E-01	2.851E-01
2.670E+00	2.826E-01	1.546E-03	2.816E-01	2.847E-01	2.826E-01	2.826E-01	2.826E-01	2.826E-01
2.680E+00	2.801E-01	1.595E-03	2.791E-01	2.823E-01	2.801E-01	2.802E-01	2.801E-01	2.801E-01
2.690E+00	2.776E-01	1.644E-03	2.766E-01	2.798E-01	2.776E-01	2.777E-01	2.776E-01	2.776E-01
2.700E+00	2.752E-01	1.692E-03	2.740E-01	2.774E-01	2.751E-01	2.752E-01	2.751E-01	2.752E-01
2.710E+00	2.727E-01	1.740E-03	2.715E-01	2.750E-01	2.727E-01	2.727E-01	2.727E-01	2.727E-01
2.720E+00	2.703E-01	1.787E-03	2.691E-01	2.726E-01	2.702E-01	2.703E-01	2.703E-01	2.703E-01
2.730E+00	2.678E-01	1.834E-03	2.666E-01	2.702E-01	2.678E-01	2.679E-01	2.678E-01	2.679E-01
2.740E+00	2.654E-01	1.881E-03	2.641E-01	2.679E-01	2.654E-01	2.655E-01	2.654E-01	2.654E-01
2.750E+00	2.630E-01	1.927E-03	2.617E-01	2.655E-01	2.630E-01	2.631E-01	2.630E-01	2.631E-01
2.760E+00	2.607E-01	1.973E-03	2.593E-01	2.632E-01	2.606E-01	2.607E-01	2.606E-01	2.607E-01
2.770E+00	2.583E-01	2.019E-03	2.568E-01	2.609E-01	2.583E-01	2.583E-01	2.583E-01	2.583E-01
2.780E+00	2.559E-01	2.064E-03	2.544E-01	2.586E-01	2.559E-01	2.560E-01	2.559E-01	2.560E-01
2.790E+00	2.536E-01	2.108E-03	2.521E-01	2.563E-01	2.536E-01	2.536E-01	2.536E-01	2.536E-01
2.800E+00	2.513E-01	2.153E-03	2.497E-01	2.540E-01	2.512E-01	2.513E-01	2.513E-01	2.513E-01
2.810E+00	2.490E-01	2.196E-03	2.473E-01	2.517E-01	2.489E-01	2.490E-01	2.490E-01	2.490E-01
2.820E+00	2.467E-01	2.240E-03	2.450E-01	2.495E-01	2.466E-01	2.467E-01	2.467E-01	2.467E-01
2.830E+00	2.444E-01	2.283E-03	2.427E-01	2.473E-01	2.444E-01	2.444E-01	2.444E-01	2.444E-01
2.840E+00	2.421E-01	2.325E-03	2.404E-01	2.450E-01	2.421E-01	2.422E-01	2.421E-01	2.422E-01
2.850E+00	2.399E-01	2.367E-03	2.381E-01	2.428E-01	2.399E-01	2.399E-01	2.399E-01	2.399E-01
2.860E+00	2.377E-01	2.409E-03	2.358E-01	2.406E-01	2.376E-01	2.377E-01	2.376E-01	2.377E-01
2.870E+00	2.354E-01	2.450E-03	2.336E-01	2.385E-01	2.354E-01	2.355E-01	2.354E-01	2.355E-01
2.880E+00	2.332E-01	2.491E-03	2.313E-01	2.363E-01	2.332E-01	2.333E-01	2.332E-01	2.332E-01
2.890E+00	2.310E-01	2.531E-03	2.291E-01	2.341E-01	2.310E-01	2.311E-01	2.310E-01	2.311E-01
2.900E+00	2.289E-01	2.571E-03	2.269E-01	2.320E-01	2.288E-01	2.289E-01	2.289E-01	2.289E-01
2.910E+00	2.267E-01	2.610E-03	2.247E-01	2.299E-01	2.267E-01	2.268E-01	2.267E-01	2.267E-01
2.920E+00	2.246E-01	2.649E-03	2.225E-01	2.278E-01	2.245E-01	2.246E-01	2.245E-01	2.246E-01
2.930E+00	2.224E-01	2.687E-03	2.203E-01	2.257E-01	2.224E-01	2.225E-01	2.224E-01	2.224E-01
2.940E+00	2.203E-01	2.725E-03	2.181E-01	2.236E-01	2.203E-01	2.204E-01	2.203E-01	2.203E-01
2.950E+00	2.182E-01	2.763E-03	2.160E-01	2.215E-01	2.182E-01	2.183E-01	2.182E-01	2.182E-01
2.960E+00	2.161E-01	2.800E-03	2.139E-01	2.195E-01	2.161E-01	2.162E-01	2.161E-01	2.161E-01
2.970E+00	2.140E-01	2.836E-03	2.118E-01	2.174E-01	2.140E-01	2.141E-01	2.140E-01	2.141E-01
2.980E+00	2.120E-01	2.872E-03	2.097E-01	2.154E-01	2.119E-01	2.120E-01	2.120E-01	2.120E-01
2.990E+00	2.099E-01	2.908E-03	2.076E-01	2.134E-01	2.099E-01	2.100E-01	2.099E-01	2.099E-01
3.000E+00	2.079E-01	2.942E-03	2.055E-01	2.114E-01	2.079E-01	2.079E-01	2.079E-01	2.079E-01
