1.000E-02	8.526E-01	1.775E-03	8.542E-01	8.510E-01	8.533E-01	8.518E-01	8.526E-01	8.526E-01
2.000E-02	8.526E-01	1.772E-03	8.542E-01	8.509E-01	8.533E-01	8.518E-01	8.525E-01	8.526E-01
3.000E-02	8.525E-01	1.768E-03	8.541E-01	8.509E-01	8.533E-01	8.518E-01	8.525E-01	8.525E-01
4.000E-02	8.525E-01	1.762E-03	8.541E-01	8.509E-01	8.532E-01	8.517E-01	8.524E-01	8.525E-01
5.000E-02	8.524E-01	1.755E-03	8.540E-01	8.508E-01	8.531E-01	8.516E-01	8.524E-01	8.524E-01
6.000E-02	8.523E-01	1.746E-03	8.539E-01	8.507E-01	8.530E-01	8.515E-01	8.523E-01	8.523E-01
7.000E-02	8.521E-01	1.736E-03	8.537E-01	8.506E-01	8.529E-01	8.514E-01	8.521E-01	8.522E-01
8.000E-02	8.520E-01	1.726E-03	8.536E-01	8.504E-01	8.527E-01	8.513E-01	8.520E-01	8.520E-01
9.000E-02	8.518E-01	1.714E-03	8.534E-01	8.503E-01	8.526E-01	8.511E-01	8.518E-01	8.518E-01
1.000E-01	8.516E-01	1.700E-03	8.532E-01	8.501E-01	8.524E-01	8.509E-01	8.516E-01	8.517E-01
1.100E-01	8.514E-01	1.686E-03	8.530E-01	8.499E-01	8.522E-01	8.507E-01	8.514E-01	8.514E-01
1.200E-01	8.512E-01	1.671E-03	8.527E-01	8.497E-01	8.519E-01	8.505E-01	8.512E-01	8.512E-01
1.300E-01	8.510E-01	1.656E-03	8.524E-01	8.495E-01	8.517E-01	8.502E-01	8.509E-01	8.510E-01
1.400E-01	8.507E-01	1.639E-03	8.521E-01	8.492E-01	8.514E-01	8.499E-01	8.507E-01	8.507E-01
1.500E-01	8.504E-01	1.621E-03	8.518E-01	8.489E-01	8.511E-01	8.496E-01	8.504E-01	8.504E-01
1.600E-01	8.501E-01	1.603E-03	8.515E-01	8.486E-01	8.508E-01	8.493E-01	8.500E-01	8.501E-01
1.700E-01	8.497E-01	1.584E-03	8.511E-01	8.483E-01	8.504E-01	8.490E-01	8.497E-01	8.497E-01
1.800E-01	8.493E-01	1.565E-03	8.507E-01	8.479E-01	8.501E-01	8.486E-01	8.493E-01	8.493E-01
1.900E-01	8.489E-01	1.544E-03	8.503E-01	8.476E-01	8.497E-01	8.482E-01	8.489E-01	8.489E-01
2.000E-01	8.485E-01	1.523E-03	8.498E-01	8.472E-01	8.493E-01	8.478E-01	8.485E-01	8.485E-01
2.100E-01	8.481E-01	1.502E-03	8.494E-01	8.468E-01	8.488E-01	8.473E-01	8.481E-01	8.481E-01
2.200E-01	8.476E-01	1.480E-03	8.489E-01	8.463E-01	8.483E-01	8.469E-01	8.476E-01	8.476E-01
2.300E-01	8.471E-01	1.458E-03	8.484E-01	8.459E-01	8.479E-01	8.464E-01	8.471E-01	8.471E-01
2.400E-01	8.466E-01	1.435E-03	8.478E-01	8.454E-01	8.473E-01	8.459E-01	8.466E-01	8.466E-01
2.500E-01	8.461E-01	1.411E-03	8.473E-01	8.448E-01	8.468E-01	8.453E-01	8.461E-01	8.461E-01
2.600E-01	8.455E-01	1.388E-03	8.467E-01	8.443E-01	8.462E-01	8.448E-01	8.455E-01	8.455E-01
2.700E-01	8.449E-01	1.364E-03	8.461E-01	8.438E-01	8.456E-01	8.442E-01	8.449E-01	8.449E-01
2.800E-01	8.443E-01	1.340E-03	8.454E-01	8.432E-01	8.450E-01	8.436E-01	8.443E-01	8.443E-01
2.900E-01	8.437E-01	1.315E-03	8.448E-01	8.426E-01	8.444E-01	8.429E-01	8.437E-01	8.437E-01
3.000E-01	8.430E-01	1.290E-03	8.441E-01	8.419E-01	8.437E-01	8.423E-01	8.430E-01	8.430E-01
3.100E-01	8.423E-01	1.265E-03	8.434E-01	8.413E-01	8.430E-01	8.416E-01	8.423E-01	8.423E-01
3.200E-01	8.416E-01	1.240E-03	8.426E-01	8.406E-01	8.423E-01	8.409E-01	8.416E-01	8.416E-01
3.300E-01	8.409E-01	1.215E-03	8.418E-01	8.399E-01	8.416E-01	8.402E-01	8.409E-01	8.409E-01
3.400E-01	8.401E-01	1.190E-03	8.411E-01	8.392E-01	8.408E-01	8.394E-01	8.401E-01	8.401E-01
3.500E-01	8.393E-01	1.165E-03	8.402E-01	8.384E-01	8.401E-01	8.386E-01	8.393E-01	8.394E-01
3.600E-01	8.385E-01	1.139E-03	8.394E-01	8.376E-01	8.392E-01	8.378E-01	8.385E-01	8.385E-01
3.700E-01	8.377E-01	1.114E-03	8.385E-01	8.368E-01	8.384E-01	8.370E-01	8.377E-01	8.377E-01
3.800E-01	8.368E-01	1.089E-03	8.376E-01	8.360E-01	8.376E-01	8.361E-01	8.368E-01	8.369E-01
3.900E-01	8.360E-01	1.064E-03	8.367E-01	8.352E-01	8.367E-01	8.352E-01	8.359E-01	8.360E-01
4.000E-01	8.350E-01	1.040E-03	8.358E-01	8.343E-01	8.358E-01	8.343E-01	8.350E-01	8.351E-01
4.100E-01	8.341E-01	1.015E-03	8.348E-01	8.334E-01	8.348E-01	8.334E-01	8.341E-01	8.341E-01
4.200E-01	8.332E-01	9.911E-04	8.338E-01	8.325E-01	8.339E-01	8.325E-01	8.331E-01	8.332E-01
4.300E-01	8.322E-01	9.674E-04	8.328E-01	8.315E-01	8.329E-01	8.315E-01	8.322E-01	8.322E-01
4.400E-01	8.312E-01	9.441E-04	8.318E-01	8.305E-01	8.319E-01	8.305E-01	8.312E-01	8.312E-01
4.500E-01	8.301E-01	9.213E-04	8.307E-01	8.295E-01	8.308E-01	8.294E-01	8.301E-01	8.302E-01
4.600E-01	8.291E-01	8.991E-04	8.296E-01	8.285E-01	8.298E-01	8.284E-01	8.291E-01	8.291E-01
4.700E-01	8.280E-01	8.775E-04	8.285E-01	8.275E-01	8.287E-01	8.273E-01	8.280E-01	8.280E-01
4.800E-01	8.269E-01	8.566E-04	8.274E-01	8.264E-01	8.276E-01	8.262E-01	8.269E-01	8.269E-01
4.900E-01	8.258E-01	8.364E-04	8.262E-01	8.253E-01	8.265E-01	8.251E-01	8.257E-01	8.258E-01
5.000E-01	8.246E-01	8.170E-04	8.250E-01	8.242E-01	8.253E-01	8.239E-01	8.246E-01	8.246E-01
5.100E-01	8.234E-01	7.986E-04	8.238E-01	8.230E-01	8.241E-01	8.227E-01	8.234E-01	8.235E-01
5.200E-01	8.222E-01	7.811E-04	8.226E-01	8.219E-01	8.229E-01	8.215E-01	8.222E-01	8.223E-01
5.300E-01	8.210E-01	7.646E-04	8.213E-01	8.207E-01	8.217E-01	8.203E-01	8.210E-01	8.210E-01
5.400E-01	8.198E-01	7.492E-04	8.200E-01	8.194E-01	8.204E-01	8.191E-01	8.197E-01	8.198E-01
5.500E-01	8.185E-01	7.350E-04	8.187E-01	8.182E-01	8.192E-01	8.178E-01	8.185E-01	8.185E-01
5.600E-01	8.172E-01	7.221E-04	8.174E-01	8.169E-01	8.179E-01	8.165E-01	8.172E-01	8.172E-01
5.700E-01	8.159E-01	7.104E-04	8.160E-01	8.156E-01	8.165E-01	8.152E-01	8.158E-01	8.159E-01
5.800E-01	8.145E-01	7.001E-04	8.147E-01	8.143E-01	8.152E-01	8.138E-01	8.145E-01	8.145E-01
5.900E-01	8.131E-01	6.912E-04	8.132E-01	8.130E-01	8.138E-01	8.125E-01	8.131E-01	8.132E-01
6.000E-01	8.117E-01	6.837E-04	8.118E-01	8.116E-01	8.124E-01	8.111E-01	8.117E-01	8.118E-01
6.100E-01	8.103E-01	6.777E-04	8.104E-01	8.102E-01	8.110E-01	8.096E-01	8.103E-01	8.103E-01
6.200E-01	8.089E-01	6.732E-04	8.089E-01	8.088E-01	8.095E-01	8.082E-01	8.088E-01	8.089E-01
6.300E-01	8.074E-01	6.702E-04	8.074E-01	8.074E-01	8.081E-01	8.067E-01	8.074E-01	8.074E-01
6.400E-01	8.059E-01	6.686E-04	8.059E-01	8.059E-01	8.066E-01	8.052E-01	8.059E-01	8.059E-01
6.500E-01	8.044E-01	6.685E-04	8.043E-01	8.044E-01	8.051E-01	8.037E-01	8.044E-01	8.044E-01
6.600E-01	8.029E-01	6.699E-04	8.028E-01	8.029E-01	8.035E-01	8.022E-01	8.028E-01	8.029E-01
6.700E-01	8.013E-01	6.726E-04	8.012E-01	8.014E-01	8.020E-01	8.006E-01	8.013E-01	8.013E-01
6.800E-01	7.997E-01	6.766E-04	7.995E-01	7.999E-01	8.004E-01	7.991E-01	7.997E-01	7.998E-01
6.900E-01	7.981E-01	6.820E-04	7.979E-01	7.983E-01	7.988E-01	7.975E-01	7.981E-01	7.981E-01
7.000E-01	7.965E-01	6.885E-04	7.962E-01	7.967E-01	7.971E-01	7.958E-01	7.964E-01	7.965E-01
7.100E-01	7.948E-01	6.961E-04	7.946E-01	7.951E-01	7.955E-01	7.942E-01	7.948E-01	7.949E-01
7.200E-01	7.931E-01	7.048E-04	7.929E-01	7.934E-01	7.938E-01	7.925E-01	7.931E-01	7.932E-01
7.300E-01	7.915E-01	7.144E-04	7.911E-01	7.917E-01	7.921E-01	7.908E-01	7.914E-01	7.915E-01
7.400E-01	7.897E-01	7.250E-04	7.894E-01	7.900E-01	7.904E-01	7.891E-01	7.897E-01	7.898E-01
7.500E-01	7.880E-01	7.363E-04	7.876E-01	7.883E-01	7.886E-01	7.873E-01	7.879E-01	7.880E-01
7.600E-01	7.862E-01	7.484E-04	7.858E-01	7.866E-01	7.869E-01	7.856E-01	7.862E-01	7.863E-01
7.700E-01	7.844E-01	7.610E-04	7.840E-01	7.848E-01	7.851E-01	7.838E-01	7.844E-01	7.845E-01
7.800E-01	7.826E-01	7.743E-04	7.822E-01	7.831E-01	7.833E-01	7.820E-01	7.826E-01	7.827E-01
7.900E-01	7.808E-01	7.880E-04	7.803E-01	7.812E-01	7.814E-01	7.802E-01	7.807E-01	7.808E-01
8.000E-01	7.789E-01	8.021E-04	7.784E-01	7.794E-01	7.796E-01	7.783E-01	7.789E-01	7.790E-01
8.100E-01	7.771E-01	8.166E-04	7.765E-01	7.776E-01	7.777E-01	7.764E-01	7.770E-01	7.771E-01
8.200E-01	7.752E-01	8.314E-04	7.746E-01	7.757E-01	7.758E-01	7.745E-01	7.751E-01	7.752E-01
8.300E-01	7.732E-01	8.464E-04	7.727E-01	7.738E-01	7.739E-01	7.726E-01	7.732E-01	7.733E-01
8.400E-01	7.713E-01	8.616E-04	7.707E-01	7.719E-01	7.719E-01	7.707E-01	7.713E-01	7.713E-01
8.500E-01	7.693E-01	8.769E-04	7.687E-01	7.700E-01	7.700E-01	7.687E-01	7.693E-01	7.694E-01
8.600E-01	7.674E-01	8.923E-04	7.667E-01	7.680E-01	7.680E-01	7.668E-01	7.673E-01	7.674E-01
8.700E-01	7.654E-01	9.076E-04	7.647E-01	7.660E-01	7.660E-01	7.648E-01	7.653E-01	7.654E-01
8.800E-01	7.633E-01	9.230E-04	7.626E-01	7.640E-01	7.639E-01	7.627E-01	7.633E-01	7.634E-01
8.900E-01	7.613E-01	9.383E-04	7.606E-01	7.620E-01	7.619E-01	7.607E-01	7.612E-01	7.613E-01
9.000E-01	7.592E-01	9.535E-04	7.585E-01	7.600E-01	7.598E-01	7.586E-01	7.592E-01	7.593E-01
9.100E-01	7.571E-01	9.686E-04	7.564E-01	7.579E-01	7.577E-01	7.565E-01	7.571E-01	7.572E-01
9.200E-01	7.550E-01	9.835E-04	7.542E-01	7.558E-01	7.556E-01	7.544E-01	7.550E-01	7.551E-01
9.300E-01	7.529E-01	9.983E-04	7.521E-01	7.537E-01	7.535E-01	7.523E-01	7.529E-01	7.530E-01
9.400E-01	7.508E-01	1.013E-03	7.499E-01	7.516E-01	7.514E-01	7.502E-01	7.507E-01	7.508E-01
9.500E-01	7.486E-01	1.027E-03	7.478E-01	7.494E-01	7.492E-01	7.480E-01	7.486E-01	7.487E-01
9.600E-01	7.464E-01	1.041E-03	7.456E-01	7.473E-01	7.470E-01	7.458E-01	7.464E-01	7.465E-01
9.700E-01	7.442E-01	1.055E-03	7.433E-01	7.451E-01	7.448E-01	7.437E-01	7.442E-01	7.443E-01
9.800E-01	7.420E-01	1.068E-03	7.411E-01	7.429E-01	7.426E-01	7.414E-01	7.419E-01	7.421E-01
9.900E-01	7.398E-01	1.081E-03	7.388E-01	7.407E-01	7.403E-01	7.392E-01	7.397E-01	7.398E-01
1.000E+00	7.375E-01	1.094E-03	7.366E-01	7.384E-01	7.381E-01	7.369E-01	7.374E-01	7.376E-01
1.010E+00	7.352E-01	1.106E-03	7.343E-01	7.362E-01	7.358E-01	7.347E-01	7.352E-01	7.353E-01
1.020E+00	7.329E-01	1.118E-03	7.320E-01	7.339E-01	7.335E-01	7.324E-01	7.329E-01	7.330E-01
1.030E+00	7.306E-01	1.130E-03	7.296E-01	7.316E-01	7.312E-01	7.301E-01	7.306E-01	7.307E-01
1.040E+00	7.283E-01	1.141E-03	7.273E-01	7.293E-01	7.288E-01	7.277E-01	7.282E-01	7.284E-01
1.050E+00	7.259E-01	1.151E-03	7.249E-01	7.270E-01	7.265E-01	7.254E-01	7.259E-01	7.260E-01
1.060E+00	7.236E-01	1.162E-03	7.226E-01	7.246E-01	7.241E-01	7.230E-01	7.235E-01	7.236E-01
1.070E+00	7.212E-01	1.171E-03	7.202E-01	7.222E-01	7.217E-01	7.207E-01	7.211E-01	7.213E-01
1.080E+00	7.188E-01	1.181E-03	7.178E-01	7.199E-01	7.193E-01	7.183E-01	7.187E-01	7.189E-01
1.090E+00	7.164E-01	1.190E-03	7.153E-01	7.174E-01	7.169E-01	7.158E-01	7.163E-01	7.164E-01
1.100E+00	7.139E-01	1.198E-03	7.129E-01	7.150E-01	7.145E-01	7.134E-01	7.139E-01	7.140E-01
1.110E+00	7.115E-01	1.206E-03	7.104E-01	7.126E-01	7.120E-01	7.110E-01	7.114E-01	7.116E-01
1.120E+00	7.090E-01	1.213E-03	7.079E-01	7.101E-01	7.095E-01	7.085E-01	7.090E-01	7.091E-01
1.130E+00	7.065E-01	1.220E-03	7.055E-01	7.077E-01	7.071E-01	7.060E-01	7.065E-01	7.066E-01
1.140E+00	7.040E-01	1.226E-03	7.029E-01	7.052E-01	7.046E-01	7.035E-01	7.040E-01	7.041E-01
1.150E+00	7.015E-01	1.232E-03	7.004E-01	7.027E-01	7.020E-01	7.010E-01	7.015E-01	7.016E-01
1.160E+00	6.990E-01	1.238E-03	6.979E-01	7.001E-01	6.995E-01	6.985E-01	6.989E-01	6.991E-01
1.170E+00	6.965E-01	1.242E-03	6.953E-01	6.976E-01	6.970E-01	6.960E-01	6.964E-01	6.965E-01
1.180E+00	6.939E-01	1.247E-03	6.928E-01	6.951E-01	6.944E-01	6.934E-01	6.938E-01	6.940E-01
1.190E+00	6.913E-01	1.250E-03	6.902E-01	6.925E-01	6.918E-01	6.908E-01	6.912E-01	6.914E-01
1.200E+00	6.887E-01	1.253E-03	6.876E-01	6.899E-01	6.892E-01	6.882E-01	6.887E-01	6.888E-01
1.210E+00	6.861E-01	1.256E-03	6.850E-01	6.873E-01	6.866E-01	6.856E-01	6.860E-01	6.862E-01
1.220E+00	6.835E-01	1.258E-03	6.824E-01	6.847E-01	6.840E-01	6.830E-01	6.834E-01	6.836E-01
1.230E+00	6.809E-01	1.260E-03	6.797E-01	6.821E-01	6.814E-01	6.804E-01	6.808E-01	6.810E-01
1.240E+00	6.782E-01	1.261E-03	6.771E-01	6.794E-01	6.787E-01	6.778E-01	6.782E-01	6.783E-01
1.250E+00	6.756E-01	1.261E-03	6.744E-01	6.768E-01	6.760E-01	6.751E-01	6.755E-01	6.757E-01
1.260E+00	6.729E-01	1.261E-03	6.718E-01	6.741E-01	6.734E-01	6.724E-01	6.728E-01	6.730E-01
1.270E+00	6.702E-01	1.260E-03	6.691E-01	6.714E-01	6.707E-01	6.698E-01	6.701E-01	6.703E-01
1.280E+00	6.675E-01	1.259E-03	6.664E-01	6.687E-01	6.680E-01	6.671E-01	6.674E-01	6.676E-01
1.290E+00	6.648E-01	1.257E-03	6.637E-01	6.660E-01	6.653E-01	6.643E-01	6.647E-01	6.649E-01
1.300E+00	6.621E-01	1.255E-03	6.609E-01	6.633E-01	6.625E-01	6.616E-01	6.620E-01	6.622E-01
1.310E+00	6.593E-01	1.252E-03	6.582E-01	6.605E-01	6.598E-01	6.589E-01	6.593E-01	6.594E-01
1.320E+00	6.566E-01	1.248E-03	6.555E-01	6.578E-01	6.570E-01	6.562E-01	6.565E-01	6.567E-01
1.330E+00	6.538E-01	1.244E-03	6.527E-01	6.550E-01	6.543E-01	6.534E-01	6.537E-01	6.539E-01
1.340E+00	6.511E-01	1.239E-03	6.499E-01	6.522E-01	6.515E-01	6.506E-01	6.510E-01	6.512E-01
1.350E+00	6.483E-01	1.234E-03	6.472E-01	6.495E-01	6.487E-01	6.478E-01	6.482E-01	6.484E-01
1.360E+00	6.455E-01	1.228E-03	6.444E-01	6.467E-01	6.459E-01	6.451E-01	6.454E-01	6.456E-01
1.370E+00	6.427E-01	1.222E-03	6.416E-01	6.438E-01	6.431E-01	6.423E-01	6.426E-01	6.428E-01
1.380E+00	6.399E-01	1.215E-03	6.388E-01	6.410E-01	6.403E-01	6.394E-01	6.398E-01	6.400E-01
1.390E+00	6.370E-01	1.208E-03	6.359E-01	6.382E-01	6.375E-01	6.366E-01	6.369E-01	6.371E-01
1.400E+00	6.342E-01	1.200E-03	6.331E-01	6.354E-01	6.346E-01	6.338E-01	6.341E-01	6.343E-01
1.410E+00	6.314E-01	1.191E-03	6.303E-01	6.325E-01	6.318E-01	6.309E-01	6.313E-01	6.315E-01
1.420E+00	6.285E-01	1.182E-03	6.274E-01	6.296E-01	6.289E-01	6.281E-01	6.284E-01	6.286E-01
1.430E+00	6.256E-01	1.173E-03	6.246E-01	6.268E-01	6.260E-01	6.252E-01	6.255E-01	6.257E-01
1.440E+00	6.228E-01	1.163E-03	6.217E-01	6.239E-01	6.232E-01	6.224E-01	6.227E-01	6.229E-01
1.450E+00	6.199E-01	1.152E-03	6.188E-01	6.210E-01	6.203E-01	6.195E-01	6.198E-01	6.200E-01
1.460E+00	6.170E-01	1.141E-03	6.159E-01	6.181E-01	6.174E-01	6.166E-01	6.169E-01	6.171E-01
1.470E+00	6.141E-01	1.129E-03	6.131E-01	6.152E-01	6.145E-01	6.137E-01	6.140E-01	6.142E-01
1.480E+00	6.112E-01	1.117E-03	6.102E-01	6.122E-01	6.115E-01	6.108E-01	6.111E-01	6.113E-01
1.490E+00	6.082E-01	1.104E-03	6.073E-01	6.093E-01	6.086E-01	6.079E-01	6.081E-01	6.084E-01
1.500E+00	6.053E-01	1.091E-03	6.043E-01	6.064E-01	6.057E-01	6.049E-01	6.052E-01	6.054E-01
1.510E+00	6.024E-01	1.077E-03	6.014E-01	6.034E-01	6.028E-01	6.020E-01	6.023E-01	6.025E-01
1.520E+00	5.994E-01	1.063E-03	5.985E-01	6.005E-01	5.998E-01	5.991E-01	5.993E-01	5.996E-01
1.530E+00	5.965E-01	1.048E-03	5.956E-01	5.975E-01	5.969E-01	5.961E-01	5.964E-01	5.966E-01
1.540E+00	5.935E-01	1.033E-03	5.926E-01	5.945E-01	5.939E-01	5.932E-01	5.934E-01	5.937E-01
1.550E+00	5.906E-01	1.017E-03	5.897E-01	5.916E-01	5.909E-01	5.902E-01	5.905E-01	5.907E-01
1.560E+00	5.876E-01	1.001E-03	5.867E-01	5.886E-01	5.880E-01	5.873E-01	5.875E-01	5.877E-01
1.570E+00	5.846E-01	9.845E-04	5.838E-01	5.856E-01	5.850E-01	5.843E-01	5.845E-01	5.847E-01
1.580E+00	5.817E-01	9.674E-04	5.808E-01	5.826E-01	5.820E-01	5.813E-01	5.815E-01	5.818E-01
1.590E+00	5.787E-01	9.498E-04	5.778E-01	5.796E-01	5.790E-01	5.783E-01	5.785E-01	5.788E-01
1.600E+00	5.757E-01	9.319E-04	5.749E-01	5.766E-01	5.760E-01	5.753E-01	5.756E-01	5.758E-01
1.610E+00	5.727E-01	9.134E-04	5.719E-01	5.736E-01	5.730E-01	5.723E-01	5.726E-01	5.728E-01
1.620E+00	5.697E-01	8.946E-04	5.689E-01	5.705E-01	5.700E-01	5.693E-01	5.695E-01	5.698E-01
1.630E+00	5.667E-01	8.754E-04	5.659E-01	5.675E-01	5.670E-01	5.663E-01	5.665E-01	5.668E-01
1.640E+00	5.636E-01	8.557E-04	5.629E-01	5.645E-01	5.640E-01	5.633E-01	5.635E-01	5.638E-01
1.650E+00	5.606E-01	8.357E-04	5.599E-01	5.614E-01	5.609E-01	5.603E-01	5.605E-01	5.608E-01
1.660E+00	5.576E-01	8.153E-04	5.569E-01	5.584E-01	5.579E-01	5.573E-01	5.575E-01	5.577E-01
1.670E+00	5.546E-01	7.945E-04	5.539E-01	5.554E-01	5.549E-01	5.543E-01	5.545E-01	5.547E-01
1.680E+00	5.516E-01	7.734E-04	5.509E-01	5.523E-01	5.519E-01	5.513E-01	5.514E-01	5.517E-01
1.690E+00	5.485E-01	7.520E-04	5.479E-01	5.493E-01	5.488E-01	5.482E-01	5.484E-01	5.486E-01
1.700E+00	5.455E-01	7.302E-04	5.449E-01	5.462E-01	5.458E-01	5.452E-01	5.454E-01	5.456E-01
1.710E+00	5.424E-01	7.081E-04	5.419E-01	5.431E-01	5.427E-01	5.422E-01	5.423E-01	5.426E-01
1.720E+00	5.394E-01	6.858E-04	5.388E-01	5.401E-01	5.397E-01	5.391E-01	5.393E-01	5.395E-01
1.730E+00	5.364E-01	6.631E-04	5.358E-01	5.370E-01	5.366E-01	5.361E-01	5.362E-01	5.365E-01
1.740E+00	5.333E-01	6.403E-04	5.328E-01	5.339E-01	5.336E-01	5.330E-01	5.332E-01	5.334E-01
1.750E+00	5.303E-01	6.172E-04	5.298E-01	5.309E-01	5.305E-01	5.300E-01	5.301E-01	5.304E-01
1.760E+00	5.272E-01	5.940E-04	5.267E-01	5.278E-01	5.275E-01	5.269E-01	5.271E-01	5.273E-01
1.770E+00	5.242E-01	5.706E-04	5.237E-01	5.247E-01	5.244E-01	5.239E-01	5.240E-01	5.243E-01
1.780E+00	5.211E-01	5.471E-04	5.207E-01	5.216E-01	5.214E-01	5.208E-01	5.210E-01	5.212E-01
1.790E+00	5.180E-01	5.235E-04	5.177E-01	5.185E-01	5.183E-01	5.178E-01	5.179E-01	5.182E-01
1.800E+00	5.150E-01	5.000E-04	5.146E-01	5.155E-01	5.152E-01	5.147E-01	5.149E-01	5.151E-01
1.810E+00	5.119E-01	4.765E-04	5.116E-01	5.124E-01	5.122E-01	5.117E-01	5.118E-01	5.121E-01
1.820E+00	5.089E-01	4.531E-04	5.086E-01	5.093E-01	5.091E-01	5.086E-01	5.087E-01	5.090E-01
1.830E+00	5.058E-01	4.299E-04	5.055E-01	5.062E-01	5.060E-01	5.056E-01	5.057E-01	5.059E-01
1.840E+00	5.028E-01	4.071E-04	5.025E-01	5.031E-01	5.030E-01	5.025E-01	5.026E-01	5.029E-01
1.850E+00	4.997E-01	3.847E-04	4.995E-01	5.000E-01	4.999E-01	4.995E-01	4.996E-01	4.998E-01
1.860E+00	4.966E-01	3.630E-04	4.964E-01	4.969E-01	4.969E-01	4.964E-01	4.965E-01	4.968E-01
1.870E+00	4.936E-01	3.421E-04	4.934E-01	4.939E-01	4.938E-01	4.933E-01	4.934E-01	4.937E-01
1.880E+00	4.905E-01	3.223E-04	4.904E-01	4.908E-01	4.907E-01	4.903E-01	4.904E-01	4.907E-01
1.890E+00	4.875E-01	3.038E-04	4.874E-01	4.877E-01	4.877E-01	4.872E-01	4.873E-01	4.876E-01
1.900E+00	4.844E-01	2.870E-04	4.843E-01	4.846E-01	4.846E-01	4.842E-01	4.843E-01	4.845E-01
1.910E+00	4.813E-01	2.724E-04	4.813E-01	4.815E-01	4.816E-01	4.811E-01	4.812E-01	4.815E-01
1.920E+00	4.783E-01	2.603E-04	4.783E-01	4.784E-01	4.785E-01	4.781E-01	4.781E-01	4.784E-01
1.930E+00	4.752E-01	2.512E-04	4.753E-01	4.753E-01	4.754E-01	4.750E-01	4.751E-01	4.754E-01
1.940E+00	4.722E-01	2.456E-04	4.722E-01	4.723E-01	4.724E-01	4.720E-01	4.720E-01	4.723E-01
1.950E+00	4.691E-01	2.438E-04	4.692E-01	4.692E-01	4.693E-01	4.689E-01	4.690E-01	4.693E-01
1.960E+00	4.661E-01	2.459E-04	4.662E-01	4.661E-01	4.663E-01	4.659E-01	4.660E-01	4.662E-01
1.970E+00	4.631E-01	2.519E-04	4.632E-01	4.630E-01	4.632E-01	4.629E-01	4.629E-01	4.632E-01
1.980E+00	4.600E-01	2.616E-04	4.602E-01	4.600E-01	4.602E-01	4.598E-01	4.599E-01	4.602E-01
1.990E+00	4.570E-01	2.747E-04	4.572E-01	4.569E-01	4.572E-01	4.568E-01	4.568E-01	4.571E-01
2.000E+00	4.539E-01	2.908E-04	4.542E-01	4.538E-01	4.541E-01	4.538E-01	4.538E-01	4.541E-01
2.010E+00	4.509E-01	3.095E-04	4.512E-01	4.508E-01	4.511E-01	4.507E-01	4.508E-01	4.511E-01
2.020E+00	4.479E-01	3.303E-04	4.482E-01	4.477E-01	4.481E-01	4.477E-01	4.477E-01	4.480E-01
2.030E+00	4.449E-01	3.530E-04	4.452E-01	4.447E-01	4.450E-01	4.447E-01	4.447E-01	4.450E-01
2.040E+00	4.418E-01	3.771E-04	4.422E-01	4.416E-01	4.420E-01	4.417E-01	4.417E-01	4.420E-01
2.050E+00	4.388E-01	4.026E-04	4.392E-01	4.386E-01	4.390E-01	4.387E-01	4.387E-01	4.390E-01
2.060E+00	4.358E-01	4.291E-04	4.362E-01	4.355E-01	4.360E-01	4.357E-01	4.357E-01	4.360E-01
2.070E+00	4.328E-01	4.566E-04	4.333E-01	4.325E-01	4.330E-01	4.327E-01	4.327E-01	4.330E-01
2.080E+00	4.298E-01	4.848E-04	4.303E-01	4.294E-01	4.299E-01	4.297E-01	4.296E-01	4.300E-01
2.090E+00	4.268E-01	5.137E-04	4.273E-01	4.264E-01	4.269E-01	4.267E-01	4.266E-01	4.270E-01
2.100E+00	4.238E-01	5.431E-04	4.244E-01	4.234E-01	4.239E-01	4.237E-01	4.237E-01	4.240E-01
2.110E+00	4.208E-01	5.730E-04	4.214E-01	4.204E-01	4.210E-01	4.207E-01	4.207E-01	4.210E-01
2.120E+00	4.178E-01	6.033E-04	4.185E-01	4.173E-01	4.180E-01	4.177E-01	4.177E-01	4.180E-01
2.130E+00	4.149E-01	6.340E-04	4.155E-01	4.143E-01	4.150E-01	4.147E-01	4.147E-01	4.150E-01
2.140E+00	4.119E-01	6.650E-04	4.126E-01	4.113E-01	4.120E-01	4.118E-01	4.117E-01	4.120E-01
2.150E+00	4.089E-01	6.963E-04	4.097E-01	4.083E-01	4.090E-01	4.088E-01	4.088E-01	4.091E-01
2.160E+00	4.060E-01	7.278E-04	4.067E-01	4.053E-01	4.061E-01	4.058E-01	4.058E-01	4.061E-01
2.170E+00	4.030E-01	7.595E-04	4.038E-01	4.023E-01	4.031E-01	4.029E-01	4.029E-01	4.032E-01
2.180E+00	4.001E-01	7.913E-04	4.009E-01	3.994E-01	4.002E-01	3.999E-01	3.999E-01	4.002E-01
2.190E+00	3.971E-01	8.234E-04	3.980E-01	3.964E-01	3.972E-01	3.970E-01	3.970E-01	3.973E-01
2.200E+00	3.942E-01	8.555E-04	3.951E-01	3.934E-01	3.943E-01	3.941E-01	3.940E-01	3.943E-01
2.210E+00	3.913E-01	8.878E-04	3.922E-01	3.905E-01	3.914E-01	3.912E-01	3.911E-01	3.914E-01
2.220E+00	3.883E-01	9.201E-04	3.893E-01	3.875E-01	3.884E-01	3.882E-01	3.882E-01	3.885E-01
2.230E+00	3.854E-01	9.525E-04	3.864E-01	3.846E-01	3.855E-01	3.853E-01	3.853E-01	3.856E-01
2.240E+00	3.825E-01	9.850E-04	3.836E-01	3.816E-01	3.826E-01	3.824E-01	3.824E-01	3.827E-01
2.250E+00	3.796E-01	1.017E-03	3.807E-01	3.787E-01	3.797E-01	3.795E-01	3.795E-01	3.798E-01
2.260E+00	3.767E-01	1.050E-03	3.778E-01	3.758E-01	3.768E-01	3.766E-01	3.766E-01	3.769E-01
2.270E+00	3.739E-01	1.083E-03	3.750E-01	3.729E-01	3.739E-01	3.738E-01	3.737E-01	3.740E-01
2.280E+00	3.710E-01	1.115E-03	3.722E-01	3.700E-01	3.711E-01	3.709E-01	3.708E-01	3.711E-01
2.290E+00	3.681E-01	1.148E-03	3.693E-01	3.671E-01	3.682E-01	3.680E-01	3.680E-01	3.683E-01
2.300E+00	3.653E-01	1.180E-03	3.665E-01	3.642E-01	3.653E-01	3.652E-01	3.651E-01	3.654E-01
2.310E+00	3.624E-01	1.212E-03	3.637E-01	3.613E-01	3.625E-01	3.623E-01	3.622E-01	3.626E-01
2.320E+00	3.596E-01	1.245E-03	3.609E-01	3.584E-01	3.596E-01	3.595E-01	3.594E-01	3.597E-01
2.330E+00	3.567E-01	1.277E-03	3.581E-01	3.555E-01	3.568E-01	3.567E-01	3.566E-01	3.569E-01
2.340E+00	3.539E-01	1.309E-03	3.553E-01	3.527E-01	3.540E-01	3.538E-01	3.537E-01	3.541E-01
2.350E+00	3.511E-01	1.342E-03	3.525E-01	3.498E-01	3.512E-01	3.510E-01	3.509E-01	3.513E-01
2.360E+00	3.483E-01	1.374E-03	3.497E-01	3.470E-01	3.483E-01	3.482E-01	3.481E-01	3.484E-01
2.370E+00	3.455E-01	1.406E-03	3.470E-01	3.442E-01	3.456E-01	3.454E-01	3.453E-01	3.457E-01
2.380E+00	3.427E-01	1.438E-03	3.442E-01	3.414E-01	3.428E-01	3.426E-01	3.425E-01	3.429E-01
2.390E+00	3.399E-01	1.469E-03	3.415E-01	3.385E-01	3.400E-01	3.399E-01	3.398E-01	3.401E-01
2.400E+00	3.372E-01	1.501E-03	3.387E-01	3.357E-01	3.372E-01	3.371E-01	3.370E-01	3.373E-01
2.410E+00	3.344E-01	1.532E-03	3.360E-01	3.330E-01	3.344E-01	3.344E-01	3.342E-01	3.346E-01
2.420E+00	3.317E-01	1.564E-03	3.333E-01	3.302E-01	3.317E-01	3.316E-01	3.315E-01	3.318E-01
2.430E+00	3.289E-01	1.595E-03	3.306E-01	3.274E-01	3.290E-01	3.289E-01	3.288E-01	3.291E-01
2.440E+00	3.262E-01	1.626E-03	3.279E-01	3.246E-01	3.262E-01	3.261E-01	3.260E-01	3.263E-01
2.450E+00	3.235E-01	1.657E-03	3.252E-01	3.219E-01	3.235E-01	3.234E-01	3.233E-01	3.236E-01
2.460E+00	3.208E-01	1.688E-03	3.225E-01	3.192E-01	3.208E-01	3.207E-01	3.206E-01	3.209E-01
2.470E+00	3.181E-01	1.718E-03	3.199E-01	3.164E-01	3.181E-01	3.180E-01	3.179E-01	3.182E-01
2.480E+00	3.154E-01	1.749E-03	3.172E-01	3.137E-01	3.154E-01	3.153E-01	3.152E-01	3.155E-01
2.490E+00	3.127E-01	1.779E-03	3.146E-01	3.110E-01	3.127E-01	3.127E-01	3.125E-01	3.129E-01
2.500E+00	3.100E-01	1.809E-03	3.119E-01	3.083E-01	3.101E-01	3.100E-01	3.099E-01	3.102E-01
2.510E+00	3.074E-01	1.838E-03	3.093E-01	3.056E-01	3.074E-01	3.074E-01	3.072E-01	3.075E-01
2.520E+00	3.047E-01	1.868E-03	3.067E-01	3.030E-01	3.048E-01	3.047E-01	3.046E-01	3.049E-01
2.530E+00	3.021E-01	1.897E-03	3.041E-01	3.003E-01	3.021E-01	3.021E-01	3.019E-01	3.023E-01
2.540E+00	2.995E-01	1.926E-03	3.015E-01	2.976E-01	2.995E-01	2.995E-01	2.993E-01	2.996E-01
2.550E+00	2.969E-01	1.955E-03	2.989E-01	2.950E-01	2.969E-01	2.969E-01	2.967E-01	2.970E-01
2.560E+00	2.943E-01	1.984E-03	2.963E-01	2.924E-01	2.943E-01	2.943E-01	2.941E-01	2.944E-01
2.570E+00	2.917E-01	2.012E-03	2.938E-01	2.898E-01	2.917E-01	2.917E-01	2.915E-01	2.919E-01
2.580E+00	2.891E-01	2.040E-03	2.912E-01	2.872E-01	2.891E-01	2.891E-01	2.890E-01	2.893E-01
2.590E+00	2.866E-01	2.068E-03	2.887E-01	2.846E-01	2.866E-01	2.865E-01	2.864E-01	2.867E-01
2.600E+00	2.840E-01	2.096E-03	2.862E-01	2.820E-01	2.840E-01	2.840E-01	2.838E-01	2.842E-01
2.610E+00	2.815E-01	2.123E-03	2.837E-01	2.794E-01	2.815E-01	2.815E-01	2.813E-01	2.816E-01
2.620E+00	2.789E-01	2.150E-03	2.812E-01	2.769E-01	2.789E-01	2.789E-01	2.788E-01	2.791E-01
2.630E+00	2.764E-01	2.177E-03	2.787E-01	2.743E-01	2.764E-01	2.764E-01	2.763E-01	2.766E-01
2.640E+00	2.739E-01	2.204E-03	2.762E-01	2.718E-01	2.739E-01	2.739E-01	2.738E-01	2.741E-01
2.650E+00	2.714E-01	2.230E-03	2.737E-01	2.693E-01	2.714E-01	2.714E-01	2.713E-01	2.716E-01
2.660E+00	2.689E-01	2.256E-03	2.713E-01	2.668E-01	2.689E-01	2.690E-01	2.688E-01	2.691E-01
2.670E+00	2.665E-01	2.282E-03	2.688E-01	2.643E-01	2.665E-01	2.665E-01	2.663E-01	2.666E-01
2.680E+00	2.640E-01	2.307E-03	2.664E-01	2.618E-01	2.640E-01	2.640E-01	2.639E-01	2.642E-01
2.690E+00	2.616E-01	2.332E-03	2.640E-01	2.593E-01	2.616E-01	2.616E-01	2.614E-01	2.617E-01
2.700E+00	2.592E-01	2.357E-03	2.616E-01	2.569E-01	2.591E-01	2.592E-01	2.590E-01	2.593E-01
2.710E+00	2.567E-01	2.381E-03	2.592E-01	2.544E-01	2.567E-01	2.568E-01	2.566E-01	2.569E-01
2.720E+00	2.543E-01	2.405E-03	2.568E-01	2.520E-01	2.543E-01	2.544E-01	2.542E-01	2.545E-01
2.730E+00	2.519E-01	2.429E-03	2.544E-01	2.496E-01	2.519E-01	2.520E-01	2.518E-01	2.521E-01
2.740E+00	2.496E-01	2.453E-03	2.521E-01	2.472E-01	2.495E-01	2.496E-01	2.494E-01	2.497E-01
2.750E+00	2.472E-01	2.476E-03	2.497E-01	2.448E-01	2.472E-01	2.472E-01	2.470E-01	2.474E-01
2.760E+00	2.448E-01	2.499E-03	2.474E-01	2.424E-01	2.448E-01	2.449E-01	2.447E-01	2.450E-01
2.770E+00	2.425E-01	2.521E-03	2.451E-01	2.401E-01	2.425E-01	2.425E-01	2.423E-01	2.427E-01
2.780E+00	2.402E-01	2.544E-03	2.428E-01	2.377E-01	2.401E-01	2.402E-01	2.400E-01	2.403E-01
2.790E+00	2.379E-01	2.565E-03	2.405E-01	2.354E-01	2.378E-01	2.379E-01	2.377E-01	2.380E-01
2.800E+00	2.356E-01	2.587E-03	2.382E-01	2.331E-01	2.355E-01	2.356E-01	2.354E-01	2.357E-01
2.810E+00	2.333E-01	2.608E-03	2.360E-01	2.307E-01	2.332E-01	2.333E-01	2.331E-01	2.334E-01
2.820E+00	2.310E-01	2.629E-03	2.337E-01	2.285E-01	2.310E-01	2.310E-01	2.308E-01	2.312E-01
2.830E+00	2.287E-01	2.649E-03	2.315E-01	2.262E-01	2.287E-01	2.288E-01	2.286E-01	2.289E-01
2.840E+00	2.265E-01	2.669E-03	2.292E-01	2.239E-01	2.265E-01	2.265E-01	2.263E-01	2.266E-01
2.850E+00	2.243E-01	2.689E-03	2.270E-01	2.217E-01	2.242E-01	2.243E-01	2.241E-01	2.244E-01
2.860E+00	2.220E-01	2.709E-03	2.248E-01	2.194E-01	2.220E-01	2.221E-01	2.219E-01	2.222E-01
2.870E+00	2.198E-01	2.728E-03	2.226E-01	2.172E-01	2.198E-01	2.199E-01	2.197E-01	2.200E-01
2.880E+00	2.176E-01	2.746E-03	2.205E-01	2.150E-01	2.176E-01	2.177E-01	2.175E-01	2.178E-01
2.890E+00	2.155E-01	2.765E-03	2.183E-01	2.128E-01	2.154E-01	2.155E-01	2.153E-01	2.156E-01
2.900E+00	2.133E-01	2.783E-03	2.161E-01	2.106E-01	2.132E-01	2.133E-01	2.131E-01	2.134E-01
2.910E+00	2.111E-01	2.800E-03	2.140E-01	2.084E-01	2.111E-01	2.112E-01	2.110E-01	2.113E-01
2.920E+00	2.090E-01	2.817E-03	2.119E-01	2.063E-01	2.089E-01	2.090E-01	2.088E-01	2.091E-01
2.930E+00	2.069E-01	2.834E-03	2.098E-01	2.041E-01	2.068E-01	2.069E-01	2.067E-01	2.070E-01
2.940E+00	2.048E-01	2.851E-03	2.077E-01	2.020E-01	2.047E-01	2.048E-01	2.046E-01	2.049E-01
2.950E+00	2.027E-01	2.867E-03	2.056E-01	1.999E-01	2.026E-01	2.027E-01	2.025E-01	2.028E-01
2.960E+00	2.006E-01	2.882E-03	2.035E-01	1.978E-01	2.005E-01	2.006E-01	2.004E-01	2.007E-01
2.970E+00	1.985E-01	2.898E-03	2.015E-01	1.957E-01	1.984E-01	1.986E-01	1.983E-01	1.986E-01
2.980E+00	1.964E-01	2.913E-03	1.994E-01	1.936E-01	1.964E-01	1.965E-01	1.963E-01	1.966E-01
2.990E+00	1.944E-01	2.927E-03	1.974E-01	1.915E-01	1.943E-01	1.945E-01	1.942E-01	1.945E-01
3.000E+00	1.924E-01	2.942E-03	1.954E-01	1.895E-01	1.923E-01	1.924E-01	1.922E-01	1.925E-01
