1.000E-02	1.274E+00	2.904E-03	1.277E+00	1.271E+00	1.274E+00	1.275E+00	1.274E+00	1.274E+00
2.000E-02	1.274E+00	2.882E-03	1.277E+00	1.271E+00	1.273E+00	1.274E+00	1.274E+00	1.274E+00
3.000E-02	1.273E+00	2.855E-03	1.276E+00	1.271E+00	1.273E+00	1.274E+00	1.273E+00	1.273E+00
4.000E-02	1.273E+00	2.825E-03	1.276E+00	1.270E+00	1.272E+00	1.273E+00	1.273E+00	1.273E+00
5.000E-02	1.272E+00	2.792E-03	1.275E+00	1.270E+00	1.272E+00	1.273E+00	1.272E+00	1.272E+00
6.000E-02	1.272E+00	2.756E-03	1.274E+00	1.269E+00	1.271E+00	1.272E+00	1.272E+00	1.272E+00
7.000E-02	1.271E+00	2.719E-03	1.273E+00	1.268E+00	1.270E+00	1.271E+00	1.271E+00	1.271E+00
8.000E-02	1.270E+00	2.680E-03	1.272E+00	1.267E+00	1.269E+00	1.270E+00	1.270E+00	1.270E+00
9.000E-02	1.269E+00	2.639E-03	1.271E+00	1.266E+00	1.268E+00	1.269E+00	1.269E+00	1.269E+00
1.000E-01	1.268E+00	2.598E-03	1.270E+00	1.265E+00	1.267E+00	1.268E+00	1.268E+00	1.268E+00
1.100E-01	1.267E+00	2.555E-03	1.269E+00	1.264E+00	1.266E+00	1.267E+00	1.267E+00	1.267E+00
1.200E-01	1.266E+00	2.511E-03	1.268E+00	1.263E+00	1.265E+00	1.266E+00	1.266E+00	1.266E+00
1.300E-01	1.264E+00	2.467E-03	1.267E+00	1.262E+00	1.264E+00	1.265E+00	1.264E+00	1.264E+00
1.400E-01	1.263E+00	2.422E-03	1.265E+00	1.261E+00	1.263E+00	1.263E+00	1.263E+00	1.263E+00
1.500E-01	1.262E+00	2.376E-03	1.264E+00	1.259E+00	1.261E+00	1.262E+00	1.262E+00	1.262E+00
1.600E-01	1.260E+00	2.330E-03	1.263E+00	1.258E+00	1.260E+00	1.261E+00	1.260E+00	1.260E+00
1.700E-01	1.259E+00	2.283E-03	1.261E+00	1.257E+00	1.258E+00	1.259E+00	1.259E+00	1.259E+00
1.800E-01	1.257E+00	2.236E-03	1.259E+00	1.255E+00	1.257E+00	1.258E+00	1.257E+00	1.257E+00
1.900E-01	1.256E+00	2.188E-03	1.258E+00	1.254E+00	1.255E+00	1.256E+00	1.256E+00	1.256E+00
2.000E-01	1.254E+00	2.141E-03	1.256E+00	1.252E+00	1.254E+00	1.255E+00	1.254E+00	1.254E+00
2.100E-01	1.252E+00	2.093E-03	1.254E+00	1.250E+00	1.252E+00	1.253E+00	1.252E+00	1.252E+00
2.200E-01	1.251E+00	2.045E-03	1.253E+00	1.249E+00	1.250E+00	1.251E+00	1.251E+00	1.251E+00
2.300E-01	1.249E+00	1.996E-03	1.251E+00	1.247E+00	1.249E+00	1.249E+00	1.249E+00	1.249E+00
2.400E-01	1.247E+00	1.948E-03	1.249E+00	1.245E+00	1.247E+00	1.248E+00	1.247E+00	1.247E+00
2.500E-01	1.245E+00	1.900E-03	1.247E+00	1.243E+00	1.245E+00	1.246E+00	1.245E+00	1.245E+00
2.600E-01	1.243E+00	1.851E-03	1.245E+00	1.242E+00	1.243E+00	1.244E+00	1.243E+00	1.243E+00
2.700E-01	1.242E+00	1.803E-03	1.243E+00	1.240E+00	1.241E+00	1.242E+00	1.242E+00	1.242E+00
2.800E-01	1.240E+00	1.755E-03	1.241E+00	1.238E+00	1.239E+00	1.240E+00	1.240E+00	1.240E+00
2.900E-01	1.238E+00	1.707E-03	1.239E+00	1.236E+00	1.237E+00	1.238E+00	1.238E+00	1.238E+00
3.000E-01	1.236E+00	1.659E-03	1.237E+00	1.234E+00	1.235E+00	1.236E+00	1.236E+00	1.236E+00
3.100E-01	1.233E+00	1.611E-03	1.235E+00	1.232E+00	1.233E+00	1.234E+00	1.233E+00	1.233E+00
3.200E-01	1.231E+00	1.563E-03	1.233E+00	1.230E+00	1.231E+00	1.232E+00	1.231E+00	1.231E+00
3.300E-01	1.229E+00	1.516E-03	1.231E+00	1.228E+00	1.229E+00	1.230E+00	1.229E+00	1.229E+00
3.400E-01	1.227E+00	1.468E-03	1.228E+00	1.226E+00	1.227E+00	1.227E+00	1.227E+00	1.227E+00
3.500E-01	1.225E+00	1.421E-03	1.226E+00	1.223E+00	1.224E+00	1.225E+00	1.225E+00	1.225E+00
3.600E-01	1.222E+00	1.375E-03	1.224E+00	1.221E+00	1.222E+00	1.223E+00	1.222E+00	1.222E+00
3.700E-01	1.220E+00	1.328E-03	1.221E+00	1.219E+00	1.220E+00	1.221E+00	1.220E+00	1.220E+00
3.800E-01	1.218E+00	1.282E-03	1.219E+00	1.217E+00	1.217E+00	1.218E+00	1.218E+00	1.218E+00
3.900E-01	1.215E+00	1.237E-03	1.217E+00	1.214E+00	1.215E+00	1.216E+00	1.215E+00	1.215E+00
4.000E-01	1.213E+00	1.192E-03	1.214E+00	1.212E+00	1.213E+00	1.213E+00	1.213E+00	1.213E+00
4.100E-01	1.211E+00	1.147E-03	1.212E+00	1.209E+00	1.210E+00	1.211E+00	1.211E+00	1.211E+00
4.200E-01	1.208E+00	1.103E-03	1.209E+00	1.207E+00	1.208E+00	1.208E+00	1.208E+00	1.208E+00
4.300E-01	1.206E+00	1.059E-03	1.207E+00	1.205E+00	1.205E+00	1.206E+00	1.206E+00	1.206E+00
4.400E-01	1.203E+00	1.016E-03	1.204E+00	1.202E+00	1.203E+00	1.203E+00	1.203E+00	1.203E+00
4.500E-01	1.200E+00	9.732E-04	1.201E+00	1.200E+00	1.200E+00	1.201E+00	1.200E+00	1.200E+00
4.600E-01	1.198E+00	9.312E-04	1.199E+00	1.197E+00	1.197E+00	1.198E+00	1.198E+00	1.198E+00
4.700E-01	1.195E+00	8.898E-04	1.196E+00	1.194E+00	1.195E+00	1.196E+00	1.195E+00	1.195E+00
4.800E-01	1.193E+00	8.491E-04	1.193E+00	1.192E+00	1.192E+00	1.193E+00	1.193E+00	1.193E+00
4.900E-01	1.190E+00	8.091E-04	1.191E+00	1.189E+00	1.190E+00	1.190E+00	1.190E+00	1.190E+00
5.000E-01	1.187E+00	7.699E-04	1.188E+00	1.186E+00	1.187E+00	1.188E+00	1.187E+00	1.187E+00
5.100E-01	1.184E+00	7.316E-04	1.185E+00	1.184E+00	1.184E+00	1.185E+00	1.184E+00	1.184E+00
5.200E-01	1.182E+00	6.942E-04	1.182E+00	1.181E+00	1.181E+00	1.182E+00	1.182E+00	1.182E+00
5.300E-01	1.179E+00	6.579E-04	1.179E+00	1.178E+00	1.178E+00	1.179E+00	1.179E+00	1.179E+00
5.400E-01	1.176E+00	6.226E-04	1.177E+00	1.176E+00	1.176E+00	1.176E+00	1.176E+00	1.176E+00
5.500E-01	1.173E+00	5.886E-04	1.174E+00	1.173E+00	1.173E+00	1.174E+00	1.173E+00	1.173E+00
5.600E-01	1.170E+00	5.560E-04	1.171E+00	1.170E+00	1.170E+00	1.171E+00	1.170E+00	1.170E+00
5.700E-01	1.167E+00	5.248E-04	1.168E+00	1.167E+00	1.167E+00	1.168E+00	1.167E+00	1.167E+00
5.800E-01	1.165E+00	4.953E-04	1.165E+00	1.164E+00	1.164E+00	1.165E+00	1.164E+00	1.165E+00
5.900E-01	1.162E+00	4.678E-04	1.162E+00	1.161E+00	1.161E+00	1.162E+00	1.162E+00	1.162E+00
6.000E-01	1.159E+00	4.423E-04	1.159E+00	1.158E+00	1.158E+00	1.159E+00	1.159E+00	1.159E+00
6.100E-01	1.156E+00	4.192E-04	1.156E+00	1.155E+00	1.155E+00	1.156E+00	1.156E+00	1.156E+00
6.200E-01	1.153E+00	3.987E-04	1.153E+00	1.152E+00	1.152E+00	1.153E+00	1.153E+00	1.153E+00
6.300E-01	1.150E+00	3.812E-04	1.150E+00	1.149E+00	1.149E+00	1.150E+00	1.150E+00	1.150E+00
6.400E-01	1.146E+00	3.669E-04	1.147E+00	1.146E+00	1.146E+00	1.147E+00	1.146E+00	1.147E+00
6.500E-01	1.143E+00	3.559E-04	1.143E+00	1.143E+00	1.143E+00	1.144E+00	1.143E+00	1.143E+00
6.600E-01	1.140E+00	3.486E-04	1.140E+00	1.140E+00	1.140E+00	1.141E+00	1.140E+00	1.140E+00
6.700E-01	1.137E+00	3.449E-04	1.137E+00	1.137E+00	1.137E+00	1.138E+00	1.137E+00	1.137E+00
6.800E-01	1.134E+00	3.448E-04	1.134E+00	1.134E+00	1.134E+00	1.134E+00	1.134E+00	1.134E+00
6.900E-01	1.131E+00	3.482E-04	1.131E+00	1.131E+00	1.131E+00	1.131E+00	1.131E+00	1.131E+00
7.000E-01	1.128E+00	3.548E-04	1.128E+00	1.128E+00	1.127E+00	1.128E+00	1.128E+00	1.128E+00
7.100E-01	1.124E+00	3.643E-04	1.124E+00	1.125E+00	1.124E+00	1.125E+00	1.124E+00	1.125E+00
7.200E-01	1.121E+00	3.763E-04	1.121E+00	1.121E+00	1.121E+00	1.122E+00	1.121E+00	1.121E+00
7.300E-01	1.118E+00	3.904E-04	1.118E+00	1.118E+00	1.118E+00	1.118E+00	1.118E+00	1.118E+00
7.400E-01	1.115E+00	4.064E-04	1.115E+00	1.115E+00	1.114E+00	1.115E+00	1.115E+00	1.115E+00
7.500E-01	1.111E+00	4.238E-04	1.111E+00	1.112E+00	1.111E+00	1.112E+00	1.111E+00	1.112E+00
7.600E-01	1.108E+00	4.424E-04	1.108E+00	1.108E+00	1.108E+00	1.109E+00	1.108E+00	1.108E+00
7.700E-01	1.105E+00	4.620E-04	1.105E+00	1.105E+00	1.105E+00	1.105E+00	1.105E+00	1.105E+00
7.800E-01	1.102E+00	4.823E-04	1.101E+00	1.102E+00	1.101E+00	1.102E+00	1.102E+00	1.102E+00
7.900E-01	1.098E+00	5.031E-04	1.098E+00	1.099E+00	1.098E+00	1.099E+00	1.098E+00	1.098E+00
8.000E-01	1.095E+00	5.243E-04	1.094E+00	1.095E+00	1.095E+00	1.095E+00	1.095E+00	1.095E+00
8.100E-01	1.091E+00	5.457E-04	1.091E+00	1.092E+00	1.091E+00	1.092E+00	1.091E+00	1.092E+00
8.200E-01	1.088E+00	5.673E-04	1.088E+00	1.089E+00	1.088E+00	1.088E+00	1.088E+00	1.088E+00
8.300E-01	1.085E+00	5.890E-04	1.084E+00	1.085E+00	1.084E+00	1.085E+00	1.085E+00	1.085E+00
8.400E-01	1.081E+00	6.106E-04	1.081E+00	1.082E+00	1.081E+00	1.082E+00	1.081E+00	1.081E+00
8.500E-01	1.078E+00	6.321E-04	1.077E+00	1.078E+00	1.078E+00	1.078E+00	1.078E+00	1.078E+00
8.600E-01	1.074E+00	6.534E-04	1.074E+00	1.075E+00	1.074E+00	1.075E+00	1.074E+00	1.074E+00
8.700E-01	1.071E+00	6.746E-04	1.070E+00	1.072E+00	1.071E+00	1.071E+00	1.071E+00	1.071E+00
8.800E-01	1.067E+00	6.955E-04	1.067E+00	1.068E+00	1.067E+00	1.068E+00	1.067E+00	1.067E+00
8.900E-01	1.064E+00	7.162E-04	1.063E+00	1.065E+00	1.064E+00	1.064E+00	1.064E+00	1.064E+00
9.000E-01	1.060E+00	7.366E-04	1.060E+00	1.061E+00	1.060E+00	1.061E+00	1.060E+00	1.060E+00
9.100E-01	1.057E+00	7.566E-04	1.056E+00	1.058E+00	1.057E+00	1.057E+00	1.057E+00	1.057E+00
9.200E-01	1.053E+00	7.763E-04	1.053E+00	1.054E+00	1.053E+00	1.054E+00	1.053E+00	1.053E+00
9.300E-01	1.050E+00	7.956E-04	1.049E+00	1.051E+00	1.050E+00	1.050E+00	1.050E+00	1.050E+00
9.400E-01	1.046E+00	8.146E-04	1.046E+00	1.047E+00	1.046E+00	1.047E+00	1.046E+00	1.046E+00
9.500E-01	1.043E+00	8.331E-04	1.042E+00	1.044E+00	1.043E+00	1.043E+00	1.043E+00	1.043E+00
9.600E-01	1.039E+00	8.512E-04	1.038E+00	1.040E+00	1.039E+00	1.039E+00	1.039E+00	1.039E+00
9.700E-01	1.036E+00	8.689E-04	1.035E+00	1.036E+00	1.035E+00	1.036E+00	1.036E+00	1.036E+00
9.800E-01	1.032E+00	8.862E-04	1.031E+00	1.033E+00	1.032E+00	1.032E+00	1.032E+00	1.032E+00
9.900E-01	1.028E+00	9.031E-04	1.028E+00	1.029E+00	1.028E+00	1.029E+00	1.028E+00	1.028E+00
1.000E+00	1.025E+00	9.195E-04	1.024E+00	1.026E+00	1.025E+00	1.025E+00	1.025E+00	1.025E+00
1.010E+00	1.021E+00	9.355E-04	1.020E+00	1.022E+00	1.021E+00	1.021E+00	1.021E+00	1.021E+00
1.020E+00	1.018E+00	9.510E-04	1.017E+00	1.018E+00	1.017E+00	1.018E+00	1.018E+00	1.018E+00
1.030E+00	1.014E+00	9.661E-04	1.013E+00	1.015E+00	1.014E+00	1.014E+00	1.014E+00	1.014E+00
1.040E+00	1.010E+00	9.807E-04	1.009E+00	1.011E+00	1.010E+00	1.010E+00	1.010E+00	1.010E+00
1.050E+00	1.007E+00	9.948E-04	1.006E+00	1.008E+00	1.006E+00	1.007E+00	1.007E+00	1.007E+00
1.060E+00	1.003E+00	1.009E-03	1.002E+00	1.004E+00	1.003E+00	1.003E+00	1.003E+00	1.003E+00
1.070E+00	9.992E-01	1.022E-03	9.983E-01	1.000E+00	9.990E-01	9.995E-01	9.992E-01	9.993E-01
1.080E+00	9.956E-01	1.035E-03	9.946E-01	9.966E-01	9.953E-01	9.958E-01	9.955E-01	9.956E-01
1.090E+00	9.919E-01	1.047E-03	9.909E-01	9.929E-01	9.917E-01	9.921E-01	9.918E-01	9.919E-01
1.100E+00	9.882E-01	1.059E-03	9.871E-01	9.892E-01	9.880E-01	9.884E-01	9.882E-01	9.882E-01
1.110E+00	9.845E-01	1.070E-03	9.834E-01	9.855E-01	9.843E-01	9.847E-01	9.844E-01	9.845E-01
1.120E+00	9.808E-01	1.081E-03	9.797E-01	9.818E-01	9.805E-01	9.810E-01	9.807E-01	9.808E-01
1.130E+00	9.770E-01	1.091E-03	9.760E-01	9.781E-01	9.768E-01	9.772E-01	9.770E-01	9.771E-01
1.140E+00	9.733E-01	1.101E-03	9.722E-01	9.744E-01	9.731E-01	9.735E-01	9.733E-01	9.733E-01
1.150E+00	9.696E-01	1.111E-03	9.685E-01	9.707E-01	9.694E-01	9.698E-01	9.696E-01	9.696E-01
1.160E+00	9.658E-01	1.120E-03	9.647E-01	9.670E-01	9.656E-01	9.660E-01	9.658E-01	9.659E-01
1.170E+00	9.621E-01	1.128E-03	9.610E-01	9.632E-01	9.619E-01	9.623E-01	9.621E-01	9.621E-01
1.180E+00	9.584E-01	1.137E-03	9.572E-01	9.595E-01	9.582E-01	9.585E-01	9.583E-01	9.584E-01
1.190E+00	9.546E-01	1.144E-03	9.535E-01	9.557E-01	9.544E-01	9.548E-01	9.546E-01	9.546E-01
1.200E+00	9.508E-01	1.151E-03	9.497E-01	9.520E-01	9.507E-01	9.510E-01	9.508E-01	9.509E-01
1.210E+00	9.471E-01	1.158E-03	9.459E-01	9.482E-01	9.469E-01	9.473E-01	9.471E-01	9.471E-01
1.220E+00	9.433E-01	1.165E-03	9.422E-01	9.445E-01	9.431E-01	9.435E-01	9.433E-01	9.433E-01
1.230E+00	9.395E-01	1.170E-03	9.384E-01	9.407E-01	9.394E-01	9.397E-01	9.395E-01	9.396E-01
1.240E+00	9.358E-01	1.176E-03	9.346E-01	9.369E-01	9.356E-01	9.359E-01	9.357E-01	9.358E-01
1.250E+00	9.320E-01	1.181E-03	9.308E-01	9.332E-01	9.318E-01	9.322E-01	9.320E-01	9.320E-01
1.260E+00	9.282E-01	1.185E-03	9.270E-01	9.294E-01	9.280E-01	9.284E-01	9.282E-01	9.282E-01
1.270E+00	9.244E-01	1.190E-03	9.233E-01	9.256E-01	9.243E-01	9.246E-01	9.244E-01	9.245E-01
1.280E+00	9.206E-01	1.193E-03	9.195E-01	9.218E-01	9.205E-01	9.208E-01	9.206E-01	9.207E-01
1.290E+00	9.168E-01	1.196E-03	9.157E-01	9.180E-01	9.167E-01	9.170E-01	9.168E-01	9.169E-01
1.300E+00	9.131E-01	1.199E-03	9.119E-01	9.143E-01	9.129E-01	9.132E-01	9.130E-01	9.131E-01
1.310E+00	9.093E-01	1.202E-03	9.081E-01	9.105E-01	9.091E-01	9.094E-01	9.092E-01	9.093E-01
1.320E+00	9.055E-01	1.204E-03	9.043E-01	9.067E-01	9.053E-01	9.056E-01	9.054E-01	9.055E-01
1.330E+00	9.017E-01	1.205E-03	9.005E-01	9.029E-01	9.015E-01	9.018E-01	9.016E-01	9.017E-01
1.340E+00	8.979E-01	1.206E-03	8.967E-01	8.991E-01	8.977E-01	8.980E-01	8.978E-01	8.979E-01
1.350E+00	8.941E-01	1.207E-03	8.929E-01	8.953E-01	8.939E-01	8.942E-01	8.940E-01	8.941E-01
1.360E+00	8.903E-01	1.207E-03	8.891E-01	8.915E-01	8.901E-01	8.904E-01	8.902E-01	8.903E-01
1.370E+00	8.865E-01	1.207E-03	8.853E-01	8.877E-01	8.863E-01	8.866E-01	8.864E-01	8.865E-01
1.380E+00	8.826E-01	1.207E-03	8.815E-01	8.839E-01	8.825E-01	8.828E-01	8.826E-01	8.827E-01
1.390E+00	8.788E-01	1.206E-03	8.777E-01	8.801E-01	8.787E-01	8.790E-01	8.788E-01	8.789E-01
1.400E+00	8.750E-01	1.205E-03	8.739E-01	8.762E-01	8.749E-01	8.752E-01	8.750E-01	8.751E-01
1.410E+00	8.712E-01	1.203E-03	8.700E-01	8.724E-01	8.711E-01	8.713E-01	8.712E-01	8.713E-01
1.420E+00	8.674E-01	1.201E-03	8.662E-01	8.686E-01	8.673E-01	8.675E-01	8.674E-01	8.674E-01
1.430E+00	8.636E-01	1.199E-03	8.624E-01	8.648E-01	8.635E-01	8.637E-01	8.636E-01	8.636E-01
1.440E+00	8.598E-01	1.196E-03	8.586E-01	8.610E-01	8.597E-01	8.599E-01	8.598E-01	8.598E-01
1.450E+00	8.560E-01	1.193E-03	8.548E-01	8.572E-01	8.559E-01	8.561E-01	8.560E-01	8.560E-01
1.460E+00	8.522E-01	1.189E-03	8.510E-01	8.534E-01	8.521E-01	8.523E-01	8.522E-01	8.522E-01
1.470E+00	8.484E-01	1.186E-03	8.472E-01	8.496E-01	8.483E-01	8.485E-01	8.484E-01	8.484E-01
1.480E+00	8.446E-01	1.181E-03	8.434E-01	8.458E-01	8.445E-01	8.447E-01	8.446E-01	8.446E-01
1.490E+00	8.408E-01	1.177E-03	8.396E-01	8.420E-01	8.407E-01	8.409E-01	8.407E-01	8.408E-01
1.500E+00	8.370E-01	1.172E-03	8.358E-01	8.382E-01	8.369E-01	8.371E-01	8.369E-01	8.370E-01
1.510E+00	8.332E-01	1.167E-03	8.320E-01	8.344E-01	8.331E-01	8.333E-01	8.331E-01	8.332E-01
1.520E+00	8.294E-01	1.161E-03	8.282E-01	8.306E-01	8.293E-01	8.295E-01	8.293E-01	8.294E-01
1.530E+00	8.256E-01	1.155E-03	8.245E-01	8.268E-01	8.255E-01	8.257E-01	8.256E-01	8.256E-01
1.540E+00	8.218E-01	1.149E-03	8.207E-01	8.230E-01	8.217E-01	8.219E-01	8.218E-01	8.218E-01
1.550E+00	8.180E-01	1.142E-03	8.169E-01	8.192E-01	8.179E-01	8.181E-01	8.180E-01	8.180E-01
1.560E+00	8.142E-01	1.135E-03	8.131E-01	8.154E-01	8.141E-01	8.143E-01	8.142E-01	8.142E-01
1.570E+00	8.104E-01	1.128E-03	8.093E-01	8.116E-01	8.103E-01	8.105E-01	8.104E-01	8.105E-01
1.580E+00	8.066E-01	1.121E-03	8.055E-01	8.078E-01	8.066E-01	8.067E-01	8.066E-01	8.067E-01
1.590E+00	8.029E-01	1.113E-03	8.018E-01	8.040E-01	8.028E-01	8.029E-01	8.028E-01	8.029E-01
1.600E+00	7.991E-01	1.105E-03	7.980E-01	8.002E-01	7.990E-01	7.991E-01	7.990E-01	7.991E-01
1.610E+00	7.953E-01	1.096E-03	7.942E-01	7.964E-01	7.952E-01	7.954E-01	7.953E-01	7.953E-01
1.620E+00	7.915E-01	1.087E-03	7.905E-01	7.926E-01	7.915E-01	7.916E-01	7.915E-01	7.916E-01
1.630E+00	7.878E-01	1.078E-03	7.867E-01	7.889E-01	7.877E-01	7.878E-01	7.877E-01	7.878E-01
1.640E+00	7.840E-01	1.069E-03	7.830E-01	7.851E-01	7.839E-01	7.841E-01	7.840E-01	7.840E-01
1.650E+00	7.802E-01	1.059E-03	7.792E-01	7.813E-01	7.802E-01	7.803E-01	7.802E-01	7.803E-01
1.660E+00	7.765E-01	1.049E-03	7.755E-01	7.776E-01	7.764E-01	7.765E-01	7.764E-01	7.765E-01
1.670E+00	7.727E-01	1.039E-03	7.717E-01	7.738E-01	7.727E-01	7.728E-01	7.727E-01	7.728E-01
1.680E+00	7.690E-01	1.029E-03	7.680E-01	7.700E-01	7.689E-01	7.690E-01	7.689E-01	7.690E-01
1.690E+00	7.652E-01	1.018E-03	7.642E-01	7.663E-01	7.652E-01	7.653E-01	7.652E-01	7.653E-01
1.700E+00	7.615E-01	1.007E-03	7.605E-01	7.625E-01	7.615E-01	7.615E-01	7.615E-01	7.615E-01
1.710E+00	7.578E-01	9.958E-04	7.568E-01	7.588E-01	7.577E-01	7.578E-01	7.577E-01	7.578E-01
1.720E+00	7.540E-01	9.843E-04	7.531E-01	7.550E-01	7.540E-01	7.541E-01	7.540E-01	7.541E-01
1.730E+00	7.503E-01	9.726E-04	7.494E-01	7.513E-01	7.503E-01	7.503E-01	7.503E-01	7.503E-01
1.740E+00	7.466E-01	9.606E-04	7.457E-01	7.476E-01	7.466E-01	7.466E-01	7.466E-01	7.466E-01
1.750E+00	7.429E-01	9.484E-04	7.420E-01	7.439E-01	7.428E-01	7.429E-01	7.428E-01	7.429E-01
1.760E+00	7.392E-01	9.360E-04	7.383E-01	7.401E-01	7.391E-01	7.392E-01	7.391E-01	7.392E-01
1.770E+00	7.355E-01	9.233E-04	7.346E-01	7.364E-01	7.354E-01	7.355E-01	7.354E-01	7.355E-01
1.780E+00	7.318E-01	9.104E-04	7.309E-01	7.327E-01	7.317E-01	7.318E-01	7.317E-01	7.318E-01
1.790E+00	7.281E-01	8.973E-04	7.272E-01	7.290E-01	7.281E-01	7.281E-01	7.280E-01	7.281E-01
1.800E+00	7.244E-01	8.839E-04	7.235E-01	7.253E-01	7.244E-01	7.244E-01	7.243E-01	7.244E-01
1.810E+00	7.207E-01	8.704E-04	7.199E-01	7.216E-01	7.207E-01	7.207E-01	7.207E-01	7.207E-01
1.820E+00	7.170E-01	8.567E-04	7.162E-01	7.179E-01	7.170E-01	7.170E-01	7.170E-01	7.171E-01
1.830E+00	7.134E-01	8.427E-04	7.126E-01	7.142E-01	7.134E-01	7.134E-01	7.133E-01	7.134E-01
1.840E+00	7.097E-01	8.286E-04	7.089E-01	7.106E-01	7.097E-01	7.097E-01	7.097E-01	7.097E-01
1.850E+00	7.060E-01	8.142E-04	7.053E-01	7.069E-01	7.060E-01	7.060E-01	7.060E-01	7.061E-01
1.860E+00	7.024E-01	7.997E-04	7.016E-01	7.032E-01	7.024E-01	7.024E-01	7.024E-01	7.024E-01
1.870E+00	6.988E-01	7.850E-04	6.980E-01	6.996E-01	6.988E-01	6.988E-01	6.987E-01	6.988E-01
1.880E+00	6.951E-01	7.701E-04	6.944E-01	6.959E-01	6.951E-01	6.951E-01	6.951E-01	6.952E-01
1.890E+00	6.915E-01	7.551E-04	6.908E-01	6.923E-01	6.915E-01	6.915E-01	6.915E-01	6.915E-01
1.900E+00	6.879E-01	7.399E-04	6.872E-01	6.887E-01	6.879E-01	6.879E-01	6.878E-01	6.879E-01
1.910E+00	6.843E-01	7.245E-04	6.836E-01	6.850E-01	6.843E-01	6.843E-01	6.842E-01	6.843E-01
1.920E+00	6.807E-01	7.089E-04	6.800E-01	6.814E-01	6.807E-01	6.806E-01	6.806E-01	6.807E-01
1.930E+00	6.771E-01	6.932E-04	6.764E-01	6.778E-01	6.771E-01	6.770E-01	6.770E-01	6.771E-01
1.940E+00	6.735E-01	6.774E-04	6.728E-01	6.742E-01	6.735E-01	6.734E-01	6.734E-01	6.735E-01
1.950E+00	6.699E-01	6.614E-04	6.693E-01	6.706E-01	6.699E-01	6.699E-01	6.698E-01	6.699E-01
1.960E+00	6.663E-01	6.453E-04	6.657E-01	6.670E-01	6.663E-01	6.663E-01	6.663E-01	6.663E-01
1.970E+00	6.627E-01	6.290E-04	6.622E-01	6.634E-01	6.628E-01	6.627E-01	6.627E-01	6.628E-01
1.980E+00	6.592E-01	6.126E-04	6.586E-01	6.598E-01	6.592E-01	6.592E-01	6.591E-01	6.592E-01
1.990E+00	6.556E-01	5.961E-04	6.551E-01	6.563E-01	6.557E-01	6.556E-01	6.556E-01	6.557E-01
2.000E+00	6.521E-01	5.795E-04	6.515E-01	6.527E-01	6.521E-01	6.521E-01	6.521E-01	6.521E-01
2.010E+00	6.486E-01	5.627E-04	6.480E-01	6.492E-01	6.486E-01	6.485E-01	6.485E-01	6.486E-01
2.020E+00	6.450E-01	5.459E-04	6.445E-01	6.456E-01	6.451E-01	6.450E-01	6.450E-01	6.451E-01
2.030E+00	6.415E-01	5.289E-04	6.410E-01	6.421E-01	6.415E-01	6.415E-01	6.415E-01	6.415E-01
2.040E+00	6.380E-01	5.118E-04	6.375E-01	6.385E-01	6.380E-01	6.380E-01	6.380E-01	6.380E-01
2.050E+00	6.345E-01	4.947E-04	6.340E-01	6.350E-01	6.345E-01	6.345E-01	6.345E-01	6.345E-01
2.060E+00	6.310E-01	4.775E-04	6.306E-01	6.315E-01	6.310E-01	6.310E-01	6.310E-01	6.310E-01
2.070E+00	6.275E-01	4.602E-04	6.271E-01	6.280E-01	6.276E-01	6.275E-01	6.275E-01	6.276E-01
2.080E+00	6.240E-01	4.428E-04	6.236E-01	6.245E-01	6.241E-01	6.240E-01	6.240E-01	6.241E-01
2.090E+00	6.206E-01	4.254E-04	6.202E-01	6.210E-01	6.206E-01	6.205E-01	6.205E-01	6.206E-01
2.100E+00	6.171E-01	4.079E-04	6.168E-01	6.176E-01	6.172E-01	6.171E-01	6.171E-01	6.172E-01
2.110E+00	6.137E-01	3.904E-04	6.133E-01	6.141E-01	6.137E-01	6.136E-01	6.136E-01	6.137E-01
2.120E+00	6.102E-01	3.729E-04	6.099E-01	6.106E-01	6.103E-01	6.102E-01	6.102E-01	6.103E-01
2.130E+00	6.068E-01	3.554E-04	6.065E-01	6.072E-01	6.069E-01	6.067E-01	6.068E-01	6.068E-01
2.140E+00	6.034E-01	3.378E-04	6.031E-01	6.038E-01	6.034E-01	6.033E-01	6.033E-01	6.034E-01
2.150E+00	6.000E-01	3.203E-04	5.997E-01	6.003E-01	6.000E-01	5.999E-01	5.999E-01	6.000E-01
2.160E+00	5.966E-01	3.028E-04	5.963E-01	5.969E-01	5.966E-01	5.965E-01	5.965E-01	5.966E-01
2.170E+00	5.932E-01	2.854E-04	5.930E-01	5.935E-01	5.933E-01	5.931E-01	5.931E-01	5.932E-01
2.180E+00	5.898E-01	2.681E-04	5.896E-01	5.901E-01	5.899E-01	5.897E-01	5.898E-01	5.898E-01
2.190E+00	5.864E-01	2.509E-04	5.862E-01	5.867E-01	5.865E-01	5.864E-01	5.864E-01	5.865E-01
2.200E+00	5.831E-01	2.339E-04	5.829E-01	5.833E-01	5.831E-01	5.830E-01	5.830E-01	5.831E-01
2.210E+00	5.797E-01	2.171E-04	5.796E-01	5.800E-01	5.798E-01	5.796E-01	5.797E-01	5.798E-01
2.220E+00	5.764E-01	2.007E-04	5.762E-01	5.766E-01	5.765E-01	5.763E-01	5.763E-01	5.764E-01
2.230E+00	5.730E-01	1.846E-04	5.729E-01	5.732E-01	5.731E-01	5.730E-01	5.730E-01	5.731E-01
2.240E+00	5.697E-01	1.692E-04	5.696E-01	5.699E-01	5.698E-01	5.696E-01	5.697E-01	5.698E-01
2.250E+00	5.664E-01	1.545E-04	5.663E-01	5.666E-01	5.665E-01	5.663E-01	5.664E-01	5.664E-01
2.260E+00	5.631E-01	1.408E-04	5.630E-01	5.633E-01	5.632E-01	5.630E-01	5.631E-01	5.631E-01
2.270E+00	5.598E-01	1.284E-04	5.598E-01	5.599E-01	5.599E-01	5.597E-01	5.598E-01	5.599E-01
2.280E+00	5.565E-01	1.179E-04	5.565E-01	5.566E-01	5.566E-01	5.564E-01	5.565E-01	5.566E-01
2.290E+00	5.533E-01	1.097E-04	5.533E-01	5.534E-01	5.533E-01	5.532E-01	5.532E-01	5.533E-01
2.300E+00	5.500E-01	1.043E-04	5.500E-01	5.501E-01	5.501E-01	5.499E-01	5.500E-01	5.500E-01
2.310E+00	5.467E-01	1.024E-04	5.468E-01	5.468E-01	5.468E-01	5.467E-01	5.467E-01	5.468E-01
2.320E+00	5.435E-01	1.040E-04	5.436E-01	5.435E-01	5.436E-01	5.434E-01	5.435E-01	5.435E-01
2.330E+00	5.403E-01	1.090E-04	5.404E-01	5.403E-01	5.404E-01	5.402E-01	5.402E-01	5.403E-01
2.340E+00	5.371E-01	1.170E-04	5.372E-01	5.371E-01	5.372E-01	5.370E-01	5.370E-01	5.371E-01
2.350E+00	5.339E-01	1.274E-04	5.340E-01	5.338E-01	5.340E-01	5.338E-01	5.338E-01	5.339E-01
2.360E+00	5.307E-01	1.397E-04	5.308E-01	5.306E-01	5.308E-01	5.306E-01	5.306E-01	5.307E-01
2.370E+00	5.275E-01	1.535E-04	5.276E-01	5.274E-01	5.276E-01	5.274E-01	5.274E-01	5.275E-01
2.380E+00	5.243E-01	1.683E-04	5.245E-01	5.242E-01	5.244E-01	5.242E-01	5.243E-01	5.243E-01
2.390E+00	5.211E-01	1.840E-04	5.213E-01	5.210E-01	5.212E-01	5.210E-01	5.211E-01	5.212E-01
2.400E+00	5.180E-01	2.003E-04	5.182E-01	5.179E-01	5.181E-01	5.179E-01	5.179E-01	5.180E-01
2.410E+00	5.148E-01	2.170E-04	5.151E-01	5.147E-01	5.149E-01	5.147E-01	5.148E-01	5.149E-01
2.420E+00	5.117E-01	2.341E-04	5.120E-01	5.115E-01	5.118E-01	5.116E-01	5.117E-01	5.117E-01
2.430E+00	5.086E-01	2.515E-04	5.089E-01	5.084E-01	5.087E-01	5.085E-01	5.085E-01	5.086E-01
2.440E+00	5.055E-01	2.692E-04	5.058E-01	5.053E-01	5.056E-01	5.054E-01	5.054E-01	5.055E-01
2.450E+00	5.024E-01	2.870E-04	5.027E-01	5.022E-01	5.025E-01	5.023E-01	5.023E-01	5.024E-01
2.460E+00	4.993E-01	3.050E-04	4.996E-01	4.991E-01	4.994E-01	4.992E-01	4.993E-01	4.993E-01
2.470E+00	4.962E-01	3.231E-04	4.966E-01	4.960E-01	4.963E-01	4.961E-01	4.962E-01	4.963E-01
2.480E+00	4.932E-01	3.412E-04	4.935E-01	4.929E-01	4.933E-01	4.930E-01	4.931E-01	4.932E-01
2.490E+00	4.901E-01	3.594E-04	4.905E-01	4.898E-01	4.902E-01	4.900E-01	4.901E-01	4.901E-01
2.500E+00	4.871E-01	3.777E-04	4.875E-01	4.867E-01	4.872E-01	4.869E-01	4.870E-01	4.871E-01
2.510E+00	4.840E-01	3.960E-04	4.844E-01	4.837E-01	4.842E-01	4.839E-01	4.840E-01	4.841E-01
2.520E+00	4.810E-01	4.144E-04	4.814E-01	4.807E-01	4.811E-01	4.809E-01	4.810E-01	4.810E-01
2.530E+00	4.780E-01	4.327E-04	4.785E-01	4.776E-01	4.781E-01	4.779E-01	4.780E-01	4.780E-01
2.540E+00	4.750E-01	4.511E-04	4.755E-01	4.746E-01	4.751E-01	4.749E-01	4.750E-01	4.750E-01
2.550E+00	4.720E-01	4.695E-04	4.725E-01	4.716E-01	4.722E-01	4.719E-01	4.720E-01	4.721E-01
2.560E+00	4.690E-01	4.878E-04	4.696E-01	4.686E-01	4.692E-01	4.689E-01	4.690E-01	4.691E-01
2.570E+00	4.661E-01	5.061E-04	4.666E-01	4.656E-01	4.662E-01	4.660E-01	4.660E-01	4.661E-01
2.580E+00	4.631E-01	5.244E-04	4.637E-01	4.627E-01	4.633E-01	4.630E-01	4.631E-01	4.632E-01
2.590E+00	4.602E-01	5.427E-04	4.608E-01	4.597E-01	4.603E-01	4.601E-01	4.602E-01	4.602E-01
2.600E+00	4.573E-01	5.610E-04	4.579E-01	4.568E-01	4.574E-01	4.571E-01	4.572E-01	4.573E-01
2.610E+00	4.544E-01	5.792E-04	4.550E-01	4.538E-01	4.545E-01	4.542E-01	4.543E-01	4.544E-01
2.620E+00	4.515E-01	5.973E-04	4.521E-01	4.509E-01	4.516E-01	4.513E-01	4.514E-01	4.515E-01
2.630E+00	4.486E-01	6.154E-04	4.492E-01	4.480E-01	4.487E-01	4.484E-01	4.485E-01	4.486E-01
2.640E+00	4.457E-01	6.335E-04	4.463E-01	4.451E-01	4.458E-01	4.455E-01	4.456E-01	4.457E-01
2.650E+00	4.428E-01	6.515E-04	4.435E-01	4.422E-01	4.430E-01	4.427E-01	4.428E-01	4.429E-01
2.660E+00	4.400E-01	6.695E-04	4.407E-01	4.394E-01	4.401E-01	4.398E-01	4.399E-01	4.400E-01
2.670E+00	4.371E-01	6.874E-04	4.378E-01	4.365E-01	4.373E-01	4.370E-01	4.371E-01	4.372E-01
2.680E+00	4.343E-01	7.052E-04	4.350E-01	4.336E-01	4.344E-01	4.341E-01	4.342E-01	4.343E-01
2.690E+00	4.315E-01	7.230E-04	4.322E-01	4.308E-01	4.316E-01	4.313E-01	4.314E-01	4.315E-01
2.700E+00	4.287E-01	7.407E-04	4.294E-01	4.280E-01	4.288E-01	4.285E-01	4.286E-01	4.287E-01
2.710E+00	4.259E-01	7.583E-04	4.267E-01	4.252E-01	4.260E-01	4.257E-01	4.258E-01	4.259E-01
2.720E+00	4.231E-01	7.759E-04	4.239E-01	4.224E-01	4.232E-01	4.229E-01	4.230E-01	4.231E-01
2.730E+00	4.203E-01	7.934E-04	4.211E-01	4.196E-01	4.205E-01	4.202E-01	4.203E-01	4.203E-01
2.740E+00	4.175E-01	8.108E-04	4.184E-01	4.168E-01	4.177E-01	4.174E-01	4.175E-01	4.176E-01
2.750E+00	4.148E-01	8.281E-04	4.157E-01	4.140E-01	4.149E-01	4.146E-01	4.148E-01	4.148E-01
2.760E+00	4.121E-01	8.453E-04	4.129E-01	4.113E-01	4.122E-01	4.119E-01	4.120E-01	4.121E-01
2.770E+00	4.093E-01	8.625E-04	4.102E-01	4.085E-01	4.095E-01	4.092E-01	4.093E-01	4.094E-01
2.780E+00	4.066E-01	8.796E-04	4.075E-01	4.058E-01	4.068E-01	4.065E-01	4.066E-01	4.067E-01
2.790E+00	4.039E-01	8.966E-04	4.048E-01	4.031E-01	4.041E-01	4.038E-01	4.039E-01	4.040E-01
2.800E+00	4.012E-01	9.134E-04	4.022E-01	4.004E-01	4.014E-01	4.011E-01	4.012E-01	4.013E-01
2.810E+00	3.986E-01	9.302E-04	3.995E-01	3.977E-01	3.987E-01	3.984E-01	3.985E-01	3.986E-01
2.820E+00	3.959E-01	9.470E-04	3.969E-01	3.950E-01	3.960E-01	3.957E-01	3.959E-01	3.959E-01
2.830E+00	3.932E-01	9.636E-04	3.942E-01	3.923E-01	3.934E-01	3.931E-01	3.932E-01	3.933E-01
2.840E+00	3.906E-01	9.801E-04	3.916E-01	3.897E-01	3.908E-01	3.904E-01	3.906E-01	3.906E-01
2.850E+00	3.880E-01	9.965E-04	3.890E-01	3.870E-01	3.881E-01	3.878E-01	3.879E-01	3.880E-01
2.860E+00	3.853E-01	1.013E-03	3.864E-01	3.844E-01	3.855E-01	3.852E-01	3.853E-01	3.854E-01
2.870E+00	3.827E-01	1.029E-03	3.838E-01	3.818E-01	3.829E-01	3.826E-01	3.827E-01	3.828E-01
2.880E+00	3.802E-01	1.045E-03	3.812E-01	3.792E-01	3.803E-01	3.800E-01	3.801E-01	3.802E-01
2.890E+00	3.776E-01	1.061E-03	3.787E-01	3.766E-01	3.777E-01	3.774E-01	3.775E-01	3.776E-01
2.900E+00	3.750E-01	1.077E-03	3.761E-01	3.740E-01	3.752E-01	3.748E-01	3.750E-01	3.750E-01
2.910E+00	3.724E-01	1.093E-03	3.736E-01	3.714E-01	3.726E-01	3.723E-01	3.724E-01	3.725E-01
2.920E+00	3.699E-01	1.108E-03	3.710E-01	3.689E-01	3.701E-01	3.697E-01	3.699E-01	3.699E-01
2.930E+00	3.674E-01	1.124E-03	3.685E-01	3.663E-01	3.675E-01	3.672E-01	3.673E-01	3.674E-01
2.940E+00	3.648E-01	1.139E-03	3.660E-01	3.638E-01	3.650E-01	3.647E-01	3.648E-01	3.649E-01
2.950E+00	3.623E-01	1.155E-03	3.635E-01	3.612E-01	3.625E-01	3.622E-01	3.623E-01	3.624E-01
2.960E+00	3.598E-01	1.170E-03	3.610E-01	3.587E-01	3.600E-01	3.597E-01	3.598E-01	3.599E-01
2.970E+00	3.574E-01	1.185E-03	3.586E-01	3.562E-01	3.575E-01	3.572E-01	3.573E-01	3.574E-01
2.980E+00	3.549E-01	1.200E-03	3.561E-01	3.537E-01	3.551E-01	3.547E-01	3.548E-01	3.549E-01
2.990E+00	3.524E-01	1.215E-03	3.537E-01	3.513E-01	3.526E-01	3.523E-01	3.524E-01	3.525E-01
3.000E+00	3.500E-01	1.230E-03	3.512E-01	3.488E-01	3.502E-01	3.498E-01	3.499E-01	3.500E-01
