1.000E-02	9.775E-01	9.030E-04	9.782E-01	9.767E-01	9.780E-01	9.770E-01	9.775E-01	9.775E-01
2.000E-02	9.774E-01	8.984E-04	9.781E-01	9.766E-01	9.778E-01	9.769E-01	9.773E-01	9.774E-01
3.000E-02	9.772E-01	8.922E-04	9.779E-01	9.764E-01	9.776E-01	9.767E-01	9.772E-01	9.772E-01
4.000E-02	9.769E-01	8.847E-04	9.777E-01	9.762E-01	9.774E-01	9.765E-01	9.769E-01	9.769E-01
5.000E-02	9.766E-01	8.763E-04	9.774E-01	9.759E-01	9.771E-01	9.762E-01	9.766E-01	9.766E-01
6.000E-02	9.763E-01	8.670E-04	9.770E-01	9.755E-01	9.767E-01	9.758E-01	9.763E-01	9.763E-01
7.000E-02	9.759E-01	8.571E-04	9.766E-01	9.752E-01	9.763E-01	9.754E-01	9.759E-01	9.759E-01
8.000E-02	9.754E-01	8.464E-04	9.761E-01	9.747E-01	9.759E-01	9.750E-01	9.754E-01	9.754E-01
9.000E-02	9.749E-01	8.353E-04	9.756E-01	9.742E-01	9.754E-01	9.745E-01	9.749E-01	9.749E-01
1.000E-01	9.744E-01	8.236E-04	9.751E-01	9.737E-01	9.749E-01	9.739E-01	9.744E-01	9.744E-01
1.100E-01	9.738E-01	8.116E-04	9.745E-01	9.731E-01	9.743E-01	9.733E-01	9.738E-01	9.738E-01
1.200E-01	9.732E-01	7.992E-04	9.738E-01	9.725E-01	9.736E-01	9.727E-01	9.732E-01	9.732E-01
1.300E-01	9.725E-01	7.865E-04	9.731E-01	9.719E-01	9.730E-01	9.720E-01	9.725E-01	9.725E-01
1.400E-01	9.718E-01	7.735E-04	9.724E-01	9.712E-01	9.723E-01	9.713E-01	9.718E-01	9.718E-01
1.500E-01	9.710E-01	7.604E-04	9.716E-01	9.704E-01	9.715E-01	9.706E-01	9.710E-01	9.710E-01
1.600E-01	9.702E-01	7.470E-04	9.708E-01	9.696E-01	9.707E-01	9.698E-01	9.702E-01	9.702E-01
1.700E-01	9.694E-01	7.336E-04	9.700E-01	9.688E-01	9.699E-01	9.689E-01	9.694E-01	9.694E-01
1.800E-01	9.685E-01	7.200E-04	9.691E-01	9.680E-01	9.690E-01	9.680E-01	9.685E-01	9.685E-01
1.900E-01	9.676E-01	7.064E-04	9.681E-01	9.671E-01	9.681E-01	9.671E-01	9.676E-01	9.676E-01
2.000E-01	9.666E-01	6.928E-04	9.672E-01	9.661E-01	9.671E-01	9.662E-01	9.666E-01	9.667E-01
2.100E-01	9.656E-01	6.791E-04	9.661E-01	9.651E-01	9.661E-01	9.652E-01	9.656E-01	9.657E-01
2.200E-01	9.646E-01	6.655E-04	9.651E-01	9.641E-01	9.651E-01	9.642E-01	9.646E-01	9.646E-01
2.300E-01	9.635E-01	6.520E-04	9.640E-01	9.631E-01	9.640E-01	9.631E-01	9.635E-01	9.636E-01
2.400E-01	9.624E-01	6.386E-04	9.629E-01	9.620E-01	9.629E-01	9.620E-01	9.624E-01	9.625E-01
2.500E-01	9.613E-01	6.253E-04	9.617E-01	9.609E-01	9.618E-01	9.608E-01	9.613E-01	9.613E-01
2.600E-01	9.601E-01	6.122E-04	9.605E-01	9.597E-01	9.606E-01	9.597E-01	9.601E-01	9.601E-01
2.700E-01	9.589E-01	5.993E-04	9.593E-01	9.585E-01	9.594E-01	9.585E-01	9.589E-01	9.589E-01
2.800E-01	9.577E-01	5.866E-04	9.580E-01	9.573E-01	9.581E-01	9.572E-01	9.576E-01	9.577E-01
2.900E-01	9.564E-01	5.741E-04	9.567E-01	9.560E-01	9.568E-01	9.559E-01	9.564E-01	9.564E-01
3.000E-01	9.551E-01	5.619E-04	9.554E-01	9.547E-01	9.555E-01	9.546E-01	9.550E-01	9.551E-01
3.100E-01	9.537E-01	5.500E-04	9.540E-01	9.534E-01	9.542E-01	9.533E-01	9.537E-01	9.537E-01
3.200E-01	9.523E-01	5.385E-04	9.526E-01	9.520E-01	9.528E-01	9.519E-01	9.523E-01	9.524E-01
3.300E-01	9.509E-01	5.273E-04	9.512E-01	9.506E-01	9.514E-01	9.505E-01	9.509E-01	9.509E-01
3.400E-01	9.495E-01	5.165E-04	9.497E-01	9.492E-01	9.499E-01	9.490E-01	9.495E-01	9.495E-01
3.500E-01	9.480E-01	5.061E-04	9.482E-01	9.477E-01	9.484E-01	9.476E-01	9.480E-01	9.480E-01
3.600E-01	9.465E-01	4.962E-04	9.467E-01	9.463E-01	9.469E-01	9.460E-01	9.465E-01	9.465E-01
3.700E-01	9.449E-01	4.868E-04	9.451E-01	9.447E-01	9.454E-01	9.445E-01	9.449E-01	9.450E-01
3.800E-01	9.434E-01	4.778E-04	9.436E-01	9.432E-01	9.438E-01	9.429E-01	9.433E-01	9.434E-01
3.900E-01	9.418E-01	4.693E-04	9.419E-01	9.416E-01	9.422E-01	9.413E-01	9.417E-01	9.418E-01
4.000E-01	9.401E-01	4.614E-04	9.403E-01	9.400E-01	9.406E-01	9.397E-01	9.401E-01	9.402E-01
4.100E-01	9.385E-01	4.540E-04	9.386E-01	9.383E-01	9.389E-01	9.380E-01	9.384E-01	9.385E-01
4.200E-01	9.368E-01	4.472E-04	9.369E-01	9.366E-01	9.372E-01	9.363E-01	9.367E-01	9.368E-01
4.300E-01	9.350E-01	4.410E-04	9.351E-01	9.349E-01	9.355E-01	9.346E-01	9.350E-01	9.351E-01
4.400E-01	9.333E-01	4.354E-04	9.334E-01	9.332E-01	9.337E-01	9.329E-01	9.333E-01	9.333E-01
4.500E-01	9.315E-01	4.304E-04	9.316E-01	9.314E-01	9.319E-01	9.311E-01	9.315E-01	9.315E-01
4.600E-01	9.297E-01	4.260E-04	9.297E-01	9.296E-01	9.301E-01	9.293E-01	9.297E-01	9.297E-01
4.700E-01	9.279E-01	4.222E-04	9.279E-01	9.278E-01	9.283E-01	9.274E-01	9.278E-01	9.279E-01
4.800E-01	9.260E-01	4.190E-04	9.260E-01	9.260E-01	9.264E-01	9.256E-01	9.260E-01	9.260E-01
4.900E-01	9.241E-01	4.165E-04	9.241E-01	9.241E-01	9.245E-01	9.237E-01	9.241E-01	9.241E-01
5.000E-01	9.222E-01	4.145E-04	9.222E-01	9.222E-01	9.226E-01	9.218E-01	9.221E-01	9.222E-01
5.100E-01	9.202E-01	4.131E-04	9.202E-01	9.202E-01	9.206E-01	9.198E-01	9.202E-01	9.203E-01
5.200E-01	9.182E-01	4.122E-04	9.182E-01	9.183E-01	9.187E-01	9.178E-01	9.182E-01	9.183E-01
5.300E-01	9.162E-01	4.119E-04	9.162E-01	9.163E-01	9.167E-01	9.158E-01	9.162E-01	9.163E-01
5.400E-01	9.142E-01	4.122E-04	9.141E-01	9.143E-01	9.146E-01	9.138E-01	9.142E-01	9.143E-01
5.500E-01	9.122E-01	4.129E-04	9.121E-01	9.123E-01	9.126E-01	9.118E-01	9.121E-01	9.122E-01
5.600E-01	9.101E-01	4.141E-04	9.100E-01	9.102E-01	9.105E-01	9.097E-01	9.101E-01	9.101E-01
5.700E-01	9.080E-01	4.157E-04	9.079E-01	9.081E-01	9.084E-01	9.076E-01	9.079E-01	9.080E-01
5.800E-01	9.059E-01	4.178E-04	9.057E-01	9.060E-01	9.062E-01	9.055E-01	9.058E-01	9.059E-01
5.900E-01	9.037E-01	4.202E-04	9.036E-01	9.038E-01	9.041E-01	9.033E-01	9.037E-01	9.037E-01
6.000E-01	9.015E-01	4.230E-04	9.014E-01	9.017E-01	9.019E-01	9.011E-01	9.015E-01	9.016E-01
6.100E-01	8.993E-01	4.261E-04	8.991E-01	8.995E-01	8.997E-01	8.989E-01	8.993E-01	8.994E-01
6.200E-01	8.971E-01	4.295E-04	8.969E-01	8.973E-01	8.975E-01	8.967E-01	8.971E-01	8.971E-01
6.300E-01	8.949E-01	4.332E-04	8.946E-01	8.950E-01	8.952E-01	8.945E-01	8.948E-01	8.949E-01
6.400E-01	8.926E-01	4.370E-04	8.924E-01	8.928E-01	8.930E-01	8.922E-01	8.925E-01	8.926E-01
6.500E-01	8.903E-01	4.411E-04	8.901E-01	8.905E-01	8.907E-01	8.899E-01	8.902E-01	8.903E-01
6.600E-01	8.880E-01	4.454E-04	8.877E-01	8.882E-01	8.883E-01	8.876E-01	8.879E-01	8.880E-01
6.700E-01	8.856E-01	4.498E-04	8.854E-01	8.859E-01	8.860E-01	8.853E-01	8.856E-01	8.857E-01
6.800E-01	8.833E-01	4.543E-04	8.830E-01	8.835E-01	8.836E-01	8.829E-01	8.832E-01	8.833E-01
6.900E-01	8.809E-01	4.589E-04	8.806E-01	8.812E-01	8.813E-01	8.805E-01	8.808E-01	8.809E-01
7.000E-01	8.785E-01	4.636E-04	8.782E-01	8.788E-01	8.789E-01	8.781E-01	8.784E-01	8.785E-01
7.100E-01	8.761E-01	4.683E-04	8.758E-01	8.764E-01	8.764E-01	8.757E-01	8.760E-01	8.761E-01
7.200E-01	8.736E-01	4.730E-04	8.733E-01	8.739E-01	8.740E-01	8.733E-01	8.736E-01	8.737E-01
7.300E-01	8.712E-01	4.778E-04	8.708E-01	8.715E-01	8.715E-01	8.708E-01	8.711E-01	8.712E-01
7.400E-01	8.687E-01	4.825E-04	8.683E-01	8.690E-01	8.690E-01	8.683E-01	8.686E-01	8.687E-01
7.500E-01	8.662E-01	4.872E-04	8.658E-01	8.665E-01	8.665E-01	8.658E-01	8.661E-01	8.662E-01
7.600E-01	8.636E-01	4.918E-04	8.633E-01	8.640E-01	8.640E-01	8.633E-01	8.636E-01	8.637E-01
7.700E-01	8.611E-01	4.964E-04	8.607E-01	8.615E-01	8.614E-01	8.608E-01	8.611E-01	8.612E-01
7.800E-01	8.585E-01	5.009E-04	8.582E-01	8.589E-01	8.589E-01	8.582E-01	8.585E-01	8.586E-01
7.900E-01	8.560E-01	5.053E-04	8.556E-01	8.563E-01	8.563E-01	8.556E-01	8.559E-01	8.560E-01
8.000E-01	8.534E-01	5.096E-04	8.530E-01	8.537E-01	8.537E-01	8.530E-01	8.533E-01	8.534E-01
8.100E-01	8.507E-01	5.138E-04	8.504E-01	8.511E-01	8.511E-01	8.504E-01	8.507E-01	8.508E-01
8.200E-01	8.481E-01	5.178E-04	8.477E-01	8.485E-01	8.484E-01	8.478E-01	8.481E-01	8.482E-01
8.300E-01	8.455E-01	5.218E-04	8.450E-01	8.459E-01	8.458E-01	8.451E-01	8.454E-01	8.455E-01
8.400E-01	8.428E-01	5.255E-04	8.424E-01	8.432E-01	8.431E-01	8.425E-01	8.427E-01	8.428E-01
8.500E-01	8.401E-01	5.291E-04	8.397E-01	8.405E-01	8.404E-01	8.398E-01	8.400E-01	8.402E-01
8.600E-01	8.374E-01	5.326E-04	8.370E-01	8.378E-01	8.377E-01	8.371E-01	8.373E-01	8.374E-01
8.700E-01	8.347E-01	5.358E-04	8.342E-01	8.351E-01	8.350E-01	8.344E-01	8.346E-01	8.347E-01
8.800E-01	8.319E-01	5.389E-04	8.315E-01	8.324E-01	8.322E-01	8.316E-01	8.319E-01	8.320E-01
8.900E-01	8.292E-01	5.418E-04	8.287E-01	8.296E-01	8.295E-01	8.289E-01	8.291E-01	8.292E-01
9.000E-01	8.264E-01	5.445E-04	8.260E-01	8.269E-01	8.267E-01	8.261E-01	8.264E-01	8.265E-01
9.100E-01	8.236E-01	5.471E-04	8.232E-01	8.241E-01	8.239E-01	8.233E-01	8.236E-01	8.237E-01
9.200E-01	8.208E-01	5.494E-04	8.204E-01	8.213E-01	8.211E-01	8.205E-01	8.208E-01	8.209E-01
9.300E-01	8.180E-01	5.515E-04	8.176E-01	8.185E-01	8.183E-01	8.177E-01	8.180E-01	8.181E-01
9.400E-01	8.152E-01	5.534E-04	8.147E-01	8.157E-01	8.155E-01	8.149E-01	8.151E-01	8.153E-01
9.500E-01	8.124E-01	5.550E-04	8.119E-01	8.128E-01	8.126E-01	8.121E-01	8.123E-01	8.124E-01
9.600E-01	8.095E-01	5.565E-04	8.090E-01	8.100E-01	8.098E-01	8.092E-01	8.094E-01	8.096E-01
9.700E-01	8.066E-01	5.577E-04	8.061E-01	8.071E-01	8.069E-01	8.063E-01	8.066E-01	8.067E-01
9.800E-01	8.037E-01	5.587E-04	8.033E-01	8.042E-01	8.040E-01	8.035E-01	8.037E-01	8.038E-01
9.900E-01	8.008E-01	5.595E-04	8.004E-01	8.013E-01	8.011E-01	8.006E-01	8.008E-01	8.009E-01
1.000E+00	7.979E-01	5.601E-04	7.975E-01	7.984E-01	7.982E-01	7.977E-01	7.979E-01	7.980E-01
1.010E+00	7.950E-01	5.604E-04	7.945E-01	7.955E-01	7.953E-01	7.947E-01	7.949E-01	7.951E-01
1.020E+00	7.921E-01	5.605E-04	7.916E-01	7.926E-01	7.923E-01	7.918E-01	7.920E-01	7.921E-01
1.030E+00	7.891E-01	5.604E-04	7.886E-01	7.896E-01	7.894E-01	7.889E-01	7.891E-01	7.892E-01
1.040E+00	7.862E-01	5.600E-04	7.857E-01	7.867E-01	7.864E-01	7.859E-01	7.861E-01	7.862E-01
1.050E+00	7.832E-01	5.594E-04	7.827E-01	7.837E-01	7.835E-01	7.829E-01	7.831E-01	7.833E-01
1.060E+00	7.802E-01	5.585E-04	7.797E-01	7.807E-01	7.805E-01	7.800E-01	7.802E-01	7.803E-01
1.070E+00	7.772E-01	5.574E-04	7.767E-01	7.777E-01	7.775E-01	7.770E-01	7.772E-01	7.773E-01
1.080E+00	7.742E-01	5.561E-04	7.737E-01	7.747E-01	7.745E-01	7.740E-01	7.742E-01	7.743E-01
1.090E+00	7.712E-01	5.545E-04	7.707E-01	7.717E-01	7.715E-01	7.710E-01	7.711E-01	7.713E-01
1.100E+00	7.682E-01	5.527E-04	7.677E-01	7.687E-01	7.684E-01	7.679E-01	7.681E-01	7.683E-01
1.110E+00	7.652E-01	5.507E-04	7.647E-01	7.656E-01	7.654E-01	7.649E-01	7.651E-01	7.652E-01
1.120E+00	7.621E-01	5.484E-04	7.616E-01	7.626E-01	7.623E-01	7.619E-01	7.620E-01	7.622E-01
1.130E+00	7.591E-01	5.459E-04	7.586E-01	7.595E-01	7.593E-01	7.588E-01	7.590E-01	7.591E-01
1.140E+00	7.560E-01	5.432E-04	7.555E-01	7.565E-01	7.562E-01	7.558E-01	7.559E-01	7.561E-01
1.150E+00	7.529E-01	5.402E-04	7.524E-01	7.534E-01	7.531E-01	7.527E-01	7.528E-01	7.530E-01
1.160E+00	7.498E-01	5.370E-04	7.494E-01	7.503E-01	7.501E-01	7.496E-01	7.498E-01	7.499E-01
1.170E+00	7.468E-01	5.336E-04	7.463E-01	7.472E-01	7.470E-01	7.465E-01	7.467E-01	7.468E-01
1.180E+00	7.437E-01	5.299E-04	7.432E-01	7.441E-01	7.439E-01	7.434E-01	7.436E-01	7.437E-01
1.190E+00	7.405E-01	5.260E-04	7.401E-01	7.410E-01	7.408E-01	7.403E-01	7.405E-01	7.406E-01
1.200E+00	7.374E-01	5.219E-04	7.370E-01	7.379E-01	7.376E-01	7.372E-01	7.374E-01	7.375E-01
1.210E+00	7.343E-01	5.175E-04	7.338E-01	7.348E-01	7.345E-01	7.341E-01	7.342E-01	7.344E-01
1.220E+00	7.312E-01	5.129E-04	7.307E-01	7.316E-01	7.314E-01	7.310E-01	7.311E-01	7.313E-01
1.230E+00	7.280E-01	5.081E-04	7.276E-01	7.285E-01	7.282E-01	7.278E-01	7.280E-01	7.281E-01
1.240E+00	7.249E-01	5.031E-04	7.245E-01	7.254E-01	7.251E-01	7.247E-01	7.248E-01	7.250E-01
1.250E+00	7.218E-01	4.979E-04	7.213E-01	7.222E-01	7.219E-01	7.216E-01	7.217E-01	7.218E-01
1.260E+00	7.186E-01	4.924E-04	7.182E-01	7.190E-01	7.188E-01	7.184E-01	7.185E-01	7.187E-01
1.270E+00	7.154E-01	4.867E-04	7.150E-01	7.159E-01	7.156E-01	7.152E-01	7.153E-01	7.155E-01
1.280E+00	7.123E-01	4.808E-04	7.118E-01	7.127E-01	7.125E-01	7.121E-01	7.122E-01	7.124E-01
1.290E+00	7.091E-01	4.748E-04	7.087E-01	7.095E-01	7.093E-01	7.089E-01	7.090E-01	7.092E-01
1.300E+00	7.059E-01	4.685E-04	7.055E-01	7.063E-01	7.061E-01	7.057E-01	7.058E-01	7.060E-01
1.310E+00	7.027E-01	4.620E-04	7.023E-01	7.032E-01	7.029E-01	7.026E-01	7.026E-01	7.028E-01
1.320E+00	6.995E-01	4.553E-04	6.991E-01	7.000E-01	6.997E-01	6.994E-01	6.995E-01	6.996E-01
1.330E+00	6.963E-01	4.484E-04	6.959E-01	6.968E-01	6.965E-01	6.962E-01	6.963E-01	6.964E-01
1.340E+00	6.931E-01	4.413E-04	6.928E-01	6.936E-01	6.933E-01	6.930E-01	6.931E-01	6.932E-01
1.350E+00	6.899E-01	4.340E-04	6.896E-01	6.903E-01	6.901E-01	6.898E-01	6.899E-01	6.900E-01
1.360E+00	6.867E-01	4.266E-04	6.864E-01	6.871E-01	6.869E-01	6.866E-01	6.866E-01	6.868E-01
1.370E+00	6.835E-01	4.189E-04	6.832E-01	6.839E-01	6.837E-01	6.834E-01	6.834E-01	6.836E-01
1.380E+00	6.803E-01	4.111E-04	6.799E-01	6.807E-01	6.805E-01	6.802E-01	6.802E-01	6.804E-01
1.390E+00	6.771E-01	4.031E-04	6.767E-01	6.775E-01	6.772E-01	6.769E-01	6.770E-01	6.772E-01
1.400E+00	6.739E-01	3.949E-04	6.735E-01	6.742E-01	6.740E-01	6.737E-01	6.738E-01	6.740E-01
1.410E+00	6.706E-01	3.866E-04	6.703E-01	6.710E-01	6.708E-01	6.705E-01	6.706E-01	6.707E-01
1.420E+00	6.674E-01	3.781E-04	6.671E-01	6.678E-01	6.676E-01	6.673E-01	6.673E-01	6.675E-01
1.430E+00	6.642E-01	3.695E-04	6.639E-01	6.645E-01	6.643E-01	6.641E-01	6.641E-01	6.643E-01
1.440E+00	6.610E-01	3.607E-04	6.606E-01	6.613E-01	6.611E-01	6.608E-01	6.609E-01	6.611E-01
1.450E+00	6.577E-01	3.518E-04	6.574E-01	6.580E-01	6.579E-01	6.576E-01	6.576E-01	6.578E-01
1.460E+00	6.545E-01	3.428E-04	6.542E-01	6.548E-01	6.546E-01	6.544E-01	6.544E-01	6.546E-01
1.470E+00	6.513E-01	3.336E-04	6.510E-01	6.515E-01	6.514E-01	6.511E-01	6.512E-01	6.514E-01
1.480E+00	6.480E-01	3.243E-04	6.477E-01	6.483E-01	6.481E-01	6.479E-01	6.479E-01	6.481E-01
1.490E+00	6.448E-01	3.149E-04	6.445E-01	6.451E-01	6.449E-01	6.447E-01	6.447E-01	6.449E-01
1.500E+00	6.415E-01	3.054E-04	6.413E-01	6.418E-01	6.416E-01	6.414E-01	6.414E-01	6.416E-01
1.510E+00	6.383E-01	2.958E-04	6.380E-01	6.385E-01	6.384E-01	6.382E-01	6.382E-01	6.384E-01
1.520E+00	6.350E-01	2.861E-04	6.348E-01	6.353E-01	6.352E-01	6.349E-01	6.349E-01	6.351E-01
1.530E+00	6.318E-01	2.763E-04	6.316E-01	6.320E-01	6.319E-01	6.317E-01	6.317E-01	6.319E-01
1.540E+00	6.286E-01	2.666E-04	6.283E-01	6.288E-01	6.287E-01	6.285E-01	6.285E-01	6.287E-01
1.550E+00	6.253E-01	2.567E-04	6.251E-01	6.255E-01	6.254E-01	6.252E-01	6.252E-01	6.254E-01
1.560E+00	6.221E-01	2.469E-04	6.219E-01	6.223E-01	6.222E-01	6.220E-01	6.220E-01	6.222E-01
1.570E+00	6.188E-01	2.371E-04	6.186E-01	6.190E-01	6.189E-01	6.187E-01	6.187E-01	6.189E-01
1.580E+00	6.156E-01	2.273E-04	6.154E-01	6.158E-01	6.157E-01	6.155E-01	6.155E-01	6.157E-01
1.590E+00	6.123E-01	2.175E-04	6.122E-01	6.125E-01	6.124E-01	6.122E-01	6.122E-01	6.124E-01
1.600E+00	6.091E-01	2.079E-04	6.089E-01	6.093E-01	6.092E-01	6.090E-01	6.090E-01	6.092E-01
1.610E+00	6.059E-01	1.984E-04	6.057E-01	6.060E-01	6.059E-01	6.058E-01	6.057E-01	6.060E-01
1.620E+00	6.026E-01	1.891E-04	6.025E-01	6.028E-01	6.027E-01	6.025E-01	6.025E-01	6.027E-01
1.630E+00	5.994E-01	1.801E-04	5.993E-01	5.995E-01	5.995E-01	5.993E-01	5.993E-01	5.995E-01
1.640E+00	5.961E-01	1.713E-04	5.960E-01	5.963E-01	5.962E-01	5.961E-01	5.960E-01	5.962E-01
1.650E+00	5.929E-01	1.630E-04	5.928E-01	5.930E-01	5.930E-01	5.928E-01	5.928E-01	5.930E-01
1.660E+00	5.897E-01	1.552E-04	5.896E-01	5.898E-01	5.897E-01	5.896E-01	5.896E-01	5.898E-01
1.670E+00	5.864E-01	1.479E-04	5.864E-01	5.865E-01	5.865E-01	5.864E-01	5.863E-01	5.866E-01
1.680E+00	5.832E-01	1.414E-04	5.832E-01	5.833E-01	5.833E-01	5.831E-01	5.831E-01	5.833E-01
1.690E+00	5.800E-01	1.357E-04	5.799E-01	5.800E-01	5.800E-01	5.799E-01	5.799E-01	5.801E-01
1.700E+00	5.768E-01	1.311E-04	5.767E-01	5.768E-01	5.768E-01	5.767E-01	5.766E-01	5.769E-01
1.710E+00	5.735E-01	1.276E-04	5.735E-01	5.736E-01	5.736E-01	5.735E-01	5.734E-01	5.737E-01
1.720E+00	5.703E-01	1.254E-04	5.703E-01	5.703E-01	5.704E-01	5.703E-01	5.702E-01	5.704E-01
1.730E+00	5.671E-01	1.245E-04	5.671E-01	5.671E-01	5.672E-01	5.671E-01	5.670E-01	5.672E-01
1.740E+00	5.639E-01	1.251E-04	5.639E-01	5.639E-01	5.639E-01	5.639E-01	5.638E-01	5.640E-01
1.750E+00	5.607E-01	1.271E-04	5.607E-01	5.607E-01	5.607E-01	5.606E-01	5.606E-01	5.608E-01
1.760E+00	5.575E-01	1.306E-04	5.575E-01	5.574E-01	5.575E-01	5.574E-01	5.574E-01	5.576E-01
1.770E+00	5.543E-01	1.353E-04	5.544E-01	5.542E-01	5.543E-01	5.542E-01	5.542E-01	5.544E-01
1.780E+00	5.511E-01	1.413E-04	5.512E-01	5.510E-01	5.511E-01	5.511E-01	5.510E-01	5.512E-01
1.790E+00	5.479E-01	1.483E-04	5.480E-01	5.478E-01	5.479E-01	5.479E-01	5.478E-01	5.480E-01
1.800E+00	5.447E-01	1.563E-04	5.448E-01	5.446E-01	5.447E-01	5.447E-01	5.446E-01	5.448E-01
1.810E+00	5.415E-01	1.651E-04	5.416E-01	5.414E-01	5.416E-01	5.415E-01	5.414E-01	5.416E-01
1.820E+00	5.384E-01	1.747E-04	5.385E-01	5.382E-01	5.384E-01	5.383E-01	5.382E-01	5.385E-01
1.830E+00	5.352E-01	1.848E-04	5.353E-01	5.350E-01	5.352E-01	5.352E-01	5.351E-01	5.353E-01
1.840E+00	5.320E-01	1.955E-04	5.322E-01	5.319E-01	5.320E-01	5.320E-01	5.319E-01	5.321E-01
1.850E+00	5.288E-01	2.067E-04	5.290E-01	5.287E-01	5.289E-01	5.288E-01	5.287E-01	5.290E-01
1.860E+00	5.257E-01	2.183E-04	5.259E-01	5.255E-01	5.257E-01	5.257E-01	5.256E-01	5.258E-01
1.870E+00	5.225E-01	2.302E-04	5.227E-01	5.223E-01	5.225E-01	5.225E-01	5.224E-01	5.227E-01
1.880E+00	5.194E-01	2.424E-04	5.196E-01	5.192E-01	5.194E-01	5.194E-01	5.193E-01	5.195E-01
1.890E+00	5.162E-01	2.548E-04	5.165E-01	5.160E-01	5.163E-01	5.162E-01	5.161E-01	5.164E-01
1.900E+00	5.131E-01	2.675E-04	5.134E-01	5.129E-01	5.131E-01	5.131E-01	5.130E-01	5.132E-01
1.910E+00	5.100E-01	2.804E-04	5.102E-01	5.097E-01	5.100E-01	5.100E-01	5.099E-01	5.101E-01
1.920E+00	5.069E-01	2.935E-04	5.071E-01	5.066E-01	5.069E-01	5.069E-01	5.067E-01	5.070E-01
1.930E+00	5.037E-01	3.067E-04	5.040E-01	5.035E-01	5.037E-01	5.037E-01	5.036E-01	5.039E-01
1.940E+00	5.006E-01	3.201E-04	5.009E-01	5.003E-01	5.006E-01	5.006E-01	5.005E-01	5.007E-01
1.950E+00	4.975E-01	3.336E-04	4.978E-01	4.972E-01	4.975E-01	4.975E-01	4.974E-01	4.976E-01
1.960E+00	4.944E-01	3.472E-04	4.948E-01	4.941E-01	4.944E-01	4.944E-01	4.943E-01	4.945E-01
1.970E+00	4.913E-01	3.609E-04	4.917E-01	4.910E-01	4.913E-01	4.913E-01	4.912E-01	4.915E-01
1.980E+00	4.882E-01	3.747E-04	4.886E-01	4.879E-01	4.882E-01	4.883E-01	4.881E-01	4.884E-01
1.990E+00	4.852E-01	3.885E-04	4.855E-01	4.848E-01	4.851E-01	4.852E-01	4.850E-01	4.853E-01
2.000E+00	4.821E-01	4.025E-04	4.825E-01	4.817E-01	4.821E-01	4.821E-01	4.820E-01	4.822E-01
2.010E+00	4.790E-01	4.164E-04	4.794E-01	4.786E-01	4.790E-01	4.791E-01	4.789E-01	4.792E-01
2.020E+00	4.760E-01	4.305E-04	4.764E-01	4.756E-01	4.760E-01	4.760E-01	4.759E-01	4.761E-01
2.030E+00	4.729E-01	4.445E-04	4.734E-01	4.725E-01	4.729E-01	4.730E-01	4.728E-01	4.731E-01
2.040E+00	4.699E-01	4.587E-04	4.703E-01	4.695E-01	4.699E-01	4.699E-01	4.698E-01	4.700E-01
2.050E+00	4.669E-01	4.728E-04	4.673E-01	4.664E-01	4.668E-01	4.669E-01	4.667E-01	4.670E-01
2.060E+00	4.638E-01	4.870E-04	4.643E-01	4.634E-01	4.638E-01	4.639E-01	4.637E-01	4.640E-01
2.070E+00	4.608E-01	5.011E-04	4.613E-01	4.603E-01	4.608E-01	4.608E-01	4.607E-01	4.609E-01
2.080E+00	4.578E-01	5.153E-04	4.583E-01	4.573E-01	4.578E-01	4.578E-01	4.577E-01	4.579E-01
2.090E+00	4.548E-01	5.295E-04	4.553E-01	4.543E-01	4.548E-01	4.548E-01	4.547E-01	4.549E-01
2.100E+00	4.518E-01	5.437E-04	4.523E-01	4.513E-01	4.518E-01	4.518E-01	4.517E-01	4.519E-01
2.110E+00	4.488E-01	5.580E-04	4.494E-01	4.483E-01	4.488E-01	4.489E-01	4.487E-01	4.489E-01
2.120E+00	4.458E-01	5.722E-04	4.464E-01	4.453E-01	4.458E-01	4.459E-01	4.457E-01	4.460E-01
2.130E+00	4.429E-01	5.863E-04	4.435E-01	4.423E-01	4.428E-01	4.429E-01	4.428E-01	4.430E-01
2.140E+00	4.399E-01	6.005E-04	4.405E-01	4.393E-01	4.399E-01	4.400E-01	4.398E-01	4.400E-01
2.150E+00	4.370E-01	6.147E-04	4.376E-01	4.364E-01	4.369E-01	4.370E-01	4.368E-01	4.371E-01
2.160E+00	4.340E-01	6.288E-04	4.347E-01	4.334E-01	4.340E-01	4.341E-01	4.339E-01	4.342E-01
2.170E+00	4.311E-01	6.430E-04	4.317E-01	4.305E-01	4.310E-01	4.312E-01	4.310E-01	4.312E-01
2.180E+00	4.282E-01	6.571E-04	4.288E-01	4.275E-01	4.281E-01	4.282E-01	4.280E-01	4.283E-01
2.190E+00	4.253E-01	6.711E-04	4.259E-01	4.246E-01	4.252E-01	4.253E-01	4.251E-01	4.254E-01
2.200E+00	4.224E-01	6.852E-04	4.230E-01	4.217E-01	4.223E-01	4.224E-01	4.222E-01	4.225E-01
2.210E+00	4.195E-01	6.992E-04	4.202E-01	4.188E-01	4.194E-01	4.195E-01	4.193E-01	4.196E-01
2.220E+00	4.166E-01	7.131E-04	4.173E-01	4.159E-01	4.165E-01	4.166E-01	4.164E-01	4.167E-01
2.230E+00	4.137E-01	7.271E-04	4.144E-01	4.130E-01	4.136E-01	4.138E-01	4.136E-01	4.138E-01
2.240E+00	4.108E-01	7.409E-04	4.116E-01	4.101E-01	4.108E-01	4.109E-01	4.107E-01	4.110E-01
2.250E+00	4.080E-01	7.548E-04	4.087E-01	4.072E-01	4.079E-01	4.080E-01	4.078E-01	4.081E-01
2.260E+00	4.051E-01	7.685E-04	4.059E-01	4.044E-01	4.051E-01	4.052E-01	4.050E-01	4.053E-01
2.270E+00	4.023E-01	7.823E-04	4.031E-01	4.015E-01	4.022E-01	4.024E-01	4.022E-01	4.024E-01
2.280E+00	3.995E-01	7.959E-04	4.003E-01	3.987E-01	3.994E-01	3.995E-01	3.993E-01	3.996E-01
2.290E+00	3.966E-01	8.095E-04	3.974E-01	3.959E-01	3.966E-01	3.967E-01	3.965E-01	3.968E-01
2.300E+00	3.938E-01	8.231E-04	3.947E-01	3.930E-01	3.938E-01	3.939E-01	3.937E-01	3.940E-01
2.310E+00	3.910E-01	8.366E-04	3.919E-01	3.902E-01	3.910E-01	3.911E-01	3.909E-01	3.912E-01
2.320E+00	3.883E-01	8.500E-04	3.891E-01	3.874E-01	3.882E-01	3.883E-01	3.881E-01	3.884E-01
2.330E+00	3.855E-01	8.633E-04	3.863E-01	3.846E-01	3.854E-01	3.856E-01	3.853E-01	3.856E-01
2.340E+00	3.827E-01	8.766E-04	3.836E-01	3.819E-01	3.826E-01	3.828E-01	3.826E-01	3.828E-01
2.350E+00	3.800E-01	8.898E-04	3.808E-01	3.791E-01	3.799E-01	3.800E-01	3.798E-01	3.801E-01
2.360E+00	3.772E-01	9.030E-04	3.781E-01	3.763E-01	3.771E-01	3.773E-01	3.771E-01	3.773E-01
2.370E+00	3.745E-01	9.161E-04	3.754E-01	3.736E-01	3.744E-01	3.746E-01	3.743E-01	3.746E-01
2.380E+00	3.718E-01	9.290E-04	3.727E-01	3.708E-01	3.717E-01	3.718E-01	3.716E-01	3.719E-01
2.390E+00	3.690E-01	9.419E-04	3.700E-01	3.681E-01	3.689E-01	3.691E-01	3.689E-01	3.692E-01
2.400E+00	3.663E-01	9.548E-04	3.673E-01	3.654E-01	3.662E-01	3.664E-01	3.662E-01	3.665E-01
2.410E+00	3.636E-01	9.675E-04	3.646E-01	3.627E-01	3.636E-01	3.637E-01	3.635E-01	3.638E-01
2.420E+00	3.610E-01	9.802E-04	3.619E-01	3.600E-01	3.609E-01	3.611E-01	3.608E-01	3.611E-01
2.430E+00	3.583E-01	9.927E-04	3.593E-01	3.573E-01	3.582E-01	3.584E-01	3.582E-01	3.584E-01
2.440E+00	3.556E-01	1.005E-03	3.566E-01	3.547E-01	3.555E-01	3.557E-01	3.555E-01	3.558E-01
2.450E+00	3.530E-01	1.018E-03	3.540E-01	3.520E-01	3.529E-01	3.531E-01	3.529E-01	3.531E-01
2.460E+00	3.504E-01	1.030E-03	3.514E-01	3.493E-01	3.503E-01	3.505E-01	3.502E-01	3.505E-01
2.470E+00	3.477E-01	1.042E-03	3.488E-01	3.467E-01	3.476E-01	3.478E-01	3.476E-01	3.479E-01
2.480E+00	3.451E-01	1.054E-03	3.462E-01	3.441E-01	3.450E-01	3.452E-01	3.450E-01	3.452E-01
2.490E+00	3.425E-01	1.066E-03	3.436E-01	3.415E-01	3.424E-01	3.426E-01	3.424E-01	3.426E-01
2.500E+00	3.399E-01	1.078E-03	3.410E-01	3.389E-01	3.398E-01	3.400E-01	3.398E-01	3.401E-01
2.510E+00	3.373E-01	1.090E-03	3.384E-01	3.363E-01	3.372E-01	3.375E-01	3.372E-01	3.375E-01
2.520E+00	3.348E-01	1.102E-03	3.359E-01	3.337E-01	3.347E-01	3.349E-01	3.346E-01	3.349E-01
2.530E+00	3.322E-01	1.113E-03	3.333E-01	3.311E-01	3.321E-01	3.323E-01	3.321E-01	3.324E-01
2.540E+00	3.297E-01	1.125E-03	3.308E-01	3.286E-01	3.296E-01	3.298E-01	3.295E-01	3.298E-01
2.550E+00	3.271E-01	1.136E-03	3.283E-01	3.260E-01	3.270E-01	3.273E-01	3.270E-01	3.273E-01
2.560E+00	3.246E-01	1.147E-03	3.258E-01	3.235E-01	3.245E-01	3.247E-01	3.245E-01	3.247E-01
2.570E+00	3.221E-01	1.158E-03	3.233E-01	3.210E-01	3.220E-01	3.222E-01	3.220E-01	3.222E-01
2.580E+00	3.196E-01	1.170E-03	3.208E-01	3.185E-01	3.195E-01	3.197E-01	3.195E-01	3.197E-01
2.590E+00	3.171E-01	1.180E-03	3.183E-01	3.160E-01	3.170E-01	3.172E-01	3.170E-01	3.173E-01
2.600E+00	3.146E-01	1.191E-03	3.158E-01	3.135E-01	3.145E-01	3.148E-01	3.145E-01	3.148E-01
2.610E+00	3.122E-01	1.202E-03	3.134E-01	3.110E-01	3.121E-01	3.123E-01	3.121E-01	3.123E-01
2.620E+00	3.097E-01	1.213E-03	3.109E-01	3.085E-01	3.096E-01	3.099E-01	3.096E-01	3.099E-01
2.630E+00	3.073E-01	1.223E-03	3.085E-01	3.061E-01	3.072E-01	3.074E-01	3.072E-01	3.074E-01
2.640E+00	3.049E-01	1.233E-03	3.061E-01	3.037E-01	3.047E-01	3.050E-01	3.047E-01	3.050E-01
2.650E+00	3.025E-01	1.244E-03	3.037E-01	3.012E-01	3.023E-01	3.026E-01	3.023E-01	3.026E-01
2.660E+00	3.000E-01	1.254E-03	3.013E-01	2.988E-01	2.999E-01	3.002E-01	2.999E-01	3.002E-01
2.670E+00	2.977E-01	1.264E-03	2.989E-01	2.964E-01	2.975E-01	2.978E-01	2.975E-01	2.978E-01
2.680E+00	2.953E-01	1.274E-03	2.965E-01	2.940E-01	2.951E-01	2.954E-01	2.951E-01	2.954E-01
2.690E+00	2.929E-01	1.283E-03	2.942E-01	2.916E-01	2.928E-01	2.930E-01	2.928E-01	2.930E-01
2.700E+00	2.906E-01	1.293E-03	2.918E-01	2.893E-01	2.904E-01	2.907E-01	2.904E-01	2.907E-01
2.710E+00	2.882E-01	1.303E-03	2.895E-01	2.869E-01	2.881E-01	2.883E-01	2.881E-01	2.883E-01
2.720E+00	2.859E-01	1.312E-03	2.872E-01	2.846E-01	2.857E-01	2.860E-01	2.857E-01	2.860E-01
2.730E+00	2.836E-01	1.321E-03	2.849E-01	2.823E-01	2.834E-01	2.837E-01	2.834E-01	2.837E-01
2.740E+00	2.812E-01	1.330E-03	2.826E-01	2.799E-01	2.811E-01	2.814E-01	2.811E-01	2.814E-01
2.750E+00	2.790E-01	1.339E-03	2.803E-01	2.776E-01	2.788E-01	2.791E-01	2.788E-01	2.791E-01
2.760E+00	2.767E-01	1.348E-03	2.780E-01	2.753E-01	2.765E-01	2.768E-01	2.765E-01	2.768E-01
2.770E+00	2.744E-01	1.357E-03	2.758E-01	2.731E-01	2.743E-01	2.745E-01	2.743E-01	2.745E-01
2.780E+00	2.721E-01	1.366E-03	2.735E-01	2.708E-01	2.720E-01	2.723E-01	2.720E-01	2.723E-01
2.790E+00	2.699E-01	1.374E-03	2.713E-01	2.685E-01	2.698E-01	2.700E-01	2.698E-01	2.700E-01
2.800E+00	2.677E-01	1.382E-03	2.690E-01	2.663E-01	2.675E-01	2.678E-01	2.675E-01	2.678E-01
2.810E+00	2.654E-01	1.391E-03	2.668E-01	2.641E-01	2.653E-01	2.656E-01	2.653E-01	2.656E-01
2.820E+00	2.632E-01	1.399E-03	2.646E-01	2.618E-01	2.631E-01	2.634E-01	2.631E-01	2.633E-01
2.830E+00	2.610E-01	1.407E-03	2.624E-01	2.596E-01	2.609E-01	2.612E-01	2.609E-01	2.611E-01
2.840E+00	2.588E-01	1.415E-03	2.602E-01	2.574E-01	2.587E-01	2.590E-01	2.587E-01	2.590E-01
2.850E+00	2.567E-01	1.422E-03	2.581E-01	2.553E-01	2.565E-01	2.568E-01	2.565E-01	2.568E-01
2.860E+00	2.545E-01	1.430E-03	2.559E-01	2.531E-01	2.544E-01	2.546E-01	2.544E-01	2.546E-01
2.870E+00	2.524E-01	1.437E-03	2.538E-01	2.509E-01	2.522E-01	2.525E-01	2.522E-01	2.525E-01
2.880E+00	2.502E-01	1.445E-03	2.517E-01	2.488E-01	2.501E-01	2.504E-01	2.501E-01	2.503E-01
2.890E+00	2.481E-01	1.452E-03	2.495E-01	2.467E-01	2.479E-01	2.482E-01	2.480E-01	2.482E-01
2.900E+00	2.460E-01	1.459E-03	2.474E-01	2.445E-01	2.458E-01	2.461E-01	2.459E-01	2.461E-01
2.910E+00	2.439E-01	1.466E-03	2.453E-01	2.424E-01	2.437E-01	2.440E-01	2.438E-01	2.440E-01
2.920E+00	2.418E-01	1.472E-03	2.433E-01	2.403E-01	2.416E-01	2.419E-01	2.417E-01	2.419E-01
2.930E+00	2.397E-01	1.479E-03	2.412E-01	2.383E-01	2.396E-01	2.399E-01	2.396E-01	2.398E-01
2.940E+00	2.376E-01	1.486E-03	2.391E-01	2.362E-01	2.375E-01	2.378E-01	2.375E-01	2.378E-01
2.950E+00	2.356E-01	1.492E-03	2.371E-01	2.341E-01	2.355E-01	2.357E-01	2.355E-01	2.357E-01
2.960E+00	2.336E-01	1.498E-03	2.351E-01	2.321E-01	2.334E-01	2.337E-01	2.334E-01	2.337E-01
2.970E+00	2.315E-01	1.504E-03	2.330E-01	2.300E-01	2.314E-01	2.317E-01	2.314E-01	2.316E-01
2.980E+00	2.295E-01	1.510E-03	2.310E-01	2.280E-01	2.294E-01	2.297E-01	2.294E-01	2.296E-01
2.990E+00	2.275E-01	1.516E-03	2.290E-01	2.260E-01	2.274E-01	2.277E-01	2.274E-01	2.276E-01
3.000E+00	2.255E-01	1.522E-03	2.270E-01	2.240E-01	2.254E-01	2.257E-01	2.254E-01	2.256E-01
