1.000E-02	1.132E+00	1.230E-03	1.131E+00	1.133E+00	1.131E+00	1.132E+00	1.132E+00	1.132E+00
2.000E-02	1.132E+00	1.220E-03	1.130E+00	1.133E+00	1.131E+00	1.132E+00	1.132E+00	1.132E+00
3.000E-02	1.131E+00	1.209E-03	1.130E+00	1.132E+00	1.131E+00	1.132E+00	1.131E+00	1.131E+00
4.000E-02	1.131E+00	1.195E-03	1.130E+00	1.132E+00	1.130E+00	1.131E+00	1.131E+00	1.131E+00
5.000E-02	1.130E+00	1.181E-03	1.129E+00	1.131E+00	1.130E+00	1.131E+00	1.130E+00	1.130E+00
6.000E-02	1.130E+00	1.165E-03	1.129E+00	1.131E+00	1.129E+00	1.130E+00	1.130E+00	1.130E+00
7.000E-02	1.129E+00	1.149E-03	1.128E+00	1.130E+00	1.129E+00	1.130E+00	1.129E+00	1.129E+00
8.000E-02	1.129E+00	1.132E-03	1.127E+00	1.130E+00	1.128E+00	1.129E+00	1.129E+00	1.129E+00
9.000E-02	1.128E+00	1.114E-03	1.127E+00	1.129E+00	1.127E+00	1.128E+00	1.128E+00	1.128E+00
1.000E-01	1.127E+00	1.095E-03	1.126E+00	1.128E+00	1.127E+00	1.127E+00	1.127E+00	1.127E+00
1.100E-01	1.126E+00	1.077E-03	1.125E+00	1.127E+00	1.126E+00	1.127E+00	1.126E+00	1.126E+00
1.200E-01	1.125E+00	1.058E-03	1.124E+00	1.126E+00	1.125E+00	1.126E+00	1.125E+00	1.125E+00
1.300E-01	1.124E+00	1.038E-03	1.123E+00	1.125E+00	1.124E+00	1.125E+00	1.124E+00	1.124E+00
1.400E-01	1.123E+00	1.019E-03	1.122E+00	1.124E+00	1.123E+00	1.124E+00	1.123E+00	1.123E+00
1.500E-01	1.122E+00	9.987E-04	1.121E+00	1.123E+00	1.122E+00	1.123E+00	1.122E+00	1.122E+00
1.600E-01	1.121E+00	9.786E-04	1.120E+00	1.122E+00	1.121E+00	1.122E+00	1.121E+00	1.121E+00
1.700E-01	1.120E+00	9.583E-04	1.119E+00	1.121E+00	1.120E+00	1.121E+00	1.120E+00	1.120E+00
1.800E-01	1.119E+00	9.380E-04	1.118E+00	1.120E+00	1.119E+00	1.119E+00	1.119E+00	1.119E+00
1.900E-01	1.118E+00	9.175E-04	1.117E+00	1.119E+00	1.117E+00	1.118E+00	1.118E+00	1.118E+00
2.000E-01	1.117E+00	8.970E-04	1.116E+00	1.117E+00	1.116E+00	1.117E+00	1.117E+00	1.117E+00
2.100E-01	1.115E+00	8.765E-04	1.115E+00	1.116E+00	1.115E+00	1.116E+00	1.115E+00	1.115E+00
2.200E-01	1.114E+00	8.560E-04	1.113E+00	1.115E+00	1.114E+00	1.114E+00	1.114E+00	1.114E+00
2.300E-01	1.113E+00	8.355E-04	1.112E+00	1.113E+00	1.112E+00	1.113E+00	1.113E+00	1.113E+00
2.400E-01	1.111E+00	8.150E-04	1.111E+00	1.112E+00	1.111E+00	1.112E+00	1.111E+00	1.111E+00
2.500E-01	1.110E+00	7.947E-04	1.109E+00	1.111E+00	1.110E+00	1.110E+00	1.110E+00	1.110E+00
2.600E-01	1.109E+00	7.744E-04	1.108E+00	1.109E+00	1.108E+00	1.109E+00	1.109E+00	1.109E+00
2.700E-01	1.107E+00	7.542E-04	1.106E+00	1.108E+00	1.107E+00	1.107E+00	1.107E+00	1.107E+00
2.800E-01	1.106E+00	7.342E-04	1.105E+00	1.106E+00	1.105E+00	1.106E+00	1.106E+00	1.106E+00
2.900E-01	1.104E+00	7.144E-04	1.103E+00	1.105E+00	1.104E+00	1.104E+00	1.104E+00	1.104E+00
3.000E-01	1.102E+00	6.947E-04	1.102E+00	1.103E+00	1.102E+00	1.103E+00	1.102E+00	1.102E+00
3.100E-01	1.101E+00	6.753E-04	1.100E+00	1.101E+00	1.100E+00	1.101E+00	1.101E+00	1.101E+00
3.200E-01	1.099E+00	6.560E-04	1.099E+00	1.100E+00	1.099E+00	1.100E+00	1.099E+00	1.099E+00
3.300E-01	1.098E+00	6.371E-04	1.097E+00	1.098E+00	1.097E+00	1.098E+00	1.098E+00	1.098E+00
3.400E-01	1.096E+00	6.184E-04	1.095E+00	1.096E+00	1.096E+00	1.096E+00	1.096E+00	1.096E+00
3.500E-01	1.094E+00	6.000E-04	1.094E+00	1.095E+00	1.094E+00	1.095E+00	1.094E+00	1.094E+00
3.600E-01	1.092E+00	5.820E-04	1.092E+00	1.093E+00	1.092E+00	1.093E+00	1.092E+00	1.092E+00
3.700E-01	1.091E+00	5.643E-04	1.090E+00	1.091E+00	1.090E+00	1.091E+00	1.091E+00	1.091E+00
3.800E-01	1.089E+00	5.470E-04	1.088E+00	1.089E+00	1.088E+00	1.089E+00	1.089E+00	1.089E+00
3.900E-01	1.087E+00	5.302E-04	1.087E+00	1.087E+00	1.087E+00	1.087E+00	1.087E+00	1.087E+00
4.000E-01	1.085E+00	5.137E-04	1.085E+00	1.086E+00	1.085E+00	1.086E+00	1.085E+00	1.085E+00
4.100E-01	1.083E+00	4.978E-04	1.083E+00	1.084E+00	1.083E+00	1.084E+00	1.083E+00	1.083E+00
4.200E-01	1.081E+00	4.824E-04	1.081E+00	1.082E+00	1.081E+00	1.082E+00	1.081E+00	1.081E+00
4.300E-01	1.079E+00	4.675E-04	1.079E+00	1.080E+00	1.079E+00	1.080E+00	1.079E+00	1.079E+00
4.400E-01	1.078E+00	4.531E-04	1.077E+00	1.078E+00	1.077E+00	1.078E+00	1.077E+00	1.078E+00
4.500E-01	1.076E+00	4.395E-04	1.075E+00	1.076E+00	1.075E+00	1.076E+00	1.076E+00	1.076E+00
4.600E-01	1.074E+00	4.264E-04	1.073E+00	1.074E+00	1.073E+00	1.074E+00	1.074E+00	1.074E+00
4.700E-01	1.071E+00	4.141E-04	1.071E+00	1.072E+00	1.071E+00	1.072E+00	1.071E+00	1.072E+00
4.800E-01	1.069E+00	4.025E-04	1.069E+00	1.070E+00	1.069E+00	1.070E+00	1.069E+00	1.069E+00
4.900E-01	1.067E+00	3.917E-04	1.067E+00	1.068E+00	1.067E+00	1.068E+00	1.067E+00	1.067E+00
5.000E-01	1.065E+00	3.817E-04	1.065E+00	1.065E+00	1.065E+00	1.066E+00	1.065E+00	1.065E+00
5.100E-01	1.063E+00	3.725E-04	1.063E+00	1.063E+00	1.063E+00	1.063E+00	1.063E+00	1.063E+00
5.200E-01	1.061E+00	3.643E-04	1.061E+00	1.061E+00	1.061E+00	1.061E+00	1.061E+00	1.061E+00
5.300E-01	1.059E+00	3.569E-04	1.059E+00	1.059E+00	1.058E+00	1.059E+00	1.059E+00	1.059E+00
5.400E-01	1.057E+00	3.505E-04	1.057E+00	1.057E+00	1.056E+00	1.057E+00	1.057E+00	1.057E+00
5.500E-01	1.054E+00	3.451E-04	1.054E+00	1.054E+00	1.054E+00	1.055E+00	1.054E+00	1.054E+00
5.600E-01	1.052E+00	3.406E-04	1.052E+00	1.052E+00	1.052E+00	1.053E+00	1.052E+00	1.052E+00
5.700E-01	1.050E+00	3.371E-04	1.050E+00	1.050E+00	1.050E+00	1.050E+00	1.050E+00	1.050E+00
5.800E-01	1.048E+00	3.346E-04	1.048E+00	1.048E+00	1.047E+00	1.048E+00	1.048E+00	1.048E+00
5.900E-01	1.045E+00	3.330E-04	1.045E+00	1.045E+00	1.045E+00	1.046E+00	1.045E+00	1.045E+00
6.000E-01	1.043E+00	3.324E-04	1.043E+00	1.043E+00	1.043E+00	1.043E+00	1.043E+00	1.043E+00
6.100E-01	1.041E+00	3.327E-04	1.041E+00	1.041E+00	1.040E+00	1.041E+00	1.041E+00	1.041E+00
6.200E-01	1.038E+00	3.338E-04	1.038E+00	1.038E+00	1.038E+00	1.039E+00	1.038E+00	1.038E+00
6.300E-01	1.036E+00	3.358E-04	1.036E+00	1.036E+00	1.036E+00	1.036E+00	1.036E+00	1.036E+00
6.400E-01	1.034E+00	3.385E-04	1.034E+00	1.034E+00	1.033E+00	1.034E+00	1.034E+00	1.034E+00
6.500E-01	1.031E+00	3.420E-04	1.031E+00	1.031E+00	1.031E+00	1.032E+00	1.031E+00	1.031E+00
6.600E-01	1.029E+00	3.461E-04	1.029E+00	1.029E+00	1.029E+00	1.029E+00	1.029E+00	1.029E+00
6.700E-01	1.026E+00	3.508E-04	1.027E+00	1.026E+00	1.026E+00	1.027E+00	1.026E+00	1.026E+00
6.800E-01	1.024E+00	3.560E-04	1.024E+00	1.024E+00	1.024E+00	1.024E+00	1.024E+00	1.024E+00
6.900E-01	1.022E+00	3.618E-04	1.022E+00	1.021E+00	1.021E+00	1.022E+00	1.021E+00	1.022E+00
7.000E-01	1.019E+00	3.679E-04	1.019E+00	1.019E+00	1.019E+00	1.019E+00	1.019E+00	1.019E+00
7.100E-01	1.017E+00	3.745E-04	1.017E+00	1.016E+00	1.016E+00	1.017E+00	1.017E+00	1.017E+00
7.200E-01	1.014E+00	3.814E-04	1.014E+00	1.014E+00	1.014E+00	1.014E+00	1.014E+00	1.014E+00
7.300E-01	1.011E+00	3.885E-04	1.012E+00	1.011E+00	1.011E+00	1.012E+00	1.011E+00	1.011E+00
7.400E-01	1.009E+00	3.960E-04	1.009E+00	1.009E+00	1.009E+00	1.009E+00	1.009E+00	1.009E+00
7.500E-01	1.006E+00	4.036E-04	1.007E+00	1.006E+00	1.006E+00	1.007E+00	1.006E+00	1.006E+00
7.600E-01	1.004E+00	4.113E-04	1.004E+00	1.003E+00	1.003E+00	1.004E+00	1.004E+00	1.004E+00
7.700E-01	1.001E+00	4.192E-04	1.001E+00	1.001E+00	1.001E+00	1.001E+00	1.001E+00	1.001E+00
7.800E-01	9.986E-01	4.273E-04	9.989E-01	9.983E-01	9.983E-01	9.989E-01	9.985E-01	9.986E-01
7.900E-01	9.959E-01	4.353E-04	9.963E-01	9.956E-01	9.957E-01	9.962E-01	9.959E-01	9.960E-01
8.000E-01	9.933E-01	4.434E-04	9.936E-01	9.930E-01	9.930E-01	9.936E-01	9.933E-01	9.933E-01
8.100E-01	9.907E-01	4.516E-04	9.910E-01	9.903E-01	9.904E-01	9.909E-01	9.906E-01	9.907E-01
8.200E-01	9.880E-01	4.597E-04	9.883E-01	9.876E-01	9.877E-01	9.883E-01	9.880E-01	9.880E-01
8.300E-01	9.853E-01	4.678E-04	9.857E-01	9.849E-01	9.850E-01	9.856E-01	9.853E-01	9.853E-01
8.400E-01	9.826E-01	4.758E-04	9.830E-01	9.822E-01	9.823E-01	9.829E-01	9.826E-01	9.826E-01
8.500E-01	9.799E-01	4.838E-04	9.803E-01	9.795E-01	9.796E-01	9.802E-01	9.799E-01	9.799E-01
8.600E-01	9.772E-01	4.918E-04	9.776E-01	9.768E-01	9.769E-01	9.775E-01	9.772E-01	9.772E-01
8.700E-01	9.745E-01	4.996E-04	9.749E-01	9.741E-01	9.742E-01	9.747E-01	9.744E-01	9.745E-01
8.800E-01	9.717E-01	5.073E-04	9.722E-01	9.713E-01	9.715E-01	9.720E-01	9.717E-01	9.718E-01
8.900E-01	9.690E-01	5.149E-04	9.694E-01	9.685E-01	9.687E-01	9.693E-01	9.690E-01	9.690E-01
9.000E-01	9.662E-01	5.224E-04	9.667E-01	9.658E-01	9.659E-01	9.665E-01	9.662E-01	9.662E-01
9.100E-01	9.634E-01	5.298E-04	9.639E-01	9.630E-01	9.632E-01	9.637E-01	9.634E-01	9.635E-01
9.200E-01	9.606E-01	5.370E-04	9.611E-01	9.602E-01	9.604E-01	9.609E-01	9.606E-01	9.607E-01
9.300E-01	9.579E-01	5.441E-04	9.583E-01	9.574E-01	9.576E-01	9.581E-01	9.578E-01	9.579E-01
9.400E-01	9.550E-01	5.510E-04	9.555E-01	9.546E-01	9.548E-01	9.553E-01	9.550E-01	9.551E-01
9.500E-01	9.522E-01	5.578E-04	9.527E-01	9.517E-01	9.520E-01	9.525E-01	9.522E-01	9.523E-01
9.600E-01	9.494E-01	5.644E-04	9.499E-01	9.489E-01	9.491E-01	9.496E-01	9.494E-01	9.494E-01
9.700E-01	9.466E-01	5.708E-04	9.471E-01	9.460E-01	9.463E-01	9.468E-01	9.465E-01	9.466E-01
9.800E-01	9.437E-01	5.770E-04	9.442E-01	9.432E-01	9.434E-01	9.440E-01	9.437E-01	9.437E-01
9.900E-01	9.408E-01	5.831E-04	9.414E-01	9.403E-01	9.406E-01	9.411E-01	9.408E-01	9.409E-01
1.000E+00	9.380E-01	5.889E-04	9.385E-01	9.374E-01	9.377E-01	9.382E-01	9.379E-01	9.380E-01
1.010E+00	9.351E-01	5.946E-04	9.356E-01	9.346E-01	9.348E-01	9.353E-01	9.351E-01	9.351E-01
1.020E+00	9.322E-01	6.001E-04	9.328E-01	9.317E-01	9.320E-01	9.324E-01	9.322E-01	9.322E-01
1.030E+00	9.293E-01	6.054E-04	9.299E-01	9.288E-01	9.291E-01	9.295E-01	9.293E-01	9.293E-01
1.040E+00	9.264E-01	6.105E-04	9.270E-01	9.258E-01	9.262E-01	9.266E-01	9.264E-01	9.264E-01
1.050E+00	9.235E-01	6.154E-04	9.241E-01	9.229E-01	9.233E-01	9.237E-01	9.235E-01	9.235E-01
1.060E+00	9.206E-01	6.201E-04	9.211E-01	9.200E-01	9.203E-01	9.208E-01	9.205E-01	9.206E-01
1.070E+00	9.176E-01	6.246E-04	9.182E-01	9.171E-01	9.174E-01	9.179E-01	9.176E-01	9.177E-01
1.080E+00	9.147E-01	6.289E-04	9.153E-01	9.141E-01	9.145E-01	9.149E-01	9.147E-01	9.147E-01
1.090E+00	9.117E-01	6.330E-04	9.123E-01	9.112E-01	9.115E-01	9.120E-01	9.117E-01	9.118E-01
1.100E+00	9.088E-01	6.369E-04	9.094E-01	9.082E-01	9.086E-01	9.090E-01	9.088E-01	9.088E-01
1.110E+00	9.058E-01	6.405E-04	9.064E-01	9.052E-01	9.056E-01	9.061E-01	9.058E-01	9.059E-01
1.120E+00	9.029E-01	6.440E-04	9.035E-01	9.023E-01	9.026E-01	9.031E-01	9.028E-01	9.029E-01
1.130E+00	8.999E-01	6.473E-04	9.005E-01	8.993E-01	8.997E-01	9.001E-01	8.999E-01	8.999E-01
1.140E+00	8.969E-01	6.503E-04	8.975E-01	8.963E-01	8.967E-01	8.971E-01	8.969E-01	8.969E-01
1.150E+00	8.939E-01	6.532E-04	8.945E-01	8.933E-01	8.937E-01	8.941E-01	8.939E-01	8.940E-01
1.160E+00	8.909E-01	6.558E-04	8.915E-01	8.903E-01	8.907E-01	8.911E-01	8.909E-01	8.910E-01
1.170E+00	8.879E-01	6.582E-04	8.886E-01	8.873E-01	8.877E-01	8.881E-01	8.879E-01	8.880E-01
1.180E+00	8.849E-01	6.604E-04	8.855E-01	8.843E-01	8.847E-01	8.851E-01	8.849E-01	8.850E-01
1.190E+00	8.819E-01	6.624E-04	8.825E-01	8.813E-01	8.817E-01	8.821E-01	8.819E-01	8.819E-01
1.200E+00	8.789E-01	6.642E-04	8.795E-01	8.783E-01	8.787E-01	8.791E-01	8.789E-01	8.789E-01
1.210E+00	8.759E-01	6.658E-04	8.765E-01	8.752E-01	8.757E-01	8.761E-01	8.758E-01	8.759E-01
1.220E+00	8.728E-01	6.672E-04	8.735E-01	8.722E-01	8.726E-01	8.730E-01	8.728E-01	8.729E-01
1.230E+00	8.698E-01	6.684E-04	8.704E-01	8.692E-01	8.696E-01	8.700E-01	8.698E-01	8.698E-01
1.240E+00	8.668E-01	6.693E-04	8.674E-01	8.661E-01	8.666E-01	8.670E-01	8.667E-01	8.668E-01
1.250E+00	8.637E-01	6.701E-04	8.644E-01	8.631E-01	8.635E-01	8.639E-01	8.637E-01	8.638E-01
1.260E+00	8.607E-01	6.707E-04	8.613E-01	8.600E-01	8.605E-01	8.609E-01	8.606E-01	8.607E-01
1.270E+00	8.576E-01	6.710E-04	8.583E-01	8.570E-01	8.574E-01	8.578E-01	8.576E-01	8.577E-01
1.280E+00	8.546E-01	6.712E-04	8.552E-01	8.539E-01	8.544E-01	8.547E-01	8.545E-01	8.546E-01
1.290E+00	8.515E-01	6.711E-04	8.521E-01	8.509E-01	8.513E-01	8.517E-01	8.515E-01	8.515E-01
1.300E+00	8.484E-01	6.709E-04	8.491E-01	8.478E-01	8.483E-01	8.486E-01	8.484E-01	8.485E-01
1.310E+00	8.454E-01	6.704E-04	8.460E-01	8.447E-01	8.452E-01	8.455E-01	8.453E-01	8.454E-01
1.320E+00	8.423E-01	6.698E-04	8.429E-01	8.417E-01	8.421E-01	8.425E-01	8.423E-01	8.423E-01
1.330E+00	8.392E-01	6.689E-04	8.399E-01	8.386E-01	8.390E-01	8.394E-01	8.392E-01	8.393E-01
1.340E+00	8.361E-01	6.679E-04	8.368E-01	8.355E-01	8.360E-01	8.363E-01	8.361E-01	8.362E-01
1.350E+00	8.331E-01	6.667E-04	8.337E-01	8.324E-01	8.329E-01	8.332E-01	8.330E-01	8.331E-01
1.360E+00	8.300E-01	6.652E-04	8.306E-01	8.293E-01	8.298E-01	8.301E-01	8.299E-01	8.300E-01
1.370E+00	8.269E-01	6.636E-04	8.275E-01	8.262E-01	8.267E-01	8.270E-01	8.268E-01	8.269E-01
1.380E+00	8.238E-01	6.618E-04	8.244E-01	8.232E-01	8.236E-01	8.239E-01	8.237E-01	8.238E-01
1.390E+00	8.207E-01	6.598E-04	8.213E-01	8.201E-01	8.205E-01	8.209E-01	8.207E-01	8.207E-01
1.400E+00	8.176E-01	6.576E-04	8.182E-01	8.170E-01	8.174E-01	8.178E-01	8.176E-01	8.176E-01
1.410E+00	8.145E-01	6.552E-04	8.151E-01	8.139E-01	8.143E-01	8.147E-01	8.145E-01	8.145E-01
1.420E+00	8.114E-01	6.527E-04	8.120E-01	8.108E-01	8.112E-01	8.116E-01	8.114E-01	8.114E-01
1.430E+00	8.083E-01	6.499E-04	8.089E-01	8.077E-01	8.082E-01	8.084E-01	8.083E-01	8.083E-01
1.440E+00	8.052E-01	6.470E-04	8.058E-01	8.046E-01	8.050E-01	8.053E-01	8.051E-01	8.052E-01
1.450E+00	8.021E-01	6.439E-04	8.027E-01	8.015E-01	8.019E-01	8.022E-01	8.020E-01	8.021E-01
1.460E+00	7.990E-01	6.407E-04	7.996E-01	7.984E-01	7.988E-01	7.991E-01	7.989E-01	7.990E-01
1.470E+00	7.959E-01	6.372E-04	7.965E-01	7.953E-01	7.957E-01	7.960E-01	7.958E-01	7.959E-01
1.480E+00	7.928E-01	6.336E-04	7.934E-01	7.922E-01	7.926E-01	7.929E-01	7.927E-01	7.928E-01
1.490E+00	7.897E-01	6.298E-04	7.903E-01	7.890E-01	7.895E-01	7.898E-01	7.896E-01	7.897E-01
1.500E+00	7.865E-01	6.258E-04	7.872E-01	7.859E-01	7.864E-01	7.867E-01	7.865E-01	7.866E-01
1.510E+00	7.834E-01	6.217E-04	7.840E-01	7.828E-01	7.833E-01	7.836E-01	7.834E-01	7.835E-01
1.520E+00	7.803E-01	6.174E-04	7.809E-01	7.797E-01	7.802E-01	7.804E-01	7.803E-01	7.804E-01
1.530E+00	7.772E-01	6.129E-04	7.778E-01	7.766E-01	7.771E-01	7.773E-01	7.772E-01	7.773E-01
1.540E+00	7.741E-01	6.083E-04	7.747E-01	7.735E-01	7.740E-01	7.742E-01	7.740E-01	7.741E-01
1.550E+00	7.710E-01	6.035E-04	7.716E-01	7.704E-01	7.709E-01	7.711E-01	7.709E-01	7.710E-01
1.560E+00	7.679E-01	5.985E-04	7.685E-01	7.673E-01	7.677E-01	7.680E-01	7.678E-01	7.679E-01
1.570E+00	7.647E-01	5.934E-04	7.653E-01	7.642E-01	7.646E-01	7.649E-01	7.647E-01	7.648E-01
1.580E+00	7.616E-01	5.882E-04	7.622E-01	7.611E-01	7.615E-01	7.618E-01	7.616E-01	7.617E-01
1.590E+00	7.585E-01	5.827E-04	7.591E-01	7.580E-01	7.584E-01	7.586E-01	7.585E-01	7.586E-01
1.600E+00	7.554E-01	5.772E-04	7.560E-01	7.549E-01	7.553E-01	7.555E-01	7.554E-01	7.555E-01
1.610E+00	7.523E-01	5.715E-04	7.529E-01	7.517E-01	7.522E-01	7.524E-01	7.522E-01	7.523E-01
1.620E+00	7.492E-01	5.656E-04	7.497E-01	7.486E-01	7.491E-01	7.493E-01	7.491E-01	7.492E-01
1.630E+00	7.461E-01	5.596E-04	7.466E-01	7.455E-01	7.460E-01	7.462E-01	7.460E-01	7.461E-01
1.640E+00	7.430E-01	5.534E-04	7.435E-01	7.424E-01	7.429E-01	7.431E-01	7.429E-01	7.430E-01
1.650E+00	7.399E-01	5.471E-04	7.404E-01	7.393E-01	7.398E-01	7.400E-01	7.398E-01	7.399E-01
1.660E+00	7.367E-01	5.407E-04	7.373E-01	7.362E-01	7.367E-01	7.368E-01	7.367E-01	7.368E-01
1.670E+00	7.336E-01	5.341E-04	7.342E-01	7.331E-01	7.335E-01	7.337E-01	7.336E-01	7.337E-01
1.680E+00	7.305E-01	5.274E-04	7.311E-01	7.300E-01	7.304E-01	7.306E-01	7.305E-01	7.306E-01
1.690E+00	7.274E-01	5.206E-04	7.280E-01	7.269E-01	7.273E-01	7.275E-01	7.274E-01	7.275E-01
1.700E+00	7.243E-01	5.136E-04	7.248E-01	7.238E-01	7.242E-01	7.244E-01	7.243E-01	7.244E-01
1.710E+00	7.212E-01	5.065E-04	7.217E-01	7.207E-01	7.211E-01	7.213E-01	7.212E-01	7.213E-01
1.720E+00	7.181E-01	4.993E-04	7.186E-01	7.177E-01	7.181E-01	7.182E-01	7.181E-01	7.182E-01
1.730E+00	7.150E-01	4.919E-04	7.155E-01	7.146E-01	7.150E-01	7.151E-01	7.150E-01	7.151E-01
1.740E+00	7.119E-01	4.845E-04	7.124E-01	7.115E-01	7.119E-01	7.120E-01	7.119E-01	7.120E-01
1.750E+00	7.089E-01	4.769E-04	7.093E-01	7.084E-01	7.088E-01	7.089E-01	7.088E-01	7.089E-01
1.760E+00	7.058E-01	4.692E-04	7.062E-01	7.053E-01	7.057E-01	7.058E-01	7.057E-01	7.058E-01
1.770E+00	7.027E-01	4.613E-04	7.031E-01	7.022E-01	7.026E-01	7.028E-01	7.026E-01	7.027E-01
1.780E+00	6.996E-01	4.534E-04	7.000E-01	6.992E-01	6.995E-01	6.997E-01	6.995E-01	6.996E-01
1.790E+00	6.965E-01	4.453E-04	6.970E-01	6.961E-01	6.964E-01	6.966E-01	6.965E-01	6.966E-01
1.800E+00	6.934E-01	4.372E-04	6.939E-01	6.930E-01	6.934E-01	6.935E-01	6.934E-01	6.935E-01
1.810E+00	6.904E-01	4.289E-04	6.908E-01	6.899E-01	6.903E-01	6.904E-01	6.903E-01	6.904E-01
1.820E+00	6.873E-01	4.205E-04	6.877E-01	6.869E-01	6.872E-01	6.873E-01	6.872E-01	6.873E-01
1.830E+00	6.842E-01	4.121E-04	6.846E-01	6.838E-01	6.842E-01	6.843E-01	6.842E-01	6.843E-01
1.840E+00	6.811E-01	4.035E-04	6.816E-01	6.808E-01	6.811E-01	6.812E-01	6.811E-01	6.812E-01
1.850E+00	6.781E-01	3.948E-04	6.785E-01	6.777E-01	6.780E-01	6.781E-01	6.780E-01	6.781E-01
1.860E+00	6.750E-01	3.861E-04	6.754E-01	6.747E-01	6.750E-01	6.751E-01	6.750E-01	6.751E-01
1.870E+00	6.720E-01	3.772E-04	6.723E-01	6.716E-01	6.719E-01	6.720E-01	6.719E-01	6.720E-01
1.880E+00	6.689E-01	3.683E-04	6.693E-01	6.686E-01	6.689E-01	6.690E-01	6.689E-01	6.690E-01
1.890E+00	6.659E-01	3.592E-04	6.662E-01	6.655E-01	6.658E-01	6.659E-01	6.658E-01	6.659E-01
1.900E+00	6.628E-01	3.501E-04	6.632E-01	6.625E-01	6.628E-01	6.629E-01	6.628E-01	6.629E-01
1.910E+00	6.598E-01	3.409E-04	6.601E-01	6.595E-01	6.597E-01	6.598E-01	6.597E-01	6.598E-01
1.920E+00	6.567E-01	3.317E-04	6.571E-01	6.564E-01	6.567E-01	6.568E-01	6.567E-01	6.568E-01
1.930E+00	6.537E-01	3.223E-04	6.540E-01	6.534E-01	6.537E-01	6.538E-01	6.537E-01	6.538E-01
1.940E+00	6.507E-01	3.129E-04	6.510E-01	6.504E-01	6.506E-01	6.507E-01	6.506E-01	6.507E-01
1.950E+00	6.477E-01	3.034E-04	6.480E-01	6.474E-01	6.476E-01	6.477E-01	6.476E-01	6.477E-01
1.960E+00	6.446E-01	2.938E-04	6.449E-01	6.444E-01	6.446E-01	6.447E-01	6.446E-01	6.447E-01
1.970E+00	6.416E-01	2.842E-04	6.419E-01	6.414E-01	6.416E-01	6.417E-01	6.416E-01	6.417E-01
1.980E+00	6.386E-01	2.745E-04	6.389E-01	6.384E-01	6.386E-01	6.386E-01	6.385E-01	6.387E-01
1.990E+00	6.356E-01	2.648E-04	6.359E-01	6.354E-01	6.356E-01	6.356E-01	6.355E-01	6.357E-01
2.000E+00	6.326E-01	2.550E-04	6.329E-01	6.324E-01	6.326E-01	6.326E-01	6.325E-01	6.327E-01
2.010E+00	6.296E-01	2.452E-04	6.298E-01	6.294E-01	6.296E-01	6.296E-01	6.295E-01	6.297E-01
2.020E+00	6.266E-01	2.353E-04	6.268E-01	6.264E-01	6.266E-01	6.266E-01	6.265E-01	6.267E-01
2.030E+00	6.236E-01	2.254E-04	6.238E-01	6.234E-01	6.236E-01	6.236E-01	6.236E-01	6.237E-01
2.040E+00	6.206E-01	2.155E-04	6.209E-01	6.204E-01	6.206E-01	6.207E-01	6.206E-01	6.207E-01
2.050E+00	6.177E-01	2.056E-04	6.179E-01	6.175E-01	6.176E-01	6.177E-01	6.176E-01	6.177E-01
2.060E+00	6.147E-01	1.956E-04	6.149E-01	6.145E-01	6.147E-01	6.147E-01	6.146E-01	6.147E-01
2.070E+00	6.117E-01	1.857E-04	6.119E-01	6.116E-01	6.117E-01	6.117E-01	6.117E-01	6.118E-01
2.080E+00	6.088E-01	1.757E-04	6.089E-01	6.086E-01	6.087E-01	6.088E-01	6.087E-01	6.088E-01
2.090E+00	6.058E-01	1.658E-04	6.060E-01	6.057E-01	6.058E-01	6.058E-01	6.057E-01	6.059E-01
2.100E+00	6.028E-01	1.560E-04	6.030E-01	6.027E-01	6.028E-01	6.029E-01	6.028E-01	6.029E-01
2.110E+00	5.999E-01	1.462E-04	6.001E-01	5.998E-01	5.999E-01	5.999E-01	5.998E-01	6.000E-01
2.120E+00	5.970E-01	1.365E-04	5.971E-01	5.969E-01	5.970E-01	5.970E-01	5.969E-01	5.970E-01
2.130E+00	5.940E-01	1.270E-04	5.942E-01	5.939E-01	5.940E-01	5.940E-01	5.940E-01	5.941E-01
2.140E+00	5.911E-01	1.177E-04	5.912E-01	5.910E-01	5.911E-01	5.911E-01	5.910E-01	5.912E-01
2.150E+00	5.882E-01	1.086E-04	5.883E-01	5.881E-01	5.882E-01	5.882E-01	5.881E-01	5.882E-01
2.160E+00	5.853E-01	9.987E-05	5.854E-01	5.852E-01	5.853E-01	5.853E-01	5.852E-01	5.853E-01
2.170E+00	5.824E-01	9.159E-05	5.824E-01	5.823E-01	5.824E-01	5.824E-01	5.823E-01	5.824E-01
2.180E+00	5.794E-01	8.392E-05	5.795E-01	5.794E-01	5.795E-01	5.794E-01	5.794E-01	5.795E-01
2.190E+00	5.766E-01	7.707E-05	5.766E-01	5.765E-01	5.766E-01	5.765E-01	5.765E-01	5.766E-01
2.200E+00	5.737E-01	7.129E-05	5.737E-01	5.736E-01	5.737E-01	5.737E-01	5.736E-01	5.737E-01
2.210E+00	5.708E-01	6.687E-05	5.708E-01	5.708E-01	5.708E-01	5.708E-01	5.707E-01	5.708E-01
2.220E+00	5.679E-01	6.411E-05	5.679E-01	5.679E-01	5.679E-01	5.679E-01	5.678E-01	5.680E-01
2.230E+00	5.650E-01	6.325E-05	5.650E-01	5.650E-01	5.650E-01	5.650E-01	5.650E-01	5.651E-01
2.240E+00	5.622E-01	6.439E-05	5.622E-01	5.622E-01	5.622E-01	5.621E-01	5.621E-01	5.622E-01
2.250E+00	5.593E-01	6.742E-05	5.593E-01	5.593E-01	5.593E-01	5.593E-01	5.592E-01	5.594E-01
2.260E+00	5.564E-01	7.214E-05	5.564E-01	5.565E-01	5.565E-01	5.564E-01	5.564E-01	5.565E-01
2.270E+00	5.536E-01	7.824E-05	5.536E-01	5.537E-01	5.536E-01	5.536E-01	5.535E-01	5.537E-01
2.280E+00	5.508E-01	8.543E-05	5.507E-01	5.508E-01	5.508E-01	5.507E-01	5.507E-01	5.508E-01
2.290E+00	5.479E-01	9.348E-05	5.479E-01	5.480E-01	5.479E-01	5.479E-01	5.479E-01	5.480E-01
2.300E+00	5.451E-01	1.022E-04	5.450E-01	5.452E-01	5.451E-01	5.451E-01	5.450E-01	5.452E-01
2.310E+00	5.423E-01	1.114E-04	5.422E-01	5.424E-01	5.423E-01	5.423E-01	5.422E-01	5.423E-01
2.320E+00	5.395E-01	1.210E-04	5.394E-01	5.396E-01	5.395E-01	5.394E-01	5.394E-01	5.395E-01
2.330E+00	5.367E-01	1.309E-04	5.366E-01	5.368E-01	5.367E-01	5.366E-01	5.366E-01	5.367E-01
2.340E+00	5.339E-01	1.411E-04	5.337E-01	5.340E-01	5.339E-01	5.338E-01	5.338E-01	5.339E-01
2.350E+00	5.311E-01	1.514E-04	5.309E-01	5.312E-01	5.311E-01	5.310E-01	5.310E-01	5.311E-01
2.360E+00	5.283E-01	1.620E-04	5.282E-01	5.284E-01	5.283E-01	5.283E-01	5.282E-01	5.283E-01
2.370E+00	5.255E-01	1.726E-04	5.254E-01	5.257E-01	5.255E-01	5.255E-01	5.254E-01	5.256E-01
2.380E+00	5.227E-01	1.834E-04	5.226E-01	5.229E-01	5.228E-01	5.227E-01	5.227E-01	5.228E-01
2.390E+00	5.200E-01	1.942E-04	5.198E-01	5.202E-01	5.200E-01	5.199E-01	5.199E-01	5.200E-01
2.400E+00	5.172E-01	2.052E-04	5.170E-01	5.174E-01	5.173E-01	5.172E-01	5.172E-01	5.173E-01
2.410E+00	5.145E-01	2.161E-04	5.143E-01	5.147E-01	5.145E-01	5.144E-01	5.144E-01	5.145E-01
2.420E+00	5.117E-01	2.272E-04	5.115E-01	5.120E-01	5.118E-01	5.117E-01	5.117E-01	5.118E-01
2.430E+00	5.090E-01	2.383E-04	5.088E-01	5.092E-01	5.090E-01	5.090E-01	5.089E-01	5.091E-01
2.440E+00	5.063E-01	2.494E-04	5.061E-01	5.065E-01	5.063E-01	5.062E-01	5.062E-01	5.063E-01
2.450E+00	5.036E-01	2.606E-04	5.033E-01	5.038E-01	5.036E-01	5.035E-01	5.035E-01	5.036E-01
2.460E+00	5.008E-01	2.718E-04	5.006E-01	5.011E-01	5.009E-01	5.008E-01	5.008E-01	5.009E-01
2.470E+00	4.981E-01	2.830E-04	4.979E-01	4.984E-01	4.982E-01	4.981E-01	4.981E-01	4.982E-01
2.480E+00	4.954E-01	2.942E-04	4.952E-01	4.957E-01	4.955E-01	4.954E-01	4.954E-01	4.955E-01
2.490E+00	4.928E-01	3.054E-04	4.925E-01	4.931E-01	4.928E-01	4.927E-01	4.927E-01	4.928E-01
2.500E+00	4.901E-01	3.167E-04	4.898E-01	4.904E-01	4.901E-01	4.900E-01	4.900E-01	4.901E-01
2.510E+00	4.874E-01	3.279E-04	4.871E-01	4.877E-01	4.875E-01	4.874E-01	4.873E-01	4.875E-01
2.520E+00	4.847E-01	3.391E-04	4.844E-01	4.851E-01	4.848E-01	4.847E-01	4.847E-01	4.848E-01
2.530E+00	4.821E-01	3.504E-04	4.818E-01	4.824E-01	4.821E-01	4.820E-01	4.820E-01	4.822E-01
2.540E+00	4.794E-01	3.616E-04	4.791E-01	4.798E-01	4.795E-01	4.794E-01	4.794E-01	4.795E-01
2.550E+00	4.768E-01	3.729E-04	4.765E-01	4.772E-01	4.769E-01	4.767E-01	4.767E-01	4.769E-01
2.560E+00	4.742E-01	3.841E-04	4.738E-01	4.746E-01	4.742E-01	4.741E-01	4.741E-01	4.742E-01
2.570E+00	4.716E-01	3.953E-04	4.712E-01	4.720E-01	4.716E-01	4.715E-01	4.715E-01	4.716E-01
2.580E+00	4.689E-01	4.065E-04	4.686E-01	4.693E-01	4.690E-01	4.689E-01	4.689E-01	4.690E-01
2.590E+00	4.663E-01	4.177E-04	4.659E-01	4.668E-01	4.664E-01	4.663E-01	4.663E-01	4.664E-01
2.600E+00	4.637E-01	4.288E-04	4.633E-01	4.642E-01	4.638E-01	4.637E-01	4.637E-01	4.638E-01
2.610E+00	4.611E-01	4.400E-04	4.607E-01	4.616E-01	4.612E-01	4.611E-01	4.611E-01	4.612E-01
2.620E+00	4.586E-01	4.511E-04	4.581E-01	4.590E-01	4.586E-01	4.585E-01	4.585E-01	4.586E-01
2.630E+00	4.560E-01	4.622E-04	4.555E-01	4.565E-01	4.561E-01	4.559E-01	4.559E-01	4.561E-01
2.640E+00	4.534E-01	4.733E-04	4.530E-01	4.539E-01	4.535E-01	4.534E-01	4.534E-01	4.535E-01
2.650E+00	4.509E-01	4.844E-04	4.504E-01	4.514E-01	4.509E-01	4.508E-01	4.508E-01	4.509E-01
2.660E+00	4.483E-01	4.954E-04	4.478E-01	4.488E-01	4.484E-01	4.482E-01	4.483E-01	4.484E-01
2.670E+00	4.458E-01	5.064E-04	4.453E-01	4.463E-01	4.458E-01	4.457E-01	4.457E-01	4.458E-01
2.680E+00	4.432E-01	5.174E-04	4.428E-01	4.438E-01	4.433E-01	4.432E-01	4.432E-01	4.433E-01
2.690E+00	4.407E-01	5.283E-04	4.402E-01	4.413E-01	4.408E-01	4.406E-01	4.407E-01	4.408E-01
2.700E+00	4.382E-01	5.393E-04	4.377E-01	4.388E-01	4.383E-01	4.381E-01	4.381E-01	4.383E-01
2.710E+00	4.357E-01	5.501E-04	4.352E-01	4.363E-01	4.358E-01	4.356E-01	4.356E-01	4.358E-01
2.720E+00	4.332E-01	5.610E-04	4.327E-01	4.338E-01	4.333E-01	4.331E-01	4.331E-01	4.333E-01
2.730E+00	4.307E-01	5.718E-04	4.302E-01	4.313E-01	4.308E-01	4.306E-01	4.306E-01	4.308E-01
2.740E+00	4.282E-01	5.826E-04	4.277E-01	4.288E-01	4.283E-01	4.282E-01	4.282E-01	4.283E-01
2.750E+00	4.258E-01	5.933E-04	4.252E-01	4.264E-01	4.258E-01	4.257E-01	4.257E-01	4.258E-01
2.760E+00	4.233E-01	6.040E-04	4.227E-01	4.239E-01	4.234E-01	4.232E-01	4.232E-01	4.234E-01
2.770E+00	4.208E-01	6.147E-04	4.203E-01	4.215E-01	4.209E-01	4.208E-01	4.208E-01	4.209E-01
2.780E+00	4.184E-01	6.253E-04	4.178E-01	4.190E-01	4.185E-01	4.183E-01	4.183E-01	4.185E-01
2.790E+00	4.160E-01	6.358E-04	4.153E-01	4.166E-01	4.160E-01	4.159E-01	4.159E-01	4.160E-01
2.800E+00	4.135E-01	6.464E-04	4.129E-01	4.142E-01	4.136E-01	4.134E-01	4.135E-01	4.136E-01
2.810E+00	4.111E-01	6.568E-04	4.105E-01	4.118E-01	4.112E-01	4.110E-01	4.110E-01	4.112E-01
2.820E+00	4.087E-01	6.673E-04	4.081E-01	4.094E-01	4.088E-01	4.086E-01	4.086E-01	4.088E-01
2.830E+00	4.063E-01	6.777E-04	4.056E-01	4.070E-01	4.064E-01	4.062E-01	4.062E-01	4.064E-01
2.840E+00	4.039E-01	6.880E-04	4.032E-01	4.046E-01	4.040E-01	4.038E-01	4.038E-01	4.040E-01
2.850E+00	4.015E-01	6.983E-04	4.008E-01	4.022E-01	4.016E-01	4.014E-01	4.015E-01	4.016E-01
2.860E+00	3.991E-01	7.086E-04	3.985E-01	3.999E-01	3.992E-01	3.991E-01	3.991E-01	3.992E-01
2.870E+00	3.968E-01	7.188E-04	3.961E-01	3.975E-01	3.969E-01	3.967E-01	3.967E-01	3.968E-01
2.880E+00	3.944E-01	7.289E-04	3.937E-01	3.952E-01	3.945E-01	3.943E-01	3.944E-01	3.945E-01
2.890E+00	3.921E-01	7.390E-04	3.914E-01	3.928E-01	3.922E-01	3.920E-01	3.920E-01	3.921E-01
2.900E+00	3.897E-01	7.490E-04	3.890E-01	3.905E-01	3.898E-01	3.896E-01	3.897E-01	3.898E-01
2.910E+00	3.874E-01	7.590E-04	3.867E-01	3.882E-01	3.875E-01	3.873E-01	3.873E-01	3.875E-01
2.920E+00	3.851E-01	7.689E-04	3.843E-01	3.859E-01	3.852E-01	3.850E-01	3.850E-01	3.851E-01
2.930E+00	3.828E-01	7.788E-04	3.820E-01	3.835E-01	3.829E-01	3.827E-01	3.827E-01	3.828E-01
2.940E+00	3.805E-01	7.886E-04	3.797E-01	3.813E-01	3.806E-01	3.804E-01	3.804E-01	3.805E-01
2.950E+00	3.782E-01	7.984E-04	3.774E-01	3.790E-01	3.783E-01	3.781E-01	3.781E-01	3.782E-01
2.960E+00	3.759E-01	8.081E-04	3.751E-01	3.767E-01	3.760E-01	3.758E-01	3.758E-01	3.759E-01
2.970E+00	3.736E-01	8.177E-04	3.728E-01	3.744E-01	3.737E-01	3.735E-01	3.735E-01	3.737E-01
2.980E+00	3.713E-01	8.273E-04	3.705E-01	3.722E-01	3.714E-01	3.712E-01	3.713E-01	3.714E-01
2.990E+00	3.691E-01	8.368E-04	3.683E-01	3.699E-01	3.692E-01	3.690E-01	3.690E-01	3.691E-01
3.000E+00	3.668E-01	8.463E-04	3.660E-01	3.677E-01	3.669E-01	3.667E-01	3.668E-01	3.669E-01
