1.000E-02	6.962E-01	3.928E-03	7.001E-01	6.923E-01	6.958E-01	6.966E-01	6.961E-01	6.962E-01
2.000E-02	6.960E-01	3.899E-03	6.999E-01	6.922E-01	6.956E-01	6.964E-01	6.960E-01	6.961E-01
3.000E-02	6.958E-01	3.862E-03	6.997E-01	6.920E-01	6.954E-01	6.962E-01	6.958E-01	6.959E-01
4.000E-02	6.956E-01	3.818E-03	6.994E-01	6.918E-01	6.952E-01	6.960E-01	6.955E-01	6.956E-01
5.000E-02	6.953E-01	3.769E-03	6.990E-01	6.915E-01	6.949E-01	6.957E-01	6.952E-01	6.953E-01
6.000E-02	6.949E-01	3.716E-03	6.986E-01	6.912E-01	6.945E-01	6.953E-01	6.948E-01	6.950E-01
7.000E-02	6.945E-01	3.659E-03	6.981E-01	6.908E-01	6.941E-01	6.949E-01	6.944E-01	6.945E-01
8.000E-02	6.940E-01	3.599E-03	6.976E-01	6.904E-01	6.936E-01	6.944E-01	6.940E-01	6.941E-01
9.000E-02	6.935E-01	3.537E-03	6.970E-01	6.900E-01	6.931E-01	6.939E-01	6.935E-01	6.936E-01
1.000E-01	6.930E-01	3.472E-03	6.964E-01	6.895E-01	6.926E-01	6.934E-01	6.929E-01	6.931E-01
1.100E-01	6.924E-01	3.404E-03	6.958E-01	6.890E-01	6.920E-01	6.928E-01	6.924E-01	6.925E-01
1.200E-01	6.918E-01	3.335E-03	6.951E-01	6.884E-01	6.914E-01	6.922E-01	6.917E-01	6.919E-01
1.300E-01	6.911E-01	3.264E-03	6.943E-01	6.878E-01	6.907E-01	6.915E-01	6.911E-01	6.912E-01
1.400E-01	6.904E-01	3.192E-03	6.936E-01	6.872E-01	6.900E-01	6.908E-01	6.904E-01	6.905E-01
1.500E-01	6.897E-01	3.119E-03	6.927E-01	6.866E-01	6.893E-01	6.901E-01	6.896E-01	6.898E-01
1.600E-01	6.889E-01	3.044E-03	6.919E-01	6.859E-01	6.885E-01	6.893E-01	6.889E-01	6.890E-01
1.700E-01	6.881E-01	2.968E-03	6.910E-01	6.851E-01	6.877E-01	6.885E-01	6.881E-01	6.882E-01
1.800E-01	6.873E-01	2.892E-03	6.901E-01	6.843E-01	6.869E-01	6.877E-01	6.872E-01	6.873E-01
1.900E-01	6.864E-01	2.815E-03	6.891E-01	6.835E-01	6.860E-01	6.868E-01	6.863E-01	6.865E-01
2.000E-01	6.855E-01	2.737E-03	6.881E-01	6.827E-01	6.851E-01	6.859E-01	6.854E-01	6.855E-01
2.100E-01	6.845E-01	2.659E-03	6.871E-01	6.818E-01	6.842E-01	6.849E-01	6.845E-01	6.846E-01
2.200E-01	6.836E-01	2.581E-03	6.860E-01	6.809E-01	6.832E-01	6.839E-01	6.835E-01	6.836E-01
2.300E-01	6.826E-01	2.502E-03	6.850E-01	6.800E-01	6.822E-01	6.829E-01	6.825E-01	6.826E-01
2.400E-01	6.815E-01	2.423E-03	6.838E-01	6.790E-01	6.811E-01	6.819E-01	6.814E-01	6.816E-01
2.500E-01	6.804E-01	2.344E-03	6.827E-01	6.781E-01	6.801E-01	6.808E-01	6.804E-01	6.805E-01
2.600E-01	6.793E-01	2.265E-03	6.815E-01	6.770E-01	6.790E-01	6.797E-01	6.793E-01	6.794E-01
2.700E-01	6.782E-01	2.186E-03	6.803E-01	6.760E-01	6.778E-01	6.786E-01	6.781E-01	6.783E-01
2.800E-01	6.770E-01	2.107E-03	6.790E-01	6.749E-01	6.767E-01	6.774E-01	6.770E-01	6.771E-01
2.900E-01	6.759E-01	2.028E-03	6.778E-01	6.738E-01	6.755E-01	6.762E-01	6.758E-01	6.759E-01
3.000E-01	6.746E-01	1.950E-03	6.765E-01	6.726E-01	6.743E-01	6.750E-01	6.746E-01	6.747E-01
3.100E-01	6.734E-01	1.872E-03	6.751E-01	6.715E-01	6.730E-01	6.738E-01	6.733E-01	6.735E-01
3.200E-01	6.721E-01	1.794E-03	6.738E-01	6.703E-01	6.718E-01	6.725E-01	6.720E-01	6.722E-01
3.300E-01	6.708E-01	1.717E-03	6.724E-01	6.690E-01	6.705E-01	6.712E-01	6.707E-01	6.709E-01
3.400E-01	6.695E-01	1.641E-03	6.710E-01	6.678E-01	6.691E-01	6.698E-01	6.694E-01	6.696E-01
3.500E-01	6.681E-01	1.565E-03	6.696E-01	6.665E-01	6.678E-01	6.685E-01	6.681E-01	6.682E-01
3.600E-01	6.667E-01	1.490E-03	6.681E-01	6.652E-01	6.664E-01	6.671E-01	6.667E-01	6.668E-01
3.700E-01	6.653E-01	1.415E-03	6.666E-01	6.639E-01	6.650E-01	6.657E-01	6.653E-01	6.654E-01
3.800E-01	6.639E-01	1.341E-03	6.651E-01	6.625E-01	6.636E-01	6.643E-01	6.638E-01	6.640E-01
3.900E-01	6.624E-01	1.269E-03	6.636E-01	6.611E-01	6.621E-01	6.628E-01	6.624E-01	6.625E-01
4.000E-01	6.610E-01	1.197E-03	6.620E-01	6.597E-01	6.606E-01	6.613E-01	6.609E-01	6.610E-01
4.100E-01	6.595E-01	1.126E-03	6.604E-01	6.583E-01	6.591E-01	6.598E-01	6.594E-01	6.595E-01
4.200E-01	6.579E-01	1.056E-03	6.588E-01	6.568E-01	6.576E-01	6.583E-01	6.579E-01	6.580E-01
4.300E-01	6.564E-01	9.874E-04	6.572E-01	6.554E-01	6.560E-01	6.567E-01	6.563E-01	6.565E-01
4.400E-01	6.548E-01	9.201E-04	6.556E-01	6.539E-01	6.545E-01	6.551E-01	6.547E-01	6.549E-01
4.500E-01	6.532E-01	8.543E-04	6.539E-01	6.523E-01	6.529E-01	6.535E-01	6.531E-01	6.533E-01
4.600E-01	6.516E-01	7.901E-04	6.522E-01	6.508E-01	6.512E-01	6.519E-01	6.515E-01	6.517E-01
4.700E-01	6.499E-01	7.277E-04	6.505E-01	6.492E-01	6.496E-01	6.503E-01	6.498E-01	6.500E-01
4.800E-01	6.483E-01	6.674E-04	6.488E-01	6.476E-01	6.479E-01	6.486E-01	6.482E-01	6.483E-01
4.900E-01	6.466E-01	6.094E-04	6.470E-01	6.460E-01	6.463E-01	6.469E-01	6.465E-01	6.467E-01
5.000E-01	6.449E-01	5.543E-04	6.452E-01	6.443E-01	6.445E-01	6.452E-01	6.448E-01	6.449E-01
5.100E-01	6.431E-01	5.025E-04	6.434E-01	6.427E-01	6.428E-01	6.435E-01	6.431E-01	6.432E-01
5.200E-01	6.414E-01	4.549E-04	6.416E-01	6.410E-01	6.411E-01	6.417E-01	6.413E-01	6.415E-01
5.300E-01	6.396E-01	4.122E-04	6.398E-01	6.393E-01	6.393E-01	6.399E-01	6.395E-01	6.397E-01
5.400E-01	6.378E-01	3.759E-04	6.379E-01	6.375E-01	6.375E-01	6.381E-01	6.377E-01	6.379E-01
5.500E-01	6.360E-01	3.472E-04	6.361E-01	6.358E-01	6.357E-01	6.363E-01	6.359E-01	6.361E-01
5.600E-01	6.342E-01	3.277E-04	6.342E-01	6.340E-01	6.339E-01	6.345E-01	6.341E-01	6.343E-01
5.700E-01	6.323E-01	3.183E-04	6.323E-01	6.322E-01	6.320E-01	6.326E-01	6.322E-01	6.324E-01
5.800E-01	6.305E-01	3.193E-04	6.303E-01	6.304E-01	6.302E-01	6.308E-01	6.304E-01	6.306E-01
5.900E-01	6.286E-01	3.301E-04	6.284E-01	6.286E-01	6.283E-01	6.289E-01	6.285E-01	6.287E-01
6.000E-01	6.267E-01	3.492E-04	6.264E-01	6.268E-01	6.264E-01	6.270E-01	6.266E-01	6.268E-01
6.100E-01	6.248E-01	3.749E-04	6.245E-01	6.249E-01	6.245E-01	6.251E-01	6.247E-01	6.248E-01
6.200E-01	6.228E-01	4.053E-04	6.225E-01	6.230E-01	6.225E-01	6.231E-01	6.227E-01	6.229E-01
6.300E-01	6.209E-01	4.392E-04	6.205E-01	6.211E-01	6.206E-01	6.211E-01	6.208E-01	6.210E-01
6.400E-01	6.189E-01	4.753E-04	6.184E-01	6.192E-01	6.186E-01	6.192E-01	6.188E-01	6.190E-01
6.500E-01	6.169E-01	5.128E-04	6.164E-01	6.172E-01	6.166E-01	6.172E-01	6.168E-01	6.170E-01
6.600E-01	6.149E-01	5.512E-04	6.144E-01	6.153E-01	6.146E-01	6.152E-01	6.148E-01	6.150E-01
6.700E-01	6.129E-01	5.899E-04	6.123E-01	6.133E-01	6.126E-01	6.131E-01	6.128E-01	6.130E-01
6.800E-01	6.108E-01	6.286E-04	6.102E-01	6.113E-01	6.106E-01	6.111E-01	6.107E-01	6.109E-01
6.900E-01	6.088E-01	6.671E-04	6.081E-01	6.093E-01	6.085E-01	6.091E-01	6.087E-01	6.089E-01
7.000E-01	6.067E-01	7.051E-04	6.060E-01	6.073E-01	6.064E-01	6.070E-01	6.066E-01	6.068E-01
7.100E-01	6.046E-01	7.425E-04	6.039E-01	6.052E-01	6.044E-01	6.049E-01	6.045E-01	6.047E-01
7.200E-01	6.025E-01	7.791E-04	6.017E-01	6.032E-01	6.023E-01	6.028E-01	6.024E-01	6.026E-01
7.300E-01	6.004E-01	8.150E-04	5.996E-01	6.011E-01	6.002E-01	6.007E-01	6.003E-01	6.005E-01
7.400E-01	5.983E-01	8.500E-04	5.974E-01	5.990E-01	5.980E-01	5.986E-01	5.982E-01	5.984E-01
7.500E-01	5.962E-01	8.840E-04	5.953E-01	5.969E-01	5.959E-01	5.964E-01	5.960E-01	5.963E-01
7.600E-01	5.940E-01	9.171E-04	5.931E-01	5.948E-01	5.937E-01	5.943E-01	5.939E-01	5.941E-01
7.700E-01	5.918E-01	9.491E-04	5.909E-01	5.927E-01	5.916E-01	5.921E-01	5.917E-01	5.919E-01
7.800E-01	5.897E-01	9.801E-04	5.887E-01	5.905E-01	5.894E-01	5.899E-01	5.895E-01	5.898E-01
7.900E-01	5.875E-01	1.010E-03	5.864E-01	5.884E-01	5.872E-01	5.877E-01	5.874E-01	5.876E-01
8.000E-01	5.853E-01	1.039E-03	5.842E-01	5.862E-01	5.850E-01	5.855E-01	5.851E-01	5.854E-01
8.100E-01	5.830E-01	1.066E-03	5.820E-01	5.840E-01	5.828E-01	5.833E-01	5.829E-01	5.832E-01
8.200E-01	5.808E-01	1.093E-03	5.797E-01	5.818E-01	5.806E-01	5.811E-01	5.807E-01	5.809E-01
8.300E-01	5.786E-01	1.118E-03	5.774E-01	5.796E-01	5.783E-01	5.788E-01	5.785E-01	5.787E-01
8.400E-01	5.763E-01	1.142E-03	5.752E-01	5.774E-01	5.761E-01	5.766E-01	5.762E-01	5.764E-01
8.500E-01	5.741E-01	1.165E-03	5.729E-01	5.752E-01	5.738E-01	5.743E-01	5.739E-01	5.742E-01
8.600E-01	5.718E-01	1.187E-03	5.706E-01	5.729E-01	5.716E-01	5.720E-01	5.717E-01	5.719E-01
8.700E-01	5.695E-01	1.208E-03	5.683E-01	5.707E-01	5.693E-01	5.697E-01	5.694E-01	5.696E-01
8.800E-01	5.672E-01	1.227E-03	5.660E-01	5.684E-01	5.670E-01	5.674E-01	5.671E-01	5.673E-01
8.900E-01	5.649E-01	1.245E-03	5.637E-01	5.661E-01	5.647E-01	5.651E-01	5.648E-01	5.650E-01
9.000E-01	5.626E-01	1.262E-03	5.613E-01	5.638E-01	5.624E-01	5.628E-01	5.625E-01	5.627E-01
9.100E-01	5.603E-01	1.278E-03	5.590E-01	5.615E-01	5.601E-01	5.605E-01	5.602E-01	5.604E-01
9.200E-01	5.579E-01	1.293E-03	5.566E-01	5.592E-01	5.577E-01	5.581E-01	5.578E-01	5.581E-01
9.300E-01	5.556E-01	1.306E-03	5.543E-01	5.569E-01	5.554E-01	5.558E-01	5.555E-01	5.557E-01
9.400E-01	5.533E-01	1.319E-03	5.519E-01	5.545E-01	5.531E-01	5.534E-01	5.531E-01	5.534E-01
9.500E-01	5.509E-01	1.330E-03	5.496E-01	5.522E-01	5.507E-01	5.511E-01	5.508E-01	5.510E-01
9.600E-01	5.485E-01	1.340E-03	5.472E-01	5.498E-01	5.483E-01	5.487E-01	5.484E-01	5.487E-01
9.700E-01	5.462E-01	1.349E-03	5.448E-01	5.475E-01	5.460E-01	5.463E-01	5.460E-01	5.463E-01
9.800E-01	5.438E-01	1.356E-03	5.424E-01	5.451E-01	5.436E-01	5.440E-01	5.436E-01	5.439E-01
9.900E-01	5.414E-01	1.363E-03	5.400E-01	5.427E-01	5.412E-01	5.416E-01	5.412E-01	5.415E-01
1.000E+00	5.390E-01	1.368E-03	5.376E-01	5.403E-01	5.388E-01	5.392E-01	5.389E-01	5.391E-01
1.010E+00	5.366E-01	1.372E-03	5.352E-01	5.379E-01	5.364E-01	5.368E-01	5.364E-01	5.367E-01
1.020E+00	5.342E-01	1.375E-03	5.328E-01	5.355E-01	5.340E-01	5.343E-01	5.340E-01	5.343E-01
1.030E+00	5.317E-01	1.377E-03	5.304E-01	5.331E-01	5.316E-01	5.319E-01	5.316E-01	5.319E-01
1.040E+00	5.293E-01	1.378E-03	5.280E-01	5.307E-01	5.292E-01	5.295E-01	5.292E-01	5.295E-01
1.050E+00	5.269E-01	1.378E-03	5.255E-01	5.283E-01	5.267E-01	5.271E-01	5.268E-01	5.270E-01
1.060E+00	5.245E-01	1.376E-03	5.231E-01	5.258E-01	5.243E-01	5.246E-01	5.243E-01	5.246E-01
1.070E+00	5.220E-01	1.374E-03	5.207E-01	5.234E-01	5.219E-01	5.222E-01	5.219E-01	5.222E-01
1.080E+00	5.196E-01	1.370E-03	5.182E-01	5.209E-01	5.194E-01	5.197E-01	5.194E-01	5.197E-01
1.090E+00	5.171E-01	1.366E-03	5.158E-01	5.185E-01	5.170E-01	5.173E-01	5.170E-01	5.173E-01
1.100E+00	5.147E-01	1.360E-03	5.133E-01	5.160E-01	5.145E-01	5.148E-01	5.145E-01	5.148E-01
1.110E+00	5.122E-01	1.353E-03	5.109E-01	5.136E-01	5.120E-01	5.123E-01	5.121E-01	5.123E-01
1.120E+00	5.097E-01	1.346E-03	5.084E-01	5.111E-01	5.096E-01	5.099E-01	5.096E-01	5.099E-01
1.130E+00	5.073E-01	1.337E-03	5.060E-01	5.086E-01	5.071E-01	5.074E-01	5.071E-01	5.074E-01
1.140E+00	5.048E-01	1.327E-03	5.035E-01	5.061E-01	5.046E-01	5.049E-01	5.046E-01	5.049E-01
1.150E+00	5.023E-01	1.316E-03	5.010E-01	5.036E-01	5.022E-01	5.024E-01	5.022E-01	5.024E-01
1.160E+00	4.998E-01	1.304E-03	4.986E-01	5.011E-01	4.997E-01	5.000E-01	4.997E-01	5.000E-01
1.170E+00	4.973E-01	1.291E-03	4.961E-01	4.986E-01	4.972E-01	4.975E-01	4.972E-01	4.975E-01
1.180E+00	4.948E-01	1.278E-03	4.936E-01	4.961E-01	4.947E-01	4.950E-01	4.947E-01	4.950E-01
1.190E+00	4.924E-01	1.263E-03	4.911E-01	4.936E-01	4.922E-01	4.925E-01	4.922E-01	4.925E-01
1.200E+00	4.899E-01	1.247E-03	4.887E-01	4.911E-01	4.897E-01	4.900E-01	4.897E-01	4.900E-01
1.210E+00	4.874E-01	1.231E-03	4.862E-01	4.886E-01	4.872E-01	4.875E-01	4.872E-01	4.875E-01
1.220E+00	4.849E-01	1.213E-03	4.837E-01	4.861E-01	4.847E-01	4.850E-01	4.847E-01	4.850E-01
1.230E+00	4.824E-01	1.195E-03	4.812E-01	4.836E-01	4.822E-01	4.825E-01	4.822E-01	4.825E-01
1.240E+00	4.798E-01	1.175E-03	4.787E-01	4.810E-01	4.797E-01	4.800E-01	4.797E-01	4.800E-01
1.250E+00	4.773E-01	1.155E-03	4.762E-01	4.785E-01	4.772E-01	4.774E-01	4.772E-01	4.775E-01
1.260E+00	4.748E-01	1.134E-03	4.738E-01	4.760E-01	4.747E-01	4.749E-01	4.747E-01	4.750E-01
1.270E+00	4.723E-01	1.112E-03	4.713E-01	4.735E-01	4.722E-01	4.724E-01	4.722E-01	4.725E-01
1.280E+00	4.698E-01	1.089E-03	4.688E-01	4.709E-01	4.697E-01	4.699E-01	4.697E-01	4.700E-01
1.290E+00	4.673E-01	1.066E-03	4.663E-01	4.684E-01	4.672E-01	4.674E-01	4.671E-01	4.675E-01
1.300E+00	4.648E-01	1.041E-03	4.638E-01	4.659E-01	4.647E-01	4.649E-01	4.646E-01	4.649E-01
1.310E+00	4.623E-01	1.016E-03	4.613E-01	4.633E-01	4.622E-01	4.624E-01	4.621E-01	4.624E-01
1.320E+00	4.598E-01	9.904E-04	4.588E-01	4.608E-01	4.597E-01	4.598E-01	4.596E-01	4.599E-01
1.330E+00	4.572E-01	9.638E-04	4.563E-01	4.582E-01	4.572E-01	4.573E-01	4.571E-01	4.574E-01
1.340E+00	4.547E-01	9.364E-04	4.539E-01	4.557E-01	4.546E-01	4.548E-01	4.546E-01	4.549E-01
1.350E+00	4.522E-01	9.083E-04	4.514E-01	4.532E-01	4.521E-01	4.523E-01	4.520E-01	4.524E-01
1.360E+00	4.497E-01	8.795E-04	4.489E-01	4.506E-01	4.496E-01	4.498E-01	4.495E-01	4.499E-01
1.370E+00	4.472E-01	8.501E-04	4.464E-01	4.481E-01	4.471E-01	4.472E-01	4.470E-01	4.473E-01
1.380E+00	4.447E-01	8.200E-04	4.439E-01	4.455E-01	4.446E-01	4.447E-01	4.445E-01	4.448E-01
1.390E+00	4.422E-01	7.892E-04	4.414E-01	4.430E-01	4.421E-01	4.422E-01	4.420E-01	4.423E-01
1.400E+00	4.396E-01	7.579E-04	4.390E-01	4.404E-01	4.396E-01	4.397E-01	4.395E-01	4.398E-01
1.410E+00	4.371E-01	7.260E-04	4.365E-01	4.379E-01	4.371E-01	4.372E-01	4.370E-01	4.373E-01
1.420E+00	4.346E-01	6.935E-04	4.340E-01	4.354E-01	4.346E-01	4.347E-01	4.345E-01	4.348E-01
1.430E+00	4.321E-01	6.606E-04	4.315E-01	4.328E-01	4.321E-01	4.322E-01	4.319E-01	4.323E-01
1.440E+00	4.296E-01	6.271E-04	4.291E-01	4.303E-01	4.296E-01	4.297E-01	4.294E-01	4.298E-01
1.450E+00	4.271E-01	5.932E-04	4.266E-01	4.277E-01	4.270E-01	4.271E-01	4.269E-01	4.273E-01
1.460E+00	4.246E-01	5.590E-04	4.241E-01	4.252E-01	4.245E-01	4.246E-01	4.244E-01	4.248E-01
1.470E+00	4.221E-01	5.244E-04	4.217E-01	4.227E-01	4.220E-01	4.221E-01	4.219E-01	4.223E-01
1.480E+00	4.196E-01	4.896E-04	4.192E-01	4.201E-01	4.196E-01	4.196E-01	4.194E-01	4.198E-01
1.490E+00	4.171E-01	4.546E-04	4.168E-01	4.176E-01	4.171E-01	4.171E-01	4.169E-01	4.173E-01
1.500E+00	4.146E-01	4.196E-04	4.143E-01	4.151E-01	4.146E-01	4.146E-01	4.144E-01	4.148E-01
1.510E+00	4.121E-01	3.847E-04	4.119E-01	4.125E-01	4.121E-01	4.121E-01	4.119E-01	4.123E-01
1.520E+00	4.096E-01	3.502E-04	4.094E-01	4.100E-01	4.096E-01	4.096E-01	4.094E-01	4.098E-01
1.530E+00	4.071E-01	3.165E-04	4.070E-01	4.075E-01	4.071E-01	4.072E-01	4.070E-01	4.073E-01
1.540E+00	4.047E-01	2.839E-04	4.045E-01	4.050E-01	4.046E-01	4.047E-01	4.045E-01	4.048E-01
1.550E+00	4.022E-01	2.531E-04	4.021E-01	4.024E-01	4.022E-01	4.022E-01	4.020E-01	4.023E-01
1.560E+00	3.997E-01	2.252E-04	3.996E-01	3.999E-01	3.997E-01	3.997E-01	3.995E-01	3.999E-01
1.570E+00	3.972E-01	2.018E-04	3.972E-01	3.974E-01	3.972E-01	3.972E-01	3.970E-01	3.974E-01
1.580E+00	3.948E-01	1.846E-04	3.948E-01	3.949E-01	3.947E-01	3.948E-01	3.946E-01	3.949E-01
1.590E+00	3.923E-01	1.760E-04	3.924E-01	3.924E-01	3.923E-01	3.923E-01	3.921E-01	3.925E-01
1.600E+00	3.898E-01	1.775E-04	3.900E-01	3.899E-01	3.898E-01	3.898E-01	3.897E-01	3.900E-01
1.610E+00	3.874E-01	1.890E-04	3.875E-01	3.874E-01	3.874E-01	3.874E-01	3.872E-01	3.875E-01
1.620E+00	3.849E-01	2.092E-04	3.851E-01	3.849E-01	3.849E-01	3.849E-01	3.847E-01	3.851E-01
1.630E+00	3.825E-01	2.361E-04	3.827E-01	3.824E-01	3.825E-01	3.825E-01	3.823E-01	3.826E-01
1.640E+00	3.800E-01	2.677E-04	3.803E-01	3.799E-01	3.800E-01	3.800E-01	3.799E-01	3.802E-01
1.650E+00	3.776E-01	3.028E-04	3.779E-01	3.774E-01	3.776E-01	3.776E-01	3.774E-01	3.778E-01
1.660E+00	3.752E-01	3.404E-04	3.755E-01	3.750E-01	3.752E-01	3.751E-01	3.750E-01	3.753E-01
1.670E+00	3.727E-01	3.798E-04	3.732E-01	3.725E-01	3.727E-01	3.727E-01	3.725E-01	3.729E-01
1.680E+00	3.703E-01	4.207E-04	3.708E-01	3.700E-01	3.703E-01	3.703E-01	3.701E-01	3.705E-01
1.690E+00	3.679E-01	4.626E-04	3.684E-01	3.676E-01	3.679E-01	3.679E-01	3.677E-01	3.681E-01
1.700E+00	3.655E-01	5.055E-04	3.661E-01	3.651E-01	3.655E-01	3.655E-01	3.653E-01	3.656E-01
1.710E+00	3.631E-01	5.491E-04	3.637E-01	3.627E-01	3.631E-01	3.630E-01	3.629E-01	3.632E-01
1.720E+00	3.607E-01	5.933E-04	3.613E-01	3.602E-01	3.607E-01	3.606E-01	3.605E-01	3.608E-01
1.730E+00	3.583E-01	6.380E-04	3.590E-01	3.578E-01	3.583E-01	3.582E-01	3.581E-01	3.584E-01
1.740E+00	3.559E-01	6.832E-04	3.566E-01	3.553E-01	3.559E-01	3.558E-01	3.557E-01	3.561E-01
1.750E+00	3.535E-01	7.287E-04	3.543E-01	3.529E-01	3.535E-01	3.535E-01	3.533E-01	3.537E-01
1.760E+00	3.511E-01	7.746E-04	3.520E-01	3.505E-01	3.511E-01	3.511E-01	3.509E-01	3.513E-01
1.770E+00	3.487E-01	8.209E-04	3.496E-01	3.480E-01	3.488E-01	3.487E-01	3.486E-01	3.489E-01
1.780E+00	3.464E-01	8.674E-04	3.473E-01	3.456E-01	3.464E-01	3.463E-01	3.462E-01	3.465E-01
1.790E+00	3.440E-01	9.141E-04	3.450E-01	3.432E-01	3.440E-01	3.440E-01	3.438E-01	3.442E-01
1.800E+00	3.417E-01	9.610E-04	3.427E-01	3.408E-01	3.417E-01	3.416E-01	3.415E-01	3.418E-01
1.810E+00	3.393E-01	1.008E-03	3.404E-01	3.384E-01	3.393E-01	3.393E-01	3.391E-01	3.395E-01
1.820E+00	3.370E-01	1.055E-03	3.381E-01	3.360E-01	3.370E-01	3.369E-01	3.368E-01	3.371E-01
1.830E+00	3.346E-01	1.103E-03	3.358E-01	3.337E-01	3.347E-01	3.346E-01	3.344E-01	3.348E-01
1.840E+00	3.323E-01	1.150E-03	3.336E-01	3.313E-01	3.323E-01	3.323E-01	3.321E-01	3.325E-01
1.850E+00	3.300E-01	1.198E-03	3.313E-01	3.289E-01	3.300E-01	3.299E-01	3.298E-01	3.302E-01
1.860E+00	3.277E-01	1.246E-03	3.290E-01	3.266E-01	3.277E-01	3.276E-01	3.275E-01	3.278E-01
1.870E+00	3.254E-01	1.294E-03	3.268E-01	3.242E-01	3.254E-01	3.253E-01	3.252E-01	3.255E-01
1.880E+00	3.231E-01	1.342E-03	3.245E-01	3.219E-01	3.231E-01	3.230E-01	3.229E-01	3.232E-01
1.890E+00	3.208E-01	1.390E-03	3.223E-01	3.195E-01	3.208E-01	3.207E-01	3.206E-01	3.210E-01
1.900E+00	3.185E-01	1.438E-03	3.200E-01	3.172E-01	3.185E-01	3.184E-01	3.183E-01	3.187E-01
1.910E+00	3.162E-01	1.486E-03	3.178E-01	3.149E-01	3.163E-01	3.161E-01	3.160E-01	3.164E-01
1.920E+00	3.139E-01	1.534E-03	3.156E-01	3.125E-01	3.140E-01	3.139E-01	3.137E-01	3.141E-01
1.930E+00	3.117E-01	1.581E-03	3.134E-01	3.102E-01	3.117E-01	3.116E-01	3.115E-01	3.119E-01
1.940E+00	3.094E-01	1.629E-03	3.112E-01	3.079E-01	3.095E-01	3.094E-01	3.092E-01	3.096E-01
1.950E+00	3.072E-01	1.677E-03	3.090E-01	3.056E-01	3.072E-01	3.071E-01	3.070E-01	3.074E-01
1.960E+00	3.049E-01	1.725E-03	3.068E-01	3.033E-01	3.050E-01	3.049E-01	3.047E-01	3.051E-01
1.970E+00	3.027E-01	1.773E-03	3.046E-01	3.011E-01	3.028E-01	3.026E-01	3.025E-01	3.029E-01
1.980E+00	3.005E-01	1.821E-03	3.024E-01	2.988E-01	3.006E-01	3.004E-01	3.003E-01	3.007E-01
1.990E+00	2.983E-01	1.868E-03	3.002E-01	2.965E-01	2.983E-01	2.982E-01	2.981E-01	2.984E-01
2.000E+00	2.961E-01	1.916E-03	2.981E-01	2.943E-01	2.961E-01	2.960E-01	2.959E-01	2.962E-01
2.010E+00	2.939E-01	1.963E-03	2.959E-01	2.920E-01	2.939E-01	2.938E-01	2.937E-01	2.940E-01
2.020E+00	2.917E-01	2.011E-03	2.938E-01	2.898E-01	2.917E-01	2.916E-01	2.915E-01	2.919E-01
2.030E+00	2.895E-01	2.058E-03	2.917E-01	2.876E-01	2.896E-01	2.894E-01	2.893E-01	2.897E-01
2.040E+00	2.873E-01	2.105E-03	2.895E-01	2.853E-01	2.874E-01	2.872E-01	2.871E-01	2.875E-01
2.050E+00	2.851E-01	2.152E-03	2.874E-01	2.831E-01	2.852E-01	2.851E-01	2.850E-01	2.853E-01
2.060E+00	2.830E-01	2.198E-03	2.853E-01	2.809E-01	2.831E-01	2.829E-01	2.828E-01	2.832E-01
2.070E+00	2.808E-01	2.245E-03	2.832E-01	2.787E-01	2.809E-01	2.808E-01	2.807E-01	2.810E-01
2.080E+00	2.787E-01	2.291E-03	2.811E-01	2.766E-01	2.788E-01	2.786E-01	2.785E-01	2.789E-01
2.090E+00	2.766E-01	2.337E-03	2.790E-01	2.744E-01	2.767E-01	2.765E-01	2.764E-01	2.768E-01
2.100E+00	2.745E-01	2.383E-03	2.770E-01	2.722E-01	2.745E-01	2.744E-01	2.743E-01	2.746E-01
2.110E+00	2.723E-01	2.429E-03	2.749E-01	2.701E-01	2.724E-01	2.722E-01	2.722E-01	2.725E-01
2.120E+00	2.702E-01	2.475E-03	2.728E-01	2.679E-01	2.703E-01	2.701E-01	2.701E-01	2.704E-01
2.130E+00	2.681E-01	2.520E-03	2.708E-01	2.658E-01	2.682E-01	2.680E-01	2.680E-01	2.683E-01
2.140E+00	2.661E-01	2.565E-03	2.688E-01	2.636E-01	2.662E-01	2.660E-01	2.659E-01	2.662E-01
2.150E+00	2.640E-01	2.610E-03	2.667E-01	2.615E-01	2.641E-01	2.639E-01	2.638E-01	2.642E-01
2.160E+00	2.619E-01	2.655E-03	2.647E-01	2.594E-01	2.620E-01	2.618E-01	2.617E-01	2.621E-01
2.170E+00	2.599E-01	2.699E-03	2.627E-01	2.573E-01	2.600E-01	2.598E-01	2.597E-01	2.600E-01
2.180E+00	2.578E-01	2.743E-03	2.607E-01	2.552E-01	2.579E-01	2.577E-01	2.576E-01	2.580E-01
2.190E+00	2.558E-01	2.787E-03	2.587E-01	2.531E-01	2.559E-01	2.557E-01	2.556E-01	2.560E-01
2.200E+00	2.537E-01	2.831E-03	2.567E-01	2.511E-01	2.538E-01	2.536E-01	2.536E-01	2.539E-01
2.210E+00	2.517E-01	2.874E-03	2.547E-01	2.490E-01	2.518E-01	2.516E-01	2.515E-01	2.519E-01
2.220E+00	2.497E-01	2.917E-03	2.528E-01	2.469E-01	2.498E-01	2.496E-01	2.495E-01	2.499E-01
2.230E+00	2.477E-01	2.959E-03	2.508E-01	2.449E-01	2.478E-01	2.476E-01	2.475E-01	2.479E-01
2.240E+00	2.457E-01	3.002E-03	2.488E-01	2.429E-01	2.458E-01	2.456E-01	2.455E-01	2.459E-01
2.250E+00	2.437E-01	3.044E-03	2.469E-01	2.408E-01	2.438E-01	2.436E-01	2.435E-01	2.439E-01
2.260E+00	2.418E-01	3.085E-03	2.450E-01	2.388E-01	2.419E-01	2.416E-01	2.416E-01	2.419E-01
2.270E+00	2.398E-01	3.127E-03	2.430E-01	2.368E-01	2.399E-01	2.397E-01	2.396E-01	2.400E-01
2.280E+00	2.378E-01	3.168E-03	2.411E-01	2.348E-01	2.379E-01	2.377E-01	2.377E-01	2.380E-01
2.290E+00	2.359E-01	3.208E-03	2.392E-01	2.328E-01	2.360E-01	2.358E-01	2.357E-01	2.361E-01
2.300E+00	2.340E-01	3.249E-03	2.373E-01	2.309E-01	2.341E-01	2.338E-01	2.338E-01	2.341E-01
2.310E+00	2.320E-01	3.289E-03	2.355E-01	2.289E-01	2.321E-01	2.319E-01	2.318E-01	2.322E-01
2.320E+00	2.301E-01	3.328E-03	2.336E-01	2.269E-01	2.302E-01	2.300E-01	2.299E-01	2.303E-01
2.330E+00	2.282E-01	3.367E-03	2.317E-01	2.250E-01	2.283E-01	2.281E-01	2.280E-01	2.284E-01
2.340E+00	2.263E-01	3.406E-03	2.299E-01	2.231E-01	2.264E-01	2.262E-01	2.261E-01	2.265E-01
2.350E+00	2.244E-01	3.445E-03	2.280E-01	2.211E-01	2.245E-01	2.243E-01	2.242E-01	2.246E-01
2.360E+00	2.225E-01	3.483E-03	2.262E-01	2.192E-01	2.227E-01	2.224E-01	2.224E-01	2.227E-01
2.370E+00	2.207E-01	3.521E-03	2.243E-01	2.173E-01	2.208E-01	2.206E-01	2.205E-01	2.209E-01
2.380E+00	2.188E-01	3.558E-03	2.225E-01	2.154E-01	2.190E-01	2.187E-01	2.186E-01	2.190E-01
2.390E+00	2.170E-01	3.595E-03	2.207E-01	2.135E-01	2.171E-01	2.169E-01	2.168E-01	2.172E-01
2.400E+00	2.151E-01	3.631E-03	2.189E-01	2.117E-01	2.153E-01	2.150E-01	2.150E-01	2.153E-01
2.410E+00	2.133E-01	3.667E-03	2.171E-01	2.098E-01	2.134E-01	2.132E-01	2.131E-01	2.135E-01
2.420E+00	2.115E-01	3.703E-03	2.153E-01	2.079E-01	2.116E-01	2.114E-01	2.113E-01	2.117E-01
2.430E+00	2.097E-01	3.738E-03	2.136E-01	2.061E-01	2.098E-01	2.096E-01	2.095E-01	2.099E-01
2.440E+00	2.079E-01	3.773E-03	2.118E-01	2.043E-01	2.080E-01	2.078E-01	2.077E-01	2.081E-01
2.450E+00	2.061E-01	3.808E-03	2.101E-01	2.025E-01	2.062E-01	2.060E-01	2.059E-01	2.063E-01
2.460E+00	2.043E-01	3.842E-03	2.083E-01	2.006E-01	2.045E-01	2.042E-01	2.042E-01	2.045E-01
2.470E+00	2.026E-01	3.875E-03	2.066E-01	1.988E-01	2.027E-01	2.024E-01	2.024E-01	2.027E-01
2.480E+00	2.008E-01	3.908E-03	2.049E-01	1.971E-01	2.009E-01	2.007E-01	2.006E-01	2.010E-01
2.490E+00	1.991E-01	3.941E-03	2.031E-01	1.953E-01	1.992E-01	1.989E-01	1.989E-01	1.992E-01
2.500E+00	1.973E-01	3.973E-03	2.014E-01	1.935E-01	1.975E-01	1.972E-01	1.971E-01	1.975E-01
2.510E+00	1.956E-01	4.005E-03	1.997E-01	1.917E-01	1.957E-01	1.955E-01	1.954E-01	1.958E-01
2.520E+00	1.939E-01	4.037E-03	1.981E-01	1.900E-01	1.940E-01	1.937E-01	1.937E-01	1.941E-01
2.530E+00	1.922E-01	4.067E-03	1.964E-01	1.883E-01	1.923E-01	1.920E-01	1.920E-01	1.924E-01
2.540E+00	1.905E-01	4.098E-03	1.947E-01	1.865E-01	1.906E-01	1.903E-01	1.903E-01	1.907E-01
2.550E+00	1.888E-01	4.128E-03	1.931E-01	1.848E-01	1.889E-01	1.887E-01	1.886E-01	1.890E-01
2.560E+00	1.871E-01	4.157E-03	1.914E-01	1.831E-01	1.873E-01	1.870E-01	1.869E-01	1.873E-01
2.570E+00	1.855E-01	4.187E-03	1.898E-01	1.814E-01	1.856E-01	1.853E-01	1.853E-01	1.856E-01
2.580E+00	1.838E-01	4.215E-03	1.882E-01	1.797E-01	1.839E-01	1.837E-01	1.836E-01	1.840E-01
2.590E+00	1.821E-01	4.243E-03	1.865E-01	1.781E-01	1.823E-01	1.820E-01	1.820E-01	1.823E-01
2.600E+00	1.805E-01	4.271E-03	1.849E-01	1.764E-01	1.807E-01	1.804E-01	1.803E-01	1.807E-01
2.610E+00	1.789E-01	4.298E-03	1.833E-01	1.747E-01	1.790E-01	1.787E-01	1.787E-01	1.791E-01
2.620E+00	1.773E-01	4.325E-03	1.817E-01	1.731E-01	1.774E-01	1.771E-01	1.771E-01	1.774E-01
2.630E+00	1.757E-01	4.351E-03	1.802E-01	1.715E-01	1.758E-01	1.755E-01	1.755E-01	1.758E-01
2.640E+00	1.741E-01	4.377E-03	1.786E-01	1.699E-01	1.742E-01	1.739E-01	1.739E-01	1.742E-01
2.650E+00	1.725E-01	4.402E-03	1.770E-01	1.682E-01	1.726E-01	1.723E-01	1.723E-01	1.727E-01
2.660E+00	1.709E-01	4.427E-03	1.755E-01	1.666E-01	1.711E-01	1.708E-01	1.707E-01	1.711E-01
2.670E+00	1.693E-01	4.452E-03	1.739E-01	1.651E-01	1.695E-01	1.692E-01	1.692E-01	1.695E-01
2.680E+00	1.678E-01	4.475E-03	1.724E-01	1.635E-01	1.679E-01	1.676E-01	1.676E-01	1.680E-01
2.690E+00	1.662E-01	4.499E-03	1.709E-01	1.619E-01	1.664E-01	1.661E-01	1.661E-01	1.664E-01
2.700E+00	1.647E-01	4.522E-03	1.694E-01	1.603E-01	1.649E-01	1.646E-01	1.645E-01	1.649E-01
2.710E+00	1.632E-01	4.544E-03	1.679E-01	1.588E-01	1.633E-01	1.630E-01	1.630E-01	1.634E-01
2.720E+00	1.617E-01	4.566E-03	1.664E-01	1.573E-01	1.618E-01	1.615E-01	1.615E-01	1.618E-01
2.730E+00	1.602E-01	4.588E-03	1.649E-01	1.557E-01	1.603E-01	1.600E-01	1.600E-01	1.603E-01
2.740E+00	1.587E-01	4.609E-03	1.634E-01	1.542E-01	1.588E-01	1.585E-01	1.585E-01	1.588E-01
2.750E+00	1.572E-01	4.629E-03	1.620E-01	1.527E-01	1.573E-01	1.570E-01	1.570E-01	1.573E-01
2.760E+00	1.557E-01	4.649E-03	1.605E-01	1.512E-01	1.559E-01	1.556E-01	1.555E-01	1.559E-01
2.770E+00	1.542E-01	4.669E-03	1.591E-01	1.497E-01	1.544E-01	1.541E-01	1.541E-01	1.544E-01
2.780E+00	1.528E-01	4.688E-03	1.576E-01	1.483E-01	1.529E-01	1.526E-01	1.526E-01	1.530E-01
2.790E+00	1.513E-01	4.706E-03	1.562E-01	1.468E-01	1.515E-01	1.512E-01	1.512E-01	1.515E-01
2.800E+00	1.499E-01	4.724E-03	1.548E-01	1.453E-01	1.501E-01	1.498E-01	1.497E-01	1.501E-01
2.810E+00	1.485E-01	4.742E-03	1.534E-01	1.439E-01	1.486E-01	1.483E-01	1.483E-01	1.486E-01
2.820E+00	1.471E-01	4.759E-03	1.520E-01	1.425E-01	1.472E-01	1.469E-01	1.469E-01	1.472E-01
2.830E+00	1.457E-01	4.776E-03	1.506E-01	1.410E-01	1.458E-01	1.455E-01	1.455E-01	1.458E-01
2.840E+00	1.443E-01	4.792E-03	1.492E-01	1.396E-01	1.444E-01	1.441E-01	1.441E-01	1.444E-01
2.850E+00	1.429E-01	4.808E-03	1.478E-01	1.382E-01	1.430E-01	1.427E-01	1.427E-01	1.430E-01
2.860E+00	1.415E-01	4.823E-03	1.465E-01	1.368E-01	1.416E-01	1.414E-01	1.413E-01	1.417E-01
2.870E+00	1.401E-01	4.838E-03	1.451E-01	1.355E-01	1.403E-01	1.400E-01	1.400E-01	1.403E-01
2.880E+00	1.388E-01	4.852E-03	1.438E-01	1.341E-01	1.389E-01	1.386E-01	1.386E-01	1.389E-01
2.890E+00	1.374E-01	4.866E-03	1.425E-01	1.327E-01	1.376E-01	1.373E-01	1.373E-01	1.376E-01
2.900E+00	1.361E-01	4.879E-03	1.411E-01	1.314E-01	1.362E-01	1.359E-01	1.359E-01	1.362E-01
2.910E+00	1.348E-01	4.892E-03	1.398E-01	1.300E-01	1.349E-01	1.346E-01	1.346E-01	1.349E-01
2.920E+00	1.334E-01	4.904E-03	1.385E-01	1.287E-01	1.336E-01	1.333E-01	1.333E-01	1.336E-01
2.930E+00	1.321E-01	4.916E-03	1.372E-01	1.274E-01	1.323E-01	1.320E-01	1.320E-01	1.323E-01
2.940E+00	1.308E-01	4.928E-03	1.359E-01	1.261E-01	1.310E-01	1.307E-01	1.307E-01	1.310E-01
2.950E+00	1.295E-01	4.939E-03	1.346E-01	1.248E-01	1.297E-01	1.294E-01	1.294E-01	1.297E-01
2.960E+00	1.283E-01	4.949E-03	1.334E-01	1.235E-01	1.284E-01	1.281E-01	1.281E-01	1.284E-01
2.970E+00	1.270E-01	4.959E-03	1.321E-01	1.222E-01	1.271E-01	1.269E-01	1.268E-01	1.271E-01
2.980E+00	1.257E-01	4.969E-03	1.309E-01	1.209E-01	1.259E-01	1.256E-01	1.256E-01	1.259E-01
2.990E+00	1.245E-01	4.978E-03	1.296E-01	1.197E-01	1.246E-01	1.243E-01	1.243E-01	1.246E-01
3.000E+00	1.232E-01	4.987E-03	1.284E-01	1.184E-01	1.234E-01	1.231E-01	1.231E-01	1.234E-01
