1.000E-02	9.353E-01	3.052E-02	9.658E-01	9.048E-01	9.341E-01	9.366E-01	9.353E-01	9.354E-01
2.000E-02	9.352E-01	3.035E-02	9.654E-01	9.047E-01	9.339E-01	9.364E-01	9.351E-01	9.352E-01
3.000E-02	9.349E-01	3.015E-02	9.649E-01	9.046E-01	9.337E-01	9.362E-01	9.349E-01	9.350E-01
4.000E-02	9.346E-01	2.991E-02	9.643E-01	9.045E-01	9.334E-01	9.359E-01	9.346E-01	9.347E-01
5.000E-02	9.343E-01	2.965E-02	9.636E-01	9.043E-01	9.331E-01	9.355E-01	9.343E-01	9.343E-01
6.000E-02	9.339E-01	2.938E-02	9.628E-01	9.041E-01	9.327E-01	9.351E-01	9.339E-01	9.340E-01
7.000E-02	9.335E-01	2.908E-02	9.620E-01	9.039E-01	9.323E-01	9.347E-01	9.335E-01	9.335E-01
8.000E-02	9.330E-01	2.877E-02	9.612E-01	9.037E-01	9.318E-01	9.342E-01	9.330E-01	9.330E-01
9.000E-02	9.325E-01	2.845E-02	9.602E-01	9.034E-01	9.313E-01	9.337E-01	9.325E-01	9.325E-01
1.000E-01	9.319E-01	2.812E-02	9.593E-01	9.031E-01	9.307E-01	9.331E-01	9.319E-01	9.320E-01
1.100E-01	9.313E-01	2.778E-02	9.583E-01	9.028E-01	9.301E-01	9.325E-01	9.313E-01	9.314E-01
1.200E-01	9.307E-01	2.742E-02	9.572E-01	9.024E-01	9.295E-01	9.319E-01	9.306E-01	9.307E-01
1.300E-01	9.300E-01	2.706E-02	9.561E-01	9.020E-01	9.288E-01	9.312E-01	9.300E-01	9.300E-01
1.400E-01	9.293E-01	2.670E-02	9.549E-01	9.016E-01	9.281E-01	9.305E-01	9.293E-01	9.293E-01
1.500E-01	9.285E-01	2.632E-02	9.537E-01	9.011E-01	9.273E-01	9.298E-01	9.285E-01	9.286E-01
1.600E-01	9.278E-01	2.594E-02	9.525E-01	9.007E-01	9.266E-01	9.290E-01	9.277E-01	9.278E-01
1.700E-01	9.269E-01	2.556E-02	9.512E-01	9.002E-01	9.257E-01	9.282E-01	9.269E-01	9.270E-01
1.800E-01	9.261E-01	2.517E-02	9.499E-01	8.997E-01	9.249E-01	9.273E-01	9.261E-01	9.261E-01
1.900E-01	9.252E-01	2.478E-02	9.486E-01	8.991E-01	9.240E-01	9.264E-01	9.252E-01	9.253E-01
2.000E-01	9.243E-01	2.438E-02	9.472E-01	8.986E-01	9.231E-01	9.255E-01	9.243E-01	9.244E-01
2.100E-01	9.234E-01	2.398E-02	9.459E-01	8.980E-01	9.222E-01	9.246E-01	9.233E-01	9.234E-01
2.200E-01	9.224E-01	2.357E-02	9.444E-01	8.973E-01	9.212E-01	9.236E-01	9.224E-01	9.224E-01
2.300E-01	9.214E-01	2.317E-02	9.430E-01	8.967E-01	9.202E-01	9.226E-01	9.214E-01	9.214E-01
2.400E-01	9.204E-01	2.276E-02	9.415E-01	8.960E-01	9.192E-01	9.216E-01	9.203E-01	9.204E-01
2.500E-01	9.193E-01	2.235E-02	9.400E-01	8.953E-01	9.181E-01	9.205E-01	9.193E-01	9.194E-01
2.600E-01	9.182E-01	2.193E-02	9.384E-01	8.946E-01	9.171E-01	9.194E-01	9.182E-01	9.183E-01
2.700E-01	9.171E-01	2.152E-02	9.368E-01	8.939E-01	9.159E-01	9.183E-01	9.171E-01	9.172E-01
2.800E-01	9.160E-01	2.110E-02	9.353E-01	8.931E-01	9.148E-01	9.172E-01	9.159E-01	9.160E-01
2.900E-01	9.148E-01	2.069E-02	9.336E-01	8.923E-01	9.136E-01	9.160E-01	9.148E-01	9.149E-01
3.000E-01	9.136E-01	2.027E-02	9.320E-01	8.915E-01	9.125E-01	9.148E-01	9.136E-01	9.137E-01
3.100E-01	9.124E-01	1.985E-02	9.303E-01	8.907E-01	9.112E-01	9.136E-01	9.124E-01	9.125E-01
3.200E-01	9.112E-01	1.943E-02	9.286E-01	8.898E-01	9.100E-01	9.123E-01	9.111E-01	9.112E-01
3.300E-01	9.099E-01	1.902E-02	9.269E-01	8.889E-01	9.087E-01	9.111E-01	9.098E-01	9.099E-01
3.400E-01	9.086E-01	1.860E-02	9.252E-01	8.880E-01	9.075E-01	9.098E-01	9.086E-01	9.087E-01
3.500E-01	9.073E-01	1.818E-02	9.234E-01	8.871E-01	9.061E-01	9.084E-01	9.072E-01	9.073E-01
3.600E-01	9.059E-01	1.776E-02	9.216E-01	8.862E-01	9.048E-01	9.071E-01	9.059E-01	9.060E-01
3.700E-01	9.046E-01	1.735E-02	9.198E-01	8.852E-01	9.034E-01	9.057E-01	9.045E-01	9.046E-01
3.800E-01	9.032E-01	1.693E-02	9.180E-01	8.842E-01	9.021E-01	9.043E-01	9.031E-01	9.032E-01
3.900E-01	9.018E-01	1.652E-02	9.162E-01	8.832E-01	9.007E-01	9.029E-01	9.017E-01	9.018E-01
4.000E-01	9.004E-01	1.610E-02	9.143E-01	8.822E-01	8.992E-01	9.015E-01	9.003E-01	9.004E-01
4.100E-01	8.989E-01	1.569E-02	9.124E-01	8.811E-01	8.978E-01	9.000E-01	8.988E-01	8.990E-01
4.200E-01	8.974E-01	1.528E-02	9.105E-01	8.800E-01	8.963E-01	8.985E-01	8.974E-01	8.975E-01
4.300E-01	8.959E-01	1.487E-02	9.086E-01	8.789E-01	8.948E-01	8.970E-01	8.959E-01	8.960E-01
4.400E-01	8.944E-01	1.446E-02	9.067E-01	8.778E-01	8.933E-01	8.955E-01	8.943E-01	8.945E-01
4.500E-01	8.929E-01	1.406E-02	9.047E-01	8.767E-01	8.918E-01	8.940E-01	8.928E-01	8.929E-01
4.600E-01	8.913E-01	1.366E-02	9.027E-01	8.755E-01	8.902E-01	8.924E-01	8.912E-01	8.914E-01
4.700E-01	8.897E-01	1.325E-02	9.007E-01	8.743E-01	8.886E-01	8.908E-01	8.897E-01	8.898E-01
4.800E-01	8.881E-01	1.285E-02	8.987E-01	8.731E-01	8.870E-01	8.892E-01	8.881E-01	8.882E-01
4.900E-01	8.865E-01	1.246E-02	8.967E-01	8.719E-01	8.854E-01	8.876E-01	8.864E-01	8.866E-01
5.000E-01	8.848E-01	1.206E-02	8.947E-01	8.707E-01	8.838E-01	8.859E-01	8.848E-01	8.849E-01
5.100E-01	8.832E-01	1.167E-02	8.926E-01	8.694E-01	8.821E-01	8.843E-01	8.831E-01	8.833E-01
5.200E-01	8.815E-01	1.128E-02	8.906E-01	8.681E-01	8.804E-01	8.826E-01	8.814E-01	8.816E-01
5.300E-01	8.798E-01	1.089E-02	8.885E-01	8.668E-01	8.787E-01	8.809E-01	8.797E-01	8.799E-01
5.400E-01	8.781E-01	1.050E-02	8.864E-01	8.655E-01	8.770E-01	8.791E-01	8.780E-01	8.782E-01
5.500E-01	8.764E-01	1.012E-02	8.843E-01	8.641E-01	8.753E-01	8.774E-01	8.763E-01	8.764E-01
5.600E-01	8.746E-01	9.742E-03	8.822E-01	8.628E-01	8.736E-01	8.756E-01	8.745E-01	8.747E-01
5.700E-01	8.728E-01	9.365E-03	8.800E-01	8.614E-01	8.718E-01	8.739E-01	8.728E-01	8.729E-01
5.800E-01	8.710E-01	8.991E-03	8.779E-01	8.600E-01	8.700E-01	8.721E-01	8.710E-01	8.711E-01
5.900E-01	8.692E-01	8.621E-03	8.757E-01	8.586E-01	8.682E-01	8.703E-01	8.692E-01	8.693E-01
6.000E-01	8.674E-01	8.254E-03	8.735E-01	8.571E-01	8.664E-01	8.684E-01	8.673E-01	8.675E-01
6.100E-01	8.656E-01	7.890E-03	8.713E-01	8.557E-01	8.645E-01	8.666E-01	8.655E-01	8.656E-01
6.200E-01	8.637E-01	7.529E-03	8.691E-01	8.542E-01	8.627E-01	8.647E-01	8.636E-01	8.638E-01
6.300E-01	8.618E-01	7.172E-03	8.669E-01	8.527E-01	8.608E-01	8.628E-01	8.618E-01	8.619E-01
6.400E-01	8.599E-01	6.818E-03	8.647E-01	8.512E-01	8.589E-01	8.609E-01	8.599E-01	8.600E-01
6.500E-01	8.580E-01	6.468E-03	8.625E-01	8.497E-01	8.570E-01	8.590E-01	8.580E-01	8.581E-01
6.600E-01	8.561E-01	6.121E-03	8.602E-01	8.481E-01	8.551E-01	8.571E-01	8.560E-01	8.562E-01
6.700E-01	8.542E-01	5.778E-03	8.580E-01	8.466E-01	8.532E-01	8.552E-01	8.541E-01	8.543E-01
6.800E-01	8.522E-01	5.440E-03	8.557E-01	8.450E-01	8.513E-01	8.532E-01	8.521E-01	8.523E-01
6.900E-01	8.503E-01	5.105E-03	8.534E-01	8.434E-01	8.493E-01	8.512E-01	8.502E-01	8.503E-01
7.000E-01	8.483E-01	4.774E-03	8.511E-01	8.418E-01	8.473E-01	8.492E-01	8.482E-01	8.484E-01
7.100E-01	8.463E-01	4.448E-03	8.488E-01	8.402E-01	8.453E-01	8.472E-01	8.462E-01	8.464E-01
7.200E-01	8.443E-01	4.126E-03	8.465E-01	8.385E-01	8.433E-01	8.452E-01	8.442E-01	8.444E-01
7.300E-01	8.422E-01	3.809E-03	8.442E-01	8.368E-01	8.413E-01	8.432E-01	8.421E-01	8.423E-01
7.400E-01	8.402E-01	3.497E-03	8.419E-01	8.352E-01	8.393E-01	8.411E-01	8.401E-01	8.403E-01
7.500E-01	8.381E-01	3.191E-03	8.396E-01	8.335E-01	8.372E-01	8.391E-01	8.380E-01	8.382E-01
7.600E-01	8.361E-01	2.890E-03	8.372E-01	8.317E-01	8.352E-01	8.370E-01	8.360E-01	8.362E-01
7.700E-01	8.340E-01	2.596E-03	8.349E-01	8.300E-01	8.331E-01	8.349E-01	8.339E-01	8.341E-01
7.800E-01	8.319E-01	2.310E-03	8.325E-01	8.283E-01	8.310E-01	8.328E-01	8.318E-01	8.320E-01
7.900E-01	8.298E-01	2.033E-03	8.301E-01	8.265E-01	8.289E-01	8.307E-01	8.297E-01	8.299E-01
8.000E-01	8.277E-01	1.768E-03	8.278E-01	8.247E-01	8.268E-01	8.286E-01	8.276E-01	8.278E-01
8.100E-01	8.255E-01	1.518E-03	8.254E-01	8.229E-01	8.246E-01	8.264E-01	8.254E-01	8.256E-01
8.200E-01	8.234E-01	1.291E-03	8.230E-01	8.211E-01	8.225E-01	8.243E-01	8.233E-01	8.235E-01
8.300E-01	8.212E-01	1.096E-03	8.206E-01	8.193E-01	8.204E-01	8.221E-01	8.211E-01	8.213E-01
8.400E-01	8.191E-01	9.496E-04	8.182E-01	8.174E-01	8.182E-01	8.199E-01	8.190E-01	8.192E-01
8.500E-01	8.169E-01	8.738E-04	8.158E-01	8.156E-01	8.160E-01	8.177E-01	8.168E-01	8.170E-01
8.600E-01	8.147E-01	8.824E-04	8.133E-01	8.137E-01	8.138E-01	8.155E-01	8.146E-01	8.148E-01
8.700E-01	8.125E-01	9.699E-04	8.109E-01	8.118E-01	8.116E-01	8.133E-01	8.124E-01	8.126E-01
8.800E-01	8.103E-01	1.115E-03	8.085E-01	8.099E-01	8.094E-01	8.111E-01	8.102E-01	8.104E-01
8.900E-01	8.080E-01	1.296E-03	8.060E-01	8.080E-01	8.072E-01	8.089E-01	8.079E-01	8.082E-01
9.000E-01	8.058E-01	1.498E-03	8.036E-01	8.061E-01	8.050E-01	8.066E-01	8.057E-01	8.059E-01
9.100E-01	8.036E-01	1.711E-03	8.012E-01	8.041E-01	8.027E-01	8.044E-01	8.034E-01	8.037E-01
9.200E-01	8.013E-01	1.930E-03	7.987E-01	8.022E-01	8.005E-01	8.021E-01	8.012E-01	8.014E-01
9.300E-01	7.990E-01	2.153E-03	7.962E-01	8.002E-01	7.982E-01	7.998E-01	7.989E-01	7.991E-01
9.400E-01	7.968E-01	2.375E-03	7.938E-01	7.982E-01	7.960E-01	7.976E-01	7.966E-01	7.969E-01
9.500E-01	7.945E-01	2.598E-03	7.913E-01	7.962E-01	7.937E-01	7.953E-01	7.943E-01	7.946E-01
9.600E-01	7.922E-01	2.819E-03	7.888E-01	7.942E-01	7.914E-01	7.929E-01	7.920E-01	7.923E-01
9.700E-01	7.899E-01	3.037E-03	7.863E-01	7.922E-01	7.891E-01	7.906E-01	7.897E-01	7.900E-01
9.800E-01	7.875E-01	3.253E-03	7.839E-01	7.902E-01	7.868E-01	7.883E-01	7.874E-01	7.877E-01
9.900E-01	7.852E-01	3.467E-03	7.814E-01	7.881E-01	7.844E-01	7.860E-01	7.851E-01	7.853E-01
1.000E+00	7.829E-01	3.677E-03	7.789E-01	7.861E-01	7.821E-01	7.836E-01	7.827E-01	7.830E-01
1.010E+00	7.805E-01	3.883E-03	7.764E-01	7.840E-01	7.798E-01	7.813E-01	7.804E-01	7.807E-01
1.020E+00	7.782E-01	4.086E-03	7.739E-01	7.819E-01	7.774E-01	7.789E-01	7.780E-01	7.783E-01
1.030E+00	7.758E-01	4.286E-03	7.714E-01	7.798E-01	7.751E-01	7.765E-01	7.757E-01	7.759E-01
1.040E+00	7.734E-01	4.481E-03	7.688E-01	7.777E-01	7.727E-01	7.742E-01	7.733E-01	7.736E-01
1.050E+00	7.711E-01	4.673E-03	7.663E-01	7.756E-01	7.703E-01	7.718E-01	7.709E-01	7.712E-01
1.060E+00	7.687E-01	4.862E-03	7.638E-01	7.734E-01	7.680E-01	7.694E-01	7.685E-01	7.688E-01
1.070E+00	7.663E-01	5.046E-03	7.613E-01	7.713E-01	7.656E-01	7.670E-01	7.661E-01	7.664E-01
1.080E+00	7.639E-01	5.226E-03	7.588E-01	7.691E-01	7.632E-01	7.646E-01	7.637E-01	7.640E-01
1.090E+00	7.615E-01	5.403E-03	7.562E-01	7.669E-01	7.608E-01	7.621E-01	7.613E-01	7.616E-01
1.100E+00	7.590E-01	5.575E-03	7.537E-01	7.648E-01	7.584E-01	7.597E-01	7.589E-01	7.592E-01
1.110E+00	7.566E-01	5.744E-03	7.512E-01	7.626E-01	7.559E-01	7.573E-01	7.565E-01	7.568E-01
1.120E+00	7.542E-01	5.908E-03	7.486E-01	7.604E-01	7.535E-01	7.549E-01	7.540E-01	7.543E-01
1.130E+00	7.517E-01	6.069E-03	7.461E-01	7.582E-01	7.511E-01	7.524E-01	7.516E-01	7.519E-01
1.140E+00	7.493E-01	6.226E-03	7.436E-01	7.559E-01	7.486E-01	7.500E-01	7.492E-01	7.494E-01
1.150E+00	7.468E-01	6.378E-03	7.410E-01	7.537E-01	7.462E-01	7.475E-01	7.467E-01	7.470E-01
1.160E+00	7.444E-01	6.527E-03	7.385E-01	7.515E-01	7.438E-01	7.450E-01	7.442E-01	7.445E-01
1.170E+00	7.419E-01	6.671E-03	7.359E-01	7.492E-01	7.413E-01	7.426E-01	7.418E-01	7.421E-01
1.180E+00	7.395E-01	6.812E-03	7.334E-01	7.469E-01	7.388E-01	7.401E-01	7.393E-01	7.396E-01
1.190E+00	7.370E-01	6.949E-03	7.308E-01	7.447E-01	7.364E-01	7.376E-01	7.368E-01	7.371E-01
1.200E+00	7.345E-01	7.081E-03	7.283E-01	7.424E-01	7.339E-01	7.351E-01	7.343E-01	7.346E-01
1.210E+00	7.320E-01	7.210E-03	7.257E-01	7.401E-01	7.314E-01	7.326E-01	7.318E-01	7.322E-01
1.220E+00	7.295E-01	7.334E-03	7.232E-01	7.378E-01	7.289E-01	7.301E-01	7.293E-01	7.297E-01
1.230E+00	7.270E-01	7.455E-03	7.206E-01	7.355E-01	7.264E-01	7.276E-01	7.268E-01	7.272E-01
1.240E+00	7.245E-01	7.572E-03	7.180E-01	7.331E-01	7.239E-01	7.251E-01	7.243E-01	7.247E-01
1.250E+00	7.220E-01	7.685E-03	7.155E-01	7.308E-01	7.214E-01	7.226E-01	7.218E-01	7.222E-01
1.260E+00	7.195E-01	7.794E-03	7.129E-01	7.285E-01	7.189E-01	7.200E-01	7.193E-01	7.196E-01
1.270E+00	7.170E-01	7.898E-03	7.104E-01	7.261E-01	7.164E-01	7.175E-01	7.168E-01	7.171E-01
1.280E+00	7.144E-01	8.000E-03	7.078E-01	7.238E-01	7.139E-01	7.150E-01	7.143E-01	7.146E-01
1.290E+00	7.119E-01	8.097E-03	7.052E-01	7.214E-01	7.114E-01	7.124E-01	7.117E-01	7.121E-01
1.300E+00	7.094E-01	8.190E-03	7.027E-01	7.190E-01	7.088E-01	7.099E-01	7.092E-01	7.095E-01
1.310E+00	7.068E-01	8.280E-03	7.001E-01	7.166E-01	7.063E-01	7.074E-01	7.067E-01	7.070E-01
1.320E+00	7.043E-01	8.365E-03	6.976E-01	7.142E-01	7.038E-01	7.048E-01	7.041E-01	7.045E-01
1.330E+00	7.017E-01	8.447E-03	6.950E-01	7.119E-01	7.012E-01	7.022E-01	7.016E-01	7.019E-01
1.340E+00	6.992E-01	8.525E-03	6.924E-01	7.094E-01	6.987E-01	6.997E-01	6.990E-01	6.994E-01
1.350E+00	6.966E-01	8.599E-03	6.899E-01	7.070E-01	6.961E-01	6.971E-01	6.965E-01	6.968E-01
1.360E+00	6.941E-01	8.670E-03	6.873E-01	7.046E-01	6.936E-01	6.946E-01	6.939E-01	6.943E-01
1.370E+00	6.915E-01	8.737E-03	6.847E-01	7.022E-01	6.910E-01	6.920E-01	6.913E-01	6.917E-01
1.380E+00	6.890E-01	8.800E-03	6.822E-01	6.998E-01	6.885E-01	6.894E-01	6.888E-01	6.891E-01
1.390E+00	6.864E-01	8.859E-03	6.796E-01	6.973E-01	6.859E-01	6.869E-01	6.862E-01	6.866E-01
1.400E+00	6.838E-01	8.915E-03	6.771E-01	6.949E-01	6.834E-01	6.843E-01	6.836E-01	6.840E-01
1.410E+00	6.813E-01	8.967E-03	6.745E-01	6.924E-01	6.808E-01	6.817E-01	6.811E-01	6.814E-01
1.420E+00	6.787E-01	9.015E-03	6.719E-01	6.899E-01	6.782E-01	6.791E-01	6.785E-01	6.789E-01
1.430E+00	6.761E-01	9.060E-03	6.694E-01	6.875E-01	6.757E-01	6.765E-01	6.759E-01	6.763E-01
1.440E+00	6.735E-01	9.101E-03	6.668E-01	6.850E-01	6.731E-01	6.739E-01	6.733E-01	6.737E-01
1.450E+00	6.709E-01	9.139E-03	6.643E-01	6.825E-01	6.705E-01	6.714E-01	6.708E-01	6.711E-01
1.460E+00	6.684E-01	9.173E-03	6.617E-01	6.800E-01	6.679E-01	6.688E-01	6.682E-01	6.685E-01
1.470E+00	6.658E-01	9.204E-03	6.592E-01	6.776E-01	6.654E-01	6.662E-01	6.656E-01	6.660E-01
1.480E+00	6.632E-01	9.231E-03	6.566E-01	6.751E-01	6.628E-01	6.636E-01	6.630E-01	6.634E-01
1.490E+00	6.606E-01	9.255E-03	6.541E-01	6.726E-01	6.602E-01	6.610E-01	6.604E-01	6.608E-01
1.500E+00	6.580E-01	9.275E-03	6.515E-01	6.700E-01	6.576E-01	6.584E-01	6.578E-01	6.582E-01
1.510E+00	6.554E-01	9.292E-03	6.490E-01	6.675E-01	6.550E-01	6.558E-01	6.552E-01	6.556E-01
1.520E+00	6.528E-01	9.306E-03	6.464E-01	6.650E-01	6.524E-01	6.532E-01	6.526E-01	6.530E-01
1.530E+00	6.502E-01	9.316E-03	6.439E-01	6.625E-01	6.499E-01	6.506E-01	6.500E-01	6.504E-01
1.540E+00	6.476E-01	9.323E-03	6.413E-01	6.600E-01	6.473E-01	6.480E-01	6.474E-01	6.478E-01
1.550E+00	6.450E-01	9.326E-03	6.388E-01	6.574E-01	6.447E-01	6.454E-01	6.448E-01	6.452E-01
1.560E+00	6.424E-01	9.327E-03	6.363E-01	6.549E-01	6.421E-01	6.428E-01	6.422E-01	6.426E-01
1.570E+00	6.398E-01	9.324E-03	6.337E-01	6.524E-01	6.395E-01	6.401E-01	6.396E-01	6.400E-01
1.580E+00	6.372E-01	9.318E-03	6.312E-01	6.498E-01	6.369E-01	6.375E-01	6.370E-01	6.374E-01
1.590E+00	6.346E-01	9.308E-03	6.287E-01	6.473E-01	6.343E-01	6.349E-01	6.344E-01	6.348E-01
1.600E+00	6.320E-01	9.296E-03	6.261E-01	6.447E-01	6.317E-01	6.323E-01	6.318E-01	6.322E-01
1.610E+00	6.294E-01	9.281E-03	6.236E-01	6.422E-01	6.291E-01	6.297E-01	6.292E-01	6.296E-01
1.620E+00	6.268E-01	9.262E-03	6.211E-01	6.396E-01	6.265E-01	6.271E-01	6.266E-01	6.270E-01
1.630E+00	6.242E-01	9.240E-03	6.186E-01	6.370E-01	6.239E-01	6.245E-01	6.240E-01	6.244E-01
1.640E+00	6.216E-01	9.216E-03	6.160E-01	6.345E-01	6.213E-01	6.219E-01	6.214E-01	6.218E-01
1.650E+00	6.190E-01	9.188E-03	6.135E-01	6.319E-01	6.187E-01	6.193E-01	6.188E-01	6.192E-01
1.660E+00	6.164E-01	9.157E-03	6.110E-01	6.293E-01	6.161E-01	6.167E-01	6.162E-01	6.166E-01
1.670E+00	6.138E-01	9.124E-03	6.085E-01	6.267E-01	6.135E-01	6.141E-01	6.136E-01	6.140E-01
1.680E+00	6.112E-01	9.087E-03	6.060E-01	6.242E-01	6.110E-01	6.115E-01	6.110E-01	6.114E-01
1.690E+00	6.086E-01	9.048E-03	6.035E-01	6.216E-01	6.084E-01	6.088E-01	6.084E-01	6.088E-01
1.700E+00	6.060E-01	9.006E-03	6.010E-01	6.190E-01	6.058E-01	6.062E-01	6.058E-01	6.062E-01
1.710E+00	6.034E-01	8.961E-03	5.985E-01	6.164E-01	6.032E-01	6.036E-01	6.032E-01	6.036E-01
1.720E+00	6.008E-01	8.913E-03	5.960E-01	6.138E-01	6.006E-01	6.010E-01	6.006E-01	6.010E-01
1.730E+00	5.982E-01	8.862E-03	5.935E-01	6.112E-01	5.980E-01	5.984E-01	5.980E-01	5.984E-01
1.740E+00	5.956E-01	8.809E-03	5.910E-01	6.086E-01	5.954E-01	5.958E-01	5.954E-01	5.958E-01
1.750E+00	5.930E-01	8.753E-03	5.885E-01	6.060E-01	5.928E-01	5.932E-01	5.928E-01	5.932E-01
1.760E+00	5.904E-01	8.694E-03	5.861E-01	6.034E-01	5.902E-01	5.906E-01	5.902E-01	5.906E-01
1.770E+00	5.878E-01	8.633E-03	5.836E-01	6.008E-01	5.876E-01	5.880E-01	5.876E-01	5.881E-01
1.780E+00	5.852E-01	8.569E-03	5.811E-01	5.982E-01	5.851E-01	5.854E-01	5.850E-01	5.855E-01
1.790E+00	5.826E-01	8.503E-03	5.786E-01	5.956E-01	5.825E-01	5.828E-01	5.824E-01	5.829E-01
1.800E+00	5.801E-01	8.434E-03	5.762E-01	5.930E-01	5.799E-01	5.802E-01	5.798E-01	5.803E-01
1.810E+00	5.775E-01	8.363E-03	5.737E-01	5.904E-01	5.773E-01	5.776E-01	5.772E-01	5.777E-01
1.820E+00	5.749E-01	8.289E-03	5.713E-01	5.878E-01	5.747E-01	5.750E-01	5.747E-01	5.751E-01
1.830E+00	5.723E-01	8.212E-03	5.688E-01	5.852E-01	5.722E-01	5.725E-01	5.721E-01	5.725E-01
1.840E+00	5.697E-01	8.134E-03	5.664E-01	5.826E-01	5.696E-01	5.699E-01	5.695E-01	5.700E-01
1.850E+00	5.672E-01	8.053E-03	5.639E-01	5.800E-01	5.670E-01	5.673E-01	5.669E-01	5.674E-01
1.860E+00	5.646E-01	7.969E-03	5.615E-01	5.774E-01	5.645E-01	5.647E-01	5.643E-01	5.648E-01
1.870E+00	5.620E-01	7.884E-03	5.590E-01	5.748E-01	5.619E-01	5.621E-01	5.618E-01	5.622E-01
1.880E+00	5.594E-01	7.796E-03	5.566E-01	5.722E-01	5.593E-01	5.595E-01	5.592E-01	5.597E-01
1.890E+00	5.569E-01	7.706E-03	5.542E-01	5.696E-01	5.568E-01	5.570E-01	5.566E-01	5.571E-01
1.900E+00	5.543E-01	7.613E-03	5.517E-01	5.670E-01	5.542E-01	5.544E-01	5.541E-01	5.545E-01
1.910E+00	5.517E-01	7.519E-03	5.493E-01	5.644E-01	5.516E-01	5.518E-01	5.515E-01	5.520E-01
1.920E+00	5.492E-01	7.422E-03	5.469E-01	5.617E-01	5.491E-01	5.493E-01	5.489E-01	5.494E-01
1.930E+00	5.466E-01	7.323E-03	5.445E-01	5.591E-01	5.465E-01	5.467E-01	5.464E-01	5.469E-01
1.940E+00	5.441E-01	7.222E-03	5.421E-01	5.565E-01	5.440E-01	5.441E-01	5.438E-01	5.443E-01
1.950E+00	5.415E-01	7.119E-03	5.397E-01	5.539E-01	5.414E-01	5.416E-01	5.413E-01	5.417E-01
1.960E+00	5.390E-01	7.015E-03	5.373E-01	5.513E-01	5.389E-01	5.390E-01	5.387E-01	5.392E-01
1.970E+00	5.364E-01	6.908E-03	5.349E-01	5.487E-01	5.364E-01	5.365E-01	5.362E-01	5.367E-01
1.980E+00	5.339E-01	6.799E-03	5.325E-01	5.461E-01	5.338E-01	5.339E-01	5.336E-01	5.341E-01
1.990E+00	5.313E-01	6.688E-03	5.301E-01	5.435E-01	5.313E-01	5.314E-01	5.311E-01	5.316E-01
2.000E+00	5.288E-01	6.576E-03	5.278E-01	5.409E-01	5.288E-01	5.288E-01	5.286E-01	5.290E-01
2.010E+00	5.263E-01	6.461E-03	5.254E-01	5.383E-01	5.262E-01	5.263E-01	5.260E-01	5.265E-01
2.020E+00	5.237E-01	6.345E-03	5.230E-01	5.357E-01	5.237E-01	5.238E-01	5.235E-01	5.240E-01
2.030E+00	5.212E-01	6.227E-03	5.206E-01	5.331E-01	5.212E-01	5.212E-01	5.210E-01	5.215E-01
2.040E+00	5.187E-01	6.108E-03	5.183E-01	5.305E-01	5.187E-01	5.187E-01	5.184E-01	5.189E-01
2.050E+00	5.162E-01	5.986E-03	5.159E-01	5.279E-01	5.162E-01	5.162E-01	5.159E-01	5.164E-01
2.060E+00	5.137E-01	5.863E-03	5.136E-01	5.253E-01	5.137E-01	5.137E-01	5.134E-01	5.139E-01
2.070E+00	5.112E-01	5.739E-03	5.112E-01	5.227E-01	5.112E-01	5.111E-01	5.109E-01	5.114E-01
2.080E+00	5.086E-01	5.612E-03	5.089E-01	5.201E-01	5.087E-01	5.086E-01	5.084E-01	5.089E-01
2.090E+00	5.061E-01	5.484E-03	5.066E-01	5.175E-01	5.062E-01	5.061E-01	5.059E-01	5.064E-01
2.100E+00	5.037E-01	5.355E-03	5.042E-01	5.149E-01	5.037E-01	5.036E-01	5.034E-01	5.039E-01
2.110E+00	5.012E-01	5.224E-03	5.019E-01	5.124E-01	5.012E-01	5.011E-01	5.009E-01	5.014E-01
2.120E+00	4.987E-01	5.092E-03	4.996E-01	5.098E-01	4.987E-01	4.986E-01	4.984E-01	4.989E-01
2.130E+00	4.962E-01	4.958E-03	4.973E-01	5.072E-01	4.962E-01	4.961E-01	4.959E-01	4.964E-01
2.140E+00	4.937E-01	4.823E-03	4.950E-01	5.046E-01	4.938E-01	4.937E-01	4.935E-01	4.940E-01
2.150E+00	4.912E-01	4.686E-03	4.927E-01	5.020E-01	4.913E-01	4.912E-01	4.910E-01	4.915E-01
2.160E+00	4.888E-01	4.548E-03	4.904E-01	4.995E-01	4.888E-01	4.887E-01	4.885E-01	4.890E-01
2.170E+00	4.863E-01	4.409E-03	4.881E-01	4.969E-01	4.864E-01	4.862E-01	4.860E-01	4.866E-01
2.180E+00	4.838E-01	4.269E-03	4.858E-01	4.943E-01	4.839E-01	4.838E-01	4.836E-01	4.841E-01
2.190E+00	4.814E-01	4.127E-03	4.835E-01	4.918E-01	4.815E-01	4.813E-01	4.811E-01	4.816E-01
2.200E+00	4.789E-01	3.984E-03	4.813E-01	4.892E-01	4.790E-01	4.788E-01	4.787E-01	4.792E-01
2.210E+00	4.765E-01	3.840E-03	4.790E-01	4.867E-01	4.766E-01	4.764E-01	4.762E-01	4.767E-01
2.220E+00	4.740E-01	3.695E-03	4.767E-01	4.841E-01	4.741E-01	4.740E-01	4.738E-01	4.743E-01
2.230E+00	4.716E-01	3.549E-03	4.745E-01	4.816E-01	4.717E-01	4.715E-01	4.714E-01	4.719E-01
2.240E+00	4.692E-01	3.402E-03	4.722E-01	4.790E-01	4.693E-01	4.691E-01	4.689E-01	4.694E-01
2.250E+00	4.668E-01	3.253E-03	4.700E-01	4.765E-01	4.669E-01	4.666E-01	4.665E-01	4.670E-01
2.260E+00	4.643E-01	3.104E-03	4.678E-01	4.739E-01	4.645E-01	4.642E-01	4.641E-01	4.646E-01
2.270E+00	4.619E-01	2.954E-03	4.655E-01	4.714E-01	4.620E-01	4.618E-01	4.617E-01	4.622E-01
2.280E+00	4.595E-01	2.803E-03	4.633E-01	4.689E-01	4.596E-01	4.594E-01	4.592E-01	4.598E-01
2.290E+00	4.571E-01	2.651E-03	4.611E-01	4.663E-01	4.572E-01	4.570E-01	4.568E-01	4.574E-01
2.300E+00	4.547E-01	2.498E-03	4.589E-01	4.638E-01	4.548E-01	4.546E-01	4.544E-01	4.550E-01
2.310E+00	4.523E-01	2.345E-03	4.567E-01	4.613E-01	4.525E-01	4.522E-01	4.521E-01	4.526E-01
2.320E+00	4.499E-01	2.191E-03	4.544E-01	4.588E-01	4.501E-01	4.498E-01	4.497E-01	4.502E-01
2.330E+00	4.475E-01	2.036E-03	4.523E-01	4.563E-01	4.477E-01	4.474E-01	4.473E-01	4.478E-01
2.340E+00	4.452E-01	1.881E-03	4.501E-01	4.538E-01	4.453E-01	4.450E-01	4.449E-01	4.454E-01
2.350E+00	4.428E-01	1.726E-03	4.479E-01	4.513E-01	4.430E-01	4.426E-01	4.425E-01	4.431E-01
2.360E+00	4.404E-01	1.570E-03	4.457E-01	4.488E-01	4.406E-01	4.403E-01	4.402E-01	4.407E-01
2.370E+00	4.381E-01	1.415E-03	4.435E-01	4.463E-01	4.383E-01	4.379E-01	4.378E-01	4.383E-01
2.380E+00	4.357E-01	1.260E-03	4.414E-01	4.438E-01	4.359E-01	4.355E-01	4.355E-01	4.360E-01
2.390E+00	4.334E-01	1.106E-03	4.392E-01	4.413E-01	4.336E-01	4.332E-01	4.331E-01	4.336E-01
2.400E+00	4.310E-01	9.535E-04	4.370E-01	4.388E-01	4.312E-01	4.308E-01	4.308E-01	4.313E-01
2.410E+00	4.287E-01	8.042E-04	4.349E-01	4.364E-01	4.289E-01	4.285E-01	4.284E-01	4.290E-01
2.420E+00	4.264E-01	6.606E-04	4.328E-01	4.339E-01	4.266E-01	4.262E-01	4.261E-01	4.266E-01
2.430E+00	4.241E-01	5.278E-04	4.306E-01	4.314E-01	4.243E-01	4.238E-01	4.238E-01	4.243E-01
2.440E+00	4.217E-01	4.171E-04	4.285E-01	4.290E-01	4.219E-01	4.215E-01	4.215E-01	4.220E-01
2.450E+00	4.194E-01	3.508E-04	4.264E-01	4.265E-01	4.196E-01	4.192E-01	4.192E-01	4.197E-01
2.460E+00	4.171E-01	3.554E-04	4.242E-01	4.241E-01	4.173E-01	4.169E-01	4.169E-01	4.174E-01
2.470E+00	4.148E-01	4.292E-04	4.221E-01	4.216E-01	4.150E-01	4.146E-01	4.146E-01	4.151E-01
2.480E+00	4.125E-01	5.452E-04	4.200E-01	4.192E-01	4.128E-01	4.123E-01	4.123E-01	4.128E-01
2.490E+00	4.102E-01	6.824E-04	4.179E-01	4.168E-01	4.105E-01	4.100E-01	4.100E-01	4.105E-01
2.500E+00	4.080E-01	8.306E-04	4.158E-01	4.143E-01	4.082E-01	4.077E-01	4.077E-01	4.082E-01
2.510E+00	4.057E-01	9.850E-04	4.138E-01	4.119E-01	4.059E-01	4.055E-01	4.054E-01	4.060E-01
2.520E+00	4.034E-01	1.143E-03	4.117E-01	4.095E-01	4.037E-01	4.032E-01	4.032E-01	4.037E-01
2.530E+00	4.012E-01	1.304E-03	4.096E-01	4.071E-01	4.014E-01	4.009E-01	4.009E-01	4.014E-01
2.540E+00	3.989E-01	1.466E-03	4.075E-01	4.047E-01	3.992E-01	3.987E-01	3.987E-01	3.992E-01
2.550E+00	3.967E-01	1.630E-03	4.055E-01	4.023E-01	3.969E-01	3.964E-01	3.964E-01	3.969E-01
2.560E+00	3.944E-01	1.795E-03	4.034E-01	3.999E-01	3.947E-01	3.942E-01	3.942E-01	3.947E-01
2.570E+00	3.922E-01	1.961E-03	4.014E-01	3.975E-01	3.925E-01	3.919E-01	3.919E-01	3.925E-01
2.580E+00	3.900E-01	2.127E-03	3.993E-01	3.952E-01	3.902E-01	3.897E-01	3.897E-01	3.903E-01
2.590E+00	3.878E-01	2.293E-03	3.973E-01	3.928E-01	3.880E-01	3.875E-01	3.875E-01	3.880E-01
2.600E+00	3.856E-01	2.460E-03	3.953E-01	3.904E-01	3.858E-01	3.853E-01	3.853E-01	3.858E-01
2.610E+00	3.833E-01	2.628E-03	3.933E-01	3.881E-01	3.836E-01	3.831E-01	3.831E-01	3.836E-01
2.620E+00	3.812E-01	2.795E-03	3.913E-01	3.857E-01	3.814E-01	3.809E-01	3.809E-01	3.814E-01
2.630E+00	3.790E-01	2.963E-03	3.892E-01	3.834E-01	3.792E-01	3.787E-01	3.787E-01	3.792E-01
2.640E+00	3.768E-01	3.131E-03	3.872E-01	3.810E-01	3.771E-01	3.765E-01	3.765E-01	3.770E-01
2.650E+00	3.746E-01	3.299E-03	3.853E-01	3.787E-01	3.749E-01	3.743E-01	3.743E-01	3.749E-01
2.660E+00	3.724E-01	3.467E-03	3.833E-01	3.764E-01	3.727E-01	3.721E-01	3.722E-01	3.727E-01
2.670E+00	3.703E-01	3.635E-03	3.813E-01	3.741E-01	3.706E-01	3.700E-01	3.700E-01	3.705E-01
2.680E+00	3.681E-01	3.803E-03	3.793E-01	3.718E-01	3.684E-01	3.678E-01	3.678E-01	3.684E-01
2.690E+00	3.660E-01	3.972E-03	3.773E-01	3.694E-01	3.663E-01	3.657E-01	3.657E-01	3.662E-01
2.700E+00	3.638E-01	4.140E-03	3.754E-01	3.671E-01	3.641E-01	3.635E-01	3.635E-01	3.641E-01
2.710E+00	3.617E-01	4.308E-03	3.734E-01	3.649E-01	3.620E-01	3.614E-01	3.614E-01	3.620E-01
2.720E+00	3.596E-01	4.475E-03	3.715E-01	3.626E-01	3.599E-01	3.592E-01	3.593E-01	3.598E-01
2.730E+00	3.574E-01	4.643E-03	3.695E-01	3.603E-01	3.578E-01	3.571E-01	3.572E-01	3.577E-01
2.740E+00	3.553E-01	4.811E-03	3.676E-01	3.580E-01	3.557E-01	3.550E-01	3.551E-01	3.556E-01
2.750E+00	3.532E-01	4.978E-03	3.657E-01	3.558E-01	3.536E-01	3.529E-01	3.530E-01	3.535E-01
2.760E+00	3.511E-01	5.145E-03	3.638E-01	3.535E-01	3.515E-01	3.508E-01	3.509E-01	3.514E-01
2.770E+00	3.490E-01	5.312E-03	3.618E-01	3.513E-01	3.494E-01	3.487E-01	3.488E-01	3.493E-01
2.780E+00	3.470E-01	5.478E-03	3.599E-01	3.490E-01	3.473E-01	3.466E-01	3.467E-01	3.472E-01
2.790E+00	3.449E-01	5.645E-03	3.580E-01	3.468E-01	3.452E-01	3.445E-01	3.446E-01	3.452E-01
2.800E+00	3.428E-01	5.811E-03	3.561E-01	3.446E-01	3.432E-01	3.425E-01	3.425E-01	3.431E-01
2.810E+00	3.407E-01	5.976E-03	3.543E-01	3.423E-01	3.411E-01	3.404E-01	3.405E-01	3.410E-01
2.820E+00	3.387E-01	6.141E-03	3.524E-01	3.401E-01	3.390E-01	3.383E-01	3.384E-01	3.390E-01
2.830E+00	3.366E-01	6.306E-03	3.505E-01	3.379E-01	3.370E-01	3.363E-01	3.364E-01	3.369E-01
2.840E+00	3.346E-01	6.471E-03	3.486E-01	3.357E-01	3.350E-01	3.343E-01	3.343E-01	3.349E-01
2.850E+00	3.326E-01	6.635E-03	3.468E-01	3.335E-01	3.329E-01	3.322E-01	3.323E-01	3.329E-01
2.860E+00	3.306E-01	6.799E-03	3.449E-01	3.314E-01	3.309E-01	3.302E-01	3.303E-01	3.308E-01
2.870E+00	3.285E-01	6.962E-03	3.431E-01	3.292E-01	3.289E-01	3.282E-01	3.283E-01	3.288E-01
2.880E+00	3.265E-01	7.125E-03	3.412E-01	3.270E-01	3.269E-01	3.262E-01	3.263E-01	3.268E-01
2.890E+00	3.245E-01	7.287E-03	3.394E-01	3.249E-01	3.249E-01	3.242E-01	3.243E-01	3.248E-01
2.900E+00	3.225E-01	7.449E-03	3.376E-01	3.227E-01	3.229E-01	3.222E-01	3.223E-01	3.228E-01
2.910E+00	3.206E-01	7.610E-03	3.358E-01	3.206E-01	3.209E-01	3.202E-01	3.203E-01	3.208E-01
2.920E+00	3.186E-01	7.771E-03	3.340E-01	3.184E-01	3.190E-01	3.182E-01	3.183E-01	3.188E-01
2.930E+00	3.166E-01	7.931E-03	3.321E-01	3.163E-01	3.170E-01	3.162E-01	3.163E-01	3.169E-01
2.940E+00	3.146E-01	8.090E-03	3.303E-01	3.142E-01	3.150E-01	3.143E-01	3.144E-01	3.149E-01
2.950E+00	3.127E-01	8.249E-03	3.286E-01	3.121E-01	3.131E-01	3.123E-01	3.124E-01	3.130E-01
2.960E+00	3.107E-01	8.408E-03	3.268E-01	3.100E-01	3.111E-01	3.103E-01	3.105E-01	3.110E-01
2.970E+00	3.088E-01	8.565E-03	3.250E-01	3.079E-01	3.092E-01	3.084E-01	3.085E-01	3.091E-01
2.980E+00	3.069E-01	8.723E-03	3.232E-01	3.058E-01	3.073E-01	3.065E-01	3.066E-01	3.071E-01
2.990E+00	3.049E-01	8.879E-03	3.215E-01	3.037E-01	3.053E-01	3.045E-01	3.047E-01	3.052E-01
3.000E+00	3.030E-01	9.035E-03	3.197E-01	3.017E-01	3.034E-01	3.026E-01	3.028E-01	3.033E-01
