1.000E-02	1.217E+00	4.147E-02	1.175E+00	1.258E+00	1.217E+00	1.216E+00	1.217E+00	1.217E+00
2.000E-02	1.215E+00	4.054E-02	1.174E+00	1.255E+00	1.215E+00	1.214E+00	1.214E+00	1.215E+00
3.000E-02	1.212E+00	3.962E-02	1.172E+00	1.251E+00	1.212E+00	1.211E+00	1.212E+00	1.212E+00
4.000E-02	1.209E+00	3.870E-02	1.170E+00	1.247E+00	1.210E+00	1.209E+00	1.209E+00	1.209E+00
5.000E-02	1.206E+00	3.780E-02	1.168E+00	1.243E+00	1.207E+00	1.206E+00	1.206E+00	1.206E+00
6.000E-02	1.203E+00	3.692E-02	1.165E+00	1.239E+00	1.204E+00	1.203E+00	1.203E+00	1.203E+00
7.000E-02	1.200E+00	3.604E-02	1.163E+00	1.235E+00	1.200E+00	1.199E+00	1.200E+00	1.200E+00
8.000E-02	1.197E+00	3.518E-02	1.160E+00	1.231E+00	1.197E+00	1.196E+00	1.197E+00	1.197E+00
9.000E-02	1.193E+00	3.434E-02	1.158E+00	1.227E+00	1.194E+00	1.193E+00	1.193E+00	1.193E+00
1.000E-01	1.190E+00	3.351E-02	1.155E+00	1.222E+00	1.190E+00	1.189E+00	1.190E+00	1.190E+00
1.100E-01	1.186E+00	3.269E-02	1.152E+00	1.218E+00	1.187E+00	1.186E+00	1.186E+00	1.186E+00
1.200E-01	1.183E+00	3.188E-02	1.150E+00	1.213E+00	1.183E+00	1.182E+00	1.183E+00	1.183E+00
1.300E-01	1.179E+00	3.109E-02	1.147E+00	1.209E+00	1.180E+00	1.179E+00	1.179E+00	1.179E+00
1.400E-01	1.176E+00	3.031E-02	1.144E+00	1.205E+00	1.176E+00	1.175E+00	1.176E+00	1.176E+00
1.500E-01	1.172E+00	2.955E-02	1.141E+00	1.200E+00	1.173E+00	1.171E+00	1.172E+00	1.172E+00
1.600E-01	1.168E+00	2.879E-02	1.138E+00	1.196E+00	1.169E+00	1.168E+00	1.168E+00	1.168E+00
1.700E-01	1.165E+00	2.805E-02	1.135E+00	1.191E+00	1.165E+00	1.164E+00	1.164E+00	1.165E+00
1.800E-01	1.161E+00	2.732E-02	1.132E+00	1.186E+00	1.161E+00	1.160E+00	1.161E+00	1.161E+00
1.900E-01	1.157E+00	2.660E-02	1.129E+00	1.182E+00	1.157E+00	1.156E+00	1.157E+00	1.157E+00
2.000E-01	1.153E+00	2.590E-02	1.126E+00	1.177E+00	1.154E+00	1.153E+00	1.153E+00	1.153E+00
2.100E-01	1.149E+00	2.520E-02	1.122E+00	1.173E+00	1.150E+00	1.149E+00	1.149E+00	1.149E+00
2.200E-01	1.145E+00	2.452E-02	1.119E+00	1.168E+00	1.146E+00	1.145E+00	1.145E+00	1.145E+00
2.300E-01	1.141E+00	2.385E-02	1.116E+00	1.163E+00	1.142E+00	1.141E+00	1.141E+00	1.141E+00
2.400E-01	1.137E+00	2.319E-02	1.112E+00	1.159E+00	1.138E+00	1.137E+00	1.137E+00	1.137E+00
2.500E-01	1.133E+00	2.254E-02	1.109E+00	1.154E+00	1.134E+00	1.133E+00	1.133E+00	1.133E+00
2.600E-01	1.129E+00	2.191E-02	1.106E+00	1.150E+00	1.130E+00	1.129E+00	1.129E+00	1.129E+00
2.700E-01	1.125E+00	2.128E-02	1.102E+00	1.145E+00	1.126E+00	1.125E+00	1.125E+00	1.125E+00
2.800E-01	1.121E+00	2.066E-02	1.099E+00	1.140E+00	1.122E+00	1.121E+00	1.121E+00	1.121E+00
2.900E-01	1.117E+00	2.005E-02	1.096E+00	1.136E+00	1.118E+00	1.117E+00	1.117E+00	1.117E+00
3.000E-01	1.113E+00	1.946E-02	1.092E+00	1.131E+00	1.114E+00	1.113E+00	1.113E+00	1.113E+00
3.100E-01	1.109E+00	1.887E-02	1.089E+00	1.126E+00	1.110E+00	1.109E+00	1.109E+00	1.109E+00
3.200E-01	1.105E+00	1.830E-02	1.085E+00	1.122E+00	1.106E+00	1.105E+00	1.105E+00	1.105E+00
3.300E-01	1.101E+00	1.773E-02	1.082E+00	1.117E+00	1.102E+00	1.101E+00	1.101E+00	1.101E+00
3.400E-01	1.097E+00	1.717E-02	1.078E+00	1.112E+00	1.098E+00	1.097E+00	1.097E+00	1.097E+00
3.500E-01	1.093E+00	1.662E-02	1.074E+00	1.108E+00	1.093E+00	1.092E+00	1.093E+00	1.093E+00
3.600E-01	1.089E+00	1.609E-02	1.071E+00	1.103E+00	1.089E+00	1.088E+00	1.089E+00	1.089E+00
3.700E-01	1.085E+00	1.556E-02	1.067E+00	1.098E+00	1.085E+00	1.084E+00	1.085E+00	1.085E+00
3.800E-01	1.081E+00	1.504E-02	1.064E+00	1.094E+00	1.081E+00	1.080E+00	1.080E+00	1.081E+00
3.900E-01	1.076E+00	1.453E-02	1.060E+00	1.089E+00	1.077E+00	1.076E+00	1.076E+00	1.076E+00
4.000E-01	1.072E+00	1.403E-02	1.056E+00	1.084E+00	1.073E+00	1.072E+00	1.072E+00	1.072E+00
4.100E-01	1.068E+00	1.353E-02	1.053E+00	1.080E+00	1.069E+00	1.068E+00	1.068E+00	1.068E+00
4.200E-01	1.064E+00	1.305E-02	1.049E+00	1.075E+00	1.064E+00	1.063E+00	1.064E+00	1.064E+00
4.300E-01	1.060E+00	1.257E-02	1.045E+00	1.071E+00	1.060E+00	1.059E+00	1.060E+00	1.060E+00
4.400E-01	1.056E+00	1.211E-02	1.042E+00	1.066E+00	1.056E+00	1.055E+00	1.056E+00	1.056E+00
4.500E-01	1.051E+00	1.165E-02	1.038E+00	1.061E+00	1.052E+00	1.051E+00	1.051E+00	1.051E+00
4.600E-01	1.047E+00	1.120E-02	1.034E+00	1.057E+00	1.048E+00	1.047E+00	1.047E+00	1.047E+00
4.700E-01	1.043E+00	1.076E-02	1.031E+00	1.052E+00	1.043E+00	1.043E+00	1.043E+00	1.043E+00
4.800E-01	1.039E+00	1.032E-02	1.027E+00	1.047E+00	1.039E+00	1.038E+00	1.039E+00	1.039E+00
4.900E-01	1.035E+00	9.895E-03	1.023E+00	1.043E+00	1.035E+00	1.034E+00	1.035E+00	1.035E+00
5.000E-01	1.031E+00	9.476E-03	1.019E+00	1.038E+00	1.031E+00	1.030E+00	1.030E+00	1.031E+00
5.100E-01	1.026E+00	9.065E-03	1.016E+00	1.034E+00	1.027E+00	1.026E+00	1.026E+00	1.026E+00
5.200E-01	1.022E+00	8.662E-03	1.012E+00	1.029E+00	1.023E+00	1.022E+00	1.022E+00	1.022E+00
5.300E-01	1.018E+00	8.266E-03	1.008E+00	1.025E+00	1.018E+00	1.018E+00	1.018E+00	1.018E+00
5.400E-01	1.014E+00	7.878E-03	1.004E+00	1.020E+00	1.014E+00	1.013E+00	1.014E+00	1.014E+00
5.500E-01	1.010E+00	7.497E-03	1.000E+00	1.015E+00	1.010E+00	1.009E+00	1.010E+00	1.010E+00
5.600E-01	1.005E+00	7.123E-03	9.967E-01	1.011E+00	1.006E+00	1.005E+00	1.005E+00	1.005E+00
5.700E-01	1.001E+00	6.756E-03	9.929E-01	1.006E+00	1.002E+00	1.001E+00	1.001E+00	1.001E+00
5.800E-01	9.971E-01	6.396E-03	9.891E-01	1.002E+00	9.975E-01	9.967E-01	9.970E-01	9.971E-01
5.900E-01	9.929E-01	6.044E-03	9.853E-01	9.974E-01	9.933E-01	9.925E-01	9.928E-01	9.929E-01
6.000E-01	9.887E-01	5.698E-03	9.815E-01	9.929E-01	9.891E-01	9.883E-01	9.887E-01	9.888E-01
6.100E-01	9.845E-01	5.359E-03	9.777E-01	9.884E-01	9.849E-01	9.842E-01	9.845E-01	9.846E-01
6.200E-01	9.804E-01	5.027E-03	9.739E-01	9.839E-01	9.808E-01	9.800E-01	9.803E-01	9.804E-01
6.300E-01	9.762E-01	4.701E-03	9.701E-01	9.794E-01	9.766E-01	9.758E-01	9.762E-01	9.763E-01
6.400E-01	9.721E-01	4.382E-03	9.663E-01	9.750E-01	9.724E-01	9.717E-01	9.720E-01	9.721E-01
6.500E-01	9.679E-01	4.070E-03	9.624E-01	9.705E-01	9.683E-01	9.675E-01	9.678E-01	9.680E-01
6.600E-01	9.638E-01	3.763E-03	9.586E-01	9.661E-01	9.641E-01	9.634E-01	9.637E-01	9.638E-01
6.700E-01	9.596E-01	3.464E-03	9.548E-01	9.617E-01	9.600E-01	9.593E-01	9.596E-01	9.597E-01
6.800E-01	9.555E-01	3.170E-03	9.510E-01	9.573E-01	9.558E-01	9.551E-01	9.554E-01	9.555E-01
6.900E-01	9.513E-01	2.883E-03	9.472E-01	9.529E-01	9.517E-01	9.510E-01	9.513E-01	9.514E-01
7.000E-01	9.472E-01	2.602E-03	9.433E-01	9.485E-01	9.476E-01	9.469E-01	9.472E-01	9.473E-01
7.100E-01	9.431E-01	2.328E-03	9.395E-01	9.441E-01	9.434E-01	9.427E-01	9.430E-01	9.431E-01
7.200E-01	9.390E-01	2.060E-03	9.357E-01	9.398E-01	9.393E-01	9.386E-01	9.389E-01	9.390E-01
7.300E-01	9.349E-01	1.798E-03	9.319E-01	9.354E-01	9.352E-01	9.345E-01	9.348E-01	9.349E-01
7.400E-01	9.308E-01	1.543E-03	9.281E-01	9.311E-01	9.311E-01	9.304E-01	9.307E-01	9.308E-01
7.500E-01	9.267E-01	1.295E-03	9.242E-01	9.267E-01	9.270E-01	9.263E-01	9.266E-01	9.267E-01
7.600E-01	9.226E-01	1.055E-03	9.204E-01	9.224E-01	9.229E-01	9.222E-01	9.225E-01	9.226E-01
7.700E-01	9.185E-01	8.256E-04	9.166E-01	9.181E-01	9.188E-01	9.182E-01	9.184E-01	9.185E-01
7.800E-01	9.144E-01	6.109E-04	9.128E-01	9.138E-01	9.147E-01	9.141E-01	9.143E-01	9.145E-01
7.900E-01	9.103E-01	4.248E-04	9.090E-01	9.096E-01	9.106E-01	9.100E-01	9.103E-01	9.104E-01
8.000E-01	9.063E-01	3.101E-04	9.052E-01	9.053E-01	9.066E-01	9.060E-01	9.062E-01	9.063E-01
8.100E-01	9.022E-01	3.363E-04	9.014E-01	9.010E-01	9.025E-01	9.019E-01	9.021E-01	9.023E-01
8.200E-01	8.982E-01	4.738E-04	8.975E-01	8.968E-01	8.984E-01	8.979E-01	8.981E-01	8.982E-01
8.300E-01	8.941E-01	6.509E-04	8.937E-01	8.926E-01	8.944E-01	8.938E-01	8.941E-01	8.942E-01
8.400E-01	8.901E-01	8.393E-04	8.899E-01	8.884E-01	8.904E-01	8.898E-01	8.900E-01	8.901E-01
8.500E-01	8.861E-01	1.030E-03	8.862E-01	8.842E-01	8.863E-01	8.858E-01	8.860E-01	8.861E-01
8.600E-01	8.820E-01	1.219E-03	8.824E-01	8.800E-01	8.823E-01	8.818E-01	8.820E-01	8.821E-01
8.700E-01	8.780E-01	1.406E-03	8.786E-01	8.758E-01	8.783E-01	8.778E-01	8.780E-01	8.781E-01
8.800E-01	8.740E-01	1.589E-03	8.748E-01	8.717E-01	8.743E-01	8.738E-01	8.740E-01	8.741E-01
8.900E-01	8.700E-01	1.769E-03	8.710E-01	8.675E-01	8.703E-01	8.698E-01	8.700E-01	8.701E-01
9.000E-01	8.661E-01	1.945E-03	8.672E-01	8.634E-01	8.663E-01	8.658E-01	8.660E-01	8.661E-01
9.100E-01	8.621E-01	2.116E-03	8.635E-01	8.593E-01	8.623E-01	8.618E-01	8.620E-01	8.622E-01
9.200E-01	8.581E-01	2.284E-03	8.597E-01	8.552E-01	8.584E-01	8.579E-01	8.581E-01	8.582E-01
9.300E-01	8.542E-01	2.447E-03	8.559E-01	8.511E-01	8.544E-01	8.539E-01	8.541E-01	8.542E-01
9.400E-01	8.502E-01	2.606E-03	8.522E-01	8.470E-01	8.505E-01	8.500E-01	8.502E-01	8.503E-01
9.500E-01	8.463E-01	2.761E-03	8.484E-01	8.429E-01	8.465E-01	8.461E-01	8.462E-01	8.464E-01
9.600E-01	8.424E-01	2.912E-03	8.447E-01	8.389E-01	8.426E-01	8.421E-01	8.423E-01	8.424E-01
9.700E-01	8.385E-01	3.059E-03	8.409E-01	8.348E-01	8.387E-01	8.382E-01	8.384E-01	8.385E-01
9.800E-01	8.345E-01	3.202E-03	8.372E-01	8.308E-01	8.348E-01	8.343E-01	8.345E-01	8.346E-01
9.900E-01	8.307E-01	3.341E-03	8.335E-01	8.268E-01	8.309E-01	8.304E-01	8.306E-01	8.307E-01
1.000E+00	8.268E-01	3.476E-03	8.297E-01	8.228E-01	8.270E-01	8.266E-01	8.267E-01	8.268E-01
1.010E+00	8.229E-01	3.607E-03	8.260E-01	8.188E-01	8.231E-01	8.227E-01	8.228E-01	8.230E-01
1.020E+00	8.190E-01	3.734E-03	8.223E-01	8.149E-01	8.192E-01	8.188E-01	8.190E-01	8.191E-01
1.030E+00	8.152E-01	3.858E-03	8.186E-01	8.109E-01	8.154E-01	8.150E-01	8.151E-01	8.152E-01
1.040E+00	8.113E-01	3.977E-03	8.149E-01	8.070E-01	8.115E-01	8.111E-01	8.112E-01	8.114E-01
1.050E+00	8.075E-01	4.094E-03	8.112E-01	8.030E-01	8.077E-01	8.073E-01	8.074E-01	8.076E-01
1.060E+00	8.037E-01	4.206E-03	8.075E-01	7.991E-01	8.038E-01	8.035E-01	8.036E-01	8.037E-01
1.070E+00	7.998E-01	4.315E-03	8.039E-01	7.952E-01	8.000E-01	7.997E-01	7.998E-01	7.999E-01
1.080E+00	7.960E-01	4.420E-03	8.002E-01	7.913E-01	7.962E-01	7.959E-01	7.960E-01	7.961E-01
1.090E+00	7.922E-01	4.522E-03	7.965E-01	7.875E-01	7.924E-01	7.921E-01	7.922E-01	7.923E-01
1.100E+00	7.885E-01	4.621E-03	7.929E-01	7.836E-01	7.886E-01	7.883E-01	7.884E-01	7.885E-01
1.110E+00	7.847E-01	4.716E-03	7.892E-01	7.798E-01	7.848E-01	7.845E-01	7.846E-01	7.848E-01
1.120E+00	7.809E-01	4.808E-03	7.856E-01	7.760E-01	7.811E-01	7.808E-01	7.809E-01	7.810E-01
1.130E+00	7.772E-01	4.896E-03	7.819E-01	7.721E-01	7.773E-01	7.770E-01	7.771E-01	7.773E-01
1.140E+00	7.734E-01	4.982E-03	7.783E-01	7.683E-01	7.736E-01	7.733E-01	7.734E-01	7.735E-01
1.150E+00	7.697E-01	5.064E-03	7.747E-01	7.646E-01	7.699E-01	7.696E-01	7.696E-01	7.698E-01
1.160E+00	7.660E-01	5.143E-03	7.711E-01	7.608E-01	7.661E-01	7.659E-01	7.659E-01	7.661E-01
1.170E+00	7.623E-01	5.219E-03	7.675E-01	7.570E-01	7.624E-01	7.622E-01	7.622E-01	7.624E-01
1.180E+00	7.586E-01	5.291E-03	7.639E-01	7.533E-01	7.587E-01	7.585E-01	7.585E-01	7.587E-01
1.190E+00	7.549E-01	5.361E-03	7.603E-01	7.496E-01	7.550E-01	7.548E-01	7.549E-01	7.550E-01
1.200E+00	7.513E-01	5.428E-03	7.567E-01	7.459E-01	7.514E-01	7.511E-01	7.512E-01	7.513E-01
1.210E+00	7.476E-01	5.492E-03	7.531E-01	7.422E-01	7.477E-01	7.475E-01	7.475E-01	7.477E-01
1.220E+00	7.440E-01	5.553E-03	7.496E-01	7.385E-01	7.441E-01	7.438E-01	7.439E-01	7.440E-01
1.230E+00	7.403E-01	5.611E-03	7.460E-01	7.348E-01	7.404E-01	7.402E-01	7.402E-01	7.404E-01
1.240E+00	7.367E-01	5.667E-03	7.425E-01	7.312E-01	7.368E-01	7.366E-01	7.366E-01	7.368E-01
1.250E+00	7.331E-01	5.720E-03	7.389E-01	7.275E-01	7.332E-01	7.330E-01	7.330E-01	7.332E-01
1.260E+00	7.295E-01	5.770E-03	7.354E-01	7.239E-01	7.296E-01	7.294E-01	7.294E-01	7.296E-01
1.270E+00	7.259E-01	5.817E-03	7.319E-01	7.203E-01	7.260E-01	7.258E-01	7.258E-01	7.260E-01
1.280E+00	7.223E-01	5.862E-03	7.284E-01	7.167E-01	7.224E-01	7.222E-01	7.222E-01	7.224E-01
1.290E+00	7.187E-01	5.904E-03	7.249E-01	7.131E-01	7.188E-01	7.187E-01	7.187E-01	7.188E-01
1.300E+00	7.152E-01	5.944E-03	7.214E-01	7.095E-01	7.153E-01	7.151E-01	7.151E-01	7.153E-01
1.310E+00	7.116E-01	5.981E-03	7.179E-01	7.060E-01	7.117E-01	7.116E-01	7.116E-01	7.117E-01
1.320E+00	7.081E-01	6.016E-03	7.145E-01	7.024E-01	7.082E-01	7.081E-01	7.080E-01	7.082E-01
1.330E+00	7.046E-01	6.048E-03	7.110E-01	6.989E-01	7.047E-01	7.045E-01	7.045E-01	7.047E-01
1.340E+00	7.011E-01	6.078E-03	7.075E-01	6.954E-01	7.011E-01	7.010E-01	7.010E-01	7.012E-01
1.350E+00	6.976E-01	6.106E-03	7.041E-01	6.919E-01	6.976E-01	6.976E-01	6.975E-01	6.977E-01
1.360E+00	6.941E-01	6.131E-03	7.007E-01	6.884E-01	6.942E-01	6.941E-01	6.940E-01	6.942E-01
1.370E+00	6.906E-01	6.155E-03	6.972E-01	6.849E-01	6.907E-01	6.906E-01	6.906E-01	6.907E-01
1.380E+00	6.872E-01	6.176E-03	6.938E-01	6.815E-01	6.872E-01	6.872E-01	6.871E-01	6.873E-01
1.390E+00	6.837E-01	6.194E-03	6.904E-01	6.780E-01	6.838E-01	6.837E-01	6.837E-01	6.838E-01
1.400E+00	6.803E-01	6.211E-03	6.870E-01	6.746E-01	6.803E-01	6.803E-01	6.802E-01	6.804E-01
1.410E+00	6.769E-01	6.225E-03	6.836E-01	6.712E-01	6.769E-01	6.769E-01	6.768E-01	6.770E-01
1.420E+00	6.735E-01	6.238E-03	6.803E-01	6.678E-01	6.735E-01	6.735E-01	6.734E-01	6.736E-01
1.430E+00	6.701E-01	6.248E-03	6.769E-01	6.644E-01	6.701E-01	6.701E-01	6.700E-01	6.702E-01
1.440E+00	6.667E-01	6.257E-03	6.735E-01	6.610E-01	6.667E-01	6.667E-01	6.666E-01	6.668E-01
1.450E+00	6.633E-01	6.263E-03	6.702E-01	6.577E-01	6.633E-01	6.633E-01	6.632E-01	6.634E-01
1.460E+00	6.600E-01	6.268E-03	6.669E-01	6.543E-01	6.600E-01	6.600E-01	6.599E-01	6.600E-01
1.470E+00	6.566E-01	6.270E-03	6.635E-01	6.510E-01	6.566E-01	6.566E-01	6.565E-01	6.567E-01
1.480E+00	6.533E-01	6.271E-03	6.602E-01	6.477E-01	6.533E-01	6.533E-01	6.532E-01	6.534E-01
1.490E+00	6.500E-01	6.270E-03	6.569E-01	6.444E-01	6.499E-01	6.500E-01	6.499E-01	6.500E-01
1.500E+00	6.466E-01	6.267E-03	6.536E-01	6.411E-01	6.466E-01	6.467E-01	6.466E-01	6.467E-01
1.510E+00	6.433E-01	6.262E-03	6.503E-01	6.378E-01	6.433E-01	6.434E-01	6.433E-01	6.434E-01
1.520E+00	6.401E-01	6.256E-03	6.470E-01	6.345E-01	6.400E-01	6.401E-01	6.400E-01	6.401E-01
1.530E+00	6.368E-01	6.248E-03	6.438E-01	6.313E-01	6.368E-01	6.368E-01	6.367E-01	6.369E-01
1.540E+00	6.335E-01	6.238E-03	6.405E-01	6.281E-01	6.335E-01	6.335E-01	6.334E-01	6.336E-01
1.550E+00	6.303E-01	6.227E-03	6.373E-01	6.248E-01	6.302E-01	6.303E-01	6.302E-01	6.304E-01
1.560E+00	6.270E-01	6.214E-03	6.341E-01	6.216E-01	6.270E-01	6.271E-01	6.269E-01	6.271E-01
1.570E+00	6.238E-01	6.199E-03	6.308E-01	6.184E-01	6.238E-01	6.238E-01	6.237E-01	6.239E-01
1.580E+00	6.206E-01	6.183E-03	6.276E-01	6.153E-01	6.205E-01	6.206E-01	6.205E-01	6.207E-01
1.590E+00	6.174E-01	6.165E-03	6.244E-01	6.121E-01	6.173E-01	6.174E-01	6.173E-01	6.175E-01
1.600E+00	6.142E-01	6.146E-03	6.212E-01	6.089E-01	6.141E-01	6.143E-01	6.141E-01	6.143E-01
1.610E+00	6.110E-01	6.126E-03	6.181E-01	6.058E-01	6.110E-01	6.111E-01	6.109E-01	6.111E-01
1.620E+00	6.079E-01	6.104E-03	6.149E-01	6.027E-01	6.078E-01	6.079E-01	6.078E-01	6.079E-01
1.630E+00	6.047E-01	6.080E-03	6.117E-01	5.996E-01	6.046E-01	6.048E-01	6.046E-01	6.048E-01
1.640E+00	6.016E-01	6.055E-03	6.086E-01	5.965E-01	6.015E-01	6.016E-01	6.015E-01	6.017E-01
1.650E+00	5.984E-01	6.029E-03	6.054E-01	5.934E-01	5.984E-01	5.985E-01	5.984E-01	5.985E-01
1.660E+00	5.953E-01	6.002E-03	6.023E-01	5.903E-01	5.953E-01	5.954E-01	5.952E-01	5.954E-01
1.670E+00	5.922E-01	5.973E-03	5.992E-01	5.873E-01	5.921E-01	5.923E-01	5.921E-01	5.923E-01
1.680E+00	5.891E-01	5.943E-03	5.961E-01	5.842E-01	5.891E-01	5.892E-01	5.890E-01	5.892E-01
1.690E+00	5.861E-01	5.912E-03	5.930E-01	5.812E-01	5.860E-01	5.861E-01	5.860E-01	5.861E-01
1.700E+00	5.830E-01	5.879E-03	5.899E-01	5.782E-01	5.829E-01	5.831E-01	5.829E-01	5.831E-01
1.710E+00	5.799E-01	5.845E-03	5.868E-01	5.752E-01	5.798E-01	5.800E-01	5.799E-01	5.800E-01
1.720E+00	5.769E-01	5.810E-03	5.838E-01	5.722E-01	5.768E-01	5.770E-01	5.768E-01	5.770E-01
1.730E+00	5.739E-01	5.774E-03	5.807E-01	5.692E-01	5.738E-01	5.740E-01	5.738E-01	5.739E-01
1.740E+00	5.708E-01	5.737E-03	5.777E-01	5.662E-01	5.707E-01	5.709E-01	5.708E-01	5.709E-01
1.750E+00	5.678E-01	5.699E-03	5.747E-01	5.633E-01	5.677E-01	5.679E-01	5.678E-01	5.679E-01
1.760E+00	5.649E-01	5.660E-03	5.717E-01	5.603E-01	5.647E-01	5.650E-01	5.648E-01	5.649E-01
1.770E+00	5.619E-01	5.619E-03	5.686E-01	5.574E-01	5.618E-01	5.620E-01	5.618E-01	5.620E-01
1.780E+00	5.589E-01	5.578E-03	5.657E-01	5.545E-01	5.588E-01	5.590E-01	5.588E-01	5.590E-01
1.790E+00	5.559E-01	5.536E-03	5.627E-01	5.516E-01	5.558E-01	5.561E-01	5.559E-01	5.560E-01
1.800E+00	5.530E-01	5.492E-03	5.597E-01	5.487E-01	5.529E-01	5.531E-01	5.529E-01	5.531E-01
1.810E+00	5.501E-01	5.448E-03	5.567E-01	5.458E-01	5.500E-01	5.502E-01	5.500E-01	5.502E-01
1.820E+00	5.472E-01	5.403E-03	5.538E-01	5.430E-01	5.470E-01	5.473E-01	5.471E-01	5.472E-01
1.830E+00	5.442E-01	5.357E-03	5.508E-01	5.401E-01	5.441E-01	5.444E-01	5.442E-01	5.443E-01
1.840E+00	5.414E-01	5.310E-03	5.479E-01	5.373E-01	5.412E-01	5.415E-01	5.413E-01	5.414E-01
1.850E+00	5.385E-01	5.262E-03	5.450E-01	5.345E-01	5.383E-01	5.386E-01	5.384E-01	5.386E-01
1.860E+00	5.356E-01	5.213E-03	5.421E-01	5.317E-01	5.355E-01	5.357E-01	5.355E-01	5.357E-01
1.870E+00	5.327E-01	5.164E-03	5.392E-01	5.289E-01	5.326E-01	5.329E-01	5.327E-01	5.328E-01
1.880E+00	5.299E-01	5.113E-03	5.363E-01	5.261E-01	5.298E-01	5.300E-01	5.298E-01	5.300E-01
1.890E+00	5.271E-01	5.062E-03	5.334E-01	5.233E-01	5.269E-01	5.272E-01	5.270E-01	5.271E-01
1.900E+00	5.242E-01	5.010E-03	5.306E-01	5.206E-01	5.241E-01	5.244E-01	5.242E-01	5.243E-01
1.910E+00	5.214E-01	4.958E-03	5.277E-01	5.178E-01	5.213E-01	5.216E-01	5.213E-01	5.215E-01
1.920E+00	5.186E-01	4.904E-03	5.249E-01	5.151E-01	5.185E-01	5.188E-01	5.185E-01	5.187E-01
1.930E+00	5.158E-01	4.850E-03	5.221E-01	5.124E-01	5.157E-01	5.160E-01	5.158E-01	5.159E-01
1.940E+00	5.131E-01	4.795E-03	5.192E-01	5.097E-01	5.129E-01	5.132E-01	5.130E-01	5.132E-01
1.950E+00	5.103E-01	4.740E-03	5.164E-01	5.070E-01	5.101E-01	5.105E-01	5.102E-01	5.104E-01
1.960E+00	5.076E-01	4.684E-03	5.136E-01	5.043E-01	5.074E-01	5.077E-01	5.075E-01	5.076E-01
1.970E+00	5.048E-01	4.627E-03	5.109E-01	5.016E-01	5.046E-01	5.050E-01	5.047E-01	5.049E-01
1.980E+00	5.021E-01	4.570E-03	5.081E-01	4.989E-01	5.019E-01	5.023E-01	5.020E-01	5.022E-01
1.990E+00	4.994E-01	4.512E-03	5.053E-01	4.963E-01	4.992E-01	4.995E-01	4.993E-01	4.995E-01
2.000E+00	4.967E-01	4.454E-03	5.026E-01	4.937E-01	4.965E-01	4.968E-01	4.966E-01	4.968E-01
2.010E+00	4.940E-01	4.395E-03	4.998E-01	4.910E-01	4.938E-01	4.942E-01	4.939E-01	4.941E-01
2.020E+00	4.913E-01	4.335E-03	4.971E-01	4.884E-01	4.911E-01	4.915E-01	4.912E-01	4.914E-01
2.030E+00	4.886E-01	4.275E-03	4.944E-01	4.858E-01	4.885E-01	4.888E-01	4.885E-01	4.887E-01
2.040E+00	4.860E-01	4.214E-03	4.917E-01	4.833E-01	4.858E-01	4.862E-01	4.859E-01	4.861E-01
2.050E+00	4.833E-01	4.153E-03	4.890E-01	4.807E-01	4.831E-01	4.835E-01	4.832E-01	4.834E-01
2.060E+00	4.807E-01	4.092E-03	4.863E-01	4.781E-01	4.805E-01	4.809E-01	4.806E-01	4.808E-01
2.070E+00	4.781E-01	4.030E-03	4.836E-01	4.756E-01	4.779E-01	4.783E-01	4.780E-01	4.782E-01
2.080E+00	4.755E-01	3.967E-03	4.810E-01	4.730E-01	4.753E-01	4.757E-01	4.754E-01	4.756E-01
2.090E+00	4.729E-01	3.905E-03	4.783E-01	4.705E-01	4.727E-01	4.731E-01	4.728E-01	4.730E-01
2.100E+00	4.703E-01	3.841E-03	4.757E-01	4.680E-01	4.701E-01	4.705E-01	4.702E-01	4.704E-01
2.110E+00	4.677E-01	3.778E-03	4.730E-01	4.655E-01	4.675E-01	4.679E-01	4.676E-01	4.678E-01
2.120E+00	4.652E-01	3.714E-03	4.704E-01	4.630E-01	4.649E-01	4.654E-01	4.651E-01	4.652E-01
2.130E+00	4.626E-01	3.649E-03	4.678E-01	4.605E-01	4.624E-01	4.628E-01	4.625E-01	4.627E-01
2.140E+00	4.601E-01	3.584E-03	4.652E-01	4.581E-01	4.599E-01	4.603E-01	4.600E-01	4.601E-01
2.150E+00	4.575E-01	3.519E-03	4.626E-01	4.556E-01	4.573E-01	4.577E-01	4.574E-01	4.576E-01
2.160E+00	4.550E-01	3.454E-03	4.601E-01	4.532E-01	4.548E-01	4.552E-01	4.549E-01	4.551E-01
2.170E+00	4.525E-01	3.388E-03	4.575E-01	4.507E-01	4.523E-01	4.527E-01	4.524E-01	4.526E-01
2.180E+00	4.500E-01	3.322E-03	4.549E-01	4.483E-01	4.498E-01	4.502E-01	4.499E-01	4.501E-01
2.190E+00	4.475E-01	3.256E-03	4.524E-01	4.459E-01	4.473E-01	4.478E-01	4.474E-01	4.476E-01
2.200E+00	4.451E-01	3.190E-03	4.499E-01	4.435E-01	4.448E-01	4.453E-01	4.450E-01	4.451E-01
2.210E+00	4.426E-01	3.123E-03	4.473E-01	4.411E-01	4.424E-01	4.428E-01	4.425E-01	4.427E-01
2.220E+00	4.402E-01	3.056E-03	4.448E-01	4.387E-01	4.399E-01	4.404E-01	4.401E-01	4.402E-01
2.230E+00	4.377E-01	2.989E-03	4.423E-01	4.364E-01	4.375E-01	4.379E-01	4.376E-01	4.378E-01
2.240E+00	4.353E-01	2.921E-03	4.398E-01	4.340E-01	4.351E-01	4.355E-01	4.352E-01	4.354E-01
2.250E+00	4.329E-01	2.854E-03	4.374E-01	4.317E-01	4.326E-01	4.331E-01	4.328E-01	4.330E-01
2.260E+00	4.305E-01	2.786E-03	4.349E-01	4.294E-01	4.302E-01	4.307E-01	4.304E-01	4.306E-01
2.270E+00	4.281E-01	2.718E-03	4.325E-01	4.270E-01	4.278E-01	4.283E-01	4.280E-01	4.282E-01
2.280E+00	4.257E-01	2.650E-03	4.300E-01	4.247E-01	4.255E-01	4.259E-01	4.256E-01	4.258E-01
2.290E+00	4.233E-01	2.582E-03	4.276E-01	4.224E-01	4.231E-01	4.236E-01	4.232E-01	4.234E-01
2.300E+00	4.210E-01	2.513E-03	4.252E-01	4.202E-01	4.207E-01	4.212E-01	4.209E-01	4.210E-01
2.310E+00	4.186E-01	2.445E-03	4.227E-01	4.179E-01	4.184E-01	4.189E-01	4.185E-01	4.187E-01
2.320E+00	4.163E-01	2.376E-03	4.203E-01	4.156E-01	4.160E-01	4.165E-01	4.162E-01	4.164E-01
2.330E+00	4.140E-01	2.308E-03	4.180E-01	4.134E-01	4.137E-01	4.142E-01	4.139E-01	4.140E-01
2.340E+00	4.116E-01	2.239E-03	4.156E-01	4.111E-01	4.114E-01	4.119E-01	4.115E-01	4.117E-01
2.350E+00	4.093E-01	2.170E-03	4.132E-01	4.089E-01	4.091E-01	4.096E-01	4.092E-01	4.094E-01
2.360E+00	4.070E-01	2.102E-03	4.108E-01	4.067E-01	4.068E-01	4.073E-01	4.070E-01	4.071E-01
2.370E+00	4.048E-01	2.033E-03	4.085E-01	4.045E-01	4.045E-01	4.050E-01	4.047E-01	4.048E-01
2.380E+00	4.025E-01	1.964E-03	4.062E-01	4.023E-01	4.022E-01	4.027E-01	4.024E-01	4.026E-01
2.390E+00	4.002E-01	1.895E-03	4.038E-01	4.001E-01	4.000E-01	4.005E-01	4.001E-01	4.003E-01
2.400E+00	3.980E-01	1.827E-03	4.015E-01	3.979E-01	3.977E-01	3.982E-01	3.979E-01	3.981E-01
2.410E+00	3.957E-01	1.758E-03	3.992E-01	3.957E-01	3.955E-01	3.960E-01	3.956E-01	3.958E-01
2.420E+00	3.935E-01	1.689E-03	3.969E-01	3.936E-01	3.932E-01	3.938E-01	3.934E-01	3.936E-01
2.430E+00	3.913E-01	1.621E-03	3.946E-01	3.914E-01	3.910E-01	3.915E-01	3.912E-01	3.914E-01
2.440E+00	3.891E-01	1.552E-03	3.924E-01	3.893E-01	3.888E-01	3.893E-01	3.890E-01	3.892E-01
2.450E+00	3.869E-01	1.484E-03	3.901E-01	3.872E-01	3.866E-01	3.871E-01	3.868E-01	3.870E-01
2.460E+00	3.847E-01	1.416E-03	3.878E-01	3.851E-01	3.844E-01	3.850E-01	3.846E-01	3.848E-01
2.470E+00	3.825E-01	1.348E-03	3.856E-01	3.830E-01	3.822E-01	3.828E-01	3.824E-01	3.826E-01
2.480E+00	3.803E-01	1.280E-03	3.834E-01	3.809E-01	3.801E-01	3.806E-01	3.803E-01	3.804E-01
2.490E+00	3.782E-01	1.212E-03	3.811E-01	3.788E-01	3.779E-01	3.785E-01	3.781E-01	3.783E-01
2.500E+00	3.760E-01	1.145E-03	3.789E-01	3.767E-01	3.758E-01	3.763E-01	3.760E-01	3.761E-01
2.510E+00	3.739E-01	1.078E-03	3.767E-01	3.747E-01	3.736E-01	3.742E-01	3.738E-01	3.740E-01
2.520E+00	3.718E-01	1.012E-03	3.745E-01	3.726E-01	3.715E-01	3.721E-01	3.717E-01	3.719E-01
2.530E+00	3.697E-01	9.459E-04	3.724E-01	3.706E-01	3.694E-01	3.700E-01	3.696E-01	3.698E-01
2.540E+00	3.676E-01	8.806E-04	3.702E-01	3.685E-01	3.673E-01	3.678E-01	3.675E-01	3.676E-01
2.550E+00	3.655E-01	8.161E-04	3.680E-01	3.665E-01	3.652E-01	3.658E-01	3.654E-01	3.656E-01
2.560E+00	3.634E-01	7.525E-04	3.659E-01	3.645E-01	3.631E-01	3.637E-01	3.633E-01	3.635E-01
2.570E+00	3.613E-01	6.901E-04	3.637E-01	3.625E-01	3.610E-01	3.616E-01	3.612E-01	3.614E-01
2.580E+00	3.593E-01	6.292E-04	3.616E-01	3.605E-01	3.590E-01	3.595E-01	3.592E-01	3.593E-01
2.590E+00	3.572E-01	5.702E-04	3.595E-01	3.585E-01	3.569E-01	3.575E-01	3.571E-01	3.573E-01
2.600E+00	3.552E-01	5.138E-04	3.574E-01	3.566E-01	3.549E-01	3.554E-01	3.551E-01	3.552E-01
2.610E+00	3.531E-01	4.609E-04	3.553E-01	3.546E-01	3.528E-01	3.534E-01	3.530E-01	3.532E-01
2.620E+00	3.511E-01	4.128E-04	3.532E-01	3.526E-01	3.508E-01	3.514E-01	3.510E-01	3.512E-01
2.630E+00	3.491E-01	3.711E-04	3.511E-01	3.507E-01	3.488E-01	3.494E-01	3.490E-01	3.492E-01
2.640E+00	3.471E-01	3.384E-04	3.491E-01	3.488E-01	3.468E-01	3.474E-01	3.470E-01	3.472E-01
2.650E+00	3.451E-01	3.172E-04	3.470E-01	3.468E-01	3.448E-01	3.454E-01	3.450E-01	3.452E-01
2.660E+00	3.431E-01	3.098E-04	3.449E-01	3.449E-01	3.428E-01	3.434E-01	3.430E-01	3.432E-01
2.670E+00	3.411E-01	3.170E-04	3.429E-01	3.430E-01	3.408E-01	3.414E-01	3.411E-01	3.412E-01
2.680E+00	3.392E-01	3.379E-04	3.409E-01	3.411E-01	3.389E-01	3.395E-01	3.391E-01	3.393E-01
2.690E+00	3.372E-01	3.700E-04	3.389E-01	3.393E-01	3.369E-01	3.375E-01	3.371E-01	3.373E-01
2.700E+00	3.353E-01	4.106E-04	3.368E-01	3.374E-01	3.350E-01	3.356E-01	3.352E-01	3.354E-01
2.710E+00	3.333E-01	4.574E-04	3.348E-01	3.355E-01	3.330E-01	3.336E-01	3.333E-01	3.334E-01
2.720E+00	3.314E-01	5.086E-04	3.329E-01	3.337E-01	3.311E-01	3.317E-01	3.313E-01	3.315E-01
2.730E+00	3.295E-01	5.629E-04	3.309E-01	3.318E-01	3.292E-01	3.298E-01	3.294E-01	3.296E-01
2.740E+00	3.276E-01	6.194E-04	3.289E-01	3.300E-01	3.273E-01	3.279E-01	3.275E-01	3.277E-01
2.750E+00	3.257E-01	6.775E-04	3.269E-01	3.281E-01	3.254E-01	3.260E-01	3.256E-01	3.258E-01
2.760E+00	3.238E-01	7.368E-04	3.250E-01	3.263E-01	3.235E-01	3.241E-01	3.237E-01	3.239E-01
2.770E+00	3.219E-01	7.969E-04	3.231E-01	3.245E-01	3.216E-01	3.222E-01	3.219E-01	3.220E-01
2.780E+00	3.201E-01	8.577E-04	3.211E-01	3.227E-01	3.198E-01	3.204E-01	3.200E-01	3.202E-01
2.790E+00	3.182E-01	9.189E-04	3.192E-01	3.209E-01	3.179E-01	3.185E-01	3.181E-01	3.183E-01
2.800E+00	3.164E-01	9.803E-04	3.173E-01	3.191E-01	3.160E-01	3.167E-01	3.163E-01	3.164E-01
2.810E+00	3.145E-01	1.042E-03	3.154E-01	3.174E-01	3.142E-01	3.148E-01	3.144E-01	3.146E-01
2.820E+00	3.127E-01	1.104E-03	3.135E-01	3.156E-01	3.124E-01	3.130E-01	3.126E-01	3.128E-01
2.830E+00	3.109E-01	1.166E-03	3.116E-01	3.138E-01	3.106E-01	3.112E-01	3.108E-01	3.110E-01
2.840E+00	3.091E-01	1.228E-03	3.097E-01	3.121E-01	3.087E-01	3.094E-01	3.090E-01	3.091E-01
2.850E+00	3.073E-01	1.289E-03	3.079E-01	3.104E-01	3.069E-01	3.076E-01	3.072E-01	3.073E-01
2.860E+00	3.055E-01	1.351E-03	3.060E-01	3.086E-01	3.051E-01	3.058E-01	3.054E-01	3.055E-01
2.870E+00	3.037E-01	1.413E-03	3.042E-01	3.069E-01	3.034E-01	3.040E-01	3.036E-01	3.038E-01
2.880E+00	3.019E-01	1.474E-03	3.023E-01	3.052E-01	3.016E-01	3.022E-01	3.018E-01	3.020E-01
2.890E+00	3.001E-01	1.536E-03	3.005E-01	3.035E-01	2.998E-01	3.005E-01	3.001E-01	3.002E-01
2.900E+00	2.984E-01	1.597E-03	2.987E-01	3.018E-01	2.981E-01	2.987E-01	2.983E-01	2.985E-01
2.910E+00	2.966E-01	1.658E-03	2.969E-01	3.001E-01	2.963E-01	2.970E-01	2.966E-01	2.967E-01
2.920E+00	2.949E-01	1.719E-03	2.951E-01	2.984E-01	2.946E-01	2.952E-01	2.948E-01	2.950E-01
2.930E+00	2.932E-01	1.779E-03	2.933E-01	2.968E-01	2.928E-01	2.935E-01	2.931E-01	2.933E-01
2.940E+00	2.915E-01	1.840E-03	2.915E-01	2.951E-01	2.911E-01	2.918E-01	2.914E-01	2.915E-01
2.950E+00	2.897E-01	1.900E-03	2.897E-01	2.935E-01	2.894E-01	2.901E-01	2.897E-01	2.898E-01
2.960E+00	2.880E-01	1.960E-03	2.880E-01	2.918E-01	2.877E-01	2.884E-01	2.880E-01	2.881E-01
2.970E+00	2.863E-01	2.019E-03	2.862E-01	2.902E-01	2.860E-01	2.867E-01	2.863E-01	2.864E-01
2.980E+00	2.847E-01	2.079E-03	2.845E-01	2.886E-01	2.843E-01	2.850E-01	2.846E-01	2.847E-01
2.990E+00	2.830E-01	2.138E-03	2.827E-01	2.870E-01	2.827E-01	2.833E-01	2.829E-01	2.831E-01
3.000E+00	2.813E-01	2.197E-03	2.810E-01	2.853E-01	2.810E-01	2.816E-01	2.812E-01	2.814E-01
