1.000E-02	8.685E-01	3.910E-02	8.292E-01	9.071E-01	8.717E-01	8.653E-01	8.683E-01	8.687E-01
2.000E-02	8.677E-01	3.833E-02	8.289E-01	9.053E-01	8.709E-01	8.645E-01	8.675E-01	8.679E-01
3.000E-02	8.668E-01	3.752E-02	8.285E-01	9.033E-01	8.700E-01	8.637E-01	8.666E-01	8.670E-01
4.000E-02	8.658E-01	3.672E-02	8.280E-01	9.012E-01	8.690E-01	8.627E-01	8.656E-01	8.660E-01
5.000E-02	8.647E-01	3.590E-02	8.275E-01	8.991E-01	8.679E-01	8.616E-01	8.645E-01	8.650E-01
6.000E-02	8.636E-01	3.510E-02	8.270E-01	8.969E-01	8.667E-01	8.604E-01	8.634E-01	8.638E-01
7.000E-02	8.624E-01	3.429E-02	8.263E-01	8.946E-01	8.655E-01	8.592E-01	8.621E-01	8.626E-01
8.000E-02	8.611E-01	3.349E-02	8.257E-01	8.923E-01	8.642E-01	8.579E-01	8.609E-01	8.613E-01
9.000E-02	8.597E-01	3.269E-02	8.250E-01	8.900E-01	8.629E-01	8.566E-01	8.595E-01	8.600E-01
1.000E-01	8.584E-01	3.190E-02	8.242E-01	8.877E-01	8.615E-01	8.552E-01	8.581E-01	8.586E-01
1.100E-01	8.569E-01	3.112E-02	8.234E-01	8.853E-01	8.600E-01	8.538E-01	8.567E-01	8.572E-01
1.200E-01	8.555E-01	3.034E-02	8.226E-01	8.829E-01	8.586E-01	8.524E-01	8.552E-01	8.557E-01
1.300E-01	8.540E-01	2.958E-02	8.217E-01	8.805E-01	8.571E-01	8.509E-01	8.537E-01	8.542E-01
1.400E-01	8.524E-01	2.882E-02	8.208E-01	8.781E-01	8.555E-01	8.493E-01	8.522E-01	8.527E-01
1.500E-01	8.508E-01	2.807E-02	8.199E-01	8.756E-01	8.539E-01	8.478E-01	8.506E-01	8.511E-01
1.600E-01	8.492E-01	2.733E-02	8.189E-01	8.732E-01	8.523E-01	8.462E-01	8.490E-01	8.495E-01
1.700E-01	8.476E-01	2.659E-02	8.179E-01	8.707E-01	8.507E-01	8.445E-01	8.474E-01	8.478E-01
1.800E-01	8.459E-01	2.587E-02	8.168E-01	8.682E-01	8.490E-01	8.429E-01	8.457E-01	8.462E-01
1.900E-01	8.442E-01	2.515E-02	8.158E-01	8.657E-01	8.473E-01	8.412E-01	8.440E-01	8.445E-01
2.000E-01	8.425E-01	2.444E-02	8.147E-01	8.632E-01	8.455E-01	8.395E-01	8.423E-01	8.428E-01
2.100E-01	8.408E-01	2.375E-02	8.136E-01	8.607E-01	8.438E-01	8.378E-01	8.405E-01	8.410E-01
2.200E-01	8.390E-01	2.306E-02	8.124E-01	8.582E-01	8.420E-01	8.360E-01	8.387E-01	8.393E-01
2.300E-01	8.372E-01	2.238E-02	8.113E-01	8.556E-01	8.402E-01	8.342E-01	8.369E-01	8.375E-01
2.400E-01	8.354E-01	2.170E-02	8.101E-01	8.531E-01	8.384E-01	8.324E-01	8.351E-01	8.357E-01
2.500E-01	8.336E-01	2.104E-02	8.089E-01	8.505E-01	8.365E-01	8.306E-01	8.333E-01	8.338E-01
2.600E-01	8.317E-01	2.039E-02	8.076E-01	8.480E-01	8.346E-01	8.288E-01	8.314E-01	8.320E-01
2.700E-01	8.298E-01	1.974E-02	8.063E-01	8.454E-01	8.328E-01	8.269E-01	8.295E-01	8.301E-01
2.800E-01	8.279E-01	1.911E-02	8.051E-01	8.428E-01	8.309E-01	8.250E-01	8.277E-01	8.282E-01
2.900E-01	8.260E-01	1.848E-02	8.037E-01	8.402E-01	8.289E-01	8.231E-01	8.257E-01	8.263E-01
3.000E-01	8.241E-01	1.786E-02	8.024E-01	8.377E-01	8.270E-01	8.212E-01	8.238E-01	8.244E-01
3.100E-01	8.222E-01	1.726E-02	8.011E-01	8.351E-01	8.250E-01	8.193E-01	8.219E-01	8.225E-01
3.200E-01	8.202E-01	1.666E-02	7.997E-01	8.325E-01	8.230E-01	8.173E-01	8.199E-01	8.205E-01
3.300E-01	8.182E-01	1.607E-02	7.983E-01	8.299E-01	8.211E-01	8.154E-01	8.179E-01	8.185E-01
3.400E-01	8.162E-01	1.548E-02	7.969E-01	8.273E-01	8.190E-01	8.134E-01	8.159E-01	8.165E-01
3.500E-01	8.142E-01	1.491E-02	7.954E-01	8.247E-01	8.170E-01	8.114E-01	8.139E-01	8.145E-01
3.600E-01	8.122E-01	1.435E-02	7.940E-01	8.221E-01	8.150E-01	8.094E-01	8.119E-01	8.125E-01
3.700E-01	8.102E-01	1.379E-02	7.925E-01	8.195E-01	8.129E-01	8.074E-01	8.098E-01	8.105E-01
3.800E-01	8.081E-01	1.325E-02	7.910E-01	8.169E-01	8.109E-01	8.054E-01	8.078E-01	8.084E-01
3.900E-01	8.061E-01	1.271E-02	7.895E-01	8.143E-01	8.088E-01	8.033E-01	8.057E-01	8.064E-01
4.000E-01	8.040E-01	1.218E-02	7.880E-01	8.117E-01	8.067E-01	8.013E-01	8.036E-01	8.043E-01
4.100E-01	8.019E-01	1.166E-02	7.864E-01	8.091E-01	8.046E-01	7.992E-01	8.016E-01	8.022E-01
4.200E-01	7.998E-01	1.115E-02	7.849E-01	8.065E-01	8.025E-01	7.971E-01	7.995E-01	8.001E-01
4.300E-01	7.977E-01	1.065E-02	7.833E-01	8.039E-01	8.004E-01	7.950E-01	7.973E-01	7.980E-01
4.400E-01	7.956E-01	1.016E-02	7.817E-01	8.013E-01	7.982E-01	7.929E-01	7.952E-01	7.959E-01
4.500E-01	7.934E-01	9.676E-03	7.801E-01	7.987E-01	7.961E-01	7.908E-01	7.931E-01	7.938E-01
4.600E-01	7.913E-01	9.202E-03	7.785E-01	7.961E-01	7.939E-01	7.887E-01	7.909E-01	7.917E-01
4.700E-01	7.892E-01	8.738E-03	7.769E-01	7.935E-01	7.918E-01	7.866E-01	7.888E-01	7.895E-01
4.800E-01	7.870E-01	8.282E-03	7.752E-01	7.909E-01	7.896E-01	7.844E-01	7.866E-01	7.874E-01
4.900E-01	7.848E-01	7.837E-03	7.735E-01	7.883E-01	7.874E-01	7.823E-01	7.845E-01	7.852E-01
5.000E-01	7.827E-01	7.401E-03	7.719E-01	7.857E-01	7.852E-01	7.801E-01	7.823E-01	7.831E-01
5.100E-01	7.805E-01	6.975E-03	7.702E-01	7.831E-01	7.830E-01	7.779E-01	7.801E-01	7.809E-01
5.200E-01	7.783E-01	6.559E-03	7.684E-01	7.805E-01	7.808E-01	7.758E-01	7.779E-01	7.787E-01
5.300E-01	7.761E-01	6.154E-03	7.667E-01	7.779E-01	7.786E-01	7.736E-01	7.757E-01	7.765E-01
5.400E-01	7.739E-01	5.760E-03	7.650E-01	7.754E-01	7.764E-01	7.714E-01	7.735E-01	7.743E-01
5.500E-01	7.717E-01	5.378E-03	7.632E-01	7.728E-01	7.741E-01	7.692E-01	7.713E-01	7.721E-01
5.600E-01	7.695E-01	5.008E-03	7.615E-01	7.702E-01	7.719E-01	7.670E-01	7.691E-01	7.699E-01
5.700E-01	7.672E-01	4.652E-03	7.597E-01	7.676E-01	7.697E-01	7.648E-01	7.668E-01	7.676E-01
5.800E-01	7.650E-01	4.310E-03	7.579E-01	7.650E-01	7.674E-01	7.626E-01	7.646E-01	7.654E-01
5.900E-01	7.628E-01	3.985E-03	7.561E-01	7.624E-01	7.652E-01	7.604E-01	7.623E-01	7.632E-01
6.000E-01	7.605E-01	3.678E-03	7.543E-01	7.599E-01	7.629E-01	7.581E-01	7.601E-01	7.609E-01
6.100E-01	7.583E-01	3.391E-03	7.525E-01	7.573E-01	7.606E-01	7.559E-01	7.578E-01	7.587E-01
6.200E-01	7.560E-01	3.128E-03	7.507E-01	7.547E-01	7.584E-01	7.537E-01	7.556E-01	7.564E-01
6.300E-01	7.538E-01	2.892E-03	7.488E-01	7.522E-01	7.561E-01	7.514E-01	7.533E-01	7.542E-01
6.400E-01	7.515E-01	2.688E-03	7.470E-01	7.496E-01	7.538E-01	7.492E-01	7.510E-01	7.519E-01
6.500E-01	7.492E-01	2.520E-03	7.451E-01	7.470E-01	7.515E-01	7.469E-01	7.488E-01	7.497E-01
6.600E-01	7.469E-01	2.393E-03	7.432E-01	7.445E-01	7.492E-01	7.447E-01	7.465E-01	7.474E-01
6.700E-01	7.447E-01	2.310E-03	7.413E-01	7.419E-01	7.469E-01	7.424E-01	7.442E-01	7.451E-01
6.800E-01	7.424E-01	2.275E-03	7.394E-01	7.394E-01	7.446E-01	7.401E-01	7.419E-01	7.428E-01
6.900E-01	7.401E-01	2.284E-03	7.375E-01	7.368E-01	7.423E-01	7.379E-01	7.396E-01	7.406E-01
7.000E-01	7.378E-01	2.337E-03	7.356E-01	7.343E-01	7.400E-01	7.356E-01	7.373E-01	7.383E-01
7.100E-01	7.355E-01	2.426E-03	7.337E-01	7.317E-01	7.377E-01	7.333E-01	7.350E-01	7.360E-01
7.200E-01	7.332E-01	2.547E-03	7.318E-01	7.292E-01	7.353E-01	7.310E-01	7.327E-01	7.337E-01
7.300E-01	7.309E-01	2.692E-03	7.298E-01	7.267E-01	7.330E-01	7.288E-01	7.304E-01	7.314E-01
7.400E-01	7.286E-01	2.856E-03	7.279E-01	7.242E-01	7.307E-01	7.265E-01	7.281E-01	7.291E-01
7.500E-01	7.263E-01	3.034E-03	7.259E-01	7.216E-01	7.284E-01	7.242E-01	7.258E-01	7.268E-01
7.600E-01	7.240E-01	3.222E-03	7.239E-01	7.191E-01	7.260E-01	7.219E-01	7.235E-01	7.245E-01
7.700E-01	7.217E-01	3.418E-03	7.220E-01	7.166E-01	7.237E-01	7.196E-01	7.212E-01	7.222E-01
7.800E-01	7.193E-01	3.617E-03	7.200E-01	7.141E-01	7.214E-01	7.173E-01	7.188E-01	7.198E-01
7.900E-01	7.170E-01	3.820E-03	7.180E-01	7.116E-01	7.190E-01	7.150E-01	7.165E-01	7.175E-01
8.000E-01	7.147E-01	4.023E-03	7.160E-01	7.091E-01	7.167E-01	7.127E-01	7.142E-01	7.152E-01
8.100E-01	7.124E-01	4.226E-03	7.140E-01	7.066E-01	7.144E-01	7.104E-01	7.119E-01	7.129E-01
8.200E-01	7.100E-01	4.428E-03	7.120E-01	7.041E-01	7.120E-01	7.081E-01	7.095E-01	7.106E-01
8.300E-01	7.077E-01	4.628E-03	7.099E-01	7.016E-01	7.097E-01	7.058E-01	7.072E-01	7.082E-01
8.400E-01	7.054E-01	4.826E-03	7.079E-01	6.991E-01	7.073E-01	7.035E-01	7.049E-01	7.059E-01
8.500E-01	7.031E-01	5.021E-03	7.059E-01	6.966E-01	7.050E-01	7.012E-01	7.025E-01	7.036E-01
8.600E-01	7.007E-01	5.213E-03	7.038E-01	6.942E-01	7.026E-01	6.988E-01	7.002E-01	7.013E-01
8.700E-01	6.984E-01	5.402E-03	7.018E-01	6.917E-01	7.003E-01	6.965E-01	6.979E-01	6.989E-01
8.800E-01	6.961E-01	5.586E-03	6.997E-01	6.892E-01	6.979E-01	6.942E-01	6.955E-01	6.966E-01
8.900E-01	6.937E-01	5.767E-03	6.977E-01	6.868E-01	6.956E-01	6.919E-01	6.932E-01	6.943E-01
9.000E-01	6.914E-01	5.944E-03	6.956E-01	6.843E-01	6.932E-01	6.896E-01	6.908E-01	6.919E-01
9.100E-01	6.891E-01	6.117E-03	6.935E-01	6.819E-01	6.908E-01	6.873E-01	6.885E-01	6.896E-01
9.200E-01	6.867E-01	6.285E-03	6.915E-01	6.794E-01	6.885E-01	6.850E-01	6.862E-01	6.873E-01
9.300E-01	6.844E-01	6.449E-03	6.894E-01	6.770E-01	6.861E-01	6.826E-01	6.838E-01	6.850E-01
9.400E-01	6.820E-01	6.608E-03	6.873E-01	6.746E-01	6.838E-01	6.803E-01	6.815E-01	6.826E-01
9.500E-01	6.797E-01	6.763E-03	6.852E-01	6.722E-01	6.814E-01	6.780E-01	6.791E-01	6.803E-01
9.600E-01	6.774E-01	6.914E-03	6.831E-01	6.697E-01	6.791E-01	6.757E-01	6.768E-01	6.780E-01
9.700E-01	6.750E-01	7.060E-03	6.810E-01	6.673E-01	6.767E-01	6.734E-01	6.745E-01	6.756E-01
9.800E-01	6.727E-01	7.202E-03	6.789E-01	6.649E-01	6.743E-01	6.710E-01	6.721E-01	6.733E-01
9.900E-01	6.704E-01	7.339E-03	6.768E-01	6.625E-01	6.720E-01	6.687E-01	6.698E-01	6.710E-01
1.000E+00	6.680E-01	7.472E-03	6.746E-01	6.601E-01	6.696E-01	6.664E-01	6.674E-01	6.686E-01
1.010E+00	6.657E-01	7.600E-03	6.725E-01	6.577E-01	6.673E-01	6.641E-01	6.651E-01	6.663E-01
1.020E+00	6.634E-01	7.724E-03	6.704E-01	6.553E-01	6.649E-01	6.618E-01	6.627E-01	6.640E-01
1.030E+00	6.610E-01	7.843E-03	6.683E-01	6.529E-01	6.626E-01	6.595E-01	6.604E-01	6.616E-01
1.040E+00	6.587E-01	7.958E-03	6.661E-01	6.505E-01	6.602E-01	6.571E-01	6.581E-01	6.593E-01
1.050E+00	6.563E-01	8.068E-03	6.640E-01	6.482E-01	6.579E-01	6.548E-01	6.557E-01	6.570E-01
1.060E+00	6.540E-01	8.175E-03	6.618E-01	6.458E-01	6.555E-01	6.525E-01	6.534E-01	6.546E-01
1.070E+00	6.517E-01	8.276E-03	6.597E-01	6.434E-01	6.532E-01	6.502E-01	6.511E-01	6.523E-01
1.080E+00	6.494E-01	8.374E-03	6.575E-01	6.411E-01	6.508E-01	6.479E-01	6.487E-01	6.500E-01
1.090E+00	6.470E-01	8.467E-03	6.554E-01	6.387E-01	6.485E-01	6.456E-01	6.464E-01	6.477E-01
1.100E+00	6.447E-01	8.556E-03	6.532E-01	6.364E-01	6.461E-01	6.433E-01	6.441E-01	6.453E-01
1.110E+00	6.424E-01	8.641E-03	6.511E-01	6.341E-01	6.438E-01	6.410E-01	6.417E-01	6.430E-01
1.120E+00	6.400E-01	8.721E-03	6.489E-01	6.317E-01	6.414E-01	6.387E-01	6.394E-01	6.407E-01
1.130E+00	6.377E-01	8.798E-03	6.467E-01	6.294E-01	6.391E-01	6.363E-01	6.371E-01	6.384E-01
1.140E+00	6.354E-01	8.870E-03	6.446E-01	6.271E-01	6.367E-01	6.340E-01	6.348E-01	6.360E-01
1.150E+00	6.331E-01	8.938E-03	6.424E-01	6.248E-01	6.344E-01	6.317E-01	6.324E-01	6.337E-01
1.160E+00	6.308E-01	9.002E-03	6.402E-01	6.225E-01	6.321E-01	6.294E-01	6.301E-01	6.314E-01
1.170E+00	6.284E-01	9.062E-03	6.380E-01	6.201E-01	6.297E-01	6.271E-01	6.278E-01	6.291E-01
1.180E+00	6.261E-01	9.119E-03	6.359E-01	6.178E-01	6.274E-01	6.248E-01	6.255E-01	6.268E-01
1.190E+00	6.238E-01	9.171E-03	6.337E-01	6.156E-01	6.251E-01	6.226E-01	6.232E-01	6.245E-01
1.200E+00	6.215E-01	9.220E-03	6.315E-01	6.133E-01	6.227E-01	6.203E-01	6.208E-01	6.222E-01
1.210E+00	6.192E-01	9.264E-03	6.293E-01	6.110E-01	6.204E-01	6.180E-01	6.185E-01	6.199E-01
1.220E+00	6.169E-01	9.305E-03	6.271E-01	6.087E-01	6.181E-01	6.157E-01	6.162E-01	6.176E-01
1.230E+00	6.146E-01	9.343E-03	6.249E-01	6.064E-01	6.158E-01	6.134E-01	6.139E-01	6.153E-01
1.240E+00	6.123E-01	9.376E-03	6.227E-01	6.042E-01	6.135E-01	6.111E-01	6.116E-01	6.130E-01
1.250E+00	6.100E-01	9.406E-03	6.205E-01	6.019E-01	6.111E-01	6.088E-01	6.093E-01	6.107E-01
1.260E+00	6.077E-01	9.432E-03	6.184E-01	5.997E-01	6.088E-01	6.066E-01	6.070E-01	6.084E-01
1.270E+00	6.054E-01	9.455E-03	6.162E-01	5.974E-01	6.065E-01	6.043E-01	6.047E-01	6.061E-01
1.280E+00	6.031E-01	9.474E-03	6.140E-01	5.952E-01	6.042E-01	6.020E-01	6.024E-01	6.038E-01
1.290E+00	6.008E-01	9.489E-03	6.118E-01	5.930E-01	6.019E-01	5.997E-01	6.001E-01	6.015E-01
1.300E+00	5.985E-01	9.502E-03	6.096E-01	5.907E-01	5.996E-01	5.975E-01	5.978E-01	5.992E-01
1.310E+00	5.963E-01	9.510E-03	6.074E-01	5.885E-01	5.973E-01	5.952E-01	5.956E-01	5.970E-01
1.320E+00	5.940E-01	9.516E-03	6.052E-01	5.863E-01	5.950E-01	5.930E-01	5.933E-01	5.947E-01
1.330E+00	5.917E-01	9.518E-03	6.030E-01	5.841E-01	5.927E-01	5.907E-01	5.910E-01	5.924E-01
1.340E+00	5.894E-01	9.517E-03	6.008E-01	5.819E-01	5.904E-01	5.884E-01	5.887E-01	5.902E-01
1.350E+00	5.872E-01	9.512E-03	5.986E-01	5.797E-01	5.881E-01	5.862E-01	5.864E-01	5.879E-01
1.360E+00	5.849E-01	9.505E-03	5.964E-01	5.775E-01	5.859E-01	5.839E-01	5.842E-01	5.856E-01
1.370E+00	5.826E-01	9.494E-03	5.942E-01	5.753E-01	5.836E-01	5.817E-01	5.819E-01	5.834E-01
1.380E+00	5.804E-01	9.480E-03	5.919E-01	5.731E-01	5.813E-01	5.795E-01	5.797E-01	5.811E-01
1.390E+00	5.781E-01	9.463E-03	5.897E-01	5.710E-01	5.790E-01	5.772E-01	5.774E-01	5.789E-01
1.400E+00	5.759E-01	9.443E-03	5.875E-01	5.688E-01	5.768E-01	5.750E-01	5.751E-01	5.766E-01
1.410E+00	5.736E-01	9.420E-03	5.853E-01	5.666E-01	5.745E-01	5.728E-01	5.729E-01	5.744E-01
1.420E+00	5.714E-01	9.394E-03	5.831E-01	5.645E-01	5.722E-01	5.705E-01	5.706E-01	5.721E-01
1.430E+00	5.691E-01	9.365E-03	5.809E-01	5.623E-01	5.700E-01	5.683E-01	5.684E-01	5.699E-01
1.440E+00	5.669E-01	9.334E-03	5.787E-01	5.602E-01	5.677E-01	5.661E-01	5.661E-01	5.676E-01
1.450E+00	5.647E-01	9.299E-03	5.765E-01	5.581E-01	5.655E-01	5.639E-01	5.639E-01	5.654E-01
1.460E+00	5.624E-01	9.262E-03	5.743E-01	5.559E-01	5.632E-01	5.616E-01	5.617E-01	5.632E-01
1.470E+00	5.602E-01	9.222E-03	5.721E-01	5.538E-01	5.610E-01	5.594E-01	5.594E-01	5.610E-01
1.480E+00	5.580E-01	9.179E-03	5.699E-01	5.517E-01	5.587E-01	5.572E-01	5.572E-01	5.587E-01
1.490E+00	5.558E-01	9.134E-03	5.677E-01	5.496E-01	5.565E-01	5.550E-01	5.550E-01	5.565E-01
1.500E+00	5.535E-01	9.085E-03	5.655E-01	5.475E-01	5.543E-01	5.528E-01	5.528E-01	5.543E-01
1.510E+00	5.513E-01	9.035E-03	5.633E-01	5.454E-01	5.520E-01	5.506E-01	5.506E-01	5.521E-01
1.520E+00	5.491E-01	8.981E-03	5.611E-01	5.433E-01	5.498E-01	5.484E-01	5.484E-01	5.499E-01
1.530E+00	5.469E-01	8.926E-03	5.589E-01	5.412E-01	5.476E-01	5.463E-01	5.462E-01	5.477E-01
1.540E+00	5.447E-01	8.867E-03	5.567E-01	5.391E-01	5.454E-01	5.441E-01	5.439E-01	5.455E-01
1.550E+00	5.425E-01	8.807E-03	5.545E-01	5.370E-01	5.432E-01	5.419E-01	5.418E-01	5.433E-01
1.560E+00	5.403E-01	8.744E-03	5.523E-01	5.350E-01	5.409E-01	5.397E-01	5.396E-01	5.411E-01
1.570E+00	5.382E-01	8.678E-03	5.502E-01	5.329E-01	5.387E-01	5.375E-01	5.374E-01	5.389E-01
1.580E+00	5.360E-01	8.610E-03	5.480E-01	5.309E-01	5.365E-01	5.354E-01	5.352E-01	5.368E-01
1.590E+00	5.338E-01	8.540E-03	5.458E-01	5.288E-01	5.344E-01	5.332E-01	5.330E-01	5.346E-01
1.600E+00	5.316E-01	8.468E-03	5.436E-01	5.268E-01	5.322E-01	5.311E-01	5.308E-01	5.324E-01
1.610E+00	5.294E-01	8.393E-03	5.414E-01	5.247E-01	5.300E-01	5.289E-01	5.287E-01	5.302E-01
1.620E+00	5.273E-01	8.317E-03	5.392E-01	5.227E-01	5.278E-01	5.268E-01	5.265E-01	5.281E-01
1.630E+00	5.251E-01	8.238E-03	5.370E-01	5.207E-01	5.256E-01	5.246E-01	5.243E-01	5.259E-01
1.640E+00	5.230E-01	8.157E-03	5.349E-01	5.187E-01	5.234E-01	5.225E-01	5.222E-01	5.238E-01
1.650E+00	5.208E-01	8.074E-03	5.327E-01	5.166E-01	5.213E-01	5.203E-01	5.200E-01	5.216E-01
1.660E+00	5.187E-01	7.989E-03	5.305E-01	5.146E-01	5.191E-01	5.182E-01	5.179E-01	5.195E-01
1.670E+00	5.165E-01	7.901E-03	5.283E-01	5.126E-01	5.170E-01	5.161E-01	5.157E-01	5.173E-01
1.680E+00	5.144E-01	7.812E-03	5.262E-01	5.106E-01	5.148E-01	5.140E-01	5.136E-01	5.152E-01
1.690E+00	5.123E-01	7.721E-03	5.240E-01	5.087E-01	5.127E-01	5.118E-01	5.114E-01	5.131E-01
1.700E+00	5.101E-01	7.629E-03	5.218E-01	5.067E-01	5.105E-01	5.097E-01	5.093E-01	5.109E-01
1.710E+00	5.080E-01	7.534E-03	5.197E-01	5.047E-01	5.084E-01	5.076E-01	5.072E-01	5.088E-01
1.720E+00	5.059E-01	7.437E-03	5.175E-01	5.027E-01	5.062E-01	5.055E-01	5.051E-01	5.067E-01
1.730E+00	5.038E-01	7.339E-03	5.153E-01	5.008E-01	5.041E-01	5.034E-01	5.030E-01	5.046E-01
1.740E+00	5.017E-01	7.239E-03	5.132E-01	4.988E-01	5.020E-01	5.013E-01	5.008E-01	5.025E-01
1.750E+00	4.996E-01	7.137E-03	5.110E-01	4.969E-01	4.999E-01	4.992E-01	4.987E-01	5.004E-01
1.760E+00	4.975E-01	7.033E-03	5.089E-01	4.949E-01	4.978E-01	4.972E-01	4.966E-01	4.983E-01
1.770E+00	4.954E-01	6.928E-03	5.067E-01	4.930E-01	4.956E-01	4.951E-01	4.945E-01	4.962E-01
1.780E+00	4.933E-01	6.821E-03	5.046E-01	4.910E-01	4.935E-01	4.930E-01	4.924E-01	4.941E-01
1.790E+00	4.912E-01	6.713E-03	5.024E-01	4.891E-01	4.914E-01	4.909E-01	4.904E-01	4.920E-01
1.800E+00	4.891E-01	6.603E-03	5.003E-01	4.872E-01	4.893E-01	4.889E-01	4.883E-01	4.899E-01
1.810E+00	4.870E-01	6.492E-03	4.981E-01	4.853E-01	4.873E-01	4.868E-01	4.862E-01	4.879E-01
1.820E+00	4.850E-01	6.379E-03	4.960E-01	4.834E-01	4.852E-01	4.847E-01	4.841E-01	4.858E-01
1.830E+00	4.829E-01	6.265E-03	4.939E-01	4.815E-01	4.831E-01	4.827E-01	4.821E-01	4.837E-01
1.840E+00	4.808E-01	6.149E-03	4.917E-01	4.796E-01	4.810E-01	4.807E-01	4.800E-01	4.817E-01
1.850E+00	4.788E-01	6.032E-03	4.896E-01	4.777E-01	4.790E-01	4.786E-01	4.779E-01	4.796E-01
1.860E+00	4.767E-01	5.913E-03	4.875E-01	4.758E-01	4.769E-01	4.766E-01	4.759E-01	4.776E-01
1.870E+00	4.747E-01	5.793E-03	4.854E-01	4.739E-01	4.748E-01	4.745E-01	4.738E-01	4.755E-01
1.880E+00	4.727E-01	5.672E-03	4.833E-01	4.720E-01	4.728E-01	4.725E-01	4.718E-01	4.735E-01
1.890E+00	4.706E-01	5.550E-03	4.811E-01	4.702E-01	4.707E-01	4.705E-01	4.698E-01	4.715E-01
1.900E+00	4.686E-01	5.427E-03	4.790E-01	4.683E-01	4.687E-01	4.685E-01	4.677E-01	4.694E-01
1.910E+00	4.666E-01	5.302E-03	4.769E-01	4.665E-01	4.667E-01	4.665E-01	4.657E-01	4.674E-01
1.920E+00	4.646E-01	5.176E-03	4.748E-01	4.646E-01	4.646E-01	4.645E-01	4.637E-01	4.654E-01
1.930E+00	4.625E-01	5.050E-03	4.727E-01	4.628E-01	4.626E-01	4.625E-01	4.617E-01	4.634E-01
1.940E+00	4.605E-01	4.922E-03	4.706E-01	4.609E-01	4.606E-01	4.605E-01	4.597E-01	4.614E-01
1.950E+00	4.585E-01	4.793E-03	4.685E-01	4.591E-01	4.586E-01	4.585E-01	4.577E-01	4.594E-01
1.960E+00	4.565E-01	4.663E-03	4.665E-01	4.573E-01	4.565E-01	4.565E-01	4.557E-01	4.574E-01
1.970E+00	4.545E-01	4.532E-03	4.644E-01	4.555E-01	4.545E-01	4.545E-01	4.537E-01	4.554E-01
1.980E+00	4.526E-01	4.401E-03	4.623E-01	4.537E-01	4.525E-01	4.526E-01	4.517E-01	4.534E-01
1.990E+00	4.506E-01	4.268E-03	4.602E-01	4.519E-01	4.506E-01	4.506E-01	4.497E-01	4.514E-01
2.000E+00	4.486E-01	4.135E-03	4.581E-01	4.501E-01	4.486E-01	4.486E-01	4.477E-01	4.495E-01
2.010E+00	4.466E-01	4.001E-03	4.561E-01	4.483E-01	4.466E-01	4.467E-01	4.458E-01	4.475E-01
2.020E+00	4.447E-01	3.867E-03	4.540E-01	4.465E-01	4.446E-01	4.447E-01	4.438E-01	4.455E-01
2.030E+00	4.427E-01	3.731E-03	4.519E-01	4.447E-01	4.426E-01	4.428E-01	4.418E-01	4.436E-01
2.040E+00	4.408E-01	3.596E-03	4.499E-01	4.429E-01	4.407E-01	4.408E-01	4.399E-01	4.416E-01
2.050E+00	4.388E-01	3.460E-03	4.478E-01	4.411E-01	4.387E-01	4.389E-01	4.379E-01	4.397E-01
2.060E+00	4.369E-01	3.323E-03	4.458E-01	4.394E-01	4.368E-01	4.370E-01	4.360E-01	4.377E-01
2.070E+00	4.349E-01	3.186E-03	4.437E-01	4.376E-01	4.348E-01	4.350E-01	4.341E-01	4.358E-01
2.080E+00	4.330E-01	3.049E-03	4.417E-01	4.359E-01	4.329E-01	4.331E-01	4.321E-01	4.339E-01
2.090E+00	4.311E-01	2.912E-03	4.397E-01	4.341E-01	4.309E-01	4.312E-01	4.302E-01	4.320E-01
2.100E+00	4.291E-01	2.775E-03	4.376E-01	4.324E-01	4.290E-01	4.293E-01	4.283E-01	4.300E-01
2.110E+00	4.272E-01	2.638E-03	4.356E-01	4.306E-01	4.271E-01	4.274E-01	4.264E-01	4.281E-01
2.120E+00	4.253E-01	2.502E-03	4.336E-01	4.289E-01	4.251E-01	4.255E-01	4.244E-01	4.262E-01
2.130E+00	4.234E-01	2.366E-03	4.316E-01	4.272E-01	4.232E-01	4.236E-01	4.225E-01	4.243E-01
2.140E+00	4.215E-01	2.232E-03	4.296E-01	4.255E-01	4.213E-01	4.217E-01	4.206E-01	4.224E-01
2.150E+00	4.196E-01	2.098E-03	4.275E-01	4.238E-01	4.194E-01	4.198E-01	4.187E-01	4.205E-01
2.160E+00	4.177E-01	1.967E-03	4.255E-01	4.221E-01	4.175E-01	4.180E-01	4.169E-01	4.186E-01
2.170E+00	4.159E-01	1.837E-03	4.235E-01	4.204E-01	4.156E-01	4.161E-01	4.150E-01	4.168E-01
2.180E+00	4.140E-01	1.710E-03	4.215E-01	4.187E-01	4.137E-01	4.142E-01	4.131E-01	4.149E-01
2.190E+00	4.121E-01	1.588E-03	4.195E-01	4.170E-01	4.118E-01	4.124E-01	4.112E-01	4.130E-01
2.200E+00	4.103E-01	1.470E-03	4.176E-01	4.153E-01	4.100E-01	4.105E-01	4.094E-01	4.111E-01
2.210E+00	4.084E-01	1.359E-03	4.156E-01	4.136E-01	4.081E-01	4.087E-01	4.075E-01	4.093E-01
2.220E+00	4.065E-01	1.256E-03	4.136E-01	4.119E-01	4.062E-01	4.068E-01	4.056E-01	4.074E-01
2.230E+00	4.047E-01	1.164E-03	4.116E-01	4.103E-01	4.044E-01	4.050E-01	4.038E-01	4.056E-01
2.240E+00	4.029E-01	1.086E-03	4.097E-01	4.086E-01	4.025E-01	4.032E-01	4.020E-01	4.037E-01
2.250E+00	4.010E-01	1.025E-03	4.077E-01	4.070E-01	4.007E-01	4.013E-01	4.001E-01	4.019E-01
2.260E+00	3.992E-01	9.842E-04	4.057E-01	4.053E-01	3.988E-01	3.995E-01	3.983E-01	4.001E-01
2.270E+00	3.974E-01	9.671E-04	4.038E-01	4.037E-01	3.970E-01	3.977E-01	3.965E-01	3.983E-01
2.280E+00	3.955E-01	9.748E-04	4.018E-01	4.020E-01	3.952E-01	3.959E-01	3.946E-01	3.964E-01
2.290E+00	3.937E-01	1.007E-03	3.999E-01	4.004E-01	3.934E-01	3.941E-01	3.928E-01	3.946E-01
2.300E+00	3.919E-01	1.061E-03	3.980E-01	3.988E-01	3.915E-01	3.923E-01	3.910E-01	3.928E-01
2.310E+00	3.901E-01	1.135E-03	3.960E-01	3.972E-01	3.897E-01	3.905E-01	3.892E-01	3.910E-01
2.320E+00	3.883E-01	1.225E-03	3.941E-01	3.955E-01	3.879E-01	3.887E-01	3.874E-01	3.892E-01
2.330E+00	3.865E-01	1.327E-03	3.922E-01	3.939E-01	3.861E-01	3.869E-01	3.856E-01	3.874E-01
2.340E+00	3.848E-01	1.439E-03	3.903E-01	3.923E-01	3.843E-01	3.852E-01	3.838E-01	3.857E-01
2.350E+00	3.830E-01	1.560E-03	3.883E-01	3.907E-01	3.825E-01	3.834E-01	3.821E-01	3.839E-01
2.360E+00	3.812E-01	1.687E-03	3.864E-01	3.891E-01	3.807E-01	3.816E-01	3.803E-01	3.821E-01
2.370E+00	3.794E-01	1.818E-03	3.845E-01	3.876E-01	3.790E-01	3.799E-01	3.785E-01	3.803E-01
2.380E+00	3.777E-01	1.954E-03	3.826E-01	3.860E-01	3.772E-01	3.781E-01	3.768E-01	3.786E-01
2.390E+00	3.759E-01	2.093E-03	3.807E-01	3.844E-01	3.754E-01	3.764E-01	3.750E-01	3.768E-01
2.400E+00	3.742E-01	2.235E-03	3.789E-01	3.828E-01	3.737E-01	3.746E-01	3.733E-01	3.751E-01
2.410E+00	3.724E-01	2.379E-03	3.770E-01	3.813E-01	3.719E-01	3.729E-01	3.715E-01	3.733E-01
2.420E+00	3.707E-01	2.525E-03	3.751E-01	3.797E-01	3.702E-01	3.712E-01	3.698E-01	3.716E-01
2.430E+00	3.689E-01	2.673E-03	3.732E-01	3.782E-01	3.684E-01	3.695E-01	3.680E-01	3.699E-01
2.440E+00	3.672E-01	2.822E-03	3.714E-01	3.766E-01	3.667E-01	3.677E-01	3.663E-01	3.681E-01
2.450E+00	3.655E-01	2.972E-03	3.695E-01	3.751E-01	3.650E-01	3.660E-01	3.646E-01	3.664E-01
2.460E+00	3.638E-01	3.122E-03	3.677E-01	3.735E-01	3.632E-01	3.643E-01	3.629E-01	3.647E-01
2.470E+00	3.621E-01	3.274E-03	3.658E-01	3.720E-01	3.615E-01	3.626E-01	3.612E-01	3.630E-01
2.480E+00	3.604E-01	3.427E-03	3.640E-01	3.705E-01	3.598E-01	3.609E-01	3.595E-01	3.613E-01
2.490E+00	3.587E-01	3.579E-03	3.621E-01	3.690E-01	3.581E-01	3.592E-01	3.578E-01	3.596E-01
2.500E+00	3.570E-01	3.733E-03	3.603E-01	3.674E-01	3.564E-01	3.576E-01	3.561E-01	3.579E-01
2.510E+00	3.553E-01	3.887E-03	3.585E-01	3.659E-01	3.547E-01	3.559E-01	3.544E-01	3.562E-01
2.520E+00	3.536E-01	4.041E-03	3.566E-01	3.644E-01	3.530E-01	3.542E-01	3.527E-01	3.545E-01
2.530E+00	3.519E-01	4.196E-03	3.548E-01	3.629E-01	3.513E-01	3.525E-01	3.510E-01	3.528E-01
2.540E+00	3.503E-01	4.350E-03	3.530E-01	3.614E-01	3.496E-01	3.509E-01	3.494E-01	3.512E-01
2.550E+00	3.486E-01	4.505E-03	3.512E-01	3.599E-01	3.480E-01	3.492E-01	3.477E-01	3.495E-01
2.560E+00	3.469E-01	4.660E-03	3.494E-01	3.585E-01	3.463E-01	3.476E-01	3.460E-01	3.479E-01
2.570E+00	3.453E-01	4.815E-03	3.476E-01	3.570E-01	3.446E-01	3.459E-01	3.444E-01	3.462E-01
2.580E+00	3.436E-01	4.971E-03	3.458E-01	3.555E-01	3.430E-01	3.443E-01	3.427E-01	3.446E-01
2.590E+00	3.420E-01	5.126E-03	3.440E-01	3.540E-01	3.413E-01	3.427E-01	3.411E-01	3.429E-01
2.600E+00	3.404E-01	5.281E-03	3.423E-01	3.526E-01	3.397E-01	3.410E-01	3.395E-01	3.413E-01
2.610E+00	3.387E-01	5.437E-03	3.405E-01	3.511E-01	3.381E-01	3.394E-01	3.378E-01	3.397E-01
2.620E+00	3.371E-01	5.592E-03	3.387E-01	3.497E-01	3.364E-01	3.378E-01	3.362E-01	3.380E-01
2.630E+00	3.355E-01	5.747E-03	3.370E-01	3.482E-01	3.348E-01	3.362E-01	3.346E-01	3.364E-01
2.640E+00	3.339E-01	5.902E-03	3.352E-01	3.468E-01	3.332E-01	3.346E-01	3.330E-01	3.348E-01
2.650E+00	3.323E-01	6.057E-03	3.335E-01	3.453E-01	3.316E-01	3.330E-01	3.314E-01	3.332E-01
2.660E+00	3.307E-01	6.212E-03	3.317E-01	3.439E-01	3.300E-01	3.314E-01	3.298E-01	3.316E-01
2.670E+00	3.291E-01	6.367E-03	3.300E-01	3.425E-01	3.284E-01	3.298E-01	3.282E-01	3.300E-01
2.680E+00	3.275E-01	6.521E-03	3.282E-01	3.411E-01	3.268E-01	3.282E-01	3.266E-01	3.284E-01
2.690E+00	3.259E-01	6.675E-03	3.265E-01	3.397E-01	3.252E-01	3.267E-01	3.250E-01	3.268E-01
2.700E+00	3.243E-01	6.829E-03	3.248E-01	3.383E-01	3.236E-01	3.251E-01	3.234E-01	3.253E-01
2.710E+00	3.228E-01	6.983E-03	3.231E-01	3.368E-01	3.220E-01	3.235E-01	3.219E-01	3.237E-01
2.720E+00	3.212E-01	7.137E-03	3.214E-01	3.354E-01	3.204E-01	3.220E-01	3.203E-01	3.221E-01
2.730E+00	3.196E-01	7.290E-03	3.197E-01	3.341E-01	3.189E-01	3.204E-01	3.187E-01	3.206E-01
2.740E+00	3.181E-01	7.443E-03	3.180E-01	3.327E-01	3.173E-01	3.189E-01	3.172E-01	3.190E-01
2.750E+00	3.165E-01	7.596E-03	3.163E-01	3.313E-01	3.158E-01	3.173E-01	3.156E-01	3.174E-01
2.760E+00	3.150E-01	7.748E-03	3.146E-01	3.299E-01	3.142E-01	3.158E-01	3.141E-01	3.159E-01
2.770E+00	3.135E-01	7.900E-03	3.129E-01	3.285E-01	3.127E-01	3.143E-01	3.126E-01	3.144E-01
2.780E+00	3.119E-01	8.052E-03	3.112E-01	3.272E-01	3.111E-01	3.127E-01	3.110E-01	3.128E-01
2.790E+00	3.104E-01	8.203E-03	3.096E-01	3.258E-01	3.096E-01	3.112E-01	3.095E-01	3.113E-01
2.800E+00	3.089E-01	8.354E-03	3.079E-01	3.244E-01	3.081E-01	3.097E-01	3.080E-01	3.098E-01
2.810E+00	3.074E-01	8.505E-03	3.062E-01	3.231E-01	3.065E-01	3.082E-01	3.065E-01	3.083E-01
2.820E+00	3.059E-01	8.655E-03	3.046E-01	3.217E-01	3.050E-01	3.067E-01	3.050E-01	3.068E-01
2.830E+00	3.044E-01	8.805E-03	3.030E-01	3.204E-01	3.035E-01	3.052E-01	3.034E-01	3.053E-01
2.840E+00	3.029E-01	8.955E-03	3.013E-01	3.190E-01	3.020E-01	3.037E-01	3.019E-01	3.038E-01
2.850E+00	3.014E-01	9.104E-03	2.997E-01	3.177E-01	3.005E-01	3.022E-01	3.005E-01	3.023E-01
2.860E+00	2.999E-01	9.252E-03	2.981E-01	3.164E-01	2.990E-01	3.007E-01	2.990E-01	3.008E-01
2.870E+00	2.984E-01	9.400E-03	2.964E-01	3.151E-01	2.975E-01	2.993E-01	2.975E-01	2.993E-01
2.880E+00	2.969E-01	9.548E-03	2.948E-01	3.137E-01	2.960E-01	2.978E-01	2.960E-01	2.978E-01
2.890E+00	2.955E-01	9.695E-03	2.932E-01	3.124E-01	2.946E-01	2.963E-01	2.945E-01	2.964E-01
2.900E+00	2.940E-01	9.842E-03	2.916E-01	3.111E-01	2.931E-01	2.949E-01	2.931E-01	2.949E-01
2.910E+00	2.925E-01	9.988E-03	2.900E-01	3.098E-01	2.916E-01	2.934E-01	2.916E-01	2.934E-01
2.920E+00	2.911E-01	1.013E-02	2.884E-01	3.085E-01	2.902E-01	2.920E-01	2.902E-01	2.920E-01
2.930E+00	2.896E-01	1.028E-02	2.868E-01	3.072E-01	2.887E-01	2.905E-01	2.887E-01	2.905E-01
2.940E+00	2.882E-01	1.042E-02	2.852E-01	3.059E-01	2.873E-01	2.891E-01	2.873E-01	2.891E-01
2.950E+00	2.867E-01	1.057E-02	2.837E-01	3.046E-01	2.858E-01	2.877E-01	2.859E-01	2.877E-01
2.960E+00	2.853E-01	1.071E-02	2.821E-01	3.034E-01	2.844E-01	2.862E-01	2.844E-01	2.862E-01
2.970E+00	2.839E-01	1.085E-02	2.805E-01	3.021E-01	2.830E-01	2.848E-01	2.830E-01	2.848E-01
2.980E+00	2.825E-01	1.100E-02	2.790E-01	3.008E-01	2.815E-01	2.834E-01	2.816E-01	2.834E-01
2.990E+00	2.811E-01	1.114E-02	2.774E-01	2.996E-01	2.801E-01	2.820E-01	2.802E-01	2.820E-01
3.000E+00	2.797E-01	1.128E-02	2.759E-01	2.983E-01	2.787E-01	2.806E-01	2.788E-01	2.806E-01
