1.000E-02	9.775E-01	9.104E-04	9.783E-01	9.767E-01	9.780E-01	9.770E-01	9.775E-01	9.775E-01
2.000E-02	9.773E-01	9.055E-04	9.781E-01	9.766E-01	9.778E-01	9.769E-01	9.773E-01	9.774E-01
3.000E-02	9.772E-01	8.991E-04	9.779E-01	9.764E-01	9.776E-01	9.767E-01	9.771E-01	9.772E-01
4.000E-02	9.769E-01	8.913E-04	9.777E-01	9.761E-01	9.774E-01	9.764E-01	9.769E-01	9.769E-01
5.000E-02	9.766E-01	8.826E-04	9.773E-01	9.758E-01	9.771E-01	9.761E-01	9.766E-01	9.766E-01
6.000E-02	9.762E-01	8.730E-04	9.770E-01	9.755E-01	9.767E-01	9.757E-01	9.762E-01	9.762E-01
7.000E-02	9.758E-01	8.627E-04	9.765E-01	9.751E-01	9.763E-01	9.753E-01	9.758E-01	9.758E-01
8.000E-02	9.753E-01	8.518E-04	9.760E-01	9.746E-01	9.758E-01	9.749E-01	9.753E-01	9.754E-01
9.000E-02	9.748E-01	8.403E-04	9.755E-01	9.741E-01	9.753E-01	9.744E-01	9.748E-01	9.748E-01
1.000E-01	9.743E-01	8.283E-04	9.749E-01	9.736E-01	9.747E-01	9.738E-01	9.743E-01	9.743E-01
1.100E-01	9.737E-01	8.160E-04	9.743E-01	9.730E-01	9.741E-01	9.732E-01	9.736E-01	9.737E-01
1.200E-01	9.730E-01	8.032E-04	9.737E-01	9.724E-01	9.735E-01	9.725E-01	9.730E-01	9.730E-01
1.300E-01	9.723E-01	7.902E-04	9.730E-01	9.717E-01	9.728E-01	9.719E-01	9.723E-01	9.723E-01
1.400E-01	9.716E-01	7.769E-04	9.722E-01	9.710E-01	9.721E-01	9.711E-01	9.716E-01	9.716E-01
1.500E-01	9.708E-01	7.635E-04	9.714E-01	9.702E-01	9.713E-01	9.703E-01	9.708E-01	9.708E-01
1.600E-01	9.700E-01	7.498E-04	9.706E-01	9.694E-01	9.705E-01	9.695E-01	9.700E-01	9.700E-01
1.700E-01	9.691E-01	7.361E-04	9.697E-01	9.686E-01	9.696E-01	9.687E-01	9.691E-01	9.691E-01
1.800E-01	9.682E-01	7.222E-04	9.688E-01	9.677E-01	9.687E-01	9.678E-01	9.682E-01	9.682E-01
1.900E-01	9.673E-01	7.083E-04	9.678E-01	9.667E-01	9.677E-01	9.668E-01	9.673E-01	9.673E-01
2.000E-01	9.663E-01	6.944E-04	9.668E-01	9.658E-01	9.668E-01	9.658E-01	9.663E-01	9.663E-01
2.100E-01	9.653E-01	6.805E-04	9.658E-01	9.648E-01	9.657E-01	9.648E-01	9.653E-01	9.653E-01
2.200E-01	9.642E-01	6.667E-04	9.647E-01	9.637E-01	9.647E-01	9.638E-01	9.642E-01	9.642E-01
2.300E-01	9.631E-01	6.529E-04	9.636E-01	9.627E-01	9.636E-01	9.627E-01	9.631E-01	9.632E-01
2.400E-01	9.620E-01	6.393E-04	9.624E-01	9.616E-01	9.625E-01	9.615E-01	9.620E-01	9.620E-01
2.500E-01	9.608E-01	6.258E-04	9.613E-01	9.604E-01	9.613E-01	9.604E-01	9.608E-01	9.609E-01
2.600E-01	9.596E-01	6.124E-04	9.600E-01	9.592E-01	9.601E-01	9.592E-01	9.596E-01	9.597E-01
2.700E-01	9.584E-01	5.993E-04	9.588E-01	9.580E-01	9.588E-01	9.579E-01	9.584E-01	9.584E-01
2.800E-01	9.571E-01	5.864E-04	9.575E-01	9.567E-01	9.576E-01	9.567E-01	9.571E-01	9.571E-01
2.900E-01	9.558E-01	5.738E-04	9.562E-01	9.555E-01	9.563E-01	9.554E-01	9.558E-01	9.558E-01
3.000E-01	9.545E-01	5.614E-04	9.548E-01	9.541E-01	9.549E-01	9.540E-01	9.544E-01	9.545E-01
3.100E-01	9.531E-01	5.494E-04	9.534E-01	9.528E-01	9.535E-01	9.526E-01	9.531E-01	9.531E-01
3.200E-01	9.517E-01	5.377E-04	9.520E-01	9.514E-01	9.521E-01	9.512E-01	9.517E-01	9.517E-01
3.300E-01	9.502E-01	5.265E-04	9.505E-01	9.500E-01	9.507E-01	9.498E-01	9.502E-01	9.503E-01
3.400E-01	9.488E-01	5.156E-04	9.490E-01	9.485E-01	9.492E-01	9.483E-01	9.487E-01	9.488E-01
3.500E-01	9.473E-01	5.051E-04	9.475E-01	9.470E-01	9.477E-01	9.468E-01	9.472E-01	9.473E-01
3.600E-01	9.457E-01	4.951E-04	9.459E-01	9.455E-01	9.462E-01	9.453E-01	9.457E-01	9.457E-01
3.700E-01	9.441E-01	4.856E-04	9.443E-01	9.439E-01	9.446E-01	9.437E-01	9.441E-01	9.442E-01
3.800E-01	9.425E-01	4.767E-04	9.427E-01	9.423E-01	9.430E-01	9.421E-01	9.425E-01	9.426E-01
3.900E-01	9.409E-01	4.682E-04	9.411E-01	9.407E-01	9.413E-01	9.405E-01	9.409E-01	9.409E-01
4.000E-01	9.392E-01	4.603E-04	9.394E-01	9.391E-01	9.397E-01	9.388E-01	9.392E-01	9.393E-01
4.100E-01	9.375E-01	4.530E-04	9.377E-01	9.374E-01	9.380E-01	9.371E-01	9.375E-01	9.376E-01
4.200E-01	9.358E-01	4.462E-04	9.359E-01	9.357E-01	9.363E-01	9.354E-01	9.358E-01	9.359E-01
4.300E-01	9.341E-01	4.401E-04	9.342E-01	9.340E-01	9.345E-01	9.336E-01	9.340E-01	9.341E-01
4.400E-01	9.323E-01	4.346E-04	9.324E-01	9.322E-01	9.327E-01	9.319E-01	9.323E-01	9.323E-01
4.500E-01	9.305E-01	4.297E-04	9.305E-01	9.304E-01	9.309E-01	9.301E-01	9.304E-01	9.305E-01
4.600E-01	9.286E-01	4.254E-04	9.287E-01	9.286E-01	9.291E-01	9.282E-01	9.286E-01	9.287E-01
4.700E-01	9.268E-01	4.218E-04	9.268E-01	9.267E-01	9.272E-01	9.263E-01	9.267E-01	9.268E-01
4.800E-01	9.249E-01	4.187E-04	9.249E-01	9.249E-01	9.253E-01	9.245E-01	9.248E-01	9.249E-01
4.900E-01	9.229E-01	4.163E-04	9.229E-01	9.229E-01	9.234E-01	9.225E-01	9.229E-01	9.230E-01
5.000E-01	9.210E-01	4.145E-04	9.210E-01	9.210E-01	9.214E-01	9.206E-01	9.210E-01	9.210E-01
5.100E-01	9.190E-01	4.133E-04	9.190E-01	9.191E-01	9.194E-01	9.186E-01	9.190E-01	9.191E-01
5.200E-01	9.170E-01	4.127E-04	9.170E-01	9.171E-01	9.174E-01	9.166E-01	9.170E-01	9.171E-01
5.300E-01	9.150E-01	4.126E-04	9.149E-01	9.150E-01	9.154E-01	9.146E-01	9.150E-01	9.150E-01
5.400E-01	9.129E-01	4.131E-04	9.128E-01	9.130E-01	9.133E-01	9.125E-01	9.129E-01	9.130E-01
5.500E-01	9.108E-01	4.140E-04	9.108E-01	9.109E-01	9.113E-01	9.104E-01	9.108E-01	9.109E-01
5.600E-01	9.087E-01	4.155E-04	9.086E-01	9.088E-01	9.091E-01	9.083E-01	9.087E-01	9.088E-01
5.700E-01	9.066E-01	4.173E-04	9.065E-01	9.067E-01	9.070E-01	9.062E-01	9.066E-01	9.066E-01
5.800E-01	9.045E-01	4.196E-04	9.043E-01	9.046E-01	9.048E-01	9.041E-01	9.044E-01	9.045E-01
5.900E-01	9.023E-01	4.223E-04	9.021E-01	9.024E-01	9.027E-01	9.019E-01	9.022E-01	9.023E-01
6.000E-01	9.001E-01	4.253E-04	8.999E-01	9.002E-01	9.005E-01	8.997E-01	9.000E-01	9.001E-01
6.100E-01	8.978E-01	4.286E-04	8.977E-01	8.980E-01	8.982E-01	8.975E-01	8.978E-01	8.979E-01
6.200E-01	8.956E-01	4.323E-04	8.954E-01	8.958E-01	8.960E-01	8.952E-01	8.955E-01	8.956E-01
6.300E-01	8.933E-01	4.361E-04	8.931E-01	8.935E-01	8.937E-01	8.929E-01	8.933E-01	8.934E-01
6.400E-01	8.910E-01	4.402E-04	8.908E-01	8.912E-01	8.914E-01	8.906E-01	8.910E-01	8.911E-01
6.500E-01	8.887E-01	4.445E-04	8.885E-01	8.889E-01	8.891E-01	8.883E-01	8.887E-01	8.887E-01
6.600E-01	8.864E-01	4.490E-04	8.861E-01	8.866E-01	8.867E-01	8.860E-01	8.863E-01	8.864E-01
6.700E-01	8.840E-01	4.536E-04	8.837E-01	8.842E-01	8.844E-01	8.836E-01	8.839E-01	8.840E-01
6.800E-01	8.816E-01	4.583E-04	8.813E-01	8.819E-01	8.820E-01	8.812E-01	8.816E-01	8.816E-01
6.900E-01	8.792E-01	4.631E-04	8.789E-01	8.795E-01	8.796E-01	8.788E-01	8.791E-01	8.792E-01
7.000E-01	8.768E-01	4.679E-04	8.765E-01	8.771E-01	8.771E-01	8.764E-01	8.767E-01	8.768E-01
7.100E-01	8.743E-01	4.728E-04	8.740E-01	8.746E-01	8.747E-01	8.740E-01	8.743E-01	8.744E-01
7.200E-01	8.718E-01	4.777E-04	8.715E-01	8.722E-01	8.722E-01	8.715E-01	8.718E-01	8.719E-01
7.300E-01	8.694E-01	4.826E-04	8.690E-01	8.697E-01	8.697E-01	8.690E-01	8.693E-01	8.694E-01
7.400E-01	8.668E-01	4.875E-04	8.665E-01	8.672E-01	8.672E-01	8.665E-01	8.668E-01	8.669E-01
7.500E-01	8.643E-01	4.923E-04	8.640E-01	8.647E-01	8.647E-01	8.640E-01	8.643E-01	8.644E-01
7.600E-01	8.618E-01	4.971E-04	8.614E-01	8.621E-01	8.621E-01	8.614E-01	8.617E-01	8.618E-01
7.700E-01	8.592E-01	5.018E-04	8.588E-01	8.596E-01	8.595E-01	8.589E-01	8.591E-01	8.592E-01
7.800E-01	8.566E-01	5.065E-04	8.562E-01	8.570E-01	8.570E-01	8.563E-01	8.566E-01	8.567E-01
7.900E-01	8.540E-01	5.110E-04	8.536E-01	8.544E-01	8.543E-01	8.537E-01	8.540E-01	8.541E-01
8.000E-01	8.514E-01	5.154E-04	8.510E-01	8.518E-01	8.517E-01	8.510E-01	8.513E-01	8.514E-01
8.100E-01	8.487E-01	5.197E-04	8.483E-01	8.491E-01	8.491E-01	8.484E-01	8.487E-01	8.488E-01
8.200E-01	8.461E-01	5.239E-04	8.457E-01	8.465E-01	8.464E-01	8.458E-01	8.460E-01	8.461E-01
8.300E-01	8.434E-01	5.279E-04	8.430E-01	8.438E-01	8.437E-01	8.431E-01	8.434E-01	8.435E-01
8.400E-01	8.407E-01	5.318E-04	8.403E-01	8.411E-01	8.410E-01	8.404E-01	8.407E-01	8.408E-01
8.500E-01	8.380E-01	5.355E-04	8.376E-01	8.384E-01	8.383E-01	8.377E-01	8.380E-01	8.381E-01
8.600E-01	8.353E-01	5.390E-04	8.348E-01	8.357E-01	8.356E-01	8.350E-01	8.352E-01	8.353E-01
8.700E-01	8.325E-01	5.424E-04	8.321E-01	8.330E-01	8.329E-01	8.322E-01	8.325E-01	8.326E-01
8.800E-01	8.298E-01	5.456E-04	8.293E-01	8.302E-01	8.301E-01	8.295E-01	8.297E-01	8.298E-01
8.900E-01	8.270E-01	5.486E-04	8.266E-01	8.275E-01	8.273E-01	8.267E-01	8.269E-01	8.271E-01
9.000E-01	8.242E-01	5.514E-04	8.238E-01	8.247E-01	8.245E-01	8.239E-01	8.242E-01	8.243E-01
9.100E-01	8.214E-01	5.540E-04	8.210E-01	8.219E-01	8.217E-01	8.211E-01	8.214E-01	8.215E-01
9.200E-01	8.186E-01	5.564E-04	8.181E-01	8.191E-01	8.189E-01	8.183E-01	8.185E-01	8.187E-01
9.300E-01	8.158E-01	5.585E-04	8.153E-01	8.162E-01	8.161E-01	8.155E-01	8.157E-01	8.158E-01
9.400E-01	8.129E-01	5.605E-04	8.124E-01	8.134E-01	8.132E-01	8.126E-01	8.129E-01	8.130E-01
9.500E-01	8.101E-01	5.622E-04	8.096E-01	8.105E-01	8.103E-01	8.098E-01	8.100E-01	8.101E-01
9.600E-01	8.072E-01	5.638E-04	8.067E-01	8.077E-01	8.075E-01	8.069E-01	8.071E-01	8.072E-01
9.700E-01	8.043E-01	5.651E-04	8.038E-01	8.048E-01	8.046E-01	8.040E-01	8.042E-01	8.044E-01
9.800E-01	8.014E-01	5.662E-04	8.009E-01	8.019E-01	8.017E-01	8.011E-01	8.013E-01	8.015E-01
9.900E-01	7.985E-01	5.670E-04	7.980E-01	7.990E-01	7.988E-01	7.982E-01	7.984E-01	7.985E-01
1.000E+00	7.955E-01	5.676E-04	7.951E-01	7.960E-01	7.958E-01	7.953E-01	7.955E-01	7.956E-01
1.010E+00	7.926E-01	5.680E-04	7.921E-01	7.931E-01	7.929E-01	7.923E-01	7.925E-01	7.927E-01
1.020E+00	7.897E-01	5.682E-04	7.892E-01	7.902E-01	7.899E-01	7.894E-01	7.896E-01	7.897E-01
1.030E+00	7.867E-01	5.681E-04	7.862E-01	7.872E-01	7.870E-01	7.864E-01	7.866E-01	7.868E-01
1.040E+00	7.837E-01	5.678E-04	7.832E-01	7.842E-01	7.840E-01	7.835E-01	7.836E-01	7.838E-01
1.050E+00	7.807E-01	5.672E-04	7.802E-01	7.812E-01	7.810E-01	7.805E-01	7.807E-01	7.808E-01
1.060E+00	7.777E-01	5.665E-04	7.772E-01	7.782E-01	7.780E-01	7.775E-01	7.777E-01	7.778E-01
1.070E+00	7.747E-01	5.654E-04	7.742E-01	7.752E-01	7.750E-01	7.745E-01	7.747E-01	7.748E-01
1.080E+00	7.717E-01	5.642E-04	7.712E-01	7.722E-01	7.720E-01	7.715E-01	7.716E-01	7.718E-01
1.090E+00	7.687E-01	5.627E-04	7.682E-01	7.692E-01	7.689E-01	7.684E-01	7.686E-01	7.687E-01
1.100E+00	7.656E-01	5.609E-04	7.651E-01	7.661E-01	7.659E-01	7.654E-01	7.656E-01	7.657E-01
1.110E+00	7.626E-01	5.590E-04	7.621E-01	7.631E-01	7.628E-01	7.623E-01	7.625E-01	7.627E-01
1.120E+00	7.595E-01	5.567E-04	7.590E-01	7.600E-01	7.598E-01	7.593E-01	7.595E-01	7.596E-01
1.130E+00	7.565E-01	5.543E-04	7.560E-01	7.570E-01	7.567E-01	7.562E-01	7.564E-01	7.565E-01
1.140E+00	7.534E-01	5.516E-04	7.529E-01	7.539E-01	7.536E-01	7.532E-01	7.533E-01	7.535E-01
1.150E+00	7.503E-01	5.487E-04	7.498E-01	7.508E-01	7.505E-01	7.501E-01	7.502E-01	7.504E-01
1.160E+00	7.472E-01	5.456E-04	7.467E-01	7.477E-01	7.474E-01	7.470E-01	7.471E-01	7.473E-01
1.170E+00	7.441E-01	5.422E-04	7.436E-01	7.446E-01	7.443E-01	7.439E-01	7.440E-01	7.442E-01
1.180E+00	7.410E-01	5.386E-04	7.405E-01	7.415E-01	7.412E-01	7.408E-01	7.409E-01	7.411E-01
1.190E+00	7.379E-01	5.347E-04	7.374E-01	7.384E-01	7.381E-01	7.377E-01	7.378E-01	7.380E-01
1.200E+00	7.348E-01	5.307E-04	7.343E-01	7.352E-01	7.350E-01	7.345E-01	7.347E-01	7.348E-01
1.210E+00	7.316E-01	5.264E-04	7.311E-01	7.321E-01	7.318E-01	7.314E-01	7.315E-01	7.317E-01
1.220E+00	7.285E-01	5.218E-04	7.280E-01	7.290E-01	7.287E-01	7.283E-01	7.284E-01	7.286E-01
1.230E+00	7.253E-01	5.171E-04	7.249E-01	7.258E-01	7.255E-01	7.251E-01	7.252E-01	7.254E-01
1.240E+00	7.222E-01	5.121E-04	7.217E-01	7.226E-01	7.224E-01	7.220E-01	7.221E-01	7.223E-01
1.250E+00	7.190E-01	5.070E-04	7.186E-01	7.195E-01	7.192E-01	7.188E-01	7.189E-01	7.191E-01
1.260E+00	7.159E-01	5.016E-04	7.154E-01	7.163E-01	7.160E-01	7.157E-01	7.158E-01	7.159E-01
1.270E+00	7.127E-01	4.960E-04	7.122E-01	7.131E-01	7.129E-01	7.125E-01	7.126E-01	7.128E-01
1.280E+00	7.095E-01	4.901E-04	7.091E-01	7.100E-01	7.097E-01	7.093E-01	7.094E-01	7.096E-01
1.290E+00	7.063E-01	4.841E-04	7.059E-01	7.068E-01	7.065E-01	7.061E-01	7.062E-01	7.064E-01
1.300E+00	7.031E-01	4.779E-04	7.027E-01	7.036E-01	7.033E-01	7.030E-01	7.030E-01	7.032E-01
1.310E+00	6.999E-01	4.714E-04	6.995E-01	7.004E-01	7.001E-01	6.998E-01	6.999E-01	7.000E-01
1.320E+00	6.967E-01	4.648E-04	6.963E-01	6.972E-01	6.969E-01	6.966E-01	6.967E-01	6.968E-01
1.330E+00	6.935E-01	4.580E-04	6.931E-01	6.940E-01	6.937E-01	6.934E-01	6.935E-01	6.936E-01
1.340E+00	6.903E-01	4.510E-04	6.899E-01	6.908E-01	6.905E-01	6.902E-01	6.902E-01	6.904E-01
1.350E+00	6.871E-01	4.438E-04	6.867E-01	6.875E-01	6.873E-01	6.870E-01	6.870E-01	6.872E-01
1.360E+00	6.839E-01	4.364E-04	6.835E-01	6.843E-01	6.841E-01	6.838E-01	6.838E-01	6.840E-01
1.370E+00	6.807E-01	4.288E-04	6.803E-01	6.811E-01	6.809E-01	6.805E-01	6.806E-01	6.808E-01
1.380E+00	6.775E-01	4.210E-04	6.771E-01	6.779E-01	6.776E-01	6.773E-01	6.774E-01	6.776E-01
1.390E+00	6.743E-01	4.131E-04	6.739E-01	6.746E-01	6.744E-01	6.741E-01	6.742E-01	6.744E-01
1.400E+00	6.710E-01	4.050E-04	6.707E-01	6.714E-01	6.712E-01	6.709E-01	6.709E-01	6.711E-01
1.410E+00	6.678E-01	3.967E-04	6.674E-01	6.682E-01	6.679E-01	6.677E-01	6.677E-01	6.679E-01
1.420E+00	6.646E-01	3.883E-04	6.642E-01	6.649E-01	6.647E-01	6.644E-01	6.645E-01	6.647E-01
1.430E+00	6.613E-01	3.797E-04	6.610E-01	6.617E-01	6.615E-01	6.612E-01	6.612E-01	6.614E-01
1.440E+00	6.581E-01	3.710E-04	6.578E-01	6.584E-01	6.582E-01	6.580E-01	6.580E-01	6.582E-01
1.450E+00	6.549E-01	3.621E-04	6.545E-01	6.552E-01	6.550E-01	6.547E-01	6.548E-01	6.550E-01
1.460E+00	6.516E-01	3.531E-04	6.513E-01	6.519E-01	6.518E-01	6.515E-01	6.515E-01	6.517E-01
1.470E+00	6.484E-01	3.440E-04	6.481E-01	6.487E-01	6.485E-01	6.483E-01	6.483E-01	6.485E-01
1.480E+00	6.451E-01	3.347E-04	6.448E-01	6.454E-01	6.453E-01	6.450E-01	6.450E-01	6.452E-01
1.490E+00	6.419E-01	3.254E-04	6.416E-01	6.422E-01	6.420E-01	6.418E-01	6.418E-01	6.420E-01
1.500E+00	6.387E-01	3.159E-04	6.384E-01	6.389E-01	6.388E-01	6.385E-01	6.386E-01	6.388E-01
1.510E+00	6.354E-01	3.063E-04	6.351E-01	6.357E-01	6.355E-01	6.353E-01	6.353E-01	6.355E-01
1.520E+00	6.322E-01	2.966E-04	6.319E-01	6.324E-01	6.323E-01	6.321E-01	6.321E-01	6.323E-01
1.530E+00	6.289E-01	2.869E-04	6.287E-01	6.292E-01	6.290E-01	6.288E-01	6.288E-01	6.290E-01
1.540E+00	6.257E-01	2.771E-04	6.254E-01	6.259E-01	6.258E-01	6.256E-01	6.256E-01	6.258E-01
1.550E+00	6.224E-01	2.672E-04	6.222E-01	6.227E-01	6.225E-01	6.223E-01	6.223E-01	6.225E-01
1.560E+00	6.192E-01	2.573E-04	6.190E-01	6.194E-01	6.193E-01	6.191E-01	6.191E-01	6.193E-01
1.570E+00	6.159E-01	2.474E-04	6.157E-01	6.161E-01	6.160E-01	6.158E-01	6.158E-01	6.160E-01
1.580E+00	6.127E-01	2.376E-04	6.125E-01	6.129E-01	6.128E-01	6.126E-01	6.126E-01	6.128E-01
1.590E+00	6.095E-01	2.277E-04	6.093E-01	6.096E-01	6.095E-01	6.094E-01	6.093E-01	6.096E-01
1.600E+00	6.062E-01	2.179E-04	6.061E-01	6.064E-01	6.063E-01	6.061E-01	6.061E-01	6.063E-01
1.610E+00	6.030E-01	2.082E-04	6.028E-01	6.031E-01	6.031E-01	6.029E-01	6.029E-01	6.031E-01
1.620E+00	5.997E-01	1.986E-04	5.996E-01	5.999E-01	5.998E-01	5.997E-01	5.996E-01	5.998E-01
1.630E+00	5.965E-01	1.893E-04	5.964E-01	5.966E-01	5.966E-01	5.964E-01	5.964E-01	5.966E-01
1.640E+00	5.933E-01	1.801E-04	5.931E-01	5.934E-01	5.933E-01	5.932E-01	5.932E-01	5.934E-01
1.650E+00	5.900E-01	1.713E-04	5.899E-01	5.901E-01	5.901E-01	5.900E-01	5.899E-01	5.901E-01
1.660E+00	5.868E-01	1.628E-04	5.867E-01	5.869E-01	5.869E-01	5.867E-01	5.867E-01	5.869E-01
1.670E+00	5.836E-01	1.549E-04	5.835E-01	5.837E-01	5.836E-01	5.835E-01	5.835E-01	5.837E-01
1.680E+00	5.803E-01	1.475E-04	5.803E-01	5.804E-01	5.804E-01	5.803E-01	5.802E-01	5.805E-01
1.690E+00	5.771E-01	1.408E-04	5.771E-01	5.772E-01	5.772E-01	5.771E-01	5.770E-01	5.772E-01
1.700E+00	5.739E-01	1.350E-04	5.739E-01	5.740E-01	5.740E-01	5.738E-01	5.738E-01	5.740E-01
1.710E+00	5.707E-01	1.301E-04	5.707E-01	5.707E-01	5.707E-01	5.706E-01	5.706E-01	5.708E-01
1.720E+00	5.675E-01	1.264E-04	5.675E-01	5.675E-01	5.675E-01	5.674E-01	5.674E-01	5.676E-01
1.730E+00	5.643E-01	1.240E-04	5.643E-01	5.643E-01	5.643E-01	5.642E-01	5.642E-01	5.644E-01
1.740E+00	5.611E-01	1.229E-04	5.611E-01	5.611E-01	5.611E-01	5.610E-01	5.609E-01	5.612E-01
1.750E+00	5.579E-01	1.233E-04	5.579E-01	5.578E-01	5.579E-01	5.578E-01	5.577E-01	5.580E-01
1.760E+00	5.547E-01	1.251E-04	5.547E-01	5.546E-01	5.547E-01	5.546E-01	5.545E-01	5.548E-01
1.770E+00	5.515E-01	1.283E-04	5.515E-01	5.514E-01	5.515E-01	5.514E-01	5.513E-01	5.516E-01
1.780E+00	5.483E-01	1.329E-04	5.483E-01	5.482E-01	5.483E-01	5.482E-01	5.482E-01	5.484E-01
1.790E+00	5.451E-01	1.387E-04	5.452E-01	5.450E-01	5.451E-01	5.451E-01	5.450E-01	5.452E-01
1.800E+00	5.419E-01	1.456E-04	5.420E-01	5.418E-01	5.419E-01	5.419E-01	5.418E-01	5.420E-01
1.810E+00	5.387E-01	1.534E-04	5.388E-01	5.386E-01	5.388E-01	5.387E-01	5.386E-01	5.388E-01
1.820E+00	5.356E-01	1.621E-04	5.357E-01	5.355E-01	5.356E-01	5.355E-01	5.354E-01	5.357E-01
1.830E+00	5.324E-01	1.715E-04	5.325E-01	5.323E-01	5.324E-01	5.324E-01	5.323E-01	5.325E-01
1.840E+00	5.292E-01	1.815E-04	5.294E-01	5.291E-01	5.293E-01	5.292E-01	5.291E-01	5.293E-01
1.850E+00	5.261E-01	1.921E-04	5.262E-01	5.259E-01	5.261E-01	5.261E-01	5.260E-01	5.262E-01
1.860E+00	5.229E-01	2.032E-04	5.231E-01	5.228E-01	5.229E-01	5.229E-01	5.228E-01	5.230E-01
1.870E+00	5.198E-01	2.146E-04	5.200E-01	5.196E-01	5.198E-01	5.198E-01	5.197E-01	5.199E-01
1.880E+00	5.166E-01	2.264E-04	5.168E-01	5.165E-01	5.166E-01	5.166E-01	5.165E-01	5.168E-01
1.890E+00	5.135E-01	2.384E-04	5.137E-01	5.133E-01	5.135E-01	5.135E-01	5.134E-01	5.136E-01
1.900E+00	5.104E-01	2.508E-04	5.106E-01	5.102E-01	5.104E-01	5.104E-01	5.103E-01	5.105E-01
1.910E+00	5.073E-01	2.633E-04	5.075E-01	5.070E-01	5.073E-01	5.072E-01	5.071E-01	5.074E-01
1.920E+00	5.041E-01	2.761E-04	5.044E-01	5.039E-01	5.041E-01	5.041E-01	5.040E-01	5.043E-01
1.930E+00	5.010E-01	2.890E-04	5.013E-01	5.008E-01	5.010E-01	5.010E-01	5.009E-01	5.011E-01
1.940E+00	4.979E-01	3.021E-04	4.982E-01	4.977E-01	4.979E-01	4.979E-01	4.978E-01	4.980E-01
1.950E+00	4.948E-01	3.153E-04	4.951E-01	4.945E-01	4.948E-01	4.948E-01	4.947E-01	4.950E-01
1.960E+00	4.917E-01	3.287E-04	4.921E-01	4.914E-01	4.917E-01	4.917E-01	4.916E-01	4.919E-01
1.970E+00	4.887E-01	3.421E-04	4.890E-01	4.883E-01	4.886E-01	4.887E-01	4.885E-01	4.888E-01
1.980E+00	4.856E-01	3.556E-04	4.859E-01	4.853E-01	4.856E-01	4.856E-01	4.855E-01	4.857E-01
1.990E+00	4.825E-01	3.693E-04	4.829E-01	4.822E-01	4.825E-01	4.825E-01	4.824E-01	4.826E-01
2.000E+00	4.795E-01	3.829E-04	4.798E-01	4.791E-01	4.794E-01	4.795E-01	4.793E-01	4.796E-01
2.010E+00	4.764E-01	3.967E-04	4.768E-01	4.760E-01	4.764E-01	4.764E-01	4.763E-01	4.765E-01
2.020E+00	4.734E-01	4.105E-04	4.738E-01	4.730E-01	4.733E-01	4.734E-01	4.732E-01	4.735E-01
2.030E+00	4.703E-01	4.244E-04	4.707E-01	4.699E-01	4.703E-01	4.703E-01	4.702E-01	4.704E-01
2.040E+00	4.673E-01	4.382E-04	4.677E-01	4.669E-01	4.673E-01	4.673E-01	4.672E-01	4.674E-01
2.050E+00	4.643E-01	4.522E-04	4.647E-01	4.638E-01	4.642E-01	4.643E-01	4.641E-01	4.644E-01
2.060E+00	4.613E-01	4.661E-04	4.617E-01	4.608E-01	4.612E-01	4.613E-01	4.611E-01	4.614E-01
2.070E+00	4.582E-01	4.801E-04	4.587E-01	4.578E-01	4.582E-01	4.583E-01	4.581E-01	4.584E-01
2.080E+00	4.552E-01	4.941E-04	4.557E-01	4.548E-01	4.552E-01	4.553E-01	4.551E-01	4.554E-01
2.090E+00	4.523E-01	5.081E-04	4.528E-01	4.518E-01	4.522E-01	4.523E-01	4.521E-01	4.524E-01
2.100E+00	4.493E-01	5.221E-04	4.498E-01	4.488E-01	4.492E-01	4.493E-01	4.492E-01	4.494E-01
2.110E+00	4.463E-01	5.361E-04	4.468E-01	4.458E-01	4.463E-01	4.463E-01	4.462E-01	4.464E-01
2.120E+00	4.433E-01	5.501E-04	4.439E-01	4.428E-01	4.433E-01	4.434E-01	4.432E-01	4.435E-01
2.130E+00	4.404E-01	5.641E-04	4.409E-01	4.398E-01	4.403E-01	4.404E-01	4.403E-01	4.405E-01
2.140E+00	4.374E-01	5.781E-04	4.380E-01	4.369E-01	4.374E-01	4.375E-01	4.373E-01	4.376E-01
2.150E+00	4.345E-01	5.920E-04	4.351E-01	4.339E-01	4.345E-01	4.345E-01	4.344E-01	4.346E-01
2.160E+00	4.316E-01	6.060E-04	4.322E-01	4.310E-01	4.315E-01	4.316E-01	4.314E-01	4.317E-01
2.170E+00	4.287E-01	6.199E-04	4.293E-01	4.281E-01	4.286E-01	4.287E-01	4.285E-01	4.288E-01
2.180E+00	4.257E-01	6.338E-04	4.264E-01	4.251E-01	4.257E-01	4.258E-01	4.256E-01	4.259E-01
2.190E+00	4.228E-01	6.477E-04	4.235E-01	4.222E-01	4.228E-01	4.229E-01	4.227E-01	4.230E-01
2.200E+00	4.199E-01	6.615E-04	4.206E-01	4.193E-01	4.199E-01	4.200E-01	4.198E-01	4.201E-01
2.210E+00	4.171E-01	6.753E-04	4.177E-01	4.164E-01	4.170E-01	4.171E-01	4.169E-01	4.172E-01
2.220E+00	4.142E-01	6.891E-04	4.149E-01	4.135E-01	4.141E-01	4.143E-01	4.141E-01	4.143E-01
2.230E+00	4.113E-01	7.028E-04	4.120E-01	4.107E-01	4.113E-01	4.114E-01	4.112E-01	4.115E-01
2.240E+00	4.085E-01	7.165E-04	4.092E-01	4.078E-01	4.084E-01	4.085E-01	4.084E-01	4.086E-01
2.250E+00	4.056E-01	7.301E-04	4.064E-01	4.049E-01	4.056E-01	4.057E-01	4.055E-01	4.058E-01
2.260E+00	4.028E-01	7.437E-04	4.035E-01	4.021E-01	4.027E-01	4.029E-01	4.027E-01	4.029E-01
2.270E+00	4.000E-01	7.573E-04	4.007E-01	3.992E-01	3.999E-01	4.000E-01	3.999E-01	4.001E-01
2.280E+00	3.972E-01	7.707E-04	3.979E-01	3.964E-01	3.971E-01	3.972E-01	3.970E-01	3.973E-01
2.290E+00	3.944E-01	7.842E-04	3.951E-01	3.936E-01	3.943E-01	3.944E-01	3.942E-01	3.945E-01
2.300E+00	3.916E-01	7.975E-04	3.924E-01	3.908E-01	3.915E-01	3.916E-01	3.914E-01	3.917E-01
2.310E+00	3.888E-01	8.108E-04	3.896E-01	3.880E-01	3.887E-01	3.889E-01	3.887E-01	3.889E-01
2.320E+00	3.860E-01	8.241E-04	3.868E-01	3.852E-01	3.859E-01	3.861E-01	3.859E-01	3.861E-01
2.330E+00	3.832E-01	8.372E-04	3.841E-01	3.824E-01	3.832E-01	3.833E-01	3.831E-01	3.834E-01
2.340E+00	3.805E-01	8.503E-04	3.813E-01	3.797E-01	3.804E-01	3.806E-01	3.804E-01	3.806E-01
2.350E+00	3.778E-01	8.634E-04	3.786E-01	3.769E-01	3.777E-01	3.778E-01	3.776E-01	3.779E-01
2.360E+00	3.750E-01	8.763E-04	3.759E-01	3.742E-01	3.749E-01	3.751E-01	3.749E-01	3.752E-01
2.370E+00	3.723E-01	8.892E-04	3.732E-01	3.714E-01	3.722E-01	3.724E-01	3.722E-01	3.724E-01
2.380E+00	3.696E-01	9.020E-04	3.705E-01	3.687E-01	3.695E-01	3.697E-01	3.695E-01	3.697E-01
2.390E+00	3.669E-01	9.148E-04	3.678E-01	3.660E-01	3.668E-01	3.670E-01	3.668E-01	3.670E-01
2.400E+00	3.642E-01	9.274E-04	3.651E-01	3.633E-01	3.641E-01	3.643E-01	3.641E-01	3.643E-01
2.410E+00	3.615E-01	9.400E-04	3.625E-01	3.606E-01	3.614E-01	3.616E-01	3.614E-01	3.617E-01
2.420E+00	3.589E-01	9.525E-04	3.598E-01	3.579E-01	3.588E-01	3.590E-01	3.587E-01	3.590E-01
2.430E+00	3.562E-01	9.649E-04	3.572E-01	3.553E-01	3.561E-01	3.563E-01	3.561E-01	3.563E-01
2.440E+00	3.536E-01	9.772E-04	3.545E-01	3.526E-01	3.535E-01	3.537E-01	3.534E-01	3.537E-01
2.450E+00	3.509E-01	9.894E-04	3.519E-01	3.500E-01	3.508E-01	3.510E-01	3.508E-01	3.511E-01
2.460E+00	3.483E-01	1.002E-03	3.493E-01	3.473E-01	3.482E-01	3.484E-01	3.482E-01	3.484E-01
2.470E+00	3.457E-01	1.014E-03	3.467E-01	3.447E-01	3.456E-01	3.458E-01	3.456E-01	3.458E-01
2.480E+00	3.431E-01	1.026E-03	3.441E-01	3.421E-01	3.430E-01	3.432E-01	3.430E-01	3.432E-01
2.490E+00	3.405E-01	1.037E-03	3.416E-01	3.395E-01	3.404E-01	3.406E-01	3.404E-01	3.407E-01
2.500E+00	3.379E-01	1.049E-03	3.390E-01	3.369E-01	3.378E-01	3.381E-01	3.378E-01	3.381E-01
2.510E+00	3.354E-01	1.061E-03	3.364E-01	3.343E-01	3.353E-01	3.355E-01	3.353E-01	3.355E-01
2.520E+00	3.328E-01	1.072E-03	3.339E-01	3.318E-01	3.327E-01	3.329E-01	3.327E-01	3.330E-01
2.530E+00	3.303E-01	1.084E-03	3.314E-01	3.292E-01	3.302E-01	3.304E-01	3.302E-01	3.304E-01
2.540E+00	3.278E-01	1.095E-03	3.289E-01	3.267E-01	3.277E-01	3.279E-01	3.276E-01	3.279E-01
2.550E+00	3.252E-01	1.106E-03	3.263E-01	3.242E-01	3.251E-01	3.254E-01	3.251E-01	3.254E-01
2.560E+00	3.227E-01	1.117E-03	3.238E-01	3.216E-01	3.226E-01	3.228E-01	3.226E-01	3.229E-01
2.570E+00	3.202E-01	1.128E-03	3.214E-01	3.191E-01	3.201E-01	3.204E-01	3.201E-01	3.204E-01
2.580E+00	3.178E-01	1.139E-03	3.189E-01	3.166E-01	3.176E-01	3.179E-01	3.176E-01	3.179E-01
2.590E+00	3.153E-01	1.150E-03	3.164E-01	3.142E-01	3.152E-01	3.154E-01	3.152E-01	3.154E-01
2.600E+00	3.128E-01	1.161E-03	3.140E-01	3.117E-01	3.127E-01	3.129E-01	3.127E-01	3.130E-01
2.610E+00	3.104E-01	1.171E-03	3.115E-01	3.092E-01	3.103E-01	3.105E-01	3.103E-01	3.105E-01
2.620E+00	3.079E-01	1.182E-03	3.091E-01	3.068E-01	3.078E-01	3.081E-01	3.078E-01	3.081E-01
2.630E+00	3.055E-01	1.192E-03	3.067E-01	3.043E-01	3.054E-01	3.056E-01	3.054E-01	3.056E-01
2.640E+00	3.031E-01	1.202E-03	3.043E-01	3.019E-01	3.030E-01	3.032E-01	3.030E-01	3.032E-01
2.650E+00	3.007E-01	1.213E-03	3.019E-01	2.995E-01	3.006E-01	3.008E-01	3.006E-01	3.008E-01
2.660E+00	2.983E-01	1.223E-03	2.995E-01	2.971E-01	2.982E-01	2.984E-01	2.982E-01	2.984E-01
2.670E+00	2.959E-01	1.232E-03	2.972E-01	2.947E-01	2.958E-01	2.961E-01	2.958E-01	2.961E-01
2.680E+00	2.936E-01	1.242E-03	2.948E-01	2.924E-01	2.935E-01	2.937E-01	2.935E-01	2.937E-01
2.690E+00	2.912E-01	1.252E-03	2.925E-01	2.900E-01	2.911E-01	2.913E-01	2.911E-01	2.913E-01
2.700E+00	2.889E-01	1.261E-03	2.901E-01	2.876E-01	2.888E-01	2.890E-01	2.888E-01	2.890E-01
2.710E+00	2.866E-01	1.271E-03	2.878E-01	2.853E-01	2.864E-01	2.867E-01	2.864E-01	2.867E-01
2.720E+00	2.842E-01	1.280E-03	2.855E-01	2.830E-01	2.841E-01	2.844E-01	2.841E-01	2.844E-01
2.730E+00	2.819E-01	1.289E-03	2.832E-01	2.807E-01	2.818E-01	2.821E-01	2.818E-01	2.821E-01
2.740E+00	2.796E-01	1.298E-03	2.809E-01	2.784E-01	2.795E-01	2.798E-01	2.795E-01	2.798E-01
2.750E+00	2.774E-01	1.307E-03	2.787E-01	2.761E-01	2.772E-01	2.775E-01	2.772E-01	2.775E-01
2.760E+00	2.751E-01	1.316E-03	2.764E-01	2.738E-01	2.750E-01	2.752E-01	2.750E-01	2.752E-01
2.770E+00	2.728E-01	1.324E-03	2.742E-01	2.715E-01	2.727E-01	2.730E-01	2.727E-01	2.730E-01
2.780E+00	2.706E-01	1.333E-03	2.719E-01	2.693E-01	2.705E-01	2.707E-01	2.705E-01	2.707E-01
2.790E+00	2.684E-01	1.341E-03	2.697E-01	2.670E-01	2.682E-01	2.685E-01	2.682E-01	2.685E-01
2.800E+00	2.661E-01	1.350E-03	2.675E-01	2.648E-01	2.660E-01	2.663E-01	2.660E-01	2.663E-01
2.810E+00	2.639E-01	1.358E-03	2.653E-01	2.626E-01	2.638E-01	2.641E-01	2.638E-01	2.641E-01
2.820E+00	2.617E-01	1.366E-03	2.631E-01	2.604E-01	2.616E-01	2.619E-01	2.616E-01	2.619E-01
2.830E+00	2.596E-01	1.374E-03	2.609E-01	2.582E-01	2.594E-01	2.597E-01	2.594E-01	2.597E-01
2.840E+00	2.574E-01	1.381E-03	2.588E-01	2.560E-01	2.572E-01	2.575E-01	2.573E-01	2.575E-01
2.850E+00	2.552E-01	1.389E-03	2.566E-01	2.539E-01	2.551E-01	2.554E-01	2.551E-01	2.553E-01
2.860E+00	2.531E-01	1.397E-03	2.545E-01	2.517E-01	2.529E-01	2.532E-01	2.530E-01	2.532E-01
2.870E+00	2.509E-01	1.404E-03	2.523E-01	2.496E-01	2.508E-01	2.511E-01	2.508E-01	2.511E-01
2.880E+00	2.488E-01	1.411E-03	2.502E-01	2.474E-01	2.487E-01	2.490E-01	2.487E-01	2.489E-01
2.890E+00	2.467E-01	1.418E-03	2.481E-01	2.453E-01	2.466E-01	2.468E-01	2.466E-01	2.468E-01
2.900E+00	2.446E-01	1.425E-03	2.460E-01	2.432E-01	2.445E-01	2.448E-01	2.445E-01	2.447E-01
2.910E+00	2.425E-01	1.432E-03	2.440E-01	2.411E-01	2.424E-01	2.427E-01	2.424E-01	2.426E-01
2.920E+00	2.405E-01	1.439E-03	2.419E-01	2.390E-01	2.403E-01	2.406E-01	2.403E-01	2.406E-01
2.930E+00	2.384E-01	1.445E-03	2.398E-01	2.370E-01	2.383E-01	2.385E-01	2.383E-01	2.385E-01
2.940E+00	2.363E-01	1.452E-03	2.378E-01	2.349E-01	2.362E-01	2.365E-01	2.362E-01	2.365E-01
2.950E+00	2.343E-01	1.458E-03	2.358E-01	2.329E-01	2.342E-01	2.344E-01	2.342E-01	2.344E-01
2.960E+00	2.323E-01	1.464E-03	2.337E-01	2.308E-01	2.321E-01	2.324E-01	2.322E-01	2.324E-01
2.970E+00	2.303E-01	1.470E-03	2.317E-01	2.288E-01	2.301E-01	2.304E-01	2.302E-01	2.304E-01
2.980E+00	2.283E-01	1.476E-03	2.297E-01	2.268E-01	2.281E-01	2.284E-01	2.282E-01	2.284E-01
2.990E+00	2.263E-01	1.482E-03	2.278E-01	2.248E-01	2.261E-01	2.264E-01	2.262E-01	2.264E-01
3.000E+00	2.243E-01	1.487E-03	2.258E-01	2.228E-01	2.242E-01	2.244E-01	2.242E-01	2.244E-01
