1.000E-02	1.159E+00	8.521E-04	1.158E+00	1.160E+00	1.159E+00	1.159E+00	1.159E+00	1.159E+00
2.000E-02	1.159E+00	8.454E-04	1.158E+00	1.160E+00	1.159E+00	1.159E+00	1.159E+00	1.159E+00
3.000E-02	1.158E+00	8.370E-04	1.158E+00	1.159E+00	1.158E+00	1.158E+00	1.158E+00	1.158E+00
4.000E-02	1.158E+00	8.274E-04	1.157E+00	1.159E+00	1.158E+00	1.158E+00	1.158E+00	1.158E+00
5.000E-02	1.157E+00	8.167E-04	1.156E+00	1.158E+00	1.157E+00	1.157E+00	1.157E+00	1.157E+00
6.000E-02	1.157E+00	8.051E-04	1.156E+00	1.157E+00	1.157E+00	1.156E+00	1.157E+00	1.157E+00
7.000E-02	1.156E+00	7.928E-04	1.155E+00	1.157E+00	1.156E+00	1.156E+00	1.156E+00	1.156E+00
8.000E-02	1.155E+00	7.799E-04	1.154E+00	1.156E+00	1.155E+00	1.155E+00	1.155E+00	1.155E+00
9.000E-02	1.154E+00	7.665E-04	1.153E+00	1.155E+00	1.154E+00	1.154E+00	1.154E+00	1.154E+00
1.000E-01	1.153E+00	7.527E-04	1.152E+00	1.154E+00	1.153E+00	1.153E+00	1.153E+00	1.153E+00
1.100E-01	1.152E+00	7.384E-04	1.151E+00	1.153E+00	1.152E+00	1.152E+00	1.152E+00	1.152E+00
1.200E-01	1.151E+00	7.237E-04	1.150E+00	1.152E+00	1.151E+00	1.151E+00	1.151E+00	1.151E+00
1.300E-01	1.150E+00	7.088E-04	1.149E+00	1.151E+00	1.150E+00	1.150E+00	1.150E+00	1.150E+00
1.400E-01	1.149E+00	6.936E-04	1.148E+00	1.149E+00	1.149E+00	1.149E+00	1.149E+00	1.149E+00
1.500E-01	1.147E+00	6.781E-04	1.147E+00	1.148E+00	1.148E+00	1.147E+00	1.147E+00	1.147E+00
1.600E-01	1.146E+00	6.625E-04	1.145E+00	1.147E+00	1.146E+00	1.146E+00	1.146E+00	1.146E+00
1.700E-01	1.145E+00	6.467E-04	1.144E+00	1.145E+00	1.145E+00	1.145E+00	1.145E+00	1.145E+00
1.800E-01	1.143E+00	6.307E-04	1.143E+00	1.144E+00	1.143E+00	1.143E+00	1.143E+00	1.143E+00
1.900E-01	1.142E+00	6.146E-04	1.141E+00	1.142E+00	1.142E+00	1.142E+00	1.142E+00	1.142E+00
2.000E-01	1.140E+00	5.984E-04	1.140E+00	1.141E+00	1.140E+00	1.140E+00	1.140E+00	1.140E+00
2.100E-01	1.139E+00	5.821E-04	1.138E+00	1.139E+00	1.139E+00	1.138E+00	1.139E+00	1.139E+00
2.200E-01	1.137E+00	5.658E-04	1.136E+00	1.137E+00	1.137E+00	1.137E+00	1.137E+00	1.137E+00
2.300E-01	1.135E+00	5.494E-04	1.135E+00	1.136E+00	1.135E+00	1.135E+00	1.135E+00	1.135E+00
2.400E-01	1.133E+00	5.330E-04	1.133E+00	1.134E+00	1.134E+00	1.133E+00	1.133E+00	1.133E+00
2.500E-01	1.132E+00	5.166E-04	1.131E+00	1.132E+00	1.132E+00	1.131E+00	1.132E+00	1.132E+00
2.600E-01	1.130E+00	5.002E-04	1.129E+00	1.130E+00	1.130E+00	1.130E+00	1.130E+00	1.130E+00
2.700E-01	1.128E+00	4.838E-04	1.127E+00	1.128E+00	1.128E+00	1.128E+00	1.128E+00	1.128E+00
2.800E-01	1.126E+00	4.675E-04	1.125E+00	1.126E+00	1.126E+00	1.126E+00	1.126E+00	1.126E+00
2.900E-01	1.124E+00	4.512E-04	1.123E+00	1.124E+00	1.124E+00	1.124E+00	1.124E+00	1.124E+00
3.000E-01	1.122E+00	4.350E-04	1.121E+00	1.122E+00	1.122E+00	1.122E+00	1.122E+00	1.122E+00
3.100E-01	1.120E+00	4.189E-04	1.119E+00	1.120E+00	1.120E+00	1.120E+00	1.120E+00	1.120E+00
3.200E-01	1.118E+00	4.029E-04	1.117E+00	1.118E+00	1.118E+00	1.118E+00	1.118E+00	1.118E+00
3.300E-01	1.116E+00	3.870E-04	1.115E+00	1.116E+00	1.116E+00	1.115E+00	1.116E+00	1.116E+00
3.400E-01	1.113E+00	3.712E-04	1.113E+00	1.114E+00	1.113E+00	1.113E+00	1.113E+00	1.113E+00
3.500E-01	1.111E+00	3.556E-04	1.111E+00	1.111E+00	1.111E+00	1.111E+00	1.111E+00	1.111E+00
3.600E-01	1.109E+00	3.401E-04	1.108E+00	1.109E+00	1.109E+00	1.109E+00	1.109E+00	1.109E+00
3.700E-01	1.106E+00	3.248E-04	1.106E+00	1.107E+00	1.107E+00	1.106E+00	1.106E+00	1.107E+00
3.800E-01	1.104E+00	3.096E-04	1.104E+00	1.104E+00	1.104E+00	1.104E+00	1.104E+00	1.104E+00
3.900E-01	1.102E+00	2.947E-04	1.101E+00	1.102E+00	1.102E+00	1.102E+00	1.102E+00	1.102E+00
4.000E-01	1.099E+00	2.800E-04	1.099E+00	1.100E+00	1.099E+00	1.099E+00	1.099E+00	1.099E+00
4.100E-01	1.097E+00	2.656E-04	1.097E+00	1.097E+00	1.097E+00	1.097E+00	1.097E+00	1.097E+00
4.200E-01	1.094E+00	2.514E-04	1.094E+00	1.095E+00	1.094E+00	1.094E+00	1.094E+00	1.094E+00
4.300E-01	1.092E+00	2.376E-04	1.092E+00	1.092E+00	1.092E+00	1.092E+00	1.092E+00	1.092E+00
4.400E-01	1.089E+00	2.240E-04	1.089E+00	1.089E+00	1.089E+00	1.089E+00	1.089E+00	1.089E+00
4.500E-01	1.087E+00	2.109E-04	1.086E+00	1.087E+00	1.087E+00	1.087E+00	1.087E+00	1.087E+00
4.600E-01	1.084E+00	1.981E-04	1.084E+00	1.084E+00	1.084E+00	1.084E+00	1.084E+00	1.084E+00
4.700E-01	1.081E+00	1.859E-04	1.081E+00	1.081E+00	1.081E+00	1.081E+00	1.081E+00	1.081E+00
4.800E-01	1.079E+00	1.742E-04	1.079E+00	1.079E+00	1.079E+00	1.079E+00	1.079E+00	1.079E+00
4.900E-01	1.076E+00	1.630E-04	1.076E+00	1.076E+00	1.076E+00	1.076E+00	1.076E+00	1.076E+00
5.000E-01	1.073E+00	1.526E-04	1.073E+00	1.073E+00	1.073E+00	1.073E+00	1.073E+00	1.073E+00
5.100E-01	1.070E+00	1.430E-04	1.070E+00	1.070E+00	1.070E+00	1.070E+00	1.070E+00	1.070E+00
5.200E-01	1.068E+00	1.343E-04	1.067E+00	1.068E+00	1.068E+00	1.067E+00	1.068E+00	1.068E+00
5.300E-01	1.065E+00	1.266E-04	1.065E+00	1.065E+00	1.065E+00	1.065E+00	1.065E+00	1.065E+00
5.400E-01	1.062E+00	1.201E-04	1.062E+00	1.062E+00	1.062E+00	1.062E+00	1.062E+00	1.062E+00
5.500E-01	1.059E+00	1.150E-04	1.059E+00	1.059E+00	1.059E+00	1.059E+00	1.059E+00	1.059E+00
5.600E-01	1.056E+00	1.113E-04	1.056E+00	1.056E+00	1.056E+00	1.056E+00	1.056E+00	1.056E+00
5.700E-01	1.053E+00	1.091E-04	1.053E+00	1.053E+00	1.053E+00	1.053E+00	1.053E+00	1.053E+00
5.800E-01	1.050E+00	1.084E-04	1.050E+00	1.050E+00	1.050E+00	1.050E+00	1.050E+00	1.050E+00
5.900E-01	1.047E+00	1.093E-04	1.047E+00	1.047E+00	1.047E+00	1.047E+00	1.047E+00	1.047E+00
6.000E-01	1.044E+00	1.115E-04	1.044E+00	1.044E+00	1.044E+00	1.044E+00	1.044E+00	1.044E+00
6.100E-01	1.041E+00	1.150E-04	1.041E+00	1.041E+00	1.041E+00	1.041E+00	1.041E+00	1.041E+00
6.200E-01	1.038E+00	1.195E-04	1.038E+00	1.038E+00	1.038E+00	1.038E+00	1.038E+00	1.038E+00
6.300E-01	1.035E+00	1.250E-04	1.035E+00	1.035E+00	1.035E+00	1.035E+00	1.035E+00	1.035E+00
6.400E-01	1.031E+00	1.312E-04	1.032E+00	1.031E+00	1.032E+00	1.031E+00	1.031E+00	1.031E+00
6.500E-01	1.028E+00	1.379E-04	1.028E+00	1.028E+00	1.028E+00	1.028E+00	1.028E+00	1.028E+00
6.600E-01	1.025E+00	1.451E-04	1.025E+00	1.025E+00	1.025E+00	1.025E+00	1.025E+00	1.025E+00
6.700E-01	1.022E+00	1.526E-04	1.022E+00	1.022E+00	1.022E+00	1.022E+00	1.022E+00	1.022E+00
6.800E-01	1.019E+00	1.604E-04	1.019E+00	1.019E+00	1.019E+00	1.019E+00	1.019E+00	1.019E+00
6.900E-01	1.015E+00	1.683E-04	1.016E+00	1.015E+00	1.015E+00	1.015E+00	1.015E+00	1.015E+00
7.000E-01	1.012E+00	1.764E-04	1.012E+00	1.012E+00	1.012E+00	1.012E+00	1.012E+00	1.012E+00
7.100E-01	1.009E+00	1.845E-04	1.009E+00	1.009E+00	1.009E+00	1.009E+00	1.009E+00	1.009E+00
7.200E-01	1.005E+00	1.926E-04	1.006E+00	1.005E+00	1.006E+00	1.005E+00	1.005E+00	1.005E+00
7.300E-01	1.002E+00	2.006E-04	1.002E+00	1.002E+00	1.002E+00	1.002E+00	1.002E+00	1.002E+00
7.400E-01	9.987E-01	2.087E-04	9.989E-01	9.986E-01	9.988E-01	9.986E-01	9.987E-01	9.988E-01
7.500E-01	9.954E-01	2.166E-04	9.956E-01	9.952E-01	9.954E-01	9.953E-01	9.953E-01	9.954E-01
7.600E-01	9.919E-01	2.244E-04	9.922E-01	9.917E-01	9.920E-01	9.919E-01	9.919E-01	9.920E-01
7.700E-01	9.885E-01	2.322E-04	9.887E-01	9.883E-01	9.886E-01	9.884E-01	9.885E-01	9.885E-01
7.800E-01	9.851E-01	2.398E-04	9.853E-01	9.849E-01	9.852E-01	9.850E-01	9.851E-01	9.851E-01
7.900E-01	9.816E-01	2.472E-04	9.819E-01	9.814E-01	9.817E-01	9.815E-01	9.816E-01	9.816E-01
8.000E-01	9.781E-01	2.545E-04	9.784E-01	9.779E-01	9.782E-01	9.781E-01	9.781E-01	9.782E-01
8.100E-01	9.746E-01	2.617E-04	9.749E-01	9.744E-01	9.747E-01	9.746E-01	9.746E-01	9.747E-01
8.200E-01	9.711E-01	2.687E-04	9.714E-01	9.709E-01	9.712E-01	9.710E-01	9.711E-01	9.711E-01
8.300E-01	9.676E-01	2.755E-04	9.679E-01	9.673E-01	9.677E-01	9.675E-01	9.676E-01	9.676E-01
8.400E-01	9.641E-01	2.821E-04	9.643E-01	9.638E-01	9.641E-01	9.640E-01	9.640E-01	9.641E-01
8.500E-01	9.605E-01	2.886E-04	9.608E-01	9.602E-01	9.606E-01	9.604E-01	9.605E-01	9.605E-01
8.600E-01	9.569E-01	2.949E-04	9.572E-01	9.566E-01	9.570E-01	9.568E-01	9.569E-01	9.569E-01
8.700E-01	9.533E-01	3.010E-04	9.536E-01	9.530E-01	9.534E-01	9.533E-01	9.533E-01	9.533E-01
8.800E-01	9.497E-01	3.069E-04	9.500E-01	9.494E-01	9.498E-01	9.496E-01	9.497E-01	9.497E-01
8.900E-01	9.461E-01	3.126E-04	9.464E-01	9.458E-01	9.462E-01	9.460E-01	9.461E-01	9.461E-01
9.000E-01	9.425E-01	3.181E-04	9.428E-01	9.422E-01	9.425E-01	9.424E-01	9.425E-01	9.425E-01
9.100E-01	9.388E-01	3.234E-04	9.391E-01	9.385E-01	9.389E-01	9.387E-01	9.388E-01	9.388E-01
9.200E-01	9.352E-01	3.285E-04	9.355E-01	9.348E-01	9.352E-01	9.351E-01	9.352E-01	9.352E-01
9.300E-01	9.315E-01	3.334E-04	9.318E-01	9.312E-01	9.316E-01	9.314E-01	9.315E-01	9.315E-01
9.400E-01	9.278E-01	3.381E-04	9.281E-01	9.275E-01	9.279E-01	9.277E-01	9.278E-01	9.278E-01
9.500E-01	9.241E-01	3.427E-04	9.244E-01	9.238E-01	9.242E-01	9.240E-01	9.241E-01	9.241E-01
9.600E-01	9.204E-01	3.470E-04	9.207E-01	9.201E-01	9.205E-01	9.203E-01	9.204E-01	9.204E-01
9.700E-01	9.167E-01	3.511E-04	9.170E-01	9.163E-01	9.167E-01	9.166E-01	9.167E-01	9.167E-01
9.800E-01	9.129E-01	3.550E-04	9.133E-01	9.126E-01	9.130E-01	9.129E-01	9.129E-01	9.130E-01
9.900E-01	9.092E-01	3.587E-04	9.096E-01	9.089E-01	9.093E-01	9.091E-01	9.092E-01	9.092E-01
1.000E+00	9.055E-01	3.622E-04	9.058E-01	9.051E-01	9.055E-01	9.054E-01	9.054E-01	9.055E-01
1.010E+00	9.017E-01	3.655E-04	9.021E-01	9.013E-01	9.018E-01	9.016E-01	9.017E-01	9.017E-01
1.020E+00	8.979E-01	3.686E-04	8.983E-01	8.976E-01	8.980E-01	8.979E-01	8.979E-01	8.979E-01
1.030E+00	8.941E-01	3.715E-04	8.945E-01	8.938E-01	8.942E-01	8.941E-01	8.941E-01	8.942E-01
1.040E+00	8.903E-01	3.743E-04	8.907E-01	8.900E-01	8.904E-01	8.903E-01	8.903E-01	8.904E-01
1.050E+00	8.865E-01	3.768E-04	8.869E-01	8.862E-01	8.866E-01	8.865E-01	8.865E-01	8.866E-01
1.060E+00	8.827E-01	3.791E-04	8.831E-01	8.824E-01	8.828E-01	8.827E-01	8.827E-01	8.828E-01
1.070E+00	8.789E-01	3.812E-04	8.793E-01	8.786E-01	8.790E-01	8.789E-01	8.789E-01	8.789E-01
1.080E+00	8.751E-01	3.831E-04	8.755E-01	8.747E-01	8.752E-01	8.750E-01	8.751E-01	8.751E-01
1.090E+00	8.713E-01	3.849E-04	8.717E-01	8.709E-01	8.713E-01	8.712E-01	8.713E-01	8.713E-01
1.100E+00	8.674E-01	3.864E-04	8.678E-01	8.671E-01	8.675E-01	8.674E-01	8.674E-01	8.675E-01
1.110E+00	8.636E-01	3.878E-04	8.640E-01	8.632E-01	8.636E-01	8.635E-01	8.636E-01	8.636E-01
1.120E+00	8.597E-01	3.889E-04	8.601E-01	8.594E-01	8.598E-01	8.597E-01	8.597E-01	8.598E-01
1.130E+00	8.559E-01	3.899E-04	8.563E-01	8.555E-01	8.559E-01	8.558E-01	8.559E-01	8.559E-01
1.140E+00	8.520E-01	3.907E-04	8.524E-01	8.516E-01	8.521E-01	8.520E-01	8.520E-01	8.520E-01
1.150E+00	8.482E-01	3.913E-04	8.485E-01	8.478E-01	8.482E-01	8.481E-01	8.481E-01	8.482E-01
1.160E+00	8.443E-01	3.917E-04	8.447E-01	8.439E-01	8.443E-01	8.442E-01	8.443E-01	8.443E-01
1.170E+00	8.404E-01	3.919E-04	8.408E-01	8.400E-01	8.405E-01	8.404E-01	8.404E-01	8.404E-01
1.180E+00	8.365E-01	3.920E-04	8.369E-01	8.361E-01	8.366E-01	8.365E-01	8.365E-01	8.365E-01
1.190E+00	8.326E-01	3.918E-04	8.330E-01	8.322E-01	8.327E-01	8.326E-01	8.326E-01	8.327E-01
1.200E+00	8.287E-01	3.915E-04	8.291E-01	8.284E-01	8.288E-01	8.287E-01	8.287E-01	8.288E-01
1.210E+00	8.249E-01	3.910E-04	8.252E-01	8.245E-01	8.249E-01	8.248E-01	8.248E-01	8.249E-01
1.220E+00	8.210E-01	3.904E-04	8.213E-01	8.206E-01	8.210E-01	8.209E-01	8.209E-01	8.210E-01
1.230E+00	8.171E-01	3.895E-04	8.174E-01	8.167E-01	8.171E-01	8.170E-01	8.170E-01	8.171E-01
1.240E+00	8.131E-01	3.885E-04	8.135E-01	8.128E-01	8.132E-01	8.131E-01	8.131E-01	8.132E-01
1.250E+00	8.092E-01	3.874E-04	8.096E-01	8.089E-01	8.093E-01	8.092E-01	8.092E-01	8.093E-01
1.260E+00	8.053E-01	3.860E-04	8.057E-01	8.049E-01	8.054E-01	8.053E-01	8.053E-01	8.053E-01
1.270E+00	8.014E-01	3.845E-04	8.018E-01	8.010E-01	8.015E-01	8.014E-01	8.014E-01	8.014E-01
1.280E+00	7.975E-01	3.828E-04	7.979E-01	7.971E-01	7.975E-01	7.975E-01	7.975E-01	7.975E-01
1.290E+00	7.936E-01	3.810E-04	7.940E-01	7.932E-01	7.936E-01	7.936E-01	7.936E-01	7.936E-01
1.300E+00	7.897E-01	3.790E-04	7.901E-01	7.893E-01	7.897E-01	7.896E-01	7.897E-01	7.897E-01
1.310E+00	7.858E-01	3.769E-04	7.861E-01	7.854E-01	7.858E-01	7.857E-01	7.857E-01	7.858E-01
1.320E+00	7.818E-01	3.746E-04	7.822E-01	7.815E-01	7.819E-01	7.818E-01	7.818E-01	7.819E-01
1.330E+00	7.779E-01	3.721E-04	7.783E-01	7.776E-01	7.780E-01	7.779E-01	7.779E-01	7.779E-01
1.340E+00	7.740E-01	3.695E-04	7.744E-01	7.736E-01	7.740E-01	7.740E-01	7.740E-01	7.740E-01
1.350E+00	7.701E-01	3.668E-04	7.704E-01	7.697E-01	7.701E-01	7.701E-01	7.701E-01	7.701E-01
1.360E+00	7.662E-01	3.638E-04	7.665E-01	7.658E-01	7.662E-01	7.661E-01	7.661E-01	7.662E-01
1.370E+00	7.622E-01	3.608E-04	7.626E-01	7.619E-01	7.623E-01	7.622E-01	7.622E-01	7.623E-01
1.380E+00	7.583E-01	3.576E-04	7.587E-01	7.580E-01	7.584E-01	7.583E-01	7.583E-01	7.583E-01
1.390E+00	7.544E-01	3.543E-04	7.548E-01	7.541E-01	7.544E-01	7.544E-01	7.544E-01	7.544E-01
1.400E+00	7.505E-01	3.508E-04	7.508E-01	7.501E-01	7.505E-01	7.505E-01	7.505E-01	7.505E-01
1.410E+00	7.466E-01	3.472E-04	7.469E-01	7.462E-01	7.466E-01	7.466E-01	7.466E-01	7.466E-01
1.420E+00	7.427E-01	3.434E-04	7.430E-01	7.423E-01	7.427E-01	7.426E-01	7.427E-01	7.427E-01
1.430E+00	7.388E-01	3.396E-04	7.391E-01	7.384E-01	7.388E-01	7.387E-01	7.387E-01	7.388E-01
1.440E+00	7.348E-01	3.356E-04	7.352E-01	7.345E-01	7.349E-01	7.348E-01	7.348E-01	7.349E-01
1.450E+00	7.309E-01	3.314E-04	7.313E-01	7.306E-01	7.310E-01	7.309E-01	7.309E-01	7.310E-01
1.460E+00	7.270E-01	3.272E-04	7.274E-01	7.267E-01	7.271E-01	7.270E-01	7.270E-01	7.271E-01
1.470E+00	7.231E-01	3.228E-04	7.235E-01	7.228E-01	7.232E-01	7.231E-01	7.231E-01	7.232E-01
1.480E+00	7.192E-01	3.183E-04	7.196E-01	7.189E-01	7.193E-01	7.192E-01	7.192E-01	7.193E-01
1.490E+00	7.153E-01	3.137E-04	7.157E-01	7.150E-01	7.154E-01	7.153E-01	7.153E-01	7.154E-01
1.500E+00	7.115E-01	3.089E-04	7.118E-01	7.111E-01	7.115E-01	7.114E-01	7.114E-01	7.115E-01
1.510E+00	7.076E-01	3.041E-04	7.079E-01	7.073E-01	7.076E-01	7.076E-01	7.075E-01	7.076E-01
1.520E+00	7.037E-01	2.991E-04	7.040E-01	7.034E-01	7.037E-01	7.037E-01	7.037E-01	7.037E-01
1.530E+00	6.998E-01	2.940E-04	7.001E-01	6.995E-01	6.998E-01	6.998E-01	6.998E-01	6.998E-01
1.540E+00	6.959E-01	2.888E-04	6.962E-01	6.956E-01	6.959E-01	6.959E-01	6.959E-01	6.959E-01
1.550E+00	6.921E-01	2.836E-04	6.923E-01	6.918E-01	6.921E-01	6.920E-01	6.920E-01	6.921E-01
1.560E+00	6.882E-01	2.782E-04	6.885E-01	6.879E-01	6.882E-01	6.882E-01	6.882E-01	6.882E-01
1.570E+00	6.843E-01	2.727E-04	6.846E-01	6.841E-01	6.843E-01	6.843E-01	6.843E-01	6.843E-01
1.580E+00	6.805E-01	2.671E-04	6.807E-01	6.802E-01	6.805E-01	6.805E-01	6.805E-01	6.805E-01
1.590E+00	6.766E-01	2.614E-04	6.769E-01	6.764E-01	6.766E-01	6.766E-01	6.766E-01	6.766E-01
1.600E+00	6.728E-01	2.556E-04	6.730E-01	6.725E-01	6.728E-01	6.728E-01	6.728E-01	6.728E-01
1.610E+00	6.689E-01	2.497E-04	6.692E-01	6.687E-01	6.689E-01	6.689E-01	6.689E-01	6.690E-01
1.620E+00	6.651E-01	2.438E-04	6.653E-01	6.649E-01	6.651E-01	6.651E-01	6.651E-01	6.651E-01
1.630E+00	6.613E-01	2.377E-04	6.615E-01	6.610E-01	6.613E-01	6.613E-01	6.613E-01	6.613E-01
1.640E+00	6.574E-01	2.316E-04	6.577E-01	6.572E-01	6.575E-01	6.574E-01	6.574E-01	6.575E-01
1.650E+00	6.536E-01	2.254E-04	6.539E-01	6.534E-01	6.536E-01	6.536E-01	6.536E-01	6.537E-01
1.660E+00	6.498E-01	2.191E-04	6.500E-01	6.496E-01	6.498E-01	6.498E-01	6.498E-01	6.498E-01
1.670E+00	6.460E-01	2.128E-04	6.462E-01	6.458E-01	6.460E-01	6.460E-01	6.460E-01	6.460E-01
1.680E+00	6.422E-01	2.063E-04	6.424E-01	6.420E-01	6.422E-01	6.422E-01	6.422E-01	6.422E-01
1.690E+00	6.384E-01	1.998E-04	6.386E-01	6.382E-01	6.384E-01	6.384E-01	6.384E-01	6.385E-01
1.700E+00	6.347E-01	1.932E-04	6.349E-01	6.345E-01	6.347E-01	6.347E-01	6.346E-01	6.347E-01
1.710E+00	6.309E-01	1.866E-04	6.311E-01	6.307E-01	6.309E-01	6.309E-01	6.309E-01	6.309E-01
1.720E+00	6.271E-01	1.799E-04	6.273E-01	6.269E-01	6.271E-01	6.271E-01	6.271E-01	6.271E-01
1.730E+00	6.234E-01	1.731E-04	6.235E-01	6.232E-01	6.233E-01	6.234E-01	6.233E-01	6.234E-01
1.740E+00	6.196E-01	1.663E-04	6.198E-01	6.194E-01	6.196E-01	6.196E-01	6.196E-01	6.196E-01
1.750E+00	6.159E-01	1.595E-04	6.160E-01	6.157E-01	6.159E-01	6.159E-01	6.158E-01	6.159E-01
1.760E+00	6.121E-01	1.525E-04	6.123E-01	6.120E-01	6.121E-01	6.121E-01	6.121E-01	6.121E-01
1.770E+00	6.084E-01	1.456E-04	6.085E-01	6.083E-01	6.084E-01	6.084E-01	6.084E-01	6.084E-01
1.780E+00	6.047E-01	1.386E-04	6.048E-01	6.045E-01	6.047E-01	6.047E-01	6.047E-01	6.047E-01
1.790E+00	6.010E-01	1.315E-04	6.011E-01	6.008E-01	6.010E-01	6.010E-01	6.010E-01	6.010E-01
1.800E+00	5.973E-01	1.245E-04	5.974E-01	5.972E-01	5.973E-01	5.973E-01	5.973E-01	5.973E-01
1.810E+00	5.936E-01	1.174E-04	5.937E-01	5.935E-01	5.936E-01	5.936E-01	5.936E-01	5.936E-01
1.820E+00	5.899E-01	1.103E-04	5.900E-01	5.898E-01	5.899E-01	5.899E-01	5.899E-01	5.899E-01
1.830E+00	5.862E-01	1.032E-04	5.863E-01	5.861E-01	5.862E-01	5.862E-01	5.862E-01	5.862E-01
1.840E+00	5.826E-01	9.606E-05	5.827E-01	5.825E-01	5.825E-01	5.826E-01	5.825E-01	5.826E-01
1.850E+00	5.789E-01	8.898E-05	5.790E-01	5.788E-01	5.789E-01	5.789E-01	5.789E-01	5.789E-01
1.860E+00	5.753E-01	8.193E-05	5.753E-01	5.752E-01	5.752E-01	5.753E-01	5.752E-01	5.753E-01
1.870E+00	5.716E-01	7.494E-05	5.717E-01	5.716E-01	5.716E-01	5.716E-01	5.716E-01	5.716E-01
1.880E+00	5.680E-01	6.806E-05	5.681E-01	5.679E-01	5.680E-01	5.680E-01	5.680E-01	5.680E-01
1.890E+00	5.644E-01	6.132E-05	5.644E-01	5.643E-01	5.644E-01	5.644E-01	5.644E-01	5.644E-01
1.900E+00	5.608E-01	5.480E-05	5.608E-01	5.607E-01	5.608E-01	5.608E-01	5.608E-01	5.608E-01
1.910E+00	5.572E-01	4.859E-05	5.572E-01	5.571E-01	5.572E-01	5.572E-01	5.572E-01	5.572E-01
1.920E+00	5.536E-01	4.287E-05	5.536E-01	5.536E-01	5.536E-01	5.536E-01	5.536E-01	5.536E-01
1.930E+00	5.500E-01	3.786E-05	5.501E-01	5.500E-01	5.500E-01	5.500E-01	5.500E-01	5.500E-01
1.940E+00	5.465E-01	3.391E-05	5.465E-01	5.464E-01	5.464E-01	5.465E-01	5.464E-01	5.465E-01
1.950E+00	5.429E-01	3.143E-05	5.429E-01	5.429E-01	5.429E-01	5.429E-01	5.429E-01	5.429E-01
1.960E+00	5.394E-01	3.080E-05	5.394E-01	5.394E-01	5.393E-01	5.394E-01	5.393E-01	5.394E-01
1.970E+00	5.358E-01	3.215E-05	5.358E-01	5.358E-01	5.358E-01	5.359E-01	5.358E-01	5.359E-01
1.980E+00	5.323E-01	3.526E-05	5.323E-01	5.323E-01	5.323E-01	5.323E-01	5.323E-01	5.323E-01
1.990E+00	5.288E-01	3.973E-05	5.288E-01	5.288E-01	5.288E-01	5.288E-01	5.288E-01	5.288E-01
2.000E+00	5.253E-01	4.516E-05	5.253E-01	5.253E-01	5.253E-01	5.253E-01	5.253E-01	5.253E-01
2.010E+00	5.218E-01	5.126E-05	5.218E-01	5.219E-01	5.218E-01	5.218E-01	5.218E-01	5.218E-01
2.020E+00	5.183E-01	5.781E-05	5.183E-01	5.184E-01	5.183E-01	5.184E-01	5.183E-01	5.184E-01
2.030E+00	5.149E-01	6.469E-05	5.148E-01	5.149E-01	5.149E-01	5.149E-01	5.149E-01	5.149E-01
2.040E+00	5.114E-01	7.180E-05	5.114E-01	5.115E-01	5.114E-01	5.115E-01	5.114E-01	5.114E-01
2.050E+00	5.080E-01	7.908E-05	5.079E-01	5.081E-01	5.080E-01	5.080E-01	5.080E-01	5.080E-01
2.060E+00	5.046E-01	8.648E-05	5.045E-01	5.046E-01	5.045E-01	5.046E-01	5.045E-01	5.046E-01
2.070E+00	5.011E-01	9.399E-05	5.011E-01	5.012E-01	5.011E-01	5.012E-01	5.011E-01	5.012E-01
2.080E+00	4.977E-01	1.016E-04	4.976E-01	4.978E-01	4.977E-01	4.978E-01	4.977E-01	4.978E-01
2.090E+00	4.943E-01	1.092E-04	4.942E-01	4.945E-01	4.943E-01	4.944E-01	4.943E-01	4.944E-01
2.100E+00	4.910E-01	1.169E-04	4.909E-01	4.911E-01	4.909E-01	4.910E-01	4.909E-01	4.910E-01
2.110E+00	4.876E-01	1.246E-04	4.875E-01	4.877E-01	4.876E-01	4.876E-01	4.876E-01	4.876E-01
2.120E+00	4.842E-01	1.323E-04	4.841E-01	4.844E-01	4.842E-01	4.843E-01	4.842E-01	4.843E-01
2.130E+00	4.809E-01	1.401E-04	4.808E-01	4.810E-01	4.809E-01	4.809E-01	4.809E-01	4.809E-01
2.140E+00	4.776E-01	1.479E-04	4.774E-01	4.777E-01	4.775E-01	4.776E-01	4.775E-01	4.776E-01
2.150E+00	4.742E-01	1.556E-04	4.741E-01	4.744E-01	4.742E-01	4.743E-01	4.742E-01	4.743E-01
2.160E+00	4.709E-01	1.634E-04	4.708E-01	4.711E-01	4.709E-01	4.710E-01	4.709E-01	4.710E-01
2.170E+00	4.677E-01	1.712E-04	4.675E-01	4.678E-01	4.676E-01	4.677E-01	4.676E-01	4.677E-01
2.180E+00	4.644E-01	1.790E-04	4.642E-01	4.645E-01	4.643E-01	4.644E-01	4.643E-01	4.644E-01
2.190E+00	4.611E-01	1.868E-04	4.609E-01	4.613E-01	4.611E-01	4.611E-01	4.611E-01	4.611E-01
2.200E+00	4.578E-01	1.945E-04	4.577E-01	4.580E-01	4.578E-01	4.579E-01	4.578E-01	4.579E-01
2.210E+00	4.546E-01	2.023E-04	4.544E-01	4.548E-01	4.546E-01	4.546E-01	4.546E-01	4.546E-01
2.220E+00	4.514E-01	2.101E-04	4.512E-01	4.516E-01	4.513E-01	4.514E-01	4.514E-01	4.514E-01
2.230E+00	4.482E-01	2.178E-04	4.480E-01	4.484E-01	4.481E-01	4.482E-01	4.481E-01	4.482E-01
2.240E+00	4.450E-01	2.255E-04	4.447E-01	4.452E-01	4.449E-01	4.450E-01	4.449E-01	4.450E-01
2.250E+00	4.418E-01	2.332E-04	4.415E-01	4.420E-01	4.417E-01	4.418E-01	4.418E-01	4.418E-01
2.260E+00	4.386E-01	2.409E-04	4.384E-01	4.388E-01	4.386E-01	4.386E-01	4.386E-01	4.386E-01
2.270E+00	4.354E-01	2.485E-04	4.352E-01	4.357E-01	4.354E-01	4.355E-01	4.354E-01	4.355E-01
2.280E+00	4.323E-01	2.562E-04	4.320E-01	4.325E-01	4.322E-01	4.323E-01	4.323E-01	4.323E-01
2.290E+00	4.292E-01	2.638E-04	4.289E-01	4.294E-01	4.291E-01	4.292E-01	4.291E-01	4.292E-01
2.300E+00	4.260E-01	2.714E-04	4.258E-01	4.263E-01	4.260E-01	4.261E-01	4.260E-01	4.261E-01
2.310E+00	4.229E-01	2.789E-04	4.227E-01	4.232E-01	4.229E-01	4.230E-01	4.229E-01	4.229E-01
2.320E+00	4.198E-01	2.864E-04	4.196E-01	4.201E-01	4.198E-01	4.199E-01	4.198E-01	4.199E-01
2.330E+00	4.167E-01	2.939E-04	4.165E-01	4.170E-01	4.167E-01	4.168E-01	4.167E-01	4.168E-01
2.340E+00	4.137E-01	3.014E-04	4.134E-01	4.140E-01	4.136E-01	4.137E-01	4.137E-01	4.137E-01
2.350E+00	4.106E-01	3.088E-04	4.103E-01	4.109E-01	4.106E-01	4.107E-01	4.106E-01	4.106E-01
2.360E+00	4.076E-01	3.162E-04	4.073E-01	4.079E-01	4.075E-01	4.076E-01	4.076E-01	4.076E-01
2.370E+00	4.046E-01	3.236E-04	4.042E-01	4.049E-01	4.045E-01	4.046E-01	4.045E-01	4.046E-01
2.380E+00	4.016E-01	3.309E-04	4.012E-01	4.019E-01	4.015E-01	4.016E-01	4.015E-01	4.016E-01
2.390E+00	3.986E-01	3.382E-04	3.982E-01	3.989E-01	3.985E-01	3.986E-01	3.985E-01	3.986E-01
2.400E+00	3.956E-01	3.454E-04	3.952E-01	3.959E-01	3.955E-01	3.956E-01	3.955E-01	3.956E-01
2.410E+00	3.926E-01	3.526E-04	3.923E-01	3.930E-01	3.926E-01	3.926E-01	3.926E-01	3.926E-01
2.420E+00	3.896E-01	3.598E-04	3.893E-01	3.900E-01	3.896E-01	3.897E-01	3.896E-01	3.897E-01
2.430E+00	3.867E-01	3.669E-04	3.863E-01	3.871E-01	3.867E-01	3.867E-01	3.867E-01	3.867E-01
2.440E+00	3.838E-01	3.739E-04	3.834E-01	3.841E-01	3.837E-01	3.838E-01	3.838E-01	3.838E-01
2.450E+00	3.809E-01	3.810E-04	3.805E-01	3.812E-01	3.808E-01	3.809E-01	3.808E-01	3.809E-01
2.460E+00	3.780E-01	3.879E-04	3.776E-01	3.783E-01	3.779E-01	3.780E-01	3.779E-01	3.780E-01
2.470E+00	3.751E-01	3.949E-04	3.747E-01	3.755E-01	3.750E-01	3.751E-01	3.751E-01	3.751E-01
2.480E+00	3.722E-01	4.018E-04	3.718E-01	3.726E-01	3.722E-01	3.723E-01	3.722E-01	3.722E-01
2.490E+00	3.693E-01	4.086E-04	3.689E-01	3.698E-01	3.693E-01	3.694E-01	3.693E-01	3.694E-01
2.500E+00	3.665E-01	4.154E-04	3.661E-01	3.669E-01	3.665E-01	3.666E-01	3.665E-01	3.665E-01
2.510E+00	3.637E-01	4.221E-04	3.633E-01	3.641E-01	3.636E-01	3.637E-01	3.637E-01	3.637E-01
2.520E+00	3.609E-01	4.288E-04	3.604E-01	3.613E-01	3.608E-01	3.609E-01	3.608E-01	3.609E-01
2.530E+00	3.581E-01	4.354E-04	3.576E-01	3.585E-01	3.580E-01	3.581E-01	3.580E-01	3.581E-01
2.540E+00	3.553E-01	4.420E-04	3.548E-01	3.557E-01	3.552E-01	3.553E-01	3.553E-01	3.553E-01
2.550E+00	3.525E-01	4.486E-04	3.521E-01	3.530E-01	3.525E-01	3.526E-01	3.525E-01	3.525E-01
2.560E+00	3.497E-01	4.550E-04	3.493E-01	3.502E-01	3.497E-01	3.498E-01	3.497E-01	3.498E-01
2.570E+00	3.470E-01	4.615E-04	3.465E-01	3.475E-01	3.470E-01	3.471E-01	3.470E-01	3.470E-01
2.580E+00	3.443E-01	4.678E-04	3.438E-01	3.447E-01	3.442E-01	3.443E-01	3.443E-01	3.443E-01
2.590E+00	3.416E-01	4.741E-04	3.411E-01	3.420E-01	3.415E-01	3.416E-01	3.415E-01	3.416E-01
2.600E+00	3.389E-01	4.804E-04	3.384E-01	3.393E-01	3.388E-01	3.389E-01	3.388E-01	3.389E-01
2.610E+00	3.362E-01	4.866E-04	3.357E-01	3.367E-01	3.361E-01	3.362E-01	3.362E-01	3.362E-01
2.620E+00	3.335E-01	4.927E-04	3.330E-01	3.340E-01	3.334E-01	3.336E-01	3.335E-01	3.335E-01
2.630E+00	3.308E-01	4.988E-04	3.304E-01	3.313E-01	3.308E-01	3.309E-01	3.308E-01	3.309E-01
2.640E+00	3.282E-01	5.048E-04	3.277E-01	3.287E-01	3.281E-01	3.283E-01	3.282E-01	3.282E-01
2.650E+00	3.256E-01	5.108E-04	3.251E-01	3.261E-01	3.255E-01	3.256E-01	3.256E-01	3.256E-01
2.660E+00	3.230E-01	5.167E-04	3.225E-01	3.235E-01	3.229E-01	3.230E-01	3.229E-01	3.230E-01
2.670E+00	3.204E-01	5.225E-04	3.198E-01	3.209E-01	3.203E-01	3.204E-01	3.203E-01	3.204E-01
2.680E+00	3.178E-01	5.283E-04	3.173E-01	3.183E-01	3.177E-01	3.178E-01	3.178E-01	3.178E-01
2.690E+00	3.152E-01	5.340E-04	3.147E-01	3.157E-01	3.152E-01	3.153E-01	3.152E-01	3.152E-01
2.700E+00	3.126E-01	5.396E-04	3.121E-01	3.132E-01	3.126E-01	3.127E-01	3.126E-01	3.127E-01
2.710E+00	3.101E-01	5.452E-04	3.096E-01	3.107E-01	3.101E-01	3.102E-01	3.101E-01	3.101E-01
2.720E+00	3.076E-01	5.507E-04	3.070E-01	3.081E-01	3.075E-01	3.076E-01	3.076E-01	3.076E-01
2.730E+00	3.051E-01	5.562E-04	3.045E-01	3.056E-01	3.050E-01	3.051E-01	3.050E-01	3.051E-01
2.740E+00	3.026E-01	5.616E-04	3.020E-01	3.031E-01	3.025E-01	3.026E-01	3.025E-01	3.026E-01
2.750E+00	3.001E-01	5.669E-04	2.995E-01	3.007E-01	3.000E-01	3.001E-01	3.001E-01	3.001E-01
2.760E+00	2.976E-01	5.722E-04	2.970E-01	2.982E-01	2.976E-01	2.977E-01	2.976E-01	2.976E-01
2.770E+00	2.952E-01	5.774E-04	2.946E-01	2.957E-01	2.951E-01	2.952E-01	2.951E-01	2.952E-01
2.780E+00	2.927E-01	5.825E-04	2.921E-01	2.933E-01	2.927E-01	2.928E-01	2.927E-01	2.927E-01
2.790E+00	2.903E-01	5.876E-04	2.897E-01	2.909E-01	2.902E-01	2.903E-01	2.903E-01	2.903E-01
2.800E+00	2.879E-01	5.926E-04	2.873E-01	2.885E-01	2.878E-01	2.879E-01	2.879E-01	2.879E-01
2.810E+00	2.855E-01	5.976E-04	2.849E-01	2.861E-01	2.854E-01	2.855E-01	2.855E-01	2.855E-01
2.820E+00	2.831E-01	6.024E-04	2.825E-01	2.837E-01	2.830E-01	2.831E-01	2.831E-01	2.831E-01
2.830E+00	2.807E-01	6.072E-04	2.801E-01	2.813E-01	2.807E-01	2.808E-01	2.807E-01	2.807E-01
2.840E+00	2.784E-01	6.120E-04	2.778E-01	2.790E-01	2.783E-01	2.784E-01	2.783E-01	2.784E-01
2.850E+00	2.760E-01	6.166E-04	2.754E-01	2.766E-01	2.760E-01	2.761E-01	2.760E-01	2.760E-01
2.860E+00	2.737E-01	6.212E-04	2.731E-01	2.743E-01	2.736E-01	2.738E-01	2.737E-01	2.737E-01
2.870E+00	2.714E-01	6.258E-04	2.708E-01	2.720E-01	2.713E-01	2.714E-01	2.714E-01	2.714E-01
2.880E+00	2.691E-01	6.302E-04	2.685E-01	2.697E-01	2.690E-01	2.691E-01	2.691E-01	2.691E-01
2.890E+00	2.668E-01	6.346E-04	2.662E-01	2.674E-01	2.667E-01	2.669E-01	2.668E-01	2.668E-01
2.900E+00	2.645E-01	6.390E-04	2.639E-01	2.652E-01	2.645E-01	2.646E-01	2.645E-01	2.645E-01
2.910E+00	2.623E-01	6.432E-04	2.616E-01	2.629E-01	2.622E-01	2.623E-01	2.623E-01	2.623E-01
2.920E+00	2.600E-01	6.474E-04	2.594E-01	2.607E-01	2.600E-01	2.601E-01	2.600E-01	2.600E-01
2.930E+00	2.578E-01	6.515E-04	2.572E-01	2.585E-01	2.577E-01	2.579E-01	2.578E-01	2.578E-01
2.940E+00	2.556E-01	6.556E-04	2.549E-01	2.562E-01	2.555E-01	2.556E-01	2.556E-01	2.556E-01
2.950E+00	2.534E-01	6.596E-04	2.527E-01	2.540E-01	2.533E-01	2.534E-01	2.534E-01	2.534E-01
2.960E+00	2.512E-01	6.635E-04	2.505E-01	2.519E-01	2.511E-01	2.513E-01	2.512E-01	2.512E-01
2.970E+00	2.490E-01	6.673E-04	2.484E-01	2.497E-01	2.490E-01	2.491E-01	2.490E-01	2.490E-01
2.980E+00	2.469E-01	6.711E-04	2.462E-01	2.475E-01	2.468E-01	2.469E-01	2.468E-01	2.469E-01
2.990E+00	2.447E-01	6.748E-04	2.440E-01	2.454E-01	2.447E-01	2.448E-01	2.447E-01	2.447E-01
3.000E+00	2.426E-01	6.785E-04	2.419E-01	2.433E-01	2.425E-01	2.426E-01	2.426E-01	2.426E-01
