1.000E-02	1.032E+00	4.562E-02	9.867E-01	1.078E+00	1.033E+00	1.032E+00	1.032E+00	1.032E+00
2.000E-02	1.032E+00	4.554E-02	9.867E-01	1.078E+00	1.033E+00	1.032E+00	1.032E+00	1.032E+00
3.000E-02	1.032E+00	4.544E-02	9.867E-01	1.078E+00	1.033E+00	1.032E+00	1.032E+00	1.032E+00
4.000E-02	1.032E+00	4.531E-02	9.867E-01	1.077E+00	1.033E+00	1.032E+00	1.032E+00	1.032E+00
5.000E-02	1.032E+00	4.516E-02	9.866E-01	1.077E+00	1.033E+00	1.032E+00	1.032E+00	1.032E+00
6.000E-02	1.032E+00	4.499E-02	9.866E-01	1.077E+00	1.032E+00	1.031E+00	1.032E+00	1.032E+00
7.000E-02	1.032E+00	4.480E-02	9.865E-01	1.076E+00	1.032E+00	1.031E+00	1.032E+00	1.032E+00
8.000E-02	1.032E+00	4.460E-02	9.865E-01	1.076E+00	1.032E+00	1.031E+00	1.032E+00	1.032E+00
9.000E-02	1.031E+00	4.438E-02	9.864E-01	1.075E+00	1.032E+00	1.031E+00	1.031E+00	1.031E+00
1.000E-01	1.031E+00	4.414E-02	9.863E-01	1.075E+00	1.032E+00	1.031E+00	1.031E+00	1.031E+00
1.100E-01	1.031E+00	4.389E-02	9.862E-01	1.074E+00	1.031E+00	1.030E+00	1.031E+00	1.031E+00
1.200E-01	1.031E+00	4.363E-02	9.861E-01	1.073E+00	1.031E+00	1.030E+00	1.031E+00	1.031E+00
1.300E-01	1.030E+00	4.335E-02	9.860E-01	1.073E+00	1.031E+00	1.030E+00	1.030E+00	1.030E+00
1.400E-01	1.030E+00	4.306E-02	9.859E-01	1.072E+00	1.030E+00	1.029E+00	1.030E+00	1.030E+00
1.500E-01	1.030E+00	4.276E-02	9.857E-01	1.071E+00	1.030E+00	1.029E+00	1.030E+00	1.030E+00
1.600E-01	1.029E+00	4.245E-02	9.856E-01	1.070E+00	1.030E+00	1.029E+00	1.029E+00	1.029E+00
1.700E-01	1.029E+00	4.213E-02	9.854E-01	1.070E+00	1.029E+00	1.028E+00	1.029E+00	1.029E+00
1.800E-01	1.028E+00	4.180E-02	9.852E-01	1.069E+00	1.029E+00	1.028E+00	1.028E+00	1.028E+00
1.900E-01	1.028E+00	4.146E-02	9.850E-01	1.068E+00	1.028E+00	1.027E+00	1.028E+00	1.028E+00
2.000E-01	1.027E+00	4.111E-02	9.848E-01	1.067E+00	1.028E+00	1.027E+00	1.027E+00	1.027E+00
2.100E-01	1.027E+00	4.075E-02	9.846E-01	1.066E+00	1.027E+00	1.027E+00	1.027E+00	1.027E+00
2.200E-01	1.026E+00	4.039E-02	9.844E-01	1.065E+00	1.027E+00	1.026E+00	1.026E+00	1.026E+00
2.300E-01	1.026E+00	4.001E-02	9.841E-01	1.064E+00	1.026E+00	1.025E+00	1.026E+00	1.026E+00
2.400E-01	1.025E+00	3.963E-02	9.838E-01	1.063E+00	1.026E+00	1.025E+00	1.025E+00	1.025E+00
2.500E-01	1.025E+00	3.924E-02	9.836E-01	1.062E+00	1.025E+00	1.024E+00	1.025E+00	1.025E+00
2.600E-01	1.024E+00	3.884E-02	9.833E-01	1.061E+00	1.025E+00	1.024E+00	1.024E+00	1.024E+00
2.700E-01	1.024E+00	3.844E-02	9.830E-01	1.060E+00	1.024E+00	1.023E+00	1.024E+00	1.024E+00
2.800E-01	1.023E+00	3.803E-02	9.826E-01	1.059E+00	1.023E+00	1.022E+00	1.023E+00	1.023E+00
2.900E-01	1.022E+00	3.761E-02	9.823E-01	1.058E+00	1.023E+00	1.022E+00	1.022E+00	1.022E+00
3.000E-01	1.021E+00	3.719E-02	9.819E-01	1.056E+00	1.022E+00	1.021E+00	1.021E+00	1.021E+00
3.100E-01	1.021E+00	3.676E-02	9.816E-01	1.055E+00	1.021E+00	1.020E+00	1.021E+00	1.021E+00
3.200E-01	1.020E+00	3.633E-02	9.812E-01	1.054E+00	1.020E+00	1.020E+00	1.020E+00	1.020E+00
3.300E-01	1.019E+00	3.589E-02	9.808E-01	1.053E+00	1.020E+00	1.019E+00	1.019E+00	1.019E+00
3.400E-01	1.018E+00	3.545E-02	9.804E-01	1.051E+00	1.019E+00	1.018E+00	1.018E+00	1.018E+00
3.500E-01	1.018E+00	3.500E-02	9.800E-01	1.050E+00	1.018E+00	1.017E+00	1.018E+00	1.018E+00
3.600E-01	1.017E+00	3.455E-02	9.795E-01	1.049E+00	1.017E+00	1.016E+00	1.017E+00	1.017E+00
3.700E-01	1.016E+00	3.409E-02	9.790E-01	1.047E+00	1.016E+00	1.015E+00	1.016E+00	1.016E+00
3.800E-01	1.015E+00	3.363E-02	9.786E-01	1.046E+00	1.015E+00	1.015E+00	1.015E+00	1.015E+00
3.900E-01	1.014E+00	3.317E-02	9.781E-01	1.044E+00	1.015E+00	1.014E+00	1.014E+00	1.014E+00
4.000E-01	1.013E+00	3.270E-02	9.776E-01	1.043E+00	1.014E+00	1.013E+00	1.013E+00	1.013E+00
4.100E-01	1.012E+00	3.223E-02	9.770E-01	1.041E+00	1.013E+00	1.012E+00	1.012E+00	1.012E+00
4.200E-01	1.011E+00	3.175E-02	9.765E-01	1.040E+00	1.012E+00	1.011E+00	1.011E+00	1.011E+00
4.300E-01	1.010E+00	3.128E-02	9.759E-01	1.038E+00	1.011E+00	1.010E+00	1.010E+00	1.010E+00
4.400E-01	1.009E+00	3.079E-02	9.754E-01	1.037E+00	1.010E+00	1.009E+00	1.009E+00	1.009E+00
4.500E-01	1.008E+00	3.031E-02	9.748E-01	1.035E+00	1.009E+00	1.008E+00	1.008E+00	1.008E+00
4.600E-01	1.007E+00	2.982E-02	9.742E-01	1.034E+00	1.008E+00	1.007E+00	1.007E+00	1.007E+00
4.700E-01	1.006E+00	2.934E-02	9.736E-01	1.032E+00	1.007E+00	1.006E+00	1.006E+00	1.006E+00
4.800E-01	1.005E+00	2.884E-02	9.729E-01	1.031E+00	1.005E+00	1.005E+00	1.005E+00	1.005E+00
4.900E-01	1.004E+00	2.835E-02	9.723E-01	1.029E+00	1.004E+00	1.003E+00	1.004E+00	1.004E+00
5.000E-01	1.003E+00	2.786E-02	9.716E-01	1.027E+00	1.003E+00	1.002E+00	1.003E+00	1.003E+00
5.100E-01	1.002E+00	2.736E-02	9.709E-01	1.026E+00	1.002E+00	1.001E+00	1.002E+00	1.002E+00
5.200E-01	1.000E+00	2.686E-02	9.702E-01	1.024E+00	1.001E+00	9.999E-01	1.000E+00	1.000E+00
5.300E-01	9.991E-01	2.636E-02	9.695E-01	1.022E+00	9.996E-01	9.987E-01	9.991E-01	9.991E-01
5.400E-01	9.979E-01	2.586E-02	9.687E-01	1.020E+00	9.983E-01	9.975E-01	9.979E-01	9.979E-01
5.500E-01	9.966E-01	2.536E-02	9.680E-01	1.019E+00	9.971E-01	9.962E-01	9.966E-01	9.967E-01
5.600E-01	9.954E-01	2.485E-02	9.672E-01	1.017E+00	9.958E-01	9.950E-01	9.954E-01	9.954E-01
5.700E-01	9.941E-01	2.435E-02	9.664E-01	1.015E+00	9.945E-01	9.937E-01	9.941E-01	9.941E-01
5.800E-01	9.928E-01	2.385E-02	9.656E-01	1.013E+00	9.932E-01	9.923E-01	9.928E-01	9.928E-01
5.900E-01	9.914E-01	2.334E-02	9.648E-01	1.011E+00	9.918E-01	9.910E-01	9.914E-01	9.914E-01
6.000E-01	9.901E-01	2.283E-02	9.639E-01	1.010E+00	9.905E-01	9.897E-01	9.901E-01	9.901E-01
6.100E-01	9.887E-01	2.233E-02	9.631E-01	1.008E+00	9.891E-01	9.883E-01	9.887E-01	9.887E-01
6.200E-01	9.873E-01	2.182E-02	9.622E-01	1.006E+00	9.877E-01	9.869E-01	9.873E-01	9.873E-01
6.300E-01	9.859E-01	2.131E-02	9.613E-01	1.004E+00	9.863E-01	9.855E-01	9.859E-01	9.859E-01
6.400E-01	9.844E-01	2.081E-02	9.604E-01	1.002E+00	9.848E-01	9.840E-01	9.844E-01	9.845E-01
6.500E-01	9.830E-01	2.030E-02	9.594E-01	1.000E+00	9.834E-01	9.826E-01	9.830E-01	9.830E-01
6.600E-01	9.815E-01	1.979E-02	9.585E-01	9.981E-01	9.819E-01	9.811E-01	9.815E-01	9.815E-01
6.700E-01	9.800E-01	1.929E-02	9.575E-01	9.961E-01	9.804E-01	9.796E-01	9.800E-01	9.800E-01
6.800E-01	9.785E-01	1.878E-02	9.565E-01	9.941E-01	9.789E-01	9.781E-01	9.785E-01	9.785E-01
6.900E-01	9.770E-01	1.828E-02	9.555E-01	9.921E-01	9.774E-01	9.766E-01	9.769E-01	9.770E-01
7.000E-01	9.754E-01	1.777E-02	9.545E-01	9.901E-01	9.758E-01	9.750E-01	9.754E-01	9.754E-01
7.100E-01	9.738E-01	1.727E-02	9.535E-01	9.880E-01	9.742E-01	9.734E-01	9.738E-01	9.738E-01
7.200E-01	9.722E-01	1.677E-02	9.524E-01	9.860E-01	9.726E-01	9.718E-01	9.722E-01	9.722E-01
7.300E-01	9.706E-01	1.627E-02	9.514E-01	9.839E-01	9.710E-01	9.702E-01	9.706E-01	9.706E-01
7.400E-01	9.690E-01	1.577E-02	9.503E-01	9.818E-01	9.694E-01	9.686E-01	9.690E-01	9.690E-01
7.500E-01	9.673E-01	1.527E-02	9.492E-01	9.797E-01	9.677E-01	9.670E-01	9.673E-01	9.673E-01
7.600E-01	9.657E-01	1.477E-02	9.481E-01	9.776E-01	9.660E-01	9.653E-01	9.656E-01	9.657E-01
7.700E-01	9.640E-01	1.427E-02	9.469E-01	9.755E-01	9.643E-01	9.636E-01	9.640E-01	9.640E-01
7.800E-01	9.623E-01	1.378E-02	9.458E-01	9.733E-01	9.626E-01	9.619E-01	9.622E-01	9.623E-01
7.900E-01	9.605E-01	1.328E-02	9.446E-01	9.711E-01	9.609E-01	9.602E-01	9.605E-01	9.606E-01
8.000E-01	9.588E-01	1.279E-02	9.434E-01	9.690E-01	9.592E-01	9.584E-01	9.588E-01	9.588E-01
8.100E-01	9.570E-01	1.230E-02	9.422E-01	9.668E-01	9.574E-01	9.567E-01	9.570E-01	9.570E-01
8.200E-01	9.552E-01	1.182E-02	9.410E-01	9.646E-01	9.556E-01	9.549E-01	9.552E-01	9.553E-01
8.300E-01	9.534E-01	1.133E-02	9.397E-01	9.624E-01	9.538E-01	9.531E-01	9.534E-01	9.535E-01
8.400E-01	9.516E-01	1.085E-02	9.384E-01	9.601E-01	9.520E-01	9.513E-01	9.516E-01	9.516E-01
8.500E-01	9.498E-01	1.037E-02	9.372E-01	9.579E-01	9.502E-01	9.494E-01	9.498E-01	9.498E-01
8.600E-01	9.479E-01	9.886E-03	9.359E-01	9.556E-01	9.483E-01	9.476E-01	9.479E-01	9.480E-01
8.700E-01	9.461E-01	9.409E-03	9.345E-01	9.534E-01	9.464E-01	9.457E-01	9.461E-01	9.461E-01
8.800E-01	9.442E-01	8.935E-03	9.332E-01	9.511E-01	9.445E-01	9.438E-01	9.442E-01	9.442E-01
8.900E-01	9.423E-01	8.463E-03	9.319E-01	9.488E-01	9.426E-01	9.419E-01	9.423E-01	9.423E-01
9.000E-01	9.404E-01	7.994E-03	9.305E-01	9.465E-01	9.407E-01	9.400E-01	9.403E-01	9.404E-01
9.100E-01	9.384E-01	7.528E-03	9.291E-01	9.442E-01	9.388E-01	9.381E-01	9.384E-01	9.384E-01
9.200E-01	9.365E-01	7.064E-03	9.277E-01	9.418E-01	9.368E-01	9.361E-01	9.364E-01	9.365E-01
9.300E-01	9.345E-01	6.603E-03	9.263E-01	9.395E-01	9.348E-01	9.341E-01	9.345E-01	9.345E-01
9.400E-01	9.325E-01	6.146E-03	9.249E-01	9.371E-01	9.328E-01	9.322E-01	9.325E-01	9.325E-01
9.500E-01	9.305E-01	5.691E-03	9.234E-01	9.348E-01	9.308E-01	9.302E-01	9.305E-01	9.305E-01
9.600E-01	9.285E-01	5.239E-03	9.219E-01	9.324E-01	9.288E-01	9.281E-01	9.284E-01	9.285E-01
9.700E-01	9.264E-01	4.790E-03	9.204E-01	9.300E-01	9.268E-01	9.261E-01	9.264E-01	9.264E-01
9.800E-01	9.244E-01	4.345E-03	9.189E-01	9.276E-01	9.247E-01	9.240E-01	9.243E-01	9.244E-01
9.900E-01	9.223E-01	3.903E-03	9.174E-01	9.252E-01	9.226E-01	9.220E-01	9.223E-01	9.223E-01
1.000E+00	9.202E-01	3.465E-03	9.159E-01	9.228E-01	9.205E-01	9.199E-01	9.202E-01	9.202E-01
1.010E+00	9.181E-01	3.031E-03	9.143E-01	9.203E-01	9.184E-01	9.178E-01	9.181E-01	9.181E-01
1.020E+00	9.160E-01	2.600E-03	9.127E-01	9.179E-01	9.163E-01	9.157E-01	9.160E-01	9.160E-01
1.030E+00	9.139E-01	2.174E-03	9.111E-01	9.154E-01	9.142E-01	9.135E-01	9.138E-01	9.139E-01
1.040E+00	9.117E-01	1.753E-03	9.095E-01	9.130E-01	9.120E-01	9.114E-01	9.117E-01	9.117E-01
1.050E+00	9.095E-01	1.339E-03	9.079E-01	9.105E-01	9.098E-01	9.092E-01	9.095E-01	9.096E-01
1.060E+00	9.074E-01	9.347E-04	9.063E-01	9.080E-01	9.077E-01	9.071E-01	9.073E-01	9.074E-01
1.070E+00	9.052E-01	5.566E-04	9.046E-01	9.055E-01	9.055E-01	9.049E-01	9.051E-01	9.052E-01
1.080E+00	9.030E-01	3.015E-04	9.029E-01	9.031E-01	9.033E-01	9.027E-01	9.029E-01	9.030E-01
1.090E+00	9.007E-01	4.556E-04	9.012E-01	9.005E-01	9.010E-01	9.004E-01	9.007E-01	9.008E-01
1.100E+00	8.985E-01	8.065E-04	8.995E-01	8.980E-01	8.988E-01	8.982E-01	8.985E-01	8.985E-01
1.110E+00	8.962E-01	1.188E-03	8.978E-01	8.955E-01	8.965E-01	8.960E-01	8.962E-01	8.963E-01
1.120E+00	8.940E-01	1.574E-03	8.961E-01	8.930E-01	8.943E-01	8.937E-01	8.939E-01	8.940E-01
1.130E+00	8.917E-01	1.960E-03	8.943E-01	8.904E-01	8.920E-01	8.914E-01	8.917E-01	8.917E-01
1.140E+00	8.894E-01	2.344E-03	8.925E-01	8.879E-01	8.897E-01	8.891E-01	8.894E-01	8.894E-01
1.150E+00	8.871E-01	2.725E-03	8.907E-01	8.853E-01	8.874E-01	8.868E-01	8.871E-01	8.871E-01
1.160E+00	8.848E-01	3.103E-03	8.889E-01	8.828E-01	8.850E-01	8.845E-01	8.847E-01	8.848E-01
1.170E+00	8.824E-01	3.476E-03	8.871E-01	8.802E-01	8.827E-01	8.822E-01	8.824E-01	8.825E-01
1.180E+00	8.801E-01	3.846E-03	8.853E-01	8.776E-01	8.803E-01	8.798E-01	8.800E-01	8.801E-01
1.190E+00	8.777E-01	4.212E-03	8.834E-01	8.750E-01	8.780E-01	8.774E-01	8.777E-01	8.777E-01
1.200E+00	8.753E-01	4.574E-03	8.815E-01	8.724E-01	8.756E-01	8.751E-01	8.753E-01	8.754E-01
1.210E+00	8.729E-01	4.931E-03	8.797E-01	8.698E-01	8.732E-01	8.727E-01	8.729E-01	8.730E-01
1.220E+00	8.705E-01	5.284E-03	8.778E-01	8.672E-01	8.708E-01	8.703E-01	8.705E-01	8.706E-01
1.230E+00	8.681E-01	5.633E-03	8.758E-01	8.646E-01	8.684E-01	8.679E-01	8.681E-01	8.682E-01
1.240E+00	8.657E-01	5.978E-03	8.739E-01	8.620E-01	8.659E-01	8.655E-01	8.657E-01	8.657E-01
1.250E+00	8.633E-01	6.318E-03	8.720E-01	8.593E-01	8.635E-01	8.630E-01	8.632E-01	8.633E-01
1.260E+00	8.608E-01	6.653E-03	8.700E-01	8.567E-01	8.610E-01	8.606E-01	8.608E-01	8.608E-01
1.270E+00	8.583E-01	6.984E-03	8.680E-01	8.540E-01	8.586E-01	8.581E-01	8.583E-01	8.584E-01
1.280E+00	8.559E-01	7.311E-03	8.660E-01	8.514E-01	8.561E-01	8.556E-01	8.558E-01	8.559E-01
1.290E+00	8.534E-01	7.633E-03	8.640E-01	8.487E-01	8.536E-01	8.531E-01	8.533E-01	8.534E-01
1.300E+00	8.509E-01	7.950E-03	8.620E-01	8.461E-01	8.511E-01	8.507E-01	8.508E-01	8.509E-01
1.310E+00	8.484E-01	8.263E-03	8.599E-01	8.434E-01	8.486E-01	8.481E-01	8.483E-01	8.484E-01
1.320E+00	8.458E-01	8.571E-03	8.579E-01	8.407E-01	8.461E-01	8.456E-01	8.458E-01	8.459E-01
1.330E+00	8.433E-01	8.874E-03	8.558E-01	8.381E-01	8.435E-01	8.431E-01	8.433E-01	8.433E-01
1.340E+00	8.408E-01	9.173E-03	8.537E-01	8.354E-01	8.410E-01	8.406E-01	8.407E-01	8.408E-01
1.350E+00	8.382E-01	9.467E-03	8.516E-01	8.327E-01	8.384E-01	8.380E-01	8.382E-01	8.382E-01
1.360E+00	8.356E-01	9.756E-03	8.495E-01	8.300E-01	8.359E-01	8.354E-01	8.356E-01	8.357E-01
1.370E+00	8.331E-01	1.004E-02	8.474E-01	8.273E-01	8.333E-01	8.329E-01	8.330E-01	8.331E-01
1.380E+00	8.305E-01	1.032E-02	8.452E-01	8.246E-01	8.307E-01	8.303E-01	8.304E-01	8.305E-01
1.390E+00	8.279E-01	1.059E-02	8.431E-01	8.219E-01	8.281E-01	8.277E-01	8.278E-01	8.279E-01
1.400E+00	8.253E-01	1.086E-02	8.409E-01	8.192E-01	8.255E-01	8.251E-01	8.252E-01	8.253E-01
1.410E+00	8.227E-01	1.113E-02	8.387E-01	8.164E-01	8.228E-01	8.225E-01	8.226E-01	8.227E-01
1.420E+00	8.200E-01	1.139E-02	8.365E-01	8.137E-01	8.202E-01	8.198E-01	8.200E-01	8.201E-01
1.430E+00	8.174E-01	1.164E-02	8.343E-01	8.110E-01	8.176E-01	8.172E-01	8.174E-01	8.174E-01
1.440E+00	8.147E-01	1.190E-02	8.321E-01	8.083E-01	8.149E-01	8.146E-01	8.147E-01	8.148E-01
1.450E+00	8.121E-01	1.214E-02	8.298E-01	8.055E-01	8.123E-01	8.119E-01	8.120E-01	8.121E-01
1.460E+00	8.094E-01	1.238E-02	8.276E-01	8.028E-01	8.096E-01	8.092E-01	8.094E-01	8.095E-01
1.470E+00	8.067E-01	1.262E-02	8.253E-01	8.001E-01	8.069E-01	8.066E-01	8.067E-01	8.068E-01
1.480E+00	8.041E-01	1.285E-02	8.230E-01	7.973E-01	8.042E-01	8.039E-01	8.040E-01	8.041E-01
1.490E+00	8.014E-01	1.307E-02	8.207E-01	7.946E-01	8.015E-01	8.012E-01	8.013E-01	8.014E-01
1.500E+00	7.987E-01	1.329E-02	8.184E-01	7.918E-01	7.988E-01	7.985E-01	7.986E-01	7.987E-01
1.510E+00	7.960E-01	1.351E-02	8.161E-01	7.891E-01	7.961E-01	7.958E-01	7.959E-01	7.960E-01
1.520E+00	7.932E-01	1.372E-02	8.137E-01	7.863E-01	7.934E-01	7.931E-01	7.932E-01	7.933E-01
1.530E+00	7.905E-01	1.393E-02	8.114E-01	7.835E-01	7.907E-01	7.904E-01	7.905E-01	7.905E-01
1.540E+00	7.878E-01	1.413E-02	8.090E-01	7.808E-01	7.879E-01	7.876E-01	7.877E-01	7.878E-01
1.550E+00	7.850E-01	1.432E-02	8.067E-01	7.780E-01	7.852E-01	7.849E-01	7.850E-01	7.851E-01
1.560E+00	7.823E-01	1.451E-02	8.043E-01	7.752E-01	7.824E-01	7.821E-01	7.822E-01	7.823E-01
1.570E+00	7.795E-01	1.470E-02	8.019E-01	7.725E-01	7.797E-01	7.794E-01	7.795E-01	7.796E-01
1.580E+00	7.768E-01	1.488E-02	7.995E-01	7.697E-01	7.769E-01	7.766E-01	7.767E-01	7.768E-01
1.590E+00	7.740E-01	1.505E-02	7.970E-01	7.669E-01	7.741E-01	7.739E-01	7.739E-01	7.740E-01
1.600E+00	7.712E-01	1.522E-02	7.946E-01	7.642E-01	7.713E-01	7.711E-01	7.712E-01	7.712E-01
1.610E+00	7.684E-01	1.539E-02	7.922E-01	7.614E-01	7.685E-01	7.683E-01	7.684E-01	7.685E-01
1.620E+00	7.656E-01	1.555E-02	7.897E-01	7.586E-01	7.657E-01	7.655E-01	7.656E-01	7.657E-01
1.630E+00	7.628E-01	1.571E-02	7.872E-01	7.558E-01	7.629E-01	7.627E-01	7.628E-01	7.629E-01
1.640E+00	7.600E-01	1.586E-02	7.847E-01	7.530E-01	7.601E-01	7.599E-01	7.600E-01	7.601E-01
1.650E+00	7.572E-01	1.600E-02	7.823E-01	7.502E-01	7.573E-01	7.571E-01	7.572E-01	7.572E-01
1.660E+00	7.544E-01	1.614E-02	7.797E-01	7.475E-01	7.545E-01	7.543E-01	7.543E-01	7.544E-01
1.670E+00	7.516E-01	1.628E-02	7.772E-01	7.447E-01	7.517E-01	7.515E-01	7.515E-01	7.516E-01
1.680E+00	7.487E-01	1.641E-02	7.747E-01	7.419E-01	7.488E-01	7.486E-01	7.487E-01	7.488E-01
1.690E+00	7.459E-01	1.654E-02	7.722E-01	7.391E-01	7.460E-01	7.458E-01	7.458E-01	7.459E-01
1.700E+00	7.430E-01	1.666E-02	7.696E-01	7.363E-01	7.431E-01	7.430E-01	7.430E-01	7.431E-01
1.710E+00	7.402E-01	1.677E-02	7.671E-01	7.335E-01	7.403E-01	7.401E-01	7.402E-01	7.402E-01
1.720E+00	7.373E-01	1.689E-02	7.645E-01	7.307E-01	7.374E-01	7.373E-01	7.373E-01	7.374E-01
1.730E+00	7.345E-01	1.699E-02	7.619E-01	7.279E-01	7.346E-01	7.344E-01	7.344E-01	7.345E-01
1.740E+00	7.316E-01	1.709E-02	7.593E-01	7.251E-01	7.317E-01	7.315E-01	7.316E-01	7.317E-01
1.750E+00	7.288E-01	1.719E-02	7.567E-01	7.223E-01	7.288E-01	7.287E-01	7.287E-01	7.288E-01
1.760E+00	7.259E-01	1.728E-02	7.541E-01	7.195E-01	7.260E-01	7.258E-01	7.258E-01	7.259E-01
1.770E+00	7.230E-01	1.737E-02	7.515E-01	7.168E-01	7.231E-01	7.229E-01	7.230E-01	7.230E-01
1.780E+00	7.201E-01	1.745E-02	7.489E-01	7.140E-01	7.202E-01	7.200E-01	7.201E-01	7.202E-01
1.790E+00	7.172E-01	1.753E-02	7.462E-01	7.112E-01	7.173E-01	7.172E-01	7.172E-01	7.173E-01
1.800E+00	7.143E-01	1.760E-02	7.436E-01	7.084E-01	7.144E-01	7.143E-01	7.143E-01	7.144E-01
1.810E+00	7.114E-01	1.767E-02	7.409E-01	7.056E-01	7.115E-01	7.114E-01	7.114E-01	7.115E-01
1.820E+00	7.085E-01	1.773E-02	7.383E-01	7.028E-01	7.086E-01	7.085E-01	7.085E-01	7.086E-01
1.830E+00	7.056E-01	1.779E-02	7.356E-01	7.000E-01	7.057E-01	7.056E-01	7.056E-01	7.057E-01
1.840E+00	7.027E-01	1.784E-02	7.329E-01	6.972E-01	7.028E-01	7.027E-01	7.027E-01	7.028E-01
1.850E+00	6.998E-01	1.789E-02	7.302E-01	6.944E-01	6.999E-01	6.998E-01	6.998E-01	6.999E-01
1.860E+00	6.969E-01	1.793E-02	7.275E-01	6.916E-01	6.970E-01	6.969E-01	6.969E-01	6.970E-01
1.870E+00	6.940E-01	1.797E-02	7.248E-01	6.888E-01	6.940E-01	6.940E-01	6.939E-01	6.940E-01
1.880E+00	6.911E-01	1.801E-02	7.221E-01	6.861E-01	6.911E-01	6.910E-01	6.910E-01	6.911E-01
1.890E+00	6.882E-01	1.804E-02	7.193E-01	6.833E-01	6.882E-01	6.881E-01	6.881E-01	6.882E-01
1.900E+00	6.852E-01	1.806E-02	7.166E-01	6.805E-01	6.853E-01	6.852E-01	6.852E-01	6.853E-01
1.910E+00	6.823E-01	1.808E-02	7.139E-01	6.777E-01	6.823E-01	6.823E-01	6.822E-01	6.823E-01
1.920E+00	6.794E-01	1.810E-02	7.111E-01	6.749E-01	6.794E-01	6.793E-01	6.793E-01	6.794E-01
1.930E+00	6.764E-01	1.811E-02	7.084E-01	6.721E-01	6.765E-01	6.764E-01	6.764E-01	6.765E-01
1.940E+00	6.735E-01	1.812E-02	7.056E-01	6.694E-01	6.735E-01	6.735E-01	6.734E-01	6.736E-01
1.950E+00	6.706E-01	1.812E-02	7.028E-01	6.666E-01	6.706E-01	6.705E-01	6.705E-01	6.706E-01
1.960E+00	6.676E-01	1.812E-02	7.000E-01	6.638E-01	6.676E-01	6.676E-01	6.676E-01	6.677E-01
1.970E+00	6.647E-01	1.812E-02	6.973E-01	6.610E-01	6.647E-01	6.647E-01	6.646E-01	6.647E-01
1.980E+00	6.617E-01	1.811E-02	6.945E-01	6.583E-01	6.617E-01	6.617E-01	6.617E-01	6.618E-01
1.990E+00	6.588E-01	1.809E-02	6.917E-01	6.555E-01	6.588E-01	6.588E-01	6.587E-01	6.589E-01
2.000E+00	6.559E-01	1.807E-02	6.889E-01	6.527E-01	6.559E-01	6.559E-01	6.558E-01	6.559E-01
2.010E+00	6.529E-01	1.805E-02	6.860E-01	6.499E-01	6.529E-01	6.529E-01	6.529E-01	6.530E-01
2.020E+00	6.500E-01	1.802E-02	6.832E-01	6.472E-01	6.500E-01	6.500E-01	6.499E-01	6.500E-01
2.030E+00	6.470E-01	1.799E-02	6.804E-01	6.444E-01	6.470E-01	6.470E-01	6.470E-01	6.471E-01
2.040E+00	6.441E-01	1.795E-02	6.776E-01	6.417E-01	6.440E-01	6.441E-01	6.440E-01	6.441E-01
2.050E+00	6.411E-01	1.791E-02	6.747E-01	6.389E-01	6.411E-01	6.411E-01	6.411E-01	6.412E-01
2.060E+00	6.382E-01	1.787E-02	6.719E-01	6.362E-01	6.381E-01	6.382E-01	6.381E-01	6.382E-01
2.070E+00	6.352E-01	1.782E-02	6.690E-01	6.334E-01	6.352E-01	6.352E-01	6.352E-01	6.353E-01
2.080E+00	6.323E-01	1.777E-02	6.662E-01	6.307E-01	6.322E-01	6.323E-01	6.322E-01	6.323E-01
2.090E+00	6.293E-01	1.771E-02	6.633E-01	6.279E-01	6.293E-01	6.293E-01	6.293E-01	6.294E-01
2.100E+00	6.264E-01	1.765E-02	6.605E-01	6.252E-01	6.263E-01	6.264E-01	6.263E-01	6.264E-01
2.110E+00	6.234E-01	1.759E-02	6.576E-01	6.224E-01	6.234E-01	6.234E-01	6.234E-01	6.235E-01
2.120E+00	6.205E-01	1.752E-02	6.547E-01	6.197E-01	6.204E-01	6.205E-01	6.204E-01	6.205E-01
2.130E+00	6.175E-01	1.745E-02	6.518E-01	6.170E-01	6.175E-01	6.175E-01	6.175E-01	6.176E-01
2.140E+00	6.146E-01	1.737E-02	6.490E-01	6.142E-01	6.145E-01	6.146E-01	6.145E-01	6.146E-01
2.150E+00	6.116E-01	1.729E-02	6.461E-01	6.115E-01	6.116E-01	6.117E-01	6.116E-01	6.117E-01
2.160E+00	6.087E-01	1.721E-02	6.432E-01	6.088E-01	6.086E-01	6.087E-01	6.086E-01	6.087E-01
2.170E+00	6.057E-01	1.712E-02	6.403E-01	6.061E-01	6.057E-01	6.058E-01	6.057E-01	6.058E-01
2.180E+00	6.028E-01	1.703E-02	6.374E-01	6.033E-01	6.027E-01	6.028E-01	6.027E-01	6.028E-01
2.190E+00	5.998E-01	1.694E-02	6.345E-01	6.006E-01	5.998E-01	5.999E-01	5.998E-01	5.999E-01
2.200E+00	5.969E-01	1.684E-02	6.316E-01	5.979E-01	5.968E-01	5.969E-01	5.968E-01	5.969E-01
2.210E+00	5.939E-01	1.674E-02	6.287E-01	5.952E-01	5.939E-01	5.940E-01	5.939E-01	5.940E-01
2.220E+00	5.910E-01	1.663E-02	6.258E-01	5.925E-01	5.909E-01	5.911E-01	5.909E-01	5.911E-01
2.230E+00	5.881E-01	1.652E-02	6.229E-01	5.898E-01	5.880E-01	5.881E-01	5.880E-01	5.881E-01
2.240E+00	5.851E-01	1.641E-02	6.199E-01	5.871E-01	5.850E-01	5.852E-01	5.851E-01	5.852E-01
2.250E+00	5.822E-01	1.630E-02	6.170E-01	5.844E-01	5.821E-01	5.823E-01	5.821E-01	5.822E-01
2.260E+00	5.792E-01	1.618E-02	6.141E-01	5.817E-01	5.792E-01	5.793E-01	5.792E-01	5.793E-01
2.270E+00	5.763E-01	1.605E-02	6.112E-01	5.791E-01	5.762E-01	5.764E-01	5.763E-01	5.764E-01
2.280E+00	5.734E-01	1.593E-02	6.082E-01	5.764E-01	5.733E-01	5.735E-01	5.733E-01	5.734E-01
2.290E+00	5.705E-01	1.580E-02	6.053E-01	5.737E-01	5.704E-01	5.705E-01	5.704E-01	5.705E-01
2.300E+00	5.675E-01	1.567E-02	6.024E-01	5.710E-01	5.674E-01	5.676E-01	5.675E-01	5.676E-01
2.310E+00	5.646E-01	1.553E-02	5.994E-01	5.684E-01	5.645E-01	5.647E-01	5.646E-01	5.647E-01
2.320E+00	5.617E-01	1.539E-02	5.965E-01	5.657E-01	5.616E-01	5.618E-01	5.616E-01	5.618E-01
2.330E+00	5.588E-01	1.525E-02	5.936E-01	5.631E-01	5.587E-01	5.589E-01	5.587E-01	5.588E-01
2.340E+00	5.559E-01	1.511E-02	5.906E-01	5.604E-01	5.558E-01	5.560E-01	5.558E-01	5.559E-01
2.350E+00	5.530E-01	1.496E-02	5.877E-01	5.578E-01	5.529E-01	5.531E-01	5.529E-01	5.530E-01
2.360E+00	5.500E-01	1.481E-02	5.847E-01	5.551E-01	5.499E-01	5.502E-01	5.500E-01	5.501E-01
2.370E+00	5.471E-01	1.465E-02	5.818E-01	5.525E-01	5.470E-01	5.473E-01	5.471E-01	5.472E-01
2.380E+00	5.442E-01	1.450E-02	5.789E-01	5.499E-01	5.441E-01	5.444E-01	5.442E-01	5.443E-01
2.390E+00	5.413E-01	1.434E-02	5.759E-01	5.472E-01	5.412E-01	5.415E-01	5.413E-01	5.414E-01
2.400E+00	5.385E-01	1.418E-02	5.730E-01	5.446E-01	5.383E-01	5.386E-01	5.384E-01	5.385E-01
2.410E+00	5.356E-01	1.401E-02	5.700E-01	5.420E-01	5.354E-01	5.357E-01	5.355E-01	5.356E-01
2.420E+00	5.327E-01	1.384E-02	5.671E-01	5.394E-01	5.326E-01	5.328E-01	5.326E-01	5.327E-01
2.430E+00	5.298E-01	1.367E-02	5.641E-01	5.368E-01	5.297E-01	5.299E-01	5.297E-01	5.299E-01
2.440E+00	5.269E-01	1.350E-02	5.612E-01	5.342E-01	5.268E-01	5.270E-01	5.269E-01	5.270E-01
2.450E+00	5.240E-01	1.333E-02	5.582E-01	5.316E-01	5.239E-01	5.242E-01	5.240E-01	5.241E-01
2.460E+00	5.212E-01	1.315E-02	5.553E-01	5.290E-01	5.210E-01	5.213E-01	5.211E-01	5.212E-01
2.470E+00	5.183E-01	1.297E-02	5.523E-01	5.264E-01	5.182E-01	5.184E-01	5.182E-01	5.184E-01
2.480E+00	5.154E-01	1.278E-02	5.494E-01	5.238E-01	5.153E-01	5.156E-01	5.154E-01	5.155E-01
2.490E+00	5.126E-01	1.260E-02	5.465E-01	5.213E-01	5.125E-01	5.127E-01	5.125E-01	5.127E-01
2.500E+00	5.097E-01	1.241E-02	5.435E-01	5.187E-01	5.096E-01	5.099E-01	5.097E-01	5.098E-01
2.510E+00	5.069E-01	1.222E-02	5.406E-01	5.161E-01	5.068E-01	5.070E-01	5.068E-01	5.070E-01
2.520E+00	5.041E-01	1.203E-02	5.376E-01	5.136E-01	5.039E-01	5.042E-01	5.040E-01	5.041E-01
2.530E+00	5.012E-01	1.184E-02	5.347E-01	5.110E-01	5.011E-01	5.014E-01	5.012E-01	5.013E-01
2.540E+00	4.984E-01	1.164E-02	5.317E-01	5.085E-01	4.982E-01	4.985E-01	4.983E-01	4.984E-01
2.550E+00	4.956E-01	1.144E-02	5.288E-01	5.059E-01	4.954E-01	4.957E-01	4.955E-01	4.956E-01
2.560E+00	4.927E-01	1.124E-02	5.259E-01	5.034E-01	4.926E-01	4.929E-01	4.927E-01	4.928E-01
2.570E+00	4.899E-01	1.104E-02	5.229E-01	5.009E-01	4.898E-01	4.901E-01	4.899E-01	4.900E-01
2.580E+00	4.871E-01	1.083E-02	5.200E-01	4.983E-01	4.870E-01	4.873E-01	4.870E-01	4.872E-01
2.590E+00	4.843E-01	1.063E-02	5.171E-01	4.958E-01	4.841E-01	4.845E-01	4.842E-01	4.844E-01
2.600E+00	4.815E-01	1.042E-02	5.142E-01	4.933E-01	4.813E-01	4.817E-01	4.814E-01	4.816E-01
2.610E+00	4.787E-01	1.021E-02	5.112E-01	4.908E-01	4.785E-01	4.789E-01	4.786E-01	4.788E-01
2.620E+00	4.759E-01	9.994E-03	5.083E-01	4.883E-01	4.758E-01	4.761E-01	4.759E-01	4.760E-01
2.630E+00	4.731E-01	9.779E-03	5.054E-01	4.858E-01	4.730E-01	4.733E-01	4.731E-01	4.732E-01
2.640E+00	4.704E-01	9.564E-03	5.025E-01	4.833E-01	4.702E-01	4.705E-01	4.703E-01	4.704E-01
2.650E+00	4.676E-01	9.346E-03	4.996E-01	4.809E-01	4.674E-01	4.678E-01	4.675E-01	4.677E-01
2.660E+00	4.648E-01	9.127E-03	4.966E-01	4.784E-01	4.647E-01	4.650E-01	4.648E-01	4.649E-01
2.670E+00	4.621E-01	8.906E-03	4.937E-01	4.759E-01	4.619E-01	4.622E-01	4.620E-01	4.621E-01
2.680E+00	4.593E-01	8.684E-03	4.908E-01	4.735E-01	4.591E-01	4.595E-01	4.593E-01	4.594E-01
2.690E+00	4.566E-01	8.460E-03	4.879E-01	4.710E-01	4.564E-01	4.568E-01	4.565E-01	4.566E-01
2.700E+00	4.538E-01	8.235E-03	4.850E-01	4.686E-01	4.537E-01	4.540E-01	4.538E-01	4.539E-01
2.710E+00	4.511E-01	8.008E-03	4.821E-01	4.661E-01	4.509E-01	4.513E-01	4.510E-01	4.512E-01
2.720E+00	4.484E-01	7.780E-03	4.792E-01	4.637E-01	4.482E-01	4.486E-01	4.483E-01	4.484E-01
2.730E+00	4.457E-01	7.551E-03	4.764E-01	4.613E-01	4.455E-01	4.458E-01	4.456E-01	4.457E-01
2.740E+00	4.430E-01	7.320E-03	4.735E-01	4.588E-01	4.428E-01	4.431E-01	4.429E-01	4.430E-01
2.750E+00	4.402E-01	7.088E-03	4.706E-01	4.564E-01	4.401E-01	4.404E-01	4.402E-01	4.403E-01
2.760E+00	4.375E-01	6.855E-03	4.677E-01	4.540E-01	4.374E-01	4.377E-01	4.375E-01	4.376E-01
2.770E+00	4.349E-01	6.621E-03	4.649E-01	4.516E-01	4.347E-01	4.351E-01	4.348E-01	4.349E-01
2.780E+00	4.322E-01	6.386E-03	4.620E-01	4.492E-01	4.320E-01	4.324E-01	4.321E-01	4.322E-01
2.790E+00	4.295E-01	6.150E-03	4.591E-01	4.468E-01	4.293E-01	4.297E-01	4.294E-01	4.296E-01
2.800E+00	4.268E-01	5.912E-03	4.563E-01	4.445E-01	4.266E-01	4.270E-01	4.268E-01	4.269E-01
2.810E+00	4.242E-01	5.674E-03	4.534E-01	4.421E-01	4.240E-01	4.244E-01	4.241E-01	4.242E-01
2.820E+00	4.215E-01	5.435E-03	4.506E-01	4.397E-01	4.213E-01	4.217E-01	4.214E-01	4.216E-01
2.830E+00	4.189E-01	5.195E-03	4.477E-01	4.374E-01	4.187E-01	4.191E-01	4.188E-01	4.189E-01
2.840E+00	4.162E-01	4.954E-03	4.449E-01	4.350E-01	4.160E-01	4.164E-01	4.162E-01	4.163E-01
2.850E+00	4.136E-01	4.712E-03	4.421E-01	4.327E-01	4.134E-01	4.138E-01	4.135E-01	4.137E-01
2.860E+00	4.110E-01	4.470E-03	4.393E-01	4.303E-01	4.108E-01	4.112E-01	4.109E-01	4.110E-01
2.870E+00	4.083E-01	4.227E-03	4.364E-01	4.280E-01	4.081E-01	4.086E-01	4.083E-01	4.084E-01
2.880E+00	4.057E-01	3.983E-03	4.336E-01	4.257E-01	4.055E-01	4.060E-01	4.057E-01	4.058E-01
2.890E+00	4.031E-01	3.739E-03	4.308E-01	4.233E-01	4.029E-01	4.034E-01	4.031E-01	4.032E-01
2.900E+00	4.005E-01	3.494E-03	4.280E-01	4.210E-01	4.003E-01	4.008E-01	4.005E-01	4.006E-01
2.910E+00	3.980E-01	3.249E-03	4.252E-01	4.187E-01	3.977E-01	3.982E-01	3.979E-01	3.980E-01
2.920E+00	3.954E-01	3.003E-03	4.224E-01	4.164E-01	3.952E-01	3.956E-01	3.953E-01	3.955E-01
2.930E+00	3.928E-01	2.757E-03	4.196E-01	4.141E-01	3.926E-01	3.930E-01	3.927E-01	3.929E-01
2.940E+00	3.903E-01	2.511E-03	4.169E-01	4.119E-01	3.900E-01	3.905E-01	3.902E-01	3.903E-01
2.950E+00	3.877E-01	2.264E-03	4.141E-01	4.096E-01	3.875E-01	3.879E-01	3.876E-01	3.878E-01
2.960E+00	3.852E-01	2.018E-03	4.113E-01	4.073E-01	3.849E-01	3.854E-01	3.851E-01	3.852E-01
2.970E+00	3.826E-01	1.771E-03	4.086E-01	4.051E-01	3.824E-01	3.828E-01	3.826E-01	3.827E-01
2.980E+00	3.801E-01	1.525E-03	4.058E-01	4.028E-01	3.799E-01	3.803E-01	3.800E-01	3.802E-01
2.990E+00	3.776E-01	1.280E-03	4.031E-01	4.006E-01	3.773E-01	3.778E-01	3.775E-01	3.776E-01
3.000E+00	3.751E-01	1.037E-03	4.003E-01	3.983E-01	3.748E-01	3.753E-01	3.750E-01	3.751E-01
