1.000E-02	1.105E+00	6.924E-04	1.105E+00	1.104E+00	1.105E+00	1.104E+00	1.105E+00	1.105E+00
2.000E-02	1.105E+00	6.884E-04	1.105E+00	1.104E+00	1.105E+00	1.104E+00	1.105E+00	1.105E+00
3.000E-02	1.104E+00	6.831E-04	1.105E+00	1.104E+00	1.105E+00	1.104E+00	1.104E+00	1.104E+00
4.000E-02	1.104E+00	6.767E-04	1.105E+00	1.104E+00	1.104E+00	1.104E+00	1.104E+00	1.104E+00
5.000E-02	1.104E+00	6.696E-04	1.104E+00	1.103E+00	1.104E+00	1.104E+00	1.104E+00	1.104E+00
6.000E-02	1.103E+00	6.616E-04	1.104E+00	1.103E+00	1.104E+00	1.103E+00	1.103E+00	1.103E+00
7.000E-02	1.103E+00	6.531E-04	1.104E+00	1.102E+00	1.103E+00	1.103E+00	1.103E+00	1.103E+00
8.000E-02	1.103E+00	6.440E-04	1.103E+00	1.102E+00	1.103E+00	1.102E+00	1.103E+00	1.103E+00
9.000E-02	1.102E+00	6.345E-04	1.103E+00	1.101E+00	1.102E+00	1.102E+00	1.102E+00	1.102E+00
1.000E-01	1.101E+00	6.245E-04	1.102E+00	1.101E+00	1.102E+00	1.101E+00	1.101E+00	1.101E+00
1.100E-01	1.101E+00	6.141E-04	1.101E+00	1.100E+00	1.101E+00	1.100E+00	1.101E+00	1.101E+00
1.200E-01	1.100E+00	6.034E-04	1.101E+00	1.100E+00	1.100E+00	1.100E+00	1.100E+00	1.100E+00
1.300E-01	1.099E+00	5.924E-04	1.100E+00	1.099E+00	1.100E+00	1.099E+00	1.099E+00	1.099E+00
1.400E-01	1.099E+00	5.811E-04	1.099E+00	1.098E+00	1.099E+00	1.098E+00	1.099E+00	1.099E+00
1.500E-01	1.098E+00	5.697E-04	1.098E+00	1.097E+00	1.098E+00	1.098E+00	1.098E+00	1.098E+00
1.600E-01	1.097E+00	5.580E-04	1.097E+00	1.096E+00	1.097E+00	1.097E+00	1.097E+00	1.097E+00
1.700E-01	1.096E+00	5.461E-04	1.097E+00	1.096E+00	1.096E+00	1.096E+00	1.096E+00	1.096E+00
1.800E-01	1.095E+00	5.341E-04	1.096E+00	1.095E+00	1.095E+00	1.095E+00	1.095E+00	1.095E+00
1.900E-01	1.094E+00	5.220E-04	1.095E+00	1.094E+00	1.094E+00	1.094E+00	1.094E+00	1.094E+00
2.000E-01	1.093E+00	5.098E-04	1.094E+00	1.093E+00	1.093E+00	1.093E+00	1.093E+00	1.093E+00
2.100E-01	1.092E+00	4.975E-04	1.092E+00	1.092E+00	1.092E+00	1.092E+00	1.092E+00	1.092E+00
2.200E-01	1.091E+00	4.852E-04	1.091E+00	1.091E+00	1.091E+00	1.091E+00	1.091E+00	1.091E+00
2.300E-01	1.090E+00	4.729E-04	1.090E+00	1.089E+00	1.090E+00	1.090E+00	1.090E+00	1.090E+00
2.400E-01	1.089E+00	4.605E-04	1.089E+00	1.088E+00	1.089E+00	1.088E+00	1.089E+00	1.089E+00
2.500E-01	1.087E+00	4.482E-04	1.088E+00	1.087E+00	1.088E+00	1.087E+00	1.087E+00	1.087E+00
2.600E-01	1.086E+00	4.360E-04	1.087E+00	1.086E+00	1.086E+00	1.086E+00	1.086E+00	1.086E+00
2.700E-01	1.085E+00	4.238E-04	1.085E+00	1.085E+00	1.085E+00	1.085E+00	1.085E+00	1.085E+00
2.800E-01	1.084E+00	4.117E-04	1.084E+00	1.083E+00	1.084E+00	1.083E+00	1.084E+00	1.084E+00
2.900E-01	1.082E+00	3.997E-04	1.083E+00	1.082E+00	1.082E+00	1.082E+00	1.082E+00	1.082E+00
3.000E-01	1.081E+00	3.878E-04	1.081E+00	1.081E+00	1.081E+00	1.081E+00	1.081E+00	1.081E+00
3.100E-01	1.079E+00	3.762E-04	1.080E+00	1.079E+00	1.080E+00	1.079E+00	1.079E+00	1.079E+00
3.200E-01	1.078E+00	3.647E-04	1.078E+00	1.078E+00	1.078E+00	1.078E+00	1.078E+00	1.078E+00
3.300E-01	1.076E+00	3.534E-04	1.077E+00	1.076E+00	1.077E+00	1.076E+00	1.076E+00	1.076E+00
3.400E-01	1.075E+00	3.424E-04	1.075E+00	1.075E+00	1.075E+00	1.075E+00	1.075E+00	1.075E+00
3.500E-01	1.073E+00	3.317E-04	1.074E+00	1.073E+00	1.074E+00	1.073E+00	1.073E+00	1.073E+00
3.600E-01	1.072E+00	3.213E-04	1.072E+00	1.072E+00	1.072E+00	1.072E+00	1.072E+00	1.072E+00
3.700E-01	1.070E+00	3.113E-04	1.070E+00	1.070E+00	1.070E+00	1.070E+00	1.070E+00	1.070E+00
3.800E-01	1.069E+00	3.016E-04	1.069E+00	1.068E+00	1.069E+00	1.068E+00	1.068E+00	1.069E+00
3.900E-01	1.067E+00	2.924E-04	1.067E+00	1.067E+00	1.067E+00	1.067E+00	1.067E+00	1.067E+00
4.000E-01	1.065E+00	2.836E-04	1.065E+00	1.065E+00	1.065E+00	1.065E+00	1.065E+00	1.065E+00
4.100E-01	1.063E+00	2.754E-04	1.063E+00	1.063E+00	1.064E+00	1.063E+00	1.063E+00	1.063E+00
4.200E-01	1.062E+00	2.676E-04	1.062E+00	1.061E+00	1.062E+00	1.061E+00	1.062E+00	1.062E+00
4.300E-01	1.060E+00	2.605E-04	1.060E+00	1.060E+00	1.060E+00	1.060E+00	1.060E+00	1.060E+00
4.400E-01	1.058E+00	2.540E-04	1.058E+00	1.058E+00	1.058E+00	1.058E+00	1.058E+00	1.058E+00
4.500E-01	1.056E+00	2.481E-04	1.056E+00	1.056E+00	1.056E+00	1.056E+00	1.056E+00	1.056E+00
4.600E-01	1.054E+00	2.429E-04	1.054E+00	1.054E+00	1.054E+00	1.054E+00	1.054E+00	1.054E+00
4.700E-01	1.052E+00	2.385E-04	1.052E+00	1.052E+00	1.052E+00	1.052E+00	1.052E+00	1.052E+00
4.800E-01	1.050E+00	2.348E-04	1.050E+00	1.050E+00	1.050E+00	1.050E+00	1.050E+00	1.050E+00
4.900E-01	1.048E+00	2.318E-04	1.048E+00	1.048E+00	1.049E+00	1.048E+00	1.048E+00	1.048E+00
5.000E-01	1.046E+00	2.297E-04	1.046E+00	1.046E+00	1.046E+00	1.046E+00	1.046E+00	1.046E+00
5.100E-01	1.044E+00	2.283E-04	1.044E+00	1.044E+00	1.044E+00	1.044E+00	1.044E+00	1.044E+00
5.200E-01	1.042E+00	2.277E-04	1.042E+00	1.042E+00	1.042E+00	1.042E+00	1.042E+00	1.042E+00
5.300E-01	1.040E+00	2.279E-04	1.040E+00	1.040E+00	1.040E+00	1.040E+00	1.040E+00	1.040E+00
5.400E-01	1.038E+00	2.288E-04	1.038E+00	1.038E+00	1.038E+00	1.038E+00	1.038E+00	1.038E+00
5.500E-01	1.036E+00	2.304E-04	1.036E+00	1.036E+00	1.036E+00	1.036E+00	1.036E+00	1.036E+00
5.600E-01	1.034E+00	2.326E-04	1.034E+00	1.034E+00	1.034E+00	1.033E+00	1.034E+00	1.034E+00
5.700E-01	1.031E+00	2.355E-04	1.031E+00	1.031E+00	1.032E+00	1.031E+00	1.031E+00	1.031E+00
5.800E-01	1.029E+00	2.390E-04	1.029E+00	1.029E+00	1.029E+00	1.029E+00	1.029E+00	1.029E+00
5.900E-01	1.027E+00	2.430E-04	1.027E+00	1.027E+00	1.027E+00	1.027E+00	1.027E+00	1.027E+00
6.000E-01	1.025E+00	2.474E-04	1.025E+00	1.025E+00	1.025E+00	1.024E+00	1.025E+00	1.025E+00
6.100E-01	1.022E+00	2.523E-04	1.022E+00	1.022E+00	1.023E+00	1.022E+00	1.022E+00	1.022E+00
6.200E-01	1.020E+00	2.576E-04	1.020E+00	1.020E+00	1.020E+00	1.020E+00	1.020E+00	1.020E+00
6.300E-01	1.018E+00	2.632E-04	1.018E+00	1.018E+00	1.018E+00	1.017E+00	1.018E+00	1.018E+00
6.400E-01	1.015E+00	2.691E-04	1.015E+00	1.015E+00	1.016E+00	1.015E+00	1.015E+00	1.015E+00
6.500E-01	1.013E+00	2.753E-04	1.013E+00	1.013E+00	1.013E+00	1.013E+00	1.013E+00	1.013E+00
6.600E-01	1.010E+00	2.816E-04	1.010E+00	1.011E+00	1.011E+00	1.010E+00	1.010E+00	1.010E+00
6.700E-01	1.008E+00	2.882E-04	1.008E+00	1.008E+00	1.008E+00	1.008E+00	1.008E+00	1.008E+00
6.800E-01	1.006E+00	2.948E-04	1.005E+00	1.006E+00	1.006E+00	1.005E+00	1.006E+00	1.006E+00
6.900E-01	1.003E+00	3.016E-04	1.003E+00	1.003E+00	1.003E+00	1.003E+00	1.003E+00	1.003E+00
7.000E-01	1.001E+00	3.085E-04	1.000E+00	1.001E+00	1.001E+00	1.000E+00	1.001E+00	1.001E+00
7.100E-01	9.980E-01	3.155E-04	9.978E-01	9.983E-01	9.982E-01	9.978E-01	9.980E-01	9.980E-01
7.200E-01	9.955E-01	3.224E-04	9.952E-01	9.957E-01	9.957E-01	9.953E-01	9.955E-01	9.955E-01
7.300E-01	9.929E-01	3.294E-04	9.926E-01	9.932E-01	9.931E-01	9.927E-01	9.929E-01	9.929E-01
7.400E-01	9.903E-01	3.364E-04	9.900E-01	9.906E-01	9.905E-01	9.901E-01	9.903E-01	9.903E-01
7.500E-01	9.877E-01	3.434E-04	9.874E-01	9.880E-01	9.879E-01	9.875E-01	9.877E-01	9.877E-01
7.600E-01	9.851E-01	3.503E-04	9.848E-01	9.853E-01	9.852E-01	9.849E-01	9.850E-01	9.851E-01
7.700E-01	9.824E-01	3.572E-04	9.821E-01	9.827E-01	9.826E-01	9.822E-01	9.824E-01	9.824E-01
7.800E-01	9.797E-01	3.641E-04	9.794E-01	9.800E-01	9.799E-01	9.795E-01	9.797E-01	9.797E-01
7.900E-01	9.770E-01	3.708E-04	9.767E-01	9.773E-01	9.772E-01	9.768E-01	9.770E-01	9.770E-01
8.000E-01	9.743E-01	3.775E-04	9.740E-01	9.746E-01	9.745E-01	9.741E-01	9.743E-01	9.743E-01
8.100E-01	9.716E-01	3.841E-04	9.712E-01	9.719E-01	9.718E-01	9.714E-01	9.716E-01	9.716E-01
8.200E-01	9.688E-01	3.905E-04	9.685E-01	9.692E-01	9.690E-01	9.686E-01	9.688E-01	9.688E-01
8.300E-01	9.660E-01	3.969E-04	9.657E-01	9.664E-01	9.662E-01	9.659E-01	9.660E-01	9.661E-01
8.400E-01	9.633E-01	4.031E-04	9.629E-01	9.636E-01	9.634E-01	9.631E-01	9.632E-01	9.633E-01
8.500E-01	9.604E-01	4.092E-04	9.601E-01	9.608E-01	9.606E-01	9.603E-01	9.604E-01	9.605E-01
8.600E-01	9.576E-01	4.152E-04	9.572E-01	9.580E-01	9.578E-01	9.574E-01	9.576E-01	9.576E-01
8.700E-01	9.548E-01	4.211E-04	9.544E-01	9.552E-01	9.550E-01	9.546E-01	9.548E-01	9.548E-01
8.800E-01	9.519E-01	4.268E-04	9.515E-01	9.523E-01	9.521E-01	9.517E-01	9.519E-01	9.519E-01
8.900E-01	9.490E-01	4.323E-04	9.487E-01	9.494E-01	9.492E-01	9.489E-01	9.490E-01	9.491E-01
9.000E-01	9.462E-01	4.377E-04	9.458E-01	9.466E-01	9.463E-01	9.460E-01	9.461E-01	9.462E-01
9.100E-01	9.432E-01	4.430E-04	9.428E-01	9.436E-01	9.434E-01	9.431E-01	9.432E-01	9.433E-01
9.200E-01	9.403E-01	4.481E-04	9.399E-01	9.407E-01	9.405E-01	9.401E-01	9.403E-01	9.403E-01
9.300E-01	9.374E-01	4.530E-04	9.370E-01	9.378E-01	9.375E-01	9.372E-01	9.374E-01	9.374E-01
9.400E-01	9.344E-01	4.577E-04	9.340E-01	9.348E-01	9.346E-01	9.343E-01	9.344E-01	9.344E-01
9.500E-01	9.315E-01	4.623E-04	9.310E-01	9.319E-01	9.316E-01	9.313E-01	9.314E-01	9.315E-01
9.600E-01	9.285E-01	4.668E-04	9.280E-01	9.289E-01	9.286E-01	9.283E-01	9.284E-01	9.285E-01
9.700E-01	9.255E-01	4.710E-04	9.250E-01	9.259E-01	9.256E-01	9.253E-01	9.254E-01	9.255E-01
9.800E-01	9.224E-01	4.751E-04	9.220E-01	9.229E-01	9.226E-01	9.223E-01	9.224E-01	9.225E-01
9.900E-01	9.194E-01	4.790E-04	9.190E-01	9.199E-01	9.196E-01	9.193E-01	9.194E-01	9.194E-01
1.000E+00	9.164E-01	4.827E-04	9.159E-01	9.168E-01	9.165E-01	9.162E-01	9.164E-01	9.164E-01
1.010E+00	9.133E-01	4.862E-04	9.129E-01	9.138E-01	9.135E-01	9.132E-01	9.133E-01	9.133E-01
1.020E+00	9.102E-01	4.896E-04	9.098E-01	9.107E-01	9.104E-01	9.101E-01	9.102E-01	9.103E-01
1.030E+00	9.072E-01	4.928E-04	9.067E-01	9.076E-01	9.073E-01	9.070E-01	9.071E-01	9.072E-01
1.040E+00	9.041E-01	4.958E-04	9.036E-01	9.045E-01	9.042E-01	9.039E-01	9.040E-01	9.041E-01
1.050E+00	9.010E-01	4.986E-04	9.005E-01	9.014E-01	9.011E-01	9.008E-01	9.009E-01	9.010E-01
1.060E+00	8.978E-01	5.012E-04	8.974E-01	8.983E-01	8.980E-01	8.977E-01	8.978E-01	8.979E-01
1.070E+00	8.947E-01	5.036E-04	8.942E-01	8.952E-01	8.949E-01	8.946E-01	8.947E-01	8.947E-01
1.080E+00	8.916E-01	5.059E-04	8.911E-01	8.920E-01	8.917E-01	8.914E-01	8.915E-01	8.916E-01
1.090E+00	8.884E-01	5.080E-04	8.879E-01	8.889E-01	8.885E-01	8.883E-01	8.884E-01	8.884E-01
1.100E+00	8.852E-01	5.098E-04	8.847E-01	8.857E-01	8.854E-01	8.851E-01	8.852E-01	8.853E-01
1.110E+00	8.821E-01	5.115E-04	8.816E-01	8.825E-01	8.822E-01	8.819E-01	8.820E-01	8.821E-01
1.120E+00	8.789E-01	5.131E-04	8.784E-01	8.794E-01	8.790E-01	8.787E-01	8.788E-01	8.789E-01
1.130E+00	8.757E-01	5.144E-04	8.752E-01	8.762E-01	8.758E-01	8.755E-01	8.756E-01	8.757E-01
1.140E+00	8.725E-01	5.155E-04	8.720E-01	8.729E-01	8.726E-01	8.723E-01	8.724E-01	8.725E-01
1.150E+00	8.692E-01	5.165E-04	8.687E-01	8.697E-01	8.694E-01	8.691E-01	8.692E-01	8.693E-01
1.160E+00	8.660E-01	5.172E-04	8.655E-01	8.665E-01	8.661E-01	8.659E-01	8.660E-01	8.660E-01
1.170E+00	8.628E-01	5.178E-04	8.623E-01	8.633E-01	8.629E-01	8.626E-01	8.627E-01	8.628E-01
1.180E+00	8.595E-01	5.182E-04	8.590E-01	8.600E-01	8.596E-01	8.594E-01	8.595E-01	8.595E-01
1.190E+00	8.562E-01	5.184E-04	8.557E-01	8.567E-01	8.564E-01	8.561E-01	8.562E-01	8.563E-01
1.200E+00	8.530E-01	5.185E-04	8.525E-01	8.535E-01	8.531E-01	8.528E-01	8.530E-01	8.530E-01
1.210E+00	8.497E-01	5.183E-04	8.492E-01	8.502E-01	8.498E-01	8.496E-01	8.497E-01	8.497E-01
1.220E+00	8.464E-01	5.180E-04	8.459E-01	8.469E-01	8.465E-01	8.463E-01	8.464E-01	8.464E-01
1.230E+00	8.431E-01	5.175E-04	8.426E-01	8.436E-01	8.432E-01	8.430E-01	8.431E-01	8.431E-01
1.240E+00	8.398E-01	5.168E-04	8.393E-01	8.403E-01	8.399E-01	8.397E-01	8.398E-01	8.398E-01
1.250E+00	8.365E-01	5.159E-04	8.360E-01	8.370E-01	8.366E-01	8.364E-01	8.365E-01	8.365E-01
1.260E+00	8.332E-01	5.149E-04	8.327E-01	8.337E-01	8.333E-01	8.331E-01	8.332E-01	8.332E-01
1.270E+00	8.299E-01	5.136E-04	8.294E-01	8.304E-01	8.300E-01	8.297E-01	8.298E-01	8.299E-01
1.280E+00	8.265E-01	5.122E-04	8.260E-01	8.270E-01	8.266E-01	8.264E-01	8.265E-01	8.266E-01
1.290E+00	8.232E-01	5.107E-04	8.227E-01	8.237E-01	8.233E-01	8.231E-01	8.232E-01	8.232E-01
1.300E+00	8.198E-01	5.089E-04	8.194E-01	8.203E-01	8.200E-01	8.197E-01	8.198E-01	8.199E-01
1.310E+00	8.165E-01	5.070E-04	8.160E-01	8.170E-01	8.166E-01	8.164E-01	8.165E-01	8.165E-01
1.320E+00	8.131E-01	5.049E-04	8.126E-01	8.136E-01	8.132E-01	8.130E-01	8.131E-01	8.132E-01
1.330E+00	8.098E-01	5.026E-04	8.093E-01	8.103E-01	8.099E-01	8.097E-01	8.097E-01	8.098E-01
1.340E+00	8.064E-01	5.002E-04	8.059E-01	8.069E-01	8.065E-01	8.063E-01	8.064E-01	8.064E-01
1.350E+00	8.030E-01	4.976E-04	8.025E-01	8.035E-01	8.031E-01	8.029E-01	8.030E-01	8.031E-01
1.360E+00	7.997E-01	4.948E-04	7.992E-01	8.001E-01	7.998E-01	7.995E-01	7.996E-01	7.997E-01
1.370E+00	7.963E-01	4.919E-04	7.958E-01	7.967E-01	7.964E-01	7.962E-01	7.962E-01	7.963E-01
1.380E+00	7.929E-01	4.888E-04	7.924E-01	7.934E-01	7.930E-01	7.928E-01	7.928E-01	7.929E-01
1.390E+00	7.895E-01	4.855E-04	7.890E-01	7.900E-01	7.896E-01	7.894E-01	7.894E-01	7.895E-01
1.400E+00	7.861E-01	4.821E-04	7.856E-01	7.866E-01	7.862E-01	7.860E-01	7.860E-01	7.861E-01
1.410E+00	7.827E-01	4.785E-04	7.822E-01	7.831E-01	7.828E-01	7.826E-01	7.826E-01	7.827E-01
1.420E+00	7.793E-01	4.748E-04	7.788E-01	7.797E-01	7.794E-01	7.792E-01	7.792E-01	7.793E-01
1.430E+00	7.759E-01	4.709E-04	7.754E-01	7.763E-01	7.759E-01	7.758E-01	7.758E-01	7.759E-01
1.440E+00	7.724E-01	4.669E-04	7.720E-01	7.729E-01	7.725E-01	7.724E-01	7.724E-01	7.725E-01
1.450E+00	7.690E-01	4.627E-04	7.686E-01	7.695E-01	7.691E-01	7.689E-01	7.690E-01	7.691E-01
1.460E+00	7.656E-01	4.584E-04	7.652E-01	7.661E-01	7.657E-01	7.655E-01	7.656E-01	7.656E-01
1.470E+00	7.622E-01	4.539E-04	7.617E-01	7.626E-01	7.623E-01	7.621E-01	7.621E-01	7.622E-01
1.480E+00	7.587E-01	4.492E-04	7.583E-01	7.592E-01	7.588E-01	7.587E-01	7.587E-01	7.588E-01
1.490E+00	7.553E-01	4.444E-04	7.549E-01	7.558E-01	7.554E-01	7.552E-01	7.553E-01	7.553E-01
1.500E+00	7.519E-01	4.395E-04	7.515E-01	7.523E-01	7.520E-01	7.518E-01	7.519E-01	7.519E-01
1.510E+00	7.484E-01	4.345E-04	7.480E-01	7.489E-01	7.485E-01	7.484E-01	7.484E-01	7.485E-01
1.520E+00	7.450E-01	4.293E-04	7.446E-01	7.454E-01	7.451E-01	7.449E-01	7.450E-01	7.450E-01
1.530E+00	7.416E-01	4.239E-04	7.412E-01	7.420E-01	7.416E-01	7.415E-01	7.415E-01	7.416E-01
1.540E+00	7.381E-01	4.184E-04	7.377E-01	7.385E-01	7.382E-01	7.381E-01	7.381E-01	7.382E-01
1.550E+00	7.347E-01	4.128E-04	7.343E-01	7.351E-01	7.348E-01	7.346E-01	7.347E-01	7.347E-01
1.560E+00	7.313E-01	4.071E-04	7.309E-01	7.317E-01	7.313E-01	7.312E-01	7.312E-01	7.313E-01
1.570E+00	7.278E-01	4.012E-04	7.274E-01	7.282E-01	7.279E-01	7.277E-01	7.278E-01	7.278E-01
1.580E+00	7.244E-01	3.952E-04	7.240E-01	7.248E-01	7.244E-01	7.243E-01	7.243E-01	7.244E-01
1.590E+00	7.209E-01	3.891E-04	7.205E-01	7.213E-01	7.210E-01	7.209E-01	7.209E-01	7.210E-01
1.600E+00	7.175E-01	3.828E-04	7.171E-01	7.179E-01	7.175E-01	7.174E-01	7.174E-01	7.175E-01
1.610E+00	7.140E-01	3.765E-04	7.137E-01	7.144E-01	7.141E-01	7.140E-01	7.140E-01	7.141E-01
1.620E+00	7.106E-01	3.700E-04	7.102E-01	7.109E-01	7.106E-01	7.105E-01	7.105E-01	7.106E-01
1.630E+00	7.071E-01	3.634E-04	7.068E-01	7.075E-01	7.072E-01	7.071E-01	7.071E-01	7.072E-01
1.640E+00	7.037E-01	3.567E-04	7.033E-01	7.040E-01	7.037E-01	7.036E-01	7.037E-01	7.037E-01
1.650E+00	7.002E-01	3.498E-04	6.999E-01	7.006E-01	7.003E-01	7.002E-01	7.002E-01	7.003E-01
1.660E+00	6.968E-01	3.429E-04	6.965E-01	6.971E-01	6.969E-01	6.967E-01	6.968E-01	6.968E-01
1.670E+00	6.934E-01	3.358E-04	6.930E-01	6.937E-01	6.934E-01	6.933E-01	6.933E-01	6.934E-01
1.680E+00	6.899E-01	3.287E-04	6.896E-01	6.902E-01	6.900E-01	6.899E-01	6.899E-01	6.899E-01
1.690E+00	6.865E-01	3.214E-04	6.862E-01	6.868E-01	6.865E-01	6.864E-01	6.864E-01	6.865E-01
1.700E+00	6.830E-01	3.140E-04	6.827E-01	6.833E-01	6.831E-01	6.830E-01	6.830E-01	6.831E-01
1.710E+00	6.796E-01	3.066E-04	6.793E-01	6.799E-01	6.796E-01	6.795E-01	6.796E-01	6.796E-01
1.720E+00	6.762E-01	2.990E-04	6.759E-01	6.765E-01	6.762E-01	6.761E-01	6.761E-01	6.762E-01
1.730E+00	6.727E-01	2.914E-04	6.724E-01	6.730E-01	6.728E-01	6.727E-01	6.727E-01	6.728E-01
1.740E+00	6.693E-01	2.836E-04	6.690E-01	6.696E-01	6.693E-01	6.692E-01	6.693E-01	6.693E-01
1.750E+00	6.659E-01	2.758E-04	6.656E-01	6.661E-01	6.659E-01	6.658E-01	6.658E-01	6.659E-01
1.760E+00	6.624E-01	2.678E-04	6.622E-01	6.627E-01	6.625E-01	6.624E-01	6.624E-01	6.625E-01
1.770E+00	6.590E-01	2.598E-04	6.588E-01	6.593E-01	6.590E-01	6.590E-01	6.590E-01	6.590E-01
1.780E+00	6.556E-01	2.517E-04	6.553E-01	6.558E-01	6.556E-01	6.555E-01	6.555E-01	6.556E-01
1.790E+00	6.522E-01	2.436E-04	6.519E-01	6.524E-01	6.522E-01	6.521E-01	6.521E-01	6.522E-01
1.800E+00	6.487E-01	2.353E-04	6.485E-01	6.490E-01	6.488E-01	6.487E-01	6.487E-01	6.488E-01
1.810E+00	6.453E-01	2.270E-04	6.451E-01	6.456E-01	6.454E-01	6.453E-01	6.453E-01	6.454E-01
1.820E+00	6.419E-01	2.186E-04	6.417E-01	6.421E-01	6.420E-01	6.419E-01	6.419E-01	6.420E-01
1.830E+00	6.385E-01	2.102E-04	6.383E-01	6.387E-01	6.385E-01	6.385E-01	6.385E-01	6.386E-01
1.840E+00	6.351E-01	2.017E-04	6.349E-01	6.353E-01	6.351E-01	6.351E-01	6.351E-01	6.351E-01
1.850E+00	6.317E-01	1.931E-04	6.315E-01	6.319E-01	6.317E-01	6.317E-01	6.317E-01	6.317E-01
1.860E+00	6.283E-01	1.845E-04	6.281E-01	6.285E-01	6.283E-01	6.283E-01	6.283E-01	6.284E-01
1.870E+00	6.249E-01	1.758E-04	6.248E-01	6.251E-01	6.249E-01	6.249E-01	6.249E-01	6.250E-01
1.880E+00	6.215E-01	1.671E-04	6.214E-01	6.217E-01	6.216E-01	6.215E-01	6.215E-01	6.216E-01
1.890E+00	6.182E-01	1.584E-04	6.180E-01	6.183E-01	6.182E-01	6.181E-01	6.181E-01	6.182E-01
1.900E+00	6.148E-01	1.496E-04	6.146E-01	6.149E-01	6.148E-01	6.148E-01	6.147E-01	6.148E-01
1.910E+00	6.114E-01	1.408E-04	6.113E-01	6.115E-01	6.114E-01	6.114E-01	6.114E-01	6.114E-01
1.920E+00	6.080E-01	1.320E-04	6.079E-01	6.082E-01	6.080E-01	6.080E-01	6.080E-01	6.081E-01
1.930E+00	6.047E-01	1.232E-04	6.046E-01	6.048E-01	6.047E-01	6.047E-01	6.046E-01	6.047E-01
1.940E+00	6.013E-01	1.144E-04	6.012E-01	6.014E-01	6.013E-01	6.013E-01	6.013E-01	6.013E-01
1.950E+00	5.980E-01	1.057E-04	5.979E-01	5.981E-01	5.980E-01	5.979E-01	5.979E-01	5.980E-01
1.960E+00	5.946E-01	9.702E-05	5.945E-01	5.947E-01	5.946E-01	5.946E-01	5.946E-01	5.946E-01
1.970E+00	5.913E-01	8.848E-05	5.912E-01	5.914E-01	5.913E-01	5.913E-01	5.912E-01	5.913E-01
1.980E+00	5.879E-01	8.011E-05	5.879E-01	5.880E-01	5.879E-01	5.879E-01	5.879E-01	5.880E-01
1.990E+00	5.846E-01	7.199E-05	5.845E-01	5.847E-01	5.846E-01	5.846E-01	5.846E-01	5.846E-01
2.000E+00	5.813E-01	6.424E-05	5.812E-01	5.813E-01	5.813E-01	5.813E-01	5.812E-01	5.813E-01
2.010E+00	5.780E-01	5.703E-05	5.779E-01	5.780E-01	5.780E-01	5.779E-01	5.779E-01	5.780E-01
2.020E+00	5.746E-01	5.063E-05	5.746E-01	5.747E-01	5.746E-01	5.746E-01	5.746E-01	5.747E-01
2.030E+00	5.713E-01	4.539E-05	5.713E-01	5.714E-01	5.713E-01	5.713E-01	5.713E-01	5.714E-01
2.040E+00	5.680E-01	4.178E-05	5.680E-01	5.681E-01	5.680E-01	5.680E-01	5.680E-01	5.681E-01
2.050E+00	5.647E-01	4.028E-05	5.647E-01	5.647E-01	5.647E-01	5.647E-01	5.647E-01	5.648E-01
2.060E+00	5.615E-01	4.113E-05	5.615E-01	5.614E-01	5.614E-01	5.615E-01	5.614E-01	5.615E-01
2.070E+00	5.582E-01	4.422E-05	5.582E-01	5.582E-01	5.582E-01	5.582E-01	5.581E-01	5.582E-01
2.080E+00	5.549E-01	4.915E-05	5.549E-01	5.549E-01	5.549E-01	5.549E-01	5.549E-01	5.549E-01
2.090E+00	5.516E-01	5.545E-05	5.517E-01	5.516E-01	5.516E-01	5.516E-01	5.516E-01	5.517E-01
2.100E+00	5.484E-01	6.271E-05	5.484E-01	5.483E-01	5.484E-01	5.484E-01	5.483E-01	5.484E-01
2.110E+00	5.451E-01	7.064E-05	5.452E-01	5.451E-01	5.451E-01	5.451E-01	5.451E-01	5.452E-01
2.120E+00	5.419E-01	7.905E-05	5.419E-01	5.418E-01	5.419E-01	5.419E-01	5.418E-01	5.419E-01
2.130E+00	5.386E-01	8.781E-05	5.387E-01	5.386E-01	5.386E-01	5.386E-01	5.386E-01	5.387E-01
2.140E+00	5.354E-01	9.683E-05	5.355E-01	5.353E-01	5.354E-01	5.354E-01	5.354E-01	5.354E-01
2.150E+00	5.322E-01	1.060E-04	5.323E-01	5.321E-01	5.322E-01	5.322E-01	5.321E-01	5.322E-01
2.160E+00	5.290E-01	1.154E-04	5.291E-01	5.289E-01	5.290E-01	5.290E-01	5.289E-01	5.290E-01
2.170E+00	5.258E-01	1.249E-04	5.259E-01	5.257E-01	5.257E-01	5.258E-01	5.257E-01	5.258E-01
2.180E+00	5.226E-01	1.345E-04	5.227E-01	5.224E-01	5.225E-01	5.226E-01	5.225E-01	5.226E-01
2.190E+00	5.194E-01	1.441E-04	5.195E-01	5.192E-01	5.194E-01	5.194E-01	5.193E-01	5.194E-01
2.200E+00	5.162E-01	1.538E-04	5.163E-01	5.161E-01	5.162E-01	5.162E-01	5.162E-01	5.162E-01
2.210E+00	5.130E-01	1.636E-04	5.132E-01	5.129E-01	5.130E-01	5.130E-01	5.130E-01	5.131E-01
2.220E+00	5.099E-01	1.734E-04	5.100E-01	5.097E-01	5.098E-01	5.099E-01	5.098E-01	5.099E-01
2.230E+00	5.067E-01	1.832E-04	5.069E-01	5.065E-01	5.067E-01	5.067E-01	5.067E-01	5.067E-01
2.240E+00	5.035E-01	1.931E-04	5.037E-01	5.034E-01	5.035E-01	5.036E-01	5.035E-01	5.036E-01
2.250E+00	5.004E-01	2.029E-04	5.006E-01	5.002E-01	5.004E-01	5.004E-01	5.004E-01	5.004E-01
2.260E+00	4.973E-01	2.128E-04	4.975E-01	4.971E-01	4.973E-01	4.973E-01	4.972E-01	4.973E-01
2.270E+00	4.942E-01	2.227E-04	4.944E-01	4.939E-01	4.941E-01	4.942E-01	4.941E-01	4.942E-01
2.280E+00	4.910E-01	2.326E-04	4.913E-01	4.908E-01	4.910E-01	4.911E-01	4.910E-01	4.911E-01
2.290E+00	4.879E-01	2.425E-04	4.882E-01	4.877E-01	4.879E-01	4.880E-01	4.879E-01	4.880E-01
2.300E+00	4.848E-01	2.525E-04	4.851E-01	4.846E-01	4.848E-01	4.849E-01	4.848E-01	4.849E-01
2.310E+00	4.818E-01	2.624E-04	4.820E-01	4.815E-01	4.817E-01	4.818E-01	4.817E-01	4.818E-01
2.320E+00	4.787E-01	2.723E-04	4.790E-01	4.784E-01	4.787E-01	4.787E-01	4.786E-01	4.787E-01
2.330E+00	4.756E-01	2.822E-04	4.759E-01	4.753E-01	4.756E-01	4.756E-01	4.756E-01	4.757E-01
2.340E+00	4.726E-01	2.921E-04	4.728E-01	4.723E-01	4.725E-01	4.726E-01	4.725E-01	4.726E-01
2.350E+00	4.695E-01	3.019E-04	4.698E-01	4.692E-01	4.695E-01	4.695E-01	4.695E-01	4.696E-01
2.360E+00	4.665E-01	3.118E-04	4.668E-01	4.662E-01	4.664E-01	4.665E-01	4.664E-01	4.665E-01
2.370E+00	4.634E-01	3.216E-04	4.638E-01	4.631E-01	4.634E-01	4.635E-01	4.634E-01	4.635E-01
2.380E+00	4.604E-01	3.315E-04	4.608E-01	4.601E-01	4.604E-01	4.605E-01	4.604E-01	4.605E-01
2.390E+00	4.574E-01	3.413E-04	4.578E-01	4.571E-01	4.574E-01	4.574E-01	4.574E-01	4.575E-01
2.400E+00	4.544E-01	3.511E-04	4.548E-01	4.541E-01	4.544E-01	4.545E-01	4.544E-01	4.545E-01
2.410E+00	4.514E-01	3.608E-04	4.518E-01	4.511E-01	4.514E-01	4.515E-01	4.514E-01	4.515E-01
2.420E+00	4.484E-01	3.705E-04	4.488E-01	4.481E-01	4.484E-01	4.485E-01	4.484E-01	4.485E-01
2.430E+00	4.455E-01	3.802E-04	4.459E-01	4.451E-01	4.454E-01	4.455E-01	4.454E-01	4.455E-01
2.440E+00	4.425E-01	3.899E-04	4.429E-01	4.421E-01	4.425E-01	4.426E-01	4.425E-01	4.426E-01
2.450E+00	4.396E-01	3.996E-04	4.400E-01	4.392E-01	4.395E-01	4.396E-01	4.395E-01	4.396E-01
2.460E+00	4.366E-01	4.092E-04	4.370E-01	4.362E-01	4.366E-01	4.367E-01	4.366E-01	4.367E-01
2.470E+00	4.337E-01	4.188E-04	4.341E-01	4.333E-01	4.337E-01	4.337E-01	4.337E-01	4.337E-01
2.480E+00	4.308E-01	4.283E-04	4.312E-01	4.304E-01	4.307E-01	4.308E-01	4.307E-01	4.308E-01
2.490E+00	4.279E-01	4.378E-04	4.283E-01	4.275E-01	4.278E-01	4.279E-01	4.278E-01	4.279E-01
2.500E+00	4.250E-01	4.473E-04	4.254E-01	4.245E-01	4.249E-01	4.250E-01	4.249E-01	4.250E-01
2.510E+00	4.221E-01	4.567E-04	4.226E-01	4.217E-01	4.221E-01	4.221E-01	4.221E-01	4.221E-01
2.520E+00	4.192E-01	4.661E-04	4.197E-01	4.188E-01	4.192E-01	4.193E-01	4.192E-01	4.193E-01
2.530E+00	4.164E-01	4.754E-04	4.168E-01	4.159E-01	4.163E-01	4.164E-01	4.163E-01	4.164E-01
2.540E+00	4.135E-01	4.847E-04	4.140E-01	4.130E-01	4.135E-01	4.136E-01	4.135E-01	4.135E-01
2.550E+00	4.107E-01	4.940E-04	4.112E-01	4.102E-01	4.106E-01	4.107E-01	4.106E-01	4.107E-01
2.560E+00	4.078E-01	5.032E-04	4.083E-01	4.073E-01	4.078E-01	4.079E-01	4.078E-01	4.079E-01
2.570E+00	4.050E-01	5.124E-04	4.055E-01	4.045E-01	4.050E-01	4.051E-01	4.050E-01	4.051E-01
2.580E+00	4.022E-01	5.215E-04	4.027E-01	4.017E-01	4.021E-01	4.023E-01	4.022E-01	4.022E-01
2.590E+00	3.994E-01	5.305E-04	3.999E-01	3.989E-01	3.994E-01	3.995E-01	3.994E-01	3.994E-01
2.600E+00	3.966E-01	5.395E-04	3.972E-01	3.961E-01	3.966E-01	3.967E-01	3.966E-01	3.967E-01
2.610E+00	3.938E-01	5.485E-04	3.944E-01	3.933E-01	3.938E-01	3.939E-01	3.938E-01	3.939E-01
2.620E+00	3.911E-01	5.574E-04	3.916E-01	3.905E-01	3.910E-01	3.911E-01	3.910E-01	3.911E-01
2.630E+00	3.883E-01	5.663E-04	3.889E-01	3.878E-01	3.883E-01	3.884E-01	3.883E-01	3.884E-01
2.640E+00	3.856E-01	5.751E-04	3.862E-01	3.850E-01	3.855E-01	3.856E-01	3.855E-01	3.856E-01
2.650E+00	3.828E-01	5.838E-04	3.834E-01	3.823E-01	3.828E-01	3.829E-01	3.828E-01	3.829E-01
2.660E+00	3.801E-01	5.925E-04	3.807E-01	3.795E-01	3.801E-01	3.802E-01	3.801E-01	3.802E-01
2.670E+00	3.774E-01	6.011E-04	3.780E-01	3.768E-01	3.774E-01	3.775E-01	3.774E-01	3.775E-01
2.680E+00	3.747E-01	6.097E-04	3.753E-01	3.741E-01	3.747E-01	3.748E-01	3.747E-01	3.748E-01
2.690E+00	3.720E-01	6.182E-04	3.727E-01	3.714E-01	3.720E-01	3.721E-01	3.720E-01	3.721E-01
2.700E+00	3.694E-01	6.266E-04	3.700E-01	3.687E-01	3.693E-01	3.694E-01	3.693E-01	3.694E-01
2.710E+00	3.667E-01	6.350E-04	3.673E-01	3.661E-01	3.666E-01	3.668E-01	3.667E-01	3.667E-01
2.720E+00	3.641E-01	6.433E-04	3.647E-01	3.634E-01	3.640E-01	3.641E-01	3.640E-01	3.641E-01
2.730E+00	3.614E-01	6.516E-04	3.621E-01	3.608E-01	3.614E-01	3.615E-01	3.614E-01	3.615E-01
2.740E+00	3.588E-01	6.598E-04	3.594E-01	3.581E-01	3.587E-01	3.588E-01	3.587E-01	3.588E-01
2.750E+00	3.562E-01	6.679E-04	3.568E-01	3.555E-01	3.561E-01	3.562E-01	3.561E-01	3.562E-01
2.760E+00	3.536E-01	6.759E-04	3.542E-01	3.529E-01	3.535E-01	3.536E-01	3.535E-01	3.536E-01
2.770E+00	3.510E-01	6.839E-04	3.517E-01	3.503E-01	3.509E-01	3.510E-01	3.509E-01	3.510E-01
2.780E+00	3.484E-01	6.919E-04	3.491E-01	3.477E-01	3.483E-01	3.485E-01	3.484E-01	3.484E-01
2.790E+00	3.458E-01	6.997E-04	3.465E-01	3.451E-01	3.458E-01	3.459E-01	3.458E-01	3.459E-01
2.800E+00	3.433E-01	7.075E-04	3.440E-01	3.426E-01	3.432E-01	3.433E-01	3.432E-01	3.433E-01
2.810E+00	3.407E-01	7.152E-04	3.414E-01	3.400E-01	3.407E-01	3.408E-01	3.407E-01	3.408E-01
2.820E+00	3.382E-01	7.228E-04	3.389E-01	3.375E-01	3.381E-01	3.383E-01	3.381E-01	3.382E-01
2.830E+00	3.357E-01	7.304E-04	3.364E-01	3.349E-01	3.356E-01	3.357E-01	3.356E-01	3.357E-01
2.840E+00	3.332E-01	7.379E-04	3.339E-01	3.324E-01	3.331E-01	3.332E-01	3.331E-01	3.332E-01
2.850E+00	3.307E-01	7.453E-04	3.314E-01	3.299E-01	3.306E-01	3.307E-01	3.306E-01	3.307E-01
2.860E+00	3.282E-01	7.527E-04	3.289E-01	3.274E-01	3.281E-01	3.282E-01	3.281E-01	3.282E-01
2.870E+00	3.257E-01	7.600E-04	3.265E-01	3.250E-01	3.256E-01	3.258E-01	3.257E-01	3.257E-01
2.880E+00	3.232E-01	7.672E-04	3.240E-01	3.225E-01	3.232E-01	3.233E-01	3.232E-01	3.233E-01
2.890E+00	3.208E-01	7.743E-04	3.216E-01	3.200E-01	3.207E-01	3.209E-01	3.208E-01	3.208E-01
2.900E+00	3.184E-01	7.813E-04	3.191E-01	3.176E-01	3.183E-01	3.184E-01	3.183E-01	3.184E-01
2.910E+00	3.159E-01	7.883E-04	3.167E-01	3.152E-01	3.159E-01	3.160E-01	3.159E-01	3.160E-01
2.920E+00	3.135E-01	7.952E-04	3.143E-01	3.127E-01	3.134E-01	3.136E-01	3.135E-01	3.136E-01
2.930E+00	3.111E-01	8.020E-04	3.119E-01	3.103E-01	3.110E-01	3.112E-01	3.111E-01	3.112E-01
2.940E+00	3.087E-01	8.088E-04	3.095E-01	3.079E-01	3.087E-01	3.088E-01	3.087E-01	3.088E-01
2.950E+00	3.063E-01	8.154E-04	3.072E-01	3.055E-01	3.063E-01	3.064E-01	3.063E-01	3.064E-01
2.960E+00	3.040E-01	8.220E-04	3.048E-01	3.032E-01	3.039E-01	3.041E-01	3.039E-01	3.040E-01
2.970E+00	3.016E-01	8.285E-04	3.025E-01	3.008E-01	3.016E-01	3.017E-01	3.016E-01	3.017E-01
2.980E+00	2.993E-01	8.349E-04	3.001E-01	2.985E-01	2.992E-01	2.994E-01	2.992E-01	2.993E-01
2.990E+00	2.970E-01	8.413E-04	2.978E-01	2.961E-01	2.969E-01	2.970E-01	2.969E-01	2.970E-01
3.000E+00	2.946E-01	8.475E-04	2.955E-01	2.938E-01	2.946E-01	2.947E-01	2.946E-01	2.947E-01
