1.000E-02	1.003E+00	3.224E-02	1.035E+00	9.704E-01	1.002E+00	1.003E+00	1.003E+00	1.003E+00
2.000E-02	1.002E+00	3.204E-02	1.034E+00	9.703E-01	1.002E+00	1.003E+00	1.002E+00	1.002E+00
3.000E-02	1.002E+00	3.181E-02	1.034E+00	9.701E-01	1.001E+00	1.003E+00	1.002E+00	1.002E+00
4.000E-02	1.002E+00	3.154E-02	1.033E+00	9.699E-01	1.001E+00	1.002E+00	1.002E+00	1.002E+00
5.000E-02	1.001E+00	3.124E-02	1.032E+00	9.696E-01	1.000E+00	1.002E+00	1.001E+00	1.001E+00
6.000E-02	1.001E+00	3.092E-02	1.031E+00	9.693E-01	9.999E-01	1.001E+00	1.001E+00	1.001E+00
7.000E-02	9.999E-01	3.059E-02	1.030E+00	9.689E-01	9.992E-01	1.001E+00	9.999E-01	9.999E-01
8.000E-02	9.992E-01	3.023E-02	1.029E+00	9.684E-01	9.985E-01	9.999E-01	9.992E-01	9.992E-01
9.000E-02	9.984E-01	2.987E-02	1.028E+00	9.680E-01	9.977E-01	9.991E-01	9.984E-01	9.985E-01
1.000E-01	9.976E-01	2.949E-02	1.026E+00	9.674E-01	9.969E-01	9.983E-01	9.976E-01	9.976E-01
1.100E-01	9.967E-01	2.910E-02	1.025E+00	9.669E-01	9.960E-01	9.974E-01	9.967E-01	9.967E-01
1.200E-01	9.958E-01	2.871E-02	1.024E+00	9.663E-01	9.951E-01	9.965E-01	9.957E-01	9.958E-01
1.300E-01	9.948E-01	2.830E-02	1.022E+00	9.656E-01	9.941E-01	9.955E-01	9.947E-01	9.948E-01
1.400E-01	9.937E-01	2.789E-02	1.021E+00	9.649E-01	9.930E-01	9.944E-01	9.937E-01	9.938E-01
1.500E-01	9.927E-01	2.747E-02	1.019E+00	9.642E-01	9.920E-01	9.933E-01	9.926E-01	9.927E-01
1.600E-01	9.915E-01	2.704E-02	1.018E+00	9.634E-01	9.908E-01	9.922E-01	9.915E-01	9.915E-01
1.700E-01	9.903E-01	2.661E-02	1.016E+00	9.626E-01	9.896E-01	9.910E-01	9.903E-01	9.904E-01
1.800E-01	9.891E-01	2.618E-02	1.014E+00	9.618E-01	9.884E-01	9.898E-01	9.891E-01	9.891E-01
1.900E-01	9.878E-01	2.574E-02	1.012E+00	9.609E-01	9.872E-01	9.885E-01	9.878E-01	9.879E-01
2.000E-01	9.865E-01	2.529E-02	1.011E+00	9.600E-01	9.858E-01	9.872E-01	9.865E-01	9.866E-01
2.100E-01	9.852E-01	2.485E-02	1.009E+00	9.590E-01	9.845E-01	9.859E-01	9.851E-01	9.852E-01
2.200E-01	9.838E-01	2.440E-02	1.007E+00	9.580E-01	9.831E-01	9.845E-01	9.837E-01	9.838E-01
2.300E-01	9.823E-01	2.395E-02	1.005E+00	9.570E-01	9.817E-01	9.830E-01	9.823E-01	9.824E-01
2.400E-01	9.809E-01	2.349E-02	1.003E+00	9.560E-01	9.802E-01	9.816E-01	9.808E-01	9.809E-01
2.500E-01	9.794E-01	2.304E-02	1.001E+00	9.549E-01	9.787E-01	9.800E-01	9.793E-01	9.794E-01
2.600E-01	9.778E-01	2.258E-02	9.989E-01	9.537E-01	9.771E-01	9.785E-01	9.778E-01	9.779E-01
2.700E-01	9.762E-01	2.213E-02	9.968E-01	9.526E-01	9.756E-01	9.769E-01	9.762E-01	9.763E-01
2.800E-01	9.746E-01	2.167E-02	9.947E-01	9.514E-01	9.739E-01	9.753E-01	9.746E-01	9.747E-01
2.900E-01	9.730E-01	2.121E-02	9.925E-01	9.501E-01	9.723E-01	9.736E-01	9.729E-01	9.730E-01
3.000E-01	9.713E-01	2.075E-02	9.904E-01	9.489E-01	9.706E-01	9.719E-01	9.712E-01	9.713E-01
3.100E-01	9.695E-01	2.029E-02	9.881E-01	9.476E-01	9.689E-01	9.702E-01	9.695E-01	9.696E-01
3.200E-01	9.678E-01	1.984E-02	9.859E-01	9.463E-01	9.671E-01	9.684E-01	9.677E-01	9.678E-01
3.300E-01	9.660E-01	1.938E-02	9.836E-01	9.449E-01	9.653E-01	9.666E-01	9.660E-01	9.660E-01
3.400E-01	9.642E-01	1.892E-02	9.813E-01	9.435E-01	9.635E-01	9.648E-01	9.641E-01	9.642E-01
3.500E-01	9.623E-01	1.847E-02	9.790E-01	9.421E-01	9.617E-01	9.630E-01	9.623E-01	9.624E-01
3.600E-01	9.604E-01	1.801E-02	9.766E-01	9.406E-01	9.598E-01	9.611E-01	9.604E-01	9.605E-01
3.700E-01	9.585E-01	1.756E-02	9.743E-01	9.392E-01	9.579E-01	9.592E-01	9.585E-01	9.586E-01
3.800E-01	9.566E-01	1.711E-02	9.718E-01	9.376E-01	9.559E-01	9.572E-01	9.565E-01	9.566E-01
3.900E-01	9.546E-01	1.666E-02	9.694E-01	9.361E-01	9.540E-01	9.552E-01	9.545E-01	9.546E-01
4.000E-01	9.526E-01	1.621E-02	9.669E-01	9.345E-01	9.520E-01	9.532E-01	9.525E-01	9.526E-01
4.100E-01	9.506E-01	1.577E-02	9.644E-01	9.329E-01	9.499E-01	9.512E-01	9.505E-01	9.506E-01
4.200E-01	9.485E-01	1.533E-02	9.619E-01	9.313E-01	9.479E-01	9.491E-01	9.484E-01	9.485E-01
4.300E-01	9.464E-01	1.488E-02	9.594E-01	9.297E-01	9.458E-01	9.470E-01	9.464E-01	9.465E-01
4.400E-01	9.443E-01	1.445E-02	9.568E-01	9.280E-01	9.437E-01	9.449E-01	9.442E-01	9.443E-01
4.500E-01	9.422E-01	1.401E-02	9.543E-01	9.263E-01	9.415E-01	9.428E-01	9.421E-01	9.422E-01
4.600E-01	9.400E-01	1.358E-02	9.517E-01	9.245E-01	9.394E-01	9.406E-01	9.399E-01	9.400E-01
4.700E-01	9.378E-01	1.315E-02	9.490E-01	9.228E-01	9.372E-01	9.384E-01	9.377E-01	9.378E-01
4.800E-01	9.356E-01	1.272E-02	9.464E-01	9.210E-01	9.350E-01	9.362E-01	9.355E-01	9.356E-01
4.900E-01	9.333E-01	1.229E-02	9.437E-01	9.191E-01	9.327E-01	9.339E-01	9.333E-01	9.334E-01
5.000E-01	9.311E-01	1.187E-02	9.410E-01	9.173E-01	9.305E-01	9.316E-01	9.310E-01	9.311E-01
5.100E-01	9.288E-01	1.146E-02	9.383E-01	9.154E-01	9.282E-01	9.293E-01	9.287E-01	9.288E-01
5.200E-01	9.264E-01	1.104E-02	9.356E-01	9.135E-01	9.259E-01	9.270E-01	9.264E-01	9.265E-01
5.300E-01	9.241E-01	1.063E-02	9.328E-01	9.116E-01	9.235E-01	9.247E-01	9.240E-01	9.242E-01
5.400E-01	9.217E-01	1.022E-02	9.301E-01	9.097E-01	9.212E-01	9.223E-01	9.217E-01	9.218E-01
5.500E-01	9.194E-01	9.817E-03	9.273E-01	9.077E-01	9.188E-01	9.199E-01	9.193E-01	9.194E-01
5.600E-01	9.170E-01	9.416E-03	9.245E-01	9.057E-01	9.164E-01	9.175E-01	9.169E-01	9.170E-01
5.700E-01	9.145E-01	9.020E-03	9.217E-01	9.037E-01	9.140E-01	9.151E-01	9.145E-01	9.146E-01
5.800E-01	9.121E-01	8.626E-03	9.189E-01	9.016E-01	9.115E-01	9.126E-01	9.120E-01	9.121E-01
5.900E-01	9.096E-01	8.237E-03	9.160E-01	8.996E-01	9.091E-01	9.101E-01	9.095E-01	9.097E-01
6.000E-01	9.071E-01	7.852E-03	9.132E-01	8.975E-01	9.066E-01	9.077E-01	9.070E-01	9.072E-01
6.100E-01	9.046E-01	7.471E-03	9.103E-01	8.954E-01	9.041E-01	9.051E-01	9.045E-01	9.047E-01
6.200E-01	9.021E-01	7.094E-03	9.074E-01	8.932E-01	9.015E-01	9.026E-01	9.020E-01	9.021E-01
6.300E-01	8.995E-01	6.721E-03	9.045E-01	8.911E-01	8.990E-01	9.000E-01	8.994E-01	8.996E-01
6.400E-01	8.969E-01	6.352E-03	9.016E-01	8.889E-01	8.964E-01	8.975E-01	8.969E-01	8.970E-01
6.500E-01	8.944E-01	5.987E-03	8.986E-01	8.867E-01	8.938E-01	8.949E-01	8.943E-01	8.944E-01
6.600E-01	8.917E-01	5.627E-03	8.957E-01	8.845E-01	8.912E-01	8.923E-01	8.917E-01	8.918E-01
6.700E-01	8.891E-01	5.271E-03	8.927E-01	8.822E-01	8.886E-01	8.896E-01	8.890E-01	8.892E-01
6.800E-01	8.865E-01	4.920E-03	8.898E-01	8.800E-01	8.860E-01	8.870E-01	8.864E-01	8.865E-01
6.900E-01	8.838E-01	4.573E-03	8.868E-01	8.777E-01	8.833E-01	8.843E-01	8.837E-01	8.839E-01
7.000E-01	8.811E-01	4.231E-03	8.838E-01	8.754E-01	8.806E-01	8.816E-01	8.811E-01	8.812E-01
7.100E-01	8.784E-01	3.894E-03	8.808E-01	8.730E-01	8.780E-01	8.789E-01	8.784E-01	8.785E-01
7.200E-01	8.757E-01	3.561E-03	8.778E-01	8.707E-01	8.752E-01	8.762E-01	8.757E-01	8.758E-01
7.300E-01	8.730E-01	3.233E-03	8.747E-01	8.683E-01	8.725E-01	8.735E-01	8.729E-01	8.731E-01
7.400E-01	8.703E-01	2.911E-03	8.717E-01	8.659E-01	8.698E-01	8.707E-01	8.702E-01	8.703E-01
7.500E-01	8.675E-01	2.593E-03	8.686E-01	8.635E-01	8.670E-01	8.680E-01	8.674E-01	8.676E-01
7.600E-01	8.647E-01	2.281E-03	8.656E-01	8.611E-01	8.643E-01	8.652E-01	8.646E-01	8.648E-01
7.700E-01	8.619E-01	1.976E-03	8.625E-01	8.587E-01	8.615E-01	8.624E-01	8.619E-01	8.620E-01
7.800E-01	8.591E-01	1.677E-03	8.594E-01	8.562E-01	8.587E-01	8.596E-01	8.591E-01	8.592E-01
7.900E-01	8.563E-01	1.386E-03	8.564E-01	8.537E-01	8.559E-01	8.568E-01	8.562E-01	8.564E-01
8.000E-01	8.535E-01	1.107E-03	8.533E-01	8.512E-01	8.530E-01	8.539E-01	8.534E-01	8.536E-01
8.100E-01	8.506E-01	8.442E-04	8.502E-01	8.487E-01	8.502E-01	8.511E-01	8.506E-01	8.507E-01
8.200E-01	8.478E-01	6.140E-04	8.470E-01	8.462E-01	8.474E-01	8.482E-01	8.477E-01	8.479E-01
8.300E-01	8.449E-01	4.579E-04	8.439E-01	8.436E-01	8.445E-01	8.453E-01	8.448E-01	8.450E-01
8.400E-01	8.420E-01	4.503E-04	8.408E-01	8.411E-01	8.416E-01	8.424E-01	8.419E-01	8.421E-01
8.500E-01	8.391E-01	5.902E-04	8.377E-01	8.385E-01	8.387E-01	8.395E-01	8.390E-01	8.392E-01
8.600E-01	8.362E-01	7.991E-04	8.345E-01	8.359E-01	8.358E-01	8.366E-01	8.361E-01	8.363E-01
8.700E-01	8.333E-01	1.032E-03	8.314E-01	8.333E-01	8.329E-01	8.337E-01	8.332E-01	8.334E-01
8.800E-01	8.304E-01	1.274E-03	8.282E-01	8.306E-01	8.300E-01	8.308E-01	8.303E-01	8.305E-01
8.900E-01	8.274E-01	1.517E-03	8.251E-01	8.280E-01	8.270E-01	8.278E-01	8.273E-01	8.275E-01
9.000E-01	8.245E-01	1.759E-03	8.219E-01	8.253E-01	8.241E-01	8.249E-01	8.244E-01	8.246E-01
9.100E-01	8.215E-01	1.999E-03	8.187E-01	8.227E-01	8.211E-01	8.219E-01	8.214E-01	8.216E-01
9.200E-01	8.185E-01	2.235E-03	8.156E-01	8.200E-01	8.182E-01	8.189E-01	8.184E-01	8.186E-01
9.300E-01	8.155E-01	2.468E-03	8.124E-01	8.173E-01	8.152E-01	8.159E-01	8.155E-01	8.156E-01
9.400E-01	8.125E-01	2.697E-03	8.092E-01	8.145E-01	8.122E-01	8.129E-01	8.125E-01	8.126E-01
9.500E-01	8.095E-01	2.922E-03	8.060E-01	8.118E-01	8.092E-01	8.099E-01	8.094E-01	8.096E-01
9.600E-01	8.065E-01	3.142E-03	8.028E-01	8.091E-01	8.062E-01	8.069E-01	8.064E-01	8.066E-01
9.700E-01	8.035E-01	3.358E-03	7.996E-01	8.063E-01	8.032E-01	8.039E-01	8.034E-01	8.036E-01
9.800E-01	8.005E-01	3.570E-03	7.964E-01	8.035E-01	8.001E-01	8.008E-01	8.004E-01	8.006E-01
9.900E-01	7.974E-01	3.777E-03	7.932E-01	8.007E-01	7.971E-01	7.978E-01	7.973E-01	7.975E-01
1.000E+00	7.944E-01	3.980E-03	7.900E-01	7.979E-01	7.940E-01	7.947E-01	7.943E-01	7.945E-01
1.010E+00	7.913E-01	4.178E-03	7.868E-01	7.951E-01	7.910E-01	7.916E-01	7.912E-01	7.914E-01
1.020E+00	7.883E-01	4.371E-03	7.836E-01	7.923E-01	7.879E-01	7.886E-01	7.882E-01	7.884E-01
1.030E+00	7.852E-01	4.560E-03	7.804E-01	7.895E-01	7.849E-01	7.855E-01	7.851E-01	7.853E-01
1.040E+00	7.821E-01	4.744E-03	7.772E-01	7.866E-01	7.818E-01	7.824E-01	7.820E-01	7.822E-01
1.050E+00	7.790E-01	4.924E-03	7.739E-01	7.838E-01	7.787E-01	7.793E-01	7.789E-01	7.791E-01
1.060E+00	7.759E-01	5.099E-03	7.707E-01	7.809E-01	7.756E-01	7.762E-01	7.758E-01	7.760E-01
1.070E+00	7.728E-01	5.270E-03	7.675E-01	7.780E-01	7.725E-01	7.731E-01	7.727E-01	7.729E-01
1.080E+00	7.697E-01	5.436E-03	7.643E-01	7.751E-01	7.694E-01	7.700E-01	7.696E-01	7.698E-01
1.090E+00	7.666E-01	5.598E-03	7.610E-01	7.722E-01	7.663E-01	7.669E-01	7.665E-01	7.667E-01
1.100E+00	7.635E-01	5.755E-03	7.578E-01	7.693E-01	7.632E-01	7.638E-01	7.634E-01	7.636E-01
1.110E+00	7.604E-01	5.908E-03	7.546E-01	7.664E-01	7.601E-01	7.606E-01	7.602E-01	7.605E-01
1.120E+00	7.572E-01	6.056E-03	7.513E-01	7.634E-01	7.570E-01	7.575E-01	7.571E-01	7.573E-01
1.130E+00	7.541E-01	6.200E-03	7.481E-01	7.605E-01	7.538E-01	7.543E-01	7.540E-01	7.542E-01
1.140E+00	7.509E-01	6.339E-03	7.449E-01	7.575E-01	7.507E-01	7.512E-01	7.508E-01	7.511E-01
1.150E+00	7.478E-01	6.474E-03	7.416E-01	7.546E-01	7.475E-01	7.480E-01	7.477E-01	7.479E-01
1.160E+00	7.446E-01	6.604E-03	7.384E-01	7.516E-01	7.444E-01	7.449E-01	7.445E-01	7.448E-01
1.170E+00	7.415E-01	6.730E-03	7.352E-01	7.486E-01	7.413E-01	7.417E-01	7.414E-01	7.416E-01
1.180E+00	7.383E-01	6.852E-03	7.319E-01	7.456E-01	7.381E-01	7.386E-01	7.382E-01	7.384E-01
1.190E+00	7.352E-01	6.969E-03	7.287E-01	7.426E-01	7.349E-01	7.354E-01	7.351E-01	7.353E-01
1.200E+00	7.320E-01	7.082E-03	7.255E-01	7.396E-01	7.318E-01	7.322E-01	7.319E-01	7.321E-01
1.210E+00	7.288E-01	7.191E-03	7.223E-01	7.366E-01	7.286E-01	7.290E-01	7.287E-01	7.289E-01
1.220E+00	7.257E-01	7.296E-03	7.190E-01	7.336E-01	7.255E-01	7.259E-01	7.255E-01	7.258E-01
1.230E+00	7.225E-01	7.396E-03	7.158E-01	7.306E-01	7.223E-01	7.227E-01	7.224E-01	7.226E-01
1.240E+00	7.193E-01	7.492E-03	7.126E-01	7.275E-01	7.191E-01	7.195E-01	7.192E-01	7.194E-01
1.250E+00	7.161E-01	7.584E-03	7.093E-01	7.245E-01	7.159E-01	7.163E-01	7.160E-01	7.162E-01
1.260E+00	7.129E-01	7.672E-03	7.061E-01	7.215E-01	7.128E-01	7.131E-01	7.128E-01	7.131E-01
1.270E+00	7.098E-01	7.756E-03	7.029E-01	7.184E-01	7.096E-01	7.099E-01	7.096E-01	7.099E-01
1.280E+00	7.066E-01	7.836E-03	6.997E-01	7.153E-01	7.064E-01	7.067E-01	7.064E-01	7.067E-01
1.290E+00	7.034E-01	7.912E-03	6.965E-01	7.123E-01	7.032E-01	7.035E-01	7.033E-01	7.035E-01
1.300E+00	7.002E-01	7.983E-03	6.932E-01	7.092E-01	7.000E-01	7.003E-01	7.001E-01	7.003E-01
1.310E+00	6.970E-01	8.051E-03	6.900E-01	7.061E-01	6.968E-01	6.971E-01	6.969E-01	6.971E-01
1.320E+00	6.938E-01	8.115E-03	6.868E-01	7.030E-01	6.936E-01	6.939E-01	6.937E-01	6.939E-01
1.330E+00	6.906E-01	8.174E-03	6.836E-01	7.000E-01	6.905E-01	6.907E-01	6.905E-01	6.907E-01
1.340E+00	6.874E-01	8.230E-03	6.804E-01	6.969E-01	6.873E-01	6.875E-01	6.873E-01	6.875E-01
1.350E+00	6.842E-01	8.282E-03	6.772E-01	6.938E-01	6.841E-01	6.843E-01	6.841E-01	6.843E-01
1.360E+00	6.810E-01	8.331E-03	6.740E-01	6.907E-01	6.809E-01	6.811E-01	6.809E-01	6.811E-01
1.370E+00	6.778E-01	8.375E-03	6.708E-01	6.876E-01	6.777E-01	6.779E-01	6.777E-01	6.779E-01
1.380E+00	6.746E-01	8.416E-03	6.676E-01	6.845E-01	6.745E-01	6.747E-01	6.745E-01	6.747E-01
1.390E+00	6.714E-01	8.453E-03	6.644E-01	6.813E-01	6.713E-01	6.715E-01	6.713E-01	6.715E-01
1.400E+00	6.682E-01	8.486E-03	6.613E-01	6.782E-01	6.681E-01	6.683E-01	6.681E-01	6.683E-01
1.410E+00	6.650E-01	8.516E-03	6.581E-01	6.751E-01	6.649E-01	6.651E-01	6.649E-01	6.652E-01
1.420E+00	6.618E-01	8.542E-03	6.549E-01	6.720E-01	6.617E-01	6.619E-01	6.617E-01	6.620E-01
1.430E+00	6.586E-01	8.565E-03	6.517E-01	6.689E-01	6.585E-01	6.587E-01	6.585E-01	6.588E-01
1.440E+00	6.554E-01	8.584E-03	6.486E-01	6.657E-01	6.553E-01	6.555E-01	6.553E-01	6.556E-01
1.450E+00	6.522E-01	8.599E-03	6.454E-01	6.626E-01	6.522E-01	6.523E-01	6.521E-01	6.524E-01
1.460E+00	6.491E-01	8.611E-03	6.422E-01	6.595E-01	6.490E-01	6.491E-01	6.489E-01	6.492E-01
1.470E+00	6.459E-01	8.620E-03	6.391E-01	6.563E-01	6.458E-01	6.459E-01	6.457E-01	6.460E-01
1.480E+00	6.427E-01	8.625E-03	6.359E-01	6.532E-01	6.426E-01	6.427E-01	6.425E-01	6.428E-01
1.490E+00	6.395E-01	8.627E-03	6.328E-01	6.500E-01	6.394E-01	6.395E-01	6.394E-01	6.396E-01
1.500E+00	6.363E-01	8.626E-03	6.296E-01	6.469E-01	6.362E-01	6.364E-01	6.362E-01	6.364E-01
1.510E+00	6.331E-01	8.621E-03	6.265E-01	6.438E-01	6.331E-01	6.332E-01	6.330E-01	6.333E-01
1.520E+00	6.299E-01	8.614E-03	6.234E-01	6.406E-01	6.299E-01	6.300E-01	6.298E-01	6.301E-01
1.530E+00	6.268E-01	8.603E-03	6.203E-01	6.375E-01	6.267E-01	6.268E-01	6.266E-01	6.269E-01
1.540E+00	6.236E-01	8.588E-03	6.171E-01	6.343E-01	6.235E-01	6.236E-01	6.234E-01	6.237E-01
1.550E+00	6.204E-01	8.571E-03	6.140E-01	6.312E-01	6.204E-01	6.204E-01	6.203E-01	6.206E-01
1.560E+00	6.172E-01	8.551E-03	6.109E-01	6.280E-01	6.172E-01	6.173E-01	6.171E-01	6.174E-01
1.570E+00	6.141E-01	8.528E-03	6.078E-01	6.249E-01	6.141E-01	6.141E-01	6.139E-01	6.142E-01
1.580E+00	6.109E-01	8.501E-03	6.047E-01	6.217E-01	6.109E-01	6.109E-01	6.108E-01	6.111E-01
1.590E+00	6.078E-01	8.472E-03	6.016E-01	6.186E-01	6.077E-01	6.078E-01	6.076E-01	6.079E-01
1.600E+00	6.046E-01	8.440E-03	5.986E-01	6.154E-01	6.046E-01	6.046E-01	6.045E-01	6.047E-01
1.610E+00	6.014E-01	8.405E-03	5.955E-01	6.123E-01	6.014E-01	6.014E-01	6.013E-01	6.016E-01
1.620E+00	5.983E-01	8.367E-03	5.924E-01	6.091E-01	5.983E-01	5.983E-01	5.981E-01	5.984E-01
1.630E+00	5.951E-01	8.326E-03	5.893E-01	6.060E-01	5.952E-01	5.951E-01	5.950E-01	5.953E-01
1.640E+00	5.920E-01	8.283E-03	5.863E-01	6.028E-01	5.920E-01	5.920E-01	5.919E-01	5.922E-01
1.650E+00	5.889E-01	8.237E-03	5.832E-01	5.997E-01	5.889E-01	5.888E-01	5.887E-01	5.890E-01
1.660E+00	5.857E-01	8.188E-03	5.802E-01	5.966E-01	5.858E-01	5.857E-01	5.856E-01	5.859E-01
1.670E+00	5.826E-01	8.136E-03	5.771E-01	5.934E-01	5.826E-01	5.826E-01	5.825E-01	5.828E-01
1.680E+00	5.795E-01	8.082E-03	5.741E-01	5.903E-01	5.795E-01	5.794E-01	5.793E-01	5.796E-01
1.690E+00	5.764E-01	8.026E-03	5.711E-01	5.871E-01	5.764E-01	5.763E-01	5.762E-01	5.765E-01
1.700E+00	5.733E-01	7.967E-03	5.681E-01	5.840E-01	5.733E-01	5.732E-01	5.731E-01	5.734E-01
1.710E+00	5.701E-01	7.905E-03	5.651E-01	5.809E-01	5.702E-01	5.701E-01	5.700E-01	5.703E-01
1.720E+00	5.670E-01	7.841E-03	5.621E-01	5.777E-01	5.671E-01	5.670E-01	5.669E-01	5.672E-01
1.730E+00	5.639E-01	7.775E-03	5.591E-01	5.746E-01	5.640E-01	5.639E-01	5.638E-01	5.641E-01
1.740E+00	5.608E-01	7.706E-03	5.561E-01	5.715E-01	5.609E-01	5.608E-01	5.607E-01	5.610E-01
1.750E+00	5.578E-01	7.635E-03	5.531E-01	5.684E-01	5.578E-01	5.577E-01	5.576E-01	5.579E-01
1.760E+00	5.547E-01	7.562E-03	5.501E-01	5.652E-01	5.547E-01	5.546E-01	5.545E-01	5.548E-01
1.770E+00	5.516E-01	7.487E-03	5.472E-01	5.621E-01	5.517E-01	5.515E-01	5.514E-01	5.518E-01
1.780E+00	5.485E-01	7.409E-03	5.442E-01	5.590E-01	5.486E-01	5.484E-01	5.484E-01	5.487E-01
1.790E+00	5.455E-01	7.329E-03	5.412E-01	5.559E-01	5.455E-01	5.454E-01	5.453E-01	5.456E-01
1.800E+00	5.424E-01	7.247E-03	5.383E-01	5.528E-01	5.425E-01	5.423E-01	5.423E-01	5.426E-01
1.810E+00	5.394E-01	7.164E-03	5.354E-01	5.497E-01	5.394E-01	5.393E-01	5.392E-01	5.395E-01
1.820E+00	5.363E-01	7.078E-03	5.324E-01	5.466E-01	5.364E-01	5.362E-01	5.362E-01	5.365E-01
1.830E+00	5.333E-01	6.990E-03	5.295E-01	5.435E-01	5.334E-01	5.332E-01	5.331E-01	5.334E-01
1.840E+00	5.302E-01	6.900E-03	5.266E-01	5.404E-01	5.303E-01	5.301E-01	5.301E-01	5.304E-01
1.850E+00	5.272E-01	6.808E-03	5.237E-01	5.373E-01	5.273E-01	5.271E-01	5.271E-01	5.274E-01
1.860E+00	5.242E-01	6.714E-03	5.208E-01	5.342E-01	5.243E-01	5.241E-01	5.240E-01	5.243E-01
1.870E+00	5.212E-01	6.619E-03	5.179E-01	5.311E-01	5.213E-01	5.211E-01	5.210E-01	5.213E-01
1.880E+00	5.182E-01	6.522E-03	5.150E-01	5.281E-01	5.183E-01	5.180E-01	5.180E-01	5.183E-01
1.890E+00	5.152E-01	6.423E-03	5.122E-01	5.250E-01	5.153E-01	5.150E-01	5.150E-01	5.153E-01
1.900E+00	5.122E-01	6.322E-03	5.093E-01	5.219E-01	5.123E-01	5.120E-01	5.120E-01	5.123E-01
1.910E+00	5.092E-01	6.219E-03	5.065E-01	5.189E-01	5.093E-01	5.091E-01	5.090E-01	5.093E-01
1.920E+00	5.062E-01	6.115E-03	5.036E-01	5.158E-01	5.064E-01	5.061E-01	5.061E-01	5.064E-01
1.930E+00	5.032E-01	6.010E-03	5.008E-01	5.128E-01	5.034E-01	5.031E-01	5.031E-01	5.034E-01
1.940E+00	5.003E-01	5.903E-03	4.979E-01	5.097E-01	5.004E-01	5.001E-01	5.001E-01	5.004E-01
1.950E+00	4.973E-01	5.794E-03	4.951E-01	5.067E-01	4.975E-01	4.972E-01	4.972E-01	4.975E-01
1.960E+00	4.944E-01	5.684E-03	4.923E-01	5.037E-01	4.945E-01	4.942E-01	4.942E-01	4.945E-01
1.970E+00	4.914E-01	5.572E-03	4.895E-01	5.006E-01	4.916E-01	4.913E-01	4.913E-01	4.916E-01
1.980E+00	4.885E-01	5.459E-03	4.867E-01	4.976E-01	4.887E-01	4.883E-01	4.883E-01	4.887E-01
1.990E+00	4.856E-01	5.345E-03	4.839E-01	4.946E-01	4.858E-01	4.854E-01	4.854E-01	4.857E-01
2.000E+00	4.827E-01	5.229E-03	4.812E-01	4.916E-01	4.828E-01	4.825E-01	4.825E-01	4.828E-01
2.010E+00	4.798E-01	5.112E-03	4.784E-01	4.886E-01	4.799E-01	4.796E-01	4.796E-01	4.799E-01
2.020E+00	4.769E-01	4.994E-03	4.756E-01	4.856E-01	4.770E-01	4.767E-01	4.767E-01	4.770E-01
2.030E+00	4.740E-01	4.875E-03	4.729E-01	4.826E-01	4.742E-01	4.738E-01	4.738E-01	4.741E-01
2.040E+00	4.711E-01	4.754E-03	4.701E-01	4.796E-01	4.713E-01	4.709E-01	4.709E-01	4.712E-01
2.050E+00	4.682E-01	4.633E-03	4.674E-01	4.767E-01	4.684E-01	4.680E-01	4.681E-01	4.684E-01
2.060E+00	4.653E-01	4.510E-03	4.647E-01	4.737E-01	4.655E-01	4.652E-01	4.652E-01	4.655E-01
2.070E+00	4.625E-01	4.386E-03	4.620E-01	4.707E-01	4.627E-01	4.623E-01	4.623E-01	4.626E-01
2.080E+00	4.596E-01	4.261E-03	4.593E-01	4.678E-01	4.598E-01	4.594E-01	4.595E-01	4.598E-01
2.090E+00	4.568E-01	4.135E-03	4.566E-01	4.648E-01	4.570E-01	4.566E-01	4.566E-01	4.570E-01
2.100E+00	4.540E-01	4.008E-03	4.539E-01	4.619E-01	4.542E-01	4.538E-01	4.538E-01	4.541E-01
2.110E+00	4.511E-01	3.881E-03	4.512E-01	4.590E-01	4.514E-01	4.509E-01	4.510E-01	4.513E-01
2.120E+00	4.483E-01	3.752E-03	4.486E-01	4.561E-01	4.485E-01	4.481E-01	4.482E-01	4.485E-01
2.130E+00	4.455E-01	3.622E-03	4.459E-01	4.531E-01	4.457E-01	4.453E-01	4.454E-01	4.457E-01
2.140E+00	4.427E-01	3.492E-03	4.433E-01	4.502E-01	4.430E-01	4.425E-01	4.426E-01	4.429E-01
2.150E+00	4.399E-01	3.361E-03	4.406E-01	4.473E-01	4.402E-01	4.397E-01	4.398E-01	4.401E-01
2.160E+00	4.372E-01	3.230E-03	4.380E-01	4.444E-01	4.374E-01	4.369E-01	4.370E-01	4.373E-01
2.170E+00	4.344E-01	3.097E-03	4.354E-01	4.416E-01	4.346E-01	4.342E-01	4.342E-01	4.346E-01
2.180E+00	4.316E-01	2.964E-03	4.328E-01	4.387E-01	4.319E-01	4.314E-01	4.315E-01	4.318E-01
2.190E+00	4.289E-01	2.831E-03	4.302E-01	4.358E-01	4.291E-01	4.287E-01	4.287E-01	4.291E-01
2.200E+00	4.262E-01	2.696E-03	4.276E-01	4.330E-01	4.264E-01	4.259E-01	4.260E-01	4.263E-01
2.210E+00	4.234E-01	2.562E-03	4.250E-01	4.301E-01	4.237E-01	4.232E-01	4.233E-01	4.236E-01
2.220E+00	4.207E-01	2.427E-03	4.225E-01	4.273E-01	4.209E-01	4.205E-01	4.205E-01	4.209E-01
2.230E+00	4.180E-01	2.291E-03	4.199E-01	4.244E-01	4.182E-01	4.177E-01	4.178E-01	4.182E-01
2.240E+00	4.153E-01	2.155E-03	4.173E-01	4.216E-01	4.155E-01	4.150E-01	4.151E-01	4.155E-01
2.250E+00	4.126E-01	2.019E-03	4.148E-01	4.188E-01	4.128E-01	4.123E-01	4.124E-01	4.128E-01
2.260E+00	4.099E-01	1.883E-03	4.123E-01	4.160E-01	4.102E-01	4.097E-01	4.098E-01	4.101E-01
2.270E+00	4.072E-01	1.746E-03	4.098E-01	4.132E-01	4.075E-01	4.070E-01	4.071E-01	4.074E-01
2.280E+00	4.046E-01	1.610E-03	4.072E-01	4.104E-01	4.048E-01	4.043E-01	4.044E-01	4.047E-01
2.290E+00	4.019E-01	1.474E-03	4.047E-01	4.076E-01	4.022E-01	4.017E-01	4.018E-01	4.021E-01
2.300E+00	3.993E-01	1.338E-03	4.023E-01	4.049E-01	3.996E-01	3.990E-01	3.991E-01	3.994E-01
2.310E+00	3.967E-01	1.203E-03	3.998E-01	4.021E-01	3.969E-01	3.964E-01	3.965E-01	3.968E-01
2.320E+00	3.940E-01	1.068E-03	3.973E-01	3.993E-01	3.943E-01	3.938E-01	3.939E-01	3.942E-01
2.330E+00	3.914E-01	9.356E-04	3.948E-01	3.966E-01	3.917E-01	3.911E-01	3.913E-01	3.916E-01
2.340E+00	3.888E-01	8.054E-04	3.924E-01	3.939E-01	3.891E-01	3.885E-01	3.887E-01	3.890E-01
2.350E+00	3.862E-01	6.793E-04	3.900E-01	3.911E-01	3.865E-01	3.859E-01	3.861E-01	3.864E-01
2.360E+00	3.836E-01	5.603E-04	3.875E-01	3.884E-01	3.839E-01	3.834E-01	3.835E-01	3.838E-01
2.370E+00	3.811E-01	4.541E-04	3.851E-01	3.857E-01	3.813E-01	3.808E-01	3.809E-01	3.812E-01
2.380E+00	3.785E-01	3.720E-04	3.827E-01	3.830E-01	3.788E-01	3.782E-01	3.783E-01	3.787E-01
2.390E+00	3.760E-01	3.325E-04	3.803E-01	3.804E-01	3.762E-01	3.757E-01	3.758E-01	3.761E-01
2.400E+00	3.734E-01	3.505E-04	3.779E-01	3.777E-01	3.737E-01	3.731E-01	3.732E-01	3.736E-01
2.410E+00	3.709E-01	4.187E-04	3.755E-01	3.750E-01	3.712E-01	3.706E-01	3.707E-01	3.710E-01
2.420E+00	3.684E-01	5.176E-04	3.732E-01	3.724E-01	3.687E-01	3.681E-01	3.682E-01	3.685E-01
2.430E+00	3.659E-01	6.329E-04	3.708E-01	3.697E-01	3.661E-01	3.656E-01	3.657E-01	3.660E-01
2.440E+00	3.634E-01	7.571E-04	3.684E-01	3.671E-01	3.636E-01	3.631E-01	3.632E-01	3.635E-01
2.450E+00	3.609E-01	8.865E-04	3.661E-01	3.645E-01	3.612E-01	3.606E-01	3.607E-01	3.610E-01
2.460E+00	3.584E-01	1.019E-03	3.638E-01	3.619E-01	3.587E-01	3.581E-01	3.582E-01	3.585E-01
2.470E+00	3.559E-01	1.154E-03	3.615E-01	3.593E-01	3.562E-01	3.556E-01	3.558E-01	3.561E-01
2.480E+00	3.535E-01	1.289E-03	3.591E-01	3.567E-01	3.538E-01	3.531E-01	3.533E-01	3.536E-01
2.490E+00	3.510E-01	1.426E-03	3.568E-01	3.541E-01	3.513E-01	3.507E-01	3.508E-01	3.512E-01
2.500E+00	3.486E-01	1.563E-03	3.546E-01	3.515E-01	3.489E-01	3.483E-01	3.484E-01	3.487E-01
2.510E+00	3.461E-01	1.701E-03	3.523E-01	3.489E-01	3.465E-01	3.458E-01	3.460E-01	3.463E-01
2.520E+00	3.437E-01	1.839E-03	3.500E-01	3.464E-01	3.440E-01	3.434E-01	3.436E-01	3.439E-01
2.530E+00	3.413E-01	1.977E-03	3.477E-01	3.439E-01	3.416E-01	3.410E-01	3.412E-01	3.415E-01
2.540E+00	3.389E-01	2.115E-03	3.455E-01	3.413E-01	3.393E-01	3.386E-01	3.388E-01	3.391E-01
2.550E+00	3.366E-01	2.253E-03	3.433E-01	3.388E-01	3.369E-01	3.362E-01	3.364E-01	3.367E-01
2.560E+00	3.342E-01	2.390E-03	3.410E-01	3.363E-01	3.345E-01	3.339E-01	3.340E-01	3.343E-01
2.570E+00	3.318E-01	2.528E-03	3.388E-01	3.338E-01	3.321E-01	3.315E-01	3.317E-01	3.320E-01
2.580E+00	3.295E-01	2.665E-03	3.366E-01	3.313E-01	3.298E-01	3.291E-01	3.293E-01	3.296E-01
2.590E+00	3.271E-01	2.802E-03	3.344E-01	3.289E-01	3.275E-01	3.268E-01	3.270E-01	3.273E-01
2.600E+00	3.248E-01	2.939E-03	3.322E-01	3.264E-01	3.251E-01	3.245E-01	3.246E-01	3.250E-01
2.610E+00	3.225E-01	3.075E-03	3.300E-01	3.239E-01	3.228E-01	3.221E-01	3.223E-01	3.226E-01
2.620E+00	3.202E-01	3.211E-03	3.279E-01	3.215E-01	3.205E-01	3.198E-01	3.200E-01	3.203E-01
2.630E+00	3.179E-01	3.347E-03	3.257E-01	3.191E-01	3.182E-01	3.175E-01	3.177E-01	3.180E-01
2.640E+00	3.156E-01	3.482E-03	3.236E-01	3.166E-01	3.159E-01	3.153E-01	3.154E-01	3.157E-01
2.650E+00	3.133E-01	3.617E-03	3.214E-01	3.142E-01	3.137E-01	3.130E-01	3.132E-01	3.135E-01
2.660E+00	3.111E-01	3.751E-03	3.193E-01	3.118E-01	3.114E-01	3.107E-01	3.109E-01	3.112E-01
2.670E+00	3.088E-01	3.885E-03	3.172E-01	3.095E-01	3.091E-01	3.085E-01	3.086E-01	3.090E-01
2.680E+00	3.066E-01	4.018E-03	3.151E-01	3.071E-01	3.069E-01	3.062E-01	3.064E-01	3.067E-01
2.690E+00	3.043E-01	4.150E-03	3.130E-01	3.047E-01	3.047E-01	3.040E-01	3.042E-01	3.045E-01
2.700E+00	3.021E-01	4.283E-03	3.109E-01	3.024E-01	3.024E-01	3.018E-01	3.019E-01	3.023E-01
2.710E+00	2.999E-01	4.414E-03	3.088E-01	3.000E-01	3.002E-01	2.995E-01	2.997E-01	3.001E-01
2.720E+00	2.977E-01	4.545E-03	3.068E-01	2.977E-01	2.980E-01	2.973E-01	2.975E-01	2.979E-01
2.730E+00	2.955E-01	4.675E-03	3.047E-01	2.954E-01	2.959E-01	2.952E-01	2.953E-01	2.957E-01
2.740E+00	2.933E-01	4.805E-03	3.026E-01	2.931E-01	2.937E-01	2.930E-01	2.932E-01	2.935E-01
2.750E+00	2.912E-01	4.934E-03	3.006E-01	2.908E-01	2.915E-01	2.908E-01	2.910E-01	2.913E-01
2.760E+00	2.890E-01	5.062E-03	2.986E-01	2.885E-01	2.894E-01	2.887E-01	2.889E-01	2.892E-01
2.770E+00	2.869E-01	5.190E-03	2.966E-01	2.862E-01	2.872E-01	2.865E-01	2.867E-01	2.870E-01
2.780E+00	2.847E-01	5.317E-03	2.946E-01	2.840E-01	2.851E-01	2.844E-01	2.846E-01	2.849E-01
2.790E+00	2.826E-01	5.443E-03	2.926E-01	2.817E-01	2.830E-01	2.823E-01	2.825E-01	2.828E-01
2.800E+00	2.805E-01	5.568E-03	2.906E-01	2.795E-01	2.809E-01	2.801E-01	2.803E-01	2.807E-01
2.810E+00	2.784E-01	5.693E-03	2.886E-01	2.772E-01	2.788E-01	2.780E-01	2.782E-01	2.786E-01
2.820E+00	2.763E-01	5.817E-03	2.866E-01	2.750E-01	2.767E-01	2.760E-01	2.762E-01	2.765E-01
2.830E+00	2.742E-01	5.940E-03	2.847E-01	2.728E-01	2.746E-01	2.739E-01	2.741E-01	2.744E-01
2.840E+00	2.722E-01	6.062E-03	2.827E-01	2.706E-01	2.725E-01	2.718E-01	2.720E-01	2.723E-01
2.850E+00	2.701E-01	6.184E-03	2.808E-01	2.684E-01	2.705E-01	2.697E-01	2.700E-01	2.703E-01
2.860E+00	2.681E-01	6.305E-03	2.789E-01	2.663E-01	2.684E-01	2.677E-01	2.679E-01	2.682E-01
2.870E+00	2.660E-01	6.425E-03	2.769E-01	2.641E-01	2.664E-01	2.657E-01	2.659E-01	2.662E-01
2.880E+00	2.640E-01	6.544E-03	2.750E-01	2.620E-01	2.644E-01	2.636E-01	2.638E-01	2.642E-01
2.890E+00	2.620E-01	6.662E-03	2.731E-01	2.598E-01	2.624E-01	2.616E-01	2.618E-01	2.621E-01
2.900E+00	2.600E-01	6.779E-03	2.713E-01	2.577E-01	2.603E-01	2.596E-01	2.598E-01	2.601E-01
2.910E+00	2.580E-01	6.896E-03	2.694E-01	2.556E-01	2.584E-01	2.576E-01	2.578E-01	2.581E-01
2.920E+00	2.560E-01	7.011E-03	2.675E-01	2.535E-01	2.564E-01	2.556E-01	2.559E-01	2.562E-01
2.930E+00	2.540E-01	7.126E-03	2.656E-01	2.514E-01	2.544E-01	2.537E-01	2.539E-01	2.542E-01
2.940E+00	2.521E-01	7.240E-03	2.638E-01	2.493E-01	2.525E-01	2.517E-01	2.519E-01	2.522E-01
2.950E+00	2.501E-01	7.352E-03	2.620E-01	2.473E-01	2.505E-01	2.498E-01	2.500E-01	2.503E-01
2.960E+00	2.482E-01	7.464E-03	2.601E-01	2.452E-01	2.486E-01	2.478E-01	2.480E-01	2.484E-01
2.970E+00	2.463E-01	7.575E-03	2.583E-01	2.432E-01	2.466E-01	2.459E-01	2.461E-01	2.464E-01
2.980E+00	2.444E-01	7.685E-03	2.565E-01	2.412E-01	2.447E-01	2.440E-01	2.442E-01	2.445E-01
2.990E+00	2.425E-01	7.794E-03	2.547E-01	2.391E-01	2.428E-01	2.421E-01	2.423E-01	2.426E-01
3.000E+00	2.406E-01	7.902E-03	2.529E-01	2.371E-01	2.409E-01	2.402E-01	2.404E-01	2.407E-01
