1.000E-02	1.008E+00	2.510E-03	1.006E+00	1.011E+00	1.008E+00	1.008E+00	1.008E+00	1.008E+00
2.000E-02	1.008E+00	2.499E-03	1.006E+00	1.011E+00	1.008E+00	1.008E+00	1.008E+00	1.008E+00
3.000E-02	1.008E+00	2.483E-03	1.005E+00	1.010E+00	1.008E+00	1.008E+00	1.008E+00	1.008E+00
4.000E-02	1.008E+00	2.463E-03	1.005E+00	1.010E+00	1.008E+00	1.007E+00	1.008E+00	1.008E+00
5.000E-02	1.007E+00	2.441E-03	1.005E+00	1.010E+00	1.007E+00	1.007E+00	1.007E+00	1.007E+00
6.000E-02	1.007E+00	2.417E-03	1.004E+00	1.009E+00	1.007E+00	1.007E+00	1.007E+00	1.007E+00
7.000E-02	1.006E+00	2.390E-03	1.004E+00	1.008E+00	1.006E+00	1.006E+00	1.006E+00	1.006E+00
8.000E-02	1.005E+00	2.362E-03	1.003E+00	1.008E+00	1.006E+00	1.005E+00	1.005E+00	1.005E+00
9.000E-02	1.005E+00	2.331E-03	1.002E+00	1.007E+00	1.005E+00	1.005E+00	1.005E+00	1.005E+00
1.000E-01	1.004E+00	2.299E-03	1.002E+00	1.006E+00	1.004E+00	1.004E+00	1.004E+00	1.004E+00
1.100E-01	1.003E+00	2.266E-03	1.001E+00	1.005E+00	1.003E+00	1.003E+00	1.003E+00	1.003E+00
1.200E-01	1.002E+00	2.232E-03	1.000E+00	1.005E+00	1.002E+00	1.002E+00	1.002E+00	1.002E+00
1.300E-01	1.001E+00	2.196E-03	9.992E-01	1.004E+00	1.002E+00	1.001E+00	1.001E+00	1.001E+00
1.400E-01	1.000E+00	2.159E-03	9.983E-01	1.003E+00	1.001E+00	1.000E+00	1.000E+00	1.000E+00
1.500E-01	9.994E-01	2.122E-03	9.973E-01	1.001E+00	9.995E-01	9.993E-01	9.994E-01	9.994E-01
1.600E-01	9.983E-01	2.083E-03	9.962E-01	1.000E+00	9.984E-01	9.981E-01	9.983E-01	9.983E-01
1.700E-01	9.971E-01	2.044E-03	9.951E-01	9.991E-01	9.972E-01	9.970E-01	9.971E-01	9.971E-01
1.800E-01	9.959E-01	2.003E-03	9.939E-01	9.979E-01	9.960E-01	9.958E-01	9.959E-01	9.959E-01
1.900E-01	9.946E-01	1.963E-03	9.926E-01	9.965E-01	9.947E-01	9.945E-01	9.946E-01	9.946E-01
2.000E-01	9.933E-01	1.921E-03	9.913E-01	9.952E-01	9.934E-01	9.931E-01	9.933E-01	9.933E-01
2.100E-01	9.919E-01	1.879E-03	9.900E-01	9.937E-01	9.920E-01	9.917E-01	9.919E-01	9.919E-01
2.200E-01	9.904E-01	1.837E-03	9.886E-01	9.923E-01	9.906E-01	9.903E-01	9.904E-01	9.904E-01
2.300E-01	9.889E-01	1.794E-03	9.871E-01	9.907E-01	9.891E-01	9.888E-01	9.889E-01	9.889E-01
2.400E-01	9.874E-01	1.751E-03	9.856E-01	9.891E-01	9.875E-01	9.873E-01	9.874E-01	9.874E-01
2.500E-01	9.858E-01	1.708E-03	9.841E-01	9.875E-01	9.859E-01	9.857E-01	9.858E-01	9.858E-01
2.600E-01	9.841E-01	1.664E-03	9.825E-01	9.858E-01	9.843E-01	9.840E-01	9.841E-01	9.842E-01
2.700E-01	9.824E-01	1.620E-03	9.808E-01	9.840E-01	9.826E-01	9.823E-01	9.824E-01	9.825E-01
2.800E-01	9.807E-01	1.576E-03	9.791E-01	9.823E-01	9.808E-01	9.806E-01	9.807E-01	9.807E-01
2.900E-01	9.789E-01	1.531E-03	9.774E-01	9.804E-01	9.790E-01	9.788E-01	9.789E-01	9.789E-01
3.000E-01	9.771E-01	1.487E-03	9.756E-01	9.785E-01	9.772E-01	9.769E-01	9.770E-01	9.771E-01
3.100E-01	9.752E-01	1.442E-03	9.737E-01	9.766E-01	9.753E-01	9.750E-01	9.752E-01	9.752E-01
3.200E-01	9.732E-01	1.398E-03	9.718E-01	9.746E-01	9.733E-01	9.731E-01	9.732E-01	9.732E-01
3.300E-01	9.712E-01	1.353E-03	9.699E-01	9.726E-01	9.714E-01	9.711E-01	9.712E-01	9.713E-01
3.400E-01	9.692E-01	1.308E-03	9.679E-01	9.705E-01	9.693E-01	9.691E-01	9.692E-01	9.692E-01
3.500E-01	9.671E-01	1.264E-03	9.659E-01	9.684E-01	9.673E-01	9.670E-01	9.671E-01	9.671E-01
3.600E-01	9.650E-01	1.220E-03	9.638E-01	9.662E-01	9.651E-01	9.649E-01	9.650E-01	9.650E-01
3.700E-01	9.628E-01	1.175E-03	9.617E-01	9.640E-01	9.630E-01	9.627E-01	9.628E-01	9.629E-01
3.800E-01	9.606E-01	1.131E-03	9.595E-01	9.617E-01	9.608E-01	9.605E-01	9.606E-01	9.607E-01
3.900E-01	9.584E-01	1.087E-03	9.573E-01	9.595E-01	9.585E-01	9.583E-01	9.584E-01	9.584E-01
4.000E-01	9.561E-01	1.043E-03	9.550E-01	9.571E-01	9.562E-01	9.560E-01	9.561E-01	9.561E-01
4.100E-01	9.538E-01	9.998E-04	9.527E-01	9.547E-01	9.539E-01	9.536E-01	9.537E-01	9.538E-01
4.200E-01	9.514E-01	9.565E-04	9.504E-01	9.523E-01	9.515E-01	9.513E-01	9.514E-01	9.514E-01
4.300E-01	9.490E-01	9.134E-04	9.480E-01	9.499E-01	9.491E-01	9.489E-01	9.490E-01	9.490E-01
4.400E-01	9.465E-01	8.707E-04	9.456E-01	9.474E-01	9.466E-01	9.464E-01	9.465E-01	9.465E-01
4.500E-01	9.440E-01	8.283E-04	9.432E-01	9.448E-01	9.441E-01	9.439E-01	9.440E-01	9.440E-01
4.600E-01	9.415E-01	7.862E-04	9.407E-01	9.422E-01	9.416E-01	9.414E-01	9.415E-01	9.415E-01
4.700E-01	9.389E-01	7.445E-04	9.381E-01	9.396E-01	9.390E-01	9.388E-01	9.389E-01	9.389E-01
4.800E-01	9.363E-01	7.032E-04	9.356E-01	9.370E-01	9.364E-01	9.362E-01	9.363E-01	9.363E-01
4.900E-01	9.336E-01	6.622E-04	9.330E-01	9.343E-01	9.337E-01	9.335E-01	9.336E-01	9.336E-01
5.000E-01	9.309E-01	6.218E-04	9.303E-01	9.315E-01	9.310E-01	9.308E-01	9.309E-01	9.310E-01
5.100E-01	9.282E-01	5.817E-04	9.276E-01	9.288E-01	9.283E-01	9.281E-01	9.282E-01	9.282E-01
5.200E-01	9.255E-01	5.422E-04	9.249E-01	9.260E-01	9.256E-01	9.254E-01	9.254E-01	9.255E-01
5.300E-01	9.227E-01	5.032E-04	9.222E-01	9.231E-01	9.228E-01	9.226E-01	9.226E-01	9.227E-01
5.400E-01	9.198E-01	4.647E-04	9.194E-01	9.203E-01	9.199E-01	9.197E-01	9.198E-01	9.198E-01
5.500E-01	9.170E-01	4.268E-04	9.165E-01	9.174E-01	9.171E-01	9.169E-01	9.170E-01	9.170E-01
5.600E-01	9.141E-01	3.895E-04	9.137E-01	9.144E-01	9.142E-01	9.140E-01	9.141E-01	9.141E-01
5.700E-01	9.111E-01	3.529E-04	9.108E-01	9.115E-01	9.112E-01	9.110E-01	9.111E-01	9.112E-01
5.800E-01	9.082E-01	3.171E-04	9.079E-01	9.085E-01	9.083E-01	9.081E-01	9.082E-01	9.082E-01
5.900E-01	9.052E-01	2.820E-04	9.049E-01	9.054E-01	9.053E-01	9.051E-01	9.052E-01	9.052E-01
6.000E-01	9.021E-01	2.480E-04	9.019E-01	9.024E-01	9.022E-01	9.020E-01	9.021E-01	9.022E-01
6.100E-01	8.991E-01	2.151E-04	8.989E-01	8.993E-01	8.992E-01	8.990E-01	8.991E-01	8.991E-01
6.200E-01	8.960E-01	1.837E-04	8.958E-01	8.961E-01	8.961E-01	8.959E-01	8.960E-01	8.960E-01
6.300E-01	8.929E-01	1.543E-04	8.927E-01	8.930E-01	8.930E-01	8.928E-01	8.928E-01	8.929E-01
6.400E-01	8.897E-01	1.280E-04	8.896E-01	8.898E-01	8.898E-01	8.896E-01	8.897E-01	8.897E-01
6.500E-01	8.865E-01	1.063E-04	8.865E-01	8.866E-01	8.866E-01	8.864E-01	8.865E-01	8.865E-01
6.600E-01	8.833E-01	9.208E-05	8.833E-01	8.833E-01	8.834E-01	8.832E-01	8.833E-01	8.833E-01
6.700E-01	8.801E-01	8.827E-05	8.801E-01	8.801E-01	8.802E-01	8.800E-01	8.801E-01	8.801E-01
6.800E-01	8.768E-01	9.552E-05	8.768E-01	8.768E-01	8.769E-01	8.767E-01	8.768E-01	8.768E-01
6.900E-01	8.735E-01	1.112E-04	8.736E-01	8.734E-01	8.736E-01	8.734E-01	8.735E-01	8.735E-01
7.000E-01	8.702E-01	1.319E-04	8.703E-01	8.701E-01	8.703E-01	8.701E-01	8.702E-01	8.702E-01
7.100E-01	8.669E-01	1.552E-04	8.670E-01	8.667E-01	8.669E-01	8.668E-01	8.668E-01	8.669E-01
7.200E-01	8.635E-01	1.799E-04	8.636E-01	8.633E-01	8.636E-01	8.634E-01	8.635E-01	8.635E-01
7.300E-01	8.601E-01	2.051E-04	8.603E-01	8.599E-01	8.602E-01	8.600E-01	8.601E-01	8.601E-01
7.400E-01	8.567E-01	2.305E-04	8.569E-01	8.564E-01	8.567E-01	8.566E-01	8.566E-01	8.567E-01
7.500E-01	8.532E-01	2.558E-04	8.534E-01	8.530E-01	8.533E-01	8.531E-01	8.532E-01	8.532E-01
7.600E-01	8.497E-01	2.808E-04	8.500E-01	8.495E-01	8.498E-01	8.497E-01	8.497E-01	8.498E-01
7.700E-01	8.463E-01	3.054E-04	8.465E-01	8.459E-01	8.463E-01	8.462E-01	8.462E-01	8.463E-01
7.800E-01	8.427E-01	3.296E-04	8.430E-01	8.424E-01	8.428E-01	8.427E-01	8.427E-01	8.428E-01
7.900E-01	8.392E-01	3.533E-04	8.395E-01	8.388E-01	8.393E-01	8.391E-01	8.392E-01	8.392E-01
8.000E-01	8.356E-01	3.764E-04	8.360E-01	8.353E-01	8.357E-01	8.356E-01	8.356E-01	8.357E-01
8.100E-01	8.321E-01	3.990E-04	8.324E-01	8.317E-01	8.321E-01	8.320E-01	8.320E-01	8.321E-01
8.200E-01	8.284E-01	4.210E-04	8.289E-01	8.280E-01	8.285E-01	8.284E-01	8.284E-01	8.285E-01
8.300E-01	8.248E-01	4.424E-04	8.253E-01	8.244E-01	8.249E-01	8.248E-01	8.248E-01	8.248E-01
8.400E-01	8.212E-01	4.632E-04	8.216E-01	8.207E-01	8.212E-01	8.211E-01	8.212E-01	8.212E-01
8.500E-01	8.175E-01	4.833E-04	8.180E-01	8.170E-01	8.176E-01	8.175E-01	8.175E-01	8.175E-01
8.600E-01	8.138E-01	5.029E-04	8.143E-01	8.133E-01	8.139E-01	8.138E-01	8.138E-01	8.139E-01
8.700E-01	8.101E-01	5.217E-04	8.106E-01	8.096E-01	8.102E-01	8.101E-01	8.101E-01	8.102E-01
8.800E-01	8.064E-01	5.400E-04	8.069E-01	8.059E-01	8.065E-01	8.064E-01	8.064E-01	8.064E-01
8.900E-01	8.027E-01	5.576E-04	8.032E-01	8.021E-01	8.027E-01	8.026E-01	8.027E-01	8.027E-01
9.000E-01	7.989E-01	5.745E-04	7.995E-01	7.984E-01	7.990E-01	7.989E-01	7.989E-01	7.990E-01
9.100E-01	7.952E-01	5.908E-04	7.957E-01	7.946E-01	7.952E-01	7.951E-01	7.951E-01	7.952E-01
9.200E-01	7.914E-01	6.064E-04	7.920E-01	7.908E-01	7.914E-01	7.913E-01	7.914E-01	7.914E-01
9.300E-01	7.876E-01	6.214E-04	7.882E-01	7.870E-01	7.876E-01	7.875E-01	7.876E-01	7.876E-01
9.400E-01	7.838E-01	6.358E-04	7.844E-01	7.831E-01	7.838E-01	7.837E-01	7.837E-01	7.838E-01
9.500E-01	7.799E-01	6.495E-04	7.806E-01	7.793E-01	7.800E-01	7.799E-01	7.799E-01	7.800E-01
9.600E-01	7.761E-01	6.625E-04	7.767E-01	7.754E-01	7.761E-01	7.760E-01	7.761E-01	7.761E-01
9.700E-01	7.722E-01	6.749E-04	7.729E-01	7.715E-01	7.723E-01	7.722E-01	7.722E-01	7.722E-01
9.800E-01	7.684E-01	6.866E-04	7.690E-01	7.677E-01	7.684E-01	7.683E-01	7.683E-01	7.684E-01
9.900E-01	7.645E-01	6.977E-04	7.652E-01	7.638E-01	7.645E-01	7.644E-01	7.644E-01	7.645E-01
1.000E+00	7.606E-01	7.081E-04	7.613E-01	7.599E-01	7.606E-01	7.605E-01	7.605E-01	7.606E-01
1.010E+00	7.567E-01	7.179E-04	7.574E-01	7.559E-01	7.567E-01	7.566E-01	7.566E-01	7.567E-01
1.020E+00	7.527E-01	7.271E-04	7.535E-01	7.520E-01	7.528E-01	7.527E-01	7.527E-01	7.528E-01
1.030E+00	7.488E-01	7.356E-04	7.495E-01	7.481E-01	7.488E-01	7.488E-01	7.488E-01	7.488E-01
1.040E+00	7.449E-01	7.435E-04	7.456E-01	7.441E-01	7.449E-01	7.448E-01	7.448E-01	7.449E-01
1.050E+00	7.409E-01	7.507E-04	7.417E-01	7.402E-01	7.409E-01	7.409E-01	7.409E-01	7.409E-01
1.060E+00	7.369E-01	7.574E-04	7.377E-01	7.362E-01	7.370E-01	7.369E-01	7.369E-01	7.370E-01
1.070E+00	7.330E-01	7.634E-04	7.337E-01	7.322E-01	7.330E-01	7.329E-01	7.330E-01	7.330E-01
1.080E+00	7.290E-01	7.688E-04	7.298E-01	7.282E-01	7.290E-01	7.290E-01	7.290E-01	7.290E-01
1.090E+00	7.250E-01	7.736E-04	7.258E-01	7.242E-01	7.250E-01	7.250E-01	7.250E-01	7.250E-01
1.100E+00	7.210E-01	7.777E-04	7.218E-01	7.202E-01	7.210E-01	7.210E-01	7.210E-01	7.210E-01
1.110E+00	7.170E-01	7.813E-04	7.178E-01	7.162E-01	7.170E-01	7.170E-01	7.170E-01	7.170E-01
1.120E+00	7.130E-01	7.843E-04	7.138E-01	7.122E-01	7.130E-01	7.130E-01	7.130E-01	7.130E-01
1.130E+00	7.090E-01	7.867E-04	7.098E-01	7.082E-01	7.090E-01	7.089E-01	7.089E-01	7.090E-01
1.140E+00	7.049E-01	7.885E-04	7.057E-01	7.042E-01	7.050E-01	7.049E-01	7.049E-01	7.050E-01
1.150E+00	7.009E-01	7.897E-04	7.017E-01	7.001E-01	7.009E-01	7.009E-01	7.009E-01	7.009E-01
1.160E+00	6.969E-01	7.903E-04	6.977E-01	6.961E-01	6.969E-01	6.969E-01	6.969E-01	6.969E-01
1.170E+00	6.928E-01	7.904E-04	6.936E-01	6.921E-01	6.929E-01	6.928E-01	6.928E-01	6.929E-01
1.180E+00	6.888E-01	7.899E-04	6.896E-01	6.880E-01	6.888E-01	6.888E-01	6.888E-01	6.888E-01
1.190E+00	6.847E-01	7.889E-04	6.855E-01	6.840E-01	6.848E-01	6.847E-01	6.847E-01	6.848E-01
1.200E+00	6.807E-01	7.873E-04	6.815E-01	6.799E-01	6.807E-01	6.807E-01	6.807E-01	6.807E-01
1.210E+00	6.766E-01	7.851E-04	6.774E-01	6.758E-01	6.766E-01	6.766E-01	6.766E-01	6.767E-01
1.220E+00	6.726E-01	7.824E-04	6.734E-01	6.718E-01	6.726E-01	6.725E-01	6.725E-01	6.726E-01
1.230E+00	6.685E-01	7.792E-04	6.693E-01	6.677E-01	6.685E-01	6.685E-01	6.685E-01	6.685E-01
1.240E+00	6.644E-01	7.755E-04	6.652E-01	6.637E-01	6.644E-01	6.644E-01	6.644E-01	6.645E-01
1.250E+00	6.604E-01	7.712E-04	6.611E-01	6.596E-01	6.604E-01	6.604E-01	6.603E-01	6.604E-01
1.260E+00	6.563E-01	7.665E-04	6.571E-01	6.555E-01	6.563E-01	6.563E-01	6.563E-01	6.563E-01
1.270E+00	6.522E-01	7.612E-04	6.530E-01	6.515E-01	6.522E-01	6.522E-01	6.522E-01	6.523E-01
1.280E+00	6.481E-01	7.554E-04	6.489E-01	6.474E-01	6.482E-01	6.481E-01	6.481E-01	6.482E-01
1.290E+00	6.441E-01	7.492E-04	6.448E-01	6.433E-01	6.441E-01	6.441E-01	6.440E-01	6.441E-01
1.300E+00	6.400E-01	7.425E-04	6.408E-01	6.393E-01	6.400E-01	6.400E-01	6.400E-01	6.400E-01
1.310E+00	6.359E-01	7.353E-04	6.367E-01	6.352E-01	6.359E-01	6.359E-01	6.359E-01	6.360E-01
1.320E+00	6.319E-01	7.276E-04	6.326E-01	6.311E-01	6.319E-01	6.319E-01	6.318E-01	6.319E-01
1.330E+00	6.278E-01	7.195E-04	6.285E-01	6.271E-01	6.278E-01	6.278E-01	6.278E-01	6.278E-01
1.340E+00	6.237E-01	7.109E-04	6.244E-01	6.230E-01	6.237E-01	6.237E-01	6.237E-01	6.237E-01
1.350E+00	6.196E-01	7.019E-04	6.204E-01	6.190E-01	6.196E-01	6.196E-01	6.196E-01	6.197E-01
1.360E+00	6.156E-01	6.925E-04	6.163E-01	6.149E-01	6.156E-01	6.156E-01	6.155E-01	6.156E-01
1.370E+00	6.115E-01	6.826E-04	6.122E-01	6.108E-01	6.115E-01	6.115E-01	6.115E-01	6.115E-01
1.380E+00	6.075E-01	6.723E-04	6.081E-01	6.068E-01	6.074E-01	6.075E-01	6.074E-01	6.075E-01
1.390E+00	6.034E-01	6.616E-04	6.041E-01	6.027E-01	6.034E-01	6.034E-01	6.034E-01	6.034E-01
1.400E+00	5.993E-01	6.506E-04	6.000E-01	5.987E-01	5.993E-01	5.993E-01	5.993E-01	5.994E-01
1.410E+00	5.953E-01	6.391E-04	5.959E-01	5.947E-01	5.953E-01	5.953E-01	5.953E-01	5.953E-01
1.420E+00	5.912E-01	6.272E-04	5.919E-01	5.906E-01	5.912E-01	5.913E-01	5.912E-01	5.913E-01
1.430E+00	5.872E-01	6.150E-04	5.878E-01	5.866E-01	5.872E-01	5.872E-01	5.872E-01	5.872E-01
1.440E+00	5.832E-01	6.024E-04	5.838E-01	5.826E-01	5.831E-01	5.832E-01	5.831E-01	5.832E-01
1.450E+00	5.791E-01	5.894E-04	5.797E-01	5.786E-01	5.791E-01	5.791E-01	5.791E-01	5.792E-01
1.460E+00	5.751E-01	5.761E-04	5.757E-01	5.745E-01	5.751E-01	5.751E-01	5.751E-01	5.751E-01
1.470E+00	5.711E-01	5.624E-04	5.717E-01	5.705E-01	5.711E-01	5.711E-01	5.710E-01	5.711E-01
1.480E+00	5.671E-01	5.485E-04	5.676E-01	5.665E-01	5.670E-01	5.671E-01	5.670E-01	5.671E-01
1.490E+00	5.630E-01	5.341E-04	5.636E-01	5.625E-01	5.630E-01	5.631E-01	5.630E-01	5.631E-01
1.500E+00	5.590E-01	5.195E-04	5.596E-01	5.585E-01	5.590E-01	5.591E-01	5.590E-01	5.591E-01
1.510E+00	5.550E-01	5.046E-04	5.556E-01	5.546E-01	5.550E-01	5.551E-01	5.550E-01	5.551E-01
1.520E+00	5.511E-01	4.894E-04	5.516E-01	5.506E-01	5.510E-01	5.511E-01	5.510E-01	5.511E-01
1.530E+00	5.471E-01	4.739E-04	5.476E-01	5.466E-01	5.470E-01	5.471E-01	5.470E-01	5.471E-01
1.540E+00	5.431E-01	4.581E-04	5.436E-01	5.427E-01	5.431E-01	5.431E-01	5.431E-01	5.431E-01
1.550E+00	5.391E-01	4.421E-04	5.396E-01	5.387E-01	5.391E-01	5.392E-01	5.391E-01	5.392E-01
1.560E+00	5.352E-01	4.258E-04	5.356E-01	5.348E-01	5.351E-01	5.352E-01	5.351E-01	5.352E-01
1.570E+00	5.312E-01	4.092E-04	5.316E-01	5.308E-01	5.312E-01	5.312E-01	5.312E-01	5.313E-01
1.580E+00	5.273E-01	3.924E-04	5.277E-01	5.269E-01	5.272E-01	5.273E-01	5.272E-01	5.273E-01
1.590E+00	5.233E-01	3.754E-04	5.237E-01	5.230E-01	5.233E-01	5.234E-01	5.233E-01	5.234E-01
1.600E+00	5.194E-01	3.582E-04	5.198E-01	5.191E-01	5.194E-01	5.194E-01	5.194E-01	5.195E-01
1.610E+00	5.155E-01	3.408E-04	5.159E-01	5.152E-01	5.155E-01	5.155E-01	5.155E-01	5.155E-01
1.620E+00	5.116E-01	3.232E-04	5.119E-01	5.113E-01	5.116E-01	5.116E-01	5.116E-01	5.116E-01
1.630E+00	5.077E-01	3.054E-04	5.080E-01	5.074E-01	5.077E-01	5.077E-01	5.077E-01	5.077E-01
1.640E+00	5.038E-01	2.874E-04	5.041E-01	5.036E-01	5.038E-01	5.039E-01	5.038E-01	5.039E-01
1.650E+00	4.999E-01	2.693E-04	5.002E-01	4.997E-01	4.999E-01	5.000E-01	4.999E-01	5.000E-01
1.660E+00	4.961E-01	2.511E-04	4.963E-01	4.959E-01	4.960E-01	4.961E-01	4.960E-01	4.961E-01
1.670E+00	4.922E-01	2.328E-04	4.925E-01	4.920E-01	4.922E-01	4.923E-01	4.922E-01	4.923E-01
1.680E+00	4.884E-01	2.144E-04	4.886E-01	4.882E-01	4.884E-01	4.884E-01	4.884E-01	4.884E-01
1.690E+00	4.846E-01	1.960E-04	4.848E-01	4.844E-01	4.845E-01	4.846E-01	4.845E-01	4.846E-01
1.700E+00	4.807E-01	1.776E-04	4.809E-01	4.806E-01	4.807E-01	4.808E-01	4.807E-01	4.808E-01
1.710E+00	4.769E-01	1.593E-04	4.771E-01	4.768E-01	4.769E-01	4.770E-01	4.769E-01	4.770E-01
1.720E+00	4.731E-01	1.412E-04	4.733E-01	4.730E-01	4.731E-01	4.732E-01	4.731E-01	4.732E-01
1.730E+00	4.694E-01	1.234E-04	4.695E-01	4.693E-01	4.693E-01	4.694E-01	4.693E-01	4.694E-01
1.740E+00	4.656E-01	1.063E-04	4.657E-01	4.655E-01	4.655E-01	4.656E-01	4.656E-01	4.656E-01
1.750E+00	4.618E-01	9.015E-05	4.619E-01	4.618E-01	4.618E-01	4.619E-01	4.618E-01	4.619E-01
1.760E+00	4.581E-01	7.584E-05	4.582E-01	4.581E-01	4.580E-01	4.581E-01	4.581E-01	4.581E-01
1.770E+00	4.544E-01	6.465E-05	4.544E-01	4.543E-01	4.543E-01	4.544E-01	4.543E-01	4.544E-01
1.780E+00	4.506E-01	5.850E-05	4.507E-01	4.507E-01	4.506E-01	4.507E-01	4.506E-01	4.507E-01
1.790E+00	4.469E-01	5.908E-05	4.469E-01	4.470E-01	4.469E-01	4.470E-01	4.469E-01	4.470E-01
1.800E+00	4.432E-01	6.630E-05	4.432E-01	4.433E-01	4.432E-01	4.433E-01	4.432E-01	4.433E-01
1.810E+00	4.396E-01	7.840E-05	4.395E-01	4.396E-01	4.395E-01	4.396E-01	4.395E-01	4.396E-01
1.820E+00	4.359E-01	9.353E-05	4.359E-01	4.360E-01	4.359E-01	4.360E-01	4.359E-01	4.359E-01
1.830E+00	4.323E-01	1.105E-04	4.322E-01	4.324E-01	4.322E-01	4.323E-01	4.322E-01	4.323E-01
1.840E+00	4.286E-01	1.286E-04	4.285E-01	4.288E-01	4.286E-01	4.287E-01	4.286E-01	4.287E-01
1.850E+00	4.250E-01	1.474E-04	4.249E-01	4.252E-01	4.250E-01	4.251E-01	4.250E-01	4.250E-01
1.860E+00	4.214E-01	1.667E-04	4.213E-01	4.216E-01	4.213E-01	4.214E-01	4.214E-01	4.214E-01
1.870E+00	4.178E-01	1.864E-04	4.177E-01	4.180E-01	4.178E-01	4.179E-01	4.178E-01	4.178E-01
1.880E+00	4.142E-01	2.063E-04	4.141E-01	4.145E-01	4.142E-01	4.143E-01	4.142E-01	4.143E-01
1.890E+00	4.107E-01	2.263E-04	4.105E-01	4.109E-01	4.106E-01	4.107E-01	4.106E-01	4.107E-01
1.900E+00	4.071E-01	2.465E-04	4.069E-01	4.074E-01	4.071E-01	4.072E-01	4.071E-01	4.072E-01
1.910E+00	4.036E-01	2.669E-04	4.034E-01	4.039E-01	4.035E-01	4.037E-01	4.036E-01	4.036E-01
1.920E+00	4.001E-01	2.872E-04	3.998E-01	4.004E-01	4.000E-01	4.001E-01	4.000E-01	4.001E-01
1.930E+00	3.966E-01	3.077E-04	3.963E-01	3.969E-01	3.965E-01	3.966E-01	3.966E-01	3.966E-01
1.940E+00	3.931E-01	3.281E-04	3.928E-01	3.935E-01	3.930E-01	3.932E-01	3.931E-01	3.931E-01
1.950E+00	3.896E-01	3.486E-04	3.893E-01	3.900E-01	3.896E-01	3.897E-01	3.896E-01	3.897E-01
1.960E+00	3.862E-01	3.691E-04	3.859E-01	3.866E-01	3.861E-01	3.862E-01	3.862E-01	3.862E-01
1.970E+00	3.828E-01	3.895E-04	3.824E-01	3.832E-01	3.827E-01	3.828E-01	3.827E-01	3.828E-01
1.980E+00	3.793E-01	4.100E-04	3.790E-01	3.798E-01	3.793E-01	3.794E-01	3.793E-01	3.794E-01
1.990E+00	3.759E-01	4.304E-04	3.755E-01	3.764E-01	3.759E-01	3.760E-01	3.759E-01	3.760E-01
2.000E+00	3.726E-01	4.508E-04	3.721E-01	3.730E-01	3.725E-01	3.726E-01	3.725E-01	3.726E-01
2.010E+00	3.692E-01	4.711E-04	3.687E-01	3.697E-01	3.691E-01	3.692E-01	3.692E-01	3.692E-01
2.020E+00	3.658E-01	4.914E-04	3.654E-01	3.663E-01	3.658E-01	3.659E-01	3.658E-01	3.659E-01
2.030E+00	3.625E-01	5.117E-04	3.620E-01	3.630E-01	3.624E-01	3.626E-01	3.625E-01	3.625E-01
2.040E+00	3.592E-01	5.318E-04	3.587E-01	3.597E-01	3.591E-01	3.592E-01	3.592E-01	3.592E-01
2.050E+00	3.559E-01	5.519E-04	3.554E-01	3.565E-01	3.558E-01	3.559E-01	3.559E-01	3.559E-01
2.060E+00	3.526E-01	5.719E-04	3.521E-01	3.532E-01	3.525E-01	3.527E-01	3.526E-01	3.526E-01
2.070E+00	3.493E-01	5.918E-04	3.488E-01	3.500E-01	3.493E-01	3.494E-01	3.493E-01	3.494E-01
2.080E+00	3.461E-01	6.117E-04	3.455E-01	3.467E-01	3.460E-01	3.462E-01	3.461E-01	3.461E-01
2.090E+00	3.429E-01	6.314E-04	3.423E-01	3.435E-01	3.428E-01	3.429E-01	3.428E-01	3.429E-01
2.100E+00	3.397E-01	6.510E-04	3.390E-01	3.403E-01	3.396E-01	3.397E-01	3.396E-01	3.397E-01
2.110E+00	3.365E-01	6.706E-04	3.358E-01	3.372E-01	3.364E-01	3.365E-01	3.364E-01	3.365E-01
2.120E+00	3.333E-01	6.900E-04	3.326E-01	3.340E-01	3.332E-01	3.333E-01	3.332E-01	3.333E-01
2.130E+00	3.301E-01	7.093E-04	3.294E-01	3.309E-01	3.301E-01	3.302E-01	3.301E-01	3.302E-01
2.140E+00	3.270E-01	7.284E-04	3.263E-01	3.277E-01	3.269E-01	3.270E-01	3.269E-01	3.270E-01
2.150E+00	3.239E-01	7.475E-04	3.231E-01	3.246E-01	3.238E-01	3.239E-01	3.238E-01	3.239E-01
2.160E+00	3.208E-01	7.664E-04	3.200E-01	3.215E-01	3.207E-01	3.208E-01	3.207E-01	3.208E-01
2.170E+00	3.177E-01	7.851E-04	3.169E-01	3.185E-01	3.176E-01	3.177E-01	3.176E-01	3.177E-01
2.180E+00	3.146E-01	8.038E-04	3.138E-01	3.154E-01	3.145E-01	3.147E-01	3.146E-01	3.146E-01
2.190E+00	3.115E-01	8.222E-04	3.108E-01	3.124E-01	3.115E-01	3.116E-01	3.115E-01	3.116E-01
2.200E+00	3.085E-01	8.406E-04	3.077E-01	3.094E-01	3.084E-01	3.086E-01	3.085E-01	3.086E-01
2.210E+00	3.055E-01	8.588E-04	3.047E-01	3.064E-01	3.054E-01	3.056E-01	3.055E-01	3.055E-01
2.220E+00	3.025E-01	8.768E-04	3.017E-01	3.034E-01	3.024E-01	3.026E-01	3.025E-01	3.025E-01
2.230E+00	2.995E-01	8.946E-04	2.987E-01	3.005E-01	2.995E-01	2.996E-01	2.995E-01	2.996E-01
2.240E+00	2.966E-01	9.123E-04	2.957E-01	2.975E-01	2.965E-01	2.966E-01	2.965E-01	2.966E-01
2.250E+00	2.936E-01	9.298E-04	2.927E-01	2.946E-01	2.936E-01	2.937E-01	2.936E-01	2.937E-01
2.260E+00	2.907E-01	9.472E-04	2.898E-01	2.917E-01	2.906E-01	2.908E-01	2.907E-01	2.907E-01
2.270E+00	2.878E-01	9.644E-04	2.869E-01	2.888E-01	2.877E-01	2.879E-01	2.878E-01	2.878E-01
2.280E+00	2.849E-01	9.814E-04	2.840E-01	2.859E-01	2.849E-01	2.850E-01	2.849E-01	2.850E-01
2.290E+00	2.821E-01	9.982E-04	2.811E-01	2.831E-01	2.820E-01	2.821E-01	2.820E-01	2.821E-01
2.300E+00	2.792E-01	1.015E-03	2.782E-01	2.803E-01	2.791E-01	2.793E-01	2.792E-01	2.792E-01
2.310E+00	2.764E-01	1.031E-03	2.754E-01	2.774E-01	2.763E-01	2.765E-01	2.764E-01	2.764E-01
2.320E+00	2.736E-01	1.047E-03	2.726E-01	2.747E-01	2.735E-01	2.737E-01	2.735E-01	2.736E-01
2.330E+00	2.708E-01	1.064E-03	2.698E-01	2.719E-01	2.707E-01	2.709E-01	2.708E-01	2.708E-01
2.340E+00	2.680E-01	1.079E-03	2.670E-01	2.691E-01	2.679E-01	2.681E-01	2.680E-01	2.680E-01
2.350E+00	2.653E-01	1.095E-03	2.642E-01	2.664E-01	2.652E-01	2.653E-01	2.652E-01	2.653E-01
2.360E+00	2.625E-01	1.111E-03	2.614E-01	2.637E-01	2.625E-01	2.626E-01	2.625E-01	2.626E-01
2.370E+00	2.598E-01	1.126E-03	2.587E-01	2.610E-01	2.597E-01	2.599E-01	2.598E-01	2.598E-01
2.380E+00	2.571E-01	1.141E-03	2.560E-01	2.583E-01	2.570E-01	2.572E-01	2.571E-01	2.572E-01
2.390E+00	2.544E-01	1.156E-03	2.533E-01	2.556E-01	2.544E-01	2.545E-01	2.544E-01	2.545E-01
2.400E+00	2.518E-01	1.170E-03	2.506E-01	2.530E-01	2.517E-01	2.519E-01	2.518E-01	2.518E-01
2.410E+00	2.491E-01	1.185E-03	2.480E-01	2.504E-01	2.491E-01	2.492E-01	2.491E-01	2.492E-01
2.420E+00	2.465E-01	1.199E-03	2.454E-01	2.477E-01	2.464E-01	2.466E-01	2.465E-01	2.466E-01
2.430E+00	2.439E-01	1.213E-03	2.427E-01	2.452E-01	2.438E-01	2.440E-01	2.439E-01	2.440E-01
2.440E+00	2.413E-01	1.227E-03	2.401E-01	2.426E-01	2.413E-01	2.414E-01	2.413E-01	2.414E-01
2.450E+00	2.388E-01	1.240E-03	2.376E-01	2.400E-01	2.387E-01	2.388E-01	2.387E-01	2.388E-01
2.460E+00	2.362E-01	1.254E-03	2.350E-01	2.375E-01	2.362E-01	2.363E-01	2.362E-01	2.363E-01
2.470E+00	2.337E-01	1.267E-03	2.325E-01	2.350E-01	2.336E-01	2.338E-01	2.337E-01	2.337E-01
2.480E+00	2.312E-01	1.280E-03	2.299E-01	2.325E-01	2.311E-01	2.313E-01	2.312E-01	2.312E-01
2.490E+00	2.287E-01	1.292E-03	2.274E-01	2.300E-01	2.286E-01	2.288E-01	2.287E-01	2.287E-01
2.500E+00	2.262E-01	1.305E-03	2.250E-01	2.276E-01	2.262E-01	2.263E-01	2.262E-01	2.263E-01
2.510E+00	2.238E-01	1.317E-03	2.225E-01	2.251E-01	2.237E-01	2.239E-01	2.237E-01	2.238E-01
2.520E+00	2.213E-01	1.329E-03	2.200E-01	2.227E-01	2.213E-01	2.214E-01	2.213E-01	2.214E-01
2.530E+00	2.189E-01	1.340E-03	2.176E-01	2.203E-01	2.189E-01	2.190E-01	2.189E-01	2.190E-01
2.540E+00	2.165E-01	1.352E-03	2.152E-01	2.179E-01	2.165E-01	2.166E-01	2.165E-01	2.166E-01
2.550E+00	2.142E-01	1.363E-03	2.128E-01	2.155E-01	2.141E-01	2.142E-01	2.141E-01	2.142E-01
2.560E+00	2.118E-01	1.374E-03	2.105E-01	2.132E-01	2.117E-01	2.119E-01	2.118E-01	2.118E-01
2.570E+00	2.095E-01	1.385E-03	2.081E-01	2.109E-01	2.094E-01	2.095E-01	2.094E-01	2.095E-01
2.580E+00	2.071E-01	1.396E-03	2.058E-01	2.086E-01	2.071E-01	2.072E-01	2.071E-01	2.072E-01
2.590E+00	2.048E-01	1.406E-03	2.035E-01	2.063E-01	2.048E-01	2.049E-01	2.048E-01	2.049E-01
2.600E+00	2.025E-01	1.416E-03	2.012E-01	2.040E-01	2.025E-01	2.026E-01	2.025E-01	2.026E-01
2.610E+00	2.003E-01	1.426E-03	1.989E-01	2.017E-01	2.002E-01	2.004E-01	2.003E-01	2.003E-01
2.620E+00	1.980E-01	1.436E-03	1.966E-01	1.995E-01	1.980E-01	1.981E-01	1.980E-01	1.981E-01
2.630E+00	1.958E-01	1.445E-03	1.944E-01	1.973E-01	1.957E-01	1.959E-01	1.958E-01	1.958E-01
2.640E+00	1.936E-01	1.454E-03	1.922E-01	1.951E-01	1.935E-01	1.937E-01	1.936E-01	1.936E-01
2.650E+00	1.914E-01	1.463E-03	1.900E-01	1.929E-01	1.913E-01	1.915E-01	1.914E-01	1.914E-01
2.660E+00	1.892E-01	1.472E-03	1.878E-01	1.907E-01	1.891E-01	1.893E-01	1.892E-01	1.893E-01
2.670E+00	1.871E-01	1.480E-03	1.856E-01	1.886E-01	1.870E-01	1.871E-01	1.870E-01	1.871E-01
2.680E+00	1.849E-01	1.489E-03	1.835E-01	1.864E-01	1.849E-01	1.850E-01	1.849E-01	1.850E-01
2.690E+00	1.828E-01	1.497E-03	1.813E-01	1.843E-01	1.827E-01	1.829E-01	1.828E-01	1.828E-01
2.700E+00	1.807E-01	1.504E-03	1.792E-01	1.822E-01	1.806E-01	1.808E-01	1.807E-01	1.807E-01
2.710E+00	1.786E-01	1.512E-03	1.771E-01	1.802E-01	1.785E-01	1.787E-01	1.786E-01	1.786E-01
2.720E+00	1.765E-01	1.519E-03	1.751E-01	1.781E-01	1.765E-01	1.766E-01	1.765E-01	1.766E-01
2.730E+00	1.745E-01	1.526E-03	1.730E-01	1.761E-01	1.744E-01	1.746E-01	1.745E-01	1.745E-01
2.740E+00	1.725E-01	1.533E-03	1.710E-01	1.740E-01	1.724E-01	1.725E-01	1.724E-01	1.725E-01
2.750E+00	1.705E-01	1.540E-03	1.689E-01	1.720E-01	1.704E-01	1.705E-01	1.704E-01	1.705E-01
2.760E+00	1.685E-01	1.546E-03	1.669E-01	1.700E-01	1.684E-01	1.685E-01	1.684E-01	1.685E-01
2.770E+00	1.665E-01	1.552E-03	1.650E-01	1.681E-01	1.664E-01	1.665E-01	1.665E-01	1.665E-01
2.780E+00	1.645E-01	1.558E-03	1.630E-01	1.661E-01	1.644E-01	1.646E-01	1.645E-01	1.645E-01
2.790E+00	1.626E-01	1.564E-03	1.610E-01	1.642E-01	1.625E-01	1.626E-01	1.625E-01	1.626E-01
2.800E+00	1.606E-01	1.569E-03	1.591E-01	1.622E-01	1.606E-01	1.607E-01	1.606E-01	1.607E-01
2.810E+00	1.587E-01	1.574E-03	1.572E-01	1.603E-01	1.587E-01	1.588E-01	1.587E-01	1.588E-01
2.820E+00	1.568E-01	1.579E-03	1.553E-01	1.584E-01	1.568E-01	1.569E-01	1.568E-01	1.569E-01
2.830E+00	1.550E-01	1.584E-03	1.534E-01	1.566E-01	1.549E-01	1.550E-01	1.549E-01	1.550E-01
2.840E+00	1.531E-01	1.589E-03	1.516E-01	1.547E-01	1.530E-01	1.532E-01	1.531E-01	1.531E-01
2.850E+00	1.513E-01	1.593E-03	1.497E-01	1.529E-01	1.512E-01	1.513E-01	1.512E-01	1.513E-01
2.860E+00	1.494E-01	1.597E-03	1.479E-01	1.511E-01	1.494E-01	1.495E-01	1.494E-01	1.495E-01
2.870E+00	1.476E-01	1.601E-03	1.461E-01	1.493E-01	1.476E-01	1.477E-01	1.476E-01	1.477E-01
2.880E+00	1.458E-01	1.604E-03	1.443E-01	1.475E-01	1.458E-01	1.459E-01	1.458E-01	1.459E-01
2.890E+00	1.441E-01	1.608E-03	1.425E-01	1.457E-01	1.440E-01	1.441E-01	1.440E-01	1.441E-01
2.900E+00	1.423E-01	1.611E-03	1.407E-01	1.440E-01	1.422E-01	1.424E-01	1.423E-01	1.423E-01
2.910E+00	1.406E-01	1.614E-03	1.390E-01	1.422E-01	1.405E-01	1.406E-01	1.406E-01	1.406E-01
2.920E+00	1.389E-01	1.617E-03	1.373E-01	1.405E-01	1.388E-01	1.389E-01	1.388E-01	1.389E-01
2.930E+00	1.371E-01	1.619E-03	1.356E-01	1.388E-01	1.371E-01	1.372E-01	1.371E-01	1.372E-01
2.940E+00	1.355E-01	1.622E-03	1.339E-01	1.371E-01	1.354E-01	1.355E-01	1.354E-01	1.355E-01
2.950E+00	1.338E-01	1.624E-03	1.322E-01	1.354E-01	1.337E-01	1.338E-01	1.338E-01	1.338E-01
2.960E+00	1.321E-01	1.626E-03	1.305E-01	1.338E-01	1.321E-01	1.322E-01	1.321E-01	1.321E-01
2.970E+00	1.305E-01	1.627E-03	1.289E-01	1.321E-01	1.304E-01	1.305E-01	1.305E-01	1.305E-01
2.980E+00	1.289E-01	1.629E-03	1.272E-01	1.305E-01	1.288E-01	1.289E-01	1.288E-01	1.289E-01
2.990E+00	1.272E-01	1.630E-03	1.256E-01	1.289E-01	1.272E-01	1.273E-01	1.272E-01	1.273E-01
3.000E+00	1.256E-01	1.631E-03	1.240E-01	1.273E-01	1.256E-01	1.257E-01	1.256E-01	1.257E-01
