1.000E-02	9.000E-01	3.779E-04	9.004E-01	8.997E-01	9.001E-01	8.999E-01	9.000E-01	9.000E-01
2.000E-02	8.997E-01	3.739E-04	9.001E-01	8.994E-01	8.998E-01	8.996E-01	8.997E-01	8.997E-01
3.000E-02	8.993E-01	3.689E-04	8.997E-01	8.989E-01	8.994E-01	8.992E-01	8.993E-01	8.993E-01
4.000E-02	8.988E-01	3.632E-04	8.991E-01	8.984E-01	8.989E-01	8.987E-01	8.988E-01	8.988E-01
5.000E-02	8.982E-01	3.571E-04	8.985E-01	8.978E-01	8.983E-01	8.981E-01	8.981E-01	8.982E-01
6.000E-02	8.975E-01	3.506E-04	8.978E-01	8.971E-01	8.976E-01	8.974E-01	8.974E-01	8.975E-01
7.000E-02	8.967E-01	3.438E-04	8.970E-01	8.963E-01	8.968E-01	8.966E-01	8.967E-01	8.967E-01
8.000E-02	8.958E-01	3.367E-04	8.961E-01	8.955E-01	8.959E-01	8.957E-01	8.958E-01	8.958E-01
9.000E-02	8.949E-01	3.294E-04	8.952E-01	8.946E-01	8.950E-01	8.948E-01	8.949E-01	8.949E-01
1.000E-01	8.939E-01	3.219E-04	8.942E-01	8.936E-01	8.940E-01	8.938E-01	8.939E-01	8.939E-01
1.100E-01	8.928E-01	3.144E-04	8.931E-01	8.925E-01	8.929E-01	8.927E-01	8.928E-01	8.928E-01
1.200E-01	8.917E-01	3.067E-04	8.920E-01	8.914E-01	8.918E-01	8.916E-01	8.917E-01	8.917E-01
1.300E-01	8.905E-01	2.989E-04	8.908E-01	8.902E-01	8.906E-01	8.904E-01	8.905E-01	8.905E-01
1.400E-01	8.893E-01	2.910E-04	8.896E-01	8.890E-01	8.894E-01	8.892E-01	8.893E-01	8.893E-01
1.500E-01	8.880E-01	2.832E-04	8.883E-01	8.877E-01	8.881E-01	8.879E-01	8.880E-01	8.880E-01
1.600E-01	8.866E-01	2.753E-04	8.869E-01	8.864E-01	8.867E-01	8.865E-01	8.866E-01	8.867E-01
1.700E-01	8.852E-01	2.674E-04	8.855E-01	8.850E-01	8.853E-01	8.851E-01	8.852E-01	8.852E-01
1.800E-01	8.838E-01	2.595E-04	8.840E-01	8.835E-01	8.839E-01	8.837E-01	8.838E-01	8.838E-01
1.900E-01	8.823E-01	2.516E-04	8.825E-01	8.820E-01	8.824E-01	8.822E-01	8.823E-01	8.823E-01
2.000E-01	8.807E-01	2.438E-04	8.809E-01	8.805E-01	8.808E-01	8.806E-01	8.807E-01	8.807E-01
2.100E-01	8.791E-01	2.360E-04	8.793E-01	8.789E-01	8.792E-01	8.790E-01	8.791E-01	8.791E-01
2.200E-01	8.775E-01	2.282E-04	8.777E-01	8.773E-01	8.776E-01	8.774E-01	8.775E-01	8.775E-01
2.300E-01	8.758E-01	2.206E-04	8.760E-01	8.756E-01	8.759E-01	8.757E-01	8.758E-01	8.758E-01
2.400E-01	8.740E-01	2.130E-04	8.742E-01	8.739E-01	8.741E-01	8.739E-01	8.740E-01	8.741E-01
2.500E-01	8.723E-01	2.056E-04	8.724E-01	8.721E-01	8.724E-01	8.722E-01	8.722E-01	8.723E-01
2.600E-01	8.704E-01	1.982E-04	8.706E-01	8.703E-01	8.705E-01	8.703E-01	8.704E-01	8.704E-01
2.700E-01	8.686E-01	1.909E-04	8.687E-01	8.684E-01	8.687E-01	8.685E-01	8.686E-01	8.686E-01
2.800E-01	8.667E-01	1.838E-04	8.668E-01	8.665E-01	8.668E-01	8.666E-01	8.667E-01	8.667E-01
2.900E-01	8.647E-01	1.769E-04	8.649E-01	8.646E-01	8.648E-01	8.646E-01	8.647E-01	8.647E-01
3.000E-01	8.627E-01	1.700E-04	8.629E-01	8.626E-01	8.628E-01	8.626E-01	8.627E-01	8.628E-01
3.100E-01	8.607E-01	1.634E-04	8.608E-01	8.606E-01	8.608E-01	8.606E-01	8.607E-01	8.607E-01
3.200E-01	8.587E-01	1.569E-04	8.588E-01	8.585E-01	8.587E-01	8.586E-01	8.586E-01	8.587E-01
3.300E-01	8.566E-01	1.506E-04	8.567E-01	8.564E-01	8.567E-01	8.565E-01	8.565E-01	8.566E-01
3.400E-01	8.544E-01	1.445E-04	8.545E-01	8.543E-01	8.545E-01	8.543E-01	8.544E-01	8.544E-01
3.500E-01	8.523E-01	1.387E-04	8.524E-01	8.522E-01	8.524E-01	8.522E-01	8.522E-01	8.523E-01
3.600E-01	8.501E-01	1.330E-04	8.502E-01	8.500E-01	8.501E-01	8.500E-01	8.500E-01	8.501E-01
3.700E-01	8.478E-01	1.277E-04	8.479E-01	8.477E-01	8.479E-01	8.477E-01	8.478E-01	8.478E-01
3.800E-01	8.456E-01	1.225E-04	8.456E-01	8.455E-01	8.456E-01	8.455E-01	8.455E-01	8.456E-01
3.900E-01	8.433E-01	1.177E-04	8.433E-01	8.432E-01	8.433E-01	8.432E-01	8.432E-01	8.433E-01
4.000E-01	8.409E-01	1.132E-04	8.410E-01	8.409E-01	8.410E-01	8.408E-01	8.409E-01	8.409E-01
4.100E-01	8.386E-01	1.089E-04	8.386E-01	8.385E-01	8.386E-01	8.385E-01	8.385E-01	8.386E-01
4.200E-01	8.362E-01	1.050E-04	8.362E-01	8.361E-01	8.363E-01	8.361E-01	8.361E-01	8.362E-01
4.300E-01	8.337E-01	1.015E-04	8.338E-01	8.337E-01	8.338E-01	8.337E-01	8.337E-01	8.338E-01
4.400E-01	8.313E-01	9.830E-05	8.313E-01	8.312E-01	8.314E-01	8.312E-01	8.313E-01	8.313E-01
4.500E-01	8.288E-01	9.549E-05	8.288E-01	8.288E-01	8.289E-01	8.287E-01	8.288E-01	8.288E-01
4.600E-01	8.263E-01	9.306E-05	8.263E-01	8.263E-01	8.264E-01	8.262E-01	8.263E-01	8.263E-01
4.700E-01	8.238E-01	9.102E-05	8.238E-01	8.237E-01	8.238E-01	8.237E-01	8.237E-01	8.238E-01
4.800E-01	8.212E-01	8.936E-05	8.212E-01	8.212E-01	8.213E-01	8.211E-01	8.212E-01	8.212E-01
4.900E-01	8.186E-01	8.810E-05	8.186E-01	8.186E-01	8.187E-01	8.185E-01	8.186E-01	8.186E-01
5.000E-01	8.160E-01	8.721E-05	8.160E-01	8.160E-01	8.161E-01	8.159E-01	8.160E-01	8.160E-01
5.100E-01	8.134E-01	8.668E-05	8.134E-01	8.134E-01	8.134E-01	8.133E-01	8.133E-01	8.134E-01
5.200E-01	8.107E-01	8.650E-05	8.107E-01	8.107E-01	8.108E-01	8.106E-01	8.107E-01	8.107E-01
5.300E-01	8.080E-01	8.663E-05	8.080E-01	8.080E-01	8.081E-01	8.079E-01	8.080E-01	8.080E-01
5.400E-01	8.053E-01	8.706E-05	8.053E-01	8.053E-01	8.054E-01	8.052E-01	8.053E-01	8.053E-01
5.500E-01	8.026E-01	8.776E-05	8.025E-01	8.026E-01	8.026E-01	8.025E-01	8.025E-01	8.026E-01
5.600E-01	7.998E-01	8.869E-05	7.998E-01	7.998E-01	7.999E-01	7.997E-01	7.998E-01	7.998E-01
5.700E-01	7.970E-01	8.983E-05	7.970E-01	7.970E-01	7.971E-01	7.969E-01	7.970E-01	7.970E-01
5.800E-01	7.942E-01	9.115E-05	7.942E-01	7.942E-01	7.943E-01	7.941E-01	7.942E-01	7.942E-01
5.900E-01	7.914E-01	9.261E-05	7.913E-01	7.914E-01	7.915E-01	7.913E-01	7.914E-01	7.914E-01
6.000E-01	7.885E-01	9.420E-05	7.885E-01	7.886E-01	7.886E-01	7.885E-01	7.885E-01	7.886E-01
6.100E-01	7.857E-01	9.589E-05	7.856E-01	7.857E-01	7.858E-01	7.856E-01	7.857E-01	7.857E-01
6.200E-01	7.828E-01	9.765E-05	7.827E-01	7.829E-01	7.829E-01	7.827E-01	7.828E-01	7.828E-01
6.300E-01	7.799E-01	9.947E-05	7.798E-01	7.800E-01	7.800E-01	7.798E-01	7.799E-01	7.799E-01
6.400E-01	7.770E-01	1.013E-04	7.769E-01	7.770E-01	7.771E-01	7.769E-01	7.770E-01	7.770E-01
6.500E-01	7.740E-01	1.032E-04	7.740E-01	7.741E-01	7.741E-01	7.740E-01	7.740E-01	7.741E-01
6.600E-01	7.711E-01	1.051E-04	7.710E-01	7.711E-01	7.712E-01	7.710E-01	7.711E-01	7.711E-01
6.700E-01	7.681E-01	1.069E-04	7.680E-01	7.682E-01	7.682E-01	7.680E-01	7.681E-01	7.681E-01
6.800E-01	7.651E-01	1.088E-04	7.650E-01	7.652E-01	7.652E-01	7.650E-01	7.651E-01	7.651E-01
6.900E-01	7.621E-01	1.106E-04	7.620E-01	7.622E-01	7.622E-01	7.620E-01	7.621E-01	7.621E-01
7.000E-01	7.591E-01	1.124E-04	7.590E-01	7.592E-01	7.592E-01	7.590E-01	7.591E-01	7.591E-01
7.100E-01	7.560E-01	1.141E-04	7.560E-01	7.561E-01	7.561E-01	7.560E-01	7.560E-01	7.561E-01
7.200E-01	7.530E-01	1.157E-04	7.529E-01	7.531E-01	7.531E-01	7.529E-01	7.530E-01	7.530E-01
7.300E-01	7.499E-01	1.173E-04	7.498E-01	7.500E-01	7.500E-01	7.498E-01	7.499E-01	7.499E-01
7.400E-01	7.468E-01	1.189E-04	7.467E-01	7.469E-01	7.469E-01	7.468E-01	7.468E-01	7.469E-01
7.500E-01	7.437E-01	1.203E-04	7.436E-01	7.438E-01	7.438E-01	7.437E-01	7.437E-01	7.438E-01
7.600E-01	7.406E-01	1.217E-04	7.405E-01	7.407E-01	7.407E-01	7.406E-01	7.406E-01	7.407E-01
7.700E-01	7.375E-01	1.230E-04	7.374E-01	7.376E-01	7.376E-01	7.374E-01	7.375E-01	7.375E-01
7.800E-01	7.344E-01	1.242E-04	7.343E-01	7.345E-01	7.344E-01	7.343E-01	7.343E-01	7.344E-01
7.900E-01	7.312E-01	1.253E-04	7.311E-01	7.313E-01	7.313E-01	7.311E-01	7.312E-01	7.312E-01
8.000E-01	7.281E-01	1.263E-04	7.279E-01	7.282E-01	7.281E-01	7.280E-01	7.280E-01	7.281E-01
8.100E-01	7.249E-01	1.273E-04	7.248E-01	7.250E-01	7.249E-01	7.248E-01	7.248E-01	7.249E-01
8.200E-01	7.217E-01	1.281E-04	7.216E-01	7.218E-01	7.218E-01	7.216E-01	7.217E-01	7.217E-01
8.300E-01	7.185E-01	1.289E-04	7.184E-01	7.186E-01	7.186E-01	7.184E-01	7.185E-01	7.185E-01
8.400E-01	7.153E-01	1.295E-04	7.152E-01	7.154E-01	7.154E-01	7.152E-01	7.153E-01	7.153E-01
8.500E-01	7.121E-01	1.301E-04	7.120E-01	7.122E-01	7.121E-01	7.120E-01	7.120E-01	7.121E-01
8.600E-01	7.089E-01	1.306E-04	7.087E-01	7.090E-01	7.089E-01	7.088E-01	7.088E-01	7.089E-01
8.700E-01	7.056E-01	1.309E-04	7.055E-01	7.057E-01	7.057E-01	7.056E-01	7.056E-01	7.056E-01
8.800E-01	7.024E-01	1.312E-04	7.023E-01	7.025E-01	7.024E-01	7.023E-01	7.023E-01	7.024E-01
8.900E-01	6.991E-01	1.313E-04	6.990E-01	6.992E-01	6.992E-01	6.991E-01	6.991E-01	6.992E-01
9.000E-01	6.959E-01	1.314E-04	6.957E-01	6.960E-01	6.959E-01	6.958E-01	6.958E-01	6.959E-01
9.100E-01	6.926E-01	1.314E-04	6.925E-01	6.927E-01	6.927E-01	6.925E-01	6.926E-01	6.926E-01
9.200E-01	6.893E-01	1.313E-04	6.892E-01	6.894E-01	6.894E-01	6.893E-01	6.893E-01	6.894E-01
9.300E-01	6.860E-01	1.310E-04	6.859E-01	6.861E-01	6.861E-01	6.860E-01	6.860E-01	6.861E-01
9.400E-01	6.827E-01	1.307E-04	6.826E-01	6.829E-01	6.828E-01	6.827E-01	6.827E-01	6.828E-01
9.500E-01	6.794E-01	1.303E-04	6.793E-01	6.796E-01	6.795E-01	6.794E-01	6.794E-01	6.795E-01
9.600E-01	6.761E-01	1.298E-04	6.760E-01	6.763E-01	6.762E-01	6.761E-01	6.761E-01	6.762E-01
9.700E-01	6.728E-01	1.292E-04	6.727E-01	6.729E-01	6.729E-01	6.728E-01	6.728E-01	6.729E-01
9.800E-01	6.695E-01	1.285E-04	6.694E-01	6.696E-01	6.696E-01	6.695E-01	6.695E-01	6.696E-01
9.900E-01	6.662E-01	1.277E-04	6.661E-01	6.663E-01	6.663E-01	6.661E-01	6.662E-01	6.662E-01
1.000E+00	6.629E-01	1.269E-04	6.628E-01	6.630E-01	6.629E-01	6.628E-01	6.628E-01	6.629E-01
1.010E+00	6.595E-01	1.259E-04	6.594E-01	6.597E-01	6.596E-01	6.595E-01	6.595E-01	6.596E-01
1.020E+00	6.562E-01	1.249E-04	6.561E-01	6.563E-01	6.563E-01	6.562E-01	6.562E-01	6.563E-01
1.030E+00	6.529E-01	1.237E-04	6.528E-01	6.530E-01	6.529E-01	6.528E-01	6.528E-01	6.529E-01
1.040E+00	6.495E-01	1.225E-04	6.494E-01	6.496E-01	6.496E-01	6.495E-01	6.495E-01	6.496E-01
1.050E+00	6.462E-01	1.212E-04	6.461E-01	6.463E-01	6.462E-01	6.461E-01	6.462E-01	6.462E-01
1.060E+00	6.428E-01	1.198E-04	6.427E-01	6.429E-01	6.429E-01	6.428E-01	6.428E-01	6.429E-01
1.070E+00	6.395E-01	1.184E-04	6.394E-01	6.396E-01	6.395E-01	6.394E-01	6.395E-01	6.395E-01
1.080E+00	6.361E-01	1.169E-04	6.360E-01	6.362E-01	6.362E-01	6.361E-01	6.361E-01	6.362E-01
1.090E+00	6.328E-01	1.153E-04	6.327E-01	6.329E-01	6.328E-01	6.327E-01	6.327E-01	6.328E-01
1.100E+00	6.294E-01	1.136E-04	6.293E-01	6.295E-01	6.295E-01	6.294E-01	6.294E-01	6.295E-01
1.110E+00	6.261E-01	1.119E-04	6.260E-01	6.262E-01	6.261E-01	6.260E-01	6.260E-01	6.261E-01
1.120E+00	6.227E-01	1.101E-04	6.226E-01	6.228E-01	6.228E-01	6.227E-01	6.227E-01	6.228E-01
1.130E+00	6.194E-01	1.082E-04	6.193E-01	6.194E-01	6.194E-01	6.193E-01	6.193E-01	6.194E-01
1.140E+00	6.160E-01	1.063E-04	6.159E-01	6.161E-01	6.160E-01	6.159E-01	6.160E-01	6.160E-01
1.150E+00	6.126E-01	1.043E-04	6.125E-01	6.127E-01	6.127E-01	6.126E-01	6.126E-01	6.127E-01
1.160E+00	6.093E-01	1.023E-04	6.092E-01	6.094E-01	6.093E-01	6.092E-01	6.092E-01	6.093E-01
1.170E+00	6.059E-01	1.002E-04	6.058E-01	6.060E-01	6.060E-01	6.059E-01	6.059E-01	6.059E-01
1.180E+00	6.025E-01	9.812E-05	6.025E-01	6.026E-01	6.026E-01	6.025E-01	6.025E-01	6.026E-01
1.190E+00	5.992E-01	9.598E-05	5.991E-01	5.993E-01	5.992E-01	5.991E-01	5.991E-01	5.992E-01
1.200E+00	5.958E-01	9.379E-05	5.958E-01	5.959E-01	5.959E-01	5.958E-01	5.958E-01	5.959E-01
1.210E+00	5.925E-01	9.159E-05	5.924E-01	5.925E-01	5.925E-01	5.924E-01	5.924E-01	5.925E-01
1.220E+00	5.891E-01	8.936E-05	5.890E-01	5.892E-01	5.891E-01	5.891E-01	5.891E-01	5.891E-01
1.230E+00	5.857E-01	8.711E-05	5.857E-01	5.858E-01	5.858E-01	5.857E-01	5.857E-01	5.858E-01
1.240E+00	5.824E-01	8.486E-05	5.823E-01	5.825E-01	5.824E-01	5.824E-01	5.823E-01	5.824E-01
1.250E+00	5.790E-01	8.261E-05	5.790E-01	5.791E-01	5.791E-01	5.790E-01	5.790E-01	5.791E-01
1.260E+00	5.757E-01	8.038E-05	5.756E-01	5.757E-01	5.757E-01	5.757E-01	5.756E-01	5.757E-01
1.270E+00	5.723E-01	7.816E-05	5.723E-01	5.724E-01	5.724E-01	5.723E-01	5.723E-01	5.724E-01
1.280E+00	5.690E-01	7.597E-05	5.689E-01	5.690E-01	5.690E-01	5.690E-01	5.690E-01	5.690E-01
1.290E+00	5.657E-01	7.383E-05	5.656E-01	5.657E-01	5.657E-01	5.656E-01	5.656E-01	5.657E-01
1.300E+00	5.623E-01	7.175E-05	5.623E-01	5.624E-01	5.624E-01	5.623E-01	5.623E-01	5.624E-01
1.310E+00	5.590E-01	6.974E-05	5.589E-01	5.590E-01	5.590E-01	5.589E-01	5.589E-01	5.590E-01
1.320E+00	5.556E-01	6.781E-05	5.556E-01	5.557E-01	5.557E-01	5.556E-01	5.556E-01	5.557E-01
1.330E+00	5.523E-01	6.600E-05	5.523E-01	5.523E-01	5.524E-01	5.523E-01	5.523E-01	5.524E-01
1.340E+00	5.490E-01	6.430E-05	5.490E-01	5.490E-01	5.490E-01	5.490E-01	5.489E-01	5.490E-01
1.350E+00	5.457E-01	6.276E-05	5.456E-01	5.457E-01	5.457E-01	5.456E-01	5.456E-01	5.457E-01
1.360E+00	5.424E-01	6.138E-05	5.423E-01	5.424E-01	5.424E-01	5.423E-01	5.423E-01	5.424E-01
1.370E+00	5.390E-01	6.019E-05	5.390E-01	5.391E-01	5.391E-01	5.390E-01	5.390E-01	5.391E-01
1.380E+00	5.357E-01	5.920E-05	5.357E-01	5.357E-01	5.358E-01	5.357E-01	5.357E-01	5.358E-01
1.390E+00	5.324E-01	5.845E-05	5.324E-01	5.324E-01	5.325E-01	5.324E-01	5.324E-01	5.325E-01
1.400E+00	5.291E-01	5.795E-05	5.291E-01	5.291E-01	5.292E-01	5.291E-01	5.291E-01	5.292E-01
1.410E+00	5.258E-01	5.770E-05	5.258E-01	5.258E-01	5.259E-01	5.258E-01	5.258E-01	5.259E-01
1.420E+00	5.226E-01	5.774E-05	5.226E-01	5.226E-01	5.226E-01	5.225E-01	5.225E-01	5.226E-01
1.430E+00	5.193E-01	5.806E-05	5.193E-01	5.193E-01	5.193E-01	5.193E-01	5.192E-01	5.193E-01
1.440E+00	5.160E-01	5.867E-05	5.160E-01	5.160E-01	5.160E-01	5.160E-01	5.160E-01	5.161E-01
1.450E+00	5.127E-01	5.956E-05	5.128E-01	5.127E-01	5.128E-01	5.127E-01	5.127E-01	5.128E-01
1.460E+00	5.095E-01	6.074E-05	5.095E-01	5.095E-01	5.095E-01	5.095E-01	5.094E-01	5.095E-01
1.470E+00	5.062E-01	6.219E-05	5.063E-01	5.062E-01	5.063E-01	5.062E-01	5.062E-01	5.063E-01
1.480E+00	5.030E-01	6.390E-05	5.030E-01	5.030E-01	5.030E-01	5.030E-01	5.029E-01	5.030E-01
1.490E+00	4.997E-01	6.585E-05	4.998E-01	4.997E-01	4.998E-01	4.997E-01	4.997E-01	4.998E-01
1.500E+00	4.965E-01	6.803E-05	4.965E-01	4.965E-01	4.965E-01	4.965E-01	4.965E-01	4.966E-01
1.510E+00	4.933E-01	7.043E-05	4.933E-01	4.932E-01	4.933E-01	4.933E-01	4.932E-01	4.933E-01
1.520E+00	4.901E-01	7.302E-05	4.901E-01	4.900E-01	4.901E-01	4.900E-01	4.900E-01	4.901E-01
1.530E+00	4.869E-01	7.580E-05	4.869E-01	4.868E-01	4.869E-01	4.868E-01	4.868E-01	4.869E-01
1.540E+00	4.836E-01	7.874E-05	4.837E-01	4.836E-01	4.837E-01	4.836E-01	4.836E-01	4.837E-01
1.550E+00	4.805E-01	8.183E-05	4.805E-01	4.804E-01	4.805E-01	4.804E-01	4.804E-01	4.805E-01
1.560E+00	4.773E-01	8.505E-05	4.773E-01	4.772E-01	4.773E-01	4.772E-01	4.772E-01	4.773E-01
1.570E+00	4.741E-01	8.840E-05	4.742E-01	4.740E-01	4.741E-01	4.741E-01	4.740E-01	4.741E-01
1.580E+00	4.709E-01	9.186E-05	4.710E-01	4.708E-01	4.709E-01	4.709E-01	4.709E-01	4.710E-01
1.590E+00	4.678E-01	9.542E-05	4.678E-01	4.677E-01	4.678E-01	4.677E-01	4.677E-01	4.678E-01
1.600E+00	4.646E-01	9.908E-05	4.647E-01	4.645E-01	4.646E-01	4.646E-01	4.645E-01	4.646E-01
1.610E+00	4.615E-01	1.028E-04	4.615E-01	4.614E-01	4.615E-01	4.614E-01	4.614E-01	4.615E-01
1.620E+00	4.583E-01	1.066E-04	4.584E-01	4.582E-01	4.583E-01	4.583E-01	4.583E-01	4.584E-01
1.630E+00	4.552E-01	1.105E-04	4.553E-01	4.551E-01	4.552E-01	4.552E-01	4.551E-01	4.552E-01
1.640E+00	4.521E-01	1.145E-04	4.522E-01	4.520E-01	4.521E-01	4.521E-01	4.520E-01	4.521E-01
1.650E+00	4.490E-01	1.185E-04	4.491E-01	4.489E-01	4.490E-01	4.489E-01	4.489E-01	4.490E-01
1.660E+00	4.459E-01	1.225E-04	4.460E-01	4.458E-01	4.459E-01	4.458E-01	4.458E-01	4.459E-01
1.670E+00	4.428E-01	1.266E-04	4.429E-01	4.427E-01	4.428E-01	4.428E-01	4.427E-01	4.428E-01
1.680E+00	4.397E-01	1.308E-04	4.398E-01	4.396E-01	4.397E-01	4.397E-01	4.396E-01	4.397E-01
1.690E+00	4.366E-01	1.349E-04	4.367E-01	4.365E-01	4.366E-01	4.366E-01	4.366E-01	4.367E-01
1.700E+00	4.336E-01	1.391E-04	4.337E-01	4.334E-01	4.336E-01	4.335E-01	4.335E-01	4.336E-01
1.710E+00	4.305E-01	1.434E-04	4.306E-01	4.304E-01	4.305E-01	4.305E-01	4.305E-01	4.306E-01
1.720E+00	4.275E-01	1.476E-04	4.276E-01	4.273E-01	4.275E-01	4.275E-01	4.274E-01	4.275E-01
1.730E+00	4.244E-01	1.519E-04	4.246E-01	4.243E-01	4.245E-01	4.244E-01	4.244E-01	4.245E-01
1.740E+00	4.214E-01	1.562E-04	4.216E-01	4.213E-01	4.214E-01	4.214E-01	4.214E-01	4.215E-01
1.750E+00	4.184E-01	1.606E-04	4.186E-01	4.183E-01	4.184E-01	4.184E-01	4.184E-01	4.185E-01
1.760E+00	4.154E-01	1.649E-04	4.156E-01	4.153E-01	4.154E-01	4.154E-01	4.154E-01	4.155E-01
1.770E+00	4.124E-01	1.692E-04	4.126E-01	4.123E-01	4.124E-01	4.124E-01	4.124E-01	4.125E-01
1.780E+00	4.094E-01	1.736E-04	4.096E-01	4.093E-01	4.095E-01	4.094E-01	4.094E-01	4.095E-01
1.790E+00	4.065E-01	1.780E-04	4.066E-01	4.063E-01	4.065E-01	4.065E-01	4.064E-01	4.065E-01
1.800E+00	4.035E-01	1.824E-04	4.037E-01	4.033E-01	4.035E-01	4.035E-01	4.035E-01	4.036E-01
1.810E+00	4.006E-01	1.867E-04	4.008E-01	4.004E-01	4.006E-01	4.006E-01	4.005E-01	4.006E-01
1.820E+00	3.976E-01	1.911E-04	3.978E-01	3.975E-01	3.977E-01	3.976E-01	3.976E-01	3.977E-01
1.830E+00	3.947E-01	1.955E-04	3.949E-01	3.945E-01	3.947E-01	3.947E-01	3.947E-01	3.948E-01
1.840E+00	3.918E-01	1.999E-04	3.920E-01	3.916E-01	3.918E-01	3.918E-01	3.918E-01	3.919E-01
1.850E+00	3.889E-01	2.043E-04	3.891E-01	3.887E-01	3.889E-01	3.889E-01	3.889E-01	3.890E-01
1.860E+00	3.860E-01	2.086E-04	3.862E-01	3.858E-01	3.860E-01	3.860E-01	3.860E-01	3.861E-01
1.870E+00	3.831E-01	2.130E-04	3.834E-01	3.829E-01	3.832E-01	3.831E-01	3.831E-01	3.832E-01
1.880E+00	3.803E-01	2.174E-04	3.805E-01	3.801E-01	3.803E-01	3.803E-01	3.802E-01	3.803E-01
1.890E+00	3.774E-01	2.217E-04	3.776E-01	3.772E-01	3.774E-01	3.774E-01	3.774E-01	3.775E-01
1.900E+00	3.746E-01	2.261E-04	3.748E-01	3.744E-01	3.746E-01	3.746E-01	3.745E-01	3.746E-01
1.910E+00	3.718E-01	2.304E-04	3.720E-01	3.715E-01	3.718E-01	3.718E-01	3.717E-01	3.718E-01
1.920E+00	3.689E-01	2.347E-04	3.692E-01	3.687E-01	3.690E-01	3.689E-01	3.689E-01	3.690E-01
1.930E+00	3.661E-01	2.390E-04	3.664E-01	3.659E-01	3.661E-01	3.661E-01	3.661E-01	3.662E-01
1.940E+00	3.633E-01	2.433E-04	3.636E-01	3.631E-01	3.634E-01	3.633E-01	3.633E-01	3.634E-01
1.950E+00	3.606E-01	2.476E-04	3.608E-01	3.603E-01	3.606E-01	3.606E-01	3.605E-01	3.606E-01
1.960E+00	3.578E-01	2.519E-04	3.580E-01	3.576E-01	3.578E-01	3.578E-01	3.577E-01	3.579E-01
1.970E+00	3.550E-01	2.561E-04	3.553E-01	3.548E-01	3.550E-01	3.550E-01	3.550E-01	3.551E-01
1.980E+00	3.523E-01	2.603E-04	3.526E-01	3.520E-01	3.523E-01	3.523E-01	3.522E-01	3.524E-01
1.990E+00	3.496E-01	2.645E-04	3.498E-01	3.493E-01	3.496E-01	3.496E-01	3.495E-01	3.496E-01
2.000E+00	3.469E-01	2.687E-04	3.471E-01	3.466E-01	3.469E-01	3.468E-01	3.468E-01	3.469E-01
2.010E+00	3.441E-01	2.729E-04	3.444E-01	3.439E-01	3.441E-01	3.441E-01	3.441E-01	3.442E-01
2.020E+00	3.415E-01	2.770E-04	3.417E-01	3.412E-01	3.415E-01	3.414E-01	3.414E-01	3.415E-01
2.030E+00	3.388E-01	2.811E-04	3.390E-01	3.385E-01	3.388E-01	3.388E-01	3.387E-01	3.388E-01
2.040E+00	3.361E-01	2.852E-04	3.364E-01	3.358E-01	3.361E-01	3.361E-01	3.360E-01	3.362E-01
2.050E+00	3.334E-01	2.892E-04	3.337E-01	3.332E-01	3.334E-01	3.334E-01	3.334E-01	3.335E-01
2.060E+00	3.308E-01	2.933E-04	3.311E-01	3.305E-01	3.308E-01	3.308E-01	3.307E-01	3.309E-01
2.070E+00	3.282E-01	2.973E-04	3.285E-01	3.279E-01	3.282E-01	3.282E-01	3.281E-01	3.282E-01
2.080E+00	3.256E-01	3.013E-04	3.259E-01	3.253E-01	3.256E-01	3.256E-01	3.255E-01	3.256E-01
2.090E+00	3.230E-01	3.052E-04	3.233E-01	3.227E-01	3.230E-01	3.230E-01	3.229E-01	3.230E-01
2.100E+00	3.204E-01	3.091E-04	3.207E-01	3.201E-01	3.204E-01	3.204E-01	3.203E-01	3.204E-01
2.110E+00	3.178E-01	3.130E-04	3.181E-01	3.175E-01	3.178E-01	3.178E-01	3.177E-01	3.178E-01
2.120E+00	3.152E-01	3.169E-04	3.155E-01	3.149E-01	3.152E-01	3.152E-01	3.152E-01	3.153E-01
2.130E+00	3.127E-01	3.207E-04	3.130E-01	3.123E-01	3.127E-01	3.127E-01	3.126E-01	3.127E-01
2.140E+00	3.101E-01	3.245E-04	3.104E-01	3.098E-01	3.101E-01	3.101E-01	3.101E-01	3.102E-01
2.150E+00	3.076E-01	3.283E-04	3.079E-01	3.073E-01	3.076E-01	3.076E-01	3.075E-01	3.077E-01
2.160E+00	3.051E-01	3.320E-04	3.054E-01	3.048E-01	3.051E-01	3.051E-01	3.050E-01	3.051E-01
2.170E+00	3.026E-01	3.357E-04	3.029E-01	3.023E-01	3.026E-01	3.026E-01	3.025E-01	3.026E-01
2.180E+00	3.001E-01	3.394E-04	3.004E-01	2.998E-01	3.001E-01	3.001E-01	3.000E-01	3.002E-01
2.190E+00	2.976E-01	3.430E-04	2.980E-01	2.973E-01	2.976E-01	2.976E-01	2.976E-01	2.977E-01
2.200E+00	2.952E-01	3.466E-04	2.955E-01	2.948E-01	2.952E-01	2.952E-01	2.951E-01	2.952E-01
2.210E+00	2.927E-01	3.501E-04	2.931E-01	2.924E-01	2.927E-01	2.927E-01	2.927E-01	2.928E-01
2.220E+00	2.903E-01	3.536E-04	2.906E-01	2.899E-01	2.903E-01	2.903E-01	2.902E-01	2.903E-01
2.230E+00	2.879E-01	3.571E-04	2.882E-01	2.875E-01	2.879E-01	2.879E-01	2.878E-01	2.879E-01
2.240E+00	2.855E-01	3.606E-04	2.858E-01	2.851E-01	2.855E-01	2.855E-01	2.854E-01	2.855E-01
2.250E+00	2.831E-01	3.640E-04	2.834E-01	2.827E-01	2.831E-01	2.831E-01	2.830E-01	2.831E-01
2.260E+00	2.807E-01	3.673E-04	2.810E-01	2.803E-01	2.807E-01	2.807E-01	2.806E-01	2.807E-01
2.270E+00	2.783E-01	3.707E-04	2.787E-01	2.780E-01	2.783E-01	2.783E-01	2.783E-01	2.784E-01
2.280E+00	2.760E-01	3.739E-04	2.763E-01	2.756E-01	2.760E-01	2.760E-01	2.759E-01	2.760E-01
2.290E+00	2.736E-01	3.772E-04	2.740E-01	2.733E-01	2.736E-01	2.736E-01	2.736E-01	2.737E-01
2.300E+00	2.713E-01	3.804E-04	2.717E-01	2.709E-01	2.713E-01	2.713E-01	2.712E-01	2.714E-01
2.310E+00	2.690E-01	3.836E-04	2.694E-01	2.686E-01	2.690E-01	2.690E-01	2.689E-01	2.690E-01
2.320E+00	2.667E-01	3.867E-04	2.671E-01	2.663E-01	2.667E-01	2.667E-01	2.666E-01	2.667E-01
2.330E+00	2.644E-01	3.898E-04	2.648E-01	2.640E-01	2.644E-01	2.644E-01	2.643E-01	2.645E-01
2.340E+00	2.621E-01	3.928E-04	2.625E-01	2.617E-01	2.621E-01	2.621E-01	2.621E-01	2.622E-01
2.350E+00	2.599E-01	3.958E-04	2.603E-01	2.595E-01	2.599E-01	2.599E-01	2.598E-01	2.599E-01
2.360E+00	2.576E-01	3.988E-04	2.580E-01	2.572E-01	2.576E-01	2.576E-01	2.576E-01	2.577E-01
2.370E+00	2.554E-01	4.017E-04	2.558E-01	2.550E-01	2.554E-01	2.554E-01	2.553E-01	2.554E-01
2.380E+00	2.532E-01	4.046E-04	2.536E-01	2.528E-01	2.532E-01	2.532E-01	2.531E-01	2.532E-01
2.390E+00	2.510E-01	4.074E-04	2.514E-01	2.506E-01	2.510E-01	2.510E-01	2.509E-01	2.510E-01
2.400E+00	2.488E-01	4.102E-04	2.492E-01	2.484E-01	2.488E-01	2.488E-01	2.487E-01	2.488E-01
2.410E+00	2.466E-01	4.130E-04	2.470E-01	2.462E-01	2.466E-01	2.466E-01	2.465E-01	2.466E-01
2.420E+00	2.444E-01	4.157E-04	2.448E-01	2.440E-01	2.444E-01	2.444E-01	2.444E-01	2.445E-01
2.430E+00	2.423E-01	4.183E-04	2.427E-01	2.419E-01	2.423E-01	2.423E-01	2.422E-01	2.423E-01
2.440E+00	2.401E-01	4.209E-04	2.405E-01	2.397E-01	2.401E-01	2.401E-01	2.401E-01	2.402E-01
2.450E+00	2.380E-01	4.235E-04	2.384E-01	2.376E-01	2.380E-01	2.380E-01	2.379E-01	2.381E-01
2.460E+00	2.359E-01	4.260E-04	2.363E-01	2.355E-01	2.359E-01	2.359E-01	2.358E-01	2.359E-01
2.470E+00	2.338E-01	4.285E-04	2.342E-01	2.334E-01	2.338E-01	2.338E-01	2.337E-01	2.338E-01
2.480E+00	2.317E-01	4.309E-04	2.321E-01	2.313E-01	2.317E-01	2.317E-01	2.317E-01	2.318E-01
2.490E+00	2.296E-01	4.333E-04	2.301E-01	2.292E-01	2.296E-01	2.296E-01	2.296E-01	2.297E-01
2.500E+00	2.276E-01	4.357E-04	2.280E-01	2.271E-01	2.276E-01	2.276E-01	2.275E-01	2.276E-01
2.510E+00	2.255E-01	4.380E-04	2.260E-01	2.251E-01	2.255E-01	2.255E-01	2.255E-01	2.256E-01
2.520E+00	2.235E-01	4.403E-04	2.239E-01	2.231E-01	2.235E-01	2.235E-01	2.234E-01	2.235E-01
2.530E+00	2.215E-01	4.425E-04	2.219E-01	2.210E-01	2.215E-01	2.215E-01	2.214E-01	2.215E-01
2.540E+00	2.195E-01	4.446E-04	2.199E-01	2.190E-01	2.195E-01	2.195E-01	2.194E-01	2.195E-01
2.550E+00	2.175E-01	4.468E-04	2.179E-01	2.170E-01	2.175E-01	2.175E-01	2.174E-01	2.175E-01
2.560E+00	2.155E-01	4.488E-04	2.159E-01	2.150E-01	2.155E-01	2.155E-01	2.154E-01	2.155E-01
2.570E+00	2.135E-01	4.509E-04	2.140E-01	2.131E-01	2.135E-01	2.135E-01	2.135E-01	2.136E-01
2.580E+00	2.116E-01	4.529E-04	2.120E-01	2.111E-01	2.116E-01	2.116E-01	2.115E-01	2.116E-01
2.590E+00	2.096E-01	4.548E-04	2.101E-01	2.092E-01	2.096E-01	2.096E-01	2.096E-01	2.097E-01
2.600E+00	2.077E-01	4.567E-04	2.082E-01	2.072E-01	2.077E-01	2.077E-01	2.077E-01	2.078E-01
2.610E+00	2.058E-01	4.586E-04	2.062E-01	2.053E-01	2.058E-01	2.058E-01	2.057E-01	2.058E-01
2.620E+00	2.039E-01	4.604E-04	2.043E-01	2.034E-01	2.039E-01	2.039E-01	2.038E-01	2.039E-01
2.630E+00	2.020E-01	4.621E-04	2.025E-01	2.015E-01	2.020E-01	2.020E-01	2.019E-01	2.020E-01
2.640E+00	2.001E-01	4.638E-04	2.006E-01	1.997E-01	2.001E-01	2.001E-01	2.001E-01	2.002E-01
2.650E+00	1.983E-01	4.655E-04	1.987E-01	1.978E-01	1.982E-01	1.983E-01	1.982E-01	1.983E-01
2.660E+00	1.964E-01	4.671E-04	1.969E-01	1.959E-01	1.964E-01	1.964E-01	1.964E-01	1.965E-01
2.670E+00	1.946E-01	4.687E-04	1.950E-01	1.941E-01	1.946E-01	1.946E-01	1.945E-01	1.946E-01
2.680E+00	1.927E-01	4.703E-04	1.932E-01	1.923E-01	1.927E-01	1.928E-01	1.927E-01	1.928E-01
2.690E+00	1.909E-01	4.718E-04	1.914E-01	1.905E-01	1.909E-01	1.909E-01	1.909E-01	1.910E-01
2.700E+00	1.891E-01	4.732E-04	1.896E-01	1.887E-01	1.891E-01	1.891E-01	1.891E-01	1.892E-01
2.710E+00	1.874E-01	4.746E-04	1.878E-01	1.869E-01	1.873E-01	1.874E-01	1.873E-01	1.874E-01
2.720E+00	1.856E-01	4.760E-04	1.861E-01	1.851E-01	1.856E-01	1.856E-01	1.855E-01	1.856E-01
2.730E+00	1.838E-01	4.773E-04	1.843E-01	1.833E-01	1.838E-01	1.838E-01	1.838E-01	1.839E-01
2.740E+00	1.821E-01	4.785E-04	1.825E-01	1.816E-01	1.821E-01	1.821E-01	1.820E-01	1.821E-01
2.750E+00	1.803E-01	4.798E-04	1.808E-01	1.799E-01	1.803E-01	1.803E-01	1.803E-01	1.804E-01
2.760E+00	1.786E-01	4.810E-04	1.791E-01	1.781E-01	1.786E-01	1.786E-01	1.786E-01	1.787E-01
2.770E+00	1.769E-01	4.821E-04	1.774E-01	1.764E-01	1.769E-01	1.769E-01	1.769E-01	1.769E-01
2.780E+00	1.752E-01	4.832E-04	1.757E-01	1.747E-01	1.752E-01	1.752E-01	1.752E-01	1.753E-01
2.790E+00	1.735E-01	4.842E-04	1.740E-01	1.730E-01	1.735E-01	1.735E-01	1.735E-01	1.736E-01
2.800E+00	1.718E-01	4.852E-04	1.723E-01	1.714E-01	1.718E-01	1.719E-01	1.718E-01	1.719E-01
2.810E+00	1.702E-01	4.862E-04	1.707E-01	1.697E-01	1.702E-01	1.702E-01	1.701E-01	1.702E-01
2.820E+00	1.685E-01	4.871E-04	1.690E-01	1.681E-01	1.685E-01	1.685E-01	1.685E-01	1.686E-01
2.830E+00	1.669E-01	4.880E-04	1.674E-01	1.664E-01	1.669E-01	1.669E-01	1.669E-01	1.669E-01
2.840E+00	1.653E-01	4.888E-04	1.658E-01	1.648E-01	1.653E-01	1.653E-01	1.652E-01	1.653E-01
2.850E+00	1.637E-01	4.896E-04	1.642E-01	1.632E-01	1.637E-01	1.637E-01	1.636E-01	1.637E-01
2.860E+00	1.621E-01	4.904E-04	1.626E-01	1.616E-01	1.621E-01	1.621E-01	1.620E-01	1.621E-01
2.870E+00	1.605E-01	4.911E-04	1.610E-01	1.600E-01	1.605E-01	1.605E-01	1.604E-01	1.605E-01
2.880E+00	1.589E-01	4.918E-04	1.594E-01	1.584E-01	1.589E-01	1.589E-01	1.589E-01	1.589E-01
2.890E+00	1.573E-01	4.924E-04	1.578E-01	1.568E-01	1.573E-01	1.574E-01	1.573E-01	1.574E-01
2.900E+00	1.558E-01	4.930E-04	1.563E-01	1.553E-01	1.558E-01	1.558E-01	1.557E-01	1.558E-01
2.910E+00	1.542E-01	4.935E-04	1.547E-01	1.538E-01	1.542E-01	1.543E-01	1.542E-01	1.543E-01
2.920E+00	1.527E-01	4.940E-04	1.532E-01	1.522E-01	1.527E-01	1.527E-01	1.527E-01	1.528E-01
2.930E+00	1.512E-01	4.945E-04	1.517E-01	1.507E-01	1.512E-01	1.512E-01	1.512E-01	1.512E-01
2.940E+00	1.497E-01	4.949E-04	1.502E-01	1.492E-01	1.497E-01	1.497E-01	1.497E-01	1.497E-01
2.950E+00	1.482E-01	4.953E-04	1.487E-01	1.477E-01	1.482E-01	1.482E-01	1.482E-01	1.483E-01
2.960E+00	1.467E-01	4.956E-04	1.472E-01	1.462E-01	1.467E-01	1.467E-01	1.467E-01	1.468E-01
2.970E+00	1.453E-01	4.959E-04	1.458E-01	1.448E-01	1.452E-01	1.453E-01	1.452E-01	1.453E-01
2.980E+00	1.438E-01	4.962E-04	1.443E-01	1.433E-01	1.438E-01	1.438E-01	1.438E-01	1.438E-01
2.990E+00	1.424E-01	4.964E-04	1.429E-01	1.419E-01	1.423E-01	1.424E-01	1.423E-01	1.424E-01
3.000E+00	1.409E-01	4.966E-04	1.414E-01	1.404E-01	1.409E-01	1.409E-01	1.409E-01	1.410E-01
