1.000E-02	9.082E-01	1.129E-03	9.071E-01	9.093E-01	9.083E-01	9.081E-01	9.082E-01	9.082E-01
2.000E-02	9.079E-01	1.118E-03	9.068E-01	9.090E-01	9.080E-01	9.078E-01	9.079E-01	9.079E-01
3.000E-02	9.075E-01	1.105E-03	9.064E-01	9.086E-01	9.076E-01	9.074E-01	9.074E-01	9.075E-01
4.000E-02	9.069E-01	1.090E-03	9.058E-01	9.080E-01	9.070E-01	9.068E-01	9.069E-01	9.069E-01
5.000E-02	9.063E-01	1.074E-03	9.052E-01	9.074E-01	9.064E-01	9.062E-01	9.063E-01	9.063E-01
6.000E-02	9.056E-01	1.057E-03	9.045E-01	9.066E-01	9.057E-01	9.055E-01	9.056E-01	9.056E-01
7.000E-02	9.048E-01	1.039E-03	9.038E-01	9.058E-01	9.049E-01	9.047E-01	9.048E-01	9.048E-01
8.000E-02	9.039E-01	1.020E-03	9.029E-01	9.050E-01	9.040E-01	9.038E-01	9.039E-01	9.040E-01
9.000E-02	9.030E-01	1.000E-03	9.020E-01	9.040E-01	9.031E-01	9.029E-01	9.030E-01	9.030E-01
1.000E-01	9.020E-01	9.802E-04	9.010E-01	9.030E-01	9.021E-01	9.019E-01	9.020E-01	9.020E-01
1.100E-01	9.009E-01	9.597E-04	9.000E-01	9.019E-01	9.010E-01	9.008E-01	9.009E-01	9.010E-01
1.200E-01	8.998E-01	9.388E-04	8.989E-01	9.007E-01	8.999E-01	8.997E-01	8.998E-01	8.998E-01
1.300E-01	8.986E-01	9.176E-04	8.977E-01	8.995E-01	8.987E-01	8.985E-01	8.986E-01	8.986E-01
1.400E-01	8.974E-01	8.961E-04	8.965E-01	8.983E-01	8.975E-01	8.973E-01	8.974E-01	8.974E-01
1.500E-01	8.961E-01	8.744E-04	8.952E-01	8.969E-01	8.962E-01	8.960E-01	8.961E-01	8.961E-01
1.600E-01	8.947E-01	8.525E-04	8.939E-01	8.956E-01	8.948E-01	8.946E-01	8.947E-01	8.947E-01
1.700E-01	8.933E-01	8.305E-04	8.925E-01	8.941E-01	8.934E-01	8.932E-01	8.933E-01	8.933E-01
1.800E-01	8.918E-01	8.084E-04	8.910E-01	8.926E-01	8.919E-01	8.917E-01	8.918E-01	8.919E-01
1.900E-01	8.903E-01	7.862E-04	8.895E-01	8.911E-01	8.904E-01	8.902E-01	8.903E-01	8.903E-01
2.000E-01	8.888E-01	7.639E-04	8.880E-01	8.895E-01	8.889E-01	8.887E-01	8.888E-01	8.888E-01
2.100E-01	8.872E-01	7.416E-04	8.864E-01	8.879E-01	8.873E-01	8.871E-01	8.871E-01	8.872E-01
2.200E-01	8.855E-01	7.194E-04	8.848E-01	8.862E-01	8.856E-01	8.854E-01	8.855E-01	8.855E-01
2.300E-01	8.838E-01	6.971E-04	8.831E-01	8.845E-01	8.839E-01	8.837E-01	8.838E-01	8.838E-01
2.400E-01	8.820E-01	6.750E-04	8.814E-01	8.827E-01	8.821E-01	8.819E-01	8.820E-01	8.821E-01
2.500E-01	8.803E-01	6.528E-04	8.796E-01	8.809E-01	8.804E-01	8.802E-01	8.802E-01	8.803E-01
2.600E-01	8.784E-01	6.308E-04	8.778E-01	8.790E-01	8.785E-01	8.783E-01	8.784E-01	8.784E-01
2.700E-01	8.765E-01	6.089E-04	8.759E-01	8.771E-01	8.766E-01	8.764E-01	8.765E-01	8.766E-01
2.800E-01	8.746E-01	5.871E-04	8.740E-01	8.752E-01	8.747E-01	8.745E-01	8.746E-01	8.746E-01
2.900E-01	8.727E-01	5.655E-04	8.721E-01	8.732E-01	8.728E-01	8.726E-01	8.727E-01	8.727E-01
3.000E-01	8.707E-01	5.440E-04	8.701E-01	8.712E-01	8.708E-01	8.706E-01	8.707E-01	8.707E-01
3.100E-01	8.686E-01	5.227E-04	8.681E-01	8.692E-01	8.687E-01	8.685E-01	8.686E-01	8.687E-01
3.200E-01	8.666E-01	5.016E-04	8.661E-01	8.671E-01	8.667E-01	8.665E-01	8.666E-01	8.666E-01
3.300E-01	8.645E-01	4.806E-04	8.640E-01	8.649E-01	8.646E-01	8.644E-01	8.644E-01	8.645E-01
3.400E-01	8.623E-01	4.599E-04	8.619E-01	8.628E-01	8.624E-01	8.622E-01	8.623E-01	8.623E-01
3.500E-01	8.601E-01	4.395E-04	8.597E-01	8.606E-01	8.602E-01	8.600E-01	8.601E-01	8.602E-01
3.600E-01	8.579E-01	4.192E-04	8.575E-01	8.583E-01	8.580E-01	8.578E-01	8.579E-01	8.579E-01
3.700E-01	8.557E-01	3.992E-04	8.553E-01	8.561E-01	8.558E-01	8.556E-01	8.557E-01	8.557E-01
3.800E-01	8.534E-01	3.795E-04	8.530E-01	8.538E-01	8.535E-01	8.533E-01	8.534E-01	8.534E-01
3.900E-01	8.511E-01	3.601E-04	8.507E-01	8.514E-01	8.512E-01	8.510E-01	8.511E-01	8.511E-01
4.000E-01	8.487E-01	3.409E-04	8.484E-01	8.491E-01	8.488E-01	8.486E-01	8.487E-01	8.487E-01
4.100E-01	8.464E-01	3.221E-04	8.460E-01	8.467E-01	8.464E-01	8.463E-01	8.463E-01	8.464E-01
4.200E-01	8.439E-01	3.036E-04	8.437E-01	8.442E-01	8.440E-01	8.439E-01	8.439E-01	8.440E-01
4.300E-01	8.415E-01	2.854E-04	8.412E-01	8.418E-01	8.416E-01	8.414E-01	8.415E-01	8.415E-01
4.400E-01	8.390E-01	2.676E-04	8.388E-01	8.393E-01	8.391E-01	8.390E-01	8.390E-01	8.391E-01
4.500E-01	8.365E-01	2.502E-04	8.363E-01	8.368E-01	8.366E-01	8.365E-01	8.365E-01	8.366E-01
4.600E-01	8.340E-01	2.332E-04	8.338E-01	8.342E-01	8.341E-01	8.339E-01	8.340E-01	8.340E-01
4.700E-01	8.315E-01	2.166E-04	8.313E-01	8.317E-01	8.316E-01	8.314E-01	8.314E-01	8.315E-01
4.800E-01	8.289E-01	2.005E-04	8.287E-01	8.291E-01	8.290E-01	8.288E-01	8.289E-01	8.289E-01
4.900E-01	8.263E-01	1.849E-04	8.261E-01	8.264E-01	8.264E-01	8.262E-01	8.263E-01	8.263E-01
5.000E-01	8.237E-01	1.700E-04	8.235E-01	8.238E-01	8.237E-01	8.236E-01	8.236E-01	8.237E-01
5.100E-01	8.210E-01	1.557E-04	8.209E-01	8.211E-01	8.211E-01	8.209E-01	8.210E-01	8.210E-01
5.200E-01	8.183E-01	1.421E-04	8.182E-01	8.184E-01	8.184E-01	8.182E-01	8.183E-01	8.183E-01
5.300E-01	8.156E-01	1.294E-04	8.155E-01	8.157E-01	8.157E-01	8.155E-01	8.156E-01	8.156E-01
5.400E-01	8.129E-01	1.178E-04	8.128E-01	8.130E-01	8.130E-01	8.128E-01	8.129E-01	8.129E-01
5.500E-01	8.101E-01	1.074E-04	8.101E-01	8.102E-01	8.102E-01	8.100E-01	8.101E-01	8.102E-01
5.600E-01	8.074E-01	9.855E-05	8.073E-01	8.074E-01	8.074E-01	8.073E-01	8.073E-01	8.074E-01
5.700E-01	8.046E-01	9.146E-05	8.045E-01	8.046E-01	8.046E-01	8.045E-01	8.045E-01	8.046E-01
5.800E-01	8.017E-01	8.643E-05	8.017E-01	8.018E-01	8.018E-01	8.017E-01	8.017E-01	8.018E-01
5.900E-01	7.989E-01	8.367E-05	7.989E-01	7.989E-01	7.990E-01	7.988E-01	7.989E-01	7.989E-01
6.000E-01	7.960E-01	8.324E-05	7.960E-01	7.960E-01	7.961E-01	7.960E-01	7.960E-01	7.961E-01
6.100E-01	7.932E-01	8.501E-05	7.932E-01	7.931E-01	7.932E-01	7.931E-01	7.931E-01	7.932E-01
6.200E-01	7.903E-01	8.872E-05	7.903E-01	7.902E-01	7.903E-01	7.902E-01	7.902E-01	7.903E-01
6.300E-01	7.873E-01	9.399E-05	7.874E-01	7.873E-01	7.874E-01	7.873E-01	7.873E-01	7.874E-01
6.400E-01	7.844E-01	1.004E-04	7.844E-01	7.843E-01	7.845E-01	7.843E-01	7.844E-01	7.844E-01
6.500E-01	7.814E-01	1.078E-04	7.815E-01	7.814E-01	7.815E-01	7.814E-01	7.814E-01	7.815E-01
6.600E-01	7.785E-01	1.157E-04	7.785E-01	7.784E-01	7.785E-01	7.784E-01	7.784E-01	7.785E-01
6.700E-01	7.755E-01	1.240E-04	7.756E-01	7.754E-01	7.755E-01	7.754E-01	7.754E-01	7.755E-01
6.800E-01	7.725E-01	1.326E-04	7.726E-01	7.723E-01	7.725E-01	7.724E-01	7.724E-01	7.725E-01
6.900E-01	7.694E-01	1.412E-04	7.695E-01	7.693E-01	7.695E-01	7.694E-01	7.694E-01	7.695E-01
7.000E-01	7.664E-01	1.499E-04	7.665E-01	7.663E-01	7.665E-01	7.663E-01	7.664E-01	7.664E-01
7.100E-01	7.633E-01	1.585E-04	7.635E-01	7.632E-01	7.634E-01	7.633E-01	7.633E-01	7.634E-01
7.200E-01	7.603E-01	1.670E-04	7.604E-01	7.601E-01	7.603E-01	7.602E-01	7.602E-01	7.603E-01
7.300E-01	7.572E-01	1.754E-04	7.573E-01	7.570E-01	7.572E-01	7.571E-01	7.571E-01	7.572E-01
7.400E-01	7.541E-01	1.836E-04	7.542E-01	7.539E-01	7.541E-01	7.540E-01	7.540E-01	7.541E-01
7.500E-01	7.509E-01	1.916E-04	7.511E-01	7.508E-01	7.510E-01	7.509E-01	7.509E-01	7.510E-01
7.600E-01	7.478E-01	1.994E-04	7.480E-01	7.476E-01	7.479E-01	7.477E-01	7.478E-01	7.478E-01
7.700E-01	7.447E-01	2.070E-04	7.449E-01	7.445E-01	7.447E-01	7.446E-01	7.446E-01	7.447E-01
7.800E-01	7.415E-01	2.143E-04	7.417E-01	7.413E-01	7.416E-01	7.414E-01	7.415E-01	7.415E-01
7.900E-01	7.383E-01	2.214E-04	7.385E-01	7.381E-01	7.384E-01	7.383E-01	7.383E-01	7.384E-01
8.000E-01	7.352E-01	2.282E-04	7.354E-01	7.349E-01	7.352E-01	7.351E-01	7.351E-01	7.352E-01
8.100E-01	7.320E-01	2.347E-04	7.322E-01	7.317E-01	7.320E-01	7.319E-01	7.319E-01	7.320E-01
8.200E-01	7.288E-01	2.410E-04	7.290E-01	7.285E-01	7.288E-01	7.287E-01	7.287E-01	7.288E-01
8.300E-01	7.255E-01	2.470E-04	7.258E-01	7.253E-01	7.256E-01	7.255E-01	7.255E-01	7.256E-01
8.400E-01	7.223E-01	2.527E-04	7.226E-01	7.221E-01	7.224E-01	7.223E-01	7.223E-01	7.223E-01
8.500E-01	7.191E-01	2.581E-04	7.193E-01	7.188E-01	7.191E-01	7.190E-01	7.190E-01	7.191E-01
8.600E-01	7.158E-01	2.633E-04	7.161E-01	7.156E-01	7.159E-01	7.158E-01	7.158E-01	7.159E-01
8.700E-01	7.126E-01	2.682E-04	7.128E-01	7.123E-01	7.126E-01	7.125E-01	7.125E-01	7.126E-01
8.800E-01	7.093E-01	2.728E-04	7.096E-01	7.090E-01	7.094E-01	7.093E-01	7.093E-01	7.093E-01
8.900E-01	7.060E-01	2.771E-04	7.063E-01	7.058E-01	7.061E-01	7.060E-01	7.060E-01	7.061E-01
9.000E-01	7.028E-01	2.811E-04	7.030E-01	7.025E-01	7.028E-01	7.027E-01	7.027E-01	7.028E-01
9.100E-01	6.995E-01	2.849E-04	6.997E-01	6.992E-01	6.995E-01	6.994E-01	6.994E-01	6.995E-01
9.200E-01	6.962E-01	2.884E-04	6.964E-01	6.959E-01	6.962E-01	6.961E-01	6.961E-01	6.962E-01
9.300E-01	6.929E-01	2.916E-04	6.931E-01	6.926E-01	6.929E-01	6.928E-01	6.928E-01	6.929E-01
9.400E-01	6.896E-01	2.945E-04	6.898E-01	6.893E-01	6.896E-01	6.895E-01	6.895E-01	6.896E-01
9.500E-01	6.862E-01	2.971E-04	6.865E-01	6.859E-01	6.863E-01	6.862E-01	6.862E-01	6.863E-01
9.600E-01	6.829E-01	2.995E-04	6.832E-01	6.826E-01	6.830E-01	6.829E-01	6.829E-01	6.829E-01
9.700E-01	6.796E-01	3.016E-04	6.799E-01	6.793E-01	6.796E-01	6.795E-01	6.795E-01	6.796E-01
9.800E-01	6.762E-01	3.035E-04	6.765E-01	6.759E-01	6.763E-01	6.762E-01	6.762E-01	6.763E-01
9.900E-01	6.729E-01	3.050E-04	6.732E-01	6.726E-01	6.730E-01	6.728E-01	6.729E-01	6.729E-01
1.000E+00	6.696E-01	3.063E-04	6.699E-01	6.693E-01	6.696E-01	6.695E-01	6.695E-01	6.696E-01
1.010E+00	6.662E-01	3.074E-04	6.665E-01	6.659E-01	6.663E-01	6.662E-01	6.662E-01	6.662E-01
1.020E+00	6.628E-01	3.081E-04	6.631E-01	6.625E-01	6.629E-01	6.628E-01	6.628E-01	6.629E-01
1.030E+00	6.595E-01	3.087E-04	6.598E-01	6.592E-01	6.595E-01	6.594E-01	6.594E-01	6.595E-01
1.040E+00	6.561E-01	3.089E-04	6.564E-01	6.558E-01	6.562E-01	6.561E-01	6.561E-01	6.562E-01
1.050E+00	6.528E-01	3.090E-04	6.531E-01	6.525E-01	6.528E-01	6.527E-01	6.527E-01	6.528E-01
1.060E+00	6.494E-01	3.087E-04	6.497E-01	6.491E-01	6.494E-01	6.493E-01	6.493E-01	6.494E-01
1.070E+00	6.460E-01	3.082E-04	6.463E-01	6.457E-01	6.461E-01	6.460E-01	6.460E-01	6.461E-01
1.080E+00	6.426E-01	3.075E-04	6.429E-01	6.423E-01	6.427E-01	6.426E-01	6.426E-01	6.427E-01
1.090E+00	6.393E-01	3.066E-04	6.396E-01	6.390E-01	6.393E-01	6.392E-01	6.392E-01	6.393E-01
1.100E+00	6.359E-01	3.054E-04	6.362E-01	6.356E-01	6.359E-01	6.358E-01	6.358E-01	6.359E-01
1.110E+00	6.325E-01	3.039E-04	6.328E-01	6.322E-01	6.325E-01	6.325E-01	6.325E-01	6.325E-01
1.120E+00	6.291E-01	3.023E-04	6.294E-01	6.288E-01	6.292E-01	6.291E-01	6.291E-01	6.292E-01
1.130E+00	6.257E-01	3.004E-04	6.260E-01	6.254E-01	6.258E-01	6.257E-01	6.257E-01	6.258E-01
1.140E+00	6.223E-01	2.983E-04	6.226E-01	6.221E-01	6.224E-01	6.223E-01	6.223E-01	6.224E-01
1.150E+00	6.190E-01	2.959E-04	6.193E-01	6.187E-01	6.190E-01	6.189E-01	6.189E-01	6.190E-01
1.160E+00	6.156E-01	2.934E-04	6.159E-01	6.153E-01	6.156E-01	6.155E-01	6.155E-01	6.156E-01
1.170E+00	6.122E-01	2.906E-04	6.125E-01	6.119E-01	6.122E-01	6.121E-01	6.121E-01	6.122E-01
1.180E+00	6.088E-01	2.876E-04	6.091E-01	6.085E-01	6.088E-01	6.088E-01	6.088E-01	6.088E-01
1.190E+00	6.054E-01	2.844E-04	6.057E-01	6.051E-01	6.055E-01	6.054E-01	6.054E-01	6.055E-01
1.200E+00	6.020E-01	2.811E-04	6.023E-01	6.018E-01	6.021E-01	6.020E-01	6.020E-01	6.021E-01
1.210E+00	5.987E-01	2.775E-04	5.989E-01	5.984E-01	5.987E-01	5.986E-01	5.986E-01	5.987E-01
1.220E+00	5.953E-01	2.737E-04	5.955E-01	5.950E-01	5.953E-01	5.952E-01	5.952E-01	5.953E-01
1.230E+00	5.919E-01	2.697E-04	5.922E-01	5.916E-01	5.919E-01	5.919E-01	5.918E-01	5.919E-01
1.240E+00	5.885E-01	2.656E-04	5.888E-01	5.883E-01	5.885E-01	5.885E-01	5.885E-01	5.886E-01
1.250E+00	5.851E-01	2.612E-04	5.854E-01	5.849E-01	5.852E-01	5.851E-01	5.851E-01	5.852E-01
1.260E+00	5.818E-01	2.567E-04	5.820E-01	5.815E-01	5.818E-01	5.817E-01	5.817E-01	5.818E-01
1.270E+00	5.784E-01	2.520E-04	5.786E-01	5.781E-01	5.784E-01	5.784E-01	5.783E-01	5.784E-01
1.280E+00	5.750E-01	2.471E-04	5.753E-01	5.748E-01	5.750E-01	5.750E-01	5.750E-01	5.751E-01
1.290E+00	5.716E-01	2.421E-04	5.719E-01	5.714E-01	5.717E-01	5.716E-01	5.716E-01	5.717E-01
1.300E+00	5.683E-01	2.369E-04	5.685E-01	5.681E-01	5.683E-01	5.683E-01	5.682E-01	5.683E-01
1.310E+00	5.649E-01	2.315E-04	5.651E-01	5.647E-01	5.650E-01	5.649E-01	5.649E-01	5.650E-01
1.320E+00	5.616E-01	2.260E-04	5.618E-01	5.613E-01	5.616E-01	5.615E-01	5.615E-01	5.616E-01
1.330E+00	5.582E-01	2.203E-04	5.584E-01	5.580E-01	5.582E-01	5.582E-01	5.582E-01	5.583E-01
1.340E+00	5.549E-01	2.145E-04	5.551E-01	5.547E-01	5.549E-01	5.548E-01	5.548E-01	5.549E-01
1.350E+00	5.515E-01	2.086E-04	5.517E-01	5.513E-01	5.515E-01	5.515E-01	5.515E-01	5.516E-01
1.360E+00	5.482E-01	2.025E-04	5.484E-01	5.480E-01	5.482E-01	5.481E-01	5.481E-01	5.482E-01
1.370E+00	5.448E-01	1.963E-04	5.450E-01	5.447E-01	5.449E-01	5.448E-01	5.448E-01	5.449E-01
1.380E+00	5.415E-01	1.899E-04	5.417E-01	5.413E-01	5.415E-01	5.415E-01	5.415E-01	5.416E-01
1.390E+00	5.382E-01	1.835E-04	5.384E-01	5.380E-01	5.382E-01	5.382E-01	5.381E-01	5.382E-01
1.400E+00	5.349E-01	1.769E-04	5.350E-01	5.347E-01	5.349E-01	5.348E-01	5.348E-01	5.349E-01
1.410E+00	5.315E-01	1.703E-04	5.317E-01	5.314E-01	5.316E-01	5.315E-01	5.315E-01	5.316E-01
1.420E+00	5.282E-01	1.635E-04	5.284E-01	5.281E-01	5.283E-01	5.282E-01	5.282E-01	5.283E-01
1.430E+00	5.249E-01	1.566E-04	5.251E-01	5.248E-01	5.250E-01	5.249E-01	5.249E-01	5.250E-01
1.440E+00	5.216E-01	1.497E-04	5.218E-01	5.215E-01	5.217E-01	5.216E-01	5.216E-01	5.217E-01
1.450E+00	5.183E-01	1.427E-04	5.185E-01	5.182E-01	5.184E-01	5.183E-01	5.183E-01	5.184E-01
1.460E+00	5.151E-01	1.357E-04	5.152E-01	5.149E-01	5.151E-01	5.150E-01	5.150E-01	5.151E-01
1.470E+00	5.118E-01	1.286E-04	5.119E-01	5.117E-01	5.118E-01	5.118E-01	5.117E-01	5.118E-01
1.480E+00	5.085E-01	1.215E-04	5.086E-01	5.084E-01	5.085E-01	5.085E-01	5.085E-01	5.086E-01
1.490E+00	5.052E-01	1.144E-04	5.053E-01	5.051E-01	5.053E-01	5.052E-01	5.052E-01	5.053E-01
1.500E+00	5.020E-01	1.074E-04	5.021E-01	5.019E-01	5.020E-01	5.020E-01	5.019E-01	5.020E-01
1.510E+00	4.987E-01	1.004E-04	4.988E-01	4.986E-01	4.987E-01	4.987E-01	4.987E-01	4.988E-01
1.520E+00	4.955E-01	9.351E-05	4.956E-01	4.954E-01	4.955E-01	4.955E-01	4.954E-01	4.955E-01
1.530E+00	4.923E-01	8.681E-05	4.923E-01	4.922E-01	4.923E-01	4.922E-01	4.922E-01	4.923E-01
1.540E+00	4.890E-01	8.035E-05	4.891E-01	4.890E-01	4.890E-01	4.890E-01	4.890E-01	4.891E-01
1.550E+00	4.858E-01	7.424E-05	4.859E-01	4.858E-01	4.858E-01	4.858E-01	4.857E-01	4.859E-01
1.560E+00	4.826E-01	6.859E-05	4.826E-01	4.825E-01	4.826E-01	4.826E-01	4.825E-01	4.826E-01
1.570E+00	4.794E-01	6.357E-05	4.794E-01	4.794E-01	4.794E-01	4.794E-01	4.793E-01	4.794E-01
1.580E+00	4.762E-01	5.938E-05	4.762E-01	4.762E-01	4.762E-01	4.762E-01	4.761E-01	4.762E-01
1.590E+00	4.730E-01	5.623E-05	4.730E-01	4.730E-01	4.730E-01	4.730E-01	4.729E-01	4.731E-01
1.600E+00	4.698E-01	5.436E-05	4.698E-01	4.698E-01	4.698E-01	4.698E-01	4.698E-01	4.699E-01
1.610E+00	4.667E-01	5.392E-05	4.667E-01	4.667E-01	4.667E-01	4.666E-01	4.666E-01	4.667E-01
1.620E+00	4.635E-01	5.498E-05	4.635E-01	4.635E-01	4.635E-01	4.635E-01	4.634E-01	4.635E-01
1.630E+00	4.603E-01	5.750E-05	4.603E-01	4.604E-01	4.603E-01	4.603E-01	4.603E-01	4.604E-01
1.640E+00	4.572E-01	6.131E-05	4.572E-01	4.572E-01	4.572E-01	4.572E-01	4.571E-01	4.572E-01
1.650E+00	4.541E-01	6.622E-05	4.540E-01	4.541E-01	4.541E-01	4.541E-01	4.540E-01	4.541E-01
1.660E+00	4.509E-01	7.202E-05	4.509E-01	4.510E-01	4.509E-01	4.509E-01	4.509E-01	4.510E-01
1.670E+00	4.478E-01	7.853E-05	4.478E-01	4.479E-01	4.478E-01	4.478E-01	4.478E-01	4.479E-01
1.680E+00	4.447E-01	8.560E-05	4.447E-01	4.448E-01	4.447E-01	4.447E-01	4.447E-01	4.448E-01
1.690E+00	4.416E-01	9.312E-05	4.415E-01	4.417E-01	4.416E-01	4.416E-01	4.416E-01	4.417E-01
1.700E+00	4.385E-01	1.010E-04	4.385E-01	4.386E-01	4.385E-01	4.385E-01	4.385E-01	4.386E-01
1.710E+00	4.355E-01	1.092E-04	4.354E-01	4.356E-01	4.355E-01	4.355E-01	4.354E-01	4.355E-01
1.720E+00	4.324E-01	1.176E-04	4.323E-01	4.325E-01	4.324E-01	4.324E-01	4.323E-01	4.324E-01
1.730E+00	4.293E-01	1.262E-04	4.292E-01	4.295E-01	4.293E-01	4.293E-01	4.293E-01	4.294E-01
1.740E+00	4.263E-01	1.349E-04	4.262E-01	4.264E-01	4.263E-01	4.263E-01	4.262E-01	4.263E-01
1.750E+00	4.233E-01	1.438E-04	4.231E-01	4.234E-01	4.233E-01	4.233E-01	4.232E-01	4.233E-01
1.760E+00	4.202E-01	1.528E-04	4.201E-01	4.204E-01	4.202E-01	4.202E-01	4.202E-01	4.203E-01
1.770E+00	4.172E-01	1.619E-04	4.171E-01	4.174E-01	4.172E-01	4.172E-01	4.172E-01	4.173E-01
1.780E+00	4.142E-01	1.711E-04	4.141E-01	4.144E-01	4.142E-01	4.142E-01	4.142E-01	4.143E-01
1.790E+00	4.112E-01	1.803E-04	4.111E-01	4.114E-01	4.112E-01	4.112E-01	4.112E-01	4.113E-01
1.800E+00	4.082E-01	1.896E-04	4.081E-01	4.084E-01	4.083E-01	4.082E-01	4.082E-01	4.083E-01
1.810E+00	4.053E-01	1.990E-04	4.051E-01	4.055E-01	4.053E-01	4.053E-01	4.052E-01	4.053E-01
1.820E+00	4.023E-01	2.084E-04	4.021E-01	4.025E-01	4.023E-01	4.023E-01	4.023E-01	4.024E-01
1.830E+00	3.994E-01	2.178E-04	3.992E-01	3.996E-01	3.994E-01	3.994E-01	3.993E-01	3.994E-01
1.840E+00	3.964E-01	2.273E-04	3.962E-01	3.967E-01	3.964E-01	3.964E-01	3.964E-01	3.965E-01
1.850E+00	3.935E-01	2.368E-04	3.933E-01	3.938E-01	3.935E-01	3.935E-01	3.935E-01	3.936E-01
1.860E+00	3.906E-01	2.463E-04	3.904E-01	3.908E-01	3.906E-01	3.906E-01	3.905E-01	3.907E-01
1.870E+00	3.877E-01	2.558E-04	3.875E-01	3.880E-01	3.877E-01	3.877E-01	3.876E-01	3.878E-01
1.880E+00	3.848E-01	2.654E-04	3.846E-01	3.851E-01	3.848E-01	3.848E-01	3.848E-01	3.849E-01
1.890E+00	3.819E-01	2.749E-04	3.817E-01	3.822E-01	3.819E-01	3.819E-01	3.819E-01	3.820E-01
1.900E+00	3.791E-01	2.845E-04	3.788E-01	3.794E-01	3.791E-01	3.791E-01	3.790E-01	3.791E-01
1.910E+00	3.762E-01	2.940E-04	3.759E-01	3.765E-01	3.762E-01	3.762E-01	3.762E-01	3.763E-01
1.920E+00	3.734E-01	3.035E-04	3.731E-01	3.737E-01	3.734E-01	3.734E-01	3.733E-01	3.734E-01
1.930E+00	3.705E-01	3.131E-04	3.702E-01	3.709E-01	3.705E-01	3.706E-01	3.705E-01	3.706E-01
1.940E+00	3.677E-01	3.226E-04	3.674E-01	3.681E-01	3.677E-01	3.677E-01	3.677E-01	3.678E-01
1.950E+00	3.649E-01	3.321E-04	3.646E-01	3.653E-01	3.649E-01	3.649E-01	3.649E-01	3.650E-01
1.960E+00	3.621E-01	3.416E-04	3.618E-01	3.625E-01	3.621E-01	3.621E-01	3.621E-01	3.622E-01
1.970E+00	3.594E-01	3.511E-04	3.590E-01	3.597E-01	3.593E-01	3.594E-01	3.593E-01	3.594E-01
1.980E+00	3.566E-01	3.605E-04	3.562E-01	3.569E-01	3.566E-01	3.566E-01	3.565E-01	3.566E-01
1.990E+00	3.538E-01	3.699E-04	3.535E-01	3.542E-01	3.538E-01	3.538E-01	3.538E-01	3.539E-01
2.000E+00	3.511E-01	3.793E-04	3.507E-01	3.515E-01	3.511E-01	3.511E-01	3.510E-01	3.511E-01
2.010E+00	3.484E-01	3.887E-04	3.480E-01	3.487E-01	3.483E-01	3.484E-01	3.483E-01	3.484E-01
2.020E+00	3.456E-01	3.980E-04	3.452E-01	3.460E-01	3.456E-01	3.456E-01	3.456E-01	3.457E-01
2.030E+00	3.429E-01	4.073E-04	3.425E-01	3.433E-01	3.429E-01	3.429E-01	3.429E-01	3.430E-01
2.040E+00	3.402E-01	4.166E-04	3.398E-01	3.407E-01	3.402E-01	3.402E-01	3.402E-01	3.403E-01
2.050E+00	3.376E-01	4.258E-04	3.371E-01	3.380E-01	3.376E-01	3.376E-01	3.375E-01	3.376E-01
2.060E+00	3.349E-01	4.350E-04	3.345E-01	3.353E-01	3.349E-01	3.349E-01	3.348E-01	3.349E-01
2.070E+00	3.322E-01	4.441E-04	3.318E-01	3.327E-01	3.322E-01	3.322E-01	3.322E-01	3.323E-01
2.080E+00	3.296E-01	4.532E-04	3.292E-01	3.301E-01	3.296E-01	3.296E-01	3.295E-01	3.297E-01
2.090E+00	3.270E-01	4.623E-04	3.265E-01	3.274E-01	3.270E-01	3.270E-01	3.269E-01	3.270E-01
2.100E+00	3.244E-01	4.713E-04	3.239E-01	3.248E-01	3.243E-01	3.244E-01	3.243E-01	3.244E-01
2.110E+00	3.218E-01	4.803E-04	3.213E-01	3.222E-01	3.217E-01	3.218E-01	3.217E-01	3.218E-01
2.120E+00	3.192E-01	4.892E-04	3.187E-01	3.197E-01	3.192E-01	3.192E-01	3.191E-01	3.192E-01
2.130E+00	3.166E-01	4.980E-04	3.161E-01	3.171E-01	3.166E-01	3.166E-01	3.165E-01	3.166E-01
2.140E+00	3.140E-01	5.068E-04	3.135E-01	3.145E-01	3.140E-01	3.140E-01	3.140E-01	3.141E-01
2.150E+00	3.115E-01	5.156E-04	3.110E-01	3.120E-01	3.115E-01	3.115E-01	3.114E-01	3.115E-01
2.160E+00	3.089E-01	5.242E-04	3.084E-01	3.095E-01	3.089E-01	3.090E-01	3.089E-01	3.090E-01
2.170E+00	3.064E-01	5.329E-04	3.059E-01	3.070E-01	3.064E-01	3.064E-01	3.064E-01	3.065E-01
2.180E+00	3.039E-01	5.414E-04	3.034E-01	3.045E-01	3.039E-01	3.039E-01	3.039E-01	3.040E-01
2.190E+00	3.014E-01	5.499E-04	3.009E-01	3.020E-01	3.014E-01	3.014E-01	3.014E-01	3.015E-01
2.200E+00	2.989E-01	5.584E-04	2.984E-01	2.995E-01	2.989E-01	2.989E-01	2.989E-01	2.990E-01
2.210E+00	2.965E-01	5.667E-04	2.959E-01	2.970E-01	2.964E-01	2.965E-01	2.964E-01	2.965E-01
2.220E+00	2.940E-01	5.750E-04	2.934E-01	2.946E-01	2.940E-01	2.940E-01	2.939E-01	2.941E-01
2.230E+00	2.916E-01	5.833E-04	2.910E-01	2.921E-01	2.915E-01	2.916E-01	2.915E-01	2.916E-01
2.240E+00	2.891E-01	5.915E-04	2.885E-01	2.897E-01	2.891E-01	2.891E-01	2.891E-01	2.892E-01
2.250E+00	2.867E-01	5.995E-04	2.861E-01	2.873E-01	2.867E-01	2.867E-01	2.867E-01	2.868E-01
2.260E+00	2.843E-01	6.076E-04	2.837E-01	2.849E-01	2.843E-01	2.843E-01	2.843E-01	2.844E-01
2.270E+00	2.819E-01	6.155E-04	2.813E-01	2.825E-01	2.819E-01	2.819E-01	2.819E-01	2.820E-01
2.280E+00	2.795E-01	6.234E-04	2.789E-01	2.802E-01	2.795E-01	2.796E-01	2.795E-01	2.796E-01
2.290E+00	2.772E-01	6.312E-04	2.766E-01	2.778E-01	2.772E-01	2.772E-01	2.771E-01	2.772E-01
2.300E+00	2.748E-01	6.389E-04	2.742E-01	2.755E-01	2.748E-01	2.748E-01	2.748E-01	2.749E-01
2.310E+00	2.725E-01	6.466E-04	2.719E-01	2.731E-01	2.725E-01	2.725E-01	2.724E-01	2.725E-01
2.320E+00	2.702E-01	6.542E-04	2.695E-01	2.708E-01	2.702E-01	2.702E-01	2.701E-01	2.702E-01
2.330E+00	2.679E-01	6.617E-04	2.672E-01	2.685E-01	2.678E-01	2.679E-01	2.678E-01	2.679E-01
2.340E+00	2.656E-01	6.691E-04	2.649E-01	2.662E-01	2.656E-01	2.656E-01	2.655E-01	2.656E-01
2.350E+00	2.633E-01	6.764E-04	2.626E-01	2.640E-01	2.633E-01	2.633E-01	2.632E-01	2.633E-01
2.360E+00	2.610E-01	6.837E-04	2.603E-01	2.617E-01	2.610E-01	2.610E-01	2.610E-01	2.611E-01
2.370E+00	2.588E-01	6.909E-04	2.581E-01	2.595E-01	2.587E-01	2.588E-01	2.587E-01	2.588E-01
2.380E+00	2.565E-01	6.979E-04	2.558E-01	2.572E-01	2.565E-01	2.565E-01	2.565E-01	2.566E-01
2.390E+00	2.543E-01	7.050E-04	2.536E-01	2.550E-01	2.543E-01	2.543E-01	2.542E-01	2.543E-01
2.400E+00	2.521E-01	7.119E-04	2.514E-01	2.528E-01	2.521E-01	2.521E-01	2.520E-01	2.521E-01
2.410E+00	2.499E-01	7.187E-04	2.492E-01	2.506E-01	2.499E-01	2.499E-01	2.498E-01	2.499E-01
2.420E+00	2.477E-01	7.255E-04	2.470E-01	2.484E-01	2.477E-01	2.477E-01	2.476E-01	2.477E-01
2.430E+00	2.455E-01	7.321E-04	2.448E-01	2.462E-01	2.455E-01	2.455E-01	2.455E-01	2.456E-01
2.440E+00	2.434E-01	7.387E-04	2.426E-01	2.441E-01	2.433E-01	2.434E-01	2.433E-01	2.434E-01
2.450E+00	2.412E-01	7.452E-04	2.405E-01	2.420E-01	2.412E-01	2.412E-01	2.412E-01	2.413E-01
2.460E+00	2.391E-01	7.516E-04	2.383E-01	2.398E-01	2.391E-01	2.391E-01	2.390E-01	2.391E-01
2.470E+00	2.369E-01	7.579E-04	2.362E-01	2.377E-01	2.369E-01	2.370E-01	2.369E-01	2.370E-01
2.480E+00	2.348E-01	7.641E-04	2.341E-01	2.356E-01	2.348E-01	2.349E-01	2.348E-01	2.349E-01
2.490E+00	2.327E-01	7.703E-04	2.320E-01	2.335E-01	2.327E-01	2.328E-01	2.327E-01	2.328E-01
2.500E+00	2.307E-01	7.763E-04	2.299E-01	2.314E-01	2.306E-01	2.307E-01	2.306E-01	2.307E-01
2.510E+00	2.286E-01	7.823E-04	2.278E-01	2.294E-01	2.286E-01	2.286E-01	2.285E-01	2.287E-01
2.520E+00	2.265E-01	7.881E-04	2.258E-01	2.273E-01	2.265E-01	2.266E-01	2.265E-01	2.266E-01
2.530E+00	2.245E-01	7.939E-04	2.237E-01	2.253E-01	2.245E-01	2.245E-01	2.245E-01	2.246E-01
2.540E+00	2.225E-01	7.996E-04	2.217E-01	2.233E-01	2.225E-01	2.225E-01	2.224E-01	2.225E-01
2.550E+00	2.205E-01	8.051E-04	2.197E-01	2.213E-01	2.204E-01	2.205E-01	2.204E-01	2.205E-01
2.560E+00	2.185E-01	8.106E-04	2.177E-01	2.193E-01	2.184E-01	2.185E-01	2.184E-01	2.185E-01
2.570E+00	2.165E-01	8.160E-04	2.157E-01	2.173E-01	2.165E-01	2.165E-01	2.164E-01	2.165E-01
2.580E+00	2.145E-01	8.213E-04	2.137E-01	2.153E-01	2.145E-01	2.145E-01	2.145E-01	2.146E-01
2.590E+00	2.125E-01	8.265E-04	2.117E-01	2.134E-01	2.125E-01	2.126E-01	2.125E-01	2.126E-01
2.600E+00	2.106E-01	8.317E-04	2.098E-01	2.114E-01	2.106E-01	2.106E-01	2.105E-01	2.106E-01
2.610E+00	2.087E-01	8.367E-04	2.078E-01	2.095E-01	2.086E-01	2.087E-01	2.086E-01	2.087E-01
2.620E+00	2.067E-01	8.416E-04	2.059E-01	2.076E-01	2.067E-01	2.068E-01	2.067E-01	2.068E-01
2.630E+00	2.048E-01	8.465E-04	2.040E-01	2.057E-01	2.048E-01	2.048E-01	2.048E-01	2.049E-01
2.640E+00	2.029E-01	8.512E-04	2.021E-01	2.038E-01	2.029E-01	2.030E-01	2.029E-01	2.030E-01
2.650E+00	2.010E-01	8.558E-04	2.002E-01	2.019E-01	2.010E-01	2.011E-01	2.010E-01	2.011E-01
2.660E+00	1.992E-01	8.604E-04	1.983E-01	2.000E-01	1.992E-01	1.992E-01	1.991E-01	1.992E-01
2.670E+00	1.973E-01	8.649E-04	1.965E-01	1.982E-01	1.973E-01	1.973E-01	1.973E-01	1.974E-01
2.680E+00	1.955E-01	8.692E-04	1.946E-01	1.963E-01	1.955E-01	1.955E-01	1.954E-01	1.955E-01
2.690E+00	1.936E-01	8.735E-04	1.928E-01	1.945E-01	1.936E-01	1.937E-01	1.936E-01	1.937E-01
2.700E+00	1.918E-01	8.777E-04	1.910E-01	1.927E-01	1.918E-01	1.918E-01	1.918E-01	1.919E-01
2.710E+00	1.900E-01	8.817E-04	1.891E-01	1.909E-01	1.900E-01	1.900E-01	1.900E-01	1.901E-01
2.720E+00	1.882E-01	8.857E-04	1.873E-01	1.891E-01	1.882E-01	1.883E-01	1.882E-01	1.883E-01
2.730E+00	1.864E-01	8.896E-04	1.856E-01	1.873E-01	1.864E-01	1.865E-01	1.864E-01	1.865E-01
2.740E+00	1.847E-01	8.934E-04	1.838E-01	1.856E-01	1.847E-01	1.847E-01	1.846E-01	1.847E-01
2.750E+00	1.829E-01	8.971E-04	1.820E-01	1.838E-01	1.829E-01	1.829E-01	1.829E-01	1.830E-01
2.760E+00	1.812E-01	9.007E-04	1.803E-01	1.821E-01	1.812E-01	1.812E-01	1.811E-01	1.812E-01
2.770E+00	1.795E-01	9.042E-04	1.786E-01	1.804E-01	1.794E-01	1.795E-01	1.794E-01	1.795E-01
2.780E+00	1.777E-01	9.077E-04	1.768E-01	1.787E-01	1.777E-01	1.778E-01	1.777E-01	1.778E-01
2.790E+00	1.760E-01	9.110E-04	1.751E-01	1.769E-01	1.760E-01	1.761E-01	1.760E-01	1.761E-01
2.800E+00	1.743E-01	9.142E-04	1.734E-01	1.753E-01	1.743E-01	1.744E-01	1.743E-01	1.744E-01
2.810E+00	1.727E-01	9.174E-04	1.718E-01	1.736E-01	1.726E-01	1.727E-01	1.726E-01	1.727E-01
2.820E+00	1.710E-01	9.204E-04	1.701E-01	1.719E-01	1.710E-01	1.710E-01	1.710E-01	1.710E-01
2.830E+00	1.693E-01	9.234E-04	1.684E-01	1.703E-01	1.693E-01	1.694E-01	1.693E-01	1.694E-01
2.840E+00	1.677E-01	9.262E-04	1.668E-01	1.686E-01	1.677E-01	1.677E-01	1.677E-01	1.677E-01
2.850E+00	1.661E-01	9.290E-04	1.651E-01	1.670E-01	1.660E-01	1.661E-01	1.660E-01	1.661E-01
2.860E+00	1.645E-01	9.317E-04	1.635E-01	1.654E-01	1.644E-01	1.645E-01	1.644E-01	1.645E-01
2.870E+00	1.628E-01	9.343E-04	1.619E-01	1.638E-01	1.628E-01	1.629E-01	1.628E-01	1.629E-01
2.880E+00	1.613E-01	9.368E-04	1.603E-01	1.622E-01	1.612E-01	1.613E-01	1.612E-01	1.613E-01
2.890E+00	1.597E-01	9.392E-04	1.587E-01	1.606E-01	1.596E-01	1.597E-01	1.596E-01	1.597E-01
2.900E+00	1.581E-01	9.415E-04	1.572E-01	1.590E-01	1.581E-01	1.581E-01	1.581E-01	1.581E-01
2.910E+00	1.565E-01	9.437E-04	1.556E-01	1.575E-01	1.565E-01	1.566E-01	1.565E-01	1.566E-01
2.920E+00	1.550E-01	9.458E-04	1.541E-01	1.560E-01	1.550E-01	1.550E-01	1.550E-01	1.550E-01
2.930E+00	1.535E-01	9.479E-04	1.525E-01	1.544E-01	1.534E-01	1.535E-01	1.534E-01	1.535E-01
2.940E+00	1.519E-01	9.498E-04	1.510E-01	1.529E-01	1.519E-01	1.520E-01	1.519E-01	1.520E-01
2.950E+00	1.504E-01	9.517E-04	1.495E-01	1.514E-01	1.504E-01	1.505E-01	1.504E-01	1.505E-01
2.960E+00	1.489E-01	9.535E-04	1.480E-01	1.499E-01	1.489E-01	1.490E-01	1.489E-01	1.490E-01
2.970E+00	1.475E-01	9.552E-04	1.465E-01	1.484E-01	1.474E-01	1.475E-01	1.474E-01	1.475E-01
2.980E+00	1.460E-01	9.568E-04	1.450E-01	1.469E-01	1.460E-01	1.460E-01	1.459E-01	1.460E-01
2.990E+00	1.445E-01	9.583E-04	1.436E-01	1.455E-01	1.445E-01	1.445E-01	1.445E-01	1.446E-01
3.000E+00	1.431E-01	9.597E-04	1.421E-01	1.440E-01	1.430E-01	1.431E-01	1.430E-01	1.431E-01
