1.000E-02	1.000E+00	9.237E-03	9.909E-01	1.009E+00	1.000E+00	9.999E-01	1.000E+00	1.000E+00
2.000E-02	1.000E+00	9.204E-03	9.908E-01	1.009E+00	1.000E+00	9.998E-01	1.000E+00	1.000E+00
3.000E-02	9.997E-01	9.157E-03	9.906E-01	1.009E+00	9.999E-01	9.996E-01	9.997E-01	9.998E-01
4.000E-02	9.995E-01	9.100E-03	9.903E-01	1.009E+00	9.996E-01	9.993E-01	9.995E-01	9.995E-01
5.000E-02	9.991E-01	9.033E-03	9.901E-01	1.008E+00	9.993E-01	9.989E-01	9.991E-01	9.991E-01
6.000E-02	9.987E-01	8.959E-03	9.897E-01	1.008E+00	9.988E-01	9.985E-01	9.987E-01	9.987E-01
7.000E-02	9.982E-01	8.877E-03	9.893E-01	1.007E+00	9.984E-01	9.980E-01	9.982E-01	9.982E-01
8.000E-02	9.976E-01	8.789E-03	9.888E-01	1.006E+00	9.978E-01	9.975E-01	9.976E-01	9.977E-01
9.000E-02	9.970E-01	8.695E-03	9.883E-01	1.006E+00	9.972E-01	9.969E-01	9.970E-01	9.970E-01
1.000E-01	9.964E-01	8.596E-03	9.877E-01	1.005E+00	9.965E-01	9.962E-01	9.964E-01	9.964E-01
1.100E-01	9.956E-01	8.492E-03	9.871E-01	1.004E+00	9.958E-01	9.955E-01	9.956E-01	9.956E-01
1.200E-01	9.948E-01	8.383E-03	9.864E-01	1.003E+00	9.950E-01	9.947E-01	9.948E-01	9.948E-01
1.300E-01	9.940E-01	8.270E-03	9.856E-01	1.002E+00	9.941E-01	9.938E-01	9.940E-01	9.940E-01
1.400E-01	9.931E-01	8.153E-03	9.848E-01	1.001E+00	9.932E-01	9.929E-01	9.931E-01	9.931E-01
1.500E-01	9.921E-01	8.033E-03	9.840E-01	1.000E+00	9.923E-01	9.920E-01	9.921E-01	9.921E-01
1.600E-01	9.911E-01	7.909E-03	9.831E-01	9.989E-01	9.912E-01	9.909E-01	9.911E-01	9.911E-01
1.700E-01	9.900E-01	7.782E-03	9.821E-01	9.977E-01	9.902E-01	9.899E-01	9.900E-01	9.900E-01
1.800E-01	9.889E-01	7.653E-03	9.811E-01	9.964E-01	9.890E-01	9.887E-01	9.889E-01	9.889E-01
1.900E-01	9.877E-01	7.521E-03	9.801E-01	9.951E-01	9.879E-01	9.875E-01	9.877E-01	9.877E-01
2.000E-01	9.865E-01	7.386E-03	9.790E-01	9.937E-01	9.866E-01	9.863E-01	9.865E-01	9.865E-01
2.100E-01	9.852E-01	7.250E-03	9.778E-01	9.923E-01	9.853E-01	9.850E-01	9.852E-01	9.852E-01
2.200E-01	9.838E-01	7.111E-03	9.766E-01	9.908E-01	9.840E-01	9.837E-01	9.838E-01	9.838E-01
2.300E-01	9.824E-01	6.970E-03	9.753E-01	9.893E-01	9.826E-01	9.823E-01	9.824E-01	9.824E-01
2.400E-01	9.810E-01	6.828E-03	9.740E-01	9.877E-01	9.811E-01	9.808E-01	9.810E-01	9.810E-01
2.500E-01	9.795E-01	6.684E-03	9.727E-01	9.860E-01	9.796E-01	9.793E-01	9.795E-01	9.795E-01
2.600E-01	9.779E-01	6.539E-03	9.713E-01	9.843E-01	9.781E-01	9.778E-01	9.779E-01	9.780E-01
2.700E-01	9.764E-01	6.393E-03	9.698E-01	9.826E-01	9.765E-01	9.762E-01	9.763E-01	9.764E-01
2.800E-01	9.747E-01	6.246E-03	9.683E-01	9.808E-01	9.749E-01	9.746E-01	9.747E-01	9.747E-01
2.900E-01	9.730E-01	6.097E-03	9.668E-01	9.790E-01	9.732E-01	9.729E-01	9.730E-01	9.730E-01
3.000E-01	9.713E-01	5.948E-03	9.652E-01	9.771E-01	9.714E-01	9.711E-01	9.713E-01	9.713E-01
3.100E-01	9.695E-01	5.798E-03	9.635E-01	9.751E-01	9.696E-01	9.693E-01	9.695E-01	9.695E-01
3.200E-01	9.677E-01	5.648E-03	9.618E-01	9.731E-01	9.678E-01	9.675E-01	9.676E-01	9.677E-01
3.300E-01	9.658E-01	5.497E-03	9.601E-01	9.711E-01	9.659E-01	9.656E-01	9.658E-01	9.658E-01
3.400E-01	9.638E-01	5.346E-03	9.583E-01	9.690E-01	9.640E-01	9.637E-01	9.638E-01	9.639E-01
3.500E-01	9.619E-01	5.194E-03	9.565E-01	9.669E-01	9.620E-01	9.617E-01	9.619E-01	9.619E-01
3.600E-01	9.599E-01	5.043E-03	9.546E-01	9.647E-01	9.600E-01	9.597E-01	9.598E-01	9.599E-01
3.700E-01	9.578E-01	4.891E-03	9.527E-01	9.625E-01	9.579E-01	9.577E-01	9.578E-01	9.578E-01
3.800E-01	9.557E-01	4.740E-03	9.508E-01	9.602E-01	9.558E-01	9.555E-01	9.557E-01	9.557E-01
3.900E-01	9.535E-01	4.588E-03	9.488E-01	9.579E-01	9.537E-01	9.534E-01	9.535E-01	9.536E-01
4.000E-01	9.514E-01	4.437E-03	9.467E-01	9.556E-01	9.515E-01	9.512E-01	9.513E-01	9.514E-01
4.100E-01	9.491E-01	4.286E-03	9.446E-01	9.532E-01	9.493E-01	9.490E-01	9.491E-01	9.491E-01
4.200E-01	9.468E-01	4.135E-03	9.425E-01	9.508E-01	9.470E-01	9.467E-01	9.468E-01	9.469E-01
4.300E-01	9.445E-01	3.985E-03	9.404E-01	9.483E-01	9.447E-01	9.444E-01	9.445E-01	9.445E-01
4.400E-01	9.422E-01	3.836E-03	9.381E-01	9.458E-01	9.423E-01	9.420E-01	9.422E-01	9.422E-01
4.500E-01	9.398E-01	3.687E-03	9.359E-01	9.433E-01	9.399E-01	9.396E-01	9.398E-01	9.398E-01
4.600E-01	9.373E-01	3.539E-03	9.336E-01	9.407E-01	9.375E-01	9.372E-01	9.373E-01	9.373E-01
4.700E-01	9.348E-01	3.391E-03	9.313E-01	9.380E-01	9.350E-01	9.347E-01	9.348E-01	9.349E-01
4.800E-01	9.323E-01	3.245E-03	9.289E-01	9.354E-01	9.325E-01	9.322E-01	9.323E-01	9.323E-01
4.900E-01	9.298E-01	3.099E-03	9.265E-01	9.327E-01	9.299E-01	9.296E-01	9.298E-01	9.298E-01
5.000E-01	9.272E-01	2.954E-03	9.240E-01	9.299E-01	9.273E-01	9.271E-01	9.272E-01	9.272E-01
5.100E-01	9.245E-01	2.810E-03	9.216E-01	9.272E-01	9.247E-01	9.244E-01	9.245E-01	9.246E-01
5.200E-01	9.219E-01	2.668E-03	9.190E-01	9.244E-01	9.220E-01	9.218E-01	9.219E-01	9.219E-01
5.300E-01	9.192E-01	2.526E-03	9.165E-01	9.215E-01	9.193E-01	9.190E-01	9.192E-01	9.192E-01
5.400E-01	9.164E-01	2.386E-03	9.139E-01	9.186E-01	9.166E-01	9.163E-01	9.164E-01	9.164E-01
5.500E-01	9.137E-01	2.247E-03	9.112E-01	9.157E-01	9.138E-01	9.135E-01	9.136E-01	9.137E-01
5.600E-01	9.108E-01	2.110E-03	9.086E-01	9.128E-01	9.110E-01	9.107E-01	9.108E-01	9.109E-01
5.700E-01	9.080E-01	1.973E-03	9.058E-01	9.098E-01	9.081E-01	9.079E-01	9.080E-01	9.080E-01
5.800E-01	9.051E-01	1.839E-03	9.031E-01	9.068E-01	9.052E-01	9.050E-01	9.051E-01	9.051E-01
5.900E-01	9.022E-01	1.705E-03	9.003E-01	9.037E-01	9.023E-01	9.021E-01	9.022E-01	9.022E-01
6.000E-01	8.993E-01	1.573E-03	8.975E-01	9.006E-01	8.994E-01	8.991E-01	8.992E-01	8.993E-01
6.100E-01	8.963E-01	1.443E-03	8.947E-01	8.975E-01	8.964E-01	8.962E-01	8.963E-01	8.963E-01
6.200E-01	8.933E-01	1.315E-03	8.918E-01	8.944E-01	8.934E-01	8.931E-01	8.932E-01	8.933E-01
6.300E-01	8.902E-01	1.188E-03	8.889E-01	8.912E-01	8.903E-01	8.901E-01	8.902E-01	8.902E-01
6.400E-01	8.871E-01	1.062E-03	8.859E-01	8.880E-01	8.873E-01	8.870E-01	8.871E-01	8.872E-01
6.500E-01	8.840E-01	9.391E-04	8.829E-01	8.848E-01	8.841E-01	8.839E-01	8.840E-01	8.840E-01
6.600E-01	8.809E-01	8.176E-04	8.799E-01	8.815E-01	8.810E-01	8.808E-01	8.809E-01	8.809E-01
6.700E-01	8.777E-01	6.982E-04	8.769E-01	8.783E-01	8.778E-01	8.776E-01	8.777E-01	8.777E-01
6.800E-01	8.745E-01	5.809E-04	8.738E-01	8.749E-01	8.746E-01	8.744E-01	8.745E-01	8.745E-01
6.900E-01	8.713E-01	4.662E-04	8.707E-01	8.716E-01	8.714E-01	8.712E-01	8.713E-01	8.713E-01
7.000E-01	8.681E-01	3.547E-04	8.676E-01	8.682E-01	8.682E-01	8.680E-01	8.680E-01	8.681E-01
7.100E-01	8.648E-01	2.483E-04	8.644E-01	8.648E-01	8.649E-01	8.647E-01	8.648E-01	8.648E-01
7.200E-01	8.615E-01	1.533E-04	8.612E-01	8.614E-01	8.616E-01	8.614E-01	8.615E-01	8.615E-01
7.300E-01	8.581E-01	1.008E-04	8.580E-01	8.580E-01	8.582E-01	8.580E-01	8.581E-01	8.581E-01
7.400E-01	8.548E-01	1.426E-04	8.547E-01	8.545E-01	8.549E-01	8.547E-01	8.548E-01	8.548E-01
7.500E-01	8.514E-01	2.297E-04	8.514E-01	8.510E-01	8.515E-01	8.513E-01	8.514E-01	8.514E-01
7.600E-01	8.480E-01	3.258E-04	8.481E-01	8.475E-01	8.481E-01	8.479E-01	8.480E-01	8.480E-01
7.700E-01	8.445E-01	4.235E-04	8.448E-01	8.440E-01	8.446E-01	8.444E-01	8.445E-01	8.445E-01
7.800E-01	8.411E-01	5.205E-04	8.414E-01	8.404E-01	8.412E-01	8.410E-01	8.411E-01	8.411E-01
7.900E-01	8.376E-01	6.163E-04	8.381E-01	8.368E-01	8.377E-01	8.375E-01	8.376E-01	8.376E-01
8.000E-01	8.341E-01	7.105E-04	8.347E-01	8.332E-01	8.342E-01	8.340E-01	8.341E-01	8.341E-01
8.100E-01	8.305E-01	8.028E-04	8.312E-01	8.296E-01	8.306E-01	8.305E-01	8.305E-01	8.306E-01
8.200E-01	8.270E-01	8.933E-04	8.278E-01	8.260E-01	8.271E-01	8.269E-01	8.270E-01	8.270E-01
8.300E-01	8.234E-01	9.817E-04	8.243E-01	8.223E-01	8.235E-01	8.233E-01	8.234E-01	8.234E-01
8.400E-01	8.198E-01	1.068E-03	8.208E-01	8.186E-01	8.199E-01	8.197E-01	8.198E-01	8.198E-01
8.500E-01	8.162E-01	1.153E-03	8.172E-01	8.149E-01	8.163E-01	8.161E-01	8.162E-01	8.162E-01
8.600E-01	8.125E-01	1.235E-03	8.137E-01	8.112E-01	8.126E-01	8.125E-01	8.125E-01	8.126E-01
8.700E-01	8.089E-01	1.315E-03	8.101E-01	8.075E-01	8.090E-01	8.088E-01	8.089E-01	8.089E-01
8.800E-01	8.052E-01	1.393E-03	8.065E-01	8.037E-01	8.053E-01	8.051E-01	8.052E-01	8.052E-01
8.900E-01	8.015E-01	1.469E-03	8.029E-01	8.000E-01	8.016E-01	8.014E-01	8.015E-01	8.015E-01
9.000E-01	7.978E-01	1.543E-03	7.993E-01	7.962E-01	7.979E-01	7.977E-01	7.978E-01	7.978E-01
9.100E-01	7.941E-01	1.614E-03	7.956E-01	7.924E-01	7.941E-01	7.940E-01	7.940E-01	7.941E-01
9.200E-01	7.903E-01	1.684E-03	7.919E-01	7.885E-01	7.904E-01	7.902E-01	7.903E-01	7.903E-01
9.300E-01	7.865E-01	1.751E-03	7.882E-01	7.847E-01	7.866E-01	7.865E-01	7.865E-01	7.865E-01
9.400E-01	7.827E-01	1.816E-03	7.845E-01	7.809E-01	7.828E-01	7.827E-01	7.827E-01	7.828E-01
9.500E-01	7.789E-01	1.879E-03	7.808E-01	7.770E-01	7.790E-01	7.789E-01	7.789E-01	7.790E-01
9.600E-01	7.751E-01	1.940E-03	7.770E-01	7.731E-01	7.752E-01	7.751E-01	7.751E-01	7.751E-01
9.700E-01	7.713E-01	1.999E-03	7.732E-01	7.692E-01	7.713E-01	7.712E-01	7.713E-01	7.713E-01
9.800E-01	7.674E-01	2.055E-03	7.694E-01	7.653E-01	7.675E-01	7.674E-01	7.674E-01	7.674E-01
9.900E-01	7.636E-01	2.110E-03	7.656E-01	7.614E-01	7.636E-01	7.635E-01	7.635E-01	7.636E-01
1.000E+00	7.597E-01	2.162E-03	7.618E-01	7.575E-01	7.597E-01	7.596E-01	7.597E-01	7.597E-01
1.010E+00	7.558E-01	2.212E-03	7.580E-01	7.536E-01	7.558E-01	7.557E-01	7.558E-01	7.558E-01
1.020E+00	7.519E-01	2.260E-03	7.541E-01	7.496E-01	7.519E-01	7.518E-01	7.519E-01	7.519E-01
1.030E+00	7.480E-01	2.306E-03	7.503E-01	7.457E-01	7.480E-01	7.479E-01	7.480E-01	7.480E-01
1.040E+00	7.440E-01	2.349E-03	7.464E-01	7.417E-01	7.441E-01	7.440E-01	7.440E-01	7.441E-01
1.050E+00	7.401E-01	2.391E-03	7.425E-01	7.377E-01	7.401E-01	7.400E-01	7.401E-01	7.401E-01
1.060E+00	7.361E-01	2.430E-03	7.386E-01	7.337E-01	7.362E-01	7.361E-01	7.361E-01	7.362E-01
1.070E+00	7.322E-01	2.467E-03	7.347E-01	7.297E-01	7.322E-01	7.321E-01	7.322E-01	7.322E-01
1.080E+00	7.282E-01	2.503E-03	7.307E-01	7.257E-01	7.282E-01	7.282E-01	7.282E-01	7.282E-01
1.090E+00	7.242E-01	2.536E-03	7.268E-01	7.217E-01	7.243E-01	7.242E-01	7.242E-01	7.242E-01
1.100E+00	7.202E-01	2.567E-03	7.228E-01	7.177E-01	7.203E-01	7.202E-01	7.202E-01	7.202E-01
1.110E+00	7.162E-01	2.596E-03	7.188E-01	7.137E-01	7.163E-01	7.162E-01	7.162E-01	7.162E-01
1.120E+00	7.122E-01	2.622E-03	7.149E-01	7.096E-01	7.122E-01	7.122E-01	7.122E-01	7.122E-01
1.130E+00	7.082E-01	2.647E-03	7.109E-01	7.056E-01	7.082E-01	7.082E-01	7.082E-01	7.082E-01
1.140E+00	7.042E-01	2.670E-03	7.069E-01	7.015E-01	7.042E-01	7.041E-01	7.041E-01	7.042E-01
1.150E+00	7.001E-01	2.691E-03	7.029E-01	6.975E-01	7.002E-01	7.001E-01	7.001E-01	7.001E-01
1.160E+00	6.961E-01	2.710E-03	6.989E-01	6.934E-01	6.961E-01	6.961E-01	6.961E-01	6.961E-01
1.170E+00	6.920E-01	2.727E-03	6.948E-01	6.894E-01	6.921E-01	6.920E-01	6.920E-01	6.921E-01
1.180E+00	6.880E-01	2.742E-03	6.908E-01	6.853E-01	6.880E-01	6.880E-01	6.880E-01	6.880E-01
1.190E+00	6.839E-01	2.754E-03	6.867E-01	6.812E-01	6.839E-01	6.839E-01	6.839E-01	6.839E-01
1.200E+00	6.799E-01	2.765E-03	6.827E-01	6.772E-01	6.799E-01	6.798E-01	6.798E-01	6.799E-01
1.210E+00	6.758E-01	2.775E-03	6.786E-01	6.731E-01	6.758E-01	6.758E-01	6.758E-01	6.758E-01
1.220E+00	6.717E-01	2.782E-03	6.746E-01	6.690E-01	6.717E-01	6.717E-01	6.717E-01	6.717E-01
1.230E+00	6.676E-01	2.787E-03	6.705E-01	6.649E-01	6.677E-01	6.676E-01	6.676E-01	6.677E-01
1.240E+00	6.636E-01	2.791E-03	6.664E-01	6.609E-01	6.636E-01	6.635E-01	6.635E-01	6.636E-01
1.250E+00	6.595E-01	2.792E-03	6.624E-01	6.568E-01	6.595E-01	6.595E-01	6.594E-01	6.595E-01
1.260E+00	6.554E-01	2.792E-03	6.583E-01	6.527E-01	6.554E-01	6.554E-01	6.554E-01	6.554E-01
1.270E+00	6.513E-01	2.790E-03	6.542E-01	6.486E-01	6.513E-01	6.513E-01	6.513E-01	6.513E-01
1.280E+00	6.472E-01	2.787E-03	6.501E-01	6.445E-01	6.472E-01	6.472E-01	6.472E-01	6.472E-01
1.290E+00	6.431E-01	2.781E-03	6.460E-01	6.404E-01	6.431E-01	6.431E-01	6.431E-01	6.431E-01
1.300E+00	6.390E-01	2.774E-03	6.419E-01	6.364E-01	6.390E-01	6.390E-01	6.390E-01	6.390E-01
1.310E+00	6.349E-01	2.765E-03	6.378E-01	6.323E-01	6.349E-01	6.349E-01	6.349E-01	6.349E-01
1.320E+00	6.308E-01	2.755E-03	6.337E-01	6.282E-01	6.308E-01	6.308E-01	6.308E-01	6.308E-01
1.330E+00	6.267E-01	2.742E-03	6.296E-01	6.241E-01	6.267E-01	6.267E-01	6.267E-01	6.267E-01
1.340E+00	6.226E-01	2.729E-03	6.255E-01	6.200E-01	6.226E-01	6.226E-01	6.226E-01	6.226E-01
1.350E+00	6.185E-01	2.713E-03	6.214E-01	6.160E-01	6.185E-01	6.185E-01	6.185E-01	6.185E-01
1.360E+00	6.144E-01	2.696E-03	6.173E-01	6.119E-01	6.144E-01	6.144E-01	6.144E-01	6.145E-01
1.370E+00	6.103E-01	2.678E-03	6.132E-01	6.078E-01	6.103E-01	6.103E-01	6.103E-01	6.104E-01
1.380E+00	6.062E-01	2.657E-03	6.091E-01	6.037E-01	6.062E-01	6.063E-01	6.062E-01	6.063E-01
1.390E+00	6.022E-01	2.636E-03	6.050E-01	5.997E-01	6.021E-01	6.022E-01	6.021E-01	6.022E-01
1.400E+00	5.981E-01	2.613E-03	6.009E-01	5.956E-01	5.981E-01	5.981E-01	5.980E-01	5.981E-01
1.410E+00	5.940E-01	2.588E-03	5.967E-01	5.916E-01	5.940E-01	5.940E-01	5.940E-01	5.940E-01
1.420E+00	5.899E-01	2.562E-03	5.926E-01	5.875E-01	5.899E-01	5.899E-01	5.899E-01	5.899E-01
1.430E+00	5.858E-01	2.535E-03	5.885E-01	5.835E-01	5.858E-01	5.858E-01	5.858E-01	5.859E-01
1.440E+00	5.818E-01	2.506E-03	5.844E-01	5.794E-01	5.817E-01	5.818E-01	5.817E-01	5.818E-01
1.450E+00	5.777E-01	2.476E-03	5.803E-01	5.754E-01	5.777E-01	5.777E-01	5.777E-01	5.777E-01
1.460E+00	5.736E-01	2.444E-03	5.763E-01	5.714E-01	5.736E-01	5.736E-01	5.736E-01	5.736E-01
1.470E+00	5.696E-01	2.412E-03	5.722E-01	5.673E-01	5.695E-01	5.696E-01	5.695E-01	5.696E-01
1.480E+00	5.655E-01	2.378E-03	5.681E-01	5.633E-01	5.655E-01	5.655E-01	5.655E-01	5.655E-01
1.490E+00	5.615E-01	2.342E-03	5.640E-01	5.593E-01	5.614E-01	5.615E-01	5.614E-01	5.615E-01
1.500E+00	5.574E-01	2.306E-03	5.599E-01	5.553E-01	5.574E-01	5.574E-01	5.574E-01	5.574E-01
1.510E+00	5.534E-01	2.268E-03	5.559E-01	5.513E-01	5.533E-01	5.534E-01	5.533E-01	5.534E-01
1.520E+00	5.493E-01	2.229E-03	5.518E-01	5.473E-01	5.493E-01	5.494E-01	5.493E-01	5.494E-01
1.530E+00	5.453E-01	2.189E-03	5.477E-01	5.433E-01	5.453E-01	5.453E-01	5.453E-01	5.453E-01
1.540E+00	5.413E-01	2.148E-03	5.437E-01	5.394E-01	5.413E-01	5.413E-01	5.413E-01	5.413E-01
1.550E+00	5.373E-01	2.106E-03	5.396E-01	5.354E-01	5.373E-01	5.373E-01	5.373E-01	5.373E-01
1.560E+00	5.333E-01	2.063E-03	5.356E-01	5.315E-01	5.333E-01	5.333E-01	5.333E-01	5.333E-01
1.570E+00	5.293E-01	2.018E-03	5.315E-01	5.275E-01	5.293E-01	5.293E-01	5.293E-01	5.293E-01
1.580E+00	5.253E-01	1.973E-03	5.275E-01	5.236E-01	5.253E-01	5.253E-01	5.253E-01	5.253E-01
1.590E+00	5.213E-01	1.927E-03	5.235E-01	5.196E-01	5.213E-01	5.214E-01	5.213E-01	5.214E-01
1.600E+00	5.174E-01	1.880E-03	5.195E-01	5.157E-01	5.173E-01	5.174E-01	5.173E-01	5.174E-01
1.610E+00	5.134E-01	1.831E-03	5.155E-01	5.118E-01	5.134E-01	5.134E-01	5.134E-01	5.134E-01
1.620E+00	5.094E-01	1.782E-03	5.115E-01	5.079E-01	5.094E-01	5.095E-01	5.094E-01	5.095E-01
1.630E+00	5.055E-01	1.732E-03	5.075E-01	5.040E-01	5.055E-01	5.055E-01	5.055E-01	5.055E-01
1.640E+00	5.016E-01	1.682E-03	5.035E-01	5.002E-01	5.015E-01	5.016E-01	5.016E-01	5.016E-01
1.650E+00	4.977E-01	1.630E-03	4.995E-01	4.963E-01	4.976E-01	4.977E-01	4.976E-01	4.977E-01
1.660E+00	4.937E-01	1.578E-03	4.956E-01	4.924E-01	4.937E-01	4.938E-01	4.937E-01	4.938E-01
1.670E+00	4.898E-01	1.525E-03	4.916E-01	4.886E-01	4.898E-01	4.899E-01	4.898E-01	4.899E-01
1.680E+00	4.860E-01	1.471E-03	4.877E-01	4.848E-01	4.859E-01	4.860E-01	4.859E-01	4.860E-01
1.690E+00	4.821E-01	1.416E-03	4.838E-01	4.809E-01	4.820E-01	4.821E-01	4.821E-01	4.821E-01
1.700E+00	4.782E-01	1.361E-03	4.798E-01	4.771E-01	4.782E-01	4.783E-01	4.782E-01	4.782E-01
1.710E+00	4.744E-01	1.305E-03	4.759E-01	4.733E-01	4.743E-01	4.744E-01	4.743E-01	4.744E-01
1.720E+00	4.705E-01	1.249E-03	4.720E-01	4.695E-01	4.705E-01	4.706E-01	4.705E-01	4.705E-01
1.730E+00	4.667E-01	1.192E-03	4.682E-01	4.658E-01	4.666E-01	4.667E-01	4.667E-01	4.667E-01
1.740E+00	4.629E-01	1.134E-03	4.643E-01	4.620E-01	4.628E-01	4.629E-01	4.628E-01	4.629E-01
1.750E+00	4.591E-01	1.076E-03	4.604E-01	4.583E-01	4.590E-01	4.591E-01	4.590E-01	4.591E-01
1.760E+00	4.553E-01	1.017E-03	4.566E-01	4.545E-01	4.552E-01	4.553E-01	4.552E-01	4.553E-01
1.770E+00	4.515E-01	9.582E-04	4.527E-01	4.508E-01	4.514E-01	4.515E-01	4.515E-01	4.515E-01
1.780E+00	4.477E-01	8.986E-04	4.489E-01	4.471E-01	4.477E-01	4.478E-01	4.477E-01	4.477E-01
1.790E+00	4.440E-01	8.386E-04	4.451E-01	4.434E-01	4.439E-01	4.440E-01	4.439E-01	4.440E-01
1.800E+00	4.402E-01	7.782E-04	4.413E-01	4.398E-01	4.402E-01	4.403E-01	4.402E-01	4.403E-01
1.810E+00	4.365E-01	7.175E-04	4.375E-01	4.361E-01	4.364E-01	4.366E-01	4.365E-01	4.365E-01
1.820E+00	4.328E-01	6.564E-04	4.337E-01	4.324E-01	4.327E-01	4.328E-01	4.328E-01	4.328E-01
1.830E+00	4.291E-01	5.951E-04	4.300E-01	4.288E-01	4.290E-01	4.292E-01	4.291E-01	4.291E-01
1.840E+00	4.254E-01	5.336E-04	4.262E-01	4.252E-01	4.253E-01	4.255E-01	4.254E-01	4.254E-01
1.850E+00	4.217E-01	4.719E-04	4.225E-01	4.216E-01	4.217E-01	4.218E-01	4.217E-01	4.218E-01
1.860E+00	4.181E-01	4.102E-04	4.188E-01	4.180E-01	4.180E-01	4.181E-01	4.181E-01	4.181E-01
1.870E+00	4.144E-01	3.485E-04	4.151E-01	4.144E-01	4.144E-01	4.145E-01	4.144E-01	4.145E-01
1.880E+00	4.108E-01	2.871E-04	4.114E-01	4.109E-01	4.108E-01	4.109E-01	4.108E-01	4.108E-01
1.890E+00	4.072E-01	2.266E-04	4.077E-01	4.073E-01	4.071E-01	4.073E-01	4.072E-01	4.072E-01
1.900E+00	4.036E-01	1.679E-04	4.041E-01	4.038E-01	4.036E-01	4.037E-01	4.036E-01	4.036E-01
1.910E+00	4.000E-01	1.142E-04	4.004E-01	4.003E-01	4.000E-01	4.001E-01	4.000E-01	4.001E-01
1.920E+00	3.965E-01	7.755E-05	3.968E-01	3.968E-01	3.964E-01	3.965E-01	3.965E-01	3.965E-01
1.930E+00	3.929E-01	8.438E-05	3.932E-01	3.933E-01	3.929E-01	3.930E-01	3.929E-01	3.930E-01
1.940E+00	3.894E-01	1.281E-04	3.896E-01	3.898E-01	3.893E-01	3.895E-01	3.894E-01	3.894E-01
1.950E+00	3.859E-01	1.841E-04	3.860E-01	3.864E-01	3.858E-01	3.860E-01	3.859E-01	3.859E-01
1.960E+00	3.824E-01	2.441E-04	3.825E-01	3.829E-01	3.823E-01	3.825E-01	3.824E-01	3.824E-01
1.970E+00	3.789E-01	3.058E-04	3.789E-01	3.795E-01	3.788E-01	3.790E-01	3.789E-01	3.789E-01
1.980E+00	3.754E-01	3.683E-04	3.754E-01	3.761E-01	3.754E-01	3.755E-01	3.754E-01	3.755E-01
1.990E+00	3.720E-01	4.312E-04	3.719E-01	3.728E-01	3.719E-01	3.721E-01	3.720E-01	3.720E-01
2.000E+00	3.686E-01	4.944E-04	3.684E-01	3.694E-01	3.685E-01	3.686E-01	3.685E-01	3.686E-01
2.010E+00	3.652E-01	5.577E-04	3.649E-01	3.660E-01	3.651E-01	3.652E-01	3.651E-01	3.652E-01
2.020E+00	3.618E-01	6.211E-04	3.615E-01	3.627E-01	3.617E-01	3.618E-01	3.617E-01	3.618E-01
2.030E+00	3.584E-01	6.844E-04	3.580E-01	3.594E-01	3.583E-01	3.585E-01	3.584E-01	3.584E-01
2.040E+00	3.550E-01	7.477E-04	3.546E-01	3.561E-01	3.549E-01	3.551E-01	3.550E-01	3.550E-01
2.050E+00	3.517E-01	8.109E-04	3.512E-01	3.528E-01	3.516E-01	3.518E-01	3.517E-01	3.517E-01
2.060E+00	3.484E-01	8.740E-04	3.478E-01	3.496E-01	3.483E-01	3.484E-01	3.483E-01	3.484E-01
2.070E+00	3.450E-01	9.369E-04	3.444E-01	3.463E-01	3.450E-01	3.451E-01	3.450E-01	3.451E-01
2.080E+00	3.418E-01	9.997E-04	3.411E-01	3.431E-01	3.417E-01	3.418E-01	3.417E-01	3.418E-01
2.090E+00	3.385E-01	1.062E-03	3.378E-01	3.399E-01	3.384E-01	3.386E-01	3.385E-01	3.385E-01
2.100E+00	3.352E-01	1.125E-03	3.344E-01	3.367E-01	3.351E-01	3.353E-01	3.352E-01	3.353E-01
2.110E+00	3.320E-01	1.187E-03	3.311E-01	3.335E-01	3.319E-01	3.321E-01	3.320E-01	3.320E-01
2.120E+00	3.288E-01	1.249E-03	3.279E-01	3.304E-01	3.287E-01	3.289E-01	3.287E-01	3.288E-01
2.130E+00	3.256E-01	1.310E-03	3.246E-01	3.272E-01	3.255E-01	3.257E-01	3.255E-01	3.256E-01
2.140E+00	3.224E-01	1.372E-03	3.214E-01	3.241E-01	3.223E-01	3.225E-01	3.224E-01	3.224E-01
2.150E+00	3.192E-01	1.432E-03	3.181E-01	3.210E-01	3.191E-01	3.193E-01	3.192E-01	3.193E-01
2.160E+00	3.161E-01	1.493E-03	3.149E-01	3.179E-01	3.160E-01	3.162E-01	3.161E-01	3.161E-01
2.170E+00	3.130E-01	1.553E-03	3.117E-01	3.148E-01	3.129E-01	3.130E-01	3.129E-01	3.130E-01
2.180E+00	3.098E-01	1.613E-03	3.086E-01	3.118E-01	3.098E-01	3.099E-01	3.098E-01	3.099E-01
2.190E+00	3.068E-01	1.673E-03	3.054E-01	3.088E-01	3.067E-01	3.068E-01	3.067E-01	3.068E-01
2.200E+00	3.037E-01	1.732E-03	3.023E-01	3.058E-01	3.036E-01	3.038E-01	3.037E-01	3.037E-01
2.210E+00	3.006E-01	1.791E-03	2.992E-01	3.028E-01	3.006E-01	3.007E-01	3.006E-01	3.007E-01
2.220E+00	2.976E-01	1.849E-03	2.961E-01	2.998E-01	2.975E-01	2.977E-01	2.976E-01	2.976E-01
2.230E+00	2.946E-01	1.907E-03	2.930E-01	2.968E-01	2.945E-01	2.947E-01	2.946E-01	2.946E-01
2.240E+00	2.916E-01	1.965E-03	2.900E-01	2.939E-01	2.915E-01	2.917E-01	2.916E-01	2.916E-01
2.250E+00	2.886E-01	2.022E-03	2.869E-01	2.910E-01	2.885E-01	2.887E-01	2.886E-01	2.887E-01
2.260E+00	2.857E-01	2.078E-03	2.839E-01	2.881E-01	2.856E-01	2.858E-01	2.856E-01	2.857E-01
2.270E+00	2.827E-01	2.134E-03	2.809E-01	2.852E-01	2.826E-01	2.828E-01	2.827E-01	2.828E-01
2.280E+00	2.798E-01	2.190E-03	2.780E-01	2.823E-01	2.797E-01	2.799E-01	2.798E-01	2.798E-01
2.290E+00	2.769E-01	2.245E-03	2.750E-01	2.795E-01	2.768E-01	2.770E-01	2.769E-01	2.769E-01
2.300E+00	2.740E-01	2.300E-03	2.721E-01	2.767E-01	2.740E-01	2.741E-01	2.740E-01	2.741E-01
2.310E+00	2.712E-01	2.354E-03	2.692E-01	2.739E-01	2.711E-01	2.713E-01	2.712E-01	2.712E-01
2.320E+00	2.683E-01	2.407E-03	2.663E-01	2.711E-01	2.683E-01	2.684E-01	2.683E-01	2.684E-01
2.330E+00	2.655E-01	2.460E-03	2.634E-01	2.683E-01	2.654E-01	2.656E-01	2.655E-01	2.655E-01
2.340E+00	2.627E-01	2.512E-03	2.605E-01	2.656E-01	2.626E-01	2.628E-01	2.627E-01	2.627E-01
2.350E+00	2.599E-01	2.564E-03	2.577E-01	2.628E-01	2.598E-01	2.600E-01	2.599E-01	2.600E-01
2.360E+00	2.572E-01	2.615E-03	2.549E-01	2.601E-01	2.571E-01	2.573E-01	2.571E-01	2.572E-01
2.370E+00	2.544E-01	2.666E-03	2.521E-01	2.574E-01	2.543E-01	2.545E-01	2.544E-01	2.545E-01
2.380E+00	2.517E-01	2.716E-03	2.493E-01	2.548E-01	2.516E-01	2.518E-01	2.517E-01	2.517E-01
2.390E+00	2.490E-01	2.765E-03	2.466E-01	2.521E-01	2.489E-01	2.491E-01	2.490E-01	2.490E-01
2.400E+00	2.463E-01	2.814E-03	2.438E-01	2.495E-01	2.462E-01	2.464E-01	2.463E-01	2.463E-01
2.410E+00	2.437E-01	2.862E-03	2.411E-01	2.469E-01	2.436E-01	2.437E-01	2.436E-01	2.437E-01
2.420E+00	2.410E-01	2.909E-03	2.384E-01	2.443E-01	2.409E-01	2.411E-01	2.410E-01	2.410E-01
2.430E+00	2.384E-01	2.956E-03	2.358E-01	2.417E-01	2.383E-01	2.385E-01	2.384E-01	2.384E-01
2.440E+00	2.358E-01	3.002E-03	2.331E-01	2.391E-01	2.357E-01	2.359E-01	2.357E-01	2.358E-01
2.450E+00	2.332E-01	3.048E-03	2.305E-01	2.366E-01	2.331E-01	2.333E-01	2.332E-01	2.332E-01
2.460E+00	2.306E-01	3.093E-03	2.279E-01	2.340E-01	2.305E-01	2.307E-01	2.306E-01	2.306E-01
2.470E+00	2.281E-01	3.137E-03	2.253E-01	2.315E-01	2.280E-01	2.282E-01	2.280E-01	2.281E-01
2.480E+00	2.255E-01	3.181E-03	2.227E-01	2.291E-01	2.254E-01	2.256E-01	2.255E-01	2.256E-01
2.490E+00	2.230E-01	3.223E-03	2.201E-01	2.266E-01	2.229E-01	2.231E-01	2.230E-01	2.231E-01
2.500E+00	2.205E-01	3.266E-03	2.176E-01	2.241E-01	2.204E-01	2.206E-01	2.205E-01	2.206E-01
2.510E+00	2.181E-01	3.307E-03	2.151E-01	2.217E-01	2.180E-01	2.182E-01	2.180E-01	2.181E-01
2.520E+00	2.156E-01	3.348E-03	2.126E-01	2.193E-01	2.155E-01	2.157E-01	2.156E-01	2.156E-01
2.530E+00	2.132E-01	3.388E-03	2.101E-01	2.169E-01	2.131E-01	2.133E-01	2.132E-01	2.132E-01
2.540E+00	2.108E-01	3.427E-03	2.077E-01	2.145E-01	2.107E-01	2.109E-01	2.107E-01	2.108E-01
2.550E+00	2.084E-01	3.466E-03	2.052E-01	2.122E-01	2.083E-01	2.085E-01	2.084E-01	2.084E-01
2.560E+00	2.060E-01	3.504E-03	2.028E-01	2.098E-01	2.059E-01	2.061E-01	2.060E-01	2.060E-01
2.570E+00	2.036E-01	3.541E-03	2.004E-01	2.075E-01	2.036E-01	2.037E-01	2.036E-01	2.037E-01
2.580E+00	2.013E-01	3.578E-03	1.981E-01	2.052E-01	2.012E-01	2.014E-01	2.013E-01	2.013E-01
2.590E+00	1.990E-01	3.613E-03	1.957E-01	2.029E-01	1.989E-01	1.991E-01	1.990E-01	1.990E-01
2.600E+00	1.967E-01	3.648E-03	1.934E-01	2.007E-01	1.966E-01	1.968E-01	1.967E-01	1.967E-01
2.610E+00	1.944E-01	3.683E-03	1.911E-01	1.984E-01	1.943E-01	1.945E-01	1.944E-01	1.944E-01
2.620E+00	1.922E-01	3.716E-03	1.888E-01	1.962E-01	1.921E-01	1.922E-01	1.921E-01	1.922E-01
2.630E+00	1.899E-01	3.749E-03	1.865E-01	1.940E-01	1.898E-01	1.900E-01	1.899E-01	1.899E-01
2.640E+00	1.877E-01	3.781E-03	1.842E-01	1.918E-01	1.876E-01	1.878E-01	1.877E-01	1.877E-01
2.650E+00	1.855E-01	3.813E-03	1.820E-01	1.896E-01	1.854E-01	1.856E-01	1.855E-01	1.855E-01
2.660E+00	1.833E-01	3.843E-03	1.798E-01	1.875E-01	1.832E-01	1.834E-01	1.833E-01	1.833E-01
2.670E+00	1.811E-01	3.873E-03	1.776E-01	1.853E-01	1.811E-01	1.812E-01	1.811E-01	1.812E-01
2.680E+00	1.790E-01	3.903E-03	1.754E-01	1.832E-01	1.789E-01	1.791E-01	1.790E-01	1.790E-01
2.690E+00	1.769E-01	3.931E-03	1.733E-01	1.811E-01	1.768E-01	1.770E-01	1.768E-01	1.769E-01
2.700E+00	1.748E-01	3.959E-03	1.711E-01	1.790E-01	1.747E-01	1.748E-01	1.747E-01	1.748E-01
2.710E+00	1.727E-01	3.986E-03	1.690E-01	1.770E-01	1.726E-01	1.728E-01	1.726E-01	1.727E-01
2.720E+00	1.706E-01	4.012E-03	1.669E-01	1.749E-01	1.705E-01	1.707E-01	1.706E-01	1.706E-01
2.730E+00	1.685E-01	4.038E-03	1.648E-01	1.729E-01	1.685E-01	1.686E-01	1.685E-01	1.686E-01
2.740E+00	1.665E-01	4.062E-03	1.628E-01	1.709E-01	1.664E-01	1.666E-01	1.665E-01	1.665E-01
2.750E+00	1.645E-01	4.087E-03	1.607E-01	1.689E-01	1.644E-01	1.646E-01	1.645E-01	1.645E-01
2.760E+00	1.625E-01	4.110E-03	1.587E-01	1.669E-01	1.624E-01	1.626E-01	1.625E-01	1.625E-01
2.770E+00	1.605E-01	4.132E-03	1.567E-01	1.650E-01	1.604E-01	1.606E-01	1.605E-01	1.605E-01
2.780E+00	1.585E-01	4.154E-03	1.547E-01	1.630E-01	1.585E-01	1.586E-01	1.585E-01	1.586E-01
2.790E+00	1.566E-01	4.175E-03	1.527E-01	1.611E-01	1.565E-01	1.567E-01	1.566E-01	1.566E-01
2.800E+00	1.547E-01	4.196E-03	1.508E-01	1.592E-01	1.546E-01	1.548E-01	1.547E-01	1.547E-01
2.810E+00	1.528E-01	4.216E-03	1.489E-01	1.573E-01	1.527E-01	1.529E-01	1.527E-01	1.528E-01
2.820E+00	1.509E-01	4.235E-03	1.470E-01	1.554E-01	1.508E-01	1.510E-01	1.509E-01	1.509E-01
2.830E+00	1.490E-01	4.253E-03	1.451E-01	1.536E-01	1.489E-01	1.491E-01	1.490E-01	1.490E-01
2.840E+00	1.471E-01	4.270E-03	1.432E-01	1.517E-01	1.471E-01	1.472E-01	1.471E-01	1.472E-01
2.850E+00	1.453E-01	4.287E-03	1.413E-01	1.499E-01	1.452E-01	1.454E-01	1.453E-01	1.453E-01
2.860E+00	1.435E-01	4.303E-03	1.395E-01	1.481E-01	1.434E-01	1.436E-01	1.435E-01	1.435E-01
2.870E+00	1.417E-01	4.319E-03	1.377E-01	1.463E-01	1.416E-01	1.418E-01	1.417E-01	1.417E-01
2.880E+00	1.399E-01	4.334E-03	1.359E-01	1.445E-01	1.398E-01	1.400E-01	1.399E-01	1.399E-01
2.890E+00	1.381E-01	4.348E-03	1.341E-01	1.428E-01	1.380E-01	1.382E-01	1.381E-01	1.381E-01
2.900E+00	1.364E-01	4.361E-03	1.323E-01	1.410E-01	1.363E-01	1.365E-01	1.364E-01	1.364E-01
2.910E+00	1.346E-01	4.374E-03	1.306E-01	1.393E-01	1.346E-01	1.347E-01	1.346E-01	1.347E-01
2.920E+00	1.329E-01	4.385E-03	1.288E-01	1.376E-01	1.328E-01	1.330E-01	1.329E-01	1.329E-01
2.930E+00	1.312E-01	4.397E-03	1.271E-01	1.359E-01	1.311E-01	1.313E-01	1.312E-01	1.312E-01
2.940E+00	1.295E-01	4.407E-03	1.254E-01	1.343E-01	1.295E-01	1.296E-01	1.295E-01	1.296E-01
2.950E+00	1.279E-01	4.417E-03	1.238E-01	1.326E-01	1.278E-01	1.280E-01	1.279E-01	1.279E-01
2.960E+00	1.262E-01	4.427E-03	1.221E-01	1.310E-01	1.261E-01	1.263E-01	1.262E-01	1.262E-01
2.970E+00	1.246E-01	4.435E-03	1.205E-01	1.293E-01	1.245E-01	1.247E-01	1.246E-01	1.246E-01
2.980E+00	1.230E-01	4.443E-03	1.188E-01	1.277E-01	1.229E-01	1.231E-01	1.230E-01	1.230E-01
2.990E+00	1.214E-01	4.450E-03	1.172E-01	1.261E-01	1.213E-01	1.215E-01	1.214E-01	1.214E-01
3.000E+00	1.198E-01	4.457E-03	1.156E-01	1.245E-01	1.197E-01	1.199E-01	1.198E-01	1.198E-01
