1.000E-02	9.082E-01	7.224E-04	9.075E-01	9.089E-01	9.083E-01	9.081E-01	9.082E-01	9.082E-01
2.000E-02	9.079E-01	7.150E-04	9.071E-01	9.086E-01	9.080E-01	9.078E-01	9.078E-01	9.079E-01
3.000E-02	9.074E-01	7.061E-04	9.067E-01	9.081E-01	9.075E-01	9.073E-01	9.074E-01	9.074E-01
4.000E-02	9.069E-01	6.960E-04	9.062E-01	9.076E-01	9.070E-01	9.068E-01	9.069E-01	9.069E-01
5.000E-02	9.062E-01	6.850E-04	9.055E-01	9.069E-01	9.063E-01	9.061E-01	9.062E-01	9.062E-01
6.000E-02	9.055E-01	6.733E-04	9.048E-01	9.062E-01	9.056E-01	9.054E-01	9.055E-01	9.055E-01
7.000E-02	9.047E-01	6.610E-04	9.040E-01	9.053E-01	9.048E-01	9.046E-01	9.047E-01	9.047E-01
8.000E-02	9.038E-01	6.482E-04	9.031E-01	9.044E-01	9.039E-01	9.037E-01	9.038E-01	9.038E-01
9.000E-02	9.028E-01	6.351E-04	9.022E-01	9.035E-01	9.029E-01	9.027E-01	9.028E-01	9.028E-01
1.000E-01	9.018E-01	6.216E-04	9.012E-01	9.024E-01	9.019E-01	9.017E-01	9.018E-01	9.018E-01
1.100E-01	9.007E-01	6.078E-04	9.001E-01	9.013E-01	9.008E-01	9.006E-01	9.007E-01	9.007E-01
1.200E-01	8.995E-01	5.938E-04	8.990E-01	9.001E-01	8.996E-01	8.995E-01	8.995E-01	8.996E-01
1.300E-01	8.983E-01	5.796E-04	8.978E-01	8.989E-01	8.984E-01	8.982E-01	8.983E-01	8.983E-01
1.400E-01	8.971E-01	5.653E-04	8.965E-01	8.976E-01	8.972E-01	8.970E-01	8.970E-01	8.971E-01
1.500E-01	8.957E-01	5.508E-04	8.952E-01	8.963E-01	8.958E-01	8.956E-01	8.957E-01	8.957E-01
1.600E-01	8.943E-01	5.363E-04	8.938E-01	8.949E-01	8.944E-01	8.942E-01	8.943E-01	8.943E-01
1.700E-01	8.929E-01	5.217E-04	8.924E-01	8.934E-01	8.930E-01	8.928E-01	8.929E-01	8.929E-01
1.800E-01	8.914E-01	5.070E-04	8.909E-01	8.919E-01	8.915E-01	8.913E-01	8.914E-01	8.914E-01
1.900E-01	8.899E-01	4.923E-04	8.894E-01	8.903E-01	8.899E-01	8.898E-01	8.898E-01	8.899E-01
2.000E-01	8.883E-01	4.777E-04	8.878E-01	8.887E-01	8.884E-01	8.882E-01	8.882E-01	8.883E-01
2.100E-01	8.866E-01	4.630E-04	8.862E-01	8.871E-01	8.867E-01	8.865E-01	8.866E-01	8.866E-01
2.200E-01	8.849E-01	4.484E-04	8.845E-01	8.854E-01	8.850E-01	8.848E-01	8.849E-01	8.849E-01
2.300E-01	8.832E-01	4.338E-04	8.828E-01	8.836E-01	8.833E-01	8.831E-01	8.832E-01	8.832E-01
2.400E-01	8.814E-01	4.193E-04	8.810E-01	8.818E-01	8.815E-01	8.813E-01	8.814E-01	8.814E-01
2.500E-01	8.796E-01	4.048E-04	8.792E-01	8.800E-01	8.797E-01	8.795E-01	8.796E-01	8.796E-01
2.600E-01	8.777E-01	3.905E-04	8.773E-01	8.781E-01	8.778E-01	8.776E-01	8.777E-01	8.777E-01
2.700E-01	8.758E-01	3.763E-04	8.755E-01	8.762E-01	8.759E-01	8.757E-01	8.758E-01	8.758E-01
2.800E-01	8.739E-01	3.622E-04	8.735E-01	8.742E-01	8.740E-01	8.738E-01	8.739E-01	8.739E-01
2.900E-01	8.719E-01	3.482E-04	8.716E-01	8.722E-01	8.720E-01	8.718E-01	8.719E-01	8.719E-01
3.000E-01	8.699E-01	3.344E-04	8.695E-01	8.702E-01	8.700E-01	8.698E-01	8.698E-01	8.699E-01
3.100E-01	8.678E-01	3.207E-04	8.675E-01	8.681E-01	8.679E-01	8.677E-01	8.678E-01	8.678E-01
3.200E-01	8.657E-01	3.072E-04	8.654E-01	8.660E-01	8.658E-01	8.656E-01	8.657E-01	8.657E-01
3.300E-01	8.636E-01	2.938E-04	8.633E-01	8.638E-01	8.636E-01	8.635E-01	8.635E-01	8.636E-01
3.400E-01	8.614E-01	2.807E-04	8.611E-01	8.616E-01	8.615E-01	8.613E-01	8.614E-01	8.614E-01
3.500E-01	8.592E-01	2.677E-04	8.589E-01	8.594E-01	8.593E-01	8.591E-01	8.592E-01	8.592E-01
3.600E-01	8.569E-01	2.550E-04	8.567E-01	8.572E-01	8.570E-01	8.568E-01	8.569E-01	8.569E-01
3.700E-01	8.547E-01	2.425E-04	8.544E-01	8.549E-01	8.547E-01	8.546E-01	8.546E-01	8.547E-01
3.800E-01	8.523E-01	2.302E-04	8.521E-01	8.526E-01	8.524E-01	8.523E-01	8.523E-01	8.524E-01
3.900E-01	8.500E-01	2.182E-04	8.498E-01	8.502E-01	8.501E-01	8.499E-01	8.500E-01	8.500E-01
4.000E-01	8.476E-01	2.064E-04	8.474E-01	8.478E-01	8.477E-01	8.475E-01	8.476E-01	8.476E-01
4.100E-01	8.452E-01	1.950E-04	8.450E-01	8.454E-01	8.453E-01	8.451E-01	8.452E-01	8.452E-01
4.200E-01	8.428E-01	1.838E-04	8.426E-01	8.429E-01	8.429E-01	8.427E-01	8.428E-01	8.428E-01
4.300E-01	8.403E-01	1.730E-04	8.402E-01	8.405E-01	8.404E-01	8.402E-01	8.403E-01	8.403E-01
4.400E-01	8.378E-01	1.625E-04	8.377E-01	8.380E-01	8.379E-01	8.377E-01	8.378E-01	8.379E-01
4.500E-01	8.353E-01	1.525E-04	8.352E-01	8.354E-01	8.354E-01	8.352E-01	8.353E-01	8.353E-01
4.600E-01	8.328E-01	1.429E-04	8.326E-01	8.329E-01	8.328E-01	8.327E-01	8.327E-01	8.328E-01
4.700E-01	8.302E-01	1.337E-04	8.301E-01	8.303E-01	8.303E-01	8.301E-01	8.302E-01	8.302E-01
4.800E-01	8.276E-01	1.251E-04	8.275E-01	8.277E-01	8.277E-01	8.275E-01	8.276E-01	8.276E-01
4.900E-01	8.250E-01	1.170E-04	8.249E-01	8.250E-01	8.250E-01	8.249E-01	8.249E-01	8.250E-01
5.000E-01	8.223E-01	1.096E-04	8.222E-01	8.224E-01	8.224E-01	8.222E-01	8.223E-01	8.223E-01
5.100E-01	8.196E-01	1.029E-04	8.196E-01	8.197E-01	8.197E-01	8.195E-01	8.196E-01	8.196E-01
5.200E-01	8.169E-01	9.703E-05	8.169E-01	8.170E-01	8.170E-01	8.168E-01	8.169E-01	8.169E-01
5.300E-01	8.142E-01	9.204E-05	8.141E-01	8.142E-01	8.143E-01	8.141E-01	8.142E-01	8.142E-01
5.400E-01	8.114E-01	8.802E-05	8.114E-01	8.115E-01	8.115E-01	8.114E-01	8.114E-01	8.115E-01
5.500E-01	8.087E-01	8.502E-05	8.086E-01	8.087E-01	8.087E-01	8.086E-01	8.086E-01	8.087E-01
5.600E-01	8.059E-01	8.308E-05	8.059E-01	8.059E-01	8.059E-01	8.058E-01	8.058E-01	8.059E-01
5.700E-01	8.030E-01	8.221E-05	8.030E-01	8.030E-01	8.031E-01	8.030E-01	8.030E-01	8.031E-01
5.800E-01	8.002E-01	8.235E-05	8.002E-01	8.002E-01	8.003E-01	8.001E-01	8.002E-01	8.002E-01
5.900E-01	7.973E-01	8.344E-05	7.974E-01	7.973E-01	7.974E-01	7.973E-01	7.973E-01	7.974E-01
6.000E-01	7.945E-01	8.537E-05	7.945E-01	7.944E-01	7.945E-01	7.944E-01	7.944E-01	7.945E-01
6.100E-01	7.916E-01	8.801E-05	7.916E-01	7.915E-01	7.916E-01	7.915E-01	7.915E-01	7.916E-01
6.200E-01	7.886E-01	9.124E-05	7.887E-01	7.886E-01	7.887E-01	7.886E-01	7.886E-01	7.887E-01
6.300E-01	7.857E-01	9.495E-05	7.858E-01	7.856E-01	7.858E-01	7.856E-01	7.857E-01	7.857E-01
6.400E-01	7.827E-01	9.902E-05	7.828E-01	7.827E-01	7.828E-01	7.827E-01	7.827E-01	7.828E-01
6.500E-01	7.798E-01	1.034E-04	7.798E-01	7.797E-01	7.798E-01	7.797E-01	7.797E-01	7.798E-01
6.600E-01	7.768E-01	1.079E-04	7.768E-01	7.767E-01	7.768E-01	7.767E-01	7.767E-01	7.768E-01
6.700E-01	7.738E-01	1.126E-04	7.738E-01	7.737E-01	7.738E-01	7.737E-01	7.737E-01	7.738E-01
6.800E-01	7.707E-01	1.173E-04	7.708E-01	7.706E-01	7.708E-01	7.707E-01	7.707E-01	7.708E-01
6.900E-01	7.677E-01	1.221E-04	7.678E-01	7.676E-01	7.678E-01	7.676E-01	7.677E-01	7.677E-01
7.000E-01	7.646E-01	1.268E-04	7.647E-01	7.645E-01	7.647E-01	7.646E-01	7.646E-01	7.647E-01
7.100E-01	7.616E-01	1.315E-04	7.617E-01	7.615E-01	7.616E-01	7.615E-01	7.615E-01	7.616E-01
7.200E-01	7.585E-01	1.362E-04	7.586E-01	7.584E-01	7.585E-01	7.584E-01	7.584E-01	7.585E-01
7.300E-01	7.554E-01	1.407E-04	7.555E-01	7.553E-01	7.554E-01	7.553E-01	7.553E-01	7.554E-01
7.400E-01	7.523E-01	1.452E-04	7.524E-01	7.521E-01	7.523E-01	7.522E-01	7.522E-01	7.523E-01
7.500E-01	7.491E-01	1.495E-04	7.493E-01	7.490E-01	7.492E-01	7.491E-01	7.491E-01	7.492E-01
7.600E-01	7.460E-01	1.537E-04	7.461E-01	7.458E-01	7.460E-01	7.459E-01	7.459E-01	7.460E-01
7.700E-01	7.428E-01	1.578E-04	7.430E-01	7.427E-01	7.429E-01	7.428E-01	7.428E-01	7.429E-01
7.800E-01	7.397E-01	1.617E-04	7.398E-01	7.395E-01	7.397E-01	7.396E-01	7.396E-01	7.397E-01
7.900E-01	7.365E-01	1.654E-04	7.366E-01	7.363E-01	7.365E-01	7.364E-01	7.364E-01	7.365E-01
8.000E-01	7.333E-01	1.690E-04	7.334E-01	7.331E-01	7.333E-01	7.332E-01	7.332E-01	7.333E-01
8.100E-01	7.301E-01	1.724E-04	7.302E-01	7.299E-01	7.301E-01	7.300E-01	7.300E-01	7.301E-01
8.200E-01	7.269E-01	1.757E-04	7.270E-01	7.267E-01	7.269E-01	7.268E-01	7.268E-01	7.269E-01
8.300E-01	7.236E-01	1.787E-04	7.238E-01	7.235E-01	7.237E-01	7.236E-01	7.236E-01	7.237E-01
8.400E-01	7.204E-01	1.816E-04	7.206E-01	7.202E-01	7.205E-01	7.203E-01	7.204E-01	7.204E-01
8.500E-01	7.172E-01	1.844E-04	7.173E-01	7.170E-01	7.172E-01	7.171E-01	7.171E-01	7.172E-01
8.600E-01	7.139E-01	1.869E-04	7.141E-01	7.137E-01	7.140E-01	7.138E-01	7.139E-01	7.139E-01
8.700E-01	7.106E-01	1.893E-04	7.108E-01	7.105E-01	7.107E-01	7.106E-01	7.106E-01	7.107E-01
8.800E-01	7.074E-01	1.915E-04	7.075E-01	7.072E-01	7.074E-01	7.073E-01	7.073E-01	7.074E-01
8.900E-01	7.041E-01	1.935E-04	7.043E-01	7.039E-01	7.041E-01	7.040E-01	7.040E-01	7.041E-01
9.000E-01	7.008E-01	1.953E-04	7.010E-01	7.006E-01	7.009E-01	7.007E-01	7.008E-01	7.008E-01
9.100E-01	6.975E-01	1.970E-04	6.977E-01	6.973E-01	6.976E-01	6.974E-01	6.975E-01	6.975E-01
9.200E-01	6.942E-01	1.984E-04	6.944E-01	6.940E-01	6.943E-01	6.941E-01	6.942E-01	6.942E-01
9.300E-01	6.909E-01	1.997E-04	6.911E-01	6.907E-01	6.909E-01	6.908E-01	6.908E-01	6.909E-01
9.400E-01	6.876E-01	2.008E-04	6.878E-01	6.874E-01	6.876E-01	6.875E-01	6.875E-01	6.876E-01
9.500E-01	6.842E-01	2.018E-04	6.844E-01	6.841E-01	6.843E-01	6.842E-01	6.842E-01	6.843E-01
9.600E-01	6.809E-01	2.025E-04	6.811E-01	6.807E-01	6.810E-01	6.809E-01	6.809E-01	6.810E-01
9.700E-01	6.776E-01	2.031E-04	6.778E-01	6.774E-01	6.776E-01	6.775E-01	6.775E-01	6.776E-01
9.800E-01	6.742E-01	2.035E-04	6.744E-01	6.740E-01	6.743E-01	6.742E-01	6.742E-01	6.743E-01
9.900E-01	6.709E-01	2.038E-04	6.711E-01	6.707E-01	6.709E-01	6.708E-01	6.709E-01	6.709E-01
1.000E+00	6.675E-01	2.038E-04	6.677E-01	6.674E-01	6.676E-01	6.675E-01	6.675E-01	6.676E-01
1.010E+00	6.642E-01	2.037E-04	6.644E-01	6.640E-01	6.642E-01	6.641E-01	6.642E-01	6.642E-01
1.020E+00	6.608E-01	2.035E-04	6.610E-01	6.606E-01	6.609E-01	6.608E-01	6.608E-01	6.609E-01
1.030E+00	6.575E-01	2.030E-04	6.577E-01	6.573E-01	6.575E-01	6.574E-01	6.574E-01	6.575E-01
1.040E+00	6.541E-01	2.024E-04	6.543E-01	6.539E-01	6.542E-01	6.541E-01	6.541E-01	6.542E-01
1.050E+00	6.507E-01	2.017E-04	6.509E-01	6.506E-01	6.508E-01	6.507E-01	6.507E-01	6.508E-01
1.060E+00	6.474E-01	2.008E-04	6.476E-01	6.472E-01	6.474E-01	6.473E-01	6.473E-01	6.474E-01
1.070E+00	6.440E-01	1.997E-04	6.442E-01	6.438E-01	6.440E-01	6.440E-01	6.440E-01	6.440E-01
1.080E+00	6.406E-01	1.985E-04	6.408E-01	6.404E-01	6.407E-01	6.406E-01	6.406E-01	6.407E-01
1.090E+00	6.372E-01	1.971E-04	6.374E-01	6.371E-01	6.373E-01	6.372E-01	6.372E-01	6.373E-01
1.100E+00	6.339E-01	1.956E-04	6.341E-01	6.337E-01	6.339E-01	6.338E-01	6.338E-01	6.339E-01
1.110E+00	6.305E-01	1.939E-04	6.307E-01	6.303E-01	6.305E-01	6.304E-01	6.304E-01	6.305E-01
1.120E+00	6.271E-01	1.921E-04	6.273E-01	6.269E-01	6.272E-01	6.271E-01	6.271E-01	6.272E-01
1.130E+00	6.237E-01	1.902E-04	6.239E-01	6.235E-01	6.238E-01	6.237E-01	6.237E-01	6.238E-01
1.140E+00	6.203E-01	1.881E-04	6.205E-01	6.202E-01	6.204E-01	6.203E-01	6.203E-01	6.204E-01
1.150E+00	6.170E-01	1.858E-04	6.171E-01	6.168E-01	6.170E-01	6.169E-01	6.169E-01	6.170E-01
1.160E+00	6.136E-01	1.835E-04	6.138E-01	6.134E-01	6.136E-01	6.135E-01	6.135E-01	6.136E-01
1.170E+00	6.102E-01	1.810E-04	6.104E-01	6.100E-01	6.102E-01	6.102E-01	6.102E-01	6.102E-01
1.180E+00	6.068E-01	1.783E-04	6.070E-01	6.066E-01	6.069E-01	6.068E-01	6.068E-01	6.069E-01
1.190E+00	6.034E-01	1.756E-04	6.036E-01	6.033E-01	6.035E-01	6.034E-01	6.034E-01	6.035E-01
1.200E+00	6.001E-01	1.727E-04	6.002E-01	5.999E-01	6.001E-01	6.000E-01	6.000E-01	6.001E-01
1.210E+00	5.967E-01	1.697E-04	5.968E-01	5.965E-01	5.967E-01	5.966E-01	5.966E-01	5.967E-01
1.220E+00	5.933E-01	1.666E-04	5.935E-01	5.931E-01	5.933E-01	5.933E-01	5.933E-01	5.933E-01
1.230E+00	5.899E-01	1.633E-04	5.901E-01	5.898E-01	5.900E-01	5.899E-01	5.899E-01	5.900E-01
1.240E+00	5.866E-01	1.600E-04	5.867E-01	5.864E-01	5.866E-01	5.865E-01	5.865E-01	5.866E-01
1.250E+00	5.832E-01	1.566E-04	5.833E-01	5.830E-01	5.832E-01	5.831E-01	5.831E-01	5.832E-01
1.260E+00	5.798E-01	1.530E-04	5.800E-01	5.797E-01	5.798E-01	5.798E-01	5.798E-01	5.799E-01
1.270E+00	5.764E-01	1.494E-04	5.766E-01	5.763E-01	5.765E-01	5.764E-01	5.764E-01	5.765E-01
1.280E+00	5.731E-01	1.456E-04	5.732E-01	5.730E-01	5.731E-01	5.731E-01	5.730E-01	5.731E-01
1.290E+00	5.697E-01	1.418E-04	5.699E-01	5.696E-01	5.698E-01	5.697E-01	5.697E-01	5.698E-01
1.300E+00	5.664E-01	1.379E-04	5.665E-01	5.662E-01	5.664E-01	5.663E-01	5.663E-01	5.664E-01
1.310E+00	5.630E-01	1.339E-04	5.631E-01	5.629E-01	5.630E-01	5.630E-01	5.630E-01	5.631E-01
1.320E+00	5.597E-01	1.299E-04	5.598E-01	5.596E-01	5.597E-01	5.596E-01	5.596E-01	5.597E-01
1.330E+00	5.563E-01	1.257E-04	5.564E-01	5.562E-01	5.564E-01	5.563E-01	5.563E-01	5.564E-01
1.340E+00	5.530E-01	1.216E-04	5.531E-01	5.529E-01	5.530E-01	5.530E-01	5.529E-01	5.530E-01
1.350E+00	5.496E-01	1.173E-04	5.498E-01	5.495E-01	5.497E-01	5.496E-01	5.496E-01	5.497E-01
1.360E+00	5.463E-01	1.130E-04	5.464E-01	5.462E-01	5.463E-01	5.463E-01	5.463E-01	5.464E-01
1.370E+00	5.430E-01	1.087E-04	5.431E-01	5.429E-01	5.430E-01	5.430E-01	5.429E-01	5.430E-01
1.380E+00	5.397E-01	1.044E-04	5.398E-01	5.396E-01	5.397E-01	5.396E-01	5.396E-01	5.397E-01
1.390E+00	5.364E-01	1.000E-04	5.364E-01	5.363E-01	5.364E-01	5.363E-01	5.363E-01	5.364E-01
1.400E+00	5.330E-01	9.570E-05	5.331E-01	5.330E-01	5.331E-01	5.330E-01	5.330E-01	5.331E-01
1.410E+00	5.297E-01	9.139E-05	5.298E-01	5.297E-01	5.298E-01	5.297E-01	5.297E-01	5.298E-01
1.420E+00	5.264E-01	8.712E-05	5.265E-01	5.264E-01	5.265E-01	5.264E-01	5.264E-01	5.265E-01
1.430E+00	5.231E-01	8.291E-05	5.232E-01	5.231E-01	5.232E-01	5.231E-01	5.231E-01	5.232E-01
1.440E+00	5.199E-01	7.881E-05	5.199E-01	5.198E-01	5.199E-01	5.198E-01	5.198E-01	5.199E-01
1.450E+00	5.166E-01	7.483E-05	5.166E-01	5.165E-01	5.166E-01	5.166E-01	5.165E-01	5.166E-01
1.460E+00	5.133E-01	7.103E-05	5.133E-01	5.133E-01	5.133E-01	5.133E-01	5.133E-01	5.134E-01
1.470E+00	5.100E-01	6.745E-05	5.101E-01	5.100E-01	5.101E-01	5.100E-01	5.100E-01	5.101E-01
1.480E+00	5.068E-01	6.416E-05	5.068E-01	5.067E-01	5.068E-01	5.068E-01	5.067E-01	5.068E-01
1.490E+00	5.035E-01	6.120E-05	5.035E-01	5.035E-01	5.035E-01	5.035E-01	5.035E-01	5.036E-01
1.500E+00	5.003E-01	5.867E-05	5.003E-01	5.003E-01	5.003E-01	5.003E-01	5.002E-01	5.003E-01
1.510E+00	4.970E-01	5.662E-05	4.971E-01	4.970E-01	4.971E-01	4.970E-01	4.970E-01	4.971E-01
1.520E+00	4.938E-01	5.515E-05	4.938E-01	4.938E-01	4.938E-01	4.938E-01	4.938E-01	4.939E-01
1.530E+00	4.906E-01	5.431E-05	4.906E-01	4.906E-01	4.906E-01	4.906E-01	4.905E-01	4.906E-01
1.540E+00	4.874E-01	5.416E-05	4.874E-01	4.874E-01	4.874E-01	4.873E-01	4.873E-01	4.874E-01
1.550E+00	4.842E-01	5.472E-05	4.841E-01	4.842E-01	4.842E-01	4.841E-01	4.841E-01	4.842E-01
1.560E+00	4.810E-01	5.598E-05	4.809E-01	4.810E-01	4.810E-01	4.809E-01	4.809E-01	4.810E-01
1.570E+00	4.778E-01	5.791E-05	4.777E-01	4.778E-01	4.778E-01	4.778E-01	4.777E-01	4.778E-01
1.580E+00	4.746E-01	6.046E-05	4.746E-01	4.746E-01	4.746E-01	4.746E-01	4.745E-01	4.746E-01
1.590E+00	4.714E-01	6.357E-05	4.714E-01	4.714E-01	4.714E-01	4.714E-01	4.714E-01	4.715E-01
1.600E+00	4.682E-01	6.718E-05	4.682E-01	4.683E-01	4.683E-01	4.682E-01	4.682E-01	4.683E-01
1.610E+00	4.651E-01	7.122E-05	4.650E-01	4.651E-01	4.651E-01	4.651E-01	4.650E-01	4.651E-01
1.620E+00	4.619E-01	7.562E-05	4.619E-01	4.620E-01	4.620E-01	4.619E-01	4.619E-01	4.620E-01
1.630E+00	4.588E-01	8.033E-05	4.587E-01	4.589E-01	4.588E-01	4.588E-01	4.587E-01	4.589E-01
1.640E+00	4.557E-01	8.532E-05	4.556E-01	4.557E-01	4.557E-01	4.557E-01	4.556E-01	4.557E-01
1.650E+00	4.526E-01	9.054E-05	4.525E-01	4.526E-01	4.526E-01	4.525E-01	4.525E-01	4.526E-01
1.660E+00	4.494E-01	9.595E-05	4.494E-01	4.495E-01	4.495E-01	4.494E-01	4.494E-01	4.495E-01
1.670E+00	4.463E-01	1.015E-04	4.463E-01	4.464E-01	4.464E-01	4.463E-01	4.463E-01	4.464E-01
1.680E+00	4.433E-01	1.073E-04	4.432E-01	4.433E-01	4.433E-01	4.432E-01	4.432E-01	4.433E-01
1.690E+00	4.402E-01	1.131E-04	4.401E-01	4.403E-01	4.402E-01	4.402E-01	4.401E-01	4.402E-01
1.700E+00	4.371E-01	1.191E-04	4.370E-01	4.372E-01	4.371E-01	4.371E-01	4.370E-01	4.372E-01
1.710E+00	4.340E-01	1.252E-04	4.339E-01	4.342E-01	4.340E-01	4.340E-01	4.340E-01	4.341E-01
1.720E+00	4.310E-01	1.313E-04	4.309E-01	4.311E-01	4.310E-01	4.310E-01	4.309E-01	4.310E-01
1.730E+00	4.280E-01	1.375E-04	4.278E-01	4.281E-01	4.280E-01	4.279E-01	4.279E-01	4.280E-01
1.740E+00	4.249E-01	1.438E-04	4.248E-01	4.251E-01	4.249E-01	4.249E-01	4.249E-01	4.250E-01
1.750E+00	4.219E-01	1.501E-04	4.218E-01	4.220E-01	4.219E-01	4.219E-01	4.218E-01	4.220E-01
1.760E+00	4.189E-01	1.565E-04	4.188E-01	4.190E-01	4.189E-01	4.189E-01	4.188E-01	4.189E-01
1.770E+00	4.159E-01	1.630E-04	4.157E-01	4.161E-01	4.159E-01	4.159E-01	4.158E-01	4.160E-01
1.780E+00	4.129E-01	1.694E-04	4.128E-01	4.131E-01	4.129E-01	4.129E-01	4.129E-01	4.130E-01
1.790E+00	4.099E-01	1.759E-04	4.098E-01	4.101E-01	4.099E-01	4.099E-01	4.099E-01	4.100E-01
1.800E+00	4.070E-01	1.825E-04	4.068E-01	4.071E-01	4.070E-01	4.070E-01	4.069E-01	4.070E-01
1.810E+00	4.040E-01	1.890E-04	4.038E-01	4.042E-01	4.040E-01	4.040E-01	4.040E-01	4.041E-01
1.820E+00	4.011E-01	1.956E-04	4.009E-01	4.013E-01	4.011E-01	4.011E-01	4.010E-01	4.011E-01
1.830E+00	3.981E-01	2.022E-04	3.980E-01	3.983E-01	3.981E-01	3.981E-01	3.981E-01	3.982E-01
1.840E+00	3.952E-01	2.088E-04	3.950E-01	3.954E-01	3.952E-01	3.952E-01	3.952E-01	3.953E-01
1.850E+00	3.923E-01	2.154E-04	3.921E-01	3.925E-01	3.923E-01	3.923E-01	3.923E-01	3.924E-01
1.860E+00	3.894E-01	2.220E-04	3.892E-01	3.896E-01	3.894E-01	3.894E-01	3.894E-01	3.895E-01
1.870E+00	3.865E-01	2.286E-04	3.863E-01	3.868E-01	3.865E-01	3.865E-01	3.865E-01	3.866E-01
1.880E+00	3.837E-01	2.352E-04	3.834E-01	3.839E-01	3.837E-01	3.837E-01	3.836E-01	3.837E-01
1.890E+00	3.808E-01	2.418E-04	3.806E-01	3.810E-01	3.808E-01	3.808E-01	3.807E-01	3.809E-01
1.900E+00	3.780E-01	2.485E-04	3.777E-01	3.782E-01	3.780E-01	3.780E-01	3.779E-01	3.780E-01
1.910E+00	3.751E-01	2.551E-04	3.749E-01	3.754E-01	3.751E-01	3.751E-01	3.751E-01	3.752E-01
1.920E+00	3.723E-01	2.617E-04	3.720E-01	3.726E-01	3.723E-01	3.723E-01	3.722E-01	3.723E-01
1.930E+00	3.695E-01	2.682E-04	3.692E-01	3.697E-01	3.695E-01	3.695E-01	3.694E-01	3.695E-01
1.940E+00	3.667E-01	2.748E-04	3.664E-01	3.669E-01	3.667E-01	3.667E-01	3.666E-01	3.667E-01
1.950E+00	3.639E-01	2.814E-04	3.636E-01	3.642E-01	3.639E-01	3.639E-01	3.638E-01	3.639E-01
1.960E+00	3.611E-01	2.879E-04	3.608E-01	3.614E-01	3.611E-01	3.611E-01	3.611E-01	3.612E-01
1.970E+00	3.583E-01	2.945E-04	3.581E-01	3.586E-01	3.583E-01	3.584E-01	3.583E-01	3.584E-01
1.980E+00	3.556E-01	3.010E-04	3.553E-01	3.559E-01	3.556E-01	3.556E-01	3.555E-01	3.557E-01
1.990E+00	3.529E-01	3.074E-04	3.526E-01	3.532E-01	3.529E-01	3.529E-01	3.528E-01	3.529E-01
2.000E+00	3.501E-01	3.139E-04	3.498E-01	3.504E-01	3.501E-01	3.501E-01	3.501E-01	3.502E-01
2.010E+00	3.474E-01	3.203E-04	3.471E-01	3.477E-01	3.474E-01	3.474E-01	3.474E-01	3.475E-01
2.020E+00	3.447E-01	3.268E-04	3.444E-01	3.450E-01	3.447E-01	3.447E-01	3.447E-01	3.448E-01
2.030E+00	3.420E-01	3.331E-04	3.417E-01	3.424E-01	3.420E-01	3.420E-01	3.420E-01	3.421E-01
2.040E+00	3.394E-01	3.395E-04	3.390E-01	3.397E-01	3.393E-01	3.394E-01	3.393E-01	3.394E-01
2.050E+00	3.367E-01	3.458E-04	3.363E-01	3.370E-01	3.367E-01	3.367E-01	3.366E-01	3.367E-01
2.060E+00	3.340E-01	3.521E-04	3.337E-01	3.344E-01	3.340E-01	3.340E-01	3.340E-01	3.341E-01
2.070E+00	3.314E-01	3.584E-04	3.310E-01	3.318E-01	3.314E-01	3.314E-01	3.313E-01	3.315E-01
2.080E+00	3.288E-01	3.646E-04	3.284E-01	3.291E-01	3.288E-01	3.288E-01	3.287E-01	3.288E-01
2.090E+00	3.262E-01	3.708E-04	3.258E-01	3.265E-01	3.262E-01	3.262E-01	3.261E-01	3.262E-01
2.100E+00	3.236E-01	3.769E-04	3.232E-01	3.239E-01	3.236E-01	3.236E-01	3.235E-01	3.236E-01
2.110E+00	3.210E-01	3.830E-04	3.206E-01	3.214E-01	3.210E-01	3.210E-01	3.209E-01	3.210E-01
2.120E+00	3.184E-01	3.891E-04	3.180E-01	3.188E-01	3.184E-01	3.184E-01	3.184E-01	3.185E-01
2.130E+00	3.158E-01	3.951E-04	3.155E-01	3.162E-01	3.158E-01	3.159E-01	3.158E-01	3.159E-01
2.140E+00	3.133E-01	4.011E-04	3.129E-01	3.137E-01	3.133E-01	3.133E-01	3.132E-01	3.134E-01
2.150E+00	3.108E-01	4.071E-04	3.104E-01	3.112E-01	3.108E-01	3.108E-01	3.107E-01	3.108E-01
2.160E+00	3.082E-01	4.130E-04	3.078E-01	3.087E-01	3.082E-01	3.083E-01	3.082E-01	3.083E-01
2.170E+00	3.057E-01	4.189E-04	3.053E-01	3.062E-01	3.057E-01	3.058E-01	3.057E-01	3.058E-01
2.180E+00	3.032E-01	4.247E-04	3.028E-01	3.037E-01	3.032E-01	3.033E-01	3.032E-01	3.033E-01
2.190E+00	3.008E-01	4.304E-04	3.003E-01	3.012E-01	3.008E-01	3.008E-01	3.007E-01	3.008E-01
2.200E+00	2.983E-01	4.362E-04	2.979E-01	2.987E-01	2.983E-01	2.983E-01	2.982E-01	2.984E-01
2.210E+00	2.958E-01	4.418E-04	2.954E-01	2.963E-01	2.958E-01	2.959E-01	2.958E-01	2.959E-01
2.220E+00	2.934E-01	4.475E-04	2.930E-01	2.938E-01	2.934E-01	2.934E-01	2.933E-01	2.935E-01
2.230E+00	2.910E-01	4.530E-04	2.905E-01	2.914E-01	2.910E-01	2.910E-01	2.909E-01	2.910E-01
2.240E+00	2.886E-01	4.586E-04	2.881E-01	2.890E-01	2.885E-01	2.886E-01	2.885E-01	2.886E-01
2.250E+00	2.862E-01	4.640E-04	2.857E-01	2.866E-01	2.861E-01	2.862E-01	2.861E-01	2.862E-01
2.260E+00	2.838E-01	4.695E-04	2.833E-01	2.842E-01	2.838E-01	2.838E-01	2.837E-01	2.838E-01
2.270E+00	2.814E-01	4.748E-04	2.809E-01	2.819E-01	2.814E-01	2.814E-01	2.813E-01	2.814E-01
2.280E+00	2.790E-01	4.801E-04	2.786E-01	2.795E-01	2.790E-01	2.790E-01	2.790E-01	2.791E-01
2.290E+00	2.767E-01	4.854E-04	2.762E-01	2.772E-01	2.767E-01	2.767E-01	2.766E-01	2.767E-01
2.300E+00	2.744E-01	4.906E-04	2.739E-01	2.748E-01	2.743E-01	2.744E-01	2.743E-01	2.744E-01
2.310E+00	2.720E-01	4.958E-04	2.715E-01	2.725E-01	2.720E-01	2.720E-01	2.720E-01	2.721E-01
2.320E+00	2.697E-01	5.009E-04	2.692E-01	2.702E-01	2.697E-01	2.697E-01	2.697E-01	2.698E-01
2.330E+00	2.674E-01	5.059E-04	2.669E-01	2.679E-01	2.674E-01	2.674E-01	2.674E-01	2.675E-01
2.340E+00	2.651E-01	5.109E-04	2.646E-01	2.657E-01	2.651E-01	2.652E-01	2.651E-01	2.652E-01
2.350E+00	2.629E-01	5.158E-04	2.624E-01	2.634E-01	2.629E-01	2.629E-01	2.628E-01	2.629E-01
2.360E+00	2.606E-01	5.207E-04	2.601E-01	2.611E-01	2.606E-01	2.606E-01	2.606E-01	2.607E-01
2.370E+00	2.584E-01	5.255E-04	2.579E-01	2.589E-01	2.584E-01	2.584E-01	2.583E-01	2.584E-01
2.380E+00	2.562E-01	5.302E-04	2.556E-01	2.567E-01	2.561E-01	2.562E-01	2.561E-01	2.562E-01
2.390E+00	2.539E-01	5.349E-04	2.534E-01	2.545E-01	2.539E-01	2.540E-01	2.539E-01	2.540E-01
2.400E+00	2.517E-01	5.395E-04	2.512E-01	2.523E-01	2.517E-01	2.518E-01	2.517E-01	2.518E-01
2.410E+00	2.496E-01	5.441E-04	2.490E-01	2.501E-01	2.495E-01	2.496E-01	2.495E-01	2.496E-01
2.420E+00	2.474E-01	5.486E-04	2.468E-01	2.479E-01	2.474E-01	2.474E-01	2.473E-01	2.474E-01
2.430E+00	2.452E-01	5.530E-04	2.447E-01	2.458E-01	2.452E-01	2.452E-01	2.452E-01	2.453E-01
2.440E+00	2.431E-01	5.574E-04	2.425E-01	2.436E-01	2.431E-01	2.431E-01	2.430E-01	2.431E-01
2.450E+00	2.409E-01	5.617E-04	2.404E-01	2.415E-01	2.409E-01	2.410E-01	2.409E-01	2.410E-01
2.460E+00	2.388E-01	5.659E-04	2.383E-01	2.394E-01	2.388E-01	2.388E-01	2.388E-01	2.389E-01
2.470E+00	2.367E-01	5.701E-04	2.361E-01	2.373E-01	2.367E-01	2.367E-01	2.367E-01	2.368E-01
2.480E+00	2.346E-01	5.743E-04	2.340E-01	2.352E-01	2.346E-01	2.346E-01	2.346E-01	2.347E-01
2.490E+00	2.325E-01	5.783E-04	2.320E-01	2.331E-01	2.325E-01	2.326E-01	2.325E-01	2.326E-01
2.500E+00	2.305E-01	5.823E-04	2.299E-01	2.311E-01	2.305E-01	2.305E-01	2.304E-01	2.305E-01
2.510E+00	2.284E-01	5.862E-04	2.278E-01	2.290E-01	2.284E-01	2.284E-01	2.284E-01	2.285E-01
2.520E+00	2.264E-01	5.901E-04	2.258E-01	2.270E-01	2.264E-01	2.264E-01	2.263E-01	2.264E-01
2.530E+00	2.243E-01	5.939E-04	2.238E-01	2.249E-01	2.243E-01	2.244E-01	2.243E-01	2.244E-01
2.540E+00	2.223E-01	5.977E-04	2.217E-01	2.229E-01	2.223E-01	2.224E-01	2.223E-01	2.224E-01
2.550E+00	2.203E-01	6.013E-04	2.197E-01	2.209E-01	2.203E-01	2.203E-01	2.203E-01	2.204E-01
2.560E+00	2.183E-01	6.049E-04	2.177E-01	2.189E-01	2.183E-01	2.184E-01	2.183E-01	2.184E-01
2.570E+00	2.164E-01	6.085E-04	2.158E-01	2.170E-01	2.163E-01	2.164E-01	2.163E-01	2.164E-01
2.580E+00	2.144E-01	6.120E-04	2.138E-01	2.150E-01	2.144E-01	2.144E-01	2.144E-01	2.145E-01
2.590E+00	2.125E-01	6.154E-04	2.118E-01	2.131E-01	2.124E-01	2.125E-01	2.124E-01	2.125E-01
2.600E+00	2.105E-01	6.187E-04	2.099E-01	2.111E-01	2.105E-01	2.105E-01	2.105E-01	2.106E-01
2.610E+00	2.086E-01	6.220E-04	2.080E-01	2.092E-01	2.086E-01	2.086E-01	2.085E-01	2.086E-01
2.620E+00	2.067E-01	6.252E-04	2.061E-01	2.073E-01	2.067E-01	2.067E-01	2.066E-01	2.067E-01
2.630E+00	2.048E-01	6.283E-04	2.042E-01	2.054E-01	2.048E-01	2.048E-01	2.047E-01	2.048E-01
2.640E+00	2.029E-01	6.314E-04	2.023E-01	2.035E-01	2.029E-01	2.029E-01	2.029E-01	2.030E-01
2.650E+00	2.010E-01	6.344E-04	2.004E-01	2.017E-01	2.010E-01	2.011E-01	2.010E-01	2.011E-01
2.660E+00	1.992E-01	6.374E-04	1.985E-01	1.998E-01	1.992E-01	1.992E-01	1.991E-01	1.992E-01
2.670E+00	1.973E-01	6.403E-04	1.967E-01	1.980E-01	1.973E-01	1.974E-01	1.973E-01	1.974E-01
2.680E+00	1.955E-01	6.431E-04	1.949E-01	1.961E-01	1.955E-01	1.955E-01	1.954E-01	1.955E-01
2.690E+00	1.937E-01	6.458E-04	1.930E-01	1.943E-01	1.937E-01	1.937E-01	1.936E-01	1.937E-01
2.700E+00	1.919E-01	6.485E-04	1.912E-01	1.925E-01	1.918E-01	1.919E-01	1.918E-01	1.919E-01
2.710E+00	1.901E-01	6.511E-04	1.894E-01	1.907E-01	1.901E-01	1.901E-01	1.900E-01	1.901E-01
2.720E+00	1.883E-01	6.537E-04	1.876E-01	1.889E-01	1.883E-01	1.883E-01	1.882E-01	1.883E-01
2.730E+00	1.865E-01	6.562E-04	1.859E-01	1.872E-01	1.865E-01	1.865E-01	1.865E-01	1.866E-01
2.740E+00	1.848E-01	6.586E-04	1.841E-01	1.854E-01	1.847E-01	1.848E-01	1.847E-01	1.848E-01
2.750E+00	1.830E-01	6.610E-04	1.824E-01	1.837E-01	1.830E-01	1.830E-01	1.830E-01	1.831E-01
2.760E+00	1.813E-01	6.633E-04	1.806E-01	1.820E-01	1.813E-01	1.813E-01	1.812E-01	1.813E-01
2.770E+00	1.796E-01	6.655E-04	1.789E-01	1.802E-01	1.796E-01	1.796E-01	1.795E-01	1.796E-01
2.780E+00	1.779E-01	6.676E-04	1.772E-01	1.785E-01	1.778E-01	1.779E-01	1.778E-01	1.779E-01
2.790E+00	1.762E-01	6.697E-04	1.755E-01	1.768E-01	1.761E-01	1.762E-01	1.761E-01	1.762E-01
2.800E+00	1.745E-01	6.718E-04	1.738E-01	1.752E-01	1.745E-01	1.745E-01	1.744E-01	1.745E-01
2.810E+00	1.728E-01	6.737E-04	1.722E-01	1.735E-01	1.728E-01	1.728E-01	1.728E-01	1.729E-01
2.820E+00	1.712E-01	6.756E-04	1.705E-01	1.718E-01	1.711E-01	1.712E-01	1.711E-01	1.712E-01
2.830E+00	1.695E-01	6.775E-04	1.688E-01	1.702E-01	1.695E-01	1.695E-01	1.695E-01	1.696E-01
2.840E+00	1.679E-01	6.792E-04	1.672E-01	1.686E-01	1.679E-01	1.679E-01	1.678E-01	1.679E-01
2.850E+00	1.663E-01	6.810E-04	1.656E-01	1.669E-01	1.662E-01	1.663E-01	1.662E-01	1.663E-01
2.860E+00	1.647E-01	6.826E-04	1.640E-01	1.653E-01	1.646E-01	1.647E-01	1.646E-01	1.647E-01
2.870E+00	1.631E-01	6.842E-04	1.624E-01	1.637E-01	1.630E-01	1.631E-01	1.630E-01	1.631E-01
2.880E+00	1.615E-01	6.857E-04	1.608E-01	1.622E-01	1.615E-01	1.615E-01	1.614E-01	1.615E-01
2.890E+00	1.599E-01	6.872E-04	1.592E-01	1.606E-01	1.599E-01	1.599E-01	1.599E-01	1.599E-01
2.900E+00	1.583E-01	6.886E-04	1.577E-01	1.590E-01	1.583E-01	1.584E-01	1.583E-01	1.584E-01
2.910E+00	1.568E-01	6.899E-04	1.561E-01	1.575E-01	1.568E-01	1.568E-01	1.567E-01	1.568E-01
2.920E+00	1.553E-01	6.912E-04	1.546E-01	1.559E-01	1.552E-01	1.553E-01	1.552E-01	1.553E-01
2.930E+00	1.537E-01	6.924E-04	1.530E-01	1.544E-01	1.537E-01	1.538E-01	1.537E-01	1.538E-01
2.940E+00	1.522E-01	6.935E-04	1.515E-01	1.529E-01	1.522E-01	1.522E-01	1.522E-01	1.523E-01
2.950E+00	1.507E-01	6.946E-04	1.500E-01	1.514E-01	1.507E-01	1.507E-01	1.507E-01	1.508E-01
2.960E+00	1.492E-01	6.956E-04	1.485E-01	1.499E-01	1.492E-01	1.492E-01	1.492E-01	1.493E-01
2.970E+00	1.477E-01	6.966E-04	1.471E-01	1.484E-01	1.477E-01	1.478E-01	1.477E-01	1.478E-01
2.980E+00	1.463E-01	6.975E-04	1.456E-01	1.470E-01	1.463E-01	1.463E-01	1.462E-01	1.463E-01
2.990E+00	1.448E-01	6.983E-04	1.441E-01	1.455E-01	1.448E-01	1.448E-01	1.448E-01	1.449E-01
3.000E+00	1.434E-01	6.991E-04	1.427E-01	1.441E-01	1.434E-01	1.434E-01	1.433E-01	1.434E-01
