1.000E-02	8.925E-01	5.307E-04	8.920E-01	8.930E-01	8.926E-01	8.924E-01	8.925E-01	8.925E-01
2.000E-02	8.922E-01	5.254E-04	8.917E-01	8.927E-01	8.923E-01	8.921E-01	8.922E-01	8.922E-01
3.000E-02	8.918E-01	5.188E-04	8.913E-01	8.923E-01	8.919E-01	8.917E-01	8.918E-01	8.918E-01
4.000E-02	8.913E-01	5.114E-04	8.908E-01	8.918E-01	8.914E-01	8.912E-01	8.913E-01	8.913E-01
5.000E-02	8.907E-01	5.032E-04	8.902E-01	8.912E-01	8.908E-01	8.906E-01	8.907E-01	8.907E-01
6.000E-02	8.900E-01	4.945E-04	8.895E-01	8.905E-01	8.901E-01	8.899E-01	8.900E-01	8.900E-01
7.000E-02	8.892E-01	4.854E-04	8.888E-01	8.897E-01	8.893E-01	8.891E-01	8.892E-01	8.893E-01
8.000E-02	8.884E-01	4.758E-04	8.880E-01	8.889E-01	8.885E-01	8.883E-01	8.884E-01	8.884E-01
9.000E-02	8.875E-01	4.660E-04	8.871E-01	8.880E-01	8.876E-01	8.874E-01	8.875E-01	8.875E-01
1.000E-01	8.866E-01	4.559E-04	8.861E-01	8.870E-01	8.867E-01	8.865E-01	8.865E-01	8.866E-01
1.100E-01	8.855E-01	4.457E-04	8.851E-01	8.860E-01	8.856E-01	8.854E-01	8.855E-01	8.855E-01
1.200E-01	8.844E-01	4.352E-04	8.840E-01	8.849E-01	8.845E-01	8.843E-01	8.844E-01	8.845E-01
1.300E-01	8.833E-01	4.246E-04	8.829E-01	8.837E-01	8.834E-01	8.832E-01	8.833E-01	8.833E-01
1.400E-01	8.821E-01	4.139E-04	8.817E-01	8.825E-01	8.822E-01	8.820E-01	8.821E-01	8.821E-01
1.500E-01	8.808E-01	4.031E-04	8.804E-01	8.812E-01	8.809E-01	8.807E-01	8.808E-01	8.808E-01
1.600E-01	8.795E-01	3.922E-04	8.791E-01	8.799E-01	8.796E-01	8.794E-01	8.795E-01	8.795E-01
1.700E-01	8.782E-01	3.813E-04	8.778E-01	8.785E-01	8.782E-01	8.781E-01	8.781E-01	8.782E-01
1.800E-01	8.767E-01	3.703E-04	8.764E-01	8.771E-01	8.768E-01	8.766E-01	8.767E-01	8.767E-01
1.900E-01	8.753E-01	3.594E-04	8.749E-01	8.756E-01	8.754E-01	8.752E-01	8.753E-01	8.753E-01
2.000E-01	8.737E-01	3.484E-04	8.734E-01	8.741E-01	8.738E-01	8.737E-01	8.737E-01	8.738E-01
2.100E-01	8.722E-01	3.375E-04	8.719E-01	8.725E-01	8.723E-01	8.721E-01	8.722E-01	8.722E-01
2.200E-01	8.706E-01	3.266E-04	8.703E-01	8.709E-01	8.707E-01	8.705E-01	8.706E-01	8.706E-01
2.300E-01	8.689E-01	3.158E-04	8.686E-01	8.692E-01	8.690E-01	8.688E-01	8.689E-01	8.689E-01
2.400E-01	8.672E-01	3.051E-04	8.669E-01	8.675E-01	8.673E-01	8.671E-01	8.672E-01	8.672E-01
2.500E-01	8.655E-01	2.944E-04	8.652E-01	8.658E-01	8.656E-01	8.654E-01	8.655E-01	8.655E-01
2.600E-01	8.637E-01	2.838E-04	8.634E-01	8.640E-01	8.638E-01	8.636E-01	8.637E-01	8.637E-01
2.700E-01	8.619E-01	2.733E-04	8.616E-01	8.621E-01	8.620E-01	8.618E-01	8.619E-01	8.619E-01
2.800E-01	8.600E-01	2.629E-04	8.598E-01	8.603E-01	8.601E-01	8.599E-01	8.600E-01	8.600E-01
2.900E-01	8.581E-01	2.527E-04	8.579E-01	8.583E-01	8.582E-01	8.580E-01	8.581E-01	8.581E-01
3.000E-01	8.562E-01	2.426E-04	8.559E-01	8.564E-01	8.563E-01	8.561E-01	8.561E-01	8.562E-01
3.100E-01	8.542E-01	2.326E-04	8.540E-01	8.544E-01	8.543E-01	8.541E-01	8.542E-01	8.542E-01
3.200E-01	8.522E-01	2.228E-04	8.520E-01	8.524E-01	8.522E-01	8.521E-01	8.521E-01	8.522E-01
3.300E-01	8.501E-01	2.132E-04	8.499E-01	8.503E-01	8.502E-01	8.500E-01	8.501E-01	8.501E-01
3.400E-01	8.480E-01	2.038E-04	8.478E-01	8.482E-01	8.481E-01	8.479E-01	8.480E-01	8.480E-01
3.500E-01	8.459E-01	1.945E-04	8.457E-01	8.460E-01	8.460E-01	8.458E-01	8.459E-01	8.459E-01
3.600E-01	8.437E-01	1.855E-04	8.436E-01	8.439E-01	8.438E-01	8.436E-01	8.437E-01	8.437E-01
3.700E-01	8.415E-01	1.767E-04	8.414E-01	8.417E-01	8.416E-01	8.414E-01	8.415E-01	8.415E-01
3.800E-01	8.393E-01	1.682E-04	8.392E-01	8.394E-01	8.394E-01	8.392E-01	8.393E-01	8.393E-01
3.900E-01	8.370E-01	1.599E-04	8.369E-01	8.372E-01	8.371E-01	8.369E-01	8.370E-01	8.371E-01
4.000E-01	8.347E-01	1.519E-04	8.346E-01	8.349E-01	8.348E-01	8.347E-01	8.347E-01	8.348E-01
4.100E-01	8.324E-01	1.442E-04	8.323E-01	8.325E-01	8.325E-01	8.323E-01	8.324E-01	8.324E-01
4.200E-01	8.301E-01	1.369E-04	8.300E-01	8.302E-01	8.302E-01	8.300E-01	8.300E-01	8.301E-01
4.300E-01	8.277E-01	1.299E-04	8.276E-01	8.278E-01	8.278E-01	8.276E-01	8.277E-01	8.277E-01
4.400E-01	8.253E-01	1.233E-04	8.252E-01	8.254E-01	8.254E-01	8.252E-01	8.252E-01	8.253E-01
4.500E-01	8.228E-01	1.171E-04	8.227E-01	8.229E-01	8.229E-01	8.227E-01	8.228E-01	8.228E-01
4.600E-01	8.204E-01	1.113E-04	8.203E-01	8.204E-01	8.204E-01	8.203E-01	8.203E-01	8.204E-01
4.700E-01	8.179E-01	1.061E-04	8.178E-01	8.179E-01	8.179E-01	8.178E-01	8.178E-01	8.179E-01
4.800E-01	8.153E-01	1.014E-04	8.153E-01	8.154E-01	8.154E-01	8.152E-01	8.153E-01	8.154E-01
4.900E-01	8.128E-01	9.719E-05	8.127E-01	8.128E-01	8.129E-01	8.127E-01	8.128E-01	8.128E-01
5.000E-01	8.102E-01	9.361E-05	8.102E-01	8.102E-01	8.103E-01	8.101E-01	8.102E-01	8.102E-01
5.100E-01	8.076E-01	9.065E-05	8.076E-01	8.076E-01	8.077E-01	8.075E-01	8.076E-01	8.076E-01
5.200E-01	8.050E-01	8.833E-05	8.050E-01	8.050E-01	8.051E-01	8.049E-01	8.050E-01	8.050E-01
5.300E-01	8.023E-01	8.664E-05	8.023E-01	8.023E-01	8.024E-01	8.022E-01	8.023E-01	8.023E-01
5.400E-01	7.996E-01	8.559E-05	7.996E-01	7.996E-01	7.997E-01	7.996E-01	7.996E-01	7.997E-01
5.500E-01	7.969E-01	8.515E-05	7.970E-01	7.969E-01	7.970E-01	7.969E-01	7.969E-01	7.970E-01
5.600E-01	7.942E-01	8.528E-05	7.942E-01	7.942E-01	7.943E-01	7.941E-01	7.942E-01	7.942E-01
5.700E-01	7.915E-01	8.595E-05	7.915E-01	7.915E-01	7.916E-01	7.914E-01	7.915E-01	7.915E-01
5.800E-01	7.887E-01	8.710E-05	7.887E-01	7.887E-01	7.888E-01	7.886E-01	7.887E-01	7.887E-01
5.900E-01	7.859E-01	8.866E-05	7.860E-01	7.859E-01	7.860E-01	7.858E-01	7.859E-01	7.860E-01
6.000E-01	7.831E-01	9.058E-05	7.832E-01	7.831E-01	7.832E-01	7.830E-01	7.831E-01	7.831E-01
6.100E-01	7.803E-01	9.281E-05	7.803E-01	7.802E-01	7.804E-01	7.802E-01	7.803E-01	7.803E-01
6.200E-01	7.774E-01	9.527E-05	7.775E-01	7.774E-01	7.775E-01	7.774E-01	7.774E-01	7.775E-01
6.300E-01	7.746E-01	9.793E-05	7.746E-01	7.745E-01	7.747E-01	7.745E-01	7.746E-01	7.746E-01
6.400E-01	7.717E-01	1.007E-04	7.717E-01	7.716E-01	7.718E-01	7.716E-01	7.717E-01	7.717E-01
6.500E-01	7.688E-01	1.037E-04	7.688E-01	7.687E-01	7.689E-01	7.687E-01	7.688E-01	7.688E-01
6.600E-01	7.659E-01	1.066E-04	7.659E-01	7.658E-01	7.659E-01	7.658E-01	7.658E-01	7.659E-01
6.700E-01	7.629E-01	1.097E-04	7.630E-01	7.628E-01	7.630E-01	7.628E-01	7.629E-01	7.629E-01
6.800E-01	7.600E-01	1.127E-04	7.600E-01	7.599E-01	7.600E-01	7.599E-01	7.599E-01	7.600E-01
6.900E-01	7.570E-01	1.157E-04	7.571E-01	7.569E-01	7.571E-01	7.569E-01	7.570E-01	7.570E-01
7.000E-01	7.540E-01	1.187E-04	7.541E-01	7.539E-01	7.541E-01	7.539E-01	7.540E-01	7.540E-01
7.100E-01	7.510E-01	1.217E-04	7.511E-01	7.509E-01	7.511E-01	7.509E-01	7.510E-01	7.510E-01
7.200E-01	7.480E-01	1.246E-04	7.481E-01	7.479E-01	7.480E-01	7.479E-01	7.479E-01	7.480E-01
7.300E-01	7.449E-01	1.274E-04	7.450E-01	7.448E-01	7.450E-01	7.449E-01	7.449E-01	7.450E-01
7.400E-01	7.419E-01	1.301E-04	7.420E-01	7.418E-01	7.419E-01	7.418E-01	7.418E-01	7.419E-01
7.500E-01	7.388E-01	1.327E-04	7.389E-01	7.387E-01	7.389E-01	7.387E-01	7.388E-01	7.388E-01
7.600E-01	7.357E-01	1.353E-04	7.358E-01	7.356E-01	7.358E-01	7.357E-01	7.357E-01	7.358E-01
7.700E-01	7.326E-01	1.377E-04	7.327E-01	7.325E-01	7.327E-01	7.326E-01	7.326E-01	7.327E-01
7.800E-01	7.295E-01	1.400E-04	7.296E-01	7.294E-01	7.296E-01	7.295E-01	7.295E-01	7.296E-01
7.900E-01	7.264E-01	1.422E-04	7.265E-01	7.263E-01	7.265E-01	7.263E-01	7.264E-01	7.264E-01
8.000E-01	7.233E-01	1.442E-04	7.234E-01	7.231E-01	7.233E-01	7.232E-01	7.232E-01	7.233E-01
8.100E-01	7.201E-01	1.462E-04	7.203E-01	7.200E-01	7.202E-01	7.201E-01	7.201E-01	7.202E-01
8.200E-01	7.170E-01	1.480E-04	7.171E-01	7.168E-01	7.170E-01	7.169E-01	7.169E-01	7.170E-01
8.300E-01	7.138E-01	1.496E-04	7.139E-01	7.137E-01	7.139E-01	7.137E-01	7.138E-01	7.138E-01
8.400E-01	7.106E-01	1.512E-04	7.108E-01	7.105E-01	7.107E-01	7.106E-01	7.106E-01	7.107E-01
8.500E-01	7.074E-01	1.526E-04	7.076E-01	7.073E-01	7.075E-01	7.074E-01	7.074E-01	7.075E-01
8.600E-01	7.042E-01	1.538E-04	7.044E-01	7.041E-01	7.043E-01	7.042E-01	7.042E-01	7.043E-01
8.700E-01	7.010E-01	1.550E-04	7.012E-01	7.009E-01	7.011E-01	7.010E-01	7.010E-01	7.011E-01
8.800E-01	6.978E-01	1.560E-04	6.980E-01	6.977E-01	6.979E-01	6.978E-01	6.978E-01	6.979E-01
8.900E-01	6.946E-01	1.568E-04	6.947E-01	6.945E-01	6.947E-01	6.945E-01	6.946E-01	6.946E-01
9.000E-01	6.914E-01	1.575E-04	6.915E-01	6.912E-01	6.914E-01	6.913E-01	6.913E-01	6.914E-01
9.100E-01	6.881E-01	1.581E-04	6.883E-01	6.880E-01	6.882E-01	6.881E-01	6.881E-01	6.882E-01
9.200E-01	6.849E-01	1.585E-04	6.850E-01	6.847E-01	6.849E-01	6.848E-01	6.848E-01	6.849E-01
9.300E-01	6.816E-01	1.588E-04	6.818E-01	6.815E-01	6.817E-01	6.816E-01	6.816E-01	6.816E-01
9.400E-01	6.783E-01	1.590E-04	6.785E-01	6.782E-01	6.784E-01	6.783E-01	6.783E-01	6.784E-01
9.500E-01	6.751E-01	1.590E-04	6.752E-01	6.749E-01	6.751E-01	6.750E-01	6.750E-01	6.751E-01
9.600E-01	6.718E-01	1.589E-04	6.719E-01	6.717E-01	6.719E-01	6.717E-01	6.718E-01	6.718E-01
9.700E-01	6.685E-01	1.587E-04	6.687E-01	6.684E-01	6.686E-01	6.685E-01	6.685E-01	6.685E-01
9.800E-01	6.652E-01	1.583E-04	6.654E-01	6.651E-01	6.653E-01	6.652E-01	6.652E-01	6.653E-01
9.900E-01	6.619E-01	1.578E-04	6.621E-01	6.618E-01	6.620E-01	6.619E-01	6.619E-01	6.620E-01
1.000E+00	6.586E-01	1.572E-04	6.588E-01	6.585E-01	6.587E-01	6.586E-01	6.586E-01	6.587E-01
1.010E+00	6.553E-01	1.564E-04	6.555E-01	6.552E-01	6.554E-01	6.553E-01	6.553E-01	6.554E-01
1.020E+00	6.520E-01	1.556E-04	6.521E-01	6.519E-01	6.521E-01	6.520E-01	6.520E-01	6.520E-01
1.030E+00	6.487E-01	1.545E-04	6.488E-01	6.486E-01	6.487E-01	6.486E-01	6.487E-01	6.487E-01
1.040E+00	6.454E-01	1.534E-04	6.455E-01	6.452E-01	6.454E-01	6.453E-01	6.453E-01	6.454E-01
1.050E+00	6.421E-01	1.522E-04	6.422E-01	6.419E-01	6.421E-01	6.420E-01	6.420E-01	6.421E-01
1.060E+00	6.387E-01	1.508E-04	6.389E-01	6.386E-01	6.388E-01	6.387E-01	6.387E-01	6.388E-01
1.070E+00	6.354E-01	1.493E-04	6.355E-01	6.353E-01	6.354E-01	6.353E-01	6.354E-01	6.354E-01
1.080E+00	6.321E-01	1.477E-04	6.322E-01	6.319E-01	6.321E-01	6.320E-01	6.320E-01	6.321E-01
1.090E+00	6.287E-01	1.460E-04	6.289E-01	6.286E-01	6.288E-01	6.287E-01	6.287E-01	6.288E-01
1.100E+00	6.254E-01	1.441E-04	6.255E-01	6.253E-01	6.254E-01	6.253E-01	6.254E-01	6.254E-01
1.110E+00	6.221E-01	1.422E-04	6.222E-01	6.219E-01	6.221E-01	6.220E-01	6.220E-01	6.221E-01
1.120E+00	6.187E-01	1.402E-04	6.188E-01	6.186E-01	6.188E-01	6.187E-01	6.187E-01	6.188E-01
1.130E+00	6.154E-01	1.380E-04	6.155E-01	6.153E-01	6.154E-01	6.153E-01	6.153E-01	6.154E-01
1.140E+00	6.120E-01	1.358E-04	6.122E-01	6.119E-01	6.121E-01	6.120E-01	6.120E-01	6.121E-01
1.150E+00	6.087E-01	1.335E-04	6.088E-01	6.086E-01	6.087E-01	6.086E-01	6.086E-01	6.087E-01
1.160E+00	6.053E-01	1.310E-04	6.055E-01	6.052E-01	6.054E-01	6.053E-01	6.053E-01	6.054E-01
1.170E+00	6.020E-01	1.285E-04	6.021E-01	6.019E-01	6.020E-01	6.020E-01	6.020E-01	6.020E-01
1.180E+00	5.987E-01	1.259E-04	5.988E-01	5.985E-01	5.987E-01	5.986E-01	5.986E-01	5.987E-01
1.190E+00	5.953E-01	1.232E-04	5.954E-01	5.952E-01	5.954E-01	5.953E-01	5.953E-01	5.954E-01
1.200E+00	5.920E-01	1.205E-04	5.921E-01	5.919E-01	5.920E-01	5.919E-01	5.919E-01	5.920E-01
1.210E+00	5.886E-01	1.177E-04	5.887E-01	5.885E-01	5.887E-01	5.886E-01	5.886E-01	5.887E-01
1.220E+00	5.853E-01	1.148E-04	5.854E-01	5.852E-01	5.853E-01	5.852E-01	5.852E-01	5.853E-01
1.230E+00	5.819E-01	1.118E-04	5.820E-01	5.819E-01	5.820E-01	5.819E-01	5.819E-01	5.820E-01
1.240E+00	5.786E-01	1.088E-04	5.787E-01	5.785E-01	5.786E-01	5.786E-01	5.786E-01	5.787E-01
1.250E+00	5.753E-01	1.057E-04	5.754E-01	5.752E-01	5.753E-01	5.752E-01	5.752E-01	5.753E-01
1.260E+00	5.719E-01	1.026E-04	5.720E-01	5.719E-01	5.720E-01	5.719E-01	5.719E-01	5.720E-01
1.270E+00	5.686E-01	9.949E-05	5.687E-01	5.685E-01	5.686E-01	5.686E-01	5.686E-01	5.686E-01
1.280E+00	5.653E-01	9.633E-05	5.653E-01	5.652E-01	5.653E-01	5.652E-01	5.652E-01	5.653E-01
1.290E+00	5.619E-01	9.315E-05	5.620E-01	5.619E-01	5.620E-01	5.619E-01	5.619E-01	5.620E-01
1.300E+00	5.586E-01	8.998E-05	5.587E-01	5.586E-01	5.587E-01	5.586E-01	5.586E-01	5.587E-01
1.310E+00	5.553E-01	8.681E-05	5.554E-01	5.552E-01	5.553E-01	5.553E-01	5.553E-01	5.553E-01
1.320E+00	5.520E-01	8.368E-05	5.520E-01	5.519E-01	5.520E-01	5.519E-01	5.519E-01	5.520E-01
1.330E+00	5.487E-01	8.058E-05	5.487E-01	5.486E-01	5.487E-01	5.486E-01	5.486E-01	5.487E-01
1.340E+00	5.454E-01	7.755E-05	5.454E-01	5.453E-01	5.454E-01	5.453E-01	5.453E-01	5.454E-01
1.350E+00	5.420E-01	7.460E-05	5.421E-01	5.420E-01	5.421E-01	5.420E-01	5.420E-01	5.421E-01
1.360E+00	5.387E-01	7.177E-05	5.388E-01	5.387E-01	5.388E-01	5.387E-01	5.387E-01	5.388E-01
1.370E+00	5.354E-01	6.908E-05	5.355E-01	5.354E-01	5.355E-01	5.354E-01	5.354E-01	5.355E-01
1.380E+00	5.322E-01	6.656E-05	5.322E-01	5.321E-01	5.322E-01	5.321E-01	5.321E-01	5.322E-01
1.390E+00	5.289E-01	6.425E-05	5.289E-01	5.288E-01	5.289E-01	5.288E-01	5.288E-01	5.289E-01
1.400E+00	5.256E-01	6.219E-05	5.256E-01	5.256E-01	5.256E-01	5.256E-01	5.255E-01	5.256E-01
1.410E+00	5.223E-01	6.043E-05	5.223E-01	5.223E-01	5.223E-01	5.223E-01	5.223E-01	5.224E-01
1.420E+00	5.190E-01	5.899E-05	5.190E-01	5.190E-01	5.191E-01	5.190E-01	5.190E-01	5.191E-01
1.430E+00	5.158E-01	5.793E-05	5.158E-01	5.158E-01	5.158E-01	5.157E-01	5.157E-01	5.158E-01
1.440E+00	5.125E-01	5.729E-05	5.125E-01	5.125E-01	5.125E-01	5.125E-01	5.125E-01	5.126E-01
1.450E+00	5.092E-01	5.708E-05	5.092E-01	5.093E-01	5.093E-01	5.092E-01	5.092E-01	5.093E-01
1.460E+00	5.060E-01	5.733E-05	5.060E-01	5.060E-01	5.060E-01	5.060E-01	5.059E-01	5.060E-01
1.470E+00	5.028E-01	5.805E-05	5.027E-01	5.028E-01	5.028E-01	5.027E-01	5.027E-01	5.028E-01
1.480E+00	4.995E-01	5.924E-05	4.995E-01	4.995E-01	4.995E-01	4.995E-01	4.995E-01	4.996E-01
1.490E+00	4.963E-01	6.087E-05	4.963E-01	4.963E-01	4.963E-01	4.963E-01	4.962E-01	4.963E-01
1.500E+00	4.931E-01	6.293E-05	4.930E-01	4.931E-01	4.931E-01	4.930E-01	4.930E-01	4.931E-01
1.510E+00	4.899E-01	6.538E-05	4.898E-01	4.899E-01	4.899E-01	4.898E-01	4.898E-01	4.899E-01
1.520E+00	4.866E-01	6.820E-05	4.866E-01	4.867E-01	4.867E-01	4.866E-01	4.866E-01	4.867E-01
1.530E+00	4.834E-01	7.134E-05	4.834E-01	4.835E-01	4.835E-01	4.834E-01	4.834E-01	4.835E-01
1.540E+00	4.803E-01	7.477E-05	4.802E-01	4.803E-01	4.803E-01	4.802E-01	4.802E-01	4.803E-01
1.550E+00	4.771E-01	7.847E-05	4.770E-01	4.771E-01	4.771E-01	4.770E-01	4.770E-01	4.771E-01
1.560E+00	4.739E-01	8.240E-05	4.738E-01	4.739E-01	4.739E-01	4.739E-01	4.738E-01	4.739E-01
1.570E+00	4.707E-01	8.654E-05	4.707E-01	4.708E-01	4.707E-01	4.707E-01	4.707E-01	4.708E-01
1.580E+00	4.676E-01	9.086E-05	4.675E-01	4.676E-01	4.676E-01	4.675E-01	4.675E-01	4.676E-01
1.590E+00	4.644E-01	9.535E-05	4.643E-01	4.645E-01	4.644E-01	4.644E-01	4.644E-01	4.645E-01
1.600E+00	4.613E-01	9.997E-05	4.612E-01	4.613E-01	4.613E-01	4.612E-01	4.612E-01	4.613E-01
1.610E+00	4.581E-01	1.047E-04	4.580E-01	4.582E-01	4.581E-01	4.581E-01	4.581E-01	4.582E-01
1.620E+00	4.550E-01	1.096E-04	4.549E-01	4.551E-01	4.550E-01	4.550E-01	4.549E-01	4.550E-01
1.630E+00	4.519E-01	1.146E-04	4.518E-01	4.520E-01	4.519E-01	4.519E-01	4.518E-01	4.519E-01
1.640E+00	4.488E-01	1.196E-04	4.487E-01	4.489E-01	4.488E-01	4.488E-01	4.487E-01	4.488E-01
1.650E+00	4.457E-01	1.248E-04	4.456E-01	4.458E-01	4.457E-01	4.457E-01	4.456E-01	4.457E-01
1.660E+00	4.426E-01	1.300E-04	4.425E-01	4.427E-01	4.426E-01	4.426E-01	4.425E-01	4.426E-01
1.670E+00	4.395E-01	1.353E-04	4.394E-01	4.396E-01	4.395E-01	4.395E-01	4.394E-01	4.395E-01
1.680E+00	4.364E-01	1.406E-04	4.363E-01	4.366E-01	4.364E-01	4.364E-01	4.364E-01	4.365E-01
1.690E+00	4.334E-01	1.460E-04	4.332E-01	4.335E-01	4.334E-01	4.333E-01	4.333E-01	4.334E-01
1.700E+00	4.303E-01	1.514E-04	4.302E-01	4.305E-01	4.303E-01	4.303E-01	4.303E-01	4.304E-01
1.710E+00	4.273E-01	1.569E-04	4.271E-01	4.274E-01	4.273E-01	4.273E-01	4.272E-01	4.273E-01
1.720E+00	4.242E-01	1.624E-04	4.241E-01	4.244E-01	4.242E-01	4.242E-01	4.242E-01	4.243E-01
1.730E+00	4.212E-01	1.679E-04	4.211E-01	4.214E-01	4.212E-01	4.212E-01	4.212E-01	4.213E-01
1.740E+00	4.182E-01	1.735E-04	4.180E-01	4.184E-01	4.182E-01	4.182E-01	4.181E-01	4.183E-01
1.750E+00	4.152E-01	1.791E-04	4.150E-01	4.154E-01	4.152E-01	4.152E-01	4.151E-01	4.153E-01
1.760E+00	4.122E-01	1.847E-04	4.120E-01	4.124E-01	4.122E-01	4.122E-01	4.122E-01	4.123E-01
1.770E+00	4.092E-01	1.903E-04	4.090E-01	4.094E-01	4.092E-01	4.092E-01	4.092E-01	4.093E-01
1.780E+00	4.063E-01	1.960E-04	4.061E-01	4.064E-01	4.063E-01	4.062E-01	4.062E-01	4.063E-01
1.790E+00	4.033E-01	2.017E-04	4.031E-01	4.035E-01	4.033E-01	4.033E-01	4.032E-01	4.034E-01
1.800E+00	4.004E-01	2.073E-04	4.002E-01	4.006E-01	4.004E-01	4.003E-01	4.003E-01	4.004E-01
1.810E+00	3.974E-01	2.130E-04	3.972E-01	3.976E-01	3.974E-01	3.974E-01	3.974E-01	3.975E-01
1.820E+00	3.945E-01	2.187E-04	3.943E-01	3.947E-01	3.945E-01	3.945E-01	3.944E-01	3.945E-01
1.830E+00	3.916E-01	2.244E-04	3.914E-01	3.918E-01	3.916E-01	3.916E-01	3.915E-01	3.916E-01
1.840E+00	3.887E-01	2.300E-04	3.884E-01	3.889E-01	3.887E-01	3.887E-01	3.886E-01	3.887E-01
1.850E+00	3.858E-01	2.357E-04	3.855E-01	3.860E-01	3.858E-01	3.858E-01	3.857E-01	3.858E-01
1.860E+00	3.829E-01	2.414E-04	3.827E-01	3.831E-01	3.829E-01	3.829E-01	3.828E-01	3.830E-01
1.870E+00	3.800E-01	2.471E-04	3.798E-01	3.803E-01	3.800E-01	3.800E-01	3.800E-01	3.801E-01
1.880E+00	3.772E-01	2.527E-04	3.769E-01	3.774E-01	3.772E-01	3.772E-01	3.771E-01	3.772E-01
1.890E+00	3.743E-01	2.584E-04	3.741E-01	3.746E-01	3.743E-01	3.743E-01	3.743E-01	3.744E-01
1.900E+00	3.715E-01	2.640E-04	3.712E-01	3.717E-01	3.715E-01	3.715E-01	3.714E-01	3.715E-01
1.910E+00	3.687E-01	2.697E-04	3.684E-01	3.689E-01	3.687E-01	3.687E-01	3.686E-01	3.687E-01
1.920E+00	3.659E-01	2.753E-04	3.656E-01	3.661E-01	3.659E-01	3.659E-01	3.658E-01	3.659E-01
1.930E+00	3.631E-01	2.809E-04	3.628E-01	3.633E-01	3.631E-01	3.631E-01	3.630E-01	3.631E-01
1.940E+00	3.603E-01	2.865E-04	3.600E-01	3.606E-01	3.603E-01	3.603E-01	3.602E-01	3.603E-01
1.950E+00	3.575E-01	2.920E-04	3.572E-01	3.578E-01	3.575E-01	3.575E-01	3.574E-01	3.576E-01
1.960E+00	3.547E-01	2.976E-04	3.544E-01	3.550E-01	3.547E-01	3.547E-01	3.547E-01	3.548E-01
1.970E+00	3.520E-01	3.031E-04	3.517E-01	3.523E-01	3.520E-01	3.520E-01	3.519E-01	3.520E-01
1.980E+00	3.493E-01	3.086E-04	3.489E-01	3.496E-01	3.493E-01	3.492E-01	3.492E-01	3.493E-01
1.990E+00	3.465E-01	3.141E-04	3.462E-01	3.468E-01	3.465E-01	3.465E-01	3.465E-01	3.466E-01
2.000E+00	3.438E-01	3.195E-04	3.435E-01	3.441E-01	3.438E-01	3.438E-01	3.438E-01	3.439E-01
2.010E+00	3.411E-01	3.249E-04	3.408E-01	3.414E-01	3.411E-01	3.411E-01	3.411E-01	3.412E-01
2.020E+00	3.384E-01	3.303E-04	3.381E-01	3.388E-01	3.384E-01	3.384E-01	3.384E-01	3.385E-01
2.030E+00	3.358E-01	3.357E-04	3.354E-01	3.361E-01	3.358E-01	3.358E-01	3.357E-01	3.358E-01
2.040E+00	3.331E-01	3.410E-04	3.328E-01	3.334E-01	3.331E-01	3.331E-01	3.330E-01	3.331E-01
2.050E+00	3.304E-01	3.463E-04	3.301E-01	3.308E-01	3.304E-01	3.304E-01	3.304E-01	3.305E-01
2.060E+00	3.278E-01	3.516E-04	3.275E-01	3.282E-01	3.278E-01	3.278E-01	3.277E-01	3.279E-01
2.070E+00	3.252E-01	3.568E-04	3.248E-01	3.255E-01	3.252E-01	3.252E-01	3.251E-01	3.252E-01
2.080E+00	3.226E-01	3.620E-04	3.222E-01	3.229E-01	3.226E-01	3.226E-01	3.225E-01	3.226E-01
2.090E+00	3.200E-01	3.672E-04	3.196E-01	3.203E-01	3.200E-01	3.200E-01	3.199E-01	3.200E-01
2.100E+00	3.174E-01	3.723E-04	3.170E-01	3.178E-01	3.174E-01	3.174E-01	3.173E-01	3.174E-01
2.110E+00	3.148E-01	3.774E-04	3.144E-01	3.152E-01	3.148E-01	3.148E-01	3.148E-01	3.149E-01
2.120E+00	3.123E-01	3.825E-04	3.119E-01	3.126E-01	3.123E-01	3.123E-01	3.122E-01	3.123E-01
2.130E+00	3.097E-01	3.875E-04	3.093E-01	3.101E-01	3.097E-01	3.097E-01	3.097E-01	3.098E-01
2.140E+00	3.072E-01	3.924E-04	3.068E-01	3.076E-01	3.072E-01	3.072E-01	3.071E-01	3.072E-01
2.150E+00	3.047E-01	3.974E-04	3.043E-01	3.050E-01	3.047E-01	3.047E-01	3.046E-01	3.047E-01
2.160E+00	3.021E-01	4.023E-04	3.018E-01	3.025E-01	3.021E-01	3.022E-01	3.021E-01	3.022E-01
2.170E+00	2.997E-01	4.071E-04	2.993E-01	3.001E-01	2.997E-01	2.997E-01	2.996E-01	2.997E-01
2.180E+00	2.972E-01	4.119E-04	2.968E-01	2.976E-01	2.972E-01	2.972E-01	2.971E-01	2.972E-01
2.190E+00	2.947E-01	4.167E-04	2.943E-01	2.951E-01	2.947E-01	2.947E-01	2.947E-01	2.948E-01
2.200E+00	2.923E-01	4.214E-04	2.918E-01	2.927E-01	2.922E-01	2.923E-01	2.922E-01	2.923E-01
2.210E+00	2.898E-01	4.261E-04	2.894E-01	2.902E-01	2.898E-01	2.898E-01	2.898E-01	2.899E-01
2.220E+00	2.874E-01	4.307E-04	2.870E-01	2.878E-01	2.874E-01	2.874E-01	2.873E-01	2.874E-01
2.230E+00	2.850E-01	4.353E-04	2.845E-01	2.854E-01	2.850E-01	2.850E-01	2.849E-01	2.850E-01
2.240E+00	2.826E-01	4.398E-04	2.821E-01	2.830E-01	2.826E-01	2.826E-01	2.825E-01	2.826E-01
2.250E+00	2.802E-01	4.443E-04	2.797E-01	2.806E-01	2.802E-01	2.802E-01	2.801E-01	2.802E-01
2.260E+00	2.778E-01	4.487E-04	2.774E-01	2.783E-01	2.778E-01	2.778E-01	2.778E-01	2.779E-01
2.270E+00	2.754E-01	4.531E-04	2.750E-01	2.759E-01	2.754E-01	2.755E-01	2.754E-01	2.755E-01
2.280E+00	2.731E-01	4.574E-04	2.726E-01	2.736E-01	2.731E-01	2.731E-01	2.730E-01	2.732E-01
2.290E+00	2.708E-01	4.617E-04	2.703E-01	2.712E-01	2.708E-01	2.708E-01	2.707E-01	2.708E-01
2.300E+00	2.684E-01	4.659E-04	2.680E-01	2.689E-01	2.684E-01	2.685E-01	2.684E-01	2.685E-01
2.310E+00	2.661E-01	4.701E-04	2.657E-01	2.666E-01	2.661E-01	2.661E-01	2.661E-01	2.662E-01
2.320E+00	2.638E-01	4.742E-04	2.634E-01	2.643E-01	2.638E-01	2.639E-01	2.638E-01	2.639E-01
2.330E+00	2.616E-01	4.783E-04	2.611E-01	2.620E-01	2.616E-01	2.616E-01	2.615E-01	2.616E-01
2.340E+00	2.593E-01	4.823E-04	2.588E-01	2.598E-01	2.593E-01	2.593E-01	2.592E-01	2.594E-01
2.350E+00	2.570E-01	4.863E-04	2.566E-01	2.575E-01	2.570E-01	2.571E-01	2.570E-01	2.571E-01
2.360E+00	2.548E-01	4.902E-04	2.543E-01	2.553E-01	2.548E-01	2.548E-01	2.548E-01	2.549E-01
2.370E+00	2.526E-01	4.941E-04	2.521E-01	2.531E-01	2.526E-01	2.526E-01	2.525E-01	2.526E-01
2.380E+00	2.504E-01	4.979E-04	2.499E-01	2.509E-01	2.504E-01	2.504E-01	2.503E-01	2.504E-01
2.390E+00	2.482E-01	5.017E-04	2.477E-01	2.487E-01	2.482E-01	2.482E-01	2.481E-01	2.482E-01
2.400E+00	2.460E-01	5.054E-04	2.455E-01	2.465E-01	2.460E-01	2.460E-01	2.459E-01	2.460E-01
2.410E+00	2.438E-01	5.090E-04	2.433E-01	2.443E-01	2.438E-01	2.438E-01	2.438E-01	2.439E-01
2.420E+00	2.416E-01	5.126E-04	2.411E-01	2.422E-01	2.416E-01	2.417E-01	2.416E-01	2.417E-01
2.430E+00	2.395E-01	5.161E-04	2.390E-01	2.400E-01	2.395E-01	2.395E-01	2.394E-01	2.396E-01
2.440E+00	2.374E-01	5.196E-04	2.369E-01	2.379E-01	2.374E-01	2.374E-01	2.373E-01	2.374E-01
2.450E+00	2.352E-01	5.230E-04	2.347E-01	2.358E-01	2.352E-01	2.353E-01	2.352E-01	2.353E-01
2.460E+00	2.331E-01	5.264E-04	2.326E-01	2.337E-01	2.331E-01	2.332E-01	2.331E-01	2.332E-01
2.470E+00	2.310E-01	5.297E-04	2.305E-01	2.316E-01	2.310E-01	2.311E-01	2.310E-01	2.311E-01
2.480E+00	2.290E-01	5.329E-04	2.284E-01	2.295E-01	2.290E-01	2.290E-01	2.289E-01	2.290E-01
2.490E+00	2.269E-01	5.361E-04	2.264E-01	2.274E-01	2.269E-01	2.269E-01	2.269E-01	2.270E-01
2.500E+00	2.249E-01	5.393E-04	2.243E-01	2.254E-01	2.248E-01	2.249E-01	2.248E-01	2.249E-01
2.510E+00	2.228E-01	5.423E-04	2.223E-01	2.234E-01	2.228E-01	2.228E-01	2.228E-01	2.229E-01
2.520E+00	2.208E-01	5.454E-04	2.202E-01	2.213E-01	2.208E-01	2.208E-01	2.207E-01	2.208E-01
2.530E+00	2.188E-01	5.483E-04	2.182E-01	2.193E-01	2.188E-01	2.188E-01	2.187E-01	2.188E-01
2.540E+00	2.168E-01	5.512E-04	2.162E-01	2.173E-01	2.168E-01	2.168E-01	2.167E-01	2.168E-01
2.550E+00	2.148E-01	5.541E-04	2.142E-01	2.153E-01	2.148E-01	2.148E-01	2.147E-01	2.148E-01
2.560E+00	2.128E-01	5.568E-04	2.123E-01	2.134E-01	2.128E-01	2.128E-01	2.128E-01	2.129E-01
2.570E+00	2.109E-01	5.596E-04	2.103E-01	2.114E-01	2.108E-01	2.109E-01	2.108E-01	2.109E-01
2.580E+00	2.089E-01	5.622E-04	2.083E-01	2.095E-01	2.089E-01	2.089E-01	2.089E-01	2.090E-01
2.590E+00	2.070E-01	5.649E-04	2.064E-01	2.075E-01	2.070E-01	2.070E-01	2.069E-01	2.070E-01
2.600E+00	2.051E-01	5.674E-04	2.045E-01	2.056E-01	2.050E-01	2.051E-01	2.050E-01	2.051E-01
2.610E+00	2.031E-01	5.699E-04	2.026E-01	2.037E-01	2.031E-01	2.032E-01	2.031E-01	2.032E-01
2.620E+00	2.013E-01	5.723E-04	2.007E-01	2.018E-01	2.012E-01	2.013E-01	2.012E-01	2.013E-01
2.630E+00	1.994E-01	5.747E-04	1.988E-01	1.999E-01	1.994E-01	1.994E-01	1.993E-01	1.994E-01
2.640E+00	1.975E-01	5.770E-04	1.969E-01	1.981E-01	1.975E-01	1.975E-01	1.975E-01	1.976E-01
2.650E+00	1.956E-01	5.793E-04	1.951E-01	1.962E-01	1.956E-01	1.957E-01	1.956E-01	1.957E-01
2.660E+00	1.938E-01	5.815E-04	1.932E-01	1.944E-01	1.938E-01	1.938E-01	1.938E-01	1.939E-01
2.670E+00	1.920E-01	5.836E-04	1.914E-01	1.926E-01	1.920E-01	1.920E-01	1.919E-01	1.920E-01
2.680E+00	1.902E-01	5.857E-04	1.896E-01	1.907E-01	1.901E-01	1.902E-01	1.901E-01	1.902E-01
2.690E+00	1.884E-01	5.878E-04	1.878E-01	1.889E-01	1.883E-01	1.884E-01	1.883E-01	1.884E-01
2.700E+00	1.866E-01	5.897E-04	1.860E-01	1.871E-01	1.865E-01	1.866E-01	1.865E-01	1.866E-01
2.710E+00	1.848E-01	5.916E-04	1.842E-01	1.854E-01	1.848E-01	1.848E-01	1.847E-01	1.848E-01
2.720E+00	1.830E-01	5.935E-04	1.824E-01	1.836E-01	1.830E-01	1.830E-01	1.830E-01	1.831E-01
2.730E+00	1.813E-01	5.953E-04	1.807E-01	1.819E-01	1.812E-01	1.813E-01	1.812E-01	1.813E-01
2.740E+00	1.795E-01	5.970E-04	1.789E-01	1.801E-01	1.795E-01	1.795E-01	1.795E-01	1.796E-01
2.750E+00	1.778E-01	5.987E-04	1.772E-01	1.784E-01	1.778E-01	1.778E-01	1.777E-01	1.778E-01
2.760E+00	1.761E-01	6.003E-04	1.755E-01	1.767E-01	1.761E-01	1.761E-01	1.760E-01	1.761E-01
2.770E+00	1.744E-01	6.019E-04	1.738E-01	1.750E-01	1.744E-01	1.744E-01	1.743E-01	1.744E-01
2.780E+00	1.727E-01	6.034E-04	1.721E-01	1.733E-01	1.727E-01	1.727E-01	1.726E-01	1.727E-01
2.790E+00	1.710E-01	6.049E-04	1.704E-01	1.716E-01	1.710E-01	1.710E-01	1.710E-01	1.711E-01
2.800E+00	1.693E-01	6.063E-04	1.687E-01	1.700E-01	1.693E-01	1.694E-01	1.693E-01	1.694E-01
2.810E+00	1.677E-01	6.076E-04	1.671E-01	1.683E-01	1.677E-01	1.677E-01	1.676E-01	1.677E-01
2.820E+00	1.661E-01	6.089E-04	1.654E-01	1.667E-01	1.660E-01	1.661E-01	1.660E-01	1.661E-01
2.830E+00	1.644E-01	6.101E-04	1.638E-01	1.650E-01	1.644E-01	1.644E-01	1.644E-01	1.645E-01
2.840E+00	1.628E-01	6.113E-04	1.622E-01	1.634E-01	1.628E-01	1.628E-01	1.628E-01	1.629E-01
2.850E+00	1.612E-01	6.124E-04	1.606E-01	1.618E-01	1.612E-01	1.612E-01	1.612E-01	1.613E-01
2.860E+00	1.596E-01	6.135E-04	1.590E-01	1.602E-01	1.596E-01	1.596E-01	1.596E-01	1.597E-01
2.870E+00	1.580E-01	6.145E-04	1.574E-01	1.587E-01	1.580E-01	1.581E-01	1.580E-01	1.581E-01
2.880E+00	1.565E-01	6.155E-04	1.559E-01	1.571E-01	1.565E-01	1.565E-01	1.564E-01	1.565E-01
2.890E+00	1.549E-01	6.164E-04	1.543E-01	1.555E-01	1.549E-01	1.549E-01	1.549E-01	1.550E-01
2.900E+00	1.534E-01	6.172E-04	1.528E-01	1.540E-01	1.534E-01	1.534E-01	1.533E-01	1.534E-01
2.910E+00	1.518E-01	6.180E-04	1.512E-01	1.525E-01	1.518E-01	1.519E-01	1.518E-01	1.519E-01
2.920E+00	1.503E-01	6.187E-04	1.497E-01	1.509E-01	1.503E-01	1.503E-01	1.503E-01	1.504E-01
2.930E+00	1.488E-01	6.194E-04	1.482E-01	1.494E-01	1.488E-01	1.488E-01	1.488E-01	1.489E-01
2.940E+00	1.473E-01	6.201E-04	1.467E-01	1.479E-01	1.473E-01	1.473E-01	1.473E-01	1.474E-01
2.950E+00	1.458E-01	6.206E-04	1.452E-01	1.465E-01	1.458E-01	1.459E-01	1.458E-01	1.459E-01
2.960E+00	1.444E-01	6.212E-04	1.437E-01	1.450E-01	1.443E-01	1.444E-01	1.443E-01	1.444E-01
2.970E+00	1.429E-01	6.217E-04	1.423E-01	1.435E-01	1.429E-01	1.429E-01	1.429E-01	1.429E-01
2.980E+00	1.415E-01	6.221E-04	1.408E-01	1.421E-01	1.414E-01	1.415E-01	1.414E-01	1.415E-01
2.990E+00	1.400E-01	6.225E-04	1.394E-01	1.406E-01	1.400E-01	1.400E-01	1.400E-01	1.401E-01
3.000E+00	1.386E-01	6.228E-04	1.380E-01	1.392E-01	1.386E-01	1.386E-01	1.385E-01	1.386E-01
