1.000E-02	1.154E+00	2.004E-01	9.503E-01	1.351E+00	1.156E+00	1.153E+00	1.154E+00	1.154E+00
2.000E-02	1.154E+00	1.967E-01	9.503E-01	1.344E+00	1.155E+00	1.153E+00	1.154E+00	1.154E+00
3.000E-02	1.154E+00	1.930E-01	9.503E-01	1.336E+00	1.155E+00	1.152E+00	1.153E+00	1.154E+00
4.000E-02	1.153E+00	1.894E-01	9.503E-01	1.329E+00	1.154E+00	1.151E+00	1.153E+00	1.153E+00
5.000E-02	1.152E+00	1.857E-01	9.503E-01	1.322E+00	1.154E+00	1.151E+00	1.152E+00	1.152E+00
6.000E-02	1.151E+00	1.821E-01	9.502E-01	1.314E+00	1.153E+00	1.150E+00	1.151E+00	1.151E+00
7.000E-02	1.150E+00	1.786E-01	9.502E-01	1.307E+00	1.152E+00	1.149E+00	1.150E+00	1.150E+00
8.000E-02	1.149E+00	1.750E-01	9.501E-01	1.300E+00	1.151E+00	1.148E+00	1.149E+00	1.149E+00
9.000E-02	1.148E+00	1.715E-01	9.500E-01	1.293E+00	1.150E+00	1.147E+00	1.148E+00	1.148E+00
1.000E-01	1.147E+00	1.680E-01	9.499E-01	1.286E+00	1.148E+00	1.146E+00	1.147E+00	1.147E+00
1.100E-01	1.146E+00	1.645E-01	9.498E-01	1.279E+00	1.147E+00	1.144E+00	1.146E+00	1.146E+00
1.200E-01	1.144E+00	1.611E-01	9.497E-01	1.272E+00	1.146E+00	1.143E+00	1.144E+00	1.144E+00
1.300E-01	1.143E+00	1.577E-01	9.496E-01	1.265E+00	1.144E+00	1.141E+00	1.143E+00	1.143E+00
1.400E-01	1.141E+00	1.543E-01	9.494E-01	1.258E+00	1.143E+00	1.140E+00	1.141E+00	1.141E+00
1.500E-01	1.139E+00	1.509E-01	9.492E-01	1.251E+00	1.141E+00	1.138E+00	1.139E+00	1.140E+00
1.600E-01	1.138E+00	1.476E-01	9.491E-01	1.244E+00	1.139E+00	1.136E+00	1.138E+00	1.138E+00
1.700E-01	1.136E+00	1.443E-01	9.489E-01	1.237E+00	1.137E+00	1.135E+00	1.136E+00	1.136E+00
1.800E-01	1.134E+00	1.410E-01	9.486E-01	1.231E+00	1.135E+00	1.133E+00	1.134E+00	1.134E+00
1.900E-01	1.132E+00	1.378E-01	9.484E-01	1.224E+00	1.134E+00	1.131E+00	1.132E+00	1.132E+00
2.000E-01	1.130E+00	1.345E-01	9.481E-01	1.217E+00	1.131E+00	1.129E+00	1.130E+00	1.130E+00
2.100E-01	1.128E+00	1.314E-01	9.479E-01	1.211E+00	1.129E+00	1.127E+00	1.128E+00	1.128E+00
2.200E-01	1.126E+00	1.282E-01	9.476E-01	1.204E+00	1.127E+00	1.125E+00	1.126E+00	1.126E+00
2.300E-01	1.124E+00	1.251E-01	9.473E-01	1.197E+00	1.125E+00	1.122E+00	1.124E+00	1.124E+00
2.400E-01	1.121E+00	1.219E-01	9.469E-01	1.191E+00	1.123E+00	1.120E+00	1.121E+00	1.121E+00
2.500E-01	1.119E+00	1.189E-01	9.466E-01	1.184E+00	1.120E+00	1.118E+00	1.119E+00	1.119E+00
2.600E-01	1.117E+00	1.158E-01	9.462E-01	1.178E+00	1.118E+00	1.115E+00	1.117E+00	1.117E+00
2.700E-01	1.114E+00	1.128E-01	9.458E-01	1.171E+00	1.116E+00	1.113E+00	1.114E+00	1.114E+00
2.800E-01	1.112E+00	1.098E-01	9.454E-01	1.165E+00	1.113E+00	1.110E+00	1.112E+00	1.112E+00
2.900E-01	1.109E+00	1.068E-01	9.450E-01	1.159E+00	1.110E+00	1.108E+00	1.109E+00	1.109E+00
3.000E-01	1.106E+00	1.039E-01	9.445E-01	1.152E+00	1.108E+00	1.105E+00	1.106E+00	1.107E+00
3.100E-01	1.104E+00	1.010E-01	9.441E-01	1.146E+00	1.105E+00	1.102E+00	1.104E+00	1.104E+00
3.200E-01	1.101E+00	9.809E-02	9.436E-01	1.140E+00	1.102E+00	1.100E+00	1.101E+00	1.101E+00
3.300E-01	1.098E+00	9.523E-02	9.431E-01	1.134E+00	1.099E+00	1.097E+00	1.098E+00	1.098E+00
3.400E-01	1.095E+00	9.241E-02	9.425E-01	1.127E+00	1.097E+00	1.094E+00	1.095E+00	1.095E+00
3.500E-01	1.092E+00	8.961E-02	9.420E-01	1.121E+00	1.094E+00	1.091E+00	1.092E+00	1.093E+00
3.600E-01	1.090E+00	8.684E-02	9.414E-01	1.115E+00	1.091E+00	1.088E+00	1.089E+00	1.090E+00
3.700E-01	1.087E+00	8.410E-02	9.408E-01	1.109E+00	1.088E+00	1.085E+00	1.086E+00	1.087E+00
3.800E-01	1.083E+00	8.138E-02	9.401E-01	1.103E+00	1.085E+00	1.082E+00	1.083E+00	1.083E+00
3.900E-01	1.080E+00	7.870E-02	9.395E-01	1.097E+00	1.082E+00	1.079E+00	1.080E+00	1.080E+00
4.000E-01	1.077E+00	7.604E-02	9.388E-01	1.091E+00	1.078E+00	1.076E+00	1.077E+00	1.077E+00
4.100E-01	1.074E+00	7.341E-02	9.381E-01	1.085E+00	1.075E+00	1.073E+00	1.074E+00	1.074E+00
4.200E-01	1.071E+00	7.081E-02	9.374E-01	1.079E+00	1.072E+00	1.070E+00	1.071E+00	1.071E+00
4.300E-01	1.067E+00	6.824E-02	9.366E-01	1.073E+00	1.069E+00	1.066E+00	1.067E+00	1.068E+00
4.400E-01	1.064E+00	6.570E-02	9.359E-01	1.067E+00	1.065E+00	1.063E+00	1.064E+00	1.064E+00
4.500E-01	1.061E+00	6.318E-02	9.351E-01	1.061E+00	1.062E+00	1.060E+00	1.061E+00	1.061E+00
4.600E-01	1.057E+00	6.069E-02	9.343E-01	1.056E+00	1.058E+00	1.056E+00	1.057E+00	1.057E+00
4.700E-01	1.054E+00	5.823E-02	9.334E-01	1.050E+00	1.055E+00	1.053E+00	1.054E+00	1.054E+00
4.800E-01	1.050E+00	5.580E-02	9.325E-01	1.044E+00	1.052E+00	1.049E+00	1.050E+00	1.050E+00
4.900E-01	1.047E+00	5.340E-02	9.316E-01	1.038E+00	1.048E+00	1.046E+00	1.047E+00	1.047E+00
5.000E-01	1.043E+00	5.103E-02	9.307E-01	1.033E+00	1.044E+00	1.042E+00	1.043E+00	1.043E+00
5.100E-01	1.040E+00	4.868E-02	9.298E-01	1.027E+00	1.041E+00	1.039E+00	1.040E+00	1.040E+00
5.200E-01	1.036E+00	4.636E-02	9.288E-01	1.022E+00	1.037E+00	1.035E+00	1.036E+00	1.036E+00
5.300E-01	1.032E+00	4.407E-02	9.278E-01	1.016E+00	1.033E+00	1.031E+00	1.032E+00	1.032E+00
5.400E-01	1.029E+00	4.181E-02	9.268E-01	1.010E+00	1.030E+00	1.028E+00	1.029E+00	1.029E+00
5.500E-01	1.025E+00	3.958E-02	9.257E-01	1.005E+00	1.026E+00	1.024E+00	1.025E+00	1.025E+00
5.600E-01	1.021E+00	3.737E-02	9.247E-01	9.994E-01	1.022E+00	1.020E+00	1.021E+00	1.021E+00
5.700E-01	1.017E+00	3.520E-02	9.236E-01	9.939E-01	1.018E+00	1.016E+00	1.017E+00	1.017E+00
5.800E-01	1.013E+00	3.305E-02	9.224E-01	9.885E-01	1.014E+00	1.012E+00	1.013E+00	1.013E+00
5.900E-01	1.010E+00	3.093E-02	9.213E-01	9.831E-01	1.010E+00	1.009E+00	1.009E+00	1.010E+00
6.000E-01	1.006E+00	2.883E-02	9.201E-01	9.778E-01	1.007E+00	1.005E+00	1.006E+00	1.006E+00
6.100E-01	1.002E+00	2.677E-02	9.189E-01	9.724E-01	1.003E+00	1.001E+00	1.002E+00	1.002E+00
6.200E-01	9.977E-01	2.473E-02	9.177E-01	9.671E-01	9.986E-01	9.968E-01	9.976E-01	9.978E-01
6.300E-01	9.937E-01	2.272E-02	9.164E-01	9.618E-01	9.946E-01	9.928E-01	9.936E-01	9.937E-01
6.400E-01	9.897E-01	2.074E-02	9.151E-01	9.566E-01	9.905E-01	9.888E-01	9.896E-01	9.897E-01
6.500E-01	9.856E-01	1.879E-02	9.138E-01	9.514E-01	9.865E-01	9.847E-01	9.855E-01	9.856E-01
6.600E-01	9.815E-01	1.686E-02	9.125E-01	9.462E-01	9.824E-01	9.806E-01	9.814E-01	9.816E-01
6.700E-01	9.774E-01	1.497E-02	9.111E-01	9.410E-01	9.782E-01	9.765E-01	9.773E-01	9.774E-01
6.800E-01	9.732E-01	1.310E-02	9.097E-01	9.359E-01	9.741E-01	9.724E-01	9.732E-01	9.733E-01
6.900E-01	9.691E-01	1.125E-02	9.083E-01	9.308E-01	9.699E-01	9.683E-01	9.690E-01	9.691E-01
7.000E-01	9.649E-01	9.442E-03	9.069E-01	9.257E-01	9.657E-01	9.641E-01	9.648E-01	9.649E-01
7.100E-01	9.607E-01	7.658E-03	9.054E-01	9.206E-01	9.614E-01	9.599E-01	9.606E-01	9.607E-01
7.200E-01	9.564E-01	5.906E-03	9.039E-01	9.156E-01	9.572E-01	9.557E-01	9.564E-01	9.565E-01
7.300E-01	9.522E-01	4.189E-03	9.024E-01	9.106E-01	9.529E-01	9.514E-01	9.521E-01	9.522E-01
7.400E-01	9.479E-01	2.523E-03	9.008E-01	9.057E-01	9.486E-01	9.471E-01	9.478E-01	9.479E-01
7.500E-01	9.436E-01	1.028E-03	8.993E-01	9.007E-01	9.443E-01	9.429E-01	9.435E-01	9.436E-01
7.600E-01	9.392E-01	1.163E-03	8.977E-01	8.958E-01	9.400E-01	9.385E-01	9.392E-01	9.393E-01
7.700E-01	9.349E-01	2.642E-03	8.960E-01	8.909E-01	9.356E-01	9.342E-01	9.348E-01	9.350E-01
7.800E-01	9.305E-01	4.205E-03	8.944E-01	8.861E-01	9.312E-01	9.299E-01	9.305E-01	9.306E-01
7.900E-01	9.262E-01	5.762E-03	8.927E-01	8.812E-01	9.268E-01	9.255E-01	9.261E-01	9.262E-01
8.000E-01	9.218E-01	7.299E-03	8.910E-01	8.764E-01	9.224E-01	9.211E-01	9.217E-01	9.218E-01
8.100E-01	9.173E-01	8.813E-03	8.892E-01	8.716E-01	9.180E-01	9.167E-01	9.173E-01	9.174E-01
8.200E-01	9.129E-01	1.030E-02	8.875E-01	8.669E-01	9.135E-01	9.123E-01	9.128E-01	9.130E-01
8.300E-01	9.085E-01	1.177E-02	8.857E-01	8.622E-01	9.090E-01	9.079E-01	9.084E-01	9.085E-01
8.400E-01	9.040E-01	1.321E-02	8.838E-01	8.575E-01	9.046E-01	9.034E-01	9.039E-01	9.041E-01
8.500E-01	8.995E-01	1.462E-02	8.820E-01	8.528E-01	9.001E-01	8.989E-01	8.994E-01	8.996E-01
8.600E-01	8.950E-01	1.600E-02	8.801E-01	8.481E-01	8.955E-01	8.945E-01	8.949E-01	8.951E-01
8.700E-01	8.905E-01	1.737E-02	8.782E-01	8.435E-01	8.910E-01	8.900E-01	8.904E-01	8.906E-01
8.800E-01	8.860E-01	1.870E-02	8.763E-01	8.389E-01	8.865E-01	8.855E-01	8.859E-01	8.860E-01
8.900E-01	8.814E-01	2.001E-02	8.743E-01	8.343E-01	8.819E-01	8.809E-01	8.814E-01	8.815E-01
9.000E-01	8.769E-01	2.129E-02	8.724E-01	8.298E-01	8.774E-01	8.764E-01	8.768E-01	8.770E-01
9.100E-01	8.723E-01	2.255E-02	8.704E-01	8.253E-01	8.728E-01	8.719E-01	8.722E-01	8.724E-01
9.200E-01	8.677E-01	2.378E-02	8.683E-01	8.208E-01	8.682E-01	8.673E-01	8.677E-01	8.678E-01
9.300E-01	8.632E-01	2.499E-02	8.663E-01	8.163E-01	8.636E-01	8.627E-01	8.631E-01	8.632E-01
9.400E-01	8.586E-01	2.617E-02	8.642E-01	8.118E-01	8.590E-01	8.582E-01	8.585E-01	8.586E-01
9.500E-01	8.540E-01	2.733E-02	8.621E-01	8.074E-01	8.544E-01	8.536E-01	8.539E-01	8.540E-01
9.600E-01	8.494E-01	2.846E-02	8.599E-01	8.030E-01	8.497E-01	8.490E-01	8.493E-01	8.494E-01
9.700E-01	8.447E-01	2.957E-02	8.578E-01	7.986E-01	8.451E-01	8.444E-01	8.447E-01	8.448E-01
9.800E-01	8.401E-01	3.065E-02	8.556E-01	7.943E-01	8.405E-01	8.398E-01	8.400E-01	8.402E-01
9.900E-01	8.355E-01	3.171E-02	8.534E-01	7.900E-01	8.358E-01	8.351E-01	8.354E-01	8.355E-01
1.000E+00	8.308E-01	3.274E-02	8.511E-01	7.856E-01	8.311E-01	8.305E-01	8.307E-01	8.309E-01
1.010E+00	8.262E-01	3.375E-02	8.489E-01	7.814E-01	8.265E-01	8.259E-01	8.261E-01	8.263E-01
1.020E+00	8.215E-01	3.473E-02	8.466E-01	7.771E-01	8.218E-01	8.212E-01	8.214E-01	8.216E-01
1.030E+00	8.169E-01	3.569E-02	8.442E-01	7.729E-01	8.171E-01	8.166E-01	8.168E-01	8.169E-01
1.040E+00	8.122E-01	3.662E-02	8.419E-01	7.687E-01	8.124E-01	8.119E-01	8.121E-01	8.123E-01
1.050E+00	8.075E-01	3.753E-02	8.395E-01	7.645E-01	8.078E-01	8.073E-01	8.074E-01	8.076E-01
1.060E+00	8.028E-01	3.842E-02	8.371E-01	7.603E-01	8.031E-01	8.026E-01	8.028E-01	8.029E-01
1.070E+00	7.982E-01	3.928E-02	8.347E-01	7.562E-01	7.984E-01	7.980E-01	7.981E-01	7.982E-01
1.080E+00	7.935E-01	4.012E-02	8.323E-01	7.520E-01	7.937E-01	7.933E-01	7.934E-01	7.936E-01
1.090E+00	7.888E-01	4.094E-02	8.298E-01	7.479E-01	7.890E-01	7.886E-01	7.887E-01	7.889E-01
1.100E+00	7.841E-01	4.173E-02	8.273E-01	7.439E-01	7.843E-01	7.839E-01	7.840E-01	7.842E-01
1.110E+00	7.794E-01	4.250E-02	8.248E-01	7.398E-01	7.796E-01	7.793E-01	7.793E-01	7.795E-01
1.120E+00	7.747E-01	4.324E-02	8.223E-01	7.358E-01	7.749E-01	7.746E-01	7.746E-01	7.748E-01
1.130E+00	7.700E-01	4.397E-02	8.197E-01	7.318E-01	7.702E-01	7.699E-01	7.700E-01	7.701E-01
1.140E+00	7.653E-01	4.467E-02	8.171E-01	7.278E-01	7.654E-01	7.652E-01	7.653E-01	7.654E-01
1.150E+00	7.607E-01	4.534E-02	8.145E-01	7.238E-01	7.607E-01	7.606E-01	7.606E-01	7.607E-01
1.160E+00	7.560E-01	4.600E-02	8.119E-01	7.199E-01	7.560E-01	7.559E-01	7.559E-01	7.561E-01
1.170E+00	7.513E-01	4.663E-02	8.092E-01	7.159E-01	7.513E-01	7.512E-01	7.512E-01	7.514E-01
1.180E+00	7.466E-01	4.724E-02	8.065E-01	7.120E-01	7.466E-01	7.465E-01	7.465E-01	7.467E-01
1.190E+00	7.419E-01	4.782E-02	8.038E-01	7.082E-01	7.419E-01	7.419E-01	7.418E-01	7.420E-01
1.200E+00	7.372E-01	4.839E-02	8.011E-01	7.043E-01	7.372E-01	7.372E-01	7.371E-01	7.373E-01
1.210E+00	7.325E-01	4.893E-02	7.983E-01	7.005E-01	7.325E-01	7.325E-01	7.324E-01	7.326E-01
1.220E+00	7.278E-01	4.945E-02	7.956E-01	6.967E-01	7.278E-01	7.279E-01	7.278E-01	7.279E-01
1.230E+00	7.232E-01	4.995E-02	7.928E-01	6.929E-01	7.231E-01	7.232E-01	7.231E-01	7.233E-01
1.240E+00	7.185E-01	5.043E-02	7.899E-01	6.891E-01	7.184E-01	7.185E-01	7.184E-01	7.186E-01
1.250E+00	7.138E-01	5.089E-02	7.871E-01	6.853E-01	7.138E-01	7.139E-01	7.137E-01	7.139E-01
1.260E+00	7.092E-01	5.133E-02	7.842E-01	6.816E-01	7.091E-01	7.092E-01	7.091E-01	7.093E-01
1.270E+00	7.045E-01	5.174E-02	7.814E-01	6.779E-01	7.044E-01	7.046E-01	7.044E-01	7.046E-01
1.280E+00	6.998E-01	5.214E-02	7.785E-01	6.742E-01	6.997E-01	7.000E-01	6.998E-01	6.999E-01
1.290E+00	6.952E-01	5.251E-02	7.755E-01	6.705E-01	6.951E-01	6.953E-01	6.951E-01	6.953E-01
1.300E+00	6.906E-01	5.286E-02	7.726E-01	6.669E-01	6.904E-01	6.907E-01	6.905E-01	6.906E-01
1.310E+00	6.859E-01	5.320E-02	7.696E-01	6.632E-01	6.858E-01	6.861E-01	6.858E-01	6.860E-01
1.320E+00	6.813E-01	5.351E-02	7.666E-01	6.596E-01	6.811E-01	6.815E-01	6.812E-01	6.814E-01
1.330E+00	6.767E-01	5.380E-02	7.636E-01	6.560E-01	6.765E-01	6.768E-01	6.766E-01	6.768E-01
1.340E+00	6.720E-01	5.408E-02	7.606E-01	6.524E-01	6.718E-01	6.722E-01	6.720E-01	6.721E-01
1.350E+00	6.674E-01	5.433E-02	7.576E-01	6.489E-01	6.672E-01	6.676E-01	6.673E-01	6.675E-01
1.360E+00	6.628E-01	5.457E-02	7.545E-01	6.454E-01	6.626E-01	6.631E-01	6.627E-01	6.629E-01
1.370E+00	6.582E-01	5.478E-02	7.514E-01	6.418E-01	6.580E-01	6.585E-01	6.581E-01	6.583E-01
1.380E+00	6.537E-01	5.498E-02	7.483E-01	6.383E-01	6.534E-01	6.539E-01	6.536E-01	6.537E-01
1.390E+00	6.491E-01	5.516E-02	7.452E-01	6.349E-01	6.488E-01	6.493E-01	6.490E-01	6.492E-01
1.400E+00	6.445E-01	5.532E-02	7.420E-01	6.314E-01	6.442E-01	6.448E-01	6.444E-01	6.446E-01
1.410E+00	6.400E-01	5.546E-02	7.389E-01	6.280E-01	6.397E-01	6.402E-01	6.399E-01	6.400E-01
1.420E+00	6.354E-01	5.558E-02	7.357E-01	6.245E-01	6.351E-01	6.357E-01	6.353E-01	6.355E-01
1.430E+00	6.309E-01	5.568E-02	7.325E-01	6.211E-01	6.306E-01	6.312E-01	6.308E-01	6.310E-01
1.440E+00	6.263E-01	5.577E-02	7.293E-01	6.178E-01	6.260E-01	6.267E-01	6.262E-01	6.264E-01
1.450E+00	6.218E-01	5.583E-02	7.261E-01	6.144E-01	6.215E-01	6.222E-01	6.217E-01	6.219E-01
1.460E+00	6.173E-01	5.588E-02	7.228E-01	6.111E-01	6.170E-01	6.177E-01	6.172E-01	6.174E-01
1.470E+00	6.128E-01	5.592E-02	7.196E-01	6.077E-01	6.125E-01	6.132E-01	6.127E-01	6.129E-01
1.480E+00	6.083E-01	5.593E-02	7.163E-01	6.044E-01	6.080E-01	6.087E-01	6.082E-01	6.084E-01
1.490E+00	6.039E-01	5.593E-02	7.130E-01	6.011E-01	6.035E-01	6.043E-01	6.038E-01	6.040E-01
1.500E+00	5.994E-01	5.591E-02	7.097E-01	5.978E-01	5.990E-01	5.998E-01	5.993E-01	5.995E-01
1.510E+00	5.950E-01	5.588E-02	7.063E-01	5.946E-01	5.945E-01	5.954E-01	5.949E-01	5.951E-01
1.520E+00	5.905E-01	5.583E-02	7.030E-01	5.914E-01	5.901E-01	5.910E-01	5.904E-01	5.906E-01
1.530E+00	5.861E-01	5.576E-02	6.996E-01	5.881E-01	5.857E-01	5.866E-01	5.860E-01	5.862E-01
1.540E+00	5.817E-01	5.567E-02	6.963E-01	5.849E-01	5.813E-01	5.822E-01	5.816E-01	5.818E-01
1.550E+00	5.773E-01	5.557E-02	6.929E-01	5.817E-01	5.768E-01	5.778E-01	5.772E-01	5.774E-01
1.560E+00	5.729E-01	5.546E-02	6.895E-01	5.786E-01	5.725E-01	5.734E-01	5.728E-01	5.730E-01
1.570E+00	5.686E-01	5.533E-02	6.861E-01	5.754E-01	5.681E-01	5.690E-01	5.685E-01	5.687E-01
1.580E+00	5.642E-01	5.518E-02	6.827E-01	5.723E-01	5.637E-01	5.647E-01	5.641E-01	5.643E-01
1.590E+00	5.599E-01	5.502E-02	6.792E-01	5.692E-01	5.594E-01	5.604E-01	5.598E-01	5.600E-01
1.600E+00	5.555E-01	5.484E-02	6.758E-01	5.661E-01	5.550E-01	5.561E-01	5.554E-01	5.556E-01
1.610E+00	5.512E-01	5.465E-02	6.723E-01	5.630E-01	5.507E-01	5.518E-01	5.511E-01	5.513E-01
1.620E+00	5.469E-01	5.445E-02	6.688E-01	5.599E-01	5.464E-01	5.475E-01	5.468E-01	5.470E-01
1.630E+00	5.427E-01	5.423E-02	6.653E-01	5.569E-01	5.421E-01	5.432E-01	5.426E-01	5.428E-01
1.640E+00	5.384E-01	5.399E-02	6.618E-01	5.538E-01	5.378E-01	5.390E-01	5.383E-01	5.385E-01
1.650E+00	5.341E-01	5.374E-02	6.583E-01	5.508E-01	5.336E-01	5.347E-01	5.340E-01	5.342E-01
1.660E+00	5.299E-01	5.348E-02	6.548E-01	5.478E-01	5.293E-01	5.305E-01	5.298E-01	5.300E-01
1.670E+00	5.257E-01	5.320E-02	6.513E-01	5.448E-01	5.251E-01	5.263E-01	5.256E-01	5.258E-01
1.680E+00	5.215E-01	5.292E-02	6.477E-01	5.419E-01	5.209E-01	5.221E-01	5.214E-01	5.216E-01
1.690E+00	5.173E-01	5.261E-02	6.441E-01	5.389E-01	5.167E-01	5.179E-01	5.172E-01	5.174E-01
1.700E+00	5.131E-01	5.230E-02	6.406E-01	5.360E-01	5.125E-01	5.138E-01	5.130E-01	5.132E-01
1.710E+00	5.090E-01	5.197E-02	6.370E-01	5.331E-01	5.083E-01	5.096E-01	5.089E-01	5.091E-01
1.720E+00	5.048E-01	5.163E-02	6.334E-01	5.302E-01	5.042E-01	5.055E-01	5.047E-01	5.049E-01
1.730E+00	5.007E-01	5.128E-02	6.298E-01	5.273E-01	5.001E-01	5.014E-01	5.006E-01	5.008E-01
1.740E+00	4.966E-01	5.091E-02	6.262E-01	5.244E-01	4.960E-01	4.973E-01	4.965E-01	4.967E-01
1.750E+00	4.925E-01	5.053E-02	6.226E-01	5.216E-01	4.919E-01	4.932E-01	4.924E-01	4.926E-01
1.760E+00	4.885E-01	5.014E-02	6.190E-01	5.187E-01	4.878E-01	4.891E-01	4.884E-01	4.886E-01
1.770E+00	4.844E-01	4.974E-02	6.154E-01	5.159E-01	4.837E-01	4.851E-01	4.843E-01	4.845E-01
1.780E+00	4.804E-01	4.933E-02	6.117E-01	5.131E-01	4.797E-01	4.811E-01	4.803E-01	4.805E-01
1.790E+00	4.764E-01	4.891E-02	6.081E-01	5.103E-01	4.757E-01	4.771E-01	4.763E-01	4.765E-01
1.800E+00	4.724E-01	4.848E-02	6.045E-01	5.075E-01	4.717E-01	4.731E-01	4.723E-01	4.725E-01
1.810E+00	4.684E-01	4.803E-02	6.008E-01	5.048E-01	4.677E-01	4.691E-01	4.683E-01	4.685E-01
1.820E+00	4.644E-01	4.757E-02	5.971E-01	5.020E-01	4.637E-01	4.652E-01	4.643E-01	4.645E-01
1.830E+00	4.605E-01	4.711E-02	5.935E-01	4.993E-01	4.598E-01	4.612E-01	4.604E-01	4.606E-01
1.840E+00	4.566E-01	4.663E-02	5.898E-01	4.966E-01	4.558E-01	4.573E-01	4.565E-01	4.567E-01
1.850E+00	4.527E-01	4.615E-02	5.861E-01	4.939E-01	4.519E-01	4.534E-01	4.526E-01	4.528E-01
1.860E+00	4.488E-01	4.565E-02	5.825E-01	4.912E-01	4.480E-01	4.495E-01	4.487E-01	4.489E-01
1.870E+00	4.449E-01	4.515E-02	5.788E-01	4.885E-01	4.442E-01	4.457E-01	4.448E-01	4.450E-01
1.880E+00	4.411E-01	4.463E-02	5.751E-01	4.858E-01	4.403E-01	4.418E-01	4.410E-01	4.412E-01
1.890E+00	4.372E-01	4.411E-02	5.714E-01	4.832E-01	4.365E-01	4.380E-01	4.371E-01	4.374E-01
1.900E+00	4.334E-01	4.358E-02	5.677E-01	4.806E-01	4.327E-01	4.342E-01	4.333E-01	4.335E-01
1.910E+00	4.297E-01	4.303E-02	5.640E-01	4.779E-01	4.289E-01	4.304E-01	4.296E-01	4.298E-01
1.920E+00	4.259E-01	4.248E-02	5.603E-01	4.753E-01	4.251E-01	4.267E-01	4.258E-01	4.260E-01
1.930E+00	4.221E-01	4.192E-02	5.566E-01	4.727E-01	4.213E-01	4.229E-01	4.220E-01	4.222E-01
1.940E+00	4.184E-01	4.136E-02	5.529E-01	4.702E-01	4.176E-01	4.192E-01	4.183E-01	4.185E-01
1.950E+00	4.147E-01	4.078E-02	5.492E-01	4.676E-01	4.139E-01	4.155E-01	4.146E-01	4.148E-01
1.960E+00	4.110E-01	4.020E-02	5.455E-01	4.651E-01	4.102E-01	4.118E-01	4.109E-01	4.111E-01
1.970E+00	4.073E-01	3.961E-02	5.417E-01	4.625E-01	4.065E-01	4.082E-01	4.072E-01	4.074E-01
1.980E+00	4.037E-01	3.901E-02	5.380E-01	4.600E-01	4.028E-01	4.045E-01	4.036E-01	4.038E-01
1.990E+00	4.000E-01	3.841E-02	5.343E-01	4.575E-01	3.992E-01	4.009E-01	3.999E-01	4.001E-01
2.000E+00	3.964E-01	3.780E-02	5.306E-01	4.550E-01	3.956E-01	3.973E-01	3.963E-01	3.965E-01
2.010E+00	3.928E-01	3.718E-02	5.269E-01	4.526E-01	3.920E-01	3.937E-01	3.927E-01	3.929E-01
2.020E+00	3.893E-01	3.655E-02	5.232E-01	4.501E-01	3.884E-01	3.901E-01	3.892E-01	3.894E-01
2.030E+00	3.857E-01	3.592E-02	5.195E-01	4.476E-01	3.849E-01	3.866E-01	3.856E-01	3.858E-01
2.040E+00	3.822E-01	3.529E-02	5.158E-01	4.452E-01	3.813E-01	3.830E-01	3.821E-01	3.823E-01
2.050E+00	3.787E-01	3.464E-02	5.120E-01	4.428E-01	3.778E-01	3.795E-01	3.786E-01	3.788E-01
2.060E+00	3.752E-01	3.399E-02	5.083E-01	4.404E-01	3.743E-01	3.761E-01	3.751E-01	3.753E-01
2.070E+00	3.717E-01	3.334E-02	5.046E-01	4.380E-01	3.708E-01	3.726E-01	3.716E-01	3.718E-01
2.080E+00	3.683E-01	3.268E-02	5.009E-01	4.356E-01	3.674E-01	3.691E-01	3.682E-01	3.684E-01
2.090E+00	3.648E-01	3.201E-02	4.972E-01	4.332E-01	3.639E-01	3.657E-01	3.647E-01	3.649E-01
2.100E+00	3.614E-01	3.134E-02	4.935E-01	4.309E-01	3.605E-01	3.623E-01	3.613E-01	3.615E-01
2.110E+00	3.580E-01	3.066E-02	4.898E-01	4.285E-01	3.571E-01	3.589E-01	3.579E-01	3.581E-01
2.120E+00	3.547E-01	2.998E-02	4.861E-01	4.262E-01	3.538E-01	3.556E-01	3.546E-01	3.548E-01
2.130E+00	3.513E-01	2.930E-02	4.824E-01	4.239E-01	3.504E-01	3.522E-01	3.512E-01	3.514E-01
2.140E+00	3.480E-01	2.861E-02	4.787E-01	4.216E-01	3.471E-01	3.489E-01	3.479E-01	3.481E-01
2.150E+00	3.447E-01	2.792E-02	4.751E-01	4.193E-01	3.438E-01	3.456E-01	3.446E-01	3.448E-01
2.160E+00	3.414E-01	2.722E-02	4.714E-01	4.170E-01	3.405E-01	3.423E-01	3.413E-01	3.415E-01
2.170E+00	3.381E-01	2.652E-02	4.677E-01	4.147E-01	3.372E-01	3.391E-01	3.380E-01	3.382E-01
2.180E+00	3.349E-01	2.581E-02	4.640E-01	4.125E-01	3.340E-01	3.358E-01	3.348E-01	3.350E-01
2.190E+00	3.317E-01	2.510E-02	4.604E-01	4.102E-01	3.308E-01	3.326E-01	3.316E-01	3.318E-01
2.200E+00	3.285E-01	2.439E-02	4.567E-01	4.080E-01	3.276E-01	3.294E-01	3.284E-01	3.286E-01
2.210E+00	3.253E-01	2.368E-02	4.531E-01	4.058E-01	3.244E-01	3.262E-01	3.252E-01	3.254E-01
2.220E+00	3.221E-01	2.296E-02	4.494E-01	4.035E-01	3.212E-01	3.231E-01	3.220E-01	3.222E-01
2.230E+00	3.190E-01	2.224E-02	4.458E-01	4.014E-01	3.181E-01	3.199E-01	3.189E-01	3.191E-01
2.240E+00	3.159E-01	2.152E-02	4.422E-01	3.992E-01	3.149E-01	3.168E-01	3.158E-01	3.160E-01
2.250E+00	3.128E-01	2.079E-02	4.385E-01	3.970E-01	3.118E-01	3.137E-01	3.127E-01	3.129E-01
2.260E+00	3.097E-01	2.006E-02	4.349E-01	3.948E-01	3.088E-01	3.107E-01	3.096E-01	3.098E-01
2.270E+00	3.067E-01	1.933E-02	4.313E-01	3.927E-01	3.057E-01	3.076E-01	3.066E-01	3.068E-01
2.280E+00	3.036E-01	1.860E-02	4.277E-01	3.905E-01	3.027E-01	3.046E-01	3.035E-01	3.037E-01
2.290E+00	3.006E-01	1.787E-02	4.241E-01	3.884E-01	2.997E-01	3.016E-01	3.005E-01	3.007E-01
2.300E+00	2.976E-01	1.713E-02	4.205E-01	3.863E-01	2.967E-01	2.986E-01	2.975E-01	2.977E-01
2.310E+00	2.946E-01	1.640E-02	4.169E-01	3.842E-01	2.937E-01	2.956E-01	2.946E-01	2.947E-01
2.320E+00	2.917E-01	1.566E-02	4.134E-01	3.821E-01	2.907E-01	2.927E-01	2.916E-01	2.918E-01
2.330E+00	2.888E-01	1.492E-02	4.098E-01	3.800E-01	2.878E-01	2.897E-01	2.887E-01	2.889E-01
2.340E+00	2.859E-01	1.418E-02	4.063E-01	3.780E-01	2.849E-01	2.868E-01	2.858E-01	2.859E-01
2.350E+00	2.830E-01	1.345E-02	4.027E-01	3.759E-01	2.820E-01	2.839E-01	2.829E-01	2.831E-01
2.360E+00	2.801E-01	1.271E-02	3.992E-01	3.739E-01	2.791E-01	2.811E-01	2.800E-01	2.802E-01
2.370E+00	2.773E-01	1.197E-02	3.957E-01	3.718E-01	2.763E-01	2.782E-01	2.772E-01	2.773E-01
2.380E+00	2.744E-01	1.123E-02	3.922E-01	3.698E-01	2.735E-01	2.754E-01	2.743E-01	2.745E-01
2.390E+00	2.716E-01	1.049E-02	3.887E-01	3.678E-01	2.707E-01	2.726E-01	2.715E-01	2.717E-01
2.400E+00	2.688E-01	9.746E-03	3.852E-01	3.658E-01	2.679E-01	2.698E-01	2.687E-01	2.689E-01
2.410E+00	2.661E-01	9.007E-03	3.817E-01	3.638E-01	2.651E-01	2.670E-01	2.660E-01	2.662E-01
2.420E+00	2.633E-01	8.270E-03	3.783E-01	3.618E-01	2.624E-01	2.643E-01	2.632E-01	2.634E-01
2.430E+00	2.606E-01	7.533E-03	3.748E-01	3.599E-01	2.596E-01	2.616E-01	2.605E-01	2.607E-01
2.440E+00	2.579E-01	6.798E-03	3.714E-01	3.579E-01	2.569E-01	2.589E-01	2.578E-01	2.580E-01
2.450E+00	2.552E-01	6.066E-03	3.679E-01	3.560E-01	2.543E-01	2.562E-01	2.551E-01	2.553E-01
2.460E+00	2.526E-01	5.336E-03	3.645E-01	3.540E-01	2.516E-01	2.535E-01	2.525E-01	2.526E-01
2.470E+00	2.499E-01	4.612E-03	3.611E-01	3.521E-01	2.489E-01	2.509E-01	2.498E-01	2.500E-01
2.480E+00	2.473E-01	3.893E-03	3.577E-01	3.502E-01	2.463E-01	2.483E-01	2.472E-01	2.474E-01
2.490E+00	2.447E-01	3.185E-03	3.543E-01	3.483E-01	2.437E-01	2.457E-01	2.446E-01	2.448E-01
2.500E+00	2.421E-01	2.494E-03	3.510E-01	3.464E-01	2.411E-01	2.431E-01	2.420E-01	2.422E-01
2.510E+00	2.395E-01	1.839E-03	3.476E-01	3.445E-01	2.386E-01	2.405E-01	2.395E-01	2.396E-01
2.520E+00	2.370E-01	1.276E-03	3.443E-01	3.426E-01	2.360E-01	2.380E-01	2.369E-01	2.371E-01
2.530E+00	2.345E-01	9.721E-04	3.410E-01	3.408E-01	2.335E-01	2.354E-01	2.344E-01	2.346E-01
2.540E+00	2.320E-01	1.152E-03	3.376E-01	3.389E-01	2.310E-01	2.329E-01	2.319E-01	2.321E-01
2.550E+00	2.295E-01	1.663E-03	3.343E-01	3.371E-01	2.285E-01	2.305E-01	2.294E-01	2.296E-01
2.560E+00	2.270E-01	2.292E-03	3.311E-01	3.352E-01	2.261E-01	2.280E-01	2.270E-01	2.271E-01
2.570E+00	2.246E-01	2.962E-03	3.278E-01	3.334E-01	2.236E-01	2.256E-01	2.245E-01	2.247E-01
2.580E+00	2.222E-01	3.651E-03	3.245E-01	3.316E-01	2.212E-01	2.231E-01	2.221E-01	2.223E-01
2.590E+00	2.198E-01	4.347E-03	3.213E-01	3.298E-01	2.188E-01	2.207E-01	2.197E-01	2.199E-01
2.600E+00	2.174E-01	5.046E-03	3.181E-01	3.280E-01	2.164E-01	2.183E-01	2.173E-01	2.175E-01
2.610E+00	2.150E-01	5.747E-03	3.149E-01	3.262E-01	2.141E-01	2.160E-01	2.149E-01	2.151E-01
2.620E+00	2.127E-01	6.447E-03	3.117E-01	3.244E-01	2.117E-01	2.136E-01	2.126E-01	2.128E-01
2.630E+00	2.104E-01	7.146E-03	3.085E-01	3.227E-01	2.094E-01	2.113E-01	2.103E-01	2.104E-01
2.640E+00	2.080E-01	7.844E-03	3.053E-01	3.209E-01	2.071E-01	2.090E-01	2.080E-01	2.081E-01
2.650E+00	2.058E-01	8.539E-03	3.022E-01	3.192E-01	2.048E-01	2.067E-01	2.057E-01	2.058E-01
2.660E+00	2.035E-01	9.232E-03	2.991E-01	3.174E-01	2.025E-01	2.044E-01	2.034E-01	2.036E-01
2.670E+00	2.012E-01	9.922E-03	2.959E-01	3.157E-01	2.003E-01	2.022E-01	2.012E-01	2.013E-01
2.680E+00	1.990E-01	1.061E-02	2.928E-01	3.140E-01	1.981E-01	2.000E-01	1.989E-01	1.991E-01
2.690E+00	1.968E-01	1.129E-02	2.898E-01	3.123E-01	1.959E-01	1.978E-01	1.967E-01	1.969E-01
2.700E+00	1.946E-01	1.197E-02	2.867E-01	3.106E-01	1.937E-01	1.956E-01	1.945E-01	1.947E-01
2.710E+00	1.924E-01	1.265E-02	2.837E-01	3.089E-01	1.915E-01	1.934E-01	1.924E-01	1.925E-01
2.720E+00	1.903E-01	1.333E-02	2.806E-01	3.072E-01	1.894E-01	1.912E-01	1.902E-01	1.904E-01
2.730E+00	1.882E-01	1.400E-02	2.776E-01	3.055E-01	1.872E-01	1.891E-01	1.881E-01	1.882E-01
2.740E+00	1.860E-01	1.466E-02	2.746E-01	3.039E-01	1.851E-01	1.870E-01	1.860E-01	1.861E-01
2.750E+00	1.839E-01	1.532E-02	2.716E-01	3.022E-01	1.830E-01	1.849E-01	1.839E-01	1.840E-01
2.760E+00	1.819E-01	1.598E-02	2.687E-01	3.006E-01	1.809E-01	1.828E-01	1.818E-01	1.819E-01
2.770E+00	1.798E-01	1.664E-02	2.657E-01	2.989E-01	1.789E-01	1.807E-01	1.797E-01	1.799E-01
2.780E+00	1.778E-01	1.729E-02	2.628E-01	2.973E-01	1.768E-01	1.787E-01	1.777E-01	1.778E-01
2.790E+00	1.757E-01	1.793E-02	2.599E-01	2.957E-01	1.748E-01	1.767E-01	1.757E-01	1.758E-01
2.800E+00	1.737E-01	1.857E-02	2.570E-01	2.941E-01	1.728E-01	1.746E-01	1.737E-01	1.738E-01
2.810E+00	1.717E-01	1.921E-02	2.541E-01	2.925E-01	1.708E-01	1.727E-01	1.717E-01	1.718E-01
2.820E+00	1.698E-01	1.984E-02	2.513E-01	2.909E-01	1.689E-01	1.707E-01	1.697E-01	1.698E-01
2.830E+00	1.678E-01	2.047E-02	2.484E-01	2.893E-01	1.669E-01	1.687E-01	1.677E-01	1.679E-01
2.840E+00	1.659E-01	2.109E-02	2.456E-01	2.877E-01	1.650E-01	1.668E-01	1.658E-01	1.660E-01
2.850E+00	1.640E-01	2.171E-02	2.428E-01	2.862E-01	1.631E-01	1.649E-01	1.639E-01	1.640E-01
2.860E+00	1.621E-01	2.232E-02	2.400E-01	2.846E-01	1.612E-01	1.630E-01	1.620E-01	1.621E-01
2.870E+00	1.602E-01	2.293E-02	2.373E-01	2.831E-01	1.593E-01	1.611E-01	1.601E-01	1.603E-01
2.880E+00	1.583E-01	2.353E-02	2.345E-01	2.815E-01	1.574E-01	1.592E-01	1.582E-01	1.584E-01
2.890E+00	1.565E-01	2.413E-02	2.318E-01	2.800E-01	1.556E-01	1.574E-01	1.564E-01	1.565E-01
2.900E+00	1.546E-01	2.472E-02	2.291E-01	2.785E-01	1.537E-01	1.555E-01	1.546E-01	1.547E-01
2.910E+00	1.528E-01	2.531E-02	2.264E-01	2.770E-01	1.519E-01	1.537E-01	1.528E-01	1.529E-01
2.920E+00	1.510E-01	2.589E-02	2.237E-01	2.755E-01	1.501E-01	1.519E-01	1.510E-01	1.511E-01
2.930E+00	1.492E-01	2.647E-02	2.211E-01	2.740E-01	1.484E-01	1.501E-01	1.492E-01	1.493E-01
2.940E+00	1.475E-01	2.704E-02	2.184E-01	2.725E-01	1.466E-01	1.484E-01	1.474E-01	1.475E-01
2.950E+00	1.457E-01	2.760E-02	2.158E-01	2.710E-01	1.449E-01	1.466E-01	1.457E-01	1.458E-01
2.960E+00	1.440E-01	2.816E-02	2.132E-01	2.695E-01	1.431E-01	1.449E-01	1.439E-01	1.441E-01
2.970E+00	1.423E-01	2.872E-02	2.106E-01	2.680E-01	1.414E-01	1.432E-01	1.422E-01	1.424E-01
2.980E+00	1.406E-01	2.927E-02	2.081E-01	2.666E-01	1.397E-01	1.415E-01	1.405E-01	1.407E-01
2.990E+00	1.389E-01	2.981E-02	2.055E-01	2.651E-01	1.381E-01	1.398E-01	1.388E-01	1.390E-01
3.000E+00	1.372E-01	3.035E-02	2.030E-01	2.637E-01	1.364E-01	1.381E-01	1.372E-01	1.373E-01
