1.000E-02	1.188E+00	6.230E-03	1.194E+00	1.182E+00	1.188E+00	1.188E+00	1.188E+00	1.188E+00
2.000E-02	1.188E+00	6.186E-03	1.194E+00	1.181E+00	1.188E+00	1.188E+00	1.188E+00	1.188E+00
3.000E-02	1.187E+00	6.131E-03	1.193E+00	1.181E+00	1.187E+00	1.187E+00	1.187E+00	1.187E+00
4.000E-02	1.187E+00	6.069E-03	1.193E+00	1.181E+00	1.186E+00	1.187E+00	1.187E+00	1.187E+00
5.000E-02	1.186E+00	6.001E-03	1.192E+00	1.180E+00	1.186E+00	1.186E+00	1.186E+00	1.186E+00
6.000E-02	1.185E+00	5.929E-03	1.191E+00	1.179E+00	1.185E+00	1.185E+00	1.185E+00	1.185E+00
7.000E-02	1.184E+00	5.852E-03	1.190E+00	1.178E+00	1.184E+00	1.184E+00	1.184E+00	1.184E+00
8.000E-02	1.183E+00	5.772E-03	1.189E+00	1.177E+00	1.183E+00	1.183E+00	1.183E+00	1.183E+00
9.000E-02	1.182E+00	5.689E-03	1.188E+00	1.176E+00	1.182E+00	1.182E+00	1.182E+00	1.182E+00
1.000E-01	1.181E+00	5.604E-03	1.187E+00	1.175E+00	1.181E+00	1.181E+00	1.181E+00	1.181E+00
1.100E-01	1.180E+00	5.516E-03	1.185E+00	1.174E+00	1.180E+00	1.180E+00	1.180E+00	1.180E+00
1.200E-01	1.178E+00	5.427E-03	1.184E+00	1.173E+00	1.178E+00	1.179E+00	1.178E+00	1.179E+00
1.300E-01	1.177E+00	5.336E-03	1.182E+00	1.172E+00	1.177E+00	1.177E+00	1.177E+00	1.177E+00
1.400E-01	1.176E+00	5.243E-03	1.181E+00	1.170E+00	1.176E+00	1.176E+00	1.176E+00	1.176E+00
1.500E-01	1.174E+00	5.149E-03	1.179E+00	1.169E+00	1.174E+00	1.174E+00	1.174E+00	1.174E+00
1.600E-01	1.173E+00	5.054E-03	1.178E+00	1.168E+00	1.173E+00	1.173E+00	1.173E+00	1.173E+00
1.700E-01	1.171E+00	4.958E-03	1.176E+00	1.166E+00	1.171E+00	1.171E+00	1.171E+00	1.171E+00
1.800E-01	1.169E+00	4.862E-03	1.174E+00	1.165E+00	1.169E+00	1.170E+00	1.169E+00	1.169E+00
1.900E-01	1.168E+00	4.764E-03	1.172E+00	1.163E+00	1.168E+00	1.168E+00	1.168E+00	1.168E+00
2.000E-01	1.166E+00	4.666E-03	1.171E+00	1.161E+00	1.166E+00	1.166E+00	1.166E+00	1.166E+00
2.100E-01	1.164E+00	4.568E-03	1.169E+00	1.160E+00	1.164E+00	1.164E+00	1.164E+00	1.164E+00
2.200E-01	1.162E+00	4.469E-03	1.167E+00	1.158E+00	1.162E+00	1.162E+00	1.162E+00	1.162E+00
2.300E-01	1.160E+00	4.371E-03	1.165E+00	1.156E+00	1.160E+00	1.161E+00	1.160E+00	1.160E+00
2.400E-01	1.158E+00	4.271E-03	1.163E+00	1.154E+00	1.158E+00	1.159E+00	1.158E+00	1.158E+00
2.500E-01	1.156E+00	4.172E-03	1.161E+00	1.152E+00	1.156E+00	1.157E+00	1.156E+00	1.156E+00
2.600E-01	1.154E+00	4.073E-03	1.158E+00	1.150E+00	1.154E+00	1.154E+00	1.154E+00	1.154E+00
2.700E-01	1.152E+00	3.974E-03	1.156E+00	1.148E+00	1.152E+00	1.152E+00	1.152E+00	1.152E+00
2.800E-01	1.150E+00	3.875E-03	1.154E+00	1.146E+00	1.150E+00	1.150E+00	1.150E+00	1.150E+00
2.900E-01	1.148E+00	3.776E-03	1.152E+00	1.144E+00	1.148E+00	1.148E+00	1.148E+00	1.148E+00
3.000E-01	1.146E+00	3.678E-03	1.149E+00	1.142E+00	1.145E+00	1.146E+00	1.146E+00	1.146E+00
3.100E-01	1.143E+00	3.580E-03	1.147E+00	1.140E+00	1.143E+00	1.143E+00	1.143E+00	1.143E+00
3.200E-01	1.141E+00	3.482E-03	1.144E+00	1.137E+00	1.141E+00	1.141E+00	1.141E+00	1.141E+00
3.300E-01	1.139E+00	3.384E-03	1.142E+00	1.135E+00	1.138E+00	1.139E+00	1.139E+00	1.139E+00
3.400E-01	1.136E+00	3.287E-03	1.139E+00	1.133E+00	1.136E+00	1.136E+00	1.136E+00	1.136E+00
3.500E-01	1.134E+00	3.191E-03	1.137E+00	1.130E+00	1.134E+00	1.134E+00	1.134E+00	1.134E+00
3.600E-01	1.131E+00	3.095E-03	1.134E+00	1.128E+00	1.131E+00	1.131E+00	1.131E+00	1.131E+00
3.700E-01	1.129E+00	2.999E-03	1.132E+00	1.126E+00	1.129E+00	1.129E+00	1.129E+00	1.129E+00
3.800E-01	1.126E+00	2.905E-03	1.129E+00	1.123E+00	1.126E+00	1.126E+00	1.126E+00	1.126E+00
3.900E-01	1.123E+00	2.811E-03	1.126E+00	1.121E+00	1.123E+00	1.124E+00	1.123E+00	1.123E+00
4.000E-01	1.121E+00	2.717E-03	1.123E+00	1.118E+00	1.121E+00	1.121E+00	1.121E+00	1.121E+00
4.100E-01	1.118E+00	2.625E-03	1.121E+00	1.115E+00	1.118E+00	1.118E+00	1.118E+00	1.118E+00
4.200E-01	1.115E+00	2.533E-03	1.118E+00	1.113E+00	1.115E+00	1.116E+00	1.115E+00	1.115E+00
4.300E-01	1.113E+00	2.441E-03	1.115E+00	1.110E+00	1.113E+00	1.113E+00	1.113E+00	1.113E+00
4.400E-01	1.110E+00	2.351E-03	1.112E+00	1.107E+00	1.110E+00	1.110E+00	1.110E+00	1.110E+00
4.500E-01	1.107E+00	2.262E-03	1.109E+00	1.105E+00	1.107E+00	1.107E+00	1.107E+00	1.107E+00
4.600E-01	1.104E+00	2.173E-03	1.106E+00	1.102E+00	1.104E+00	1.104E+00	1.104E+00	1.104E+00
4.700E-01	1.101E+00	2.085E-03	1.103E+00	1.099E+00	1.101E+00	1.101E+00	1.101E+00	1.101E+00
4.800E-01	1.098E+00	1.998E-03	1.100E+00	1.096E+00	1.098E+00	1.099E+00	1.098E+00	1.098E+00
4.900E-01	1.095E+00	1.912E-03	1.097E+00	1.093E+00	1.095E+00	1.096E+00	1.095E+00	1.095E+00
5.000E-01	1.092E+00	1.827E-03	1.094E+00	1.091E+00	1.092E+00	1.093E+00	1.092E+00	1.092E+00
5.100E-01	1.089E+00	1.743E-03	1.091E+00	1.088E+00	1.089E+00	1.090E+00	1.089E+00	1.089E+00
5.200E-01	1.086E+00	1.660E-03	1.088E+00	1.085E+00	1.086E+00	1.087E+00	1.086E+00	1.086E+00
5.300E-01	1.083E+00	1.578E-03	1.085E+00	1.082E+00	1.083E+00	1.083E+00	1.083E+00	1.083E+00
5.400E-01	1.080E+00	1.497E-03	1.082E+00	1.079E+00	1.080E+00	1.080E+00	1.080E+00	1.080E+00
5.500E-01	1.077E+00	1.417E-03	1.078E+00	1.076E+00	1.077E+00	1.077E+00	1.077E+00	1.077E+00
5.600E-01	1.074E+00	1.339E-03	1.075E+00	1.073E+00	1.074E+00	1.074E+00	1.074E+00	1.074E+00
5.700E-01	1.071E+00	1.261E-03	1.072E+00	1.070E+00	1.071E+00	1.071E+00	1.071E+00	1.071E+00
5.800E-01	1.068E+00	1.184E-03	1.069E+00	1.066E+00	1.068E+00	1.068E+00	1.068E+00	1.068E+00
5.900E-01	1.064E+00	1.108E-03	1.065E+00	1.063E+00	1.064E+00	1.065E+00	1.064E+00	1.064E+00
6.000E-01	1.061E+00	1.034E-03	1.062E+00	1.060E+00	1.061E+00	1.061E+00	1.061E+00	1.061E+00
6.100E-01	1.058E+00	9.606E-04	1.059E+00	1.057E+00	1.058E+00	1.058E+00	1.058E+00	1.058E+00
6.200E-01	1.055E+00	8.884E-04	1.055E+00	1.054E+00	1.054E+00	1.055E+00	1.055E+00	1.055E+00
6.300E-01	1.051E+00	8.174E-04	1.052E+00	1.050E+00	1.051E+00	1.051E+00	1.051E+00	1.051E+00
6.400E-01	1.048E+00	7.477E-04	1.049E+00	1.047E+00	1.048E+00	1.048E+00	1.048E+00	1.048E+00
6.500E-01	1.045E+00	6.792E-04	1.045E+00	1.044E+00	1.044E+00	1.045E+00	1.045E+00	1.045E+00
6.600E-01	1.041E+00	6.120E-04	1.042E+00	1.041E+00	1.041E+00	1.041E+00	1.041E+00	1.041E+00
6.700E-01	1.038E+00	5.461E-04	1.038E+00	1.037E+00	1.038E+00	1.038E+00	1.038E+00	1.038E+00
6.800E-01	1.034E+00	4.817E-04	1.035E+00	1.034E+00	1.034E+00	1.034E+00	1.034E+00	1.034E+00
6.900E-01	1.031E+00	4.188E-04	1.031E+00	1.030E+00	1.031E+00	1.031E+00	1.031E+00	1.031E+00
7.000E-01	1.027E+00	3.577E-04	1.028E+00	1.027E+00	1.027E+00	1.028E+00	1.027E+00	1.027E+00
7.100E-01	1.024E+00	2.986E-04	1.024E+00	1.024E+00	1.024E+00	1.024E+00	1.024E+00	1.024E+00
7.200E-01	1.020E+00	2.423E-04	1.021E+00	1.020E+00	1.020E+00	1.021E+00	1.020E+00	1.020E+00
7.300E-01	1.017E+00	1.901E-04	1.017E+00	1.017E+00	1.017E+00	1.017E+00	1.017E+00	1.017E+00
7.400E-01	1.013E+00	1.448E-04	1.013E+00	1.013E+00	1.013E+00	1.013E+00	1.013E+00	1.013E+00
7.500E-01	1.010E+00	1.133E-04	1.010E+00	1.010E+00	1.010E+00	1.010E+00	1.010E+00	1.010E+00
7.600E-01	1.006E+00	1.064E-04	1.006E+00	1.006E+00	1.006E+00	1.006E+00	1.006E+00	1.006E+00
7.700E-01	1.003E+00	1.266E-04	1.003E+00	1.003E+00	1.003E+00	1.003E+00	1.003E+00	1.003E+00
7.800E-01	9.990E-01	1.629E-04	9.989E-01	9.991E-01	9.989E-01	9.991E-01	9.990E-01	9.991E-01
7.900E-01	9.954E-01	2.062E-04	9.952E-01	9.955E-01	9.953E-01	9.955E-01	9.954E-01	9.954E-01
8.000E-01	9.918E-01	2.521E-04	9.915E-01	9.919E-01	9.917E-01	9.919E-01	9.917E-01	9.918E-01
8.100E-01	9.881E-01	2.988E-04	9.878E-01	9.883E-01	9.880E-01	9.882E-01	9.881E-01	9.881E-01
8.200E-01	9.844E-01	3.455E-04	9.841E-01	9.847E-01	9.843E-01	9.845E-01	9.844E-01	9.845E-01
8.300E-01	9.807E-01	3.918E-04	9.803E-01	9.811E-01	9.806E-01	9.808E-01	9.807E-01	9.808E-01
8.400E-01	9.770E-01	4.373E-04	9.766E-01	9.774E-01	9.769E-01	9.771E-01	9.770E-01	9.771E-01
8.500E-01	9.733E-01	4.820E-04	9.728E-01	9.737E-01	9.732E-01	9.734E-01	9.733E-01	9.733E-01
8.600E-01	9.696E-01	5.257E-04	9.690E-01	9.701E-01	9.695E-01	9.697E-01	9.696E-01	9.696E-01
8.700E-01	9.658E-01	5.685E-04	9.652E-01	9.664E-01	9.658E-01	9.659E-01	9.658E-01	9.659E-01
8.800E-01	9.621E-01	6.102E-04	9.615E-01	9.627E-01	9.620E-01	9.622E-01	9.621E-01	9.621E-01
8.900E-01	9.583E-01	6.509E-04	9.576E-01	9.589E-01	9.582E-01	9.584E-01	9.583E-01	9.583E-01
9.000E-01	9.545E-01	6.904E-04	9.538E-01	9.552E-01	9.545E-01	9.546E-01	9.545E-01	9.546E-01
9.100E-01	9.507E-01	7.289E-04	9.500E-01	9.514E-01	9.507E-01	9.508E-01	9.507E-01	9.508E-01
9.200E-01	9.469E-01	7.663E-04	9.462E-01	9.477E-01	9.469E-01	9.470E-01	9.469E-01	9.470E-01
9.300E-01	9.431E-01	8.026E-04	9.423E-01	9.439E-01	9.430E-01	9.432E-01	9.431E-01	9.432E-01
9.400E-01	9.393E-01	8.378E-04	9.385E-01	9.401E-01	9.392E-01	9.394E-01	9.393E-01	9.393E-01
9.500E-01	9.355E-01	8.719E-04	9.346E-01	9.363E-01	9.354E-01	9.356E-01	9.354E-01	9.355E-01
9.600E-01	9.316E-01	9.049E-04	9.307E-01	9.325E-01	9.316E-01	9.317E-01	9.316E-01	9.317E-01
9.700E-01	9.278E-01	9.368E-04	9.268E-01	9.287E-01	9.277E-01	9.279E-01	9.277E-01	9.278E-01
9.800E-01	9.239E-01	9.676E-04	9.229E-01	9.249E-01	9.238E-01	9.240E-01	9.239E-01	9.240E-01
9.900E-01	9.200E-01	9.973E-04	9.190E-01	9.210E-01	9.200E-01	9.201E-01	9.200E-01	9.201E-01
1.000E+00	9.162E-01	1.026E-03	9.151E-01	9.172E-01	9.161E-01	9.162E-01	9.161E-01	9.162E-01
1.010E+00	9.123E-01	1.053E-03	9.112E-01	9.133E-01	9.122E-01	9.124E-01	9.122E-01	9.123E-01
1.020E+00	9.084E-01	1.080E-03	9.073E-01	9.095E-01	9.083E-01	9.085E-01	9.083E-01	9.084E-01
1.030E+00	9.045E-01	1.105E-03	9.034E-01	9.056E-01	9.044E-01	9.046E-01	9.044E-01	9.045E-01
1.040E+00	9.006E-01	1.129E-03	8.994E-01	9.017E-01	9.005E-01	9.006E-01	9.005E-01	9.006E-01
1.050E+00	8.967E-01	1.153E-03	8.955E-01	8.978E-01	8.966E-01	8.967E-01	8.966E-01	8.967E-01
1.060E+00	8.927E-01	1.175E-03	8.916E-01	8.939E-01	8.927E-01	8.928E-01	8.927E-01	8.928E-01
1.070E+00	8.888E-01	1.196E-03	8.876E-01	8.900E-01	8.887E-01	8.889E-01	8.888E-01	8.888E-01
1.080E+00	8.849E-01	1.216E-03	8.837E-01	8.861E-01	8.848E-01	8.849E-01	8.848E-01	8.849E-01
1.090E+00	8.809E-01	1.235E-03	8.797E-01	8.822E-01	8.809E-01	8.810E-01	8.809E-01	8.810E-01
1.100E+00	8.770E-01	1.253E-03	8.757E-01	8.782E-01	8.769E-01	8.771E-01	8.770E-01	8.770E-01
1.110E+00	8.730E-01	1.270E-03	8.718E-01	8.743E-01	8.730E-01	8.731E-01	8.730E-01	8.731E-01
1.120E+00	8.691E-01	1.286E-03	8.678E-01	8.704E-01	8.690E-01	8.692E-01	8.691E-01	8.691E-01
1.130E+00	8.651E-01	1.301E-03	8.638E-01	8.664E-01	8.651E-01	8.652E-01	8.651E-01	8.652E-01
1.140E+00	8.612E-01	1.315E-03	8.599E-01	8.625E-01	8.611E-01	8.612E-01	8.611E-01	8.612E-01
1.150E+00	8.572E-01	1.328E-03	8.559E-01	8.585E-01	8.571E-01	8.573E-01	8.572E-01	8.572E-01
1.160E+00	8.532E-01	1.340E-03	8.519E-01	8.546E-01	8.532E-01	8.533E-01	8.532E-01	8.533E-01
1.170E+00	8.493E-01	1.351E-03	8.479E-01	8.506E-01	8.492E-01	8.493E-01	8.492E-01	8.493E-01
1.180E+00	8.453E-01	1.361E-03	8.439E-01	8.467E-01	8.452E-01	8.453E-01	8.452E-01	8.453E-01
1.190E+00	8.413E-01	1.370E-03	8.400E-01	8.427E-01	8.413E-01	8.414E-01	8.413E-01	8.414E-01
1.200E+00	8.373E-01	1.378E-03	8.360E-01	8.387E-01	8.373E-01	8.374E-01	8.373E-01	8.374E-01
1.210E+00	8.334E-01	1.385E-03	8.320E-01	8.348E-01	8.333E-01	8.334E-01	8.333E-01	8.334E-01
1.220E+00	8.294E-01	1.392E-03	8.280E-01	8.308E-01	8.293E-01	8.294E-01	8.293E-01	8.294E-01
1.230E+00	8.254E-01	1.397E-03	8.240E-01	8.268E-01	8.253E-01	8.254E-01	8.253E-01	8.254E-01
1.240E+00	8.214E-01	1.401E-03	8.200E-01	8.228E-01	8.214E-01	8.214E-01	8.214E-01	8.214E-01
1.250E+00	8.174E-01	1.405E-03	8.160E-01	8.188E-01	8.174E-01	8.175E-01	8.174E-01	8.175E-01
1.260E+00	8.134E-01	1.408E-03	8.120E-01	8.149E-01	8.134E-01	8.135E-01	8.134E-01	8.135E-01
1.270E+00	8.094E-01	1.410E-03	8.081E-01	8.109E-01	8.094E-01	8.095E-01	8.094E-01	8.095E-01
1.280E+00	8.054E-01	1.411E-03	8.041E-01	8.069E-01	8.054E-01	8.055E-01	8.054E-01	8.055E-01
1.290E+00	8.015E-01	1.411E-03	8.001E-01	8.029E-01	8.014E-01	8.015E-01	8.014E-01	8.015E-01
1.300E+00	7.975E-01	1.410E-03	7.961E-01	7.989E-01	7.974E-01	7.975E-01	7.974E-01	7.975E-01
1.310E+00	7.935E-01	1.408E-03	7.921E-01	7.949E-01	7.934E-01	7.935E-01	7.934E-01	7.935E-01
1.320E+00	7.895E-01	1.406E-03	7.881E-01	7.909E-01	7.895E-01	7.895E-01	7.895E-01	7.895E-01
1.330E+00	7.855E-01	1.403E-03	7.842E-01	7.870E-01	7.855E-01	7.856E-01	7.855E-01	7.856E-01
1.340E+00	7.815E-01	1.399E-03	7.802E-01	7.830E-01	7.815E-01	7.816E-01	7.815E-01	7.816E-01
1.350E+00	7.776E-01	1.394E-03	7.762E-01	7.790E-01	7.775E-01	7.776E-01	7.775E-01	7.776E-01
1.360E+00	7.736E-01	1.388E-03	7.722E-01	7.750E-01	7.735E-01	7.736E-01	7.735E-01	7.736E-01
1.370E+00	7.696E-01	1.382E-03	7.683E-01	7.710E-01	7.696E-01	7.696E-01	7.695E-01	7.696E-01
1.380E+00	7.656E-01	1.375E-03	7.643E-01	7.670E-01	7.656E-01	7.656E-01	7.656E-01	7.657E-01
1.390E+00	7.616E-01	1.367E-03	7.603E-01	7.631E-01	7.616E-01	7.617E-01	7.616E-01	7.617E-01
1.400E+00	7.577E-01	1.358E-03	7.564E-01	7.591E-01	7.576E-01	7.577E-01	7.576E-01	7.577E-01
1.410E+00	7.537E-01	1.349E-03	7.524E-01	7.551E-01	7.537E-01	7.537E-01	7.537E-01	7.538E-01
1.420E+00	7.497E-01	1.339E-03	7.485E-01	7.511E-01	7.497E-01	7.498E-01	7.497E-01	7.498E-01
1.430E+00	7.458E-01	1.328E-03	7.445E-01	7.472E-01	7.458E-01	7.458E-01	7.457E-01	7.458E-01
1.440E+00	7.418E-01	1.317E-03	7.406E-01	7.432E-01	7.418E-01	7.418E-01	7.418E-01	7.419E-01
1.450E+00	7.379E-01	1.304E-03	7.366E-01	7.392E-01	7.378E-01	7.379E-01	7.378E-01	7.379E-01
1.460E+00	7.339E-01	1.292E-03	7.327E-01	7.353E-01	7.339E-01	7.339E-01	7.339E-01	7.340E-01
1.470E+00	7.300E-01	1.278E-03	7.288E-01	7.313E-01	7.300E-01	7.300E-01	7.299E-01	7.300E-01
1.480E+00	7.260E-01	1.264E-03	7.248E-01	7.274E-01	7.260E-01	7.260E-01	7.260E-01	7.261E-01
1.490E+00	7.221E-01	1.249E-03	7.209E-01	7.234E-01	7.221E-01	7.221E-01	7.220E-01	7.221E-01
1.500E+00	7.182E-01	1.234E-03	7.170E-01	7.195E-01	7.181E-01	7.182E-01	7.181E-01	7.182E-01
1.510E+00	7.142E-01	1.218E-03	7.131E-01	7.155E-01	7.142E-01	7.143E-01	7.142E-01	7.143E-01
1.520E+00	7.103E-01	1.201E-03	7.092E-01	7.116E-01	7.103E-01	7.103E-01	7.103E-01	7.104E-01
1.530E+00	7.064E-01	1.184E-03	7.053E-01	7.076E-01	7.064E-01	7.064E-01	7.063E-01	7.064E-01
1.540E+00	7.025E-01	1.166E-03	7.014E-01	7.037E-01	7.025E-01	7.025E-01	7.024E-01	7.025E-01
1.550E+00	6.986E-01	1.148E-03	6.975E-01	6.998E-01	6.986E-01	6.986E-01	6.985E-01	6.986E-01
1.560E+00	6.947E-01	1.129E-03	6.936E-01	6.959E-01	6.947E-01	6.947E-01	6.946E-01	6.947E-01
1.570E+00	6.908E-01	1.109E-03	6.898E-01	6.920E-01	6.908E-01	6.908E-01	6.907E-01	6.908E-01
1.580E+00	6.869E-01	1.089E-03	6.859E-01	6.881E-01	6.869E-01	6.869E-01	6.869E-01	6.870E-01
1.590E+00	6.830E-01	1.069E-03	6.820E-01	6.842E-01	6.830E-01	6.830E-01	6.830E-01	6.831E-01
1.600E+00	6.791E-01	1.047E-03	6.782E-01	6.803E-01	6.791E-01	6.792E-01	6.791E-01	6.792E-01
1.610E+00	6.753E-01	1.026E-03	6.743E-01	6.764E-01	6.753E-01	6.753E-01	6.752E-01	6.753E-01
1.620E+00	6.714E-01	1.004E-03	6.705E-01	6.725E-01	6.714E-01	6.714E-01	6.714E-01	6.715E-01
1.630E+00	6.676E-01	9.811E-04	6.667E-01	6.686E-01	6.676E-01	6.676E-01	6.675E-01	6.676E-01
1.640E+00	6.637E-01	9.581E-04	6.629E-01	6.648E-01	6.637E-01	6.637E-01	6.637E-01	6.638E-01
1.650E+00	6.599E-01	9.345E-04	6.590E-01	6.609E-01	6.599E-01	6.599E-01	6.598E-01	6.599E-01
1.660E+00	6.561E-01	9.105E-04	6.552E-01	6.571E-01	6.561E-01	6.561E-01	6.560E-01	6.561E-01
1.670E+00	6.522E-01	8.861E-04	6.514E-01	6.532E-01	6.522E-01	6.522E-01	6.522E-01	6.523E-01
1.680E+00	6.484E-01	8.613E-04	6.476E-01	6.494E-01	6.484E-01	6.484E-01	6.484E-01	6.485E-01
1.690E+00	6.446E-01	8.360E-04	6.439E-01	6.455E-01	6.446E-01	6.446E-01	6.446E-01	6.447E-01
1.700E+00	6.408E-01	8.103E-04	6.401E-01	6.417E-01	6.408E-01	6.408E-01	6.408E-01	6.409E-01
1.710E+00	6.370E-01	7.842E-04	6.363E-01	6.379E-01	6.370E-01	6.370E-01	6.370E-01	6.371E-01
1.720E+00	6.332E-01	7.577E-04	6.326E-01	6.341E-01	6.333E-01	6.332E-01	6.332E-01	6.333E-01
1.730E+00	6.295E-01	7.309E-04	6.288E-01	6.303E-01	6.295E-01	6.295E-01	6.294E-01	6.295E-01
1.740E+00	6.257E-01	7.036E-04	6.251E-01	6.265E-01	6.257E-01	6.257E-01	6.257E-01	6.258E-01
1.750E+00	6.220E-01	6.761E-04	6.214E-01	6.227E-01	6.220E-01	6.219E-01	6.219E-01	6.220E-01
1.760E+00	6.182E-01	6.482E-04	6.177E-01	6.190E-01	6.182E-01	6.182E-01	6.182E-01	6.183E-01
1.770E+00	6.145E-01	6.199E-04	6.140E-01	6.152E-01	6.145E-01	6.145E-01	6.144E-01	6.145E-01
1.780E+00	6.107E-01	5.914E-04	6.103E-01	6.114E-01	6.108E-01	6.107E-01	6.107E-01	6.108E-01
1.790E+00	6.070E-01	5.625E-04	6.066E-01	6.077E-01	6.070E-01	6.070E-01	6.070E-01	6.071E-01
1.800E+00	6.033E-01	5.333E-04	6.029E-01	6.040E-01	6.033E-01	6.033E-01	6.033E-01	6.034E-01
1.810E+00	5.996E-01	5.039E-04	5.992E-01	6.002E-01	5.996E-01	5.996E-01	5.996E-01	5.997E-01
1.820E+00	5.959E-01	4.742E-04	5.956E-01	5.965E-01	5.960E-01	5.959E-01	5.959E-01	5.960E-01
1.830E+00	5.923E-01	4.443E-04	5.919E-01	5.928E-01	5.923E-01	5.922E-01	5.922E-01	5.923E-01
1.840E+00	5.886E-01	4.141E-04	5.883E-01	5.891E-01	5.886E-01	5.886E-01	5.885E-01	5.886E-01
1.850E+00	5.849E-01	3.837E-04	5.847E-01	5.854E-01	5.849E-01	5.849E-01	5.849E-01	5.850E-01
1.860E+00	5.813E-01	3.531E-04	5.810E-01	5.817E-01	5.813E-01	5.813E-01	5.812E-01	5.813E-01
1.870E+00	5.776E-01	3.224E-04	5.774E-01	5.781E-01	5.777E-01	5.776E-01	5.776E-01	5.777E-01
1.880E+00	5.740E-01	2.916E-04	5.738E-01	5.744E-01	5.740E-01	5.740E-01	5.740E-01	5.741E-01
1.890E+00	5.704E-01	2.607E-04	5.703E-01	5.708E-01	5.704E-01	5.704E-01	5.704E-01	5.705E-01
1.900E+00	5.668E-01	2.298E-04	5.667E-01	5.671E-01	5.668E-01	5.668E-01	5.667E-01	5.669E-01
1.910E+00	5.632E-01	1.991E-04	5.631E-01	5.635E-01	5.632E-01	5.632E-01	5.632E-01	5.633E-01
1.920E+00	5.596E-01	1.687E-04	5.596E-01	5.599E-01	5.596E-01	5.596E-01	5.596E-01	5.597E-01
1.930E+00	5.561E-01	1.390E-04	5.560E-01	5.563E-01	5.561E-01	5.560E-01	5.560E-01	5.561E-01
1.940E+00	5.525E-01	1.107E-04	5.525E-01	5.527E-01	5.525E-01	5.525E-01	5.524E-01	5.526E-01
1.950E+00	5.489E-01	8.557E-05	5.490E-01	5.491E-01	5.490E-01	5.489E-01	5.489E-01	5.490E-01
1.960E+00	5.454E-01	6.740E-05	5.455E-01	5.455E-01	5.454E-01	5.454E-01	5.454E-01	5.455E-01
1.970E+00	5.419E-01	6.285E-05	5.420E-01	5.420E-01	5.419E-01	5.419E-01	5.418E-01	5.419E-01
1.980E+00	5.384E-01	7.466E-05	5.385E-01	5.384E-01	5.384E-01	5.383E-01	5.383E-01	5.384E-01
1.990E+00	5.349E-01	9.716E-05	5.351E-01	5.349E-01	5.349E-01	5.348E-01	5.348E-01	5.349E-01
2.000E+00	5.314E-01	1.248E-04	5.316E-01	5.314E-01	5.314E-01	5.313E-01	5.313E-01	5.314E-01
2.010E+00	5.279E-01	1.549E-04	5.281E-01	5.279E-01	5.279E-01	5.279E-01	5.278E-01	5.280E-01
2.020E+00	5.244E-01	1.864E-04	5.247E-01	5.244E-01	5.245E-01	5.244E-01	5.244E-01	5.245E-01
2.030E+00	5.210E-01	2.187E-04	5.213E-01	5.209E-01	5.210E-01	5.209E-01	5.209E-01	5.210E-01
2.040E+00	5.175E-01	2.515E-04	5.179E-01	5.174E-01	5.176E-01	5.175E-01	5.175E-01	5.176E-01
2.050E+00	5.141E-01	2.846E-04	5.145E-01	5.139E-01	5.141E-01	5.141E-01	5.140E-01	5.142E-01
2.060E+00	5.107E-01	3.181E-04	5.111E-01	5.105E-01	5.107E-01	5.106E-01	5.106E-01	5.107E-01
2.070E+00	5.073E-01	3.517E-04	5.077E-01	5.070E-01	5.073E-01	5.072E-01	5.072E-01	5.073E-01
2.080E+00	5.039E-01	3.856E-04	5.044E-01	5.036E-01	5.039E-01	5.038E-01	5.038E-01	5.039E-01
2.090E+00	5.005E-01	4.195E-04	5.010E-01	5.002E-01	5.005E-01	5.005E-01	5.004E-01	5.006E-01
2.100E+00	4.971E-01	4.536E-04	4.977E-01	4.968E-01	4.972E-01	4.971E-01	4.971E-01	4.972E-01
2.110E+00	4.938E-01	4.877E-04	4.944E-01	4.934E-01	4.938E-01	4.937E-01	4.937E-01	4.938E-01
2.120E+00	4.904E-01	5.220E-04	4.911E-01	4.900E-01	4.905E-01	4.904E-01	4.904E-01	4.905E-01
2.130E+00	4.871E-01	5.563E-04	4.878E-01	4.867E-01	4.871E-01	4.871E-01	4.870E-01	4.872E-01
2.140E+00	4.838E-01	5.906E-04	4.845E-01	4.833E-01	4.838E-01	4.837E-01	4.837E-01	4.838E-01
2.150E+00	4.805E-01	6.249E-04	4.812E-01	4.800E-01	4.805E-01	4.804E-01	4.804E-01	4.805E-01
2.160E+00	4.772E-01	6.593E-04	4.780E-01	4.767E-01	4.772E-01	4.771E-01	4.771E-01	4.772E-01
2.170E+00	4.739E-01	6.937E-04	4.747E-01	4.733E-01	4.739E-01	4.739E-01	4.739E-01	4.740E-01
2.180E+00	4.706E-01	7.281E-04	4.715E-01	4.700E-01	4.707E-01	4.706E-01	4.706E-01	4.707E-01
2.190E+00	4.674E-01	7.625E-04	4.683E-01	4.668E-01	4.674E-01	4.673E-01	4.673E-01	4.674E-01
2.200E+00	4.642E-01	7.968E-04	4.651E-01	4.635E-01	4.642E-01	4.641E-01	4.641E-01	4.642E-01
2.210E+00	4.609E-01	8.312E-04	4.619E-01	4.602E-01	4.610E-01	4.609E-01	4.609E-01	4.610E-01
2.220E+00	4.577E-01	8.655E-04	4.587E-01	4.570E-01	4.578E-01	4.577E-01	4.577E-01	4.578E-01
2.230E+00	4.545E-01	8.998E-04	4.555E-01	4.537E-01	4.546E-01	4.545E-01	4.545E-01	4.546E-01
2.240E+00	4.513E-01	9.340E-04	4.524E-01	4.505E-01	4.514E-01	4.513E-01	4.513E-01	4.514E-01
2.250E+00	4.482E-01	9.682E-04	4.492E-01	4.473E-01	4.482E-01	4.481E-01	4.481E-01	4.482E-01
2.260E+00	4.450E-01	1.002E-03	4.461E-01	4.441E-01	4.450E-01	4.450E-01	4.449E-01	4.451E-01
2.270E+00	4.419E-01	1.036E-03	4.430E-01	4.409E-01	4.419E-01	4.418E-01	4.418E-01	4.419E-01
2.280E+00	4.387E-01	1.070E-03	4.399E-01	4.378E-01	4.388E-01	4.387E-01	4.387E-01	4.388E-01
2.290E+00	4.356E-01	1.104E-03	4.368E-01	4.346E-01	4.356E-01	4.356E-01	4.355E-01	4.357E-01
2.300E+00	4.325E-01	1.138E-03	4.338E-01	4.315E-01	4.325E-01	4.324E-01	4.324E-01	4.326E-01
2.310E+00	4.294E-01	1.172E-03	4.307E-01	4.284E-01	4.295E-01	4.294E-01	4.293E-01	4.295E-01
2.320E+00	4.263E-01	1.205E-03	4.277E-01	4.253E-01	4.264E-01	4.263E-01	4.263E-01	4.264E-01
2.330E+00	4.233E-01	1.239E-03	4.246E-01	4.222E-01	4.233E-01	4.232E-01	4.232E-01	4.233E-01
2.340E+00	4.202E-01	1.272E-03	4.216E-01	4.191E-01	4.203E-01	4.202E-01	4.202E-01	4.203E-01
2.350E+00	4.172E-01	1.306E-03	4.186E-01	4.160E-01	4.172E-01	4.171E-01	4.171E-01	4.172E-01
2.360E+00	4.142E-01	1.339E-03	4.156E-01	4.129E-01	4.142E-01	4.141E-01	4.141E-01	4.142E-01
2.370E+00	4.112E-01	1.372E-03	4.126E-01	4.099E-01	4.112E-01	4.111E-01	4.111E-01	4.112E-01
2.380E+00	4.082E-01	1.405E-03	4.097E-01	4.069E-01	4.082E-01	4.081E-01	4.081E-01	4.082E-01
2.390E+00	4.052E-01	1.437E-03	4.067E-01	4.039E-01	4.052E-01	4.051E-01	4.051E-01	4.052E-01
2.400E+00	4.022E-01	1.470E-03	4.038E-01	4.009E-01	4.023E-01	4.022E-01	4.022E-01	4.023E-01
2.410E+00	3.993E-01	1.503E-03	4.009E-01	3.979E-01	3.993E-01	3.992E-01	3.992E-01	3.993E-01
2.420E+00	3.963E-01	1.535E-03	3.980E-01	3.949E-01	3.964E-01	3.963E-01	3.963E-01	3.964E-01
2.430E+00	3.934E-01	1.567E-03	3.951E-01	3.920E-01	3.935E-01	3.933E-01	3.933E-01	3.935E-01
2.440E+00	3.905E-01	1.599E-03	3.922E-01	3.890E-01	3.905E-01	3.904E-01	3.904E-01	3.905E-01
2.450E+00	3.876E-01	1.631E-03	3.893E-01	3.861E-01	3.876E-01	3.875E-01	3.875E-01	3.876E-01
2.460E+00	3.847E-01	1.663E-03	3.865E-01	3.832E-01	3.848E-01	3.847E-01	3.847E-01	3.848E-01
2.470E+00	3.818E-01	1.694E-03	3.837E-01	3.803E-01	3.819E-01	3.818E-01	3.818E-01	3.819E-01
2.480E+00	3.790E-01	1.725E-03	3.808E-01	3.774E-01	3.790E-01	3.789E-01	3.789E-01	3.790E-01
2.490E+00	3.761E-01	1.757E-03	3.780E-01	3.745E-01	3.762E-01	3.761E-01	3.761E-01	3.762E-01
2.500E+00	3.733E-01	1.788E-03	3.752E-01	3.717E-01	3.734E-01	3.733E-01	3.733E-01	3.734E-01
2.510E+00	3.705E-01	1.818E-03	3.725E-01	3.688E-01	3.706E-01	3.705E-01	3.705E-01	3.706E-01
2.520E+00	3.677E-01	1.849E-03	3.697E-01	3.660E-01	3.678E-01	3.677E-01	3.677E-01	3.678E-01
2.530E+00	3.649E-01	1.879E-03	3.669E-01	3.632E-01	3.650E-01	3.649E-01	3.649E-01	3.650E-01
2.540E+00	3.622E-01	1.909E-03	3.642E-01	3.604E-01	3.622E-01	3.621E-01	3.621E-01	3.622E-01
2.550E+00	3.594E-01	1.939E-03	3.615E-01	3.576E-01	3.595E-01	3.594E-01	3.594E-01	3.595E-01
2.560E+00	3.567E-01	1.969E-03	3.588E-01	3.548E-01	3.567E-01	3.566E-01	3.566E-01	3.567E-01
2.570E+00	3.539E-01	1.999E-03	3.561E-01	3.521E-01	3.540E-01	3.539E-01	3.539E-01	3.540E-01
2.580E+00	3.512E-01	2.028E-03	3.534E-01	3.493E-01	3.513E-01	3.512E-01	3.512E-01	3.513E-01
2.590E+00	3.485E-01	2.057E-03	3.507E-01	3.466E-01	3.486E-01	3.485E-01	3.485E-01	3.486E-01
2.600E+00	3.459E-01	2.086E-03	3.481E-01	3.439E-01	3.459E-01	3.458E-01	3.458E-01	3.459E-01
2.610E+00	3.432E-01	2.114E-03	3.454E-01	3.412E-01	3.432E-01	3.431E-01	3.431E-01	3.432E-01
2.620E+00	3.405E-01	2.143E-03	3.428E-01	3.385E-01	3.406E-01	3.405E-01	3.405E-01	3.406E-01
2.630E+00	3.379E-01	2.171E-03	3.402E-01	3.358E-01	3.379E-01	3.378E-01	3.378E-01	3.379E-01
2.640E+00	3.353E-01	2.199E-03	3.376E-01	3.332E-01	3.353E-01	3.352E-01	3.352E-01	3.353E-01
2.650E+00	3.327E-01	2.227E-03	3.350E-01	3.306E-01	3.327E-01	3.326E-01	3.326E-01	3.327E-01
2.660E+00	3.301E-01	2.254E-03	3.324E-01	3.279E-01	3.301E-01	3.300E-01	3.300E-01	3.301E-01
2.670E+00	3.275E-01	2.281E-03	3.299E-01	3.253E-01	3.275E-01	3.274E-01	3.274E-01	3.275E-01
2.680E+00	3.249E-01	2.308E-03	3.273E-01	3.227E-01	3.250E-01	3.248E-01	3.248E-01	3.250E-01
2.690E+00	3.223E-01	2.335E-03	3.248E-01	3.201E-01	3.224E-01	3.223E-01	3.223E-01	3.224E-01
2.700E+00	3.198E-01	2.361E-03	3.223E-01	3.176E-01	3.199E-01	3.197E-01	3.197E-01	3.199E-01
2.710E+00	3.173E-01	2.387E-03	3.198E-01	3.150E-01	3.173E-01	3.172E-01	3.172E-01	3.173E-01
2.720E+00	3.148E-01	2.413E-03	3.173E-01	3.125E-01	3.148E-01	3.147E-01	3.147E-01	3.148E-01
2.730E+00	3.123E-01	2.439E-03	3.148E-01	3.100E-01	3.123E-01	3.122E-01	3.122E-01	3.123E-01
2.740E+00	3.098E-01	2.464E-03	3.124E-01	3.074E-01	3.098E-01	3.097E-01	3.097E-01	3.098E-01
2.750E+00	3.073E-01	2.490E-03	3.099E-01	3.050E-01	3.074E-01	3.072E-01	3.073E-01	3.074E-01
2.760E+00	3.049E-01	2.514E-03	3.075E-01	3.025E-01	3.049E-01	3.048E-01	3.048E-01	3.049E-01
2.770E+00	3.024E-01	2.539E-03	3.051E-01	3.000E-01	3.025E-01	3.023E-01	3.024E-01	3.025E-01
2.780E+00	3.000E-01	2.563E-03	3.027E-01	2.976E-01	3.000E-01	2.999E-01	2.999E-01	3.000E-01
2.790E+00	2.976E-01	2.587E-03	3.003E-01	2.951E-01	2.976E-01	2.975E-01	2.975E-01	2.976E-01
2.800E+00	2.952E-01	2.611E-03	2.979E-01	2.927E-01	2.952E-01	2.951E-01	2.951E-01	2.952E-01
2.810E+00	2.928E-01	2.635E-03	2.955E-01	2.903E-01	2.928E-01	2.927E-01	2.927E-01	2.928E-01
2.820E+00	2.904E-01	2.658E-03	2.932E-01	2.879E-01	2.905E-01	2.903E-01	2.904E-01	2.905E-01
2.830E+00	2.881E-01	2.681E-03	2.909E-01	2.855E-01	2.881E-01	2.880E-01	2.880E-01	2.881E-01
2.840E+00	2.857E-01	2.704E-03	2.885E-01	2.831E-01	2.858E-01	2.856E-01	2.857E-01	2.858E-01
2.850E+00	2.834E-01	2.726E-03	2.862E-01	2.808E-01	2.834E-01	2.833E-01	2.833E-01	2.834E-01
2.860E+00	2.811E-01	2.748E-03	2.839E-01	2.784E-01	2.811E-01	2.810E-01	2.810E-01	2.811E-01
2.870E+00	2.788E-01	2.770E-03	2.817E-01	2.761E-01	2.788E-01	2.787E-01	2.787E-01	2.788E-01
2.880E+00	2.765E-01	2.791E-03	2.794E-01	2.738E-01	2.765E-01	2.764E-01	2.764E-01	2.765E-01
2.890E+00	2.742E-01	2.813E-03	2.771E-01	2.715E-01	2.743E-01	2.741E-01	2.741E-01	2.743E-01
2.900E+00	2.719E-01	2.834E-03	2.749E-01	2.692E-01	2.720E-01	2.719E-01	2.719E-01	2.720E-01
2.910E+00	2.697E-01	2.854E-03	2.727E-01	2.670E-01	2.698E-01	2.696E-01	2.696E-01	2.697E-01
2.920E+00	2.675E-01	2.875E-03	2.705E-01	2.647E-01	2.675E-01	2.674E-01	2.674E-01	2.675E-01
2.930E+00	2.652E-01	2.895E-03	2.683E-01	2.625E-01	2.653E-01	2.652E-01	2.652E-01	2.653E-01
2.940E+00	2.630E-01	2.914E-03	2.661E-01	2.602E-01	2.631E-01	2.630E-01	2.630E-01	2.631E-01
2.950E+00	2.608E-01	2.934E-03	2.639E-01	2.580E-01	2.609E-01	2.608E-01	2.608E-01	2.609E-01
2.960E+00	2.587E-01	2.953E-03	2.617E-01	2.558E-01	2.587E-01	2.586E-01	2.586E-01	2.587E-01
2.970E+00	2.565E-01	2.972E-03	2.596E-01	2.537E-01	2.566E-01	2.564E-01	2.564E-01	2.565E-01
2.980E+00	2.543E-01	2.991E-03	2.575E-01	2.515E-01	2.544E-01	2.543E-01	2.543E-01	2.544E-01
2.990E+00	2.522E-01	3.009E-03	2.553E-01	2.493E-01	2.523E-01	2.521E-01	2.522E-01	2.523E-01
3.000E+00	2.501E-01	3.027E-03	2.532E-01	2.472E-01	2.501E-01	2.500E-01	2.500E-01	2.501E-01
