1.000E-02	8.770E-01	7.044E-03	8.839E-01	8.700E-01	8.782E-01	8.757E-01	8.770E-01	8.770E-01
2.000E-02	8.769E-01	7.006E-03	8.837E-01	8.699E-01	8.781E-01	8.756E-01	8.768E-01	8.769E-01
3.000E-02	8.767E-01	6.955E-03	8.835E-01	8.698E-01	8.779E-01	8.754E-01	8.766E-01	8.767E-01
4.000E-02	8.764E-01	6.895E-03	8.832E-01	8.696E-01	8.777E-01	8.752E-01	8.764E-01	8.764E-01
5.000E-02	8.761E-01	6.827E-03	8.828E-01	8.694E-01	8.774E-01	8.749E-01	8.761E-01	8.762E-01
6.000E-02	8.758E-01	6.751E-03	8.824E-01	8.691E-01	8.770E-01	8.745E-01	8.758E-01	8.758E-01
7.000E-02	8.754E-01	6.670E-03	8.819E-01	8.688E-01	8.766E-01	8.742E-01	8.754E-01	8.754E-01
8.000E-02	8.749E-01	6.583E-03	8.813E-01	8.684E-01	8.762E-01	8.737E-01	8.749E-01	8.750E-01
9.000E-02	8.744E-01	6.492E-03	8.808E-01	8.680E-01	8.757E-01	8.732E-01	8.744E-01	8.745E-01
1.000E-01	8.739E-01	6.397E-03	8.801E-01	8.676E-01	8.751E-01	8.727E-01	8.739E-01	8.739E-01
1.100E-01	8.733E-01	6.298E-03	8.794E-01	8.671E-01	8.745E-01	8.721E-01	8.733E-01	8.733E-01
1.200E-01	8.727E-01	6.196E-03	8.787E-01	8.665E-01	8.739E-01	8.715E-01	8.727E-01	8.727E-01
1.300E-01	8.720E-01	6.091E-03	8.779E-01	8.660E-01	8.732E-01	8.708E-01	8.720E-01	8.720E-01
1.400E-01	8.713E-01	5.983E-03	8.771E-01	8.653E-01	8.725E-01	8.701E-01	8.713E-01	8.713E-01
1.500E-01	8.705E-01	5.873E-03	8.762E-01	8.647E-01	8.718E-01	8.693E-01	8.705E-01	8.706E-01
1.600E-01	8.697E-01	5.761E-03	8.753E-01	8.640E-01	8.710E-01	8.685E-01	8.697E-01	8.698E-01
1.700E-01	8.689E-01	5.647E-03	8.743E-01	8.633E-01	8.701E-01	8.677E-01	8.689E-01	8.689E-01
1.800E-01	8.680E-01	5.532E-03	8.733E-01	8.625E-01	8.692E-01	8.668E-01	8.680E-01	8.680E-01
1.900E-01	8.671E-01	5.416E-03	8.722E-01	8.617E-01	8.683E-01	8.659E-01	8.671E-01	8.671E-01
2.000E-01	8.661E-01	5.298E-03	8.712E-01	8.608E-01	8.674E-01	8.649E-01	8.661E-01	8.662E-01
2.100E-01	8.651E-01	5.179E-03	8.700E-01	8.600E-01	8.664E-01	8.639E-01	8.651E-01	8.652E-01
2.200E-01	8.641E-01	5.060E-03	8.689E-01	8.590E-01	8.653E-01	8.629E-01	8.641E-01	8.641E-01
2.300E-01	8.630E-01	4.940E-03	8.677E-01	8.581E-01	8.642E-01	8.618E-01	8.630E-01	8.631E-01
2.400E-01	8.619E-01	4.820E-03	8.664E-01	8.571E-01	8.631E-01	8.607E-01	8.619E-01	8.620E-01
2.500E-01	8.608E-01	4.699E-03	8.651E-01	8.561E-01	8.620E-01	8.596E-01	8.607E-01	8.608E-01
2.600E-01	8.596E-01	4.579E-03	8.638E-01	8.550E-01	8.608E-01	8.584E-01	8.595E-01	8.596E-01
2.700E-01	8.584E-01	4.458E-03	8.625E-01	8.539E-01	8.596E-01	8.572E-01	8.583E-01	8.584E-01
2.800E-01	8.571E-01	4.338E-03	8.611E-01	8.528E-01	8.583E-01	8.559E-01	8.571E-01	8.572E-01
2.900E-01	8.558E-01	4.217E-03	8.597E-01	8.516E-01	8.570E-01	8.546E-01	8.558E-01	8.559E-01
3.000E-01	8.545E-01	4.098E-03	8.582E-01	8.504E-01	8.557E-01	8.533E-01	8.544E-01	8.545E-01
3.100E-01	8.531E-01	3.978E-03	8.567E-01	8.492E-01	8.543E-01	8.519E-01	8.531E-01	8.532E-01
3.200E-01	8.517E-01	3.860E-03	8.552E-01	8.479E-01	8.529E-01	8.505E-01	8.517E-01	8.518E-01
3.300E-01	8.503E-01	3.742E-03	8.537E-01	8.466E-01	8.515E-01	8.491E-01	8.503E-01	8.504E-01
3.400E-01	8.489E-01	3.625E-03	8.521E-01	8.452E-01	8.501E-01	8.477E-01	8.488E-01	8.489E-01
3.500E-01	8.474E-01	3.509E-03	8.505E-01	8.439E-01	8.486E-01	8.462E-01	8.473E-01	8.474E-01
3.600E-01	8.458E-01	3.394E-03	8.488E-01	8.425E-01	8.470E-01	8.447E-01	8.458E-01	8.459E-01
3.700E-01	8.443E-01	3.280E-03	8.471E-01	8.410E-01	8.455E-01	8.431E-01	8.442E-01	8.444E-01
3.800E-01	8.427E-01	3.168E-03	8.454E-01	8.396E-01	8.439E-01	8.415E-01	8.426E-01	8.428E-01
3.900E-01	8.411E-01	3.057E-03	8.437E-01	8.381E-01	8.423E-01	8.399E-01	8.410E-01	8.412E-01
4.000E-01	8.394E-01	2.948E-03	8.419E-01	8.365E-01	8.406E-01	8.383E-01	8.394E-01	8.395E-01
4.100E-01	8.378E-01	2.840E-03	8.401E-01	8.350E-01	8.389E-01	8.366E-01	8.377E-01	8.378E-01
4.200E-01	8.360E-01	2.734E-03	8.383E-01	8.334E-01	8.372E-01	8.349E-01	8.360E-01	8.361E-01
4.300E-01	8.343E-01	2.630E-03	8.365E-01	8.318E-01	8.355E-01	8.331E-01	8.342E-01	8.344E-01
4.400E-01	8.325E-01	2.528E-03	8.346E-01	8.301E-01	8.337E-01	8.314E-01	8.325E-01	8.326E-01
4.500E-01	8.307E-01	2.428E-03	8.327E-01	8.284E-01	8.319E-01	8.296E-01	8.307E-01	8.308E-01
4.600E-01	8.289E-01	2.330E-03	8.307E-01	8.267E-01	8.301E-01	8.278E-01	8.288E-01	8.290E-01
4.700E-01	8.271E-01	2.235E-03	8.288E-01	8.250E-01	8.282E-01	8.259E-01	8.270E-01	8.272E-01
4.800E-01	8.252E-01	2.142E-03	8.268E-01	8.232E-01	8.263E-01	8.240E-01	8.251E-01	8.253E-01
4.900E-01	8.233E-01	2.052E-03	8.248E-01	8.214E-01	8.244E-01	8.221E-01	8.232E-01	8.234E-01
5.000E-01	8.213E-01	1.965E-03	8.227E-01	8.195E-01	8.225E-01	8.202E-01	8.212E-01	8.214E-01
5.100E-01	8.194E-01	1.881E-03	8.207E-01	8.177E-01	8.205E-01	8.182E-01	8.193E-01	8.195E-01
5.200E-01	8.174E-01	1.800E-03	8.186E-01	8.158E-01	8.185E-01	8.162E-01	8.173E-01	8.175E-01
5.300E-01	8.154E-01	1.722E-03	8.165E-01	8.139E-01	8.165E-01	8.142E-01	8.153E-01	8.155E-01
5.400E-01	8.133E-01	1.648E-03	8.143E-01	8.119E-01	8.145E-01	8.122E-01	8.132E-01	8.134E-01
5.500E-01	8.113E-01	1.578E-03	8.122E-01	8.100E-01	8.124E-01	8.101E-01	8.111E-01	8.114E-01
5.600E-01	8.092E-01	1.512E-03	8.100E-01	8.080E-01	8.103E-01	8.080E-01	8.090E-01	8.093E-01
5.700E-01	8.070E-01	1.450E-03	8.078E-01	8.059E-01	8.082E-01	8.059E-01	8.069E-01	8.072E-01
5.800E-01	8.049E-01	1.392E-03	8.055E-01	8.039E-01	8.060E-01	8.038E-01	8.048E-01	8.050E-01
5.900E-01	8.027E-01	1.340E-03	8.033E-01	8.018E-01	8.038E-01	8.016E-01	8.026E-01	8.029E-01
6.000E-01	8.005E-01	1.291E-03	8.010E-01	7.997E-01	8.017E-01	7.994E-01	8.004E-01	8.007E-01
6.100E-01	7.983E-01	1.248E-03	7.987E-01	7.976E-01	7.994E-01	7.972E-01	7.982E-01	7.985E-01
6.200E-01	7.961E-01	1.210E-03	7.964E-01	7.954E-01	7.972E-01	7.950E-01	7.959E-01	7.962E-01
6.300E-01	7.938E-01	1.178E-03	7.940E-01	7.933E-01	7.949E-01	7.927E-01	7.937E-01	7.940E-01
6.400E-01	7.915E-01	1.150E-03	7.917E-01	7.910E-01	7.926E-01	7.904E-01	7.914E-01	7.917E-01
6.500E-01	7.892E-01	1.128E-03	7.893E-01	7.888E-01	7.903E-01	7.881E-01	7.891E-01	7.894E-01
6.600E-01	7.869E-01	1.111E-03	7.869E-01	7.866E-01	7.880E-01	7.858E-01	7.867E-01	7.871E-01
6.700E-01	7.846E-01	1.099E-03	7.845E-01	7.843E-01	7.856E-01	7.835E-01	7.844E-01	7.847E-01
6.800E-01	7.822E-01	1.091E-03	7.821E-01	7.820E-01	7.833E-01	7.811E-01	7.820E-01	7.824E-01
6.900E-01	7.798E-01	1.088E-03	7.796E-01	7.797E-01	7.809E-01	7.787E-01	7.796E-01	7.800E-01
7.000E-01	7.774E-01	1.089E-03	7.771E-01	7.773E-01	7.784E-01	7.763E-01	7.772E-01	7.776E-01
7.100E-01	7.749E-01	1.093E-03	7.746E-01	7.750E-01	7.760E-01	7.739E-01	7.748E-01	7.751E-01
7.200E-01	7.725E-01	1.101E-03	7.721E-01	7.726E-01	7.736E-01	7.714E-01	7.723E-01	7.727E-01
7.300E-01	7.700E-01	1.111E-03	7.696E-01	7.702E-01	7.711E-01	7.690E-01	7.698E-01	7.702E-01
7.400E-01	7.675E-01	1.124E-03	7.670E-01	7.677E-01	7.686E-01	7.665E-01	7.673E-01	7.677E-01
7.500E-01	7.650E-01	1.139E-03	7.645E-01	7.653E-01	7.661E-01	7.640E-01	7.648E-01	7.652E-01
7.600E-01	7.625E-01	1.155E-03	7.619E-01	7.628E-01	7.635E-01	7.614E-01	7.623E-01	7.627E-01
7.700E-01	7.599E-01	1.172E-03	7.593E-01	7.603E-01	7.610E-01	7.589E-01	7.597E-01	7.601E-01
7.800E-01	7.574E-01	1.191E-03	7.567E-01	7.578E-01	7.584E-01	7.563E-01	7.572E-01	7.576E-01
7.900E-01	7.548E-01	1.209E-03	7.541E-01	7.552E-01	7.558E-01	7.537E-01	7.546E-01	7.550E-01
8.000E-01	7.522E-01	1.228E-03	7.514E-01	7.527E-01	7.532E-01	7.511E-01	7.520E-01	7.524E-01
8.100E-01	7.495E-01	1.248E-03	7.487E-01	7.501E-01	7.506E-01	7.485E-01	7.493E-01	7.498E-01
8.200E-01	7.469E-01	1.266E-03	7.461E-01	7.475E-01	7.479E-01	7.459E-01	7.467E-01	7.471E-01
8.300E-01	7.442E-01	1.285E-03	7.434E-01	7.449E-01	7.453E-01	7.432E-01	7.440E-01	7.445E-01
8.400E-01	7.416E-01	1.303E-03	7.407E-01	7.423E-01	7.426E-01	7.406E-01	7.413E-01	7.418E-01
8.500E-01	7.389E-01	1.320E-03	7.380E-01	7.396E-01	7.399E-01	7.379E-01	7.387E-01	7.391E-01
8.600E-01	7.362E-01	1.336E-03	7.352E-01	7.370E-01	7.372E-01	7.352E-01	7.359E-01	7.364E-01
8.700E-01	7.335E-01	1.352E-03	7.325E-01	7.343E-01	7.345E-01	7.325E-01	7.332E-01	7.337E-01
8.800E-01	7.307E-01	1.366E-03	7.297E-01	7.316E-01	7.317E-01	7.297E-01	7.305E-01	7.310E-01
8.900E-01	7.280E-01	1.379E-03	7.270E-01	7.288E-01	7.290E-01	7.270E-01	7.277E-01	7.282E-01
9.000E-01	7.252E-01	1.391E-03	7.242E-01	7.261E-01	7.262E-01	7.242E-01	7.250E-01	7.255E-01
9.100E-01	7.224E-01	1.401E-03	7.214E-01	7.233E-01	7.234E-01	7.215E-01	7.222E-01	7.227E-01
9.200E-01	7.196E-01	1.410E-03	7.186E-01	7.206E-01	7.206E-01	7.187E-01	7.194E-01	7.199E-01
9.300E-01	7.168E-01	1.418E-03	7.158E-01	7.178E-01	7.178E-01	7.159E-01	7.166E-01	7.171E-01
9.400E-01	7.140E-01	1.424E-03	7.129E-01	7.150E-01	7.150E-01	7.131E-01	7.137E-01	7.143E-01
9.500E-01	7.112E-01	1.429E-03	7.101E-01	7.122E-01	7.121E-01	7.102E-01	7.109E-01	7.114E-01
9.600E-01	7.083E-01	1.433E-03	7.073E-01	7.093E-01	7.093E-01	7.074E-01	7.081E-01	7.086E-01
9.700E-01	7.055E-01	1.434E-03	7.044E-01	7.065E-01	7.064E-01	7.045E-01	7.052E-01	7.057E-01
9.800E-01	7.026E-01	1.435E-03	7.015E-01	7.036E-01	7.035E-01	7.017E-01	7.023E-01	7.029E-01
9.900E-01	6.997E-01	1.433E-03	6.986E-01	7.007E-01	7.006E-01	6.988E-01	6.994E-01	7.000E-01
1.000E+00	6.968E-01	1.431E-03	6.957E-01	6.979E-01	6.977E-01	6.959E-01	6.965E-01	6.971E-01
1.010E+00	6.939E-01	1.426E-03	6.929E-01	6.949E-01	6.948E-01	6.930E-01	6.936E-01	6.942E-01
1.020E+00	6.910E-01	1.420E-03	6.899E-01	6.920E-01	6.919E-01	6.901E-01	6.907E-01	6.913E-01
1.030E+00	6.881E-01	1.413E-03	6.870E-01	6.891E-01	6.890E-01	6.872E-01	6.878E-01	6.884E-01
1.040E+00	6.851E-01	1.404E-03	6.841E-01	6.862E-01	6.860E-01	6.842E-01	6.848E-01	6.854E-01
1.050E+00	6.822E-01	1.393E-03	6.812E-01	6.832E-01	6.831E-01	6.813E-01	6.819E-01	6.825E-01
1.060E+00	6.792E-01	1.381E-03	6.782E-01	6.802E-01	6.801E-01	6.783E-01	6.789E-01	6.795E-01
1.070E+00	6.763E-01	1.368E-03	6.753E-01	6.773E-01	6.771E-01	6.754E-01	6.759E-01	6.766E-01
1.080E+00	6.733E-01	1.353E-03	6.723E-01	6.743E-01	6.742E-01	6.724E-01	6.730E-01	6.736E-01
1.090E+00	6.703E-01	1.337E-03	6.694E-01	6.713E-01	6.712E-01	6.694E-01	6.700E-01	6.706E-01
1.100E+00	6.673E-01	1.320E-03	6.664E-01	6.683E-01	6.682E-01	6.664E-01	6.670E-01	6.676E-01
1.110E+00	6.643E-01	1.301E-03	6.634E-01	6.652E-01	6.652E-01	6.634E-01	6.640E-01	6.646E-01
1.120E+00	6.613E-01	1.281E-03	6.604E-01	6.622E-01	6.621E-01	6.604E-01	6.609E-01	6.616E-01
1.130E+00	6.582E-01	1.260E-03	6.574E-01	6.592E-01	6.591E-01	6.574E-01	6.579E-01	6.586E-01
1.140E+00	6.552E-01	1.238E-03	6.544E-01	6.561E-01	6.561E-01	6.544E-01	6.549E-01	6.556E-01
1.150E+00	6.522E-01	1.215E-03	6.514E-01	6.530E-01	6.530E-01	6.513E-01	6.518E-01	6.525E-01
1.160E+00	6.491E-01	1.192E-03	6.484E-01	6.500E-01	6.500E-01	6.483E-01	6.488E-01	6.495E-01
1.170E+00	6.461E-01	1.167E-03	6.454E-01	6.469E-01	6.469E-01	6.453E-01	6.457E-01	6.464E-01
1.180E+00	6.430E-01	1.142E-03	6.424E-01	6.438E-01	6.439E-01	6.422E-01	6.427E-01	6.434E-01
1.190E+00	6.400E-01	1.116E-03	6.394E-01	6.407E-01	6.408E-01	6.391E-01	6.396E-01	6.403E-01
1.200E+00	6.369E-01	1.091E-03	6.363E-01	6.376E-01	6.377E-01	6.361E-01	6.365E-01	6.373E-01
1.210E+00	6.338E-01	1.065E-03	6.333E-01	6.345E-01	6.346E-01	6.330E-01	6.335E-01	6.342E-01
1.220E+00	6.307E-01	1.039E-03	6.303E-01	6.314E-01	6.315E-01	6.299E-01	6.304E-01	6.311E-01
1.230E+00	6.277E-01	1.013E-03	6.272E-01	6.282E-01	6.285E-01	6.268E-01	6.273E-01	6.280E-01
1.240E+00	6.246E-01	9.887E-04	6.242E-01	6.251E-01	6.254E-01	6.238E-01	6.242E-01	6.249E-01
1.250E+00	6.215E-01	9.648E-04	6.212E-01	6.220E-01	6.223E-01	6.207E-01	6.211E-01	6.218E-01
1.260E+00	6.184E-01	9.422E-04	6.181E-01	6.188E-01	6.191E-01	6.176E-01	6.180E-01	6.187E-01
1.270E+00	6.153E-01	9.213E-04	6.151E-01	6.157E-01	6.160E-01	6.145E-01	6.149E-01	6.156E-01
1.280E+00	6.121E-01	9.024E-04	6.120E-01	6.125E-01	6.129E-01	6.114E-01	6.118E-01	6.125E-01
1.290E+00	6.090E-01	8.859E-04	6.089E-01	6.093E-01	6.098E-01	6.083E-01	6.086E-01	6.094E-01
1.300E+00	6.059E-01	8.723E-04	6.059E-01	6.062E-01	6.067E-01	6.051E-01	6.055E-01	6.063E-01
1.310E+00	6.028E-01	8.621E-04	6.028E-01	6.030E-01	6.035E-01	6.020E-01	6.024E-01	6.032E-01
1.320E+00	5.997E-01	8.555E-04	5.998E-01	5.998E-01	6.004E-01	5.989E-01	5.993E-01	6.001E-01
1.330E+00	5.965E-01	8.532E-04	5.967E-01	5.966E-01	5.973E-01	5.958E-01	5.961E-01	5.969E-01
1.340E+00	5.934E-01	8.553E-04	5.936E-01	5.934E-01	5.942E-01	5.927E-01	5.930E-01	5.938E-01
1.350E+00	5.903E-01	8.621E-04	5.906E-01	5.902E-01	5.910E-01	5.895E-01	5.899E-01	5.907E-01
1.360E+00	5.871E-01	8.739E-04	5.875E-01	5.870E-01	5.879E-01	5.864E-01	5.867E-01	5.876E-01
1.370E+00	5.840E-01	8.907E-04	5.844E-01	5.838E-01	5.847E-01	5.833E-01	5.836E-01	5.844E-01
1.380E+00	5.809E-01	9.126E-04	5.814E-01	5.806E-01	5.816E-01	5.801E-01	5.804E-01	5.813E-01
1.390E+00	5.777E-01	9.394E-04	5.783E-01	5.774E-01	5.784E-01	5.770E-01	5.773E-01	5.782E-01
1.400E+00	5.746E-01	9.710E-04	5.752E-01	5.742E-01	5.753E-01	5.739E-01	5.742E-01	5.750E-01
1.410E+00	5.714E-01	1.007E-03	5.722E-01	5.710E-01	5.721E-01	5.707E-01	5.710E-01	5.719E-01
1.420E+00	5.683E-01	1.048E-03	5.691E-01	5.678E-01	5.690E-01	5.676E-01	5.679E-01	5.687E-01
1.430E+00	5.652E-01	1.093E-03	5.660E-01	5.646E-01	5.659E-01	5.645E-01	5.647E-01	5.656E-01
1.440E+00	5.620E-01	1.141E-03	5.630E-01	5.614E-01	5.627E-01	5.613E-01	5.616E-01	5.625E-01
1.450E+00	5.589E-01	1.193E-03	5.599E-01	5.582E-01	5.596E-01	5.582E-01	5.584E-01	5.593E-01
1.460E+00	5.557E-01	1.248E-03	5.568E-01	5.550E-01	5.564E-01	5.550E-01	5.553E-01	5.562E-01
1.470E+00	5.526E-01	1.307E-03	5.538E-01	5.517E-01	5.533E-01	5.519E-01	5.521E-01	5.530E-01
1.480E+00	5.494E-01	1.368E-03	5.507E-01	5.485E-01	5.501E-01	5.488E-01	5.490E-01	5.499E-01
1.490E+00	5.463E-01	1.432E-03	5.477E-01	5.453E-01	5.470E-01	5.456E-01	5.458E-01	5.468E-01
1.500E+00	5.432E-01	1.498E-03	5.446E-01	5.421E-01	5.438E-01	5.425E-01	5.427E-01	5.436E-01
1.510E+00	5.400E-01	1.567E-03	5.416E-01	5.389E-01	5.407E-01	5.394E-01	5.396E-01	5.405E-01
1.520E+00	5.369E-01	1.638E-03	5.385E-01	5.356E-01	5.375E-01	5.362E-01	5.364E-01	5.373E-01
1.530E+00	5.337E-01	1.710E-03	5.355E-01	5.324E-01	5.344E-01	5.331E-01	5.333E-01	5.342E-01
1.540E+00	5.306E-01	1.784E-03	5.324E-01	5.292E-01	5.312E-01	5.300E-01	5.301E-01	5.311E-01
1.550E+00	5.275E-01	1.861E-03	5.294E-01	5.260E-01	5.281E-01	5.268E-01	5.270E-01	5.279E-01
1.560E+00	5.243E-01	1.938E-03	5.263E-01	5.228E-01	5.250E-01	5.237E-01	5.239E-01	5.248E-01
1.570E+00	5.212E-01	2.017E-03	5.233E-01	5.196E-01	5.218E-01	5.206E-01	5.207E-01	5.217E-01
1.580E+00	5.181E-01	2.098E-03	5.202E-01	5.164E-01	5.187E-01	5.175E-01	5.176E-01	5.186E-01
1.590E+00	5.150E-01	2.180E-03	5.172E-01	5.131E-01	5.156E-01	5.144E-01	5.145E-01	5.155E-01
1.600E+00	5.118E-01	2.263E-03	5.142E-01	5.099E-01	5.125E-01	5.112E-01	5.114E-01	5.123E-01
1.610E+00	5.087E-01	2.347E-03	5.112E-01	5.067E-01	5.093E-01	5.081E-01	5.082E-01	5.092E-01
1.620E+00	5.056E-01	2.432E-03	5.081E-01	5.035E-01	5.062E-01	5.050E-01	5.051E-01	5.061E-01
1.630E+00	5.025E-01	2.518E-03	5.051E-01	5.003E-01	5.031E-01	5.019E-01	5.020E-01	5.030E-01
1.640E+00	4.994E-01	2.605E-03	5.021E-01	4.971E-01	5.000E-01	4.988E-01	4.989E-01	4.999E-01
1.650E+00	4.963E-01	2.694E-03	4.991E-01	4.939E-01	4.969E-01	4.957E-01	4.958E-01	4.968E-01
1.660E+00	4.932E-01	2.782E-03	4.961E-01	4.908E-01	4.938E-01	4.926E-01	4.927E-01	4.937E-01
1.670E+00	4.901E-01	2.872E-03	4.931E-01	4.876E-01	4.907E-01	4.895E-01	4.896E-01	4.906E-01
1.680E+00	4.870E-01	2.963E-03	4.901E-01	4.844E-01	4.876E-01	4.865E-01	4.865E-01	4.875E-01
1.690E+00	4.839E-01	3.054E-03	4.871E-01	4.812E-01	4.845E-01	4.834E-01	4.834E-01	4.844E-01
1.700E+00	4.809E-01	3.146E-03	4.842E-01	4.780E-01	4.814E-01	4.803E-01	4.804E-01	4.814E-01
1.710E+00	4.778E-01	3.238E-03	4.812E-01	4.749E-01	4.783E-01	4.772E-01	4.773E-01	4.783E-01
1.720E+00	4.747E-01	3.331E-03	4.782E-01	4.717E-01	4.753E-01	4.742E-01	4.742E-01	4.752E-01
1.730E+00	4.717E-01	3.425E-03	4.752E-01	4.686E-01	4.722E-01	4.711E-01	4.711E-01	4.722E-01
1.740E+00	4.686E-01	3.519E-03	4.723E-01	4.654E-01	4.691E-01	4.681E-01	4.681E-01	4.691E-01
1.750E+00	4.655E-01	3.613E-03	4.693E-01	4.623E-01	4.661E-01	4.650E-01	4.650E-01	4.661E-01
1.760E+00	4.625E-01	3.708E-03	4.664E-01	4.591E-01	4.630E-01	4.620E-01	4.620E-01	4.630E-01
1.770E+00	4.595E-01	3.803E-03	4.634E-01	4.560E-01	4.600E-01	4.589E-01	4.589E-01	4.600E-01
1.780E+00	4.564E-01	3.899E-03	4.605E-01	4.528E-01	4.569E-01	4.559E-01	4.559E-01	4.569E-01
1.790E+00	4.534E-01	3.995E-03	4.576E-01	4.497E-01	4.539E-01	4.529E-01	4.529E-01	4.539E-01
1.800E+00	4.504E-01	4.091E-03	4.547E-01	4.466E-01	4.509E-01	4.499E-01	4.498E-01	4.509E-01
1.810E+00	4.474E-01	4.188E-03	4.517E-01	4.435E-01	4.478E-01	4.469E-01	4.468E-01	4.479E-01
1.820E+00	4.443E-01	4.285E-03	4.488E-01	4.404E-01	4.448E-01	4.439E-01	4.438E-01	4.449E-01
1.830E+00	4.413E-01	4.381E-03	4.459E-01	4.373E-01	4.418E-01	4.409E-01	4.408E-01	4.419E-01
1.840E+00	4.384E-01	4.479E-03	4.430E-01	4.342E-01	4.388E-01	4.379E-01	4.378E-01	4.389E-01
1.850E+00	4.354E-01	4.576E-03	4.402E-01	4.311E-01	4.358E-01	4.349E-01	4.348E-01	4.359E-01
1.860E+00	4.324E-01	4.673E-03	4.373E-01	4.280E-01	4.329E-01	4.319E-01	4.319E-01	4.329E-01
1.870E+00	4.294E-01	4.770E-03	4.344E-01	4.250E-01	4.299E-01	4.290E-01	4.289E-01	4.300E-01
1.880E+00	4.265E-01	4.868E-03	4.315E-01	4.219E-01	4.269E-01	4.260E-01	4.259E-01	4.270E-01
1.890E+00	4.235E-01	4.965E-03	4.287E-01	4.189E-01	4.239E-01	4.230E-01	4.230E-01	4.240E-01
1.900E+00	4.205E-01	5.063E-03	4.258E-01	4.158E-01	4.210E-01	4.201E-01	4.200E-01	4.211E-01
1.910E+00	4.176E-01	5.160E-03	4.230E-01	4.128E-01	4.180E-01	4.172E-01	4.171E-01	4.182E-01
1.920E+00	4.147E-01	5.258E-03	4.202E-01	4.097E-01	4.151E-01	4.142E-01	4.141E-01	4.152E-01
1.930E+00	4.118E-01	5.355E-03	4.173E-01	4.067E-01	4.122E-01	4.113E-01	4.112E-01	4.123E-01
1.940E+00	4.088E-01	5.452E-03	4.145E-01	4.037E-01	4.093E-01	4.084E-01	4.083E-01	4.094E-01
1.950E+00	4.059E-01	5.549E-03	4.117E-01	4.007E-01	4.064E-01	4.055E-01	4.054E-01	4.065E-01
1.960E+00	4.030E-01	5.646E-03	4.089E-01	3.977E-01	4.034E-01	4.026E-01	4.025E-01	4.036E-01
1.970E+00	4.001E-01	5.743E-03	4.061E-01	3.947E-01	4.006E-01	3.997E-01	3.996E-01	4.007E-01
1.980E+00	3.973E-01	5.839E-03	4.033E-01	3.917E-01	3.977E-01	3.969E-01	3.967E-01	3.978E-01
1.990E+00	3.944E-01	5.935E-03	4.006E-01	3.888E-01	3.948E-01	3.940E-01	3.938E-01	3.949E-01
2.000E+00	3.915E-01	6.031E-03	3.978E-01	3.858E-01	3.919E-01	3.911E-01	3.910E-01	3.921E-01
2.010E+00	3.887E-01	6.127E-03	3.951E-01	3.829E-01	3.891E-01	3.883E-01	3.881E-01	3.892E-01
2.020E+00	3.858E-01	6.223E-03	3.923E-01	3.799E-01	3.862E-01	3.854E-01	3.853E-01	3.864E-01
2.030E+00	3.830E-01	6.318E-03	3.896E-01	3.770E-01	3.834E-01	3.826E-01	3.824E-01	3.836E-01
2.040E+00	3.802E-01	6.413E-03	3.868E-01	3.741E-01	3.806E-01	3.798E-01	3.796E-01	3.807E-01
2.050E+00	3.774E-01	6.507E-03	3.841E-01	3.712E-01	3.777E-01	3.770E-01	3.768E-01	3.779E-01
2.060E+00	3.746E-01	6.601E-03	3.814E-01	3.683E-01	3.749E-01	3.742E-01	3.740E-01	3.751E-01
2.070E+00	3.718E-01	6.695E-03	3.787E-01	3.654E-01	3.721E-01	3.714E-01	3.712E-01	3.723E-01
2.080E+00	3.690E-01	6.788E-03	3.760E-01	3.625E-01	3.693E-01	3.686E-01	3.684E-01	3.695E-01
2.090E+00	3.662E-01	6.881E-03	3.733E-01	3.596E-01	3.666E-01	3.658E-01	3.656E-01	3.668E-01
2.100E+00	3.634E-01	6.973E-03	3.707E-01	3.568E-01	3.638E-01	3.631E-01	3.629E-01	3.640E-01
2.110E+00	3.607E-01	7.065E-03	3.680E-01	3.539E-01	3.610E-01	3.603E-01	3.601E-01	3.612E-01
2.120E+00	3.579E-01	7.156E-03	3.654E-01	3.511E-01	3.583E-01	3.576E-01	3.574E-01	3.585E-01
2.130E+00	3.552E-01	7.247E-03	3.627E-01	3.483E-01	3.555E-01	3.549E-01	3.546E-01	3.558E-01
2.140E+00	3.525E-01	7.338E-03	3.601E-01	3.455E-01	3.528E-01	3.521E-01	3.519E-01	3.530E-01
2.150E+00	3.498E-01	7.427E-03	3.575E-01	3.427E-01	3.501E-01	3.494E-01	3.492E-01	3.503E-01
2.160E+00	3.471E-01	7.516E-03	3.549E-01	3.399E-01	3.474E-01	3.467E-01	3.465E-01	3.476E-01
2.170E+00	3.444E-01	7.605E-03	3.523E-01	3.371E-01	3.447E-01	3.440E-01	3.438E-01	3.449E-01
2.180E+00	3.417E-01	7.693E-03	3.497E-01	3.343E-01	3.420E-01	3.414E-01	3.411E-01	3.423E-01
2.190E+00	3.390E-01	7.780E-03	3.471E-01	3.316E-01	3.393E-01	3.387E-01	3.385E-01	3.396E-01
2.200E+00	3.364E-01	7.867E-03	3.445E-01	3.288E-01	3.367E-01	3.361E-01	3.358E-01	3.369E-01
2.210E+00	3.337E-01	7.953E-03	3.420E-01	3.261E-01	3.340E-01	3.334E-01	3.332E-01	3.343E-01
2.220E+00	3.311E-01	8.039E-03	3.394E-01	3.234E-01	3.314E-01	3.308E-01	3.305E-01	3.317E-01
2.230E+00	3.285E-01	8.124E-03	3.369E-01	3.207E-01	3.288E-01	3.282E-01	3.279E-01	3.290E-01
2.240E+00	3.258E-01	8.208E-03	3.343E-01	3.180E-01	3.261E-01	3.256E-01	3.253E-01	3.264E-01
2.250E+00	3.232E-01	8.291E-03	3.318E-01	3.153E-01	3.235E-01	3.230E-01	3.227E-01	3.238E-01
2.260E+00	3.207E-01	8.374E-03	3.293E-01	3.126E-01	3.209E-01	3.204E-01	3.201E-01	3.212E-01
2.270E+00	3.181E-01	8.455E-03	3.268E-01	3.100E-01	3.184E-01	3.178E-01	3.175E-01	3.186E-01
2.280E+00	3.155E-01	8.537E-03	3.243E-01	3.073E-01	3.158E-01	3.152E-01	3.149E-01	3.161E-01
2.290E+00	3.130E-01	8.617E-03	3.219E-01	3.047E-01	3.132E-01	3.127E-01	3.124E-01	3.135E-01
2.300E+00	3.104E-01	8.697E-03	3.194E-01	3.021E-01	3.107E-01	3.101E-01	3.099E-01	3.110E-01
2.310E+00	3.079E-01	8.775E-03	3.170E-01	2.995E-01	3.082E-01	3.076E-01	3.073E-01	3.085E-01
2.320E+00	3.054E-01	8.853E-03	3.145E-01	2.969E-01	3.056E-01	3.051E-01	3.048E-01	3.059E-01
2.330E+00	3.029E-01	8.931E-03	3.121E-01	2.943E-01	3.031E-01	3.026E-01	3.023E-01	3.034E-01
2.340E+00	3.004E-01	9.007E-03	3.097E-01	2.917E-01	3.006E-01	3.001E-01	2.998E-01	3.009E-01
2.350E+00	2.979E-01	9.082E-03	3.073E-01	2.891E-01	2.981E-01	2.976E-01	2.973E-01	2.984E-01
2.360E+00	2.954E-01	9.157E-03	3.049E-01	2.866E-01	2.957E-01	2.952E-01	2.948E-01	2.960E-01
2.370E+00	2.929E-01	9.231E-03	3.025E-01	2.841E-01	2.932E-01	2.927E-01	2.924E-01	2.935E-01
2.380E+00	2.905E-01	9.304E-03	3.001E-01	2.816E-01	2.907E-01	2.903E-01	2.899E-01	2.911E-01
2.390E+00	2.881E-01	9.376E-03	2.978E-01	2.790E-01	2.883E-01	2.878E-01	2.875E-01	2.886E-01
2.400E+00	2.856E-01	9.447E-03	2.954E-01	2.766E-01	2.859E-01	2.854E-01	2.851E-01	2.862E-01
2.410E+00	2.832E-01	9.517E-03	2.931E-01	2.741E-01	2.835E-01	2.830E-01	2.827E-01	2.838E-01
2.420E+00	2.808E-01	9.587E-03	2.907E-01	2.716E-01	2.811E-01	2.806E-01	2.803E-01	2.814E-01
2.430E+00	2.784E-01	9.655E-03	2.884E-01	2.692E-01	2.787E-01	2.782E-01	2.779E-01	2.790E-01
2.440E+00	2.761E-01	9.723E-03	2.861E-01	2.667E-01	2.763E-01	2.759E-01	2.755E-01	2.766E-01
2.450E+00	2.737E-01	9.789E-03	2.838E-01	2.643E-01	2.739E-01	2.735E-01	2.732E-01	2.743E-01
2.460E+00	2.714E-01	9.855E-03	2.815E-01	2.619E-01	2.716E-01	2.711E-01	2.708E-01	2.719E-01
2.470E+00	2.690E-01	9.920E-03	2.793E-01	2.595E-01	2.692E-01	2.688E-01	2.685E-01	2.696E-01
2.480E+00	2.667E-01	9.983E-03	2.770E-01	2.571E-01	2.669E-01	2.665E-01	2.661E-01	2.673E-01
2.490E+00	2.644E-01	1.005E-02	2.748E-01	2.547E-01	2.646E-01	2.642E-01	2.638E-01	2.650E-01
2.500E+00	2.621E-01	1.011E-02	2.725E-01	2.524E-01	2.623E-01	2.619E-01	2.615E-01	2.627E-01
2.510E+00	2.598E-01	1.017E-02	2.703E-01	2.500E-01	2.600E-01	2.596E-01	2.593E-01	2.604E-01
2.520E+00	2.575E-01	1.023E-02	2.681E-01	2.477E-01	2.577E-01	2.573E-01	2.570E-01	2.581E-01
2.530E+00	2.553E-01	1.029E-02	2.659E-01	2.454E-01	2.555E-01	2.551E-01	2.547E-01	2.558E-01
2.540E+00	2.530E-01	1.035E-02	2.637E-01	2.431E-01	2.532E-01	2.528E-01	2.525E-01	2.536E-01
2.550E+00	2.508E-01	1.040E-02	2.615E-01	2.408E-01	2.510E-01	2.506E-01	2.502E-01	2.513E-01
2.560E+00	2.486E-01	1.046E-02	2.594E-01	2.385E-01	2.488E-01	2.484E-01	2.480E-01	2.491E-01
2.570E+00	2.464E-01	1.051E-02	2.572E-01	2.362E-01	2.465E-01	2.462E-01	2.458E-01	2.469E-01
2.580E+00	2.442E-01	1.057E-02	2.551E-01	2.340E-01	2.443E-01	2.440E-01	2.436E-01	2.447E-01
2.590E+00	2.420E-01	1.062E-02	2.530E-01	2.317E-01	2.422E-01	2.418E-01	2.414E-01	2.425E-01
2.600E+00	2.398E-01	1.067E-02	2.508E-01	2.295E-01	2.400E-01	2.396E-01	2.393E-01	2.404E-01
2.610E+00	2.377E-01	1.072E-02	2.487E-01	2.273E-01	2.378E-01	2.375E-01	2.371E-01	2.382E-01
2.620E+00	2.355E-01	1.077E-02	2.466E-01	2.251E-01	2.357E-01	2.353E-01	2.350E-01	2.361E-01
2.630E+00	2.334E-01	1.082E-02	2.446E-01	2.229E-01	2.335E-01	2.332E-01	2.328E-01	2.339E-01
2.640E+00	2.313E-01	1.087E-02	2.425E-01	2.208E-01	2.314E-01	2.311E-01	2.307E-01	2.318E-01
2.650E+00	2.291E-01	1.091E-02	2.404E-01	2.186E-01	2.293E-01	2.290E-01	2.286E-01	2.297E-01
2.660E+00	2.271E-01	1.096E-02	2.384E-01	2.165E-01	2.272E-01	2.269E-01	2.265E-01	2.276E-01
2.670E+00	2.250E-01	1.100E-02	2.363E-01	2.144E-01	2.251E-01	2.248E-01	2.244E-01	2.255E-01
2.680E+00	2.229E-01	1.105E-02	2.343E-01	2.123E-01	2.231E-01	2.228E-01	2.224E-01	2.234E-01
2.690E+00	2.208E-01	1.109E-02	2.323E-01	2.102E-01	2.210E-01	2.207E-01	2.203E-01	2.214E-01
2.700E+00	2.188E-01	1.113E-02	2.303E-01	2.081E-01	2.190E-01	2.187E-01	2.183E-01	2.193E-01
2.710E+00	2.168E-01	1.117E-02	2.283E-01	2.060E-01	2.169E-01	2.166E-01	2.162E-01	2.173E-01
2.720E+00	2.148E-01	1.121E-02	2.263E-01	2.040E-01	2.149E-01	2.146E-01	2.142E-01	2.153E-01
2.730E+00	2.128E-01	1.125E-02	2.244E-01	2.019E-01	2.129E-01	2.126E-01	2.122E-01	2.133E-01
2.740E+00	2.108E-01	1.129E-02	2.224E-01	1.999E-01	2.109E-01	2.106E-01	2.102E-01	2.113E-01
2.750E+00	2.088E-01	1.132E-02	2.205E-01	1.979E-01	2.089E-01	2.087E-01	2.083E-01	2.093E-01
2.760E+00	2.068E-01	1.136E-02	2.186E-01	1.959E-01	2.069E-01	2.067E-01	2.063E-01	2.073E-01
2.770E+00	2.049E-01	1.139E-02	2.166E-01	1.939E-01	2.050E-01	2.047E-01	2.043E-01	2.054E-01
2.780E+00	2.029E-01	1.142E-02	2.147E-01	1.919E-01	2.030E-01	2.028E-01	2.024E-01	2.034E-01
2.790E+00	2.010E-01	1.146E-02	2.128E-01	1.900E-01	2.011E-01	2.009E-01	2.005E-01	2.015E-01
2.800E+00	1.991E-01	1.149E-02	2.110E-01	1.880E-01	1.992E-01	1.990E-01	1.986E-01	1.996E-01
2.810E+00	1.972E-01	1.152E-02	2.091E-01	1.861E-01	1.973E-01	1.971E-01	1.967E-01	1.977E-01
2.820E+00	1.953E-01	1.155E-02	2.072E-01	1.842E-01	1.954E-01	1.952E-01	1.948E-01	1.958E-01
2.830E+00	1.934E-01	1.157E-02	2.054E-01	1.823E-01	1.935E-01	1.933E-01	1.929E-01	1.939E-01
2.840E+00	1.916E-01	1.160E-02	2.036E-01	1.804E-01	1.917E-01	1.914E-01	1.910E-01	1.921E-01
2.850E+00	1.897E-01	1.163E-02	2.017E-01	1.785E-01	1.898E-01	1.896E-01	1.892E-01	1.902E-01
2.860E+00	1.879E-01	1.165E-02	1.999E-01	1.766E-01	1.880E-01	1.878E-01	1.874E-01	1.884E-01
2.870E+00	1.860E-01	1.167E-02	1.981E-01	1.748E-01	1.861E-01	1.859E-01	1.855E-01	1.865E-01
2.880E+00	1.842E-01	1.170E-02	1.963E-01	1.730E-01	1.843E-01	1.841E-01	1.837E-01	1.847E-01
2.890E+00	1.824E-01	1.172E-02	1.946E-01	1.711E-01	1.825E-01	1.823E-01	1.819E-01	1.829E-01
2.900E+00	1.806E-01	1.174E-02	1.928E-01	1.693E-01	1.807E-01	1.805E-01	1.801E-01	1.811E-01
2.910E+00	1.789E-01	1.176E-02	1.910E-01	1.675E-01	1.790E-01	1.788E-01	1.784E-01	1.794E-01
2.920E+00	1.771E-01	1.178E-02	1.893E-01	1.658E-01	1.772E-01	1.770E-01	1.766E-01	1.776E-01
2.930E+00	1.753E-01	1.179E-02	1.876E-01	1.640E-01	1.754E-01	1.753E-01	1.749E-01	1.758E-01
2.940E+00	1.736E-01	1.181E-02	1.858E-01	1.623E-01	1.737E-01	1.735E-01	1.731E-01	1.741E-01
2.950E+00	1.719E-01	1.182E-02	1.841E-01	1.605E-01	1.720E-01	1.718E-01	1.714E-01	1.724E-01
2.960E+00	1.702E-01	1.184E-02	1.824E-01	1.588E-01	1.703E-01	1.701E-01	1.697E-01	1.707E-01
2.970E+00	1.685E-01	1.185E-02	1.808E-01	1.571E-01	1.686E-01	1.684E-01	1.680E-01	1.690E-01
2.980E+00	1.668E-01	1.186E-02	1.791E-01	1.554E-01	1.669E-01	1.667E-01	1.663E-01	1.673E-01
2.990E+00	1.651E-01	1.188E-02	1.774E-01	1.537E-01	1.652E-01	1.650E-01	1.646E-01	1.656E-01
3.000E+00	1.634E-01	1.189E-02	1.758E-01	1.520E-01	1.635E-01	1.634E-01	1.630E-01	1.639E-01
