1.000E-02	1.204E+00	5.517E-03	1.210E+00	1.199E+00	1.204E+00	1.205E+00	1.204E+00	1.204E+00
2.000E-02	1.203E+00	5.430E-03	1.209E+00	1.198E+00	1.203E+00	1.204E+00	1.203E+00	1.203E+00
3.000E-02	1.202E+00	5.335E-03	1.208E+00	1.197E+00	1.202E+00	1.202E+00	1.202E+00	1.202E+00
4.000E-02	1.201E+00	5.235E-03	1.206E+00	1.196E+00	1.201E+00	1.201E+00	1.201E+00	1.201E+00
5.000E-02	1.199E+00	5.132E-03	1.204E+00	1.194E+00	1.199E+00	1.199E+00	1.199E+00	1.199E+00
6.000E-02	1.197E+00	5.027E-03	1.202E+00	1.192E+00	1.197E+00	1.198E+00	1.197E+00	1.197E+00
7.000E-02	1.196E+00	4.921E-03	1.201E+00	1.191E+00	1.195E+00	1.196E+00	1.196E+00	1.196E+00
8.000E-02	1.194E+00	4.813E-03	1.198E+00	1.189E+00	1.193E+00	1.194E+00	1.194E+00	1.194E+00
9.000E-02	1.192E+00	4.706E-03	1.196E+00	1.187E+00	1.191E+00	1.192E+00	1.192E+00	1.192E+00
1.000E-01	1.190E+00	4.598E-03	1.194E+00	1.185E+00	1.189E+00	1.190E+00	1.190E+00	1.190E+00
1.100E-01	1.187E+00	4.490E-03	1.192E+00	1.183E+00	1.187E+00	1.188E+00	1.187E+00	1.187E+00
1.200E-01	1.185E+00	4.382E-03	1.189E+00	1.181E+00	1.185E+00	1.185E+00	1.185E+00	1.185E+00
1.300E-01	1.183E+00	4.275E-03	1.187E+00	1.178E+00	1.182E+00	1.183E+00	1.183E+00	1.183E+00
1.400E-01	1.180E+00	4.168E-03	1.184E+00	1.176E+00	1.180E+00	1.181E+00	1.180E+00	1.180E+00
1.500E-01	1.178E+00	4.062E-03	1.182E+00	1.174E+00	1.178E+00	1.178E+00	1.178E+00	1.178E+00
1.600E-01	1.175E+00	3.956E-03	1.179E+00	1.171E+00	1.175E+00	1.175E+00	1.175E+00	1.175E+00
1.700E-01	1.173E+00	3.851E-03	1.176E+00	1.169E+00	1.172E+00	1.173E+00	1.173E+00	1.173E+00
1.800E-01	1.170E+00	3.747E-03	1.174E+00	1.166E+00	1.170E+00	1.170E+00	1.170E+00	1.170E+00
1.900E-01	1.167E+00	3.644E-03	1.171E+00	1.164E+00	1.167E+00	1.168E+00	1.167E+00	1.167E+00
2.000E-01	1.165E+00	3.541E-03	1.168E+00	1.161E+00	1.164E+00	1.165E+00	1.164E+00	1.165E+00
2.100E-01	1.162E+00	3.440E-03	1.165E+00	1.158E+00	1.161E+00	1.162E+00	1.162E+00	1.162E+00
2.200E-01	1.159E+00	3.340E-03	1.162E+00	1.155E+00	1.159E+00	1.159E+00	1.159E+00	1.159E+00
2.300E-01	1.156E+00	3.241E-03	1.159E+00	1.153E+00	1.156E+00	1.156E+00	1.156E+00	1.156E+00
2.400E-01	1.153E+00	3.142E-03	1.156E+00	1.150E+00	1.153E+00	1.153E+00	1.153E+00	1.153E+00
2.500E-01	1.150E+00	3.046E-03	1.153E+00	1.147E+00	1.150E+00	1.150E+00	1.150E+00	1.150E+00
2.600E-01	1.147E+00	2.950E-03	1.150E+00	1.144E+00	1.147E+00	1.147E+00	1.147E+00	1.147E+00
2.700E-01	1.144E+00	2.855E-03	1.147E+00	1.141E+00	1.144E+00	1.144E+00	1.144E+00	1.144E+00
2.800E-01	1.141E+00	2.762E-03	1.143E+00	1.138E+00	1.141E+00	1.141E+00	1.141E+00	1.141E+00
2.900E-01	1.138E+00	2.669E-03	1.140E+00	1.135E+00	1.137E+00	1.138E+00	1.138E+00	1.138E+00
3.000E-01	1.134E+00	2.578E-03	1.137E+00	1.132E+00	1.134E+00	1.135E+00	1.134E+00	1.134E+00
3.100E-01	1.131E+00	2.488E-03	1.134E+00	1.129E+00	1.131E+00	1.131E+00	1.131E+00	1.131E+00
3.200E-01	1.128E+00	2.400E-03	1.130E+00	1.126E+00	1.128E+00	1.128E+00	1.128E+00	1.128E+00
3.300E-01	1.125E+00	2.313E-03	1.127E+00	1.122E+00	1.124E+00	1.125E+00	1.125E+00	1.125E+00
3.400E-01	1.121E+00	2.227E-03	1.124E+00	1.119E+00	1.121E+00	1.122E+00	1.121E+00	1.121E+00
3.500E-01	1.118E+00	2.142E-03	1.120E+00	1.116E+00	1.118E+00	1.118E+00	1.118E+00	1.118E+00
3.600E-01	1.115E+00	2.058E-03	1.117E+00	1.113E+00	1.114E+00	1.115E+00	1.115E+00	1.115E+00
3.700E-01	1.111E+00	1.976E-03	1.113E+00	1.109E+00	1.111E+00	1.111E+00	1.111E+00	1.111E+00
3.800E-01	1.108E+00	1.895E-03	1.110E+00	1.106E+00	1.108E+00	1.108E+00	1.108E+00	1.108E+00
3.900E-01	1.104E+00	1.816E-03	1.106E+00	1.103E+00	1.104E+00	1.105E+00	1.104E+00	1.104E+00
4.000E-01	1.101E+00	1.738E-03	1.103E+00	1.099E+00	1.101E+00	1.101E+00	1.101E+00	1.101E+00
4.100E-01	1.097E+00	1.661E-03	1.099E+00	1.096E+00	1.097E+00	1.098E+00	1.097E+00	1.097E+00
4.200E-01	1.094E+00	1.585E-03	1.095E+00	1.092E+00	1.094E+00	1.094E+00	1.094E+00	1.094E+00
4.300E-01	1.090E+00	1.511E-03	1.092E+00	1.089E+00	1.090E+00	1.091E+00	1.090E+00	1.090E+00
4.400E-01	1.087E+00	1.438E-03	1.088E+00	1.085E+00	1.087E+00	1.087E+00	1.087E+00	1.087E+00
4.500E-01	1.083E+00	1.366E-03	1.085E+00	1.082E+00	1.083E+00	1.083E+00	1.083E+00	1.083E+00
4.600E-01	1.080E+00	1.296E-03	1.081E+00	1.078E+00	1.079E+00	1.080E+00	1.080E+00	1.080E+00
4.700E-01	1.076E+00	1.227E-03	1.077E+00	1.075E+00	1.076E+00	1.076E+00	1.076E+00	1.076E+00
4.800E-01	1.072E+00	1.159E-03	1.073E+00	1.071E+00	1.072E+00	1.073E+00	1.072E+00	1.072E+00
4.900E-01	1.069E+00	1.093E-03	1.070E+00	1.068E+00	1.069E+00	1.069E+00	1.069E+00	1.069E+00
5.000E-01	1.065E+00	1.028E-03	1.066E+00	1.064E+00	1.065E+00	1.065E+00	1.065E+00	1.065E+00
5.100E-01	1.061E+00	9.643E-04	1.062E+00	1.060E+00	1.061E+00	1.062E+00	1.061E+00	1.061E+00
5.200E-01	1.058E+00	9.020E-04	1.058E+00	1.057E+00	1.057E+00	1.058E+00	1.058E+00	1.058E+00
5.300E-01	1.054E+00	8.411E-04	1.055E+00	1.053E+00	1.054E+00	1.054E+00	1.054E+00	1.054E+00
5.400E-01	1.050E+00	7.816E-04	1.051E+00	1.049E+00	1.050E+00	1.050E+00	1.050E+00	1.050E+00
5.500E-01	1.046E+00	7.235E-04	1.047E+00	1.046E+00	1.046E+00	1.047E+00	1.046E+00	1.046E+00
5.600E-01	1.043E+00	6.669E-04	1.043E+00	1.042E+00	1.043E+00	1.043E+00	1.043E+00	1.043E+00
5.700E-01	1.039E+00	6.118E-04	1.039E+00	1.038E+00	1.039E+00	1.039E+00	1.039E+00	1.039E+00
5.800E-01	1.035E+00	5.582E-04	1.036E+00	1.035E+00	1.035E+00	1.035E+00	1.035E+00	1.035E+00
5.900E-01	1.031E+00	5.062E-04	1.032E+00	1.031E+00	1.031E+00	1.031E+00	1.031E+00	1.031E+00
6.000E-01	1.027E+00	4.560E-04	1.028E+00	1.027E+00	1.027E+00	1.028E+00	1.027E+00	1.028E+00
6.100E-01	1.024E+00	4.077E-04	1.024E+00	1.023E+00	1.023E+00	1.024E+00	1.024E+00	1.024E+00
6.200E-01	1.020E+00	3.615E-04	1.020E+00	1.019E+00	1.020E+00	1.020E+00	1.020E+00	1.020E+00
6.300E-01	1.016E+00	3.179E-04	1.016E+00	1.016E+00	1.016E+00	1.016E+00	1.016E+00	1.016E+00
6.400E-01	1.012E+00	2.773E-04	1.012E+00	1.012E+00	1.012E+00	1.012E+00	1.012E+00	1.012E+00
6.500E-01	1.008E+00	2.406E-04	1.008E+00	1.008E+00	1.008E+00	1.008E+00	1.008E+00	1.008E+00
6.600E-01	1.004E+00	2.090E-04	1.004E+00	1.004E+00	1.004E+00	1.005E+00	1.004E+00	1.004E+00
6.700E-01	1.000E+00	1.844E-04	1.001E+00	1.000E+00	1.000E+00	1.001E+00	1.000E+00	1.001E+00
6.800E-01	9.966E-01	1.687E-04	9.966E-01	9.965E-01	9.964E-01	9.967E-01	9.965E-01	9.966E-01
6.900E-01	9.927E-01	1.637E-04	9.926E-01	9.926E-01	9.925E-01	9.928E-01	9.926E-01	9.927E-01
7.000E-01	9.888E-01	1.695E-04	9.887E-01	9.888E-01	9.886E-01	9.889E-01	9.887E-01	9.888E-01
7.100E-01	9.848E-01	1.843E-04	9.847E-01	9.849E-01	9.847E-01	9.850E-01	9.848E-01	9.849E-01
7.200E-01	9.809E-01	2.055E-04	9.808E-01	9.810E-01	9.808E-01	9.811E-01	9.809E-01	9.810E-01
7.300E-01	9.770E-01	2.309E-04	9.768E-01	9.771E-01	9.769E-01	9.771E-01	9.769E-01	9.771E-01
7.400E-01	9.731E-01	2.586E-04	9.728E-01	9.732E-01	9.729E-01	9.732E-01	9.730E-01	9.731E-01
7.500E-01	9.691E-01	2.876E-04	9.689E-01	9.693E-01	9.690E-01	9.693E-01	9.691E-01	9.692E-01
7.600E-01	9.652E-01	3.173E-04	9.649E-01	9.654E-01	9.650E-01	9.653E-01	9.651E-01	9.652E-01
7.700E-01	9.612E-01	3.470E-04	9.609E-01	9.615E-01	9.611E-01	9.614E-01	9.612E-01	9.613E-01
7.800E-01	9.573E-01	3.766E-04	9.569E-01	9.576E-01	9.571E-01	9.574E-01	9.572E-01	9.573E-01
7.900E-01	9.533E-01	4.058E-04	9.529E-01	9.537E-01	9.532E-01	9.535E-01	9.533E-01	9.534E-01
8.000E-01	9.494E-01	4.345E-04	9.489E-01	9.497E-01	9.492E-01	9.495E-01	9.493E-01	9.494E-01
8.100E-01	9.454E-01	4.625E-04	9.449E-01	9.458E-01	9.453E-01	9.455E-01	9.453E-01	9.455E-01
8.200E-01	9.414E-01	4.898E-04	9.409E-01	9.419E-01	9.413E-01	9.416E-01	9.414E-01	9.415E-01
8.300E-01	9.375E-01	5.164E-04	9.369E-01	9.379E-01	9.373E-01	9.376E-01	9.374E-01	9.375E-01
8.400E-01	9.335E-01	5.422E-04	9.329E-01	9.340E-01	9.334E-01	9.336E-01	9.334E-01	9.335E-01
8.500E-01	9.295E-01	5.671E-04	9.289E-01	9.300E-01	9.294E-01	9.296E-01	9.294E-01	9.296E-01
8.600E-01	9.255E-01	5.913E-04	9.249E-01	9.261E-01	9.254E-01	9.257E-01	9.255E-01	9.256E-01
8.700E-01	9.216E-01	6.146E-04	9.209E-01	9.221E-01	9.214E-01	9.217E-01	9.215E-01	9.216E-01
8.800E-01	9.176E-01	6.371E-04	9.169E-01	9.182E-01	9.175E-01	9.177E-01	9.175E-01	9.176E-01
8.900E-01	9.136E-01	6.587E-04	9.129E-01	9.142E-01	9.135E-01	9.137E-01	9.135E-01	9.137E-01
9.000E-01	9.096E-01	6.795E-04	9.089E-01	9.103E-01	9.095E-01	9.097E-01	9.096E-01	9.097E-01
9.100E-01	9.056E-01	6.994E-04	9.049E-01	9.063E-01	9.055E-01	9.058E-01	9.056E-01	9.057E-01
9.200E-01	9.017E-01	7.185E-04	9.009E-01	9.023E-01	9.015E-01	9.018E-01	9.016E-01	9.017E-01
9.300E-01	8.977E-01	7.368E-04	8.969E-01	8.984E-01	8.976E-01	8.978E-01	8.976E-01	8.977E-01
9.400E-01	8.937E-01	7.542E-04	8.929E-01	8.944E-01	8.936E-01	8.938E-01	8.936E-01	8.938E-01
9.500E-01	8.897E-01	7.708E-04	8.889E-01	8.905E-01	8.896E-01	8.898E-01	8.896E-01	8.898E-01
9.600E-01	8.857E-01	7.866E-04	8.850E-01	8.865E-01	8.856E-01	8.858E-01	8.857E-01	8.858E-01
9.700E-01	8.818E-01	8.015E-04	8.810E-01	8.825E-01	8.817E-01	8.819E-01	8.817E-01	8.818E-01
9.800E-01	8.778E-01	8.156E-04	8.770E-01	8.786E-01	8.777E-01	8.779E-01	8.777E-01	8.779E-01
9.900E-01	8.738E-01	8.290E-04	8.730E-01	8.746E-01	8.737E-01	8.739E-01	8.737E-01	8.739E-01
1.000E+00	8.698E-01	8.415E-04	8.690E-01	8.707E-01	8.697E-01	8.699E-01	8.698E-01	8.699E-01
1.010E+00	8.659E-01	8.533E-04	8.650E-01	8.667E-01	8.658E-01	8.660E-01	8.658E-01	8.660E-01
1.020E+00	8.619E-01	8.643E-04	8.610E-01	8.628E-01	8.618E-01	8.620E-01	8.618E-01	8.620E-01
1.030E+00	8.579E-01	8.745E-04	8.571E-01	8.588E-01	8.579E-01	8.580E-01	8.579E-01	8.580E-01
1.040E+00	8.540E-01	8.839E-04	8.531E-01	8.549E-01	8.539E-01	8.541E-01	8.539E-01	8.541E-01
1.050E+00	8.500E-01	8.927E-04	8.491E-01	8.509E-01	8.499E-01	8.501E-01	8.500E-01	8.501E-01
1.060E+00	8.461E-01	9.006E-04	8.452E-01	8.470E-01	8.460E-01	8.462E-01	8.460E-01	8.462E-01
1.070E+00	8.421E-01	9.079E-04	8.412E-01	8.430E-01	8.420E-01	8.422E-01	8.420E-01	8.422E-01
1.080E+00	8.382E-01	9.144E-04	8.373E-01	8.391E-01	8.381E-01	8.383E-01	8.381E-01	8.383E-01
1.090E+00	8.342E-01	9.202E-04	8.333E-01	8.351E-01	8.341E-01	8.343E-01	8.342E-01	8.343E-01
1.100E+00	8.303E-01	9.253E-04	8.294E-01	8.312E-01	8.302E-01	8.304E-01	8.302E-01	8.304E-01
1.110E+00	8.264E-01	9.297E-04	8.254E-01	8.273E-01	8.263E-01	8.264E-01	8.263E-01	8.264E-01
1.120E+00	8.224E-01	9.334E-04	8.215E-01	8.234E-01	8.224E-01	8.225E-01	8.224E-01	8.225E-01
1.130E+00	8.185E-01	9.365E-04	8.176E-01	8.194E-01	8.184E-01	8.186E-01	8.184E-01	8.186E-01
1.140E+00	8.146E-01	9.389E-04	8.137E-01	8.155E-01	8.145E-01	8.147E-01	8.145E-01	8.147E-01
1.150E+00	8.107E-01	9.406E-04	8.097E-01	8.116E-01	8.106E-01	8.107E-01	8.106E-01	8.107E-01
1.160E+00	8.068E-01	9.417E-04	8.058E-01	8.077E-01	8.067E-01	8.068E-01	8.067E-01	8.068E-01
1.170E+00	8.029E-01	9.422E-04	8.019E-01	8.038E-01	8.028E-01	8.029E-01	8.028E-01	8.029E-01
1.180E+00	7.990E-01	9.420E-04	7.980E-01	7.999E-01	7.989E-01	7.990E-01	7.989E-01	7.990E-01
1.190E+00	7.951E-01	9.412E-04	7.941E-01	7.960E-01	7.950E-01	7.951E-01	7.950E-01	7.951E-01
1.200E+00	7.912E-01	9.399E-04	7.903E-01	7.921E-01	7.911E-01	7.912E-01	7.911E-01	7.913E-01
1.210E+00	7.873E-01	9.379E-04	7.864E-01	7.882E-01	7.872E-01	7.874E-01	7.872E-01	7.874E-01
1.220E+00	7.834E-01	9.353E-04	7.825E-01	7.844E-01	7.834E-01	7.835E-01	7.833E-01	7.835E-01
1.230E+00	7.796E-01	9.322E-04	7.786E-01	7.805E-01	7.795E-01	7.796E-01	7.795E-01	7.796E-01
1.240E+00	7.757E-01	9.285E-04	7.748E-01	7.766E-01	7.756E-01	7.757E-01	7.756E-01	7.758E-01
1.250E+00	7.718E-01	9.242E-04	7.709E-01	7.728E-01	7.718E-01	7.719E-01	7.718E-01	7.719E-01
1.260E+00	7.680E-01	9.194E-04	7.671E-01	7.689E-01	7.679E-01	7.680E-01	7.679E-01	7.681E-01
1.270E+00	7.641E-01	9.140E-04	7.633E-01	7.651E-01	7.641E-01	7.642E-01	7.641E-01	7.642E-01
1.280E+00	7.603E-01	9.081E-04	7.594E-01	7.612E-01	7.603E-01	7.604E-01	7.602E-01	7.604E-01
1.290E+00	7.565E-01	9.017E-04	7.556E-01	7.574E-01	7.564E-01	7.565E-01	7.564E-01	7.566E-01
1.300E+00	7.527E-01	8.948E-04	7.518E-01	7.536E-01	7.526E-01	7.527E-01	7.526E-01	7.528E-01
1.310E+00	7.489E-01	8.874E-04	7.480E-01	7.498E-01	7.488E-01	7.489E-01	7.488E-01	7.489E-01
1.320E+00	7.451E-01	8.795E-04	7.442E-01	7.459E-01	7.450E-01	7.451E-01	7.450E-01	7.451E-01
1.330E+00	7.413E-01	8.711E-04	7.404E-01	7.421E-01	7.412E-01	7.413E-01	7.412E-01	7.413E-01
1.340E+00	7.375E-01	8.622E-04	7.366E-01	7.383E-01	7.374E-01	7.375E-01	7.374E-01	7.376E-01
1.350E+00	7.337E-01	8.528E-04	7.329E-01	7.346E-01	7.336E-01	7.337E-01	7.336E-01	7.338E-01
1.360E+00	7.299E-01	8.431E-04	7.291E-01	7.308E-01	7.299E-01	7.300E-01	7.298E-01	7.300E-01
1.370E+00	7.262E-01	8.328E-04	7.253E-01	7.270E-01	7.261E-01	7.262E-01	7.261E-01	7.262E-01
1.380E+00	7.224E-01	8.221E-04	7.216E-01	7.232E-01	7.224E-01	7.224E-01	7.223E-01	7.225E-01
1.390E+00	7.187E-01	8.110E-04	7.179E-01	7.195E-01	7.186E-01	7.187E-01	7.186E-01	7.187E-01
1.400E+00	7.149E-01	7.995E-04	7.141E-01	7.157E-01	7.149E-01	7.149E-01	7.148E-01	7.150E-01
1.410E+00	7.112E-01	7.876E-04	7.104E-01	7.120E-01	7.112E-01	7.112E-01	7.111E-01	7.113E-01
1.420E+00	7.075E-01	7.752E-04	7.067E-01	7.083E-01	7.074E-01	7.075E-01	7.074E-01	7.076E-01
1.430E+00	7.038E-01	7.625E-04	7.030E-01	7.045E-01	7.037E-01	7.038E-01	7.037E-01	7.038E-01
1.440E+00	7.001E-01	7.494E-04	6.993E-01	7.008E-01	7.000E-01	7.001E-01	7.000E-01	7.001E-01
1.450E+00	6.964E-01	7.359E-04	6.957E-01	6.971E-01	6.963E-01	6.964E-01	6.963E-01	6.965E-01
1.460E+00	6.927E-01	7.220E-04	6.920E-01	6.934E-01	6.927E-01	6.927E-01	6.926E-01	6.928E-01
1.470E+00	6.890E-01	7.078E-04	6.883E-01	6.897E-01	6.890E-01	6.890E-01	6.889E-01	6.891E-01
1.480E+00	6.853E-01	6.932E-04	6.847E-01	6.861E-01	6.853E-01	6.854E-01	6.853E-01	6.854E-01
1.490E+00	6.817E-01	6.783E-04	6.810E-01	6.824E-01	6.817E-01	6.817E-01	6.816E-01	6.818E-01
1.500E+00	6.780E-01	6.631E-04	6.774E-01	6.787E-01	6.780E-01	6.781E-01	6.780E-01	6.781E-01
1.510E+00	6.744E-01	6.475E-04	6.738E-01	6.751E-01	6.744E-01	6.744E-01	6.743E-01	6.745E-01
1.520E+00	6.708E-01	6.316E-04	6.702E-01	6.714E-01	6.708E-01	6.708E-01	6.707E-01	6.709E-01
1.530E+00	6.672E-01	6.154E-04	6.666E-01	6.678E-01	6.672E-01	6.672E-01	6.671E-01	6.673E-01
1.540E+00	6.636E-01	5.990E-04	6.630E-01	6.642E-01	6.636E-01	6.636E-01	6.635E-01	6.637E-01
1.550E+00	6.600E-01	5.822E-04	6.594E-01	6.606E-01	6.600E-01	6.600E-01	6.599E-01	6.601E-01
1.560E+00	6.564E-01	5.652E-04	6.559E-01	6.570E-01	6.564E-01	6.564E-01	6.563E-01	6.565E-01
1.570E+00	6.528E-01	5.479E-04	6.523E-01	6.534E-01	6.528E-01	6.528E-01	6.527E-01	6.529E-01
1.580E+00	6.493E-01	5.303E-04	6.488E-01	6.498E-01	6.492E-01	6.493E-01	6.492E-01	6.493E-01
1.590E+00	6.457E-01	5.125E-04	6.452E-01	6.462E-01	6.457E-01	6.457E-01	6.456E-01	6.458E-01
1.600E+00	6.422E-01	4.945E-04	6.417E-01	6.427E-01	6.422E-01	6.422E-01	6.421E-01	6.423E-01
1.610E+00	6.386E-01	4.762E-04	6.382E-01	6.391E-01	6.386E-01	6.386E-01	6.385E-01	6.387E-01
1.620E+00	6.351E-01	4.577E-04	6.347E-01	6.356E-01	6.351E-01	6.351E-01	6.350E-01	6.352E-01
1.630E+00	6.316E-01	4.391E-04	6.312E-01	6.321E-01	6.316E-01	6.316E-01	6.315E-01	6.317E-01
1.640E+00	6.281E-01	4.202E-04	6.277E-01	6.285E-01	6.281E-01	6.281E-01	6.280E-01	6.282E-01
1.650E+00	6.246E-01	4.012E-04	6.243E-01	6.250E-01	6.246E-01	6.246E-01	6.245E-01	6.247E-01
1.660E+00	6.211E-01	3.820E-04	6.208E-01	6.215E-01	6.211E-01	6.211E-01	6.210E-01	6.212E-01
1.670E+00	6.177E-01	3.627E-04	6.174E-01	6.181E-01	6.177E-01	6.177E-01	6.176E-01	6.178E-01
1.680E+00	6.142E-01	3.433E-04	6.139E-01	6.146E-01	6.142E-01	6.142E-01	6.141E-01	6.143E-01
1.690E+00	6.108E-01	3.238E-04	6.105E-01	6.111E-01	6.108E-01	6.108E-01	6.107E-01	6.109E-01
1.700E+00	6.073E-01	3.042E-04	6.071E-01	6.077E-01	6.073E-01	6.073E-01	6.072E-01	6.074E-01
1.710E+00	6.039E-01	2.846E-04	6.037E-01	6.042E-01	6.039E-01	6.039E-01	6.038E-01	6.040E-01
1.720E+00	6.005E-01	2.651E-04	6.003E-01	6.008E-01	6.005E-01	6.005E-01	6.004E-01	6.006E-01
1.730E+00	5.971E-01	2.457E-04	5.969E-01	5.974E-01	5.971E-01	5.971E-01	5.970E-01	5.972E-01
1.740E+00	5.937E-01	2.264E-04	5.936E-01	5.940E-01	5.937E-01	5.937E-01	5.936E-01	5.938E-01
1.750E+00	5.903E-01	2.074E-04	5.902E-01	5.906E-01	5.903E-01	5.903E-01	5.902E-01	5.904E-01
1.760E+00	5.870E-01	1.889E-04	5.869E-01	5.872E-01	5.870E-01	5.870E-01	5.869E-01	5.871E-01
1.770E+00	5.836E-01	1.710E-04	5.835E-01	5.838E-01	5.836E-01	5.836E-01	5.835E-01	5.837E-01
1.780E+00	5.803E-01	1.540E-04	5.802E-01	5.804E-01	5.803E-01	5.803E-01	5.802E-01	5.804E-01
1.790E+00	5.769E-01	1.384E-04	5.769E-01	5.771E-01	5.770E-01	5.769E-01	5.768E-01	5.770E-01
1.800E+00	5.736E-01	1.247E-04	5.736E-01	5.737E-01	5.737E-01	5.736E-01	5.735E-01	5.737E-01
1.810E+00	5.703E-01	1.138E-04	5.703E-01	5.704E-01	5.703E-01	5.703E-01	5.702E-01	5.704E-01
1.820E+00	5.670E-01	1.065E-04	5.671E-01	5.671E-01	5.671E-01	5.670E-01	5.669E-01	5.671E-01
1.830E+00	5.637E-01	1.037E-04	5.638E-01	5.638E-01	5.638E-01	5.637E-01	5.636E-01	5.638E-01
1.840E+00	5.605E-01	1.058E-04	5.605E-01	5.605E-01	5.605E-01	5.604E-01	5.604E-01	5.606E-01
1.850E+00	5.572E-01	1.126E-04	5.573E-01	5.572E-01	5.572E-01	5.572E-01	5.571E-01	5.573E-01
1.860E+00	5.540E-01	1.235E-04	5.541E-01	5.540E-01	5.540E-01	5.539E-01	5.539E-01	5.541E-01
1.870E+00	5.507E-01	1.375E-04	5.509E-01	5.507E-01	5.508E-01	5.507E-01	5.506E-01	5.508E-01
1.880E+00	5.475E-01	1.537E-04	5.477E-01	5.475E-01	5.475E-01	5.475E-01	5.474E-01	5.476E-01
1.890E+00	5.443E-01	1.716E-04	5.445E-01	5.442E-01	5.443E-01	5.443E-01	5.442E-01	5.444E-01
1.900E+00	5.411E-01	1.908E-04	5.413E-01	5.410E-01	5.411E-01	5.411E-01	5.410E-01	5.412E-01
1.910E+00	5.379E-01	2.109E-04	5.382E-01	5.378E-01	5.380E-01	5.379E-01	5.378E-01	5.380E-01
1.920E+00	5.347E-01	2.316E-04	5.350E-01	5.346E-01	5.348E-01	5.347E-01	5.346E-01	5.348E-01
1.930E+00	5.316E-01	2.530E-04	5.319E-01	5.314E-01	5.316E-01	5.315E-01	5.315E-01	5.317E-01
1.940E+00	5.284E-01	2.747E-04	5.287E-01	5.282E-01	5.285E-01	5.284E-01	5.283E-01	5.285E-01
1.950E+00	5.253E-01	2.968E-04	5.256E-01	5.251E-01	5.253E-01	5.253E-01	5.252E-01	5.254E-01
1.960E+00	5.222E-01	3.191E-04	5.225E-01	5.219E-01	5.222E-01	5.221E-01	5.221E-01	5.223E-01
1.970E+00	5.191E-01	3.417E-04	5.194E-01	5.188E-01	5.191E-01	5.190E-01	5.190E-01	5.192E-01
1.980E+00	5.160E-01	3.645E-04	5.164E-01	5.157E-01	5.160E-01	5.159E-01	5.159E-01	5.161E-01
1.990E+00	5.129E-01	3.874E-04	5.133E-01	5.125E-01	5.129E-01	5.128E-01	5.128E-01	5.130E-01
2.000E+00	5.098E-01	4.105E-04	5.102E-01	5.094E-01	5.098E-01	5.097E-01	5.097E-01	5.099E-01
2.010E+00	5.067E-01	4.337E-04	5.072E-01	5.064E-01	5.068E-01	5.067E-01	5.066E-01	5.068E-01
2.020E+00	5.037E-01	4.570E-04	5.042E-01	5.033E-01	5.037E-01	5.036E-01	5.036E-01	5.038E-01
2.030E+00	5.006E-01	4.804E-04	5.012E-01	5.002E-01	5.007E-01	5.006E-01	5.005E-01	5.007E-01
2.040E+00	4.976E-01	5.038E-04	4.982E-01	4.972E-01	4.977E-01	4.976E-01	4.975E-01	4.977E-01
2.050E+00	4.946E-01	5.273E-04	4.952E-01	4.941E-01	4.946E-01	4.945E-01	4.945E-01	4.947E-01
2.060E+00	4.916E-01	5.508E-04	4.922E-01	4.911E-01	4.916E-01	4.915E-01	4.915E-01	4.917E-01
2.070E+00	4.886E-01	5.744E-04	4.892E-01	4.881E-01	4.887E-01	4.886E-01	4.885E-01	4.887E-01
2.080E+00	4.856E-01	5.980E-04	4.863E-01	4.851E-01	4.857E-01	4.856E-01	4.855E-01	4.857E-01
2.090E+00	4.827E-01	6.216E-04	4.833E-01	4.821E-01	4.827E-01	4.826E-01	4.826E-01	4.828E-01
2.100E+00	4.797E-01	6.453E-04	4.804E-01	4.791E-01	4.798E-01	4.797E-01	4.796E-01	4.798E-01
2.110E+00	4.768E-01	6.689E-04	4.775E-01	4.762E-01	4.768E-01	4.767E-01	4.767E-01	4.769E-01
2.120E+00	4.738E-01	6.925E-04	4.746E-01	4.732E-01	4.739E-01	4.738E-01	4.737E-01	4.739E-01
2.130E+00	4.709E-01	7.162E-04	4.717E-01	4.703E-01	4.710E-01	4.709E-01	4.708E-01	4.710E-01
2.140E+00	4.680E-01	7.398E-04	4.688E-01	4.674E-01	4.681E-01	4.680E-01	4.679E-01	4.681E-01
2.150E+00	4.651E-01	7.634E-04	4.659E-01	4.644E-01	4.652E-01	4.651E-01	4.650E-01	4.652E-01
2.160E+00	4.623E-01	7.870E-04	4.631E-01	4.615E-01	4.623E-01	4.622E-01	4.622E-01	4.624E-01
2.170E+00	4.594E-01	8.106E-04	4.603E-01	4.587E-01	4.595E-01	4.593E-01	4.593E-01	4.595E-01
2.180E+00	4.565E-01	8.341E-04	4.574E-01	4.558E-01	4.566E-01	4.565E-01	4.564E-01	4.566E-01
2.190E+00	4.537E-01	8.576E-04	4.546E-01	4.529E-01	4.538E-01	4.536E-01	4.536E-01	4.538E-01
2.200E+00	4.509E-01	8.810E-04	4.518E-01	4.501E-01	4.509E-01	4.508E-01	4.508E-01	4.510E-01
2.210E+00	4.481E-01	9.045E-04	4.490E-01	4.472E-01	4.481E-01	4.480E-01	4.480E-01	4.482E-01
2.220E+00	4.453E-01	9.278E-04	4.462E-01	4.444E-01	4.453E-01	4.452E-01	4.452E-01	4.454E-01
2.230E+00	4.425E-01	9.511E-04	4.435E-01	4.416E-01	4.425E-01	4.424E-01	4.424E-01	4.426E-01
2.240E+00	4.397E-01	9.744E-04	4.407E-01	4.388E-01	4.398E-01	4.396E-01	4.396E-01	4.398E-01
2.250E+00	4.369E-01	9.976E-04	4.380E-01	4.360E-01	4.370E-01	4.369E-01	4.368E-01	4.370E-01
2.260E+00	4.342E-01	1.021E-03	4.352E-01	4.332E-01	4.342E-01	4.341E-01	4.341E-01	4.343E-01
2.270E+00	4.314E-01	1.044E-03	4.325E-01	4.305E-01	4.315E-01	4.314E-01	4.313E-01	4.315E-01
2.280E+00	4.287E-01	1.067E-03	4.298E-01	4.277E-01	4.288E-01	4.286E-01	4.286E-01	4.288E-01
2.290E+00	4.260E-01	1.090E-03	4.271E-01	4.250E-01	4.261E-01	4.259E-01	4.259E-01	4.261E-01
2.300E+00	4.233E-01	1.113E-03	4.245E-01	4.222E-01	4.234E-01	4.232E-01	4.232E-01	4.234E-01
2.310E+00	4.206E-01	1.135E-03	4.218E-01	4.195E-01	4.207E-01	4.205E-01	4.205E-01	4.207E-01
2.320E+00	4.179E-01	1.158E-03	4.191E-01	4.168E-01	4.180E-01	4.179E-01	4.178E-01	4.180E-01
2.330E+00	4.153E-01	1.181E-03	4.165E-01	4.141E-01	4.153E-01	4.152E-01	4.152E-01	4.154E-01
2.340E+00	4.126E-01	1.203E-03	4.139E-01	4.115E-01	4.127E-01	4.125E-01	4.125E-01	4.127E-01
2.350E+00	4.100E-01	1.226E-03	4.113E-01	4.088E-01	4.100E-01	4.099E-01	4.099E-01	4.101E-01
2.360E+00	4.073E-01	1.248E-03	4.086E-01	4.062E-01	4.074E-01	4.073E-01	4.072E-01	4.074E-01
2.370E+00	4.047E-01	1.270E-03	4.061E-01	4.035E-01	4.048E-01	4.047E-01	4.046E-01	4.048E-01
2.380E+00	4.021E-01	1.292E-03	4.035E-01	4.009E-01	4.022E-01	4.021E-01	4.020E-01	4.022E-01
2.390E+00	3.995E-01	1.314E-03	4.009E-01	3.983E-01	3.996E-01	3.995E-01	3.994E-01	3.996E-01
2.400E+00	3.970E-01	1.336E-03	3.984E-01	3.957E-01	3.970E-01	3.969E-01	3.969E-01	3.971E-01
2.410E+00	3.944E-01	1.358E-03	3.958E-01	3.931E-01	3.945E-01	3.943E-01	3.943E-01	3.945E-01
2.420E+00	3.918E-01	1.380E-03	3.933E-01	3.905E-01	3.919E-01	3.918E-01	3.917E-01	3.919E-01
2.430E+00	3.893E-01	1.402E-03	3.908E-01	3.880E-01	3.894E-01	3.892E-01	3.892E-01	3.894E-01
2.440E+00	3.868E-01	1.423E-03	3.883E-01	3.854E-01	3.868E-01	3.867E-01	3.867E-01	3.869E-01
2.450E+00	3.843E-01	1.444E-03	3.858E-01	3.829E-01	3.843E-01	3.842E-01	3.842E-01	3.844E-01
2.460E+00	3.818E-01	1.466E-03	3.833E-01	3.804E-01	3.818E-01	3.817E-01	3.816E-01	3.819E-01
2.470E+00	3.793E-01	1.487E-03	3.808E-01	3.778E-01	3.793E-01	3.792E-01	3.792E-01	3.794E-01
2.480E+00	3.768E-01	1.508E-03	3.783E-01	3.753E-01	3.769E-01	3.767E-01	3.767E-01	3.769E-01
2.490E+00	3.743E-01	1.529E-03	3.759E-01	3.729E-01	3.744E-01	3.742E-01	3.742E-01	3.744E-01
2.500E+00	3.719E-01	1.550E-03	3.735E-01	3.704E-01	3.719E-01	3.718E-01	3.718E-01	3.720E-01
2.510E+00	3.694E-01	1.570E-03	3.710E-01	3.679E-01	3.695E-01	3.693E-01	3.693E-01	3.695E-01
2.520E+00	3.670E-01	1.591E-03	3.686E-01	3.655E-01	3.671E-01	3.669E-01	3.669E-01	3.671E-01
2.530E+00	3.646E-01	1.611E-03	3.662E-01	3.630E-01	3.647E-01	3.645E-01	3.645E-01	3.647E-01
2.540E+00	3.622E-01	1.631E-03	3.639E-01	3.606E-01	3.622E-01	3.621E-01	3.621E-01	3.623E-01
2.550E+00	3.598E-01	1.652E-03	3.615E-01	3.582E-01	3.599E-01	3.597E-01	3.597E-01	3.599E-01
2.560E+00	3.574E-01	1.672E-03	3.591E-01	3.558E-01	3.575E-01	3.573E-01	3.573E-01	3.575E-01
2.570E+00	3.550E-01	1.691E-03	3.568E-01	3.534E-01	3.551E-01	3.549E-01	3.549E-01	3.551E-01
2.580E+00	3.527E-01	1.711E-03	3.544E-01	3.510E-01	3.527E-01	3.526E-01	3.526E-01	3.528E-01
2.590E+00	3.503E-01	1.731E-03	3.521E-01	3.487E-01	3.504E-01	3.502E-01	3.502E-01	3.504E-01
2.600E+00	3.480E-01	1.750E-03	3.498E-01	3.463E-01	3.481E-01	3.479E-01	3.479E-01	3.481E-01
2.610E+00	3.457E-01	1.769E-03	3.475E-01	3.440E-01	3.457E-01	3.456E-01	3.456E-01	3.458E-01
2.620E+00	3.434E-01	1.789E-03	3.452E-01	3.416E-01	3.434E-01	3.433E-01	3.433E-01	3.434E-01
2.630E+00	3.411E-01	1.808E-03	3.429E-01	3.393E-01	3.411E-01	3.410E-01	3.410E-01	3.412E-01
2.640E+00	3.388E-01	1.826E-03	3.407E-01	3.370E-01	3.389E-01	3.387E-01	3.387E-01	3.389E-01
2.650E+00	3.365E-01	1.845E-03	3.384E-01	3.347E-01	3.366E-01	3.364E-01	3.364E-01	3.366E-01
2.660E+00	3.342E-01	1.864E-03	3.362E-01	3.324E-01	3.343E-01	3.341E-01	3.341E-01	3.343E-01
2.670E+00	3.320E-01	1.882E-03	3.339E-01	3.302E-01	3.321E-01	3.319E-01	3.319E-01	3.321E-01
2.680E+00	3.297E-01	1.900E-03	3.317E-01	3.279E-01	3.298E-01	3.297E-01	3.296E-01	3.298E-01
2.690E+00	3.275E-01	1.919E-03	3.295E-01	3.257E-01	3.276E-01	3.274E-01	3.274E-01	3.276E-01
2.700E+00	3.253E-01	1.936E-03	3.273E-01	3.234E-01	3.254E-01	3.252E-01	3.252E-01	3.254E-01
2.710E+00	3.231E-01	1.954E-03	3.251E-01	3.212E-01	3.232E-01	3.230E-01	3.230E-01	3.232E-01
2.720E+00	3.209E-01	1.972E-03	3.229E-01	3.190E-01	3.210E-01	3.208E-01	3.208E-01	3.210E-01
2.730E+00	3.187E-01	1.989E-03	3.208E-01	3.168E-01	3.188E-01	3.186E-01	3.186E-01	3.188E-01
2.740E+00	3.166E-01	2.007E-03	3.186E-01	3.146E-01	3.167E-01	3.165E-01	3.165E-01	3.167E-01
2.750E+00	3.144E-01	2.024E-03	3.165E-01	3.124E-01	3.145E-01	3.143E-01	3.143E-01	3.145E-01
2.760E+00	3.123E-01	2.041E-03	3.144E-01	3.103E-01	3.124E-01	3.122E-01	3.122E-01	3.124E-01
2.770E+00	3.101E-01	2.058E-03	3.122E-01	3.081E-01	3.102E-01	3.100E-01	3.100E-01	3.102E-01
2.780E+00	3.080E-01	2.074E-03	3.101E-01	3.060E-01	3.081E-01	3.079E-01	3.079E-01	3.081E-01
2.790E+00	3.059E-01	2.091E-03	3.080E-01	3.039E-01	3.060E-01	3.058E-01	3.058E-01	3.060E-01
2.800E+00	3.038E-01	2.107E-03	3.060E-01	3.018E-01	3.039E-01	3.037E-01	3.037E-01	3.039E-01
2.810E+00	3.017E-01	2.123E-03	3.039E-01	2.997E-01	3.018E-01	3.016E-01	3.016E-01	3.018E-01
2.820E+00	2.996E-01	2.139E-03	3.018E-01	2.976E-01	2.997E-01	2.995E-01	2.995E-01	2.997E-01
2.830E+00	2.976E-01	2.155E-03	2.998E-01	2.955E-01	2.977E-01	2.975E-01	2.975E-01	2.977E-01
2.840E+00	2.955E-01	2.171E-03	2.977E-01	2.934E-01	2.956E-01	2.954E-01	2.954E-01	2.956E-01
2.850E+00	2.935E-01	2.186E-03	2.957E-01	2.914E-01	2.936E-01	2.934E-01	2.934E-01	2.936E-01
2.860E+00	2.914E-01	2.202E-03	2.937E-01	2.893E-01	2.915E-01	2.913E-01	2.913E-01	2.915E-01
2.870E+00	2.894E-01	2.217E-03	2.917E-01	2.873E-01	2.895E-01	2.893E-01	2.893E-01	2.895E-01
2.880E+00	2.874E-01	2.232E-03	2.897E-01	2.852E-01	2.875E-01	2.873E-01	2.873E-01	2.875E-01
2.890E+00	2.854E-01	2.247E-03	2.877E-01	2.832E-01	2.855E-01	2.853E-01	2.853E-01	2.855E-01
2.900E+00	2.834E-01	2.262E-03	2.858E-01	2.812E-01	2.835E-01	2.833E-01	2.833E-01	2.835E-01
2.910E+00	2.815E-01	2.276E-03	2.838E-01	2.792E-01	2.816E-01	2.814E-01	2.814E-01	2.815E-01
2.920E+00	2.795E-01	2.290E-03	2.818E-01	2.773E-01	2.796E-01	2.794E-01	2.794E-01	2.796E-01
2.930E+00	2.775E-01	2.305E-03	2.799E-01	2.753E-01	2.776E-01	2.774E-01	2.774E-01	2.776E-01
2.940E+00	2.756E-01	2.319E-03	2.780E-01	2.733E-01	2.757E-01	2.755E-01	2.755E-01	2.757E-01
2.950E+00	2.737E-01	2.332E-03	2.761E-01	2.714E-01	2.738E-01	2.736E-01	2.736E-01	2.738E-01
2.960E+00	2.717E-01	2.346E-03	2.742E-01	2.695E-01	2.718E-01	2.716E-01	2.717E-01	2.718E-01
2.970E+00	2.698E-01	2.360E-03	2.723E-01	2.675E-01	2.699E-01	2.697E-01	2.697E-01	2.699E-01
2.980E+00	2.679E-01	2.373E-03	2.704E-01	2.656E-01	2.680E-01	2.678E-01	2.678E-01	2.680E-01
2.990E+00	2.661E-01	2.386E-03	2.685E-01	2.637E-01	2.662E-01	2.660E-01	2.660E-01	2.661E-01
3.000E+00	2.642E-01	2.399E-03	2.666E-01	2.618E-01	2.643E-01	2.641E-01	2.641E-01	2.643E-01
