1.000E-02	1.115E+00	5.392E-04	1.115E+00	1.114E+00	1.115E+00	1.115E+00	1.115E+00	1.115E+00
2.000E-02	1.115E+00	5.361E-04	1.115E+00	1.114E+00	1.115E+00	1.115E+00	1.115E+00	1.115E+00
3.000E-02	1.114E+00	5.320E-04	1.115E+00	1.114E+00	1.115E+00	1.114E+00	1.114E+00	1.114E+00
4.000E-02	1.114E+00	5.271E-04	1.115E+00	1.114E+00	1.114E+00	1.114E+00	1.114E+00	1.114E+00
5.000E-02	1.114E+00	5.217E-04	1.114E+00	1.113E+00	1.114E+00	1.114E+00	1.114E+00	1.114E+00
6.000E-02	1.113E+00	5.156E-04	1.114E+00	1.113E+00	1.113E+00	1.113E+00	1.113E+00	1.113E+00
7.000E-02	1.113E+00	5.092E-04	1.113E+00	1.112E+00	1.113E+00	1.113E+00	1.113E+00	1.113E+00
8.000E-02	1.112E+00	5.023E-04	1.113E+00	1.112E+00	1.112E+00	1.112E+00	1.112E+00	1.112E+00
9.000E-02	1.112E+00	4.951E-04	1.112E+00	1.111E+00	1.112E+00	1.111E+00	1.112E+00	1.112E+00
1.000E-01	1.111E+00	4.876E-04	1.111E+00	1.110E+00	1.111E+00	1.111E+00	1.111E+00	1.111E+00
1.100E-01	1.110E+00	4.799E-04	1.110E+00	1.110E+00	1.110E+00	1.110E+00	1.110E+00	1.110E+00
1.200E-01	1.109E+00	4.719E-04	1.110E+00	1.109E+00	1.109E+00	1.109E+00	1.109E+00	1.109E+00
1.300E-01	1.108E+00	4.637E-04	1.109E+00	1.108E+00	1.109E+00	1.108E+00	1.108E+00	1.108E+00
1.400E-01	1.107E+00	4.554E-04	1.108E+00	1.107E+00	1.108E+00	1.107E+00	1.107E+00	1.107E+00
1.500E-01	1.106E+00	4.469E-04	1.107E+00	1.106E+00	1.107E+00	1.106E+00	1.106E+00	1.106E+00
1.600E-01	1.105E+00	4.382E-04	1.106E+00	1.105E+00	1.106E+00	1.105E+00	1.105E+00	1.105E+00
1.700E-01	1.104E+00	4.295E-04	1.105E+00	1.104E+00	1.104E+00	1.104E+00	1.104E+00	1.104E+00
1.800E-01	1.103E+00	4.207E-04	1.104E+00	1.103E+00	1.103E+00	1.103E+00	1.103E+00	1.103E+00
1.900E-01	1.102E+00	4.118E-04	1.102E+00	1.102E+00	1.102E+00	1.102E+00	1.102E+00	1.102E+00
2.000E-01	1.101E+00	4.029E-04	1.101E+00	1.100E+00	1.101E+00	1.101E+00	1.101E+00	1.101E+00
2.100E-01	1.099E+00	3.939E-04	1.100E+00	1.099E+00	1.100E+00	1.099E+00	1.099E+00	1.099E+00
2.200E-01	1.098E+00	3.850E-04	1.098E+00	1.098E+00	1.098E+00	1.098E+00	1.098E+00	1.098E+00
2.300E-01	1.097E+00	3.760E-04	1.097E+00	1.096E+00	1.097E+00	1.097E+00	1.097E+00	1.097E+00
2.400E-01	1.095E+00	3.670E-04	1.096E+00	1.095E+00	1.096E+00	1.095E+00	1.095E+00	1.095E+00
2.500E-01	1.094E+00	3.581E-04	1.094E+00	1.094E+00	1.094E+00	1.094E+00	1.094E+00	1.094E+00
2.600E-01	1.092E+00	3.492E-04	1.093E+00	1.092E+00	1.093E+00	1.092E+00	1.092E+00	1.092E+00
2.700E-01	1.091E+00	3.404E-04	1.091E+00	1.090E+00	1.091E+00	1.091E+00	1.091E+00	1.091E+00
2.800E-01	1.089E+00	3.316E-04	1.089E+00	1.089E+00	1.089E+00	1.089E+00	1.089E+00	1.089E+00
2.900E-01	1.088E+00	3.229E-04	1.088E+00	1.087E+00	1.088E+00	1.087E+00	1.088E+00	1.088E+00
3.000E-01	1.086E+00	3.143E-04	1.086E+00	1.086E+00	1.086E+00	1.086E+00	1.086E+00	1.086E+00
3.100E-01	1.084E+00	3.058E-04	1.084E+00	1.084E+00	1.084E+00	1.084E+00	1.084E+00	1.084E+00
3.200E-01	1.082E+00	2.974E-04	1.083E+00	1.082E+00	1.083E+00	1.082E+00	1.082E+00	1.082E+00
3.300E-01	1.081E+00	2.892E-04	1.081E+00	1.080E+00	1.081E+00	1.080E+00	1.081E+00	1.081E+00
3.400E-01	1.079E+00	2.811E-04	1.079E+00	1.078E+00	1.079E+00	1.078E+00	1.079E+00	1.079E+00
3.500E-01	1.077E+00	2.731E-04	1.077E+00	1.077E+00	1.077E+00	1.077E+00	1.077E+00	1.077E+00
3.600E-01	1.075E+00	2.653E-04	1.075E+00	1.075E+00	1.075E+00	1.075E+00	1.075E+00	1.075E+00
3.700E-01	1.073E+00	2.577E-04	1.073E+00	1.073E+00	1.073E+00	1.073E+00	1.073E+00	1.073E+00
3.800E-01	1.071E+00	2.503E-04	1.071E+00	1.071E+00	1.071E+00	1.071E+00	1.071E+00	1.071E+00
3.900E-01	1.069E+00	2.431E-04	1.069E+00	1.069E+00	1.069E+00	1.069E+00	1.069E+00	1.069E+00
4.000E-01	1.067E+00	2.361E-04	1.067E+00	1.067E+00	1.067E+00	1.067E+00	1.067E+00	1.067E+00
4.100E-01	1.065E+00	2.293E-04	1.065E+00	1.064E+00	1.065E+00	1.064E+00	1.065E+00	1.065E+00
4.200E-01	1.062E+00	2.227E-04	1.063E+00	1.062E+00	1.063E+00	1.062E+00	1.062E+00	1.062E+00
4.300E-01	1.060E+00	2.165E-04	1.060E+00	1.060E+00	1.060E+00	1.060E+00	1.060E+00	1.060E+00
4.400E-01	1.058E+00	2.104E-04	1.058E+00	1.058E+00	1.058E+00	1.058E+00	1.058E+00	1.058E+00
4.500E-01	1.056E+00	2.047E-04	1.056E+00	1.056E+00	1.056E+00	1.056E+00	1.056E+00	1.056E+00
4.600E-01	1.053E+00	1.992E-04	1.053E+00	1.053E+00	1.054E+00	1.053E+00	1.053E+00	1.053E+00
4.700E-01	1.051E+00	1.940E-04	1.051E+00	1.051E+00	1.051E+00	1.051E+00	1.051E+00	1.051E+00
4.800E-01	1.049E+00	1.891E-04	1.049E+00	1.049E+00	1.049E+00	1.048E+00	1.049E+00	1.049E+00
4.900E-01	1.046E+00	1.846E-04	1.046E+00	1.046E+00	1.046E+00	1.046E+00	1.046E+00	1.046E+00
5.000E-01	1.044E+00	1.803E-04	1.044E+00	1.044E+00	1.044E+00	1.044E+00	1.044E+00	1.044E+00
5.100E-01	1.041E+00	1.764E-04	1.041E+00	1.041E+00	1.041E+00	1.041E+00	1.041E+00	1.041E+00
5.200E-01	1.039E+00	1.728E-04	1.039E+00	1.039E+00	1.039E+00	1.039E+00	1.039E+00	1.039E+00
5.300E-01	1.036E+00	1.696E-04	1.036E+00	1.036E+00	1.036E+00	1.036E+00	1.036E+00	1.036E+00
5.400E-01	1.034E+00	1.667E-04	1.034E+00	1.034E+00	1.034E+00	1.034E+00	1.034E+00	1.034E+00
5.500E-01	1.031E+00	1.641E-04	1.031E+00	1.031E+00	1.031E+00	1.031E+00	1.031E+00	1.031E+00
5.600E-01	1.028E+00	1.618E-04	1.028E+00	1.028E+00	1.029E+00	1.028E+00	1.028E+00	1.028E+00
5.700E-01	1.026E+00	1.599E-04	1.026E+00	1.026E+00	1.026E+00	1.026E+00	1.026E+00	1.026E+00
5.800E-01	1.023E+00	1.582E-04	1.023E+00	1.023E+00	1.023E+00	1.023E+00	1.023E+00	1.023E+00
5.900E-01	1.020E+00	1.569E-04	1.020E+00	1.020E+00	1.020E+00	1.020E+00	1.020E+00	1.020E+00
6.000E-01	1.018E+00	1.559E-04	1.018E+00	1.018E+00	1.018E+00	1.017E+00	1.018E+00	1.018E+00
6.100E-01	1.015E+00	1.551E-04	1.015E+00	1.015E+00	1.015E+00	1.015E+00	1.015E+00	1.015E+00
6.200E-01	1.012E+00	1.546E-04	1.012E+00	1.012E+00	1.012E+00	1.012E+00	1.012E+00	1.012E+00
6.300E-01	1.009E+00	1.543E-04	1.009E+00	1.009E+00	1.009E+00	1.009E+00	1.009E+00	1.009E+00
6.400E-01	1.006E+00	1.543E-04	1.006E+00	1.006E+00	1.006E+00	1.006E+00	1.006E+00	1.006E+00
6.500E-01	1.003E+00	1.544E-04	1.003E+00	1.003E+00	1.003E+00	1.003E+00	1.003E+00	1.003E+00
6.600E-01	1.000E+00	1.547E-04	1.000E+00	1.000E+00	1.001E+00	1.000E+00	1.000E+00	1.000E+00
6.700E-01	9.975E-01	1.552E-04	9.974E-01	9.975E-01	9.976E-01	9.973E-01	9.974E-01	9.975E-01
6.800E-01	9.945E-01	1.559E-04	9.944E-01	9.945E-01	9.946E-01	9.943E-01	9.945E-01	9.945E-01
6.900E-01	9.915E-01	1.566E-04	9.914E-01	9.915E-01	9.916E-01	9.913E-01	9.914E-01	9.915E-01
7.000E-01	9.884E-01	1.575E-04	9.884E-01	9.885E-01	9.886E-01	9.883E-01	9.884E-01	9.885E-01
7.100E-01	9.854E-01	1.585E-04	9.853E-01	9.854E-01	9.855E-01	9.852E-01	9.854E-01	9.854E-01
7.200E-01	9.823E-01	1.595E-04	9.822E-01	9.824E-01	9.824E-01	9.822E-01	9.823E-01	9.823E-01
7.300E-01	9.792E-01	1.605E-04	9.791E-01	9.793E-01	9.793E-01	9.791E-01	9.792E-01	9.792E-01
7.400E-01	9.761E-01	1.616E-04	9.760E-01	9.761E-01	9.762E-01	9.759E-01	9.760E-01	9.761E-01
7.500E-01	9.729E-01	1.628E-04	9.728E-01	9.730E-01	9.731E-01	9.728E-01	9.729E-01	9.729E-01
7.600E-01	9.697E-01	1.639E-04	9.697E-01	9.698E-01	9.699E-01	9.696E-01	9.697E-01	9.698E-01
7.700E-01	9.665E-01	1.650E-04	9.665E-01	9.666E-01	9.667E-01	9.664E-01	9.665E-01	9.666E-01
7.800E-01	9.633E-01	1.661E-04	9.632E-01	9.634E-01	9.635E-01	9.632E-01	9.633E-01	9.634E-01
7.900E-01	9.601E-01	1.672E-04	9.600E-01	9.602E-01	9.602E-01	9.599E-01	9.601E-01	9.601E-01
8.000E-01	9.568E-01	1.683E-04	9.567E-01	9.569E-01	9.570E-01	9.567E-01	9.568E-01	9.569E-01
8.100E-01	9.535E-01	1.693E-04	9.534E-01	9.536E-01	9.537E-01	9.534E-01	9.535E-01	9.536E-01
8.200E-01	9.502E-01	1.702E-04	9.501E-01	9.503E-01	9.504E-01	9.501E-01	9.502E-01	9.503E-01
8.300E-01	9.469E-01	1.711E-04	9.468E-01	9.470E-01	9.470E-01	9.468E-01	9.469E-01	9.469E-01
8.400E-01	9.436E-01	1.719E-04	9.435E-01	9.437E-01	9.437E-01	9.434E-01	9.435E-01	9.436E-01
8.500E-01	9.402E-01	1.726E-04	9.401E-01	9.403E-01	9.403E-01	9.401E-01	9.402E-01	9.402E-01
8.600E-01	9.368E-01	1.732E-04	9.367E-01	9.369E-01	9.369E-01	9.367E-01	9.368E-01	9.368E-01
8.700E-01	9.334E-01	1.738E-04	9.333E-01	9.335E-01	9.335E-01	9.333E-01	9.334E-01	9.334E-01
8.800E-01	9.300E-01	1.742E-04	9.299E-01	9.301E-01	9.301E-01	9.299E-01	9.300E-01	9.300E-01
8.900E-01	9.265E-01	1.746E-04	9.264E-01	9.267E-01	9.267E-01	9.264E-01	9.265E-01	9.266E-01
9.000E-01	9.231E-01	1.749E-04	9.230E-01	9.232E-01	9.232E-01	9.230E-01	9.231E-01	9.231E-01
9.100E-01	9.196E-01	1.750E-04	9.195E-01	9.197E-01	9.197E-01	9.195E-01	9.196E-01	9.196E-01
9.200E-01	9.161E-01	1.751E-04	9.160E-01	9.162E-01	9.162E-01	9.160E-01	9.161E-01	9.162E-01
9.300E-01	9.126E-01	1.750E-04	9.125E-01	9.127E-01	9.127E-01	9.125E-01	9.126E-01	9.126E-01
9.400E-01	9.091E-01	1.748E-04	9.090E-01	9.092E-01	9.092E-01	9.090E-01	9.091E-01	9.091E-01
9.500E-01	9.055E-01	1.746E-04	9.054E-01	9.057E-01	9.057E-01	9.054E-01	9.055E-01	9.056E-01
9.600E-01	9.020E-01	1.742E-04	9.019E-01	9.021E-01	9.021E-01	9.019E-01	9.020E-01	9.020E-01
9.700E-01	8.984E-01	1.737E-04	8.983E-01	8.985E-01	8.985E-01	8.983E-01	8.984E-01	8.985E-01
9.800E-01	8.948E-01	1.730E-04	8.947E-01	8.950E-01	8.950E-01	8.947E-01	8.948E-01	8.949E-01
9.900E-01	8.912E-01	1.723E-04	8.911E-01	8.913E-01	8.914E-01	8.911E-01	8.912E-01	8.913E-01
1.000E+00	8.876E-01	1.714E-04	8.875E-01	8.877E-01	8.877E-01	8.875E-01	8.876E-01	8.877E-01
1.010E+00	8.840E-01	1.705E-04	8.839E-01	8.841E-01	8.841E-01	8.839E-01	8.839E-01	8.840E-01
1.020E+00	8.803E-01	1.694E-04	8.802E-01	8.805E-01	8.805E-01	8.802E-01	8.803E-01	8.804E-01
1.030E+00	8.767E-01	1.682E-04	8.766E-01	8.768E-01	8.768E-01	8.766E-01	8.766E-01	8.767E-01
1.040E+00	8.730E-01	1.669E-04	8.729E-01	8.731E-01	8.731E-01	8.729E-01	8.730E-01	8.731E-01
1.050E+00	8.693E-01	1.654E-04	8.692E-01	8.695E-01	8.695E-01	8.692E-01	8.693E-01	8.694E-01
1.060E+00	8.656E-01	1.639E-04	8.655E-01	8.658E-01	8.658E-01	8.655E-01	8.656E-01	8.657E-01
1.070E+00	8.619E-01	1.623E-04	8.618E-01	8.620E-01	8.621E-01	8.618E-01	8.619E-01	8.620E-01
1.080E+00	8.582E-01	1.605E-04	8.581E-01	8.583E-01	8.583E-01	8.581E-01	8.582E-01	8.583E-01
1.090E+00	8.545E-01	1.587E-04	8.544E-01	8.546E-01	8.546E-01	8.544E-01	8.545E-01	8.545E-01
1.100E+00	8.508E-01	1.567E-04	8.507E-01	8.509E-01	8.509E-01	8.506E-01	8.507E-01	8.508E-01
1.110E+00	8.470E-01	1.547E-04	8.469E-01	8.471E-01	8.471E-01	8.469E-01	8.470E-01	8.470E-01
1.120E+00	8.432E-01	1.526E-04	8.431E-01	8.433E-01	8.434E-01	8.431E-01	8.432E-01	8.433E-01
1.130E+00	8.395E-01	1.504E-04	8.394E-01	8.396E-01	8.396E-01	8.394E-01	8.394E-01	8.395E-01
1.140E+00	8.357E-01	1.481E-04	8.356E-01	8.358E-01	8.358E-01	8.356E-01	8.357E-01	8.357E-01
1.150E+00	8.319E-01	1.457E-04	8.318E-01	8.320E-01	8.320E-01	8.318E-01	8.319E-01	8.320E-01
1.160E+00	8.281E-01	1.433E-04	8.280E-01	8.282E-01	8.282E-01	8.280E-01	8.281E-01	8.282E-01
1.170E+00	8.243E-01	1.408E-04	8.242E-01	8.244E-01	8.244E-01	8.242E-01	8.243E-01	8.244E-01
1.180E+00	8.205E-01	1.382E-04	8.204E-01	8.206E-01	8.206E-01	8.204E-01	8.205E-01	8.205E-01
1.190E+00	8.167E-01	1.356E-04	8.166E-01	8.168E-01	8.168E-01	8.166E-01	8.166E-01	8.167E-01
1.200E+00	8.129E-01	1.330E-04	8.128E-01	8.129E-01	8.130E-01	8.128E-01	8.128E-01	8.129E-01
1.210E+00	8.090E-01	1.303E-04	8.089E-01	8.091E-01	8.091E-01	8.089E-01	8.090E-01	8.091E-01
1.220E+00	8.052E-01	1.276E-04	8.051E-01	8.052E-01	8.053E-01	8.051E-01	8.051E-01	8.052E-01
1.230E+00	8.013E-01	1.249E-04	8.013E-01	8.014E-01	8.014E-01	8.012E-01	8.013E-01	8.014E-01
1.240E+00	7.975E-01	1.222E-04	7.974E-01	7.975E-01	7.976E-01	7.974E-01	7.974E-01	7.975E-01
1.250E+00	7.936E-01	1.196E-04	7.936E-01	7.937E-01	7.937E-01	7.935E-01	7.936E-01	7.937E-01
1.260E+00	7.897E-01	1.170E-04	7.897E-01	7.898E-01	7.898E-01	7.897E-01	7.897E-01	7.898E-01
1.270E+00	7.859E-01	1.144E-04	7.858E-01	7.859E-01	7.860E-01	7.858E-01	7.858E-01	7.859E-01
1.280E+00	7.820E-01	1.120E-04	7.820E-01	7.820E-01	7.821E-01	7.819E-01	7.820E-01	7.820E-01
1.290E+00	7.781E-01	1.096E-04	7.781E-01	7.782E-01	7.782E-01	7.780E-01	7.781E-01	7.782E-01
1.300E+00	7.742E-01	1.074E-04	7.742E-01	7.743E-01	7.743E-01	7.741E-01	7.742E-01	7.743E-01
1.310E+00	7.703E-01	1.053E-04	7.703E-01	7.704E-01	7.704E-01	7.703E-01	7.703E-01	7.704E-01
1.320E+00	7.665E-01	1.034E-04	7.664E-01	7.665E-01	7.665E-01	7.664E-01	7.664E-01	7.665E-01
1.330E+00	7.626E-01	1.017E-04	7.625E-01	7.626E-01	7.626E-01	7.625E-01	7.625E-01	7.626E-01
1.340E+00	7.587E-01	1.003E-04	7.586E-01	7.587E-01	7.587E-01	7.586E-01	7.586E-01	7.587E-01
1.350E+00	7.548E-01	9.908E-05	7.547E-01	7.548E-01	7.548E-01	7.547E-01	7.547E-01	7.548E-01
1.360E+00	7.508E-01	9.818E-05	7.508E-01	7.508E-01	7.509E-01	7.508E-01	7.508E-01	7.509E-01
1.370E+00	7.469E-01	9.761E-05	7.469E-01	7.469E-01	7.470E-01	7.469E-01	7.469E-01	7.470E-01
1.380E+00	7.430E-01	9.738E-05	7.430E-01	7.430E-01	7.431E-01	7.429E-01	7.430E-01	7.431E-01
1.390E+00	7.391E-01	9.752E-05	7.391E-01	7.391E-01	7.392E-01	7.390E-01	7.391E-01	7.392E-01
1.400E+00	7.352E-01	9.804E-05	7.352E-01	7.352E-01	7.353E-01	7.351E-01	7.351E-01	7.353E-01
1.410E+00	7.313E-01	9.895E-05	7.313E-01	7.313E-01	7.314E-01	7.312E-01	7.312E-01	7.313E-01
1.420E+00	7.274E-01	1.003E-04	7.274E-01	7.273E-01	7.274E-01	7.273E-01	7.273E-01	7.274E-01
1.430E+00	7.235E-01	1.020E-04	7.235E-01	7.234E-01	7.235E-01	7.234E-01	7.234E-01	7.235E-01
1.440E+00	7.195E-01	1.041E-04	7.196E-01	7.195E-01	7.196E-01	7.195E-01	7.195E-01	7.196E-01
1.450E+00	7.156E-01	1.066E-04	7.157E-01	7.156E-01	7.157E-01	7.155E-01	7.156E-01	7.157E-01
1.460E+00	7.117E-01	1.094E-04	7.118E-01	7.116E-01	7.118E-01	7.116E-01	7.116E-01	7.118E-01
1.470E+00	7.078E-01	1.127E-04	7.079E-01	7.077E-01	7.079E-01	7.077E-01	7.077E-01	7.078E-01
1.480E+00	7.039E-01	1.163E-04	7.039E-01	7.038E-01	7.039E-01	7.038E-01	7.038E-01	7.039E-01
1.490E+00	7.000E-01	1.202E-04	7.000E-01	6.999E-01	7.000E-01	6.999E-01	6.999E-01	7.000E-01
1.500E+00	6.960E-01	1.244E-04	6.961E-01	6.960E-01	6.961E-01	6.960E-01	6.960E-01	6.961E-01
1.510E+00	6.921E-01	1.289E-04	6.922E-01	6.920E-01	6.922E-01	6.921E-01	6.921E-01	6.922E-01
1.520E+00	6.882E-01	1.337E-04	6.883E-01	6.881E-01	6.883E-01	6.882E-01	6.882E-01	6.883E-01
1.530E+00	6.843E-01	1.387E-04	6.844E-01	6.842E-01	6.844E-01	6.842E-01	6.843E-01	6.844E-01
1.540E+00	6.804E-01	1.439E-04	6.805E-01	6.803E-01	6.805E-01	6.803E-01	6.803E-01	6.805E-01
1.550E+00	6.765E-01	1.494E-04	6.766E-01	6.764E-01	6.766E-01	6.764E-01	6.764E-01	6.766E-01
1.560E+00	6.726E-01	1.551E-04	6.727E-01	6.725E-01	6.727E-01	6.725E-01	6.725E-01	6.727E-01
1.570E+00	6.687E-01	1.610E-04	6.688E-01	6.686E-01	6.688E-01	6.686E-01	6.686E-01	6.688E-01
1.580E+00	6.648E-01	1.670E-04	6.649E-01	6.647E-01	6.649E-01	6.647E-01	6.647E-01	6.649E-01
1.590E+00	6.609E-01	1.732E-04	6.611E-01	6.608E-01	6.610E-01	6.608E-01	6.609E-01	6.610E-01
1.600E+00	6.570E-01	1.795E-04	6.572E-01	6.569E-01	6.571E-01	6.570E-01	6.570E-01	6.571E-01
1.610E+00	6.531E-01	1.860E-04	6.533E-01	6.530E-01	6.532E-01	6.531E-01	6.531E-01	6.532E-01
1.620E+00	6.493E-01	1.926E-04	6.494E-01	6.491E-01	6.493E-01	6.492E-01	6.492E-01	6.493E-01
1.630E+00	6.454E-01	1.994E-04	6.456E-01	6.452E-01	6.454E-01	6.453E-01	6.453E-01	6.454E-01
1.640E+00	6.415E-01	2.062E-04	6.417E-01	6.413E-01	6.416E-01	6.414E-01	6.414E-01	6.416E-01
1.650E+00	6.376E-01	2.132E-04	6.378E-01	6.374E-01	6.377E-01	6.376E-01	6.376E-01	6.377E-01
1.660E+00	6.338E-01	2.203E-04	6.340E-01	6.336E-01	6.338E-01	6.337E-01	6.337E-01	6.338E-01
1.670E+00	6.299E-01	2.274E-04	6.301E-01	6.297E-01	6.300E-01	6.299E-01	6.299E-01	6.300E-01
1.680E+00	6.261E-01	2.346E-04	6.263E-01	6.258E-01	6.261E-01	6.260E-01	6.260E-01	6.261E-01
1.690E+00	6.222E-01	2.420E-04	6.224E-01	6.220E-01	6.223E-01	6.222E-01	6.222E-01	6.223E-01
1.700E+00	6.184E-01	2.493E-04	6.186E-01	6.181E-01	6.184E-01	6.183E-01	6.183E-01	6.184E-01
1.710E+00	6.145E-01	2.568E-04	6.148E-01	6.143E-01	6.146E-01	6.145E-01	6.145E-01	6.146E-01
1.720E+00	6.107E-01	2.643E-04	6.110E-01	6.105E-01	6.108E-01	6.107E-01	6.107E-01	6.108E-01
1.730E+00	6.069E-01	2.719E-04	6.072E-01	6.066E-01	6.069E-01	6.068E-01	6.068E-01	6.070E-01
1.740E+00	6.031E-01	2.795E-04	6.033E-01	6.028E-01	6.031E-01	6.030E-01	6.030E-01	6.031E-01
1.750E+00	5.993E-01	2.872E-04	5.995E-01	5.990E-01	5.993E-01	5.992E-01	5.992E-01	5.993E-01
1.760E+00	5.955E-01	2.950E-04	5.958E-01	5.952E-01	5.955E-01	5.954E-01	5.954E-01	5.955E-01
1.770E+00	5.917E-01	3.027E-04	5.920E-01	5.914E-01	5.917E-01	5.916E-01	5.916E-01	5.917E-01
1.780E+00	5.879E-01	3.106E-04	5.882E-01	5.876E-01	5.879E-01	5.878E-01	5.878E-01	5.879E-01
1.790E+00	5.841E-01	3.184E-04	5.844E-01	5.838E-01	5.841E-01	5.841E-01	5.840E-01	5.842E-01
1.800E+00	5.803E-01	3.263E-04	5.806E-01	5.800E-01	5.804E-01	5.803E-01	5.803E-01	5.804E-01
1.810E+00	5.766E-01	3.342E-04	5.769E-01	5.762E-01	5.766E-01	5.765E-01	5.765E-01	5.766E-01
1.820E+00	5.728E-01	3.422E-04	5.731E-01	5.725E-01	5.729E-01	5.728E-01	5.727E-01	5.729E-01
1.830E+00	5.691E-01	3.501E-04	5.694E-01	5.687E-01	5.691E-01	5.690E-01	5.690E-01	5.691E-01
1.840E+00	5.653E-01	3.581E-04	5.657E-01	5.650E-01	5.654E-01	5.653E-01	5.653E-01	5.654E-01
1.850E+00	5.616E-01	3.661E-04	5.620E-01	5.612E-01	5.616E-01	5.616E-01	5.615E-01	5.617E-01
1.860E+00	5.579E-01	3.741E-04	5.582E-01	5.575E-01	5.579E-01	5.578E-01	5.578E-01	5.579E-01
1.870E+00	5.542E-01	3.822E-04	5.545E-01	5.538E-01	5.542E-01	5.541E-01	5.541E-01	5.542E-01
1.880E+00	5.505E-01	3.902E-04	5.508E-01	5.501E-01	5.505E-01	5.504E-01	5.504E-01	5.505E-01
1.890E+00	5.468E-01	3.983E-04	5.472E-01	5.464E-01	5.468E-01	5.467E-01	5.467E-01	5.468E-01
1.900E+00	5.431E-01	4.063E-04	5.435E-01	5.427E-01	5.431E-01	5.430E-01	5.430E-01	5.431E-01
1.910E+00	5.394E-01	4.144E-04	5.398E-01	5.390E-01	5.394E-01	5.394E-01	5.393E-01	5.395E-01
1.920E+00	5.357E-01	4.224E-04	5.362E-01	5.353E-01	5.358E-01	5.357E-01	5.357E-01	5.358E-01
1.930E+00	5.321E-01	4.305E-04	5.325E-01	5.317E-01	5.321E-01	5.320E-01	5.320E-01	5.321E-01
1.940E+00	5.284E-01	4.386E-04	5.289E-01	5.280E-01	5.285E-01	5.284E-01	5.284E-01	5.285E-01
1.950E+00	5.248E-01	4.466E-04	5.252E-01	5.244E-01	5.248E-01	5.248E-01	5.247E-01	5.249E-01
1.960E+00	5.212E-01	4.546E-04	5.216E-01	5.207E-01	5.212E-01	5.211E-01	5.211E-01	5.212E-01
1.970E+00	5.176E-01	4.627E-04	5.180E-01	5.171E-01	5.176E-01	5.175E-01	5.175E-01	5.176E-01
1.980E+00	5.140E-01	4.707E-04	5.144E-01	5.135E-01	5.140E-01	5.139E-01	5.139E-01	5.140E-01
1.990E+00	5.104E-01	4.787E-04	5.108E-01	5.099E-01	5.104E-01	5.103E-01	5.103E-01	5.104E-01
2.000E+00	5.068E-01	4.867E-04	5.073E-01	5.063E-01	5.068E-01	5.068E-01	5.067E-01	5.069E-01
2.010E+00	5.032E-01	4.946E-04	5.037E-01	5.027E-01	5.032E-01	5.032E-01	5.031E-01	5.033E-01
2.020E+00	4.997E-01	5.026E-04	5.002E-01	4.992E-01	4.997E-01	4.996E-01	4.996E-01	4.997E-01
2.030E+00	4.961E-01	5.105E-04	4.966E-01	4.956E-01	4.961E-01	4.961E-01	4.960E-01	4.962E-01
2.040E+00	4.926E-01	5.184E-04	4.931E-01	4.921E-01	4.926E-01	4.925E-01	4.925E-01	4.926E-01
2.050E+00	4.890E-01	5.263E-04	4.896E-01	4.885E-01	4.891E-01	4.890E-01	4.890E-01	4.891E-01
2.060E+00	4.855E-01	5.341E-04	4.861E-01	4.850E-01	4.856E-01	4.855E-01	4.855E-01	4.856E-01
2.070E+00	4.820E-01	5.419E-04	4.826E-01	4.815E-01	4.820E-01	4.820E-01	4.820E-01	4.821E-01
2.080E+00	4.785E-01	5.497E-04	4.791E-01	4.780E-01	4.786E-01	4.785E-01	4.785E-01	4.786E-01
2.090E+00	4.751E-01	5.575E-04	4.756E-01	4.745E-01	4.751E-01	4.750E-01	4.750E-01	4.751E-01
2.100E+00	4.716E-01	5.652E-04	4.722E-01	4.710E-01	4.716E-01	4.716E-01	4.715E-01	4.717E-01
2.110E+00	4.681E-01	5.729E-04	4.687E-01	4.676E-01	4.682E-01	4.681E-01	4.681E-01	4.682E-01
2.120E+00	4.647E-01	5.805E-04	4.653E-01	4.641E-01	4.647E-01	4.647E-01	4.646E-01	4.648E-01
2.130E+00	4.613E-01	5.881E-04	4.619E-01	4.607E-01	4.613E-01	4.613E-01	4.612E-01	4.613E-01
2.140E+00	4.579E-01	5.957E-04	4.585E-01	4.573E-01	4.579E-01	4.578E-01	4.578E-01	4.579E-01
2.150E+00	4.545E-01	6.032E-04	4.551E-01	4.539E-01	4.545E-01	4.544E-01	4.544E-01	4.545E-01
2.160E+00	4.511E-01	6.107E-04	4.517E-01	4.505E-01	4.511E-01	4.511E-01	4.510E-01	4.511E-01
2.170E+00	4.477E-01	6.181E-04	4.483E-01	4.471E-01	4.477E-01	4.477E-01	4.476E-01	4.478E-01
2.180E+00	4.443E-01	6.255E-04	4.450E-01	4.437E-01	4.443E-01	4.443E-01	4.443E-01	4.444E-01
2.190E+00	4.410E-01	6.329E-04	4.416E-01	4.404E-01	4.410E-01	4.410E-01	4.409E-01	4.411E-01
2.200E+00	4.376E-01	6.402E-04	4.383E-01	4.370E-01	4.377E-01	4.376E-01	4.376E-01	4.377E-01
2.210E+00	4.343E-01	6.474E-04	4.350E-01	4.337E-01	4.343E-01	4.343E-01	4.343E-01	4.344E-01
2.220E+00	4.310E-01	6.546E-04	4.317E-01	4.304E-01	4.310E-01	4.310E-01	4.309E-01	4.311E-01
2.230E+00	4.277E-01	6.618E-04	4.284E-01	4.271E-01	4.277E-01	4.277E-01	4.276E-01	4.278E-01
2.240E+00	4.244E-01	6.688E-04	4.251E-01	4.238E-01	4.244E-01	4.244E-01	4.244E-01	4.245E-01
2.250E+00	4.212E-01	6.759E-04	4.218E-01	4.205E-01	4.212E-01	4.212E-01	4.211E-01	4.212E-01
2.260E+00	4.179E-01	6.828E-04	4.186E-01	4.172E-01	4.179E-01	4.179E-01	4.178E-01	4.180E-01
2.270E+00	4.147E-01	6.898E-04	4.154E-01	4.140E-01	4.147E-01	4.147E-01	4.146E-01	4.147E-01
2.280E+00	4.114E-01	6.966E-04	4.121E-01	4.108E-01	4.114E-01	4.114E-01	4.114E-01	4.115E-01
2.290E+00	4.082E-01	7.034E-04	4.089E-01	4.075E-01	4.082E-01	4.082E-01	4.082E-01	4.083E-01
2.300E+00	4.050E-01	7.102E-04	4.057E-01	4.043E-01	4.050E-01	4.050E-01	4.050E-01	4.051E-01
2.310E+00	4.018E-01	7.168E-04	4.026E-01	4.011E-01	4.019E-01	4.018E-01	4.018E-01	4.019E-01
2.320E+00	3.987E-01	7.235E-04	3.994E-01	3.980E-01	3.987E-01	3.987E-01	3.986E-01	3.987E-01
2.330E+00	3.955E-01	7.300E-04	3.962E-01	3.948E-01	3.955E-01	3.955E-01	3.954E-01	3.956E-01
2.340E+00	3.924E-01	7.365E-04	3.931E-01	3.916E-01	3.924E-01	3.924E-01	3.923E-01	3.924E-01
2.350E+00	3.893E-01	7.429E-04	3.900E-01	3.885E-01	3.893E-01	3.892E-01	3.892E-01	3.893E-01
2.360E+00	3.861E-01	7.493E-04	3.869E-01	3.854E-01	3.861E-01	3.861E-01	3.861E-01	3.862E-01
2.370E+00	3.830E-01	7.556E-04	3.838E-01	3.823E-01	3.830E-01	3.830E-01	3.830E-01	3.831E-01
2.380E+00	3.800E-01	7.618E-04	3.807E-01	3.792E-01	3.800E-01	3.800E-01	3.799E-01	3.800E-01
2.390E+00	3.769E-01	7.679E-04	3.777E-01	3.761E-01	3.769E-01	3.769E-01	3.768E-01	3.770E-01
2.400E+00	3.738E-01	7.740E-04	3.746E-01	3.731E-01	3.738E-01	3.738E-01	3.738E-01	3.739E-01
2.410E+00	3.708E-01	7.800E-04	3.716E-01	3.700E-01	3.708E-01	3.708E-01	3.707E-01	3.709E-01
2.420E+00	3.678E-01	7.860E-04	3.686E-01	3.670E-01	3.678E-01	3.678E-01	3.677E-01	3.678E-01
2.430E+00	3.648E-01	7.918E-04	3.655E-01	3.640E-01	3.648E-01	3.648E-01	3.647E-01	3.648E-01
2.440E+00	3.618E-01	7.976E-04	3.626E-01	3.610E-01	3.618E-01	3.618E-01	3.617E-01	3.618E-01
2.450E+00	3.588E-01	8.033E-04	3.596E-01	3.580E-01	3.588E-01	3.588E-01	3.587E-01	3.589E-01
2.460E+00	3.558E-01	8.090E-04	3.566E-01	3.550E-01	3.558E-01	3.558E-01	3.558E-01	3.559E-01
2.470E+00	3.529E-01	8.146E-04	3.537E-01	3.521E-01	3.529E-01	3.529E-01	3.528E-01	3.529E-01
2.480E+00	3.499E-01	8.201E-04	3.508E-01	3.491E-01	3.499E-01	3.499E-01	3.499E-01	3.500E-01
2.490E+00	3.470E-01	8.255E-04	3.478E-01	3.462E-01	3.470E-01	3.470E-01	3.469E-01	3.471E-01
2.500E+00	3.441E-01	8.308E-04	3.449E-01	3.433E-01	3.441E-01	3.441E-01	3.440E-01	3.442E-01
2.510E+00	3.412E-01	8.361E-04	3.421E-01	3.404E-01	3.412E-01	3.412E-01	3.412E-01	3.413E-01
2.520E+00	3.384E-01	8.413E-04	3.392E-01	3.375E-01	3.383E-01	3.384E-01	3.383E-01	3.384E-01
2.530E+00	3.355E-01	8.464E-04	3.363E-01	3.347E-01	3.355E-01	3.355E-01	3.354E-01	3.356E-01
2.540E+00	3.326E-01	8.514E-04	3.335E-01	3.318E-01	3.326E-01	3.327E-01	3.326E-01	3.327E-01
2.550E+00	3.298E-01	8.564E-04	3.307E-01	3.290E-01	3.298E-01	3.298E-01	3.298E-01	3.299E-01
2.560E+00	3.270E-01	8.612E-04	3.279E-01	3.262E-01	3.270E-01	3.270E-01	3.269E-01	3.271E-01
2.570E+00	3.242E-01	8.660E-04	3.251E-01	3.234E-01	3.242E-01	3.242E-01	3.241E-01	3.243E-01
2.580E+00	3.214E-01	8.707E-04	3.223E-01	3.206E-01	3.214E-01	3.214E-01	3.214E-01	3.215E-01
2.590E+00	3.187E-01	8.754E-04	3.195E-01	3.178E-01	3.187E-01	3.187E-01	3.186E-01	3.187E-01
2.600E+00	3.159E-01	8.799E-04	3.168E-01	3.150E-01	3.159E-01	3.159E-01	3.158E-01	3.160E-01
2.610E+00	3.132E-01	8.844E-04	3.141E-01	3.123E-01	3.132E-01	3.132E-01	3.131E-01	3.132E-01
2.620E+00	3.105E-01	8.887E-04	3.113E-01	3.096E-01	3.105E-01	3.105E-01	3.104E-01	3.105E-01
2.630E+00	3.078E-01	8.931E-04	3.086E-01	3.069E-01	3.077E-01	3.078E-01	3.077E-01	3.078E-01
2.640E+00	3.051E-01	8.973E-04	3.060E-01	3.042E-01	3.051E-01	3.051E-01	3.050E-01	3.051E-01
2.650E+00	3.024E-01	9.014E-04	3.033E-01	3.015E-01	3.024E-01	3.024E-01	3.023E-01	3.025E-01
2.660E+00	2.997E-01	9.055E-04	3.006E-01	2.988E-01	2.997E-01	2.997E-01	2.997E-01	2.998E-01
2.670E+00	2.971E-01	9.094E-04	2.980E-01	2.962E-01	2.971E-01	2.971E-01	2.970E-01	2.972E-01
2.680E+00	2.945E-01	9.133E-04	2.954E-01	2.936E-01	2.945E-01	2.945E-01	2.944E-01	2.945E-01
2.690E+00	2.919E-01	9.171E-04	2.928E-01	2.909E-01	2.918E-01	2.919E-01	2.918E-01	2.919E-01
2.700E+00	2.893E-01	9.208E-04	2.902E-01	2.883E-01	2.893E-01	2.893E-01	2.892E-01	2.893E-01
2.710E+00	2.867E-01	9.245E-04	2.876E-01	2.858E-01	2.867E-01	2.867E-01	2.866E-01	2.868E-01
2.720E+00	2.841E-01	9.280E-04	2.850E-01	2.832E-01	2.841E-01	2.841E-01	2.841E-01	2.842E-01
2.730E+00	2.816E-01	9.315E-04	2.825E-01	2.806E-01	2.816E-01	2.816E-01	2.815E-01	2.816E-01
2.740E+00	2.790E-01	9.349E-04	2.800E-01	2.781E-01	2.790E-01	2.791E-01	2.790E-01	2.791E-01
2.750E+00	2.765E-01	9.381E-04	2.775E-01	2.756E-01	2.765E-01	2.765E-01	2.765E-01	2.766E-01
2.760E+00	2.740E-01	9.414E-04	2.750E-01	2.731E-01	2.740E-01	2.740E-01	2.740E-01	2.741E-01
2.770E+00	2.715E-01	9.445E-04	2.725E-01	2.706E-01	2.715E-01	2.715E-01	2.715E-01	2.716E-01
2.780E+00	2.691E-01	9.475E-04	2.700E-01	2.681E-01	2.690E-01	2.691E-01	2.690E-01	2.691E-01
2.790E+00	2.666E-01	9.505E-04	2.676E-01	2.657E-01	2.666E-01	2.666E-01	2.665E-01	2.667E-01
2.800E+00	2.642E-01	9.534E-04	2.651E-01	2.632E-01	2.642E-01	2.642E-01	2.641E-01	2.642E-01
2.810E+00	2.617E-01	9.561E-04	2.627E-01	2.608E-01	2.617E-01	2.618E-01	2.617E-01	2.618E-01
2.820E+00	2.593E-01	9.589E-04	2.603E-01	2.584E-01	2.593E-01	2.594E-01	2.593E-01	2.594E-01
2.830E+00	2.569E-01	9.615E-04	2.579E-01	2.560E-01	2.569E-01	2.570E-01	2.569E-01	2.570E-01
2.840E+00	2.546E-01	9.640E-04	2.555E-01	2.536E-01	2.545E-01	2.546E-01	2.545E-01	2.546E-01
2.850E+00	2.522E-01	9.665E-04	2.532E-01	2.512E-01	2.522E-01	2.522E-01	2.521E-01	2.523E-01
2.860E+00	2.499E-01	9.688E-04	2.508E-01	2.489E-01	2.498E-01	2.499E-01	2.498E-01	2.499E-01
2.870E+00	2.475E-01	9.711E-04	2.485E-01	2.466E-01	2.475E-01	2.475E-01	2.475E-01	2.476E-01
2.880E+00	2.452E-01	9.733E-04	2.462E-01	2.442E-01	2.452E-01	2.452E-01	2.451E-01	2.453E-01
2.890E+00	2.429E-01	9.754E-04	2.439E-01	2.419E-01	2.429E-01	2.429E-01	2.428E-01	2.430E-01
2.900E+00	2.406E-01	9.774E-04	2.416E-01	2.397E-01	2.406E-01	2.406E-01	2.406E-01	2.407E-01
2.910E+00	2.384E-01	9.794E-04	2.393E-01	2.374E-01	2.383E-01	2.384E-01	2.383E-01	2.384E-01
2.920E+00	2.361E-01	9.813E-04	2.371E-01	2.351E-01	2.361E-01	2.361E-01	2.360E-01	2.362E-01
2.930E+00	2.339E-01	9.830E-04	2.348E-01	2.329E-01	2.338E-01	2.339E-01	2.338E-01	2.339E-01
2.940E+00	2.316E-01	9.847E-04	2.326E-01	2.307E-01	2.316E-01	2.317E-01	2.316E-01	2.317E-01
2.950E+00	2.294E-01	9.864E-04	2.304E-01	2.284E-01	2.294E-01	2.294E-01	2.294E-01	2.295E-01
2.960E+00	2.272E-01	9.879E-04	2.282E-01	2.263E-01	2.272E-01	2.273E-01	2.272E-01	2.273E-01
2.970E+00	2.251E-01	9.893E-04	2.260E-01	2.241E-01	2.250E-01	2.251E-01	2.250E-01	2.251E-01
2.980E+00	2.229E-01	9.907E-04	2.239E-01	2.219E-01	2.229E-01	2.229E-01	2.228E-01	2.230E-01
2.990E+00	2.207E-01	9.920E-04	2.217E-01	2.198E-01	2.207E-01	2.208E-01	2.207E-01	2.208E-01
3.000E+00	2.186E-01	9.932E-04	2.196E-01	2.176E-01	2.186E-01	2.186E-01	2.186E-01	2.187E-01
