1.000E-02	1.171E+00	4.573E-04	1.172E+00	1.171E+00	1.171E+00	1.171E+00	1.171E+00	1.171E+00
2.000E-02	1.171E+00	4.541E-04	1.171E+00	1.171E+00	1.171E+00	1.171E+00	1.171E+00	1.171E+00
3.000E-02	1.171E+00	4.500E-04	1.171E+00	1.170E+00	1.171E+00	1.171E+00	1.171E+00	1.171E+00
4.000E-02	1.170E+00	4.453E-04	1.171E+00	1.170E+00	1.170E+00	1.170E+00	1.170E+00	1.170E+00
5.000E-02	1.170E+00	4.401E-04	1.170E+00	1.169E+00	1.170E+00	1.170E+00	1.170E+00	1.170E+00
6.000E-02	1.169E+00	4.344E-04	1.169E+00	1.169E+00	1.169E+00	1.169E+00	1.169E+00	1.169E+00
7.000E-02	1.168E+00	4.283E-04	1.169E+00	1.168E+00	1.168E+00	1.168E+00	1.168E+00	1.168E+00
8.000E-02	1.168E+00	4.220E-04	1.168E+00	1.167E+00	1.168E+00	1.167E+00	1.168E+00	1.168E+00
9.000E-02	1.167E+00	4.154E-04	1.167E+00	1.166E+00	1.167E+00	1.167E+00	1.167E+00	1.167E+00
1.000E-01	1.166E+00	4.085E-04	1.166E+00	1.165E+00	1.166E+00	1.166E+00	1.166E+00	1.166E+00
1.100E-01	1.165E+00	4.015E-04	1.165E+00	1.164E+00	1.165E+00	1.165E+00	1.165E+00	1.165E+00
1.200E-01	1.164E+00	3.942E-04	1.164E+00	1.163E+00	1.164E+00	1.164E+00	1.164E+00	1.164E+00
1.300E-01	1.163E+00	3.869E-04	1.163E+00	1.162E+00	1.163E+00	1.163E+00	1.163E+00	1.163E+00
1.400E-01	1.161E+00	3.794E-04	1.162E+00	1.161E+00	1.162E+00	1.161E+00	1.161E+00	1.161E+00
1.500E-01	1.160E+00	3.718E-04	1.161E+00	1.160E+00	1.160E+00	1.160E+00	1.160E+00	1.160E+00
1.600E-01	1.159E+00	3.641E-04	1.159E+00	1.159E+00	1.159E+00	1.159E+00	1.159E+00	1.159E+00
1.700E-01	1.158E+00	3.563E-04	1.158E+00	1.157E+00	1.158E+00	1.158E+00	1.158E+00	1.158E+00
1.800E-01	1.156E+00	3.485E-04	1.157E+00	1.156E+00	1.156E+00	1.156E+00	1.156E+00	1.156E+00
1.900E-01	1.155E+00	3.406E-04	1.155E+00	1.154E+00	1.155E+00	1.155E+00	1.155E+00	1.155E+00
2.000E-01	1.153E+00	3.327E-04	1.154E+00	1.153E+00	1.153E+00	1.153E+00	1.153E+00	1.153E+00
2.100E-01	1.152E+00	3.248E-04	1.152E+00	1.151E+00	1.152E+00	1.152E+00	1.152E+00	1.152E+00
2.200E-01	1.150E+00	3.169E-04	1.150E+00	1.150E+00	1.150E+00	1.150E+00	1.150E+00	1.150E+00
2.300E-01	1.148E+00	3.089E-04	1.149E+00	1.148E+00	1.149E+00	1.148E+00	1.148E+00	1.148E+00
2.400E-01	1.147E+00	3.010E-04	1.147E+00	1.146E+00	1.147E+00	1.147E+00	1.147E+00	1.147E+00
2.500E-01	1.145E+00	2.931E-04	1.145E+00	1.145E+00	1.145E+00	1.145E+00	1.145E+00	1.145E+00
2.600E-01	1.143E+00	2.853E-04	1.143E+00	1.143E+00	1.143E+00	1.143E+00	1.143E+00	1.143E+00
2.700E-01	1.141E+00	2.774E-04	1.142E+00	1.141E+00	1.141E+00	1.141E+00	1.141E+00	1.141E+00
2.800E-01	1.139E+00	2.697E-04	1.140E+00	1.139E+00	1.140E+00	1.139E+00	1.139E+00	1.139E+00
2.900E-01	1.137E+00	2.620E-04	1.138E+00	1.137E+00	1.138E+00	1.137E+00	1.137E+00	1.137E+00
3.000E-01	1.135E+00	2.543E-04	1.136E+00	1.135E+00	1.136E+00	1.135E+00	1.135E+00	1.135E+00
3.100E-01	1.133E+00	2.467E-04	1.134E+00	1.133E+00	1.134E+00	1.133E+00	1.133E+00	1.133E+00
3.200E-01	1.131E+00	2.393E-04	1.132E+00	1.131E+00	1.131E+00	1.131E+00	1.131E+00	1.131E+00
3.300E-01	1.129E+00	2.319E-04	1.129E+00	1.129E+00	1.129E+00	1.129E+00	1.129E+00	1.129E+00
3.400E-01	1.127E+00	2.246E-04	1.127E+00	1.127E+00	1.127E+00	1.127E+00	1.127E+00	1.127E+00
3.500E-01	1.125E+00	2.174E-04	1.125E+00	1.125E+00	1.125E+00	1.125E+00	1.125E+00	1.125E+00
3.600E-01	1.123E+00	2.103E-04	1.123E+00	1.122E+00	1.123E+00	1.122E+00	1.123E+00	1.123E+00
3.700E-01	1.120E+00	2.034E-04	1.120E+00	1.120E+00	1.120E+00	1.120E+00	1.120E+00	1.120E+00
3.800E-01	1.118E+00	1.966E-04	1.118E+00	1.118E+00	1.118E+00	1.118E+00	1.118E+00	1.118E+00
3.900E-01	1.116E+00	1.900E-04	1.116E+00	1.115E+00	1.116E+00	1.115E+00	1.116E+00	1.116E+00
4.000E-01	1.113E+00	1.835E-04	1.113E+00	1.113E+00	1.113E+00	1.113E+00	1.113E+00	1.113E+00
4.100E-01	1.111E+00	1.771E-04	1.111E+00	1.111E+00	1.111E+00	1.111E+00	1.111E+00	1.111E+00
4.200E-01	1.108E+00	1.710E-04	1.108E+00	1.108E+00	1.108E+00	1.108E+00	1.108E+00	1.108E+00
4.300E-01	1.106E+00	1.650E-04	1.106E+00	1.106E+00	1.106E+00	1.106E+00	1.106E+00	1.106E+00
4.400E-01	1.103E+00	1.593E-04	1.103E+00	1.103E+00	1.103E+00	1.103E+00	1.103E+00	1.103E+00
4.500E-01	1.101E+00	1.537E-04	1.101E+00	1.101E+00	1.101E+00	1.101E+00	1.101E+00	1.101E+00
4.600E-01	1.098E+00	1.484E-04	1.098E+00	1.098E+00	1.098E+00	1.098E+00	1.098E+00	1.098E+00
4.700E-01	1.095E+00	1.433E-04	1.095E+00	1.095E+00	1.095E+00	1.095E+00	1.095E+00	1.095E+00
4.800E-01	1.093E+00	1.385E-04	1.093E+00	1.093E+00	1.093E+00	1.093E+00	1.093E+00	1.093E+00
4.900E-01	1.090E+00	1.339E-04	1.090E+00	1.090E+00	1.090E+00	1.090E+00	1.090E+00	1.090E+00
5.000E-01	1.087E+00	1.296E-04	1.087E+00	1.087E+00	1.087E+00	1.087E+00	1.087E+00	1.087E+00
5.100E-01	1.084E+00	1.255E-04	1.084E+00	1.084E+00	1.084E+00	1.084E+00	1.084E+00	1.084E+00
5.200E-01	1.082E+00	1.218E-04	1.082E+00	1.082E+00	1.082E+00	1.081E+00	1.082E+00	1.082E+00
5.300E-01	1.079E+00	1.184E-04	1.079E+00	1.079E+00	1.079E+00	1.079E+00	1.079E+00	1.079E+00
5.400E-01	1.076E+00	1.153E-04	1.076E+00	1.076E+00	1.076E+00	1.076E+00	1.076E+00	1.076E+00
5.500E-01	1.073E+00	1.125E-04	1.073E+00	1.073E+00	1.073E+00	1.073E+00	1.073E+00	1.073E+00
5.600E-01	1.070E+00	1.101E-04	1.070E+00	1.070E+00	1.070E+00	1.070E+00	1.070E+00	1.070E+00
5.700E-01	1.067E+00	1.079E-04	1.067E+00	1.067E+00	1.067E+00	1.067E+00	1.067E+00	1.067E+00
5.800E-01	1.064E+00	1.062E-04	1.064E+00	1.064E+00	1.064E+00	1.064E+00	1.064E+00	1.064E+00
5.900E-01	1.061E+00	1.047E-04	1.061E+00	1.061E+00	1.061E+00	1.061E+00	1.061E+00	1.061E+00
6.000E-01	1.058E+00	1.036E-04	1.058E+00	1.058E+00	1.058E+00	1.058E+00	1.058E+00	1.058E+00
6.100E-01	1.055E+00	1.028E-04	1.055E+00	1.055E+00	1.055E+00	1.055E+00	1.055E+00	1.055E+00
6.200E-01	1.052E+00	1.023E-04	1.052E+00	1.052E+00	1.052E+00	1.052E+00	1.052E+00	1.052E+00
6.300E-01	1.049E+00	1.021E-04	1.049E+00	1.049E+00	1.049E+00	1.048E+00	1.049E+00	1.049E+00
6.400E-01	1.045E+00	1.021E-04	1.045E+00	1.045E+00	1.046E+00	1.045E+00	1.045E+00	1.045E+00
6.500E-01	1.042E+00	1.024E-04	1.042E+00	1.042E+00	1.042E+00	1.042E+00	1.042E+00	1.042E+00
6.600E-01	1.039E+00	1.029E-04	1.039E+00	1.039E+00	1.039E+00	1.039E+00	1.039E+00	1.039E+00
6.700E-01	1.036E+00	1.037E-04	1.036E+00	1.036E+00	1.036E+00	1.036E+00	1.036E+00	1.036E+00
6.800E-01	1.032E+00	1.046E-04	1.032E+00	1.033E+00	1.033E+00	1.032E+00	1.032E+00	1.033E+00
6.900E-01	1.029E+00	1.057E-04	1.029E+00	1.029E+00	1.029E+00	1.029E+00	1.029E+00	1.029E+00
7.000E-01	1.026E+00	1.069E-04	1.026E+00	1.026E+00	1.026E+00	1.026E+00	1.026E+00	1.026E+00
7.100E-01	1.023E+00	1.083E-04	1.023E+00	1.023E+00	1.023E+00	1.022E+00	1.023E+00	1.023E+00
7.200E-01	1.019E+00	1.097E-04	1.019E+00	1.019E+00	1.019E+00	1.019E+00	1.019E+00	1.019E+00
7.300E-01	1.016E+00	1.113E-04	1.016E+00	1.016E+00	1.016E+00	1.016E+00	1.016E+00	1.016E+00
7.400E-01	1.012E+00	1.129E-04	1.012E+00	1.012E+00	1.013E+00	1.012E+00	1.012E+00	1.012E+00
7.500E-01	1.009E+00	1.145E-04	1.009E+00	1.009E+00	1.009E+00	1.009E+00	1.009E+00	1.009E+00
7.600E-01	1.006E+00	1.162E-04	1.005E+00	1.006E+00	1.006E+00	1.005E+00	1.006E+00	1.006E+00
7.700E-01	1.002E+00	1.179E-04	1.002E+00	1.002E+00	1.002E+00	1.002E+00	1.002E+00	1.002E+00
7.800E-01	9.986E-01	1.196E-04	9.985E-01	9.987E-01	9.987E-01	9.985E-01	9.986E-01	9.986E-01
7.900E-01	9.951E-01	1.213E-04	9.950E-01	9.952E-01	9.952E-01	9.950E-01	9.951E-01	9.951E-01
8.000E-01	9.916E-01	1.230E-04	9.915E-01	9.917E-01	9.917E-01	9.915E-01	9.916E-01	9.916E-01
8.100E-01	9.881E-01	1.246E-04	9.880E-01	9.881E-01	9.881E-01	9.880E-01	9.880E-01	9.881E-01
8.200E-01	9.845E-01	1.262E-04	9.844E-01	9.846E-01	9.846E-01	9.844E-01	9.845E-01	9.845E-01
8.300E-01	9.809E-01	1.278E-04	9.808E-01	9.810E-01	9.810E-01	9.808E-01	9.809E-01	9.809E-01
8.400E-01	9.773E-01	1.294E-04	9.772E-01	9.774E-01	9.774E-01	9.772E-01	9.773E-01	9.773E-01
8.500E-01	9.737E-01	1.309E-04	9.736E-01	9.738E-01	9.738E-01	9.736E-01	9.737E-01	9.737E-01
8.600E-01	9.701E-01	1.323E-04	9.700E-01	9.702E-01	9.702E-01	9.700E-01	9.701E-01	9.701E-01
8.700E-01	9.664E-01	1.337E-04	9.663E-01	9.665E-01	9.665E-01	9.664E-01	9.664E-01	9.665E-01
8.800E-01	9.628E-01	1.349E-04	9.627E-01	9.629E-01	9.629E-01	9.627E-01	9.628E-01	9.628E-01
8.900E-01	9.591E-01	1.362E-04	9.590E-01	9.592E-01	9.592E-01	9.590E-01	9.591E-01	9.591E-01
9.000E-01	9.554E-01	1.373E-04	9.553E-01	9.555E-01	9.555E-01	9.553E-01	9.554E-01	9.554E-01
9.100E-01	9.517E-01	1.384E-04	9.516E-01	9.518E-01	9.518E-01	9.516E-01	9.517E-01	9.517E-01
9.200E-01	9.480E-01	1.394E-04	9.479E-01	9.481E-01	9.481E-01	9.479E-01	9.480E-01	9.480E-01
9.300E-01	9.442E-01	1.403E-04	9.441E-01	9.444E-01	9.443E-01	9.442E-01	9.442E-01	9.443E-01
9.400E-01	9.405E-01	1.411E-04	9.404E-01	9.406E-01	9.406E-01	9.404E-01	9.405E-01	9.405E-01
9.500E-01	9.367E-01	1.418E-04	9.366E-01	9.369E-01	9.368E-01	9.367E-01	9.367E-01	9.368E-01
9.600E-01	9.330E-01	1.425E-04	9.328E-01	9.331E-01	9.330E-01	9.329E-01	9.329E-01	9.330E-01
9.700E-01	9.292E-01	1.430E-04	9.291E-01	9.293E-01	9.293E-01	9.291E-01	9.291E-01	9.292E-01
9.800E-01	9.254E-01	1.435E-04	9.253E-01	9.255E-01	9.254E-01	9.253E-01	9.253E-01	9.254E-01
9.900E-01	9.216E-01	1.439E-04	9.214E-01	9.217E-01	9.216E-01	9.215E-01	9.215E-01	9.216E-01
1.000E+00	9.177E-01	1.441E-04	9.176E-01	9.179E-01	9.178E-01	9.177E-01	9.177E-01	9.178E-01
1.010E+00	9.139E-01	1.443E-04	9.138E-01	9.140E-01	9.140E-01	9.138E-01	9.139E-01	9.139E-01
1.020E+00	9.101E-01	1.444E-04	9.099E-01	9.102E-01	9.101E-01	9.100E-01	9.100E-01	9.101E-01
1.030E+00	9.062E-01	1.444E-04	9.061E-01	9.063E-01	9.063E-01	9.061E-01	9.062E-01	9.062E-01
1.040E+00	9.023E-01	1.443E-04	9.022E-01	9.025E-01	9.024E-01	9.023E-01	9.023E-01	9.024E-01
1.050E+00	8.985E-01	1.441E-04	8.983E-01	8.986E-01	8.985E-01	8.984E-01	8.984E-01	8.985E-01
1.060E+00	8.946E-01	1.438E-04	8.945E-01	8.947E-01	8.946E-01	8.945E-01	8.945E-01	8.946E-01
1.070E+00	8.907E-01	1.434E-04	8.906E-01	8.908E-01	8.907E-01	8.906E-01	8.907E-01	8.907E-01
1.080E+00	8.868E-01	1.430E-04	8.867E-01	8.869E-01	8.868E-01	8.867E-01	8.867E-01	8.868E-01
1.090E+00	8.829E-01	1.424E-04	8.827E-01	8.830E-01	8.829E-01	8.828E-01	8.828E-01	8.829E-01
1.100E+00	8.789E-01	1.417E-04	8.788E-01	8.791E-01	8.790E-01	8.789E-01	8.789E-01	8.790E-01
1.110E+00	8.750E-01	1.410E-04	8.749E-01	8.751E-01	8.751E-01	8.750E-01	8.750E-01	8.750E-01
1.120E+00	8.711E-01	1.401E-04	8.710E-01	8.712E-01	8.711E-01	8.710E-01	8.711E-01	8.711E-01
1.130E+00	8.671E-01	1.392E-04	8.670E-01	8.673E-01	8.672E-01	8.671E-01	8.671E-01	8.672E-01
1.140E+00	8.632E-01	1.382E-04	8.631E-01	8.633E-01	8.633E-01	8.631E-01	8.632E-01	8.632E-01
1.150E+00	8.592E-01	1.371E-04	8.591E-01	8.594E-01	8.593E-01	8.592E-01	8.592E-01	8.593E-01
1.160E+00	8.553E-01	1.359E-04	8.552E-01	8.554E-01	8.553E-01	8.552E-01	8.552E-01	8.553E-01
1.170E+00	8.513E-01	1.346E-04	8.512E-01	8.514E-01	8.514E-01	8.512E-01	8.513E-01	8.513E-01
1.180E+00	8.473E-01	1.332E-04	8.472E-01	8.474E-01	8.474E-01	8.473E-01	8.473E-01	8.474E-01
1.190E+00	8.434E-01	1.318E-04	8.432E-01	8.435E-01	8.434E-01	8.433E-01	8.433E-01	8.434E-01
1.200E+00	8.394E-01	1.302E-04	8.393E-01	8.395E-01	8.394E-01	8.393E-01	8.393E-01	8.394E-01
1.210E+00	8.354E-01	1.286E-04	8.353E-01	8.355E-01	8.354E-01	8.353E-01	8.353E-01	8.354E-01
1.220E+00	8.314E-01	1.269E-04	8.313E-01	8.315E-01	8.314E-01	8.313E-01	8.314E-01	8.314E-01
1.230E+00	8.274E-01	1.251E-04	8.273E-01	8.275E-01	8.274E-01	8.273E-01	8.274E-01	8.274E-01
1.240E+00	8.234E-01	1.233E-04	8.233E-01	8.235E-01	8.234E-01	8.233E-01	8.234E-01	8.234E-01
1.250E+00	8.194E-01	1.213E-04	8.193E-01	8.195E-01	8.194E-01	8.193E-01	8.194E-01	8.194E-01
1.260E+00	8.154E-01	1.193E-04	8.153E-01	8.155E-01	8.154E-01	8.153E-01	8.153E-01	8.154E-01
1.270E+00	8.114E-01	1.173E-04	8.113E-01	8.115E-01	8.114E-01	8.113E-01	8.113E-01	8.114E-01
1.280E+00	8.074E-01	1.151E-04	8.073E-01	8.075E-01	8.074E-01	8.073E-01	8.073E-01	8.074E-01
1.290E+00	8.033E-01	1.129E-04	8.032E-01	8.034E-01	8.034E-01	8.033E-01	8.033E-01	8.034E-01
1.300E+00	7.993E-01	1.106E-04	7.992E-01	7.994E-01	7.994E-01	7.993E-01	7.993E-01	7.994E-01
1.310E+00	7.953E-01	1.083E-04	7.952E-01	7.954E-01	7.954E-01	7.953E-01	7.953E-01	7.953E-01
1.320E+00	7.913E-01	1.059E-04	7.912E-01	7.914E-01	7.913E-01	7.912E-01	7.912E-01	7.913E-01
1.330E+00	7.873E-01	1.035E-04	7.872E-01	7.873E-01	7.873E-01	7.872E-01	7.872E-01	7.873E-01
1.340E+00	7.832E-01	1.010E-04	7.832E-01	7.833E-01	7.833E-01	7.832E-01	7.832E-01	7.833E-01
1.350E+00	7.792E-01	9.848E-05	7.791E-01	7.793E-01	7.793E-01	7.792E-01	7.792E-01	7.793E-01
1.360E+00	7.752E-01	9.590E-05	7.751E-01	7.753E-01	7.752E-01	7.751E-01	7.752E-01	7.752E-01
1.370E+00	7.712E-01	9.329E-05	7.711E-01	7.712E-01	7.712E-01	7.711E-01	7.711E-01	7.712E-01
1.380E+00	7.671E-01	9.065E-05	7.671E-01	7.672E-01	7.672E-01	7.671E-01	7.671E-01	7.672E-01
1.390E+00	7.631E-01	8.798E-05	7.631E-01	7.632E-01	7.632E-01	7.631E-01	7.631E-01	7.632E-01
1.400E+00	7.591E-01	8.530E-05	7.590E-01	7.592E-01	7.591E-01	7.591E-01	7.591E-01	7.591E-01
1.410E+00	7.551E-01	8.260E-05	7.550E-01	7.551E-01	7.551E-01	7.550E-01	7.550E-01	7.551E-01
1.420E+00	7.511E-01	7.990E-05	7.510E-01	7.511E-01	7.511E-01	7.510E-01	7.510E-01	7.511E-01
1.430E+00	7.470E-01	7.721E-05	7.470E-01	7.471E-01	7.471E-01	7.470E-01	7.470E-01	7.471E-01
1.440E+00	7.430E-01	7.454E-05	7.430E-01	7.431E-01	7.431E-01	7.430E-01	7.430E-01	7.431E-01
1.450E+00	7.390E-01	7.190E-05	7.390E-01	7.391E-01	7.390E-01	7.390E-01	7.390E-01	7.390E-01
1.460E+00	7.350E-01	6.930E-05	7.350E-01	7.350E-01	7.350E-01	7.350E-01	7.350E-01	7.350E-01
1.470E+00	7.310E-01	6.676E-05	7.309E-01	7.310E-01	7.310E-01	7.309E-01	7.309E-01	7.310E-01
1.480E+00	7.270E-01	6.431E-05	7.269E-01	7.270E-01	7.270E-01	7.269E-01	7.269E-01	7.270E-01
1.490E+00	7.230E-01	6.196E-05	7.229E-01	7.230E-01	7.230E-01	7.229E-01	7.229E-01	7.230E-01
1.500E+00	7.190E-01	5.973E-05	7.189E-01	7.190E-01	7.190E-01	7.189E-01	7.189E-01	7.190E-01
1.510E+00	7.150E-01	5.765E-05	7.149E-01	7.150E-01	7.150E-01	7.149E-01	7.149E-01	7.150E-01
1.520E+00	7.110E-01	5.576E-05	7.110E-01	7.110E-01	7.110E-01	7.109E-01	7.109E-01	7.110E-01
1.530E+00	7.070E-01	5.408E-05	7.070E-01	7.070E-01	7.070E-01	7.069E-01	7.069E-01	7.070E-01
1.540E+00	7.030E-01	5.264E-05	7.030E-01	7.030E-01	7.030E-01	7.030E-01	7.030E-01	7.030E-01
1.550E+00	6.990E-01	5.149E-05	6.990E-01	6.990E-01	6.990E-01	6.990E-01	6.990E-01	6.990E-01
1.560E+00	6.950E-01	5.064E-05	6.950E-01	6.950E-01	6.951E-01	6.950E-01	6.950E-01	6.951E-01
1.570E+00	6.911E-01	5.014E-05	6.911E-01	6.911E-01	6.911E-01	6.910E-01	6.910E-01	6.911E-01
1.580E+00	6.871E-01	4.999E-05	6.871E-01	6.871E-01	6.871E-01	6.871E-01	6.870E-01	6.871E-01
1.590E+00	6.831E-01	5.023E-05	6.831E-01	6.831E-01	6.832E-01	6.831E-01	6.831E-01	6.832E-01
1.600E+00	6.792E-01	5.084E-05	6.792E-01	6.792E-01	6.792E-01	6.791E-01	6.791E-01	6.792E-01
1.610E+00	6.752E-01	5.183E-05	6.752E-01	6.752E-01	6.752E-01	6.752E-01	6.752E-01	6.753E-01
1.620E+00	6.713E-01	5.320E-05	6.713E-01	6.712E-01	6.713E-01	6.712E-01	6.712E-01	6.713E-01
1.630E+00	6.673E-01	5.491E-05	6.673E-01	6.673E-01	6.673E-01	6.673E-01	6.673E-01	6.674E-01
1.640E+00	6.634E-01	5.695E-05	6.634E-01	6.634E-01	6.634E-01	6.634E-01	6.633E-01	6.634E-01
1.650E+00	6.595E-01	5.929E-05	6.595E-01	6.594E-01	6.595E-01	6.594E-01	6.594E-01	6.595E-01
1.660E+00	6.555E-01	6.190E-05	6.556E-01	6.555E-01	6.556E-01	6.555E-01	6.555E-01	6.556E-01
1.670E+00	6.516E-01	6.477E-05	6.517E-01	6.516E-01	6.516E-01	6.516E-01	6.516E-01	6.517E-01
1.680E+00	6.477E-01	6.785E-05	6.478E-01	6.477E-01	6.477E-01	6.477E-01	6.477E-01	6.477E-01
1.690E+00	6.438E-01	7.114E-05	6.439E-01	6.438E-01	6.438E-01	6.438E-01	6.438E-01	6.438E-01
1.700E+00	6.399E-01	7.460E-05	6.400E-01	6.399E-01	6.399E-01	6.399E-01	6.399E-01	6.400E-01
1.710E+00	6.360E-01	7.822E-05	6.361E-01	6.360E-01	6.360E-01	6.360E-01	6.360E-01	6.361E-01
1.720E+00	6.321E-01	8.198E-05	6.322E-01	6.321E-01	6.322E-01	6.321E-01	6.321E-01	6.322E-01
1.730E+00	6.283E-01	8.587E-05	6.283E-01	6.282E-01	6.283E-01	6.282E-01	6.282E-01	6.283E-01
1.740E+00	6.244E-01	8.987E-05	6.245E-01	6.243E-01	6.244E-01	6.244E-01	6.244E-01	6.244E-01
1.750E+00	6.205E-01	9.398E-05	6.206E-01	6.205E-01	6.206E-01	6.205E-01	6.205E-01	6.206E-01
1.760E+00	6.167E-01	9.817E-05	6.168E-01	6.166E-01	6.167E-01	6.167E-01	6.167E-01	6.167E-01
1.770E+00	6.129E-01	1.024E-04	6.130E-01	6.128E-01	6.129E-01	6.128E-01	6.128E-01	6.129E-01
1.780E+00	6.090E-01	1.068E-04	6.091E-01	6.089E-01	6.090E-01	6.090E-01	6.090E-01	6.091E-01
1.790E+00	6.052E-01	1.112E-04	6.053E-01	6.051E-01	6.052E-01	6.052E-01	6.052E-01	6.053E-01
1.800E+00	6.014E-01	1.157E-04	6.015E-01	6.013E-01	6.014E-01	6.014E-01	6.014E-01	6.014E-01
1.810E+00	5.976E-01	1.202E-04	5.977E-01	5.975E-01	5.976E-01	5.976E-01	5.975E-01	5.976E-01
1.820E+00	5.938E-01	1.248E-04	5.939E-01	5.937E-01	5.938E-01	5.938E-01	5.938E-01	5.938E-01
1.830E+00	5.900E-01	1.294E-04	5.901E-01	5.899E-01	5.900E-01	5.900E-01	5.900E-01	5.901E-01
1.840E+00	5.862E-01	1.341E-04	5.864E-01	5.861E-01	5.862E-01	5.862E-01	5.862E-01	5.863E-01
1.850E+00	5.825E-01	1.388E-04	5.826E-01	5.823E-01	5.825E-01	5.825E-01	5.824E-01	5.825E-01
1.860E+00	5.787E-01	1.435E-04	5.788E-01	5.786E-01	5.787E-01	5.787E-01	5.787E-01	5.788E-01
1.870E+00	5.750E-01	1.483E-04	5.751E-01	5.748E-01	5.750E-01	5.750E-01	5.749E-01	5.750E-01
1.880E+00	5.712E-01	1.531E-04	5.714E-01	5.711E-01	5.712E-01	5.712E-01	5.712E-01	5.713E-01
1.890E+00	5.675E-01	1.579E-04	5.677E-01	5.674E-01	5.675E-01	5.675E-01	5.675E-01	5.675E-01
1.900E+00	5.638E-01	1.628E-04	5.639E-01	5.636E-01	5.638E-01	5.638E-01	5.637E-01	5.638E-01
1.910E+00	5.601E-01	1.676E-04	5.602E-01	5.599E-01	5.601E-01	5.601E-01	5.600E-01	5.601E-01
1.920E+00	5.564E-01	1.725E-04	5.566E-01	5.562E-01	5.564E-01	5.564E-01	5.563E-01	5.564E-01
1.930E+00	5.527E-01	1.774E-04	5.529E-01	5.525E-01	5.527E-01	5.527E-01	5.527E-01	5.527E-01
1.940E+00	5.490E-01	1.823E-04	5.492E-01	5.489E-01	5.490E-01	5.490E-01	5.490E-01	5.491E-01
1.950E+00	5.454E-01	1.872E-04	5.456E-01	5.452E-01	5.454E-01	5.454E-01	5.453E-01	5.454E-01
1.960E+00	5.417E-01	1.921E-04	5.419E-01	5.415E-01	5.417E-01	5.417E-01	5.417E-01	5.418E-01
1.970E+00	5.381E-01	1.970E-04	5.383E-01	5.379E-01	5.381E-01	5.381E-01	5.380E-01	5.381E-01
1.980E+00	5.345E-01	2.020E-04	5.346E-01	5.343E-01	5.345E-01	5.344E-01	5.344E-01	5.345E-01
1.990E+00	5.308E-01	2.069E-04	5.310E-01	5.306E-01	5.308E-01	5.308E-01	5.308E-01	5.309E-01
2.000E+00	5.272E-01	2.118E-04	5.274E-01	5.270E-01	5.272E-01	5.272E-01	5.272E-01	5.273E-01
2.010E+00	5.236E-01	2.168E-04	5.239E-01	5.234E-01	5.236E-01	5.236E-01	5.236E-01	5.237E-01
2.020E+00	5.201E-01	2.217E-04	5.203E-01	5.198E-01	5.201E-01	5.201E-01	5.200E-01	5.201E-01
2.030E+00	5.165E-01	2.266E-04	5.167E-01	5.163E-01	5.165E-01	5.165E-01	5.164E-01	5.165E-01
2.040E+00	5.129E-01	2.316E-04	5.132E-01	5.127E-01	5.129E-01	5.129E-01	5.129E-01	5.130E-01
2.050E+00	5.094E-01	2.365E-04	5.096E-01	5.092E-01	5.094E-01	5.094E-01	5.093E-01	5.094E-01
2.060E+00	5.059E-01	2.414E-04	5.061E-01	5.056E-01	5.059E-01	5.059E-01	5.058E-01	5.059E-01
2.070E+00	5.023E-01	2.463E-04	5.026E-01	5.021E-01	5.023E-01	5.023E-01	5.023E-01	5.024E-01
2.080E+00	4.988E-01	2.512E-04	4.991E-01	4.986E-01	4.988E-01	4.988E-01	4.988E-01	4.989E-01
2.090E+00	4.953E-01	2.561E-04	4.956E-01	4.951E-01	4.953E-01	4.953E-01	4.953E-01	4.954E-01
2.100E+00	4.919E-01	2.610E-04	4.921E-01	4.916E-01	4.919E-01	4.919E-01	4.918E-01	4.919E-01
2.110E+00	4.884E-01	2.659E-04	4.886E-01	4.881E-01	4.884E-01	4.884E-01	4.883E-01	4.884E-01
2.120E+00	4.849E-01	2.707E-04	4.852E-01	4.847E-01	4.849E-01	4.849E-01	4.849E-01	4.850E-01
2.130E+00	4.815E-01	2.756E-04	4.818E-01	4.812E-01	4.815E-01	4.815E-01	4.814E-01	4.815E-01
2.140E+00	4.781E-01	2.804E-04	4.783E-01	4.778E-01	4.781E-01	4.781E-01	4.780E-01	4.781E-01
2.150E+00	4.746E-01	2.852E-04	4.749E-01	4.744E-01	4.746E-01	4.746E-01	4.746E-01	4.747E-01
2.160E+00	4.712E-01	2.900E-04	4.715E-01	4.710E-01	4.712E-01	4.712E-01	4.712E-01	4.713E-01
2.170E+00	4.678E-01	2.947E-04	4.681E-01	4.676E-01	4.678E-01	4.678E-01	4.678E-01	4.679E-01
2.180E+00	4.645E-01	2.995E-04	4.648E-01	4.642E-01	4.645E-01	4.645E-01	4.644E-01	4.645E-01
2.190E+00	4.611E-01	3.042E-04	4.614E-01	4.608E-01	4.611E-01	4.611E-01	4.611E-01	4.612E-01
2.200E+00	4.578E-01	3.089E-04	4.581E-01	4.575E-01	4.577E-01	4.578E-01	4.577E-01	4.578E-01
2.210E+00	4.544E-01	3.136E-04	4.547E-01	4.541E-01	4.544E-01	4.544E-01	4.544E-01	4.545E-01
2.220E+00	4.511E-01	3.183E-04	4.514E-01	4.508E-01	4.511E-01	4.511E-01	4.511E-01	4.511E-01
2.230E+00	4.478E-01	3.229E-04	4.481E-01	4.475E-01	4.478E-01	4.478E-01	4.477E-01	4.478E-01
2.240E+00	4.445E-01	3.275E-04	4.448E-01	4.442E-01	4.445E-01	4.445E-01	4.444E-01	4.445E-01
2.250E+00	4.412E-01	3.321E-04	4.415E-01	4.409E-01	4.412E-01	4.412E-01	4.412E-01	4.413E-01
2.260E+00	4.379E-01	3.367E-04	4.383E-01	4.376E-01	4.379E-01	4.380E-01	4.379E-01	4.380E-01
2.270E+00	4.347E-01	3.412E-04	4.350E-01	4.344E-01	4.347E-01	4.347E-01	4.346E-01	4.347E-01
2.280E+00	4.315E-01	3.457E-04	4.318E-01	4.311E-01	4.314E-01	4.315E-01	4.314E-01	4.315E-01
2.290E+00	4.282E-01	3.502E-04	4.286E-01	4.279E-01	4.282E-01	4.282E-01	4.282E-01	4.283E-01
2.300E+00	4.250E-01	3.547E-04	4.254E-01	4.247E-01	4.250E-01	4.250E-01	4.250E-01	4.251E-01
2.310E+00	4.218E-01	3.591E-04	4.222E-01	4.215E-01	4.218E-01	4.218E-01	4.218E-01	4.219E-01
2.320E+00	4.186E-01	3.635E-04	4.190E-01	4.183E-01	4.186E-01	4.187E-01	4.186E-01	4.187E-01
2.330E+00	4.155E-01	3.678E-04	4.158E-01	4.151E-01	4.155E-01	4.155E-01	4.154E-01	4.155E-01
2.340E+00	4.123E-01	3.721E-04	4.127E-01	4.120E-01	4.123E-01	4.123E-01	4.123E-01	4.124E-01
2.350E+00	4.092E-01	3.764E-04	4.096E-01	4.088E-01	4.092E-01	4.092E-01	4.091E-01	4.092E-01
2.360E+00	4.061E-01	3.807E-04	4.064E-01	4.057E-01	4.060E-01	4.061E-01	4.060E-01	4.061E-01
2.370E+00	4.029E-01	3.849E-04	4.033E-01	4.026E-01	4.029E-01	4.030E-01	4.029E-01	4.030E-01
2.380E+00	3.999E-01	3.891E-04	4.002E-01	3.995E-01	3.998E-01	3.999E-01	3.998E-01	3.999E-01
2.390E+00	3.968E-01	3.933E-04	3.972E-01	3.964E-01	3.968E-01	3.968E-01	3.967E-01	3.968E-01
2.400E+00	3.937E-01	3.974E-04	3.941E-01	3.933E-01	3.937E-01	3.937E-01	3.937E-01	3.937E-01
2.410E+00	3.907E-01	4.015E-04	3.911E-01	3.903E-01	3.906E-01	3.907E-01	3.906E-01	3.907E-01
2.420E+00	3.876E-01	4.055E-04	3.880E-01	3.872E-01	3.876E-01	3.876E-01	3.876E-01	3.877E-01
2.430E+00	3.846E-01	4.095E-04	3.850E-01	3.842E-01	3.846E-01	3.846E-01	3.845E-01	3.846E-01
2.440E+00	3.816E-01	4.135E-04	3.820E-01	3.812E-01	3.816E-01	3.816E-01	3.815E-01	3.816E-01
2.450E+00	3.786E-01	4.174E-04	3.790E-01	3.782E-01	3.786E-01	3.786E-01	3.786E-01	3.786E-01
2.460E+00	3.756E-01	4.213E-04	3.760E-01	3.752E-01	3.756E-01	3.756E-01	3.756E-01	3.757E-01
2.470E+00	3.727E-01	4.251E-04	3.731E-01	3.722E-01	3.726E-01	3.727E-01	3.726E-01	3.727E-01
2.480E+00	3.697E-01	4.290E-04	3.701E-01	3.693E-01	3.697E-01	3.697E-01	3.697E-01	3.698E-01
2.490E+00	3.668E-01	4.327E-04	3.672E-01	3.663E-01	3.668E-01	3.668E-01	3.667E-01	3.668E-01
2.500E+00	3.639E-01	4.365E-04	3.643E-01	3.634E-01	3.638E-01	3.639E-01	3.638E-01	3.639E-01
2.510E+00	3.610E-01	4.402E-04	3.614E-01	3.605E-01	3.609E-01	3.610E-01	3.609E-01	3.610E-01
2.520E+00	3.581E-01	4.438E-04	3.585E-01	3.576E-01	3.581E-01	3.581E-01	3.580E-01	3.581E-01
2.530E+00	3.552E-01	4.474E-04	3.556E-01	3.548E-01	3.552E-01	3.552E-01	3.552E-01	3.552E-01
2.540E+00	3.523E-01	4.510E-04	3.528E-01	3.519E-01	3.523E-01	3.524E-01	3.523E-01	3.524E-01
2.550E+00	3.495E-01	4.545E-04	3.500E-01	3.490E-01	3.495E-01	3.495E-01	3.495E-01	3.495E-01
2.560E+00	3.467E-01	4.580E-04	3.471E-01	3.462E-01	3.467E-01	3.467E-01	3.466E-01	3.467E-01
2.570E+00	3.439E-01	4.614E-04	3.443E-01	3.434E-01	3.438E-01	3.439E-01	3.438E-01	3.439E-01
2.580E+00	3.411E-01	4.648E-04	3.415E-01	3.406E-01	3.410E-01	3.411E-01	3.410E-01	3.411E-01
2.590E+00	3.383E-01	4.682E-04	3.387E-01	3.378E-01	3.383E-01	3.383E-01	3.382E-01	3.383E-01
2.600E+00	3.355E-01	4.715E-04	3.360E-01	3.350E-01	3.355E-01	3.355E-01	3.355E-01	3.356E-01
2.610E+00	3.328E-01	4.747E-04	3.332E-01	3.323E-01	3.327E-01	3.328E-01	3.327E-01	3.328E-01
2.620E+00	3.300E-01	4.779E-04	3.305E-01	3.296E-01	3.300E-01	3.300E-01	3.300E-01	3.301E-01
2.630E+00	3.273E-01	4.811E-04	3.278E-01	3.268E-01	3.273E-01	3.273E-01	3.273E-01	3.274E-01
2.640E+00	3.246E-01	4.842E-04	3.251E-01	3.241E-01	3.246E-01	3.246E-01	3.246E-01	3.246E-01
2.650E+00	3.219E-01	4.873E-04	3.224E-01	3.214E-01	3.219E-01	3.219E-01	3.219E-01	3.220E-01
2.660E+00	3.192E-01	4.903E-04	3.197E-01	3.187E-01	3.192E-01	3.193E-01	3.192E-01	3.193E-01
2.670E+00	3.166E-01	4.933E-04	3.171E-01	3.161E-01	3.166E-01	3.166E-01	3.165E-01	3.166E-01
2.680E+00	3.139E-01	4.963E-04	3.144E-01	3.134E-01	3.139E-01	3.140E-01	3.139E-01	3.140E-01
2.690E+00	3.113E-01	4.992E-04	3.118E-01	3.108E-01	3.113E-01	3.113E-01	3.113E-01	3.113E-01
2.700E+00	3.087E-01	5.020E-04	3.092E-01	3.082E-01	3.087E-01	3.087E-01	3.086E-01	3.087E-01
2.710E+00	3.061E-01	5.048E-04	3.066E-01	3.056E-01	3.061E-01	3.061E-01	3.060E-01	3.061E-01
2.720E+00	3.035E-01	5.076E-04	3.040E-01	3.030E-01	3.035E-01	3.035E-01	3.035E-01	3.035E-01
2.730E+00	3.009E-01	5.103E-04	3.014E-01	3.004E-01	3.009E-01	3.010E-01	3.009E-01	3.010E-01
2.740E+00	2.984E-01	5.130E-04	2.989E-01	2.979E-01	2.984E-01	2.984E-01	2.983E-01	2.984E-01
2.750E+00	2.958E-01	5.156E-04	2.964E-01	2.953E-01	2.958E-01	2.959E-01	2.958E-01	2.959E-01
2.760E+00	2.933E-01	5.181E-04	2.938E-01	2.928E-01	2.933E-01	2.933E-01	2.933E-01	2.934E-01
2.770E+00	2.908E-01	5.207E-04	2.913E-01	2.903E-01	2.908E-01	2.908E-01	2.908E-01	2.908E-01
2.780E+00	2.883E-01	5.231E-04	2.888E-01	2.878E-01	2.883E-01	2.883E-01	2.883E-01	2.884E-01
2.790E+00	2.858E-01	5.256E-04	2.864E-01	2.853E-01	2.858E-01	2.859E-01	2.858E-01	2.859E-01
2.800E+00	2.834E-01	5.279E-04	2.839E-01	2.828E-01	2.833E-01	2.834E-01	2.833E-01	2.834E-01
2.810E+00	2.809E-01	5.303E-04	2.815E-01	2.804E-01	2.809E-01	2.809E-01	2.809E-01	2.810E-01
2.820E+00	2.785E-01	5.325E-04	2.790E-01	2.780E-01	2.785E-01	2.785E-01	2.784E-01	2.785E-01
2.830E+00	2.761E-01	5.348E-04	2.766E-01	2.755E-01	2.760E-01	2.761E-01	2.760E-01	2.761E-01
2.840E+00	2.737E-01	5.370E-04	2.742E-01	2.731E-01	2.736E-01	2.737E-01	2.736E-01	2.737E-01
2.850E+00	2.713E-01	5.391E-04	2.718E-01	2.707E-01	2.713E-01	2.713E-01	2.712E-01	2.713E-01
2.860E+00	2.689E-01	5.412E-04	2.694E-01	2.684E-01	2.689E-01	2.689E-01	2.689E-01	2.689E-01
2.870E+00	2.665E-01	5.432E-04	2.671E-01	2.660E-01	2.665E-01	2.666E-01	2.665E-01	2.666E-01
2.880E+00	2.642E-01	5.452E-04	2.647E-01	2.637E-01	2.642E-01	2.642E-01	2.642E-01	2.642E-01
2.890E+00	2.619E-01	5.472E-04	2.624E-01	2.613E-01	2.618E-01	2.619E-01	2.618E-01	2.619E-01
2.900E+00	2.596E-01	5.491E-04	2.601E-01	2.590E-01	2.595E-01	2.596E-01	2.595E-01	2.596E-01
2.910E+00	2.573E-01	5.509E-04	2.578E-01	2.567E-01	2.572E-01	2.573E-01	2.572E-01	2.573E-01
2.920E+00	2.550E-01	5.527E-04	2.555E-01	2.544E-01	2.550E-01	2.550E-01	2.549E-01	2.550E-01
2.930E+00	2.527E-01	5.545E-04	2.533E-01	2.522E-01	2.527E-01	2.527E-01	2.527E-01	2.527E-01
2.940E+00	2.505E-01	5.562E-04	2.510E-01	2.499E-01	2.504E-01	2.505E-01	2.504E-01	2.505E-01
2.950E+00	2.482E-01	5.578E-04	2.488E-01	2.477E-01	2.482E-01	2.482E-01	2.482E-01	2.483E-01
2.960E+00	2.460E-01	5.595E-04	2.465E-01	2.454E-01	2.460E-01	2.460E-01	2.459E-01	2.460E-01
2.970E+00	2.438E-01	5.610E-04	2.443E-01	2.432E-01	2.438E-01	2.438E-01	2.437E-01	2.438E-01
2.980E+00	2.416E-01	5.625E-04	2.421E-01	2.410E-01	2.416E-01	2.416E-01	2.415E-01	2.416E-01
2.990E+00	2.394E-01	5.640E-04	2.400E-01	2.388E-01	2.394E-01	2.394E-01	2.394E-01	2.394E-01
3.000E+00	2.372E-01	5.654E-04	2.378E-01	2.367E-01	2.372E-01	2.373E-01	2.372E-01	2.373E-01
