1.000E-02	1.192E+00	8.736E-03	1.184E+00	1.201E+00	1.192E+00	1.192E+00	1.192E+00	1.192E+00
2.000E-02	1.192E+00	8.674E-03	1.183E+00	1.201E+00	1.192E+00	1.192E+00	1.192E+00	1.192E+00
3.000E-02	1.191E+00	8.598E-03	1.183E+00	1.200E+00	1.191E+00	1.191E+00	1.191E+00	1.191E+00
4.000E-02	1.191E+00	8.513E-03	1.182E+00	1.199E+00	1.191E+00	1.191E+00	1.191E+00	1.191E+00
5.000E-02	1.190E+00	8.421E-03	1.181E+00	1.198E+00	1.190E+00	1.190E+00	1.190E+00	1.190E+00
6.000E-02	1.189E+00	8.322E-03	1.181E+00	1.197E+00	1.189E+00	1.189E+00	1.189E+00	1.189E+00
7.000E-02	1.188E+00	8.219E-03	1.180E+00	1.196E+00	1.188E+00	1.188E+00	1.188E+00	1.188E+00
8.000E-02	1.187E+00	8.112E-03	1.179E+00	1.195E+00	1.187E+00	1.187E+00	1.187E+00	1.187E+00
9.000E-02	1.186E+00	8.001E-03	1.178E+00	1.194E+00	1.186E+00	1.186E+00	1.186E+00	1.186E+00
1.000E-01	1.185E+00	7.887E-03	1.177E+00	1.192E+00	1.185E+00	1.184E+00	1.185E+00	1.185E+00
1.100E-01	1.183E+00	7.770E-03	1.175E+00	1.191E+00	1.183E+00	1.183E+00	1.183E+00	1.183E+00
1.200E-01	1.182E+00	7.651E-03	1.174E+00	1.190E+00	1.182E+00	1.182E+00	1.182E+00	1.182E+00
1.300E-01	1.180E+00	7.531E-03	1.173E+00	1.188E+00	1.181E+00	1.180E+00	1.180E+00	1.180E+00
1.400E-01	1.179E+00	7.408E-03	1.172E+00	1.186E+00	1.179E+00	1.179E+00	1.179E+00	1.179E+00
1.500E-01	1.177E+00	7.284E-03	1.170E+00	1.185E+00	1.178E+00	1.177E+00	1.177E+00	1.177E+00
1.600E-01	1.176E+00	7.159E-03	1.169E+00	1.183E+00	1.176E+00	1.176E+00	1.176E+00	1.176E+00
1.700E-01	1.174E+00	7.032E-03	1.167E+00	1.181E+00	1.174E+00	1.174E+00	1.174E+00	1.174E+00
1.800E-01	1.172E+00	6.905E-03	1.165E+00	1.179E+00	1.172E+00	1.172E+00	1.172E+00	1.172E+00
1.900E-01	1.171E+00	6.777E-03	1.164E+00	1.177E+00	1.171E+00	1.170E+00	1.171E+00	1.171E+00
2.000E-01	1.169E+00	6.648E-03	1.162E+00	1.175E+00	1.169E+00	1.169E+00	1.169E+00	1.169E+00
2.100E-01	1.167E+00	6.519E-03	1.160E+00	1.173E+00	1.167E+00	1.167E+00	1.167E+00	1.167E+00
2.200E-01	1.165E+00	6.390E-03	1.158E+00	1.171E+00	1.165E+00	1.165E+00	1.165E+00	1.165E+00
2.300E-01	1.163E+00	6.260E-03	1.157E+00	1.169E+00	1.163E+00	1.163E+00	1.163E+00	1.163E+00
2.400E-01	1.161E+00	6.130E-03	1.155E+00	1.167E+00	1.161E+00	1.161E+00	1.161E+00	1.161E+00
2.500E-01	1.159E+00	6.000E-03	1.153E+00	1.165E+00	1.159E+00	1.159E+00	1.159E+00	1.159E+00
2.600E-01	1.157E+00	5.870E-03	1.151E+00	1.162E+00	1.157E+00	1.156E+00	1.157E+00	1.157E+00
2.700E-01	1.154E+00	5.740E-03	1.149E+00	1.160E+00	1.154E+00	1.154E+00	1.154E+00	1.154E+00
2.800E-01	1.152E+00	5.610E-03	1.146E+00	1.158E+00	1.152E+00	1.152E+00	1.152E+00	1.152E+00
2.900E-01	1.150E+00	5.481E-03	1.144E+00	1.155E+00	1.150E+00	1.150E+00	1.150E+00	1.150E+00
3.000E-01	1.148E+00	5.352E-03	1.142E+00	1.153E+00	1.148E+00	1.147E+00	1.148E+00	1.148E+00
3.100E-01	1.145E+00	5.223E-03	1.140E+00	1.150E+00	1.145E+00	1.145E+00	1.145E+00	1.145E+00
3.200E-01	1.143E+00	5.095E-03	1.138E+00	1.148E+00	1.143E+00	1.143E+00	1.143E+00	1.143E+00
3.300E-01	1.140E+00	4.967E-03	1.135E+00	1.145E+00	1.140E+00	1.140E+00	1.140E+00	1.140E+00
3.400E-01	1.138E+00	4.840E-03	1.133E+00	1.143E+00	1.138E+00	1.138E+00	1.138E+00	1.138E+00
3.500E-01	1.135E+00	4.713E-03	1.131E+00	1.140E+00	1.135E+00	1.135E+00	1.135E+00	1.135E+00
3.600E-01	1.133E+00	4.587E-03	1.128E+00	1.137E+00	1.133E+00	1.133E+00	1.133E+00	1.133E+00
3.700E-01	1.130E+00	4.462E-03	1.126E+00	1.135E+00	1.130E+00	1.130E+00	1.130E+00	1.130E+00
3.800E-01	1.128E+00	4.338E-03	1.123E+00	1.132E+00	1.128E+00	1.127E+00	1.128E+00	1.128E+00
3.900E-01	1.125E+00	4.214E-03	1.121E+00	1.129E+00	1.125E+00	1.125E+00	1.125E+00	1.125E+00
4.000E-01	1.122E+00	4.091E-03	1.118E+00	1.126E+00	1.122E+00	1.122E+00	1.122E+00	1.122E+00
4.100E-01	1.119E+00	3.969E-03	1.115E+00	1.123E+00	1.120E+00	1.119E+00	1.119E+00	1.119E+00
4.200E-01	1.117E+00	3.848E-03	1.113E+00	1.120E+00	1.117E+00	1.117E+00	1.117E+00	1.117E+00
4.300E-01	1.114E+00	3.728E-03	1.110E+00	1.118E+00	1.114E+00	1.114E+00	1.114E+00	1.114E+00
4.400E-01	1.111E+00	3.609E-03	1.107E+00	1.115E+00	1.111E+00	1.111E+00	1.111E+00	1.111E+00
4.500E-01	1.108E+00	3.491E-03	1.105E+00	1.112E+00	1.108E+00	1.108E+00	1.108E+00	1.108E+00
4.600E-01	1.105E+00	3.374E-03	1.102E+00	1.109E+00	1.105E+00	1.105E+00	1.105E+00	1.105E+00
4.700E-01	1.102E+00	3.258E-03	1.099E+00	1.106E+00	1.103E+00	1.102E+00	1.102E+00	1.102E+00
4.800E-01	1.099E+00	3.143E-03	1.096E+00	1.103E+00	1.100E+00	1.099E+00	1.099E+00	1.100E+00
4.900E-01	1.097E+00	3.029E-03	1.093E+00	1.099E+00	1.097E+00	1.096E+00	1.097E+00	1.097E+00
5.000E-01	1.094E+00	2.916E-03	1.090E+00	1.096E+00	1.094E+00	1.093E+00	1.094E+00	1.094E+00
5.100E-01	1.090E+00	2.804E-03	1.088E+00	1.093E+00	1.091E+00	1.090E+00	1.090E+00	1.091E+00
5.200E-01	1.087E+00	2.694E-03	1.085E+00	1.090E+00	1.088E+00	1.087E+00	1.087E+00	1.087E+00
5.300E-01	1.084E+00	2.585E-03	1.082E+00	1.087E+00	1.084E+00	1.084E+00	1.084E+00	1.084E+00
5.400E-01	1.081E+00	2.477E-03	1.079E+00	1.084E+00	1.081E+00	1.081E+00	1.081E+00	1.081E+00
5.500E-01	1.078E+00	2.370E-03	1.076E+00	1.080E+00	1.078E+00	1.078E+00	1.078E+00	1.078E+00
5.600E-01	1.075E+00	2.264E-03	1.073E+00	1.077E+00	1.075E+00	1.075E+00	1.075E+00	1.075E+00
5.700E-01	1.072E+00	2.160E-03	1.070E+00	1.074E+00	1.072E+00	1.072E+00	1.072E+00	1.072E+00
5.800E-01	1.069E+00	2.057E-03	1.066E+00	1.071E+00	1.069E+00	1.068E+00	1.069E+00	1.069E+00
5.900E-01	1.065E+00	1.955E-03	1.063E+00	1.067E+00	1.065E+00	1.065E+00	1.065E+00	1.065E+00
6.000E-01	1.062E+00	1.854E-03	1.060E+00	1.064E+00	1.062E+00	1.062E+00	1.062E+00	1.062E+00
6.100E-01	1.059E+00	1.755E-03	1.057E+00	1.060E+00	1.059E+00	1.059E+00	1.059E+00	1.059E+00
6.200E-01	1.056E+00	1.657E-03	1.054E+00	1.057E+00	1.056E+00	1.055E+00	1.056E+00	1.056E+00
6.300E-01	1.052E+00	1.561E-03	1.051E+00	1.054E+00	1.052E+00	1.052E+00	1.052E+00	1.052E+00
6.400E-01	1.049E+00	1.466E-03	1.047E+00	1.050E+00	1.049E+00	1.049E+00	1.049E+00	1.049E+00
6.500E-01	1.046E+00	1.372E-03	1.044E+00	1.047E+00	1.046E+00	1.045E+00	1.046E+00	1.046E+00
6.600E-01	1.042E+00	1.279E-03	1.041E+00	1.043E+00	1.042E+00	1.042E+00	1.042E+00	1.042E+00
6.700E-01	1.039E+00	1.188E-03	1.037E+00	1.040E+00	1.039E+00	1.039E+00	1.039E+00	1.039E+00
6.800E-01	1.035E+00	1.098E-03	1.034E+00	1.036E+00	1.035E+00	1.035E+00	1.035E+00	1.035E+00
6.900E-01	1.032E+00	1.010E-03	1.031E+00	1.033E+00	1.032E+00	1.032E+00	1.032E+00	1.032E+00
7.000E-01	1.028E+00	9.230E-04	1.027E+00	1.029E+00	1.029E+00	1.028E+00	1.028E+00	1.028E+00
7.100E-01	1.025E+00	8.375E-04	1.024E+00	1.026E+00	1.025E+00	1.025E+00	1.025E+00	1.025E+00
7.200E-01	1.022E+00	7.534E-04	1.021E+00	1.022E+00	1.022E+00	1.021E+00	1.022E+00	1.022E+00
7.300E-01	1.018E+00	6.707E-04	1.017E+00	1.019E+00	1.018E+00	1.018E+00	1.018E+00	1.018E+00
7.400E-01	1.015E+00	5.896E-04	1.014E+00	1.015E+00	1.015E+00	1.014E+00	1.014E+00	1.015E+00
7.500E-01	1.011E+00	5.100E-04	1.010E+00	1.011E+00	1.011E+00	1.011E+00	1.011E+00	1.011E+00
7.600E-01	1.007E+00	4.320E-04	1.007E+00	1.008E+00	1.007E+00	1.007E+00	1.007E+00	1.007E+00
7.700E-01	1.004E+00	3.558E-04	1.003E+00	1.004E+00	1.004E+00	1.004E+00	1.004E+00	1.004E+00
7.800E-01	1.000E+00	2.815E-04	9.999E-01	1.000E+00	1.000E+00	1.000E+00	1.000E+00	1.000E+00
7.900E-01	9.967E-01	2.100E-04	9.964E-01	9.968E-01	9.968E-01	9.966E-01	9.967E-01	9.967E-01
8.000E-01	9.931E-01	1.430E-04	9.929E-01	9.931E-01	9.932E-01	9.930E-01	9.931E-01	9.931E-01
8.100E-01	9.895E-01	8.766E-05	9.893E-01	9.894E-01	9.895E-01	9.894E-01	9.894E-01	9.895E-01
8.200E-01	9.858E-01	7.220E-05	9.858E-01	9.857E-01	9.859E-01	9.858E-01	9.858E-01	9.858E-01
8.300E-01	9.822E-01	1.116E-04	9.822E-01	9.820E-01	9.823E-01	9.821E-01	9.822E-01	9.822E-01
8.400E-01	9.785E-01	1.697E-04	9.786E-01	9.783E-01	9.786E-01	9.785E-01	9.785E-01	9.785E-01
8.500E-01	9.749E-01	2.318E-04	9.750E-01	9.746E-01	9.749E-01	9.748E-01	9.748E-01	9.749E-01
8.600E-01	9.712E-01	2.944E-04	9.714E-01	9.708E-01	9.712E-01	9.711E-01	9.712E-01	9.712E-01
8.700E-01	9.675E-01	3.565E-04	9.678E-01	9.671E-01	9.675E-01	9.674E-01	9.675E-01	9.675E-01
8.800E-01	9.638E-01	4.177E-04	9.641E-01	9.633E-01	9.638E-01	9.637E-01	9.638E-01	9.638E-01
8.900E-01	9.601E-01	4.778E-04	9.605E-01	9.595E-01	9.601E-01	9.600E-01	9.600E-01	9.601E-01
9.000E-01	9.563E-01	5.367E-04	9.568E-01	9.558E-01	9.564E-01	9.563E-01	9.563E-01	9.564E-01
9.100E-01	9.526E-01	5.943E-04	9.532E-01	9.520E-01	9.527E-01	9.525E-01	9.526E-01	9.526E-01
9.200E-01	9.489E-01	6.507E-04	9.495E-01	9.482E-01	9.489E-01	9.488E-01	9.488E-01	9.489E-01
9.300E-01	9.451E-01	7.058E-04	9.458E-01	9.444E-01	9.452E-01	9.451E-01	9.451E-01	9.451E-01
9.400E-01	9.413E-01	7.596E-04	9.421E-01	9.406E-01	9.414E-01	9.413E-01	9.413E-01	9.414E-01
9.500E-01	9.376E-01	8.120E-04	9.384E-01	9.367E-01	9.376E-01	9.375E-01	9.376E-01	9.376E-01
9.600E-01	9.338E-01	8.632E-04	9.346E-01	9.329E-01	9.339E-01	9.337E-01	9.338E-01	9.338E-01
9.700E-01	9.300E-01	9.130E-04	9.309E-01	9.291E-01	9.301E-01	9.300E-01	9.300E-01	9.300E-01
9.800E-01	9.262E-01	9.616E-04	9.271E-01	9.252E-01	9.263E-01	9.262E-01	9.262E-01	9.262E-01
9.900E-01	9.224E-01	1.009E-03	9.234E-01	9.214E-01	9.225E-01	9.224E-01	9.224E-01	9.224E-01
1.000E+00	9.186E-01	1.055E-03	9.196E-01	9.175E-01	9.187E-01	9.186E-01	9.186E-01	9.186E-01
1.010E+00	9.148E-01	1.099E-03	9.159E-01	9.137E-01	9.148E-01	9.147E-01	9.148E-01	9.148E-01
1.020E+00	9.110E-01	1.143E-03	9.121E-01	9.098E-01	9.110E-01	9.109E-01	9.109E-01	9.110E-01
1.030E+00	9.071E-01	1.185E-03	9.083E-01	9.059E-01	9.072E-01	9.071E-01	9.071E-01	9.072E-01
1.040E+00	9.033E-01	1.226E-03	9.045E-01	9.021E-01	9.034E-01	9.033E-01	9.033E-01	9.033E-01
1.050E+00	8.995E-01	1.265E-03	9.007E-01	8.982E-01	8.995E-01	8.994E-01	8.994E-01	8.995E-01
1.060E+00	8.956E-01	1.303E-03	8.969E-01	8.943E-01	8.957E-01	8.956E-01	8.956E-01	8.956E-01
1.070E+00	8.918E-01	1.340E-03	8.931E-01	8.904E-01	8.918E-01	8.917E-01	8.918E-01	8.918E-01
1.080E+00	8.879E-01	1.376E-03	8.893E-01	8.865E-01	8.880E-01	8.879E-01	8.879E-01	8.879E-01
1.090E+00	8.841E-01	1.410E-03	8.855E-01	8.827E-01	8.841E-01	8.840E-01	8.840E-01	8.841E-01
1.100E+00	8.802E-01	1.444E-03	8.816E-01	8.788E-01	8.802E-01	8.802E-01	8.802E-01	8.802E-01
1.110E+00	8.763E-01	1.476E-03	8.778E-01	8.749E-01	8.764E-01	8.763E-01	8.763E-01	8.764E-01
1.120E+00	8.725E-01	1.507E-03	8.740E-01	8.710E-01	8.725E-01	8.724E-01	8.724E-01	8.725E-01
1.130E+00	8.686E-01	1.536E-03	8.701E-01	8.671E-01	8.686E-01	8.686E-01	8.686E-01	8.686E-01
1.140E+00	8.647E-01	1.565E-03	8.663E-01	8.632E-01	8.648E-01	8.647E-01	8.647E-01	8.647E-01
1.150E+00	8.608E-01	1.592E-03	8.624E-01	8.593E-01	8.609E-01	8.608E-01	8.608E-01	8.609E-01
1.160E+00	8.570E-01	1.618E-03	8.586E-01	8.554E-01	8.570E-01	8.569E-01	8.569E-01	8.570E-01
1.170E+00	8.531E-01	1.643E-03	8.547E-01	8.515E-01	8.531E-01	8.530E-01	8.531E-01	8.531E-01
1.180E+00	8.492E-01	1.666E-03	8.509E-01	8.475E-01	8.492E-01	8.492E-01	8.492E-01	8.492E-01
1.190E+00	8.453E-01	1.689E-03	8.470E-01	8.436E-01	8.453E-01	8.453E-01	8.453E-01	8.453E-01
1.200E+00	8.414E-01	1.710E-03	8.432E-01	8.397E-01	8.415E-01	8.414E-01	8.414E-01	8.414E-01
1.210E+00	8.375E-01	1.730E-03	8.393E-01	8.358E-01	8.376E-01	8.375E-01	8.375E-01	8.376E-01
1.220E+00	8.336E-01	1.750E-03	8.354E-01	8.319E-01	8.337E-01	8.336E-01	8.336E-01	8.337E-01
1.230E+00	8.297E-01	1.768E-03	8.316E-01	8.280E-01	8.298E-01	8.297E-01	8.297E-01	8.298E-01
1.240E+00	8.259E-01	1.785E-03	8.277E-01	8.241E-01	8.259E-01	8.258E-01	8.258E-01	8.259E-01
1.250E+00	8.220E-01	1.800E-03	8.238E-01	8.202E-01	8.220E-01	8.219E-01	8.219E-01	8.220E-01
1.260E+00	8.181E-01	1.815E-03	8.199E-01	8.163E-01	8.181E-01	8.180E-01	8.181E-01	8.181E-01
1.270E+00	8.142E-01	1.829E-03	8.161E-01	8.124E-01	8.142E-01	8.142E-01	8.142E-01	8.142E-01
1.280E+00	8.103E-01	1.842E-03	8.122E-01	8.085E-01	8.103E-01	8.103E-01	8.103E-01	8.103E-01
1.290E+00	8.064E-01	1.853E-03	8.083E-01	8.046E-01	8.064E-01	8.064E-01	8.064E-01	8.064E-01
1.300E+00	8.025E-01	1.864E-03	8.044E-01	8.007E-01	8.025E-01	8.025E-01	8.025E-01	8.025E-01
1.310E+00	7.986E-01	1.873E-03	8.006E-01	7.968E-01	7.987E-01	7.986E-01	7.986E-01	7.987E-01
1.320E+00	7.947E-01	1.882E-03	7.967E-01	7.929E-01	7.948E-01	7.947E-01	7.947E-01	7.948E-01
1.330E+00	7.909E-01	1.889E-03	7.928E-01	7.890E-01	7.909E-01	7.908E-01	7.908E-01	7.909E-01
1.340E+00	7.870E-01	1.896E-03	7.889E-01	7.851E-01	7.870E-01	7.870E-01	7.870E-01	7.870E-01
1.350E+00	7.831E-01	1.902E-03	7.851E-01	7.813E-01	7.831E-01	7.831E-01	7.831E-01	7.831E-01
1.360E+00	7.792E-01	1.906E-03	7.812E-01	7.774E-01	7.792E-01	7.792E-01	7.792E-01	7.792E-01
1.370E+00	7.753E-01	1.910E-03	7.773E-01	7.735E-01	7.754E-01	7.753E-01	7.753E-01	7.754E-01
1.380E+00	7.715E-01	1.913E-03	7.735E-01	7.696E-01	7.715E-01	7.715E-01	7.714E-01	7.715E-01
1.390E+00	7.676E-01	1.914E-03	7.696E-01	7.658E-01	7.676E-01	7.676E-01	7.676E-01	7.676E-01
1.400E+00	7.637E-01	1.915E-03	7.657E-01	7.619E-01	7.637E-01	7.637E-01	7.637E-01	7.638E-01
1.410E+00	7.599E-01	1.915E-03	7.619E-01	7.580E-01	7.599E-01	7.599E-01	7.598E-01	7.599E-01
1.420E+00	7.560E-01	1.914E-03	7.580E-01	7.542E-01	7.560E-01	7.560E-01	7.560E-01	7.560E-01
1.430E+00	7.522E-01	1.912E-03	7.542E-01	7.503E-01	7.522E-01	7.521E-01	7.521E-01	7.522E-01
1.440E+00	7.483E-01	1.910E-03	7.503E-01	7.465E-01	7.483E-01	7.483E-01	7.483E-01	7.483E-01
1.450E+00	7.445E-01	1.906E-03	7.464E-01	7.426E-01	7.445E-01	7.444E-01	7.444E-01	7.445E-01
1.460E+00	7.406E-01	1.902E-03	7.426E-01	7.388E-01	7.406E-01	7.406E-01	7.406E-01	7.406E-01
1.470E+00	7.368E-01	1.896E-03	7.388E-01	7.350E-01	7.368E-01	7.368E-01	7.367E-01	7.368E-01
1.480E+00	7.329E-01	1.890E-03	7.349E-01	7.311E-01	7.329E-01	7.329E-01	7.329E-01	7.330E-01
1.490E+00	7.291E-01	1.883E-03	7.311E-01	7.273E-01	7.291E-01	7.291E-01	7.291E-01	7.291E-01
1.500E+00	7.253E-01	1.876E-03	7.273E-01	7.235E-01	7.253E-01	7.253E-01	7.252E-01	7.253E-01
1.510E+00	7.215E-01	1.867E-03	7.234E-01	7.197E-01	7.215E-01	7.214E-01	7.214E-01	7.215E-01
1.520E+00	7.176E-01	1.858E-03	7.196E-01	7.159E-01	7.176E-01	7.176E-01	7.176E-01	7.177E-01
1.530E+00	7.138E-01	1.848E-03	7.158E-01	7.121E-01	7.138E-01	7.138E-01	7.138E-01	7.139E-01
1.540E+00	7.100E-01	1.837E-03	7.120E-01	7.083E-01	7.100E-01	7.100E-01	7.100E-01	7.101E-01
1.550E+00	7.062E-01	1.826E-03	7.082E-01	7.045E-01	7.062E-01	7.062E-01	7.062E-01	7.063E-01
1.560E+00	7.024E-01	1.813E-03	7.044E-01	7.007E-01	7.024E-01	7.024E-01	7.024E-01	7.025E-01
1.570E+00	6.986E-01	1.801E-03	7.006E-01	6.970E-01	6.986E-01	6.986E-01	6.986E-01	6.987E-01
1.580E+00	6.949E-01	1.787E-03	6.968E-01	6.932E-01	6.949E-01	6.949E-01	6.948E-01	6.949E-01
1.590E+00	6.911E-01	1.773E-03	6.930E-01	6.894E-01	6.911E-01	6.911E-01	6.911E-01	6.911E-01
1.600E+00	6.873E-01	1.757E-03	6.892E-01	6.857E-01	6.873E-01	6.873E-01	6.873E-01	6.874E-01
1.610E+00	6.836E-01	1.742E-03	6.854E-01	6.819E-01	6.836E-01	6.836E-01	6.835E-01	6.836E-01
1.620E+00	6.798E-01	1.725E-03	6.817E-01	6.782E-01	6.798E-01	6.798E-01	6.798E-01	6.798E-01
1.630E+00	6.761E-01	1.708E-03	6.779E-01	6.745E-01	6.761E-01	6.761E-01	6.760E-01	6.761E-01
1.640E+00	6.723E-01	1.691E-03	6.741E-01	6.708E-01	6.723E-01	6.723E-01	6.723E-01	6.724E-01
1.650E+00	6.686E-01	1.672E-03	6.704E-01	6.671E-01	6.686E-01	6.686E-01	6.686E-01	6.686E-01
1.660E+00	6.649E-01	1.654E-03	6.667E-01	6.634E-01	6.649E-01	6.649E-01	6.648E-01	6.649E-01
1.670E+00	6.612E-01	1.634E-03	6.629E-01	6.597E-01	6.611E-01	6.612E-01	6.611E-01	6.612E-01
1.680E+00	6.574E-01	1.614E-03	6.592E-01	6.560E-01	6.574E-01	6.575E-01	6.574E-01	6.575E-01
1.690E+00	6.537E-01	1.593E-03	6.555E-01	6.523E-01	6.537E-01	6.537E-01	6.537E-01	6.538E-01
1.700E+00	6.500E-01	1.572E-03	6.518E-01	6.486E-01	6.500E-01	6.501E-01	6.500E-01	6.501E-01
1.710E+00	6.464E-01	1.550E-03	6.481E-01	6.450E-01	6.464E-01	6.464E-01	6.463E-01	6.464E-01
1.720E+00	6.427E-01	1.528E-03	6.444E-01	6.413E-01	6.427E-01	6.427E-01	6.427E-01	6.427E-01
1.730E+00	6.390E-01	1.505E-03	6.407E-01	6.377E-01	6.390E-01	6.390E-01	6.390E-01	6.390E-01
1.740E+00	6.354E-01	1.482E-03	6.370E-01	6.340E-01	6.353E-01	6.354E-01	6.353E-01	6.354E-01
1.750E+00	6.317E-01	1.458E-03	6.333E-01	6.304E-01	6.317E-01	6.317E-01	6.317E-01	6.317E-01
1.760E+00	6.281E-01	1.434E-03	6.296E-01	6.268E-01	6.280E-01	6.281E-01	6.280E-01	6.281E-01
1.770E+00	6.244E-01	1.409E-03	6.260E-01	6.232E-01	6.244E-01	6.244E-01	6.244E-01	6.245E-01
1.780E+00	6.208E-01	1.383E-03	6.223E-01	6.196E-01	6.208E-01	6.208E-01	6.208E-01	6.208E-01
1.790E+00	6.172E-01	1.358E-03	6.187E-01	6.160E-01	6.172E-01	6.172E-01	6.172E-01	6.172E-01
1.800E+00	6.136E-01	1.331E-03	6.151E-01	6.124E-01	6.136E-01	6.136E-01	6.136E-01	6.136E-01
1.810E+00	6.100E-01	1.305E-03	6.115E-01	6.088E-01	6.100E-01	6.100E-01	6.100E-01	6.100E-01
1.820E+00	6.064E-01	1.277E-03	6.078E-01	6.053E-01	6.064E-01	6.064E-01	6.064E-01	6.064E-01
1.830E+00	6.028E-01	1.250E-03	6.042E-01	6.017E-01	6.028E-01	6.028E-01	6.028E-01	6.028E-01
1.840E+00	5.993E-01	1.222E-03	6.006E-01	5.982E-01	5.992E-01	5.993E-01	5.992E-01	5.993E-01
1.850E+00	5.957E-01	1.194E-03	5.971E-01	5.947E-01	5.957E-01	5.957E-01	5.957E-01	5.957E-01
1.860E+00	5.921E-01	1.165E-03	5.935E-01	5.911E-01	5.921E-01	5.922E-01	5.921E-01	5.922E-01
1.870E+00	5.886E-01	1.136E-03	5.899E-01	5.876E-01	5.886E-01	5.886E-01	5.886E-01	5.886E-01
1.880E+00	5.851E-01	1.106E-03	5.864E-01	5.841E-01	5.851E-01	5.851E-01	5.850E-01	5.851E-01
1.890E+00	5.816E-01	1.076E-03	5.828E-01	5.807E-01	5.815E-01	5.816E-01	5.815E-01	5.816E-01
1.900E+00	5.780E-01	1.046E-03	5.793E-01	5.772E-01	5.780E-01	5.781E-01	5.780E-01	5.781E-01
1.910E+00	5.746E-01	1.016E-03	5.757E-01	5.737E-01	5.745E-01	5.746E-01	5.745E-01	5.746E-01
1.920E+00	5.711E-01	9.849E-04	5.722E-01	5.703E-01	5.710E-01	5.711E-01	5.710E-01	5.711E-01
1.930E+00	5.676E-01	9.537E-04	5.687E-01	5.668E-01	5.676E-01	5.676E-01	5.676E-01	5.676E-01
1.940E+00	5.641E-01	9.223E-04	5.652E-01	5.634E-01	5.641E-01	5.641E-01	5.641E-01	5.642E-01
1.950E+00	5.607E-01	8.905E-04	5.617E-01	5.600E-01	5.606E-01	5.607E-01	5.606E-01	5.607E-01
1.960E+00	5.572E-01	8.585E-04	5.583E-01	5.565E-01	5.572E-01	5.572E-01	5.572E-01	5.573E-01
1.970E+00	5.538E-01	8.262E-04	5.548E-01	5.531E-01	5.538E-01	5.538E-01	5.538E-01	5.538E-01
1.980E+00	5.504E-01	7.936E-04	5.513E-01	5.498E-01	5.503E-01	5.504E-01	5.503E-01	5.504E-01
1.990E+00	5.469E-01	7.608E-04	5.479E-01	5.464E-01	5.469E-01	5.470E-01	5.469E-01	5.470E-01
2.000E+00	5.435E-01	7.277E-04	5.445E-01	5.430E-01	5.435E-01	5.436E-01	5.435E-01	5.436E-01
2.010E+00	5.402E-01	6.944E-04	5.410E-01	5.397E-01	5.401E-01	5.402E-01	5.401E-01	5.402E-01
2.020E+00	5.368E-01	6.609E-04	5.376E-01	5.363E-01	5.368E-01	5.368E-01	5.367E-01	5.368E-01
2.030E+00	5.334E-01	6.272E-04	5.342E-01	5.330E-01	5.334E-01	5.334E-01	5.334E-01	5.334E-01
2.040E+00	5.301E-01	5.933E-04	5.308E-01	5.297E-01	5.300E-01	5.301E-01	5.300E-01	5.301E-01
2.050E+00	5.267E-01	5.592E-04	5.275E-01	5.263E-01	5.267E-01	5.267E-01	5.267E-01	5.267E-01
2.060E+00	5.234E-01	5.249E-04	5.241E-01	5.231E-01	5.233E-01	5.234E-01	5.233E-01	5.234E-01
2.070E+00	5.201E-01	4.905E-04	5.207E-01	5.198E-01	5.200E-01	5.201E-01	5.200E-01	5.201E-01
2.080E+00	5.168E-01	4.559E-04	5.174E-01	5.165E-01	5.167E-01	5.168E-01	5.167E-01	5.168E-01
2.090E+00	5.135E-01	4.212E-04	5.141E-01	5.132E-01	5.134E-01	5.135E-01	5.134E-01	5.135E-01
2.100E+00	5.102E-01	3.864E-04	5.107E-01	5.100E-01	5.101E-01	5.102E-01	5.101E-01	5.102E-01
2.110E+00	5.069E-01	3.515E-04	5.074E-01	5.067E-01	5.069E-01	5.069E-01	5.069E-01	5.069E-01
2.120E+00	5.036E-01	3.165E-04	5.041E-01	5.035E-01	5.036E-01	5.037E-01	5.036E-01	5.037E-01
2.130E+00	5.004E-01	2.815E-04	5.009E-01	5.003E-01	5.003E-01	5.004E-01	5.003E-01	5.004E-01
2.140E+00	4.971E-01	2.465E-04	4.976E-01	4.971E-01	4.971E-01	4.972E-01	4.971E-01	4.972E-01
2.150E+00	4.939E-01	2.116E-04	4.943E-01	4.939E-01	4.939E-01	4.940E-01	4.939E-01	4.939E-01
2.160E+00	4.907E-01	1.770E-04	4.911E-01	4.907E-01	4.907E-01	4.907E-01	4.907E-01	4.907E-01
2.170E+00	4.875E-01	1.429E-04	4.878E-01	4.876E-01	4.875E-01	4.875E-01	4.875E-01	4.875E-01
2.180E+00	4.843E-01	1.099E-04	4.846E-01	4.844E-01	4.843E-01	4.844E-01	4.843E-01	4.843E-01
2.190E+00	4.811E-01	7.961E-05	4.814E-01	4.813E-01	4.811E-01	4.812E-01	4.811E-01	4.812E-01
2.200E+00	4.780E-01	5.653E-05	4.782E-01	4.782E-01	4.779E-01	4.780E-01	4.779E-01	4.780E-01
2.210E+00	4.748E-01	5.172E-05	4.750E-01	4.750E-01	4.748E-01	4.749E-01	4.748E-01	4.749E-01
2.220E+00	4.717E-01	6.921E-05	4.718E-01	4.719E-01	4.716E-01	4.717E-01	4.716E-01	4.717E-01
2.230E+00	4.686E-01	9.773E-05	4.687E-01	4.688E-01	4.685E-01	4.686E-01	4.685E-01	4.686E-01
2.240E+00	4.654E-01	1.303E-04	4.655E-01	4.658E-01	4.654E-01	4.655E-01	4.654E-01	4.655E-01
2.250E+00	4.623E-01	1.645E-04	4.624E-01	4.627E-01	4.623E-01	4.624E-01	4.623E-01	4.624E-01
2.260E+00	4.592E-01	1.995E-04	4.593E-01	4.596E-01	4.592E-01	4.593E-01	4.592E-01	4.593E-01
2.270E+00	4.562E-01	2.350E-04	4.561E-01	4.566E-01	4.561E-01	4.562E-01	4.561E-01	4.562E-01
2.280E+00	4.531E-01	2.708E-04	4.530E-01	4.536E-01	4.531E-01	4.531E-01	4.531E-01	4.531E-01
2.290E+00	4.501E-01	3.067E-04	4.500E-01	4.506E-01	4.500E-01	4.501E-01	4.500E-01	4.501E-01
2.300E+00	4.470E-01	3.428E-04	4.469E-01	4.476E-01	4.470E-01	4.471E-01	4.470E-01	4.470E-01
2.310E+00	4.440E-01	3.789E-04	4.438E-01	4.446E-01	4.439E-01	4.440E-01	4.440E-01	4.440E-01
2.320E+00	4.410E-01	4.151E-04	4.408E-01	4.416E-01	4.409E-01	4.410E-01	4.409E-01	4.410E-01
2.330E+00	4.380E-01	4.514E-04	4.377E-01	4.386E-01	4.379E-01	4.380E-01	4.379E-01	4.380E-01
2.340E+00	4.350E-01	4.876E-04	4.347E-01	4.357E-01	4.349E-01	4.350E-01	4.350E-01	4.350E-01
2.350E+00	4.320E-01	5.238E-04	4.317E-01	4.327E-01	4.320E-01	4.321E-01	4.320E-01	4.320E-01
2.360E+00	4.291E-01	5.600E-04	4.287E-01	4.298E-01	4.290E-01	4.291E-01	4.290E-01	4.291E-01
2.370E+00	4.261E-01	5.962E-04	4.257E-01	4.269E-01	4.261E-01	4.261E-01	4.261E-01	4.261E-01
2.380E+00	4.232E-01	6.324E-04	4.228E-01	4.240E-01	4.231E-01	4.232E-01	4.231E-01	4.232E-01
2.390E+00	4.202E-01	6.685E-04	4.198E-01	4.211E-01	4.202E-01	4.203E-01	4.202E-01	4.203E-01
2.400E+00	4.173E-01	7.045E-04	4.168E-01	4.183E-01	4.173E-01	4.174E-01	4.173E-01	4.174E-01
2.410E+00	4.144E-01	7.405E-04	4.139E-01	4.154E-01	4.144E-01	4.145E-01	4.144E-01	4.145E-01
2.420E+00	4.116E-01	7.764E-04	4.110E-01	4.125E-01	4.115E-01	4.116E-01	4.115E-01	4.116E-01
2.430E+00	4.087E-01	8.123E-04	4.081E-01	4.097E-01	4.086E-01	4.087E-01	4.087E-01	4.087E-01
2.440E+00	4.058E-01	8.480E-04	4.052E-01	4.069E-01	4.058E-01	4.059E-01	4.058E-01	4.059E-01
2.450E+00	4.030E-01	8.837E-04	4.023E-01	4.041E-01	4.029E-01	4.030E-01	4.030E-01	4.030E-01
2.460E+00	4.002E-01	9.192E-04	3.995E-01	4.013E-01	4.001E-01	4.002E-01	4.001E-01	4.002E-01
2.470E+00	3.973E-01	9.547E-04	3.966E-01	3.985E-01	3.973E-01	3.974E-01	3.973E-01	3.974E-01
2.480E+00	3.945E-01	9.901E-04	3.938E-01	3.957E-01	3.945E-01	3.946E-01	3.945E-01	3.946E-01
2.490E+00	3.917E-01	1.025E-03	3.909E-01	3.930E-01	3.917E-01	3.918E-01	3.917E-01	3.918E-01
2.500E+00	3.890E-01	1.060E-03	3.881E-01	3.902E-01	3.889E-01	3.890E-01	3.889E-01	3.890E-01
2.510E+00	3.862E-01	1.095E-03	3.853E-01	3.875E-01	3.861E-01	3.862E-01	3.862E-01	3.862E-01
2.520E+00	3.834E-01	1.130E-03	3.825E-01	3.848E-01	3.834E-01	3.835E-01	3.834E-01	3.835E-01
2.530E+00	3.807E-01	1.165E-03	3.798E-01	3.821E-01	3.807E-01	3.808E-01	3.807E-01	3.807E-01
2.540E+00	3.780E-01	1.200E-03	3.770E-01	3.794E-01	3.779E-01	3.780E-01	3.779E-01	3.780E-01
2.550E+00	3.753E-01	1.234E-03	3.743E-01	3.767E-01	3.752E-01	3.753E-01	3.752E-01	3.753E-01
2.560E+00	3.726E-01	1.268E-03	3.715E-01	3.741E-01	3.725E-01	3.726E-01	3.725E-01	3.726E-01
2.570E+00	3.699E-01	1.303E-03	3.688E-01	3.714E-01	3.698E-01	3.699E-01	3.699E-01	3.699E-01
2.580E+00	3.672E-01	1.337E-03	3.661E-01	3.688E-01	3.672E-01	3.673E-01	3.672E-01	3.672E-01
2.590E+00	3.646E-01	1.370E-03	3.634E-01	3.661E-01	3.645E-01	3.646E-01	3.645E-01	3.646E-01
2.600E+00	3.619E-01	1.404E-03	3.607E-01	3.635E-01	3.619E-01	3.620E-01	3.619E-01	3.619E-01
2.610E+00	3.593E-01	1.438E-03	3.581E-01	3.609E-01	3.592E-01	3.593E-01	3.592E-01	3.593E-01
2.620E+00	3.567E-01	1.471E-03	3.554E-01	3.583E-01	3.566E-01	3.567E-01	3.566E-01	3.567E-01
2.630E+00	3.540E-01	1.504E-03	3.528E-01	3.558E-01	3.540E-01	3.541E-01	3.540E-01	3.541E-01
2.640E+00	3.515E-01	1.537E-03	3.501E-01	3.532E-01	3.514E-01	3.515E-01	3.514E-01	3.515E-01
2.650E+00	3.489E-01	1.570E-03	3.475E-01	3.507E-01	3.488E-01	3.489E-01	3.488E-01	3.489E-01
2.660E+00	3.463E-01	1.602E-03	3.449E-01	3.481E-01	3.463E-01	3.464E-01	3.463E-01	3.463E-01
2.670E+00	3.438E-01	1.635E-03	3.423E-01	3.456E-01	3.437E-01	3.438E-01	3.437E-01	3.438E-01
2.680E+00	3.412E-01	1.667E-03	3.398E-01	3.431E-01	3.412E-01	3.413E-01	3.412E-01	3.412E-01
2.690E+00	3.387E-01	1.699E-03	3.372E-01	3.406E-01	3.386E-01	3.387E-01	3.387E-01	3.387E-01
2.700E+00	3.362E-01	1.731E-03	3.347E-01	3.381E-01	3.361E-01	3.362E-01	3.361E-01	3.362E-01
2.710E+00	3.337E-01	1.762E-03	3.321E-01	3.357E-01	3.336E-01	3.337E-01	3.336E-01	3.337E-01
2.720E+00	3.312E-01	1.794E-03	3.296E-01	3.332E-01	3.311E-01	3.312E-01	3.312E-01	3.312E-01
2.730E+00	3.287E-01	1.825E-03	3.271E-01	3.308E-01	3.287E-01	3.288E-01	3.287E-01	3.287E-01
2.740E+00	3.263E-01	1.856E-03	3.246E-01	3.283E-01	3.262E-01	3.263E-01	3.262E-01	3.263E-01
2.750E+00	3.238E-01	1.886E-03	3.221E-01	3.259E-01	3.238E-01	3.239E-01	3.238E-01	3.238E-01
2.760E+00	3.214E-01	1.917E-03	3.197E-01	3.235E-01	3.213E-01	3.214E-01	3.213E-01	3.214E-01
2.770E+00	3.190E-01	1.947E-03	3.172E-01	3.211E-01	3.189E-01	3.190E-01	3.189E-01	3.190E-01
2.780E+00	3.165E-01	1.977E-03	3.148E-01	3.187E-01	3.165E-01	3.166E-01	3.165E-01	3.166E-01
2.790E+00	3.142E-01	2.007E-03	3.124E-01	3.164E-01	3.141E-01	3.142E-01	3.141E-01	3.142E-01
2.800E+00	3.118E-01	2.036E-03	3.100E-01	3.140E-01	3.117E-01	3.118E-01	3.117E-01	3.118E-01
2.810E+00	3.094E-01	2.066E-03	3.076E-01	3.117E-01	3.093E-01	3.095E-01	3.094E-01	3.094E-01
2.820E+00	3.070E-01	2.095E-03	3.052E-01	3.094E-01	3.070E-01	3.071E-01	3.070E-01	3.071E-01
2.830E+00	3.047E-01	2.123E-03	3.028E-01	3.070E-01	3.046E-01	3.048E-01	3.047E-01	3.047E-01
2.840E+00	3.024E-01	2.152E-03	3.004E-01	3.047E-01	3.023E-01	3.024E-01	3.023E-01	3.024E-01
2.850E+00	3.001E-01	2.180E-03	2.981E-01	3.025E-01	3.000E-01	3.001E-01	3.000E-01	3.001E-01
2.860E+00	2.978E-01	2.208E-03	2.958E-01	3.002E-01	2.977E-01	2.978E-01	2.977E-01	2.978E-01
2.870E+00	2.955E-01	2.236E-03	2.934E-01	2.979E-01	2.954E-01	2.955E-01	2.954E-01	2.955E-01
2.880E+00	2.932E-01	2.264E-03	2.911E-01	2.957E-01	2.931E-01	2.932E-01	2.932E-01	2.932E-01
2.890E+00	2.909E-01	2.291E-03	2.888E-01	2.934E-01	2.909E-01	2.910E-01	2.909E-01	2.909E-01
2.900E+00	2.887E-01	2.318E-03	2.866E-01	2.912E-01	2.886E-01	2.887E-01	2.886E-01	2.887E-01
2.910E+00	2.864E-01	2.345E-03	2.843E-01	2.890E-01	2.864E-01	2.865E-01	2.864E-01	2.865E-01
2.920E+00	2.842E-01	2.371E-03	2.821E-01	2.868E-01	2.841E-01	2.843E-01	2.842E-01	2.842E-01
2.930E+00	2.820E-01	2.397E-03	2.798E-01	2.846E-01	2.819E-01	2.820E-01	2.820E-01	2.820E-01
2.940E+00	2.798E-01	2.423E-03	2.776E-01	2.824E-01	2.797E-01	2.798E-01	2.798E-01	2.798E-01
2.950E+00	2.776E-01	2.449E-03	2.754E-01	2.803E-01	2.775E-01	2.777E-01	2.776E-01	2.776E-01
2.960E+00	2.754E-01	2.474E-03	2.732E-01	2.781E-01	2.754E-01	2.755E-01	2.754E-01	2.755E-01
2.970E+00	2.733E-01	2.500E-03	2.710E-01	2.760E-01	2.732E-01	2.733E-01	2.732E-01	2.733E-01
2.980E+00	2.711E-01	2.524E-03	2.688E-01	2.739E-01	2.711E-01	2.712E-01	2.711E-01	2.711E-01
2.990E+00	2.690E-01	2.549E-03	2.667E-01	2.717E-01	2.689E-01	2.690E-01	2.690E-01	2.690E-01
3.000E+00	2.669E-01	2.573E-03	2.645E-01	2.696E-01	2.668E-01	2.669E-01	2.668E-01	2.669E-01
