1.000E-02	1.210E+00	6.025E-04	1.209E+00	1.210E+00	1.210E+00	1.210E+00	1.210E+00	1.210E+00
2.000E-02	1.209E+00	5.961E-04	1.209E+00	1.210E+00	1.209E+00	1.209E+00	1.209E+00	1.209E+00
3.000E-02	1.209E+00	5.886E-04	1.208E+00	1.209E+00	1.209E+00	1.208E+00	1.209E+00	1.209E+00
4.000E-02	1.208E+00	5.803E-04	1.207E+00	1.208E+00	1.208E+00	1.208E+00	1.208E+00	1.208E+00
5.000E-02	1.207E+00	5.714E-04	1.206E+00	1.207E+00	1.207E+00	1.207E+00	1.207E+00	1.207E+00
6.000E-02	1.206E+00	5.621E-04	1.205E+00	1.206E+00	1.206E+00	1.206E+00	1.206E+00	1.206E+00
7.000E-02	1.205E+00	5.525E-04	1.204E+00	1.205E+00	1.205E+00	1.204E+00	1.205E+00	1.205E+00
8.000E-02	1.203E+00	5.425E-04	1.203E+00	1.204E+00	1.203E+00	1.203E+00	1.203E+00	1.203E+00
9.000E-02	1.202E+00	5.323E-04	1.202E+00	1.203E+00	1.202E+00	1.202E+00	1.202E+00	1.202E+00
1.000E-01	1.201E+00	5.219E-04	1.200E+00	1.201E+00	1.201E+00	1.201E+00	1.201E+00	1.201E+00
1.100E-01	1.199E+00	5.114E-04	1.199E+00	1.200E+00	1.199E+00	1.199E+00	1.199E+00	1.199E+00
1.200E-01	1.198E+00	5.007E-04	1.197E+00	1.198E+00	1.198E+00	1.198E+00	1.198E+00	1.198E+00
1.300E-01	1.196E+00	4.900E-04	1.195E+00	1.196E+00	1.196E+00	1.196E+00	1.196E+00	1.196E+00
1.400E-01	1.194E+00	4.792E-04	1.194E+00	1.195E+00	1.194E+00	1.194E+00	1.194E+00	1.194E+00
1.500E-01	1.193E+00	4.683E-04	1.192E+00	1.193E+00	1.193E+00	1.192E+00	1.193E+00	1.193E+00
1.600E-01	1.191E+00	4.574E-04	1.190E+00	1.191E+00	1.191E+00	1.191E+00	1.191E+00	1.191E+00
1.700E-01	1.189E+00	4.464E-04	1.188E+00	1.189E+00	1.189E+00	1.189E+00	1.189E+00	1.189E+00
1.800E-01	1.187E+00	4.355E-04	1.186E+00	1.187E+00	1.187E+00	1.187E+00	1.187E+00	1.187E+00
1.900E-01	1.185E+00	4.245E-04	1.184E+00	1.185E+00	1.185E+00	1.185E+00	1.185E+00	1.185E+00
2.000E-01	1.183E+00	4.136E-04	1.182E+00	1.183E+00	1.183E+00	1.183E+00	1.183E+00	1.183E+00
2.100E-01	1.181E+00	4.027E-04	1.180E+00	1.181E+00	1.181E+00	1.181E+00	1.181E+00	1.181E+00
2.200E-01	1.179E+00	3.918E-04	1.178E+00	1.179E+00	1.179E+00	1.178E+00	1.179E+00	1.179E+00
2.300E-01	1.176E+00	3.810E-04	1.176E+00	1.177E+00	1.176E+00	1.176E+00	1.176E+00	1.176E+00
2.400E-01	1.174E+00	3.703E-04	1.174E+00	1.174E+00	1.174E+00	1.174E+00	1.174E+00	1.174E+00
2.500E-01	1.172E+00	3.596E-04	1.171E+00	1.172E+00	1.172E+00	1.172E+00	1.172E+00	1.172E+00
2.600E-01	1.169E+00	3.490E-04	1.169E+00	1.170E+00	1.170E+00	1.169E+00	1.169E+00	1.169E+00
2.700E-01	1.167E+00	3.384E-04	1.167E+00	1.167E+00	1.167E+00	1.167E+00	1.167E+00	1.167E+00
2.800E-01	1.165E+00	3.280E-04	1.164E+00	1.165E+00	1.165E+00	1.165E+00	1.165E+00	1.165E+00
2.900E-01	1.162E+00	3.176E-04	1.162E+00	1.162E+00	1.162E+00	1.162E+00	1.162E+00	1.162E+00
3.000E-01	1.160E+00	3.073E-04	1.159E+00	1.160E+00	1.160E+00	1.159E+00	1.160E+00	1.160E+00
3.100E-01	1.157E+00	2.971E-04	1.157E+00	1.157E+00	1.157E+00	1.157E+00	1.157E+00	1.157E+00
3.200E-01	1.154E+00	2.871E-04	1.154E+00	1.155E+00	1.154E+00	1.154E+00	1.154E+00	1.154E+00
3.300E-01	1.152E+00	2.771E-04	1.151E+00	1.152E+00	1.152E+00	1.152E+00	1.152E+00	1.152E+00
3.400E-01	1.149E+00	2.673E-04	1.149E+00	1.149E+00	1.149E+00	1.149E+00	1.149E+00	1.149E+00
3.500E-01	1.146E+00	2.576E-04	1.146E+00	1.147E+00	1.146E+00	1.146E+00	1.146E+00	1.146E+00
3.600E-01	1.144E+00	2.480E-04	1.143E+00	1.144E+00	1.144E+00	1.143E+00	1.144E+00	1.144E+00
3.700E-01	1.141E+00	2.386E-04	1.141E+00	1.141E+00	1.141E+00	1.141E+00	1.141E+00	1.141E+00
3.800E-01	1.138E+00	2.293E-04	1.138E+00	1.138E+00	1.138E+00	1.138E+00	1.138E+00	1.138E+00
3.900E-01	1.135E+00	2.201E-04	1.135E+00	1.135E+00	1.135E+00	1.135E+00	1.135E+00	1.135E+00
4.000E-01	1.132E+00	2.111E-04	1.132E+00	1.132E+00	1.132E+00	1.132E+00	1.132E+00	1.132E+00
4.100E-01	1.129E+00	2.023E-04	1.129E+00	1.129E+00	1.129E+00	1.129E+00	1.129E+00	1.129E+00
4.200E-01	1.126E+00	1.936E-04	1.126E+00	1.126E+00	1.126E+00	1.126E+00	1.126E+00	1.126E+00
4.300E-01	1.123E+00	1.851E-04	1.123E+00	1.123E+00	1.123E+00	1.123E+00	1.123E+00	1.123E+00
4.400E-01	1.120E+00	1.767E-04	1.120E+00	1.120E+00	1.120E+00	1.120E+00	1.120E+00	1.120E+00
4.500E-01	1.117E+00	1.686E-04	1.117E+00	1.117E+00	1.117E+00	1.117E+00	1.117E+00	1.117E+00
4.600E-01	1.114E+00	1.606E-04	1.114E+00	1.114E+00	1.114E+00	1.114E+00	1.114E+00	1.114E+00
4.700E-01	1.111E+00	1.528E-04	1.111E+00	1.111E+00	1.111E+00	1.111E+00	1.111E+00	1.111E+00
4.800E-01	1.108E+00	1.453E-04	1.108E+00	1.108E+00	1.108E+00	1.108E+00	1.108E+00	1.108E+00
4.900E-01	1.105E+00	1.379E-04	1.105E+00	1.105E+00	1.105E+00	1.105E+00	1.105E+00	1.105E+00
5.000E-01	1.102E+00	1.308E-04	1.101E+00	1.102E+00	1.102E+00	1.101E+00	1.101E+00	1.102E+00
5.100E-01	1.098E+00	1.240E-04	1.098E+00	1.098E+00	1.098E+00	1.098E+00	1.098E+00	1.098E+00
5.200E-01	1.095E+00	1.174E-04	1.095E+00	1.095E+00	1.095E+00	1.095E+00	1.095E+00	1.095E+00
5.300E-01	1.092E+00	1.111E-04	1.092E+00	1.092E+00	1.092E+00	1.092E+00	1.092E+00	1.092E+00
5.400E-01	1.088E+00	1.051E-04	1.088E+00	1.089E+00	1.089E+00	1.088E+00	1.088E+00	1.088E+00
5.500E-01	1.085E+00	9.950E-05	1.085E+00	1.085E+00	1.085E+00	1.085E+00	1.085E+00	1.085E+00
5.600E-01	1.082E+00	9.421E-05	1.082E+00	1.082E+00	1.082E+00	1.082E+00	1.082E+00	1.082E+00
5.700E-01	1.078E+00	8.932E-05	1.078E+00	1.079E+00	1.079E+00	1.078E+00	1.078E+00	1.078E+00
5.800E-01	1.075E+00	8.485E-05	1.075E+00	1.075E+00	1.075E+00	1.075E+00	1.075E+00	1.075E+00
5.900E-01	1.072E+00	8.084E-05	1.072E+00	1.072E+00	1.072E+00	1.072E+00	1.072E+00	1.072E+00
6.000E-01	1.068E+00	7.731E-05	1.068E+00	1.068E+00	1.068E+00	1.068E+00	1.068E+00	1.068E+00
6.100E-01	1.065E+00	7.431E-05	1.065E+00	1.065E+00	1.065E+00	1.065E+00	1.065E+00	1.065E+00
6.200E-01	1.061E+00	7.186E-05	1.061E+00	1.061E+00	1.061E+00	1.061E+00	1.061E+00	1.061E+00
6.300E-01	1.058E+00	6.998E-05	1.058E+00	1.058E+00	1.058E+00	1.058E+00	1.058E+00	1.058E+00
6.400E-01	1.054E+00	6.867E-05	1.054E+00	1.054E+00	1.054E+00	1.054E+00	1.054E+00	1.054E+00
6.500E-01	1.051E+00	6.792E-05	1.051E+00	1.051E+00	1.051E+00	1.051E+00	1.051E+00	1.051E+00
6.600E-01	1.047E+00	6.773E-05	1.047E+00	1.047E+00	1.047E+00	1.047E+00	1.047E+00	1.047E+00
6.700E-01	1.044E+00	6.805E-05	1.044E+00	1.044E+00	1.044E+00	1.044E+00	1.044E+00	1.044E+00
6.800E-01	1.040E+00	6.885E-05	1.040E+00	1.040E+00	1.040E+00	1.040E+00	1.040E+00	1.040E+00
6.900E-01	1.037E+00	7.006E-05	1.037E+00	1.037E+00	1.037E+00	1.036E+00	1.037E+00	1.037E+00
7.000E-01	1.033E+00	7.165E-05	1.033E+00	1.033E+00	1.033E+00	1.033E+00	1.033E+00	1.033E+00
7.100E-01	1.029E+00	7.355E-05	1.029E+00	1.029E+00	1.029E+00	1.029E+00	1.029E+00	1.029E+00
7.200E-01	1.026E+00	7.571E-05	1.026E+00	1.026E+00	1.026E+00	1.026E+00	1.026E+00	1.026E+00
7.300E-01	1.022E+00	7.809E-05	1.022E+00	1.022E+00	1.022E+00	1.022E+00	1.022E+00	1.022E+00
7.400E-01	1.018E+00	8.063E-05	1.018E+00	1.018E+00	1.018E+00	1.018E+00	1.018E+00	1.018E+00
7.500E-01	1.015E+00	8.330E-05	1.015E+00	1.015E+00	1.015E+00	1.015E+00	1.015E+00	1.015E+00
7.600E-01	1.011E+00	8.606E-05	1.011E+00	1.011E+00	1.011E+00	1.011E+00	1.011E+00	1.011E+00
7.700E-01	1.007E+00	8.889E-05	1.007E+00	1.007E+00	1.007E+00	1.007E+00	1.007E+00	1.007E+00
7.800E-01	1.004E+00	9.175E-05	1.004E+00	1.003E+00	1.004E+00	1.003E+00	1.003E+00	1.004E+00
7.900E-01	9.998E-01	9.464E-05	9.998E-01	9.997E-01	9.998E-01	9.997E-01	9.997E-01	9.998E-01
8.000E-01	9.960E-01	9.752E-05	9.961E-01	9.959E-01	9.961E-01	9.960E-01	9.960E-01	9.960E-01
8.100E-01	9.923E-01	1.004E-04	9.923E-01	9.922E-01	9.923E-01	9.922E-01	9.922E-01	9.923E-01
8.200E-01	9.885E-01	1.032E-04	9.886E-01	9.884E-01	9.885E-01	9.884E-01	9.885E-01	9.885E-01
8.300E-01	9.847E-01	1.060E-04	9.848E-01	9.846E-01	9.848E-01	9.846E-01	9.847E-01	9.847E-01
8.400E-01	9.809E-01	1.087E-04	9.810E-01	9.808E-01	9.810E-01	9.808E-01	9.809E-01	9.809E-01
8.500E-01	9.771E-01	1.114E-04	9.772E-01	9.770E-01	9.772E-01	9.770E-01	9.771E-01	9.771E-01
8.600E-01	9.733E-01	1.140E-04	9.734E-01	9.732E-01	9.733E-01	9.732E-01	9.733E-01	9.733E-01
8.700E-01	9.695E-01	1.166E-04	9.696E-01	9.694E-01	9.695E-01	9.694E-01	9.694E-01	9.695E-01
8.800E-01	9.656E-01	1.190E-04	9.657E-01	9.655E-01	9.657E-01	9.656E-01	9.656E-01	9.656E-01
8.900E-01	9.618E-01	1.214E-04	9.619E-01	9.617E-01	9.618E-01	9.617E-01	9.618E-01	9.618E-01
9.000E-01	9.579E-01	1.237E-04	9.581E-01	9.578E-01	9.580E-01	9.579E-01	9.579E-01	9.580E-01
9.100E-01	9.541E-01	1.259E-04	9.542E-01	9.540E-01	9.541E-01	9.540E-01	9.541E-01	9.541E-01
9.200E-01	9.502E-01	1.280E-04	9.503E-01	9.501E-01	9.503E-01	9.502E-01	9.502E-01	9.502E-01
9.300E-01	9.463E-01	1.300E-04	9.465E-01	9.462E-01	9.464E-01	9.463E-01	9.463E-01	9.464E-01
9.400E-01	9.425E-01	1.319E-04	9.426E-01	9.423E-01	9.425E-01	9.424E-01	9.424E-01	9.425E-01
9.500E-01	9.386E-01	1.338E-04	9.387E-01	9.385E-01	9.386E-01	9.385E-01	9.386E-01	9.386E-01
9.600E-01	9.347E-01	1.355E-04	9.348E-01	9.346E-01	9.347E-01	9.346E-01	9.347E-01	9.347E-01
9.700E-01	9.308E-01	1.371E-04	9.309E-01	9.307E-01	9.308E-01	9.307E-01	9.308E-01	9.308E-01
9.800E-01	9.269E-01	1.386E-04	9.270E-01	9.268E-01	9.269E-01	9.268E-01	9.269E-01	9.269E-01
9.900E-01	9.230E-01	1.401E-04	9.231E-01	9.228E-01	9.230E-01	9.229E-01	9.230E-01	9.230E-01
1.000E+00	9.191E-01	1.414E-04	9.192E-01	9.189E-01	9.191E-01	9.190E-01	9.190E-01	9.191E-01
1.010E+00	9.151E-01	1.426E-04	9.153E-01	9.150E-01	9.152E-01	9.151E-01	9.151E-01	9.152E-01
1.020E+00	9.112E-01	1.438E-04	9.114E-01	9.111E-01	9.113E-01	9.112E-01	9.112E-01	9.112E-01
1.030E+00	9.073E-01	1.448E-04	9.074E-01	9.072E-01	9.073E-01	9.072E-01	9.073E-01	9.073E-01
1.040E+00	9.034E-01	1.457E-04	9.035E-01	9.032E-01	9.034E-01	9.033E-01	9.033E-01	9.034E-01
1.050E+00	8.994E-01	1.466E-04	8.996E-01	8.993E-01	8.995E-01	8.994E-01	8.994E-01	8.994E-01
1.060E+00	8.955E-01	1.473E-04	8.956E-01	8.953E-01	8.955E-01	8.954E-01	8.955E-01	8.955E-01
1.070E+00	8.915E-01	1.479E-04	8.917E-01	8.914E-01	8.916E-01	8.915E-01	8.915E-01	8.916E-01
1.080E+00	8.876E-01	1.485E-04	8.877E-01	8.874E-01	8.876E-01	8.875E-01	8.876E-01	8.876E-01
1.090E+00	8.836E-01	1.489E-04	8.838E-01	8.835E-01	8.837E-01	8.836E-01	8.836E-01	8.837E-01
1.100E+00	8.797E-01	1.493E-04	8.798E-01	8.795E-01	8.797E-01	8.797E-01	8.797E-01	8.797E-01
1.110E+00	8.757E-01	1.495E-04	8.759E-01	8.756E-01	8.758E-01	8.757E-01	8.757E-01	8.758E-01
1.120E+00	8.718E-01	1.497E-04	8.719E-01	8.716E-01	8.718E-01	8.717E-01	8.718E-01	8.718E-01
1.130E+00	8.678E-01	1.497E-04	8.680E-01	8.677E-01	8.679E-01	8.678E-01	8.678E-01	8.679E-01
1.140E+00	8.639E-01	1.497E-04	8.640E-01	8.637E-01	8.639E-01	8.638E-01	8.638E-01	8.639E-01
1.150E+00	8.599E-01	1.496E-04	8.601E-01	8.598E-01	8.600E-01	8.599E-01	8.599E-01	8.599E-01
1.160E+00	8.560E-01	1.494E-04	8.561E-01	8.558E-01	8.560E-01	8.559E-01	8.559E-01	8.560E-01
1.170E+00	8.520E-01	1.490E-04	8.521E-01	8.519E-01	8.520E-01	8.520E-01	8.520E-01	8.520E-01
1.180E+00	8.480E-01	1.486E-04	8.482E-01	8.479E-01	8.481E-01	8.480E-01	8.480E-01	8.481E-01
1.190E+00	8.441E-01	1.482E-04	8.442E-01	8.439E-01	8.441E-01	8.440E-01	8.441E-01	8.441E-01
1.200E+00	8.401E-01	1.476E-04	8.403E-01	8.400E-01	8.402E-01	8.401E-01	8.401E-01	8.401E-01
1.210E+00	8.362E-01	1.469E-04	8.363E-01	8.360E-01	8.362E-01	8.361E-01	8.361E-01	8.362E-01
1.220E+00	8.322E-01	1.462E-04	8.323E-01	8.321E-01	8.322E-01	8.322E-01	8.322E-01	8.322E-01
1.230E+00	8.282E-01	1.454E-04	8.284E-01	8.281E-01	8.283E-01	8.282E-01	8.282E-01	8.283E-01
1.240E+00	8.243E-01	1.445E-04	8.244E-01	8.242E-01	8.243E-01	8.243E-01	8.243E-01	8.243E-01
1.250E+00	8.203E-01	1.435E-04	8.205E-01	8.202E-01	8.204E-01	8.203E-01	8.203E-01	8.204E-01
1.260E+00	8.164E-01	1.424E-04	8.165E-01	8.162E-01	8.164E-01	8.164E-01	8.164E-01	8.164E-01
1.270E+00	8.124E-01	1.412E-04	8.126E-01	8.123E-01	8.125E-01	8.124E-01	8.124E-01	8.125E-01
1.280E+00	8.085E-01	1.400E-04	8.086E-01	8.084E-01	8.085E-01	8.085E-01	8.085E-01	8.085E-01
1.290E+00	8.045E-01	1.387E-04	8.047E-01	8.044E-01	8.046E-01	8.045E-01	8.045E-01	8.046E-01
1.300E+00	8.006E-01	1.373E-04	8.007E-01	8.005E-01	8.006E-01	8.006E-01	8.006E-01	8.006E-01
1.310E+00	7.967E-01	1.359E-04	7.968E-01	7.965E-01	7.967E-01	7.966E-01	7.966E-01	7.967E-01
1.320E+00	7.927E-01	1.343E-04	7.928E-01	7.926E-01	7.927E-01	7.927E-01	7.927E-01	7.927E-01
1.330E+00	7.888E-01	1.327E-04	7.889E-01	7.887E-01	7.888E-01	7.888E-01	7.888E-01	7.888E-01
1.340E+00	7.849E-01	1.310E-04	7.850E-01	7.847E-01	7.849E-01	7.848E-01	7.848E-01	7.849E-01
1.350E+00	7.809E-01	1.293E-04	7.810E-01	7.808E-01	7.809E-01	7.809E-01	7.809E-01	7.809E-01
1.360E+00	7.770E-01	1.275E-04	7.771E-01	7.769E-01	7.770E-01	7.770E-01	7.770E-01	7.770E-01
1.370E+00	7.731E-01	1.256E-04	7.732E-01	7.730E-01	7.731E-01	7.731E-01	7.731E-01	7.731E-01
1.380E+00	7.692E-01	1.237E-04	7.693E-01	7.690E-01	7.692E-01	7.691E-01	7.691E-01	7.692E-01
1.390E+00	7.653E-01	1.217E-04	7.654E-01	7.651E-01	7.653E-01	7.652E-01	7.652E-01	7.653E-01
1.400E+00	7.613E-01	1.196E-04	7.615E-01	7.612E-01	7.614E-01	7.613E-01	7.613E-01	7.614E-01
1.410E+00	7.574E-01	1.175E-04	7.576E-01	7.573E-01	7.575E-01	7.574E-01	7.574E-01	7.575E-01
1.420E+00	7.535E-01	1.153E-04	7.537E-01	7.534E-01	7.536E-01	7.535E-01	7.535E-01	7.536E-01
1.430E+00	7.497E-01	1.131E-04	7.498E-01	7.495E-01	7.497E-01	7.496E-01	7.496E-01	7.497E-01
1.440E+00	7.458E-01	1.108E-04	7.459E-01	7.457E-01	7.458E-01	7.457E-01	7.457E-01	7.458E-01
1.450E+00	7.419E-01	1.084E-04	7.420E-01	7.418E-01	7.419E-01	7.419E-01	7.419E-01	7.419E-01
1.460E+00	7.380E-01	1.060E-04	7.381E-01	7.379E-01	7.380E-01	7.380E-01	7.380E-01	7.380E-01
1.470E+00	7.341E-01	1.035E-04	7.342E-01	7.340E-01	7.342E-01	7.341E-01	7.341E-01	7.342E-01
1.480E+00	7.303E-01	1.010E-04	7.304E-01	7.302E-01	7.303E-01	7.303E-01	7.302E-01	7.303E-01
1.490E+00	7.264E-01	9.848E-05	7.265E-01	7.263E-01	7.264E-01	7.264E-01	7.264E-01	7.264E-01
1.500E+00	7.226E-01	9.588E-05	7.226E-01	7.225E-01	7.226E-01	7.225E-01	7.225E-01	7.226E-01
1.510E+00	7.187E-01	9.324E-05	7.188E-01	7.186E-01	7.187E-01	7.187E-01	7.187E-01	7.187E-01
1.520E+00	7.149E-01	9.056E-05	7.150E-01	7.148E-01	7.149E-01	7.149E-01	7.148E-01	7.149E-01
1.530E+00	7.110E-01	8.785E-05	7.111E-01	7.110E-01	7.111E-01	7.110E-01	7.110E-01	7.111E-01
1.540E+00	7.072E-01	8.509E-05	7.073E-01	7.071E-01	7.072E-01	7.072E-01	7.072E-01	7.072E-01
1.550E+00	7.034E-01	8.231E-05	7.035E-01	7.033E-01	7.034E-01	7.034E-01	7.034E-01	7.034E-01
1.560E+00	6.996E-01	7.949E-05	6.997E-01	6.995E-01	6.996E-01	6.996E-01	6.996E-01	6.996E-01
1.570E+00	6.958E-01	7.666E-05	6.958E-01	6.957E-01	6.958E-01	6.958E-01	6.957E-01	6.958E-01
1.580E+00	6.920E-01	7.379E-05	6.920E-01	6.919E-01	6.920E-01	6.920E-01	6.920E-01	6.920E-01
1.590E+00	6.882E-01	7.092E-05	6.883E-01	6.881E-01	6.882E-01	6.882E-01	6.882E-01	6.882E-01
1.600E+00	6.844E-01	6.803E-05	6.845E-01	6.843E-01	6.844E-01	6.844E-01	6.844E-01	6.844E-01
1.610E+00	6.806E-01	6.513E-05	6.807E-01	6.806E-01	6.806E-01	6.806E-01	6.806E-01	6.807E-01
1.620E+00	6.769E-01	6.224E-05	6.769E-01	6.768E-01	6.769E-01	6.769E-01	6.768E-01	6.769E-01
1.630E+00	6.731E-01	5.935E-05	6.732E-01	6.731E-01	6.731E-01	6.731E-01	6.731E-01	6.731E-01
1.640E+00	6.694E-01	5.648E-05	6.694E-01	6.693E-01	6.694E-01	6.694E-01	6.693E-01	6.694E-01
1.650E+00	6.656E-01	5.364E-05	6.657E-01	6.656E-01	6.656E-01	6.656E-01	6.656E-01	6.657E-01
1.660E+00	6.619E-01	5.084E-05	6.619E-01	6.618E-01	6.619E-01	6.619E-01	6.619E-01	6.619E-01
1.670E+00	6.582E-01	4.810E-05	6.582E-01	6.581E-01	6.582E-01	6.582E-01	6.581E-01	6.582E-01
1.680E+00	6.544E-01	4.544E-05	6.545E-01	6.544E-01	6.545E-01	6.544E-01	6.544E-01	6.545E-01
1.690E+00	6.507E-01	4.288E-05	6.508E-01	6.507E-01	6.507E-01	6.507E-01	6.507E-01	6.508E-01
1.700E+00	6.470E-01	4.044E-05	6.471E-01	6.470E-01	6.471E-01	6.470E-01	6.470E-01	6.471E-01
1.710E+00	6.434E-01	3.818E-05	6.434E-01	6.433E-01	6.434E-01	6.434E-01	6.433E-01	6.434E-01
1.720E+00	6.397E-01	3.611E-05	6.397E-01	6.397E-01	6.397E-01	6.397E-01	6.396E-01	6.397E-01
1.730E+00	6.360E-01	3.430E-05	6.360E-01	6.360E-01	6.360E-01	6.360E-01	6.360E-01	6.360E-01
1.740E+00	6.323E-01	3.279E-05	6.324E-01	6.323E-01	6.324E-01	6.323E-01	6.323E-01	6.324E-01
1.750E+00	6.287E-01	3.165E-05	6.287E-01	6.287E-01	6.287E-01	6.287E-01	6.287E-01	6.287E-01
1.760E+00	6.251E-01	3.090E-05	6.251E-01	6.251E-01	6.251E-01	6.251E-01	6.250E-01	6.251E-01
1.770E+00	6.214E-01	3.061E-05	6.214E-01	6.214E-01	6.214E-01	6.214E-01	6.214E-01	6.215E-01
1.780E+00	6.178E-01	3.078E-05	6.178E-01	6.178E-01	6.178E-01	6.178E-01	6.178E-01	6.178E-01
1.790E+00	6.142E-01	3.143E-05	6.142E-01	6.142E-01	6.142E-01	6.142E-01	6.142E-01	6.142E-01
1.800E+00	6.106E-01	3.252E-05	6.106E-01	6.106E-01	6.106E-01	6.106E-01	6.106E-01	6.106E-01
1.810E+00	6.070E-01	3.403E-05	6.070E-01	6.070E-01	6.070E-01	6.070E-01	6.070E-01	6.070E-01
1.820E+00	6.034E-01	3.590E-05	6.034E-01	6.034E-01	6.034E-01	6.034E-01	6.034E-01	6.035E-01
1.830E+00	5.999E-01	3.809E-05	5.998E-01	5.999E-01	5.999E-01	5.999E-01	5.998E-01	5.999E-01
1.840E+00	5.963E-01	4.055E-05	5.963E-01	5.963E-01	5.963E-01	5.963E-01	5.963E-01	5.963E-01
1.850E+00	5.927E-01	4.325E-05	5.927E-01	5.928E-01	5.927E-01	5.927E-01	5.927E-01	5.928E-01
1.860E+00	5.892E-01	4.613E-05	5.892E-01	5.892E-01	5.892E-01	5.892E-01	5.892E-01	5.892E-01
1.870E+00	5.857E-01	4.918E-05	5.856E-01	5.857E-01	5.857E-01	5.857E-01	5.856E-01	5.857E-01
1.880E+00	5.822E-01	5.237E-05	5.821E-01	5.822E-01	5.822E-01	5.822E-01	5.821E-01	5.822E-01
1.890E+00	5.787E-01	5.567E-05	5.786E-01	5.787E-01	5.786E-01	5.787E-01	5.786E-01	5.787E-01
1.900E+00	5.752E-01	5.907E-05	5.751E-01	5.752E-01	5.752E-01	5.752E-01	5.751E-01	5.752E-01
1.910E+00	5.717E-01	6.255E-05	5.716E-01	5.717E-01	5.717E-01	5.717E-01	5.716E-01	5.717E-01
1.920E+00	5.682E-01	6.610E-05	5.681E-01	5.683E-01	5.682E-01	5.682E-01	5.682E-01	5.682E-01
1.930E+00	5.647E-01	6.972E-05	5.647E-01	5.648E-01	5.647E-01	5.647E-01	5.647E-01	5.648E-01
1.940E+00	5.613E-01	7.339E-05	5.612E-01	5.614E-01	5.613E-01	5.613E-01	5.613E-01	5.613E-01
1.950E+00	5.579E-01	7.711E-05	5.578E-01	5.579E-01	5.578E-01	5.579E-01	5.578E-01	5.579E-01
1.960E+00	5.544E-01	8.086E-05	5.544E-01	5.545E-01	5.544E-01	5.544E-01	5.544E-01	5.545E-01
1.970E+00	5.510E-01	8.466E-05	5.509E-01	5.511E-01	5.510E-01	5.510E-01	5.510E-01	5.510E-01
1.980E+00	5.476E-01	8.848E-05	5.475E-01	5.477E-01	5.476E-01	5.476E-01	5.476E-01	5.476E-01
1.990E+00	5.442E-01	9.233E-05	5.441E-01	5.443E-01	5.442E-01	5.442E-01	5.442E-01	5.442E-01
2.000E+00	5.408E-01	9.620E-05	5.407E-01	5.409E-01	5.408E-01	5.408E-01	5.408E-01	5.409E-01
2.010E+00	5.375E-01	1.001E-04	5.374E-01	5.376E-01	5.375E-01	5.375E-01	5.374E-01	5.375E-01
2.020E+00	5.341E-01	1.040E-04	5.340E-01	5.342E-01	5.341E-01	5.341E-01	5.341E-01	5.341E-01
2.030E+00	5.308E-01	1.079E-04	5.307E-01	5.309E-01	5.307E-01	5.308E-01	5.307E-01	5.308E-01
2.040E+00	5.274E-01	1.119E-04	5.273E-01	5.275E-01	5.274E-01	5.274E-01	5.274E-01	5.275E-01
2.050E+00	5.241E-01	1.158E-04	5.240E-01	5.242E-01	5.241E-01	5.241E-01	5.241E-01	5.241E-01
2.060E+00	5.208E-01	1.198E-04	5.207E-01	5.209E-01	5.208E-01	5.208E-01	5.208E-01	5.208E-01
2.070E+00	5.175E-01	1.238E-04	5.174E-01	5.176E-01	5.175E-01	5.175E-01	5.175E-01	5.175E-01
2.080E+00	5.142E-01	1.277E-04	5.141E-01	5.143E-01	5.142E-01	5.142E-01	5.142E-01	5.142E-01
2.090E+00	5.109E-01	1.317E-04	5.108E-01	5.111E-01	5.109E-01	5.110E-01	5.109E-01	5.110E-01
2.100E+00	5.077E-01	1.357E-04	5.075E-01	5.078E-01	5.077E-01	5.077E-01	5.076E-01	5.077E-01
2.110E+00	5.044E-01	1.397E-04	5.043E-01	5.046E-01	5.044E-01	5.044E-01	5.044E-01	5.045E-01
2.120E+00	5.012E-01	1.437E-04	5.011E-01	5.013E-01	5.012E-01	5.012E-01	5.012E-01	5.012E-01
2.130E+00	4.980E-01	1.477E-04	4.978E-01	4.981E-01	4.980E-01	4.980E-01	4.979E-01	4.980E-01
2.140E+00	4.948E-01	1.516E-04	4.946E-01	4.949E-01	4.947E-01	4.948E-01	4.947E-01	4.948E-01
2.150E+00	4.916E-01	1.556E-04	4.914E-01	4.917E-01	4.915E-01	4.916E-01	4.915E-01	4.916E-01
2.160E+00	4.884E-01	1.596E-04	4.882E-01	4.885E-01	4.884E-01	4.884E-01	4.883E-01	4.884E-01
2.170E+00	4.852E-01	1.636E-04	4.850E-01	4.854E-01	4.852E-01	4.852E-01	4.852E-01	4.852E-01
2.180E+00	4.820E-01	1.675E-04	4.819E-01	4.822E-01	4.820E-01	4.821E-01	4.820E-01	4.821E-01
2.190E+00	4.789E-01	1.715E-04	4.787E-01	4.791E-01	4.789E-01	4.789E-01	4.789E-01	4.789E-01
2.200E+00	4.758E-01	1.755E-04	4.756E-01	4.759E-01	4.757E-01	4.758E-01	4.757E-01	4.758E-01
2.210E+00	4.726E-01	1.794E-04	4.725E-01	4.728E-01	4.726E-01	4.727E-01	4.726E-01	4.727E-01
2.220E+00	4.695E-01	1.834E-04	4.693E-01	4.697E-01	4.695E-01	4.695E-01	4.695E-01	4.696E-01
2.230E+00	4.664E-01	1.873E-04	4.662E-01	4.666E-01	4.664E-01	4.664E-01	4.664E-01	4.665E-01
2.240E+00	4.633E-01	1.912E-04	4.632E-01	4.635E-01	4.633E-01	4.634E-01	4.633E-01	4.634E-01
2.250E+00	4.603E-01	1.951E-04	4.601E-01	4.605E-01	4.603E-01	4.603E-01	4.602E-01	4.603E-01
2.260E+00	4.572E-01	1.990E-04	4.570E-01	4.574E-01	4.572E-01	4.572E-01	4.572E-01	4.572E-01
2.270E+00	4.542E-01	2.029E-04	4.540E-01	4.544E-01	4.542E-01	4.542E-01	4.541E-01	4.542E-01
2.280E+00	4.511E-01	2.068E-04	4.509E-01	4.513E-01	4.511E-01	4.512E-01	4.511E-01	4.512E-01
2.290E+00	4.481E-01	2.106E-04	4.479E-01	4.483E-01	4.481E-01	4.481E-01	4.481E-01	4.482E-01
2.300E+00	4.451E-01	2.144E-04	4.449E-01	4.453E-01	4.451E-01	4.451E-01	4.451E-01	4.451E-01
2.310E+00	4.421E-01	2.183E-04	4.419E-01	4.423E-01	4.421E-01	4.421E-01	4.421E-01	4.422E-01
2.320E+00	4.391E-01	2.221E-04	4.389E-01	4.394E-01	4.391E-01	4.392E-01	4.391E-01	4.392E-01
2.330E+00	4.362E-01	2.259E-04	4.360E-01	4.364E-01	4.362E-01	4.362E-01	4.361E-01	4.362E-01
2.340E+00	4.332E-01	2.297E-04	4.330E-01	4.334E-01	4.332E-01	4.332E-01	4.332E-01	4.333E-01
2.350E+00	4.303E-01	2.334E-04	4.300E-01	4.305E-01	4.303E-01	4.303E-01	4.302E-01	4.303E-01
2.360E+00	4.273E-01	2.372E-04	4.271E-01	4.276E-01	4.273E-01	4.274E-01	4.273E-01	4.274E-01
2.370E+00	4.244E-01	2.409E-04	4.242E-01	4.247E-01	4.244E-01	4.245E-01	4.244E-01	4.245E-01
2.380E+00	4.215E-01	2.446E-04	4.213E-01	4.218E-01	4.215E-01	4.216E-01	4.215E-01	4.216E-01
2.390E+00	4.186E-01	2.483E-04	4.184E-01	4.189E-01	4.186E-01	4.187E-01	4.186E-01	4.187E-01
2.400E+00	4.158E-01	2.519E-04	4.155E-01	4.160E-01	4.157E-01	4.158E-01	4.157E-01	4.158E-01
2.410E+00	4.129E-01	2.556E-04	4.127E-01	4.132E-01	4.129E-01	4.129E-01	4.129E-01	4.129E-01
2.420E+00	4.101E-01	2.592E-04	4.098E-01	4.103E-01	4.100E-01	4.101E-01	4.100E-01	4.101E-01
2.430E+00	4.072E-01	2.628E-04	4.070E-01	4.075E-01	4.072E-01	4.072E-01	4.072E-01	4.073E-01
2.440E+00	4.044E-01	2.664E-04	4.041E-01	4.047E-01	4.044E-01	4.044E-01	4.044E-01	4.044E-01
2.450E+00	4.016E-01	2.700E-04	4.013E-01	4.019E-01	4.016E-01	4.016E-01	4.016E-01	4.016E-01
2.460E+00	3.988E-01	2.735E-04	3.985E-01	3.991E-01	3.988E-01	3.988E-01	3.988E-01	3.988E-01
2.470E+00	3.960E-01	2.770E-04	3.957E-01	3.963E-01	3.960E-01	3.960E-01	3.960E-01	3.960E-01
2.480E+00	3.932E-01	2.805E-04	3.930E-01	3.935E-01	3.932E-01	3.933E-01	3.932E-01	3.933E-01
2.490E+00	3.905E-01	2.840E-04	3.902E-01	3.908E-01	3.905E-01	3.905E-01	3.905E-01	3.905E-01
2.500E+00	3.877E-01	2.874E-04	3.875E-01	3.880E-01	3.877E-01	3.878E-01	3.877E-01	3.878E-01
2.510E+00	3.850E-01	2.908E-04	3.847E-01	3.853E-01	3.850E-01	3.850E-01	3.850E-01	3.851E-01
2.520E+00	3.823E-01	2.942E-04	3.820E-01	3.826E-01	3.823E-01	3.823E-01	3.823E-01	3.823E-01
2.530E+00	3.796E-01	2.976E-04	3.793E-01	3.799E-01	3.796E-01	3.796E-01	3.796E-01	3.796E-01
2.540E+00	3.769E-01	3.009E-04	3.766E-01	3.772E-01	3.769E-01	3.769E-01	3.769E-01	3.769E-01
2.550E+00	3.742E-01	3.042E-04	3.739E-01	3.745E-01	3.742E-01	3.743E-01	3.742E-01	3.743E-01
2.560E+00	3.716E-01	3.075E-04	3.713E-01	3.719E-01	3.715E-01	3.716E-01	3.715E-01	3.716E-01
2.570E+00	3.689E-01	3.108E-04	3.686E-01	3.692E-01	3.689E-01	3.689E-01	3.689E-01	3.690E-01
2.580E+00	3.663E-01	3.140E-04	3.660E-01	3.666E-01	3.663E-01	3.663E-01	3.663E-01	3.663E-01
2.590E+00	3.637E-01	3.172E-04	3.634E-01	3.640E-01	3.636E-01	3.637E-01	3.636E-01	3.637E-01
2.600E+00	3.611E-01	3.204E-04	3.607E-01	3.614E-01	3.610E-01	3.611E-01	3.610E-01	3.611E-01
2.610E+00	3.585E-01	3.236E-04	3.581E-01	3.588E-01	3.584E-01	3.585E-01	3.584E-01	3.585E-01
2.620E+00	3.559E-01	3.267E-04	3.556E-01	3.562E-01	3.558E-01	3.559E-01	3.558E-01	3.559E-01
2.630E+00	3.533E-01	3.298E-04	3.530E-01	3.536E-01	3.533E-01	3.533E-01	3.533E-01	3.533E-01
2.640E+00	3.507E-01	3.329E-04	3.504E-01	3.511E-01	3.507E-01	3.508E-01	3.507E-01	3.508E-01
2.650E+00	3.482E-01	3.359E-04	3.479E-01	3.485E-01	3.482E-01	3.482E-01	3.482E-01	3.482E-01
2.660E+00	3.457E-01	3.389E-04	3.453E-01	3.460E-01	3.456E-01	3.457E-01	3.456E-01	3.457E-01
2.670E+00	3.432E-01	3.419E-04	3.428E-01	3.435E-01	3.431E-01	3.432E-01	3.431E-01	3.432E-01
2.680E+00	3.407E-01	3.449E-04	3.403E-01	3.410E-01	3.406E-01	3.407E-01	3.406E-01	3.407E-01
2.690E+00	3.382E-01	3.478E-04	3.378E-01	3.385E-01	3.381E-01	3.382E-01	3.381E-01	3.382E-01
2.700E+00	3.357E-01	3.507E-04	3.353E-01	3.360E-01	3.357E-01	3.357E-01	3.357E-01	3.357E-01
2.710E+00	3.332E-01	3.536E-04	3.329E-01	3.336E-01	3.332E-01	3.333E-01	3.332E-01	3.333E-01
2.720E+00	3.308E-01	3.564E-04	3.304E-01	3.311E-01	3.307E-01	3.308E-01	3.307E-01	3.308E-01
2.730E+00	3.283E-01	3.592E-04	3.280E-01	3.287E-01	3.283E-01	3.284E-01	3.283E-01	3.284E-01
2.740E+00	3.259E-01	3.620E-04	3.256E-01	3.263E-01	3.259E-01	3.259E-01	3.259E-01	3.259E-01
2.750E+00	3.235E-01	3.647E-04	3.231E-01	3.239E-01	3.235E-01	3.235E-01	3.235E-01	3.235E-01
2.760E+00	3.211E-01	3.674E-04	3.207E-01	3.215E-01	3.211E-01	3.211E-01	3.211E-01	3.211E-01
2.770E+00	3.187E-01	3.701E-04	3.183E-01	3.191E-01	3.187E-01	3.187E-01	3.187E-01	3.187E-01
2.780E+00	3.163E-01	3.727E-04	3.160E-01	3.167E-01	3.163E-01	3.164E-01	3.163E-01	3.164E-01
2.790E+00	3.140E-01	3.754E-04	3.136E-01	3.144E-01	3.140E-01	3.140E-01	3.139E-01	3.140E-01
2.800E+00	3.116E-01	3.780E-04	3.113E-01	3.120E-01	3.116E-01	3.117E-01	3.116E-01	3.117E-01
2.810E+00	3.093E-01	3.805E-04	3.089E-01	3.097E-01	3.093E-01	3.093E-01	3.093E-01	3.093E-01
2.820E+00	3.070E-01	3.830E-04	3.066E-01	3.074E-01	3.069E-01	3.070E-01	3.069E-01	3.070E-01
2.830E+00	3.047E-01	3.855E-04	3.043E-01	3.051E-01	3.046E-01	3.047E-01	3.046E-01	3.047E-01
2.840E+00	3.024E-01	3.880E-04	3.020E-01	3.028E-01	3.023E-01	3.024E-01	3.023E-01	3.024E-01
2.850E+00	3.001E-01	3.904E-04	2.997E-01	3.005E-01	3.001E-01	3.001E-01	3.001E-01	3.001E-01
2.860E+00	2.978E-01	3.928E-04	2.974E-01	2.982E-01	2.978E-01	2.979E-01	2.978E-01	2.979E-01
2.870E+00	2.956E-01	3.952E-04	2.952E-01	2.960E-01	2.955E-01	2.956E-01	2.955E-01	2.956E-01
2.880E+00	2.933E-01	3.975E-04	2.929E-01	2.937E-01	2.933E-01	2.934E-01	2.933E-01	2.934E-01
2.890E+00	2.911E-01	3.998E-04	2.907E-01	2.915E-01	2.911E-01	2.911E-01	2.911E-01	2.911E-01
2.900E+00	2.889E-01	4.021E-04	2.885E-01	2.893E-01	2.888E-01	2.889E-01	2.888E-01	2.889E-01
2.910E+00	2.867E-01	4.043E-04	2.863E-01	2.871E-01	2.866E-01	2.867E-01	2.866E-01	2.867E-01
2.920E+00	2.845E-01	4.065E-04	2.841E-01	2.849E-01	2.844E-01	2.845E-01	2.844E-01	2.845E-01
2.930E+00	2.823E-01	4.087E-04	2.819E-01	2.827E-01	2.823E-01	2.823E-01	2.823E-01	2.823E-01
2.940E+00	2.801E-01	4.108E-04	2.797E-01	2.805E-01	2.801E-01	2.802E-01	2.801E-01	2.802E-01
2.950E+00	2.780E-01	4.129E-04	2.776E-01	2.784E-01	2.779E-01	2.780E-01	2.779E-01	2.780E-01
2.960E+00	2.758E-01	4.150E-04	2.754E-01	2.762E-01	2.758E-01	2.759E-01	2.758E-01	2.759E-01
2.970E+00	2.737E-01	4.170E-04	2.733E-01	2.741E-01	2.737E-01	2.737E-01	2.737E-01	2.737E-01
2.980E+00	2.716E-01	4.190E-04	2.712E-01	2.720E-01	2.716E-01	2.716E-01	2.716E-01	2.716E-01
2.990E+00	2.695E-01	4.210E-04	2.691E-01	2.699E-01	2.695E-01	2.695E-01	2.695E-01	2.695E-01
3.000E+00	2.674E-01	4.229E-04	2.670E-01	2.678E-01	2.674E-01	2.674E-01	2.674E-01	2.674E-01
