1.000E-02	1.277E+00	4.682E-04	1.277E+00	1.276E+00	1.277E+00	1.277E+00	1.277E+00	1.277E+00
2.000E-02	1.277E+00	4.662E-04	1.277E+00	1.276E+00	1.277E+00	1.277E+00	1.277E+00	1.277E+00
3.000E-02	1.276E+00	4.636E-04	1.277E+00	1.276E+00	1.277E+00	1.276E+00	1.276E+00	1.276E+00
4.000E-02	1.276E+00	4.605E-04	1.277E+00	1.276E+00	1.276E+00	1.276E+00	1.276E+00	1.276E+00
5.000E-02	1.276E+00	4.568E-04	1.276E+00	1.275E+00	1.276E+00	1.276E+00	1.276E+00	1.276E+00
6.000E-02	1.275E+00	4.527E-04	1.276E+00	1.275E+00	1.275E+00	1.275E+00	1.275E+00	1.275E+00
7.000E-02	1.275E+00	4.482E-04	1.275E+00	1.274E+00	1.275E+00	1.275E+00	1.275E+00	1.275E+00
8.000E-02	1.274E+00	4.434E-04	1.275E+00	1.274E+00	1.274E+00	1.274E+00	1.274E+00	1.274E+00
9.000E-02	1.274E+00	4.382E-04	1.274E+00	1.273E+00	1.274E+00	1.274E+00	1.274E+00	1.274E+00
1.000E-01	1.273E+00	4.328E-04	1.273E+00	1.273E+00	1.273E+00	1.273E+00	1.273E+00	1.273E+00
1.100E-01	1.272E+00	4.272E-04	1.273E+00	1.272E+00	1.272E+00	1.272E+00	1.272E+00	1.272E+00
1.200E-01	1.271E+00	4.213E-04	1.272E+00	1.271E+00	1.271E+00	1.271E+00	1.271E+00	1.271E+00
1.300E-01	1.271E+00	4.152E-04	1.271E+00	1.270E+00	1.271E+00	1.270E+00	1.271E+00	1.271E+00
1.400E-01	1.270E+00	4.089E-04	1.270E+00	1.269E+00	1.270E+00	1.270E+00	1.270E+00	1.270E+00
1.500E-01	1.269E+00	4.024E-04	1.269E+00	1.268E+00	1.269E+00	1.269E+00	1.269E+00	1.269E+00
1.600E-01	1.268E+00	3.958E-04	1.268E+00	1.267E+00	1.268E+00	1.267E+00	1.268E+00	1.268E+00
1.700E-01	1.266E+00	3.890E-04	1.267E+00	1.266E+00	1.267E+00	1.266E+00	1.266E+00	1.266E+00
1.800E-01	1.265E+00	3.821E-04	1.266E+00	1.265E+00	1.265E+00	1.265E+00	1.265E+00	1.265E+00
1.900E-01	1.264E+00	3.751E-04	1.264E+00	1.264E+00	1.264E+00	1.264E+00	1.264E+00	1.264E+00
2.000E-01	1.263E+00	3.679E-04	1.263E+00	1.262E+00	1.263E+00	1.263E+00	1.263E+00	1.263E+00
2.100E-01	1.262E+00	3.607E-04	1.262E+00	1.261E+00	1.262E+00	1.261E+00	1.262E+00	1.262E+00
2.200E-01	1.260E+00	3.533E-04	1.260E+00	1.260E+00	1.260E+00	1.260E+00	1.260E+00	1.260E+00
2.300E-01	1.259E+00	3.459E-04	1.259E+00	1.258E+00	1.259E+00	1.259E+00	1.259E+00	1.259E+00
2.400E-01	1.257E+00	3.384E-04	1.258E+00	1.257E+00	1.257E+00	1.257E+00	1.257E+00	1.257E+00
2.500E-01	1.256E+00	3.309E-04	1.256E+00	1.255E+00	1.256E+00	1.256E+00	1.256E+00	1.256E+00
2.600E-01	1.254E+00	3.233E-04	1.254E+00	1.254E+00	1.254E+00	1.254E+00	1.254E+00	1.254E+00
2.700E-01	1.253E+00	3.157E-04	1.253E+00	1.252E+00	1.253E+00	1.252E+00	1.253E+00	1.253E+00
2.800E-01	1.251E+00	3.080E-04	1.251E+00	1.251E+00	1.251E+00	1.251E+00	1.251E+00	1.251E+00
2.900E-01	1.249E+00	3.003E-04	1.249E+00	1.249E+00	1.249E+00	1.249E+00	1.249E+00	1.249E+00
3.000E-01	1.247E+00	2.926E-04	1.248E+00	1.247E+00	1.247E+00	1.247E+00	1.247E+00	1.247E+00
3.100E-01	1.246E+00	2.848E-04	1.246E+00	1.245E+00	1.246E+00	1.245E+00	1.246E+00	1.246E+00
3.200E-01	1.244E+00	2.771E-04	1.244E+00	1.243E+00	1.244E+00	1.244E+00	1.244E+00	1.244E+00
3.300E-01	1.242E+00	2.693E-04	1.242E+00	1.241E+00	1.242E+00	1.242E+00	1.242E+00	1.242E+00
3.400E-01	1.240E+00	2.616E-04	1.240E+00	1.240E+00	1.240E+00	1.240E+00	1.240E+00	1.240E+00
3.500E-01	1.238E+00	2.539E-04	1.238E+00	1.238E+00	1.238E+00	1.238E+00	1.238E+00	1.238E+00
3.600E-01	1.236E+00	2.462E-04	1.236E+00	1.235E+00	1.236E+00	1.236E+00	1.236E+00	1.236E+00
3.700E-01	1.234E+00	2.385E-04	1.234E+00	1.233E+00	1.234E+00	1.234E+00	1.234E+00	1.234E+00
3.800E-01	1.231E+00	2.309E-04	1.232E+00	1.231E+00	1.232E+00	1.231E+00	1.231E+00	1.231E+00
3.900E-01	1.229E+00	2.233E-04	1.229E+00	1.229E+00	1.229E+00	1.229E+00	1.229E+00	1.229E+00
4.000E-01	1.227E+00	2.157E-04	1.227E+00	1.227E+00	1.227E+00	1.227E+00	1.227E+00	1.227E+00
4.100E-01	1.225E+00	2.082E-04	1.225E+00	1.225E+00	1.225E+00	1.225E+00	1.225E+00	1.225E+00
4.200E-01	1.222E+00	2.008E-04	1.223E+00	1.222E+00	1.222E+00	1.222E+00	1.222E+00	1.222E+00
4.300E-01	1.220E+00	1.934E-04	1.220E+00	1.220E+00	1.220E+00	1.220E+00	1.220E+00	1.220E+00
4.400E-01	1.218E+00	1.862E-04	1.218E+00	1.217E+00	1.218E+00	1.218E+00	1.218E+00	1.218E+00
4.500E-01	1.215E+00	1.790E-04	1.215E+00	1.215E+00	1.215E+00	1.215E+00	1.215E+00	1.215E+00
4.600E-01	1.213E+00	1.718E-04	1.213E+00	1.213E+00	1.213E+00	1.213E+00	1.213E+00	1.213E+00
4.700E-01	1.210E+00	1.648E-04	1.210E+00	1.210E+00	1.210E+00	1.210E+00	1.210E+00	1.210E+00
4.800E-01	1.208E+00	1.579E-04	1.208E+00	1.207E+00	1.208E+00	1.207E+00	1.208E+00	1.208E+00
4.900E-01	1.205E+00	1.511E-04	1.205E+00	1.205E+00	1.205E+00	1.205E+00	1.205E+00	1.205E+00
5.000E-01	1.202E+00	1.445E-04	1.202E+00	1.202E+00	1.202E+00	1.202E+00	1.202E+00	1.202E+00
5.100E-01	1.200E+00	1.380E-04	1.200E+00	1.199E+00	1.200E+00	1.200E+00	1.200E+00	1.200E+00
5.200E-01	1.197E+00	1.316E-04	1.197E+00	1.197E+00	1.197E+00	1.197E+00	1.197E+00	1.197E+00
5.300E-01	1.194E+00	1.254E-04	1.194E+00	1.194E+00	1.194E+00	1.194E+00	1.194E+00	1.194E+00
5.400E-01	1.191E+00	1.194E-04	1.191E+00	1.191E+00	1.191E+00	1.191E+00	1.191E+00	1.191E+00
5.500E-01	1.188E+00	1.136E-04	1.188E+00	1.188E+00	1.188E+00	1.188E+00	1.188E+00	1.188E+00
5.600E-01	1.186E+00	1.080E-04	1.186E+00	1.185E+00	1.186E+00	1.185E+00	1.186E+00	1.186E+00
5.700E-01	1.183E+00	1.026E-04	1.183E+00	1.183E+00	1.183E+00	1.183E+00	1.183E+00	1.183E+00
5.800E-01	1.180E+00	9.754E-05	1.180E+00	1.180E+00	1.180E+00	1.180E+00	1.180E+00	1.180E+00
5.900E-01	1.177E+00	9.275E-05	1.177E+00	1.177E+00	1.177E+00	1.177E+00	1.177E+00	1.177E+00
6.000E-01	1.174E+00	8.827E-05	1.174E+00	1.174E+00	1.174E+00	1.174E+00	1.174E+00	1.174E+00
6.100E-01	1.171E+00	8.414E-05	1.171E+00	1.170E+00	1.171E+00	1.170E+00	1.171E+00	1.171E+00
6.200E-01	1.167E+00	8.040E-05	1.167E+00	1.167E+00	1.167E+00	1.167E+00	1.167E+00	1.167E+00
6.300E-01	1.164E+00	7.707E-05	1.164E+00	1.164E+00	1.164E+00	1.164E+00	1.164E+00	1.164E+00
6.400E-01	1.161E+00	7.420E-05	1.161E+00	1.161E+00	1.161E+00	1.161E+00	1.161E+00	1.161E+00
6.500E-01	1.158E+00	7.180E-05	1.158E+00	1.158E+00	1.158E+00	1.158E+00	1.158E+00	1.158E+00
6.600E-01	1.155E+00	6.991E-05	1.155E+00	1.155E+00	1.155E+00	1.155E+00	1.155E+00	1.155E+00
6.700E-01	1.151E+00	6.853E-05	1.151E+00	1.151E+00	1.151E+00	1.151E+00	1.151E+00	1.151E+00
6.800E-01	1.148E+00	6.768E-05	1.148E+00	1.148E+00	1.148E+00	1.148E+00	1.148E+00	1.148E+00
6.900E-01	1.145E+00	6.734E-05	1.145E+00	1.145E+00	1.145E+00	1.145E+00	1.145E+00	1.145E+00
7.000E-01	1.141E+00	6.749E-05	1.141E+00	1.141E+00	1.141E+00	1.141E+00	1.141E+00	1.141E+00
7.100E-01	1.138E+00	6.810E-05	1.138E+00	1.138E+00	1.138E+00	1.138E+00	1.138E+00	1.138E+00
7.200E-01	1.135E+00	6.914E-05	1.135E+00	1.135E+00	1.135E+00	1.134E+00	1.135E+00	1.135E+00
7.300E-01	1.131E+00	7.056E-05	1.131E+00	1.131E+00	1.131E+00	1.131E+00	1.131E+00	1.131E+00
7.400E-01	1.128E+00	7.232E-05	1.128E+00	1.128E+00	1.128E+00	1.128E+00	1.128E+00	1.128E+00
7.500E-01	1.124E+00	7.435E-05	1.124E+00	1.124E+00	1.124E+00	1.124E+00	1.124E+00	1.124E+00
7.600E-01	1.121E+00	7.663E-05	1.120E+00	1.121E+00	1.121E+00	1.120E+00	1.121E+00	1.121E+00
7.700E-01	1.117E+00	7.910E-05	1.117E+00	1.117E+00	1.117E+00	1.117E+00	1.117E+00	1.117E+00
7.800E-01	1.113E+00	8.172E-05	1.113E+00	1.113E+00	1.113E+00	1.113E+00	1.113E+00	1.113E+00
7.900E-01	1.110E+00	8.447E-05	1.110E+00	1.110E+00	1.110E+00	1.110E+00	1.110E+00	1.110E+00
8.000E-01	1.106E+00	8.730E-05	1.106E+00	1.106E+00	1.106E+00	1.106E+00	1.106E+00	1.106E+00
8.100E-01	1.102E+00	9.020E-05	1.102E+00	1.102E+00	1.102E+00	1.102E+00	1.102E+00	1.102E+00
8.200E-01	1.099E+00	9.314E-05	1.099E+00	1.099E+00	1.099E+00	1.099E+00	1.099E+00	1.099E+00
8.300E-01	1.095E+00	9.610E-05	1.095E+00	1.095E+00	1.095E+00	1.095E+00	1.095E+00	1.095E+00
8.400E-01	1.091E+00	9.905E-05	1.091E+00	1.091E+00	1.091E+00	1.091E+00	1.091E+00	1.091E+00
8.500E-01	1.087E+00	1.020E-04	1.087E+00	1.087E+00	1.087E+00	1.087E+00	1.087E+00	1.087E+00
8.600E-01	1.084E+00	1.049E-04	1.083E+00	1.084E+00	1.084E+00	1.083E+00	1.084E+00	1.084E+00
8.700E-01	1.080E+00	1.078E-04	1.080E+00	1.080E+00	1.080E+00	1.080E+00	1.080E+00	1.080E+00
8.800E-01	1.076E+00	1.106E-04	1.076E+00	1.076E+00	1.076E+00	1.076E+00	1.076E+00	1.076E+00
8.900E-01	1.072E+00	1.134E-04	1.072E+00	1.072E+00	1.072E+00	1.072E+00	1.072E+00	1.072E+00
9.000E-01	1.068E+00	1.161E-04	1.068E+00	1.068E+00	1.068E+00	1.068E+00	1.068E+00	1.068E+00
9.100E-01	1.064E+00	1.187E-04	1.064E+00	1.064E+00	1.064E+00	1.064E+00	1.064E+00	1.064E+00
9.200E-01	1.060E+00	1.213E-04	1.060E+00	1.060E+00	1.060E+00	1.060E+00	1.060E+00	1.060E+00
9.300E-01	1.056E+00	1.238E-04	1.056E+00	1.056E+00	1.056E+00	1.056E+00	1.056E+00	1.056E+00
9.400E-01	1.052E+00	1.262E-04	1.052E+00	1.052E+00	1.052E+00	1.052E+00	1.052E+00	1.052E+00
9.500E-01	1.048E+00	1.285E-04	1.048E+00	1.048E+00	1.048E+00	1.048E+00	1.048E+00	1.048E+00
9.600E-01	1.044E+00	1.307E-04	1.044E+00	1.044E+00	1.044E+00	1.044E+00	1.044E+00	1.044E+00
9.700E-01	1.040E+00	1.328E-04	1.040E+00	1.040E+00	1.040E+00	1.040E+00	1.040E+00	1.040E+00
9.800E-01	1.036E+00	1.348E-04	1.036E+00	1.036E+00	1.036E+00	1.036E+00	1.036E+00	1.036E+00
9.900E-01	1.032E+00	1.368E-04	1.032E+00	1.032E+00	1.032E+00	1.032E+00	1.032E+00	1.032E+00
1.000E+00	1.028E+00	1.386E-04	1.028E+00	1.028E+00	1.028E+00	1.028E+00	1.028E+00	1.028E+00
1.010E+00	1.024E+00	1.403E-04	1.024E+00	1.024E+00	1.024E+00	1.024E+00	1.024E+00	1.024E+00
1.020E+00	1.020E+00	1.419E-04	1.019E+00	1.020E+00	1.020E+00	1.019E+00	1.019E+00	1.020E+00
1.030E+00	1.015E+00	1.434E-04	1.015E+00	1.015E+00	1.015E+00	1.015E+00	1.015E+00	1.015E+00
1.040E+00	1.011E+00	1.448E-04	1.011E+00	1.011E+00	1.011E+00	1.011E+00	1.011E+00	1.011E+00
1.050E+00	1.007E+00	1.461E-04	1.007E+00	1.007E+00	1.007E+00	1.007E+00	1.007E+00	1.007E+00
1.060E+00	1.003E+00	1.473E-04	1.003E+00	1.003E+00	1.003E+00	1.003E+00	1.003E+00	1.003E+00
1.070E+00	9.985E-01	1.484E-04	9.983E-01	9.986E-01	9.985E-01	9.984E-01	9.985E-01	9.985E-01
1.080E+00	9.942E-01	1.494E-04	9.941E-01	9.944E-01	9.943E-01	9.942E-01	9.942E-01	9.942E-01
1.090E+00	9.900E-01	1.502E-04	9.898E-01	9.901E-01	9.900E-01	9.899E-01	9.899E-01	9.900E-01
1.100E+00	9.857E-01	1.510E-04	9.855E-01	9.858E-01	9.857E-01	9.856E-01	9.857E-01	9.857E-01
1.110E+00	9.814E-01	1.516E-04	9.812E-01	9.815E-01	9.814E-01	9.813E-01	9.814E-01	9.814E-01
1.120E+00	9.771E-01	1.522E-04	9.769E-01	9.772E-01	9.771E-01	9.770E-01	9.770E-01	9.771E-01
1.130E+00	9.727E-01	1.526E-04	9.726E-01	9.729E-01	9.728E-01	9.727E-01	9.727E-01	9.727E-01
1.140E+00	9.684E-01	1.529E-04	9.682E-01	9.685E-01	9.684E-01	9.684E-01	9.684E-01	9.684E-01
1.150E+00	9.640E-01	1.531E-04	9.639E-01	9.642E-01	9.641E-01	9.640E-01	9.640E-01	9.641E-01
1.160E+00	9.597E-01	1.532E-04	9.595E-01	9.598E-01	9.597E-01	9.596E-01	9.597E-01	9.597E-01
1.170E+00	9.553E-01	1.532E-04	9.552E-01	9.555E-01	9.553E-01	9.553E-01	9.553E-01	9.553E-01
1.180E+00	9.509E-01	1.531E-04	9.508E-01	9.511E-01	9.509E-01	9.509E-01	9.509E-01	9.509E-01
1.190E+00	9.465E-01	1.529E-04	9.464E-01	9.467E-01	9.465E-01	9.465E-01	9.465E-01	9.465E-01
1.200E+00	9.421E-01	1.526E-04	9.420E-01	9.423E-01	9.421E-01	9.421E-01	9.421E-01	9.421E-01
1.210E+00	9.377E-01	1.521E-04	9.375E-01	9.378E-01	9.377E-01	9.376E-01	9.377E-01	9.377E-01
1.220E+00	9.333E-01	1.516E-04	9.331E-01	9.334E-01	9.333E-01	9.332E-01	9.332E-01	9.333E-01
1.230E+00	9.288E-01	1.509E-04	9.287E-01	9.290E-01	9.288E-01	9.288E-01	9.288E-01	9.288E-01
1.240E+00	9.244E-01	1.502E-04	9.242E-01	9.245E-01	9.244E-01	9.243E-01	9.243E-01	9.244E-01
1.250E+00	9.199E-01	1.493E-04	9.198E-01	9.200E-01	9.199E-01	9.199E-01	9.199E-01	9.199E-01
1.260E+00	9.154E-01	1.484E-04	9.153E-01	9.156E-01	9.155E-01	9.154E-01	9.154E-01	9.154E-01
1.270E+00	9.110E-01	1.473E-04	9.108E-01	9.111E-01	9.110E-01	9.109E-01	9.109E-01	9.110E-01
1.280E+00	9.065E-01	1.462E-04	9.063E-01	9.066E-01	9.065E-01	9.064E-01	9.065E-01	9.065E-01
1.290E+00	9.020E-01	1.449E-04	9.018E-01	9.021E-01	9.020E-01	9.019E-01	9.020E-01	9.020E-01
1.300E+00	8.975E-01	1.436E-04	8.973E-01	8.976E-01	8.975E-01	8.974E-01	8.975E-01	8.975E-01
1.310E+00	8.930E-01	1.421E-04	8.928E-01	8.931E-01	8.930E-01	8.929E-01	8.930E-01	8.930E-01
1.320E+00	8.885E-01	1.406E-04	8.883E-01	8.886E-01	8.885E-01	8.884E-01	8.884E-01	8.885E-01
1.330E+00	8.839E-01	1.389E-04	8.838E-01	8.841E-01	8.840E-01	8.839E-01	8.839E-01	8.840E-01
1.340E+00	8.794E-01	1.372E-04	8.793E-01	8.795E-01	8.794E-01	8.794E-01	8.794E-01	8.794E-01
1.350E+00	8.749E-01	1.354E-04	8.748E-01	8.750E-01	8.749E-01	8.749E-01	8.749E-01	8.749E-01
1.360E+00	8.703E-01	1.335E-04	8.702E-01	8.705E-01	8.704E-01	8.703E-01	8.703E-01	8.704E-01
1.370E+00	8.658E-01	1.315E-04	8.657E-01	8.659E-01	8.658E-01	8.658E-01	8.658E-01	8.658E-01
1.380E+00	8.613E-01	1.294E-04	8.611E-01	8.614E-01	8.613E-01	8.612E-01	8.612E-01	8.613E-01
1.390E+00	8.567E-01	1.272E-04	8.566E-01	8.568E-01	8.567E-01	8.567E-01	8.567E-01	8.567E-01
1.400E+00	8.522E-01	1.249E-04	8.520E-01	8.523E-01	8.522E-01	8.521E-01	8.521E-01	8.522E-01
1.410E+00	8.476E-01	1.226E-04	8.475E-01	8.477E-01	8.476E-01	8.476E-01	8.476E-01	8.476E-01
1.420E+00	8.430E-01	1.201E-04	8.429E-01	8.432E-01	8.431E-01	8.430E-01	8.430E-01	8.431E-01
1.430E+00	8.385E-01	1.176E-04	8.384E-01	8.386E-01	8.385E-01	8.385E-01	8.385E-01	8.385E-01
1.440E+00	8.339E-01	1.150E-04	8.338E-01	8.340E-01	8.339E-01	8.339E-01	8.339E-01	8.339E-01
1.450E+00	8.294E-01	1.123E-04	8.293E-01	8.295E-01	8.294E-01	8.293E-01	8.293E-01	8.294E-01
1.460E+00	8.248E-01	1.096E-04	8.247E-01	8.249E-01	8.248E-01	8.248E-01	8.248E-01	8.248E-01
1.470E+00	8.202E-01	1.068E-04	8.201E-01	8.203E-01	8.202E-01	8.202E-01	8.202E-01	8.202E-01
1.480E+00	8.157E-01	1.039E-04	8.156E-01	8.158E-01	8.157E-01	8.156E-01	8.156E-01	8.157E-01
1.490E+00	8.111E-01	1.009E-04	8.110E-01	8.112E-01	8.111E-01	8.111E-01	8.111E-01	8.111E-01
1.500E+00	8.065E-01	9.785E-05	8.064E-01	8.066E-01	8.065E-01	8.065E-01	8.065E-01	8.065E-01
1.510E+00	8.019E-01	9.474E-05	8.019E-01	8.020E-01	8.020E-01	8.019E-01	8.019E-01	8.020E-01
1.520E+00	7.974E-01	9.157E-05	7.973E-01	7.975E-01	7.974E-01	7.974E-01	7.974E-01	7.974E-01
1.530E+00	7.928E-01	8.833E-05	7.927E-01	7.929E-01	7.928E-01	7.928E-01	7.928E-01	7.928E-01
1.540E+00	7.882E-01	8.504E-05	7.882E-01	7.883E-01	7.883E-01	7.882E-01	7.882E-01	7.883E-01
1.550E+00	7.837E-01	8.169E-05	7.836E-01	7.838E-01	7.837E-01	7.837E-01	7.837E-01	7.837E-01
1.560E+00	7.791E-01	7.828E-05	7.790E-01	7.792E-01	7.791E-01	7.791E-01	7.791E-01	7.791E-01
1.570E+00	7.745E-01	7.483E-05	7.745E-01	7.746E-01	7.746E-01	7.745E-01	7.745E-01	7.746E-01
1.580E+00	7.700E-01	7.133E-05	7.699E-01	7.701E-01	7.700E-01	7.700E-01	7.700E-01	7.700E-01
1.590E+00	7.654E-01	6.779E-05	7.654E-01	7.655E-01	7.654E-01	7.654E-01	7.654E-01	7.654E-01
1.600E+00	7.609E-01	6.421E-05	7.608E-01	7.609E-01	7.609E-01	7.609E-01	7.608E-01	7.609E-01
1.610E+00	7.563E-01	6.061E-05	7.563E-01	7.564E-01	7.563E-01	7.563E-01	7.563E-01	7.563E-01
1.620E+00	7.518E-01	5.698E-05	7.517E-01	7.518E-01	7.518E-01	7.518E-01	7.517E-01	7.518E-01
1.630E+00	7.472E-01	5.335E-05	7.472E-01	7.473E-01	7.472E-01	7.472E-01	7.472E-01	7.472E-01
1.640E+00	7.427E-01	4.972E-05	7.426E-01	7.427E-01	7.427E-01	7.427E-01	7.427E-01	7.427E-01
1.650E+00	7.381E-01	4.611E-05	7.381E-01	7.382E-01	7.381E-01	7.381E-01	7.381E-01	7.382E-01
1.660E+00	7.336E-01	4.254E-05	7.336E-01	7.336E-01	7.336E-01	7.336E-01	7.336E-01	7.336E-01
1.670E+00	7.291E-01	3.904E-05	7.290E-01	7.291E-01	7.291E-01	7.291E-01	7.291E-01	7.291E-01
1.680E+00	7.246E-01	3.565E-05	7.245E-01	7.246E-01	7.246E-01	7.246E-01	7.245E-01	7.246E-01
1.690E+00	7.200E-01	3.244E-05	7.200E-01	7.201E-01	7.200E-01	7.200E-01	7.200E-01	7.201E-01
1.700E+00	7.155E-01	2.946E-05	7.155E-01	7.155E-01	7.155E-01	7.155E-01	7.155E-01	7.155E-01
1.710E+00	7.110E-01	2.684E-05	7.110E-01	7.110E-01	7.110E-01	7.110E-01	7.110E-01	7.110E-01
1.720E+00	7.065E-01	2.470E-05	7.065E-01	7.065E-01	7.065E-01	7.065E-01	7.065E-01	7.065E-01
1.730E+00	7.020E-01	2.320E-05	7.020E-01	7.020E-01	7.020E-01	7.020E-01	7.020E-01	7.020E-01
1.740E+00	6.975E-01	2.251E-05	6.975E-01	6.975E-01	6.975E-01	6.975E-01	6.975E-01	6.976E-01
1.750E+00	6.931E-01	2.272E-05	6.931E-01	6.931E-01	6.931E-01	6.931E-01	6.930E-01	6.931E-01
1.760E+00	6.886E-01	2.383E-05	6.886E-01	6.886E-01	6.886E-01	6.886E-01	6.886E-01	6.886E-01
1.770E+00	6.841E-01	2.574E-05	6.841E-01	6.841E-01	6.841E-01	6.841E-01	6.841E-01	6.841E-01
1.780E+00	6.797E-01	2.831E-05	6.797E-01	6.796E-01	6.797E-01	6.797E-01	6.796E-01	6.797E-01
1.790E+00	6.752E-01	3.139E-05	6.752E-01	6.752E-01	6.752E-01	6.752E-01	6.752E-01	6.752E-01
1.800E+00	6.708E-01	3.486E-05	6.708E-01	6.707E-01	6.708E-01	6.708E-01	6.707E-01	6.708E-01
1.810E+00	6.663E-01	3.862E-05	6.664E-01	6.663E-01	6.663E-01	6.663E-01	6.663E-01	6.664E-01
1.820E+00	6.619E-01	4.261E-05	6.619E-01	6.619E-01	6.619E-01	6.619E-01	6.619E-01	6.619E-01
1.830E+00	6.575E-01	4.677E-05	6.575E-01	6.575E-01	6.575E-01	6.575E-01	6.575E-01	6.575E-01
1.840E+00	6.531E-01	5.108E-05	6.531E-01	6.530E-01	6.531E-01	6.531E-01	6.531E-01	6.531E-01
1.850E+00	6.487E-01	5.549E-05	6.487E-01	6.486E-01	6.487E-01	6.487E-01	6.487E-01	6.487E-01
1.860E+00	6.443E-01	6.000E-05	6.444E-01	6.442E-01	6.443E-01	6.443E-01	6.443E-01	6.443E-01
1.870E+00	6.399E-01	6.459E-05	6.400E-01	6.399E-01	6.399E-01	6.399E-01	6.399E-01	6.399E-01
1.880E+00	6.356E-01	6.925E-05	6.356E-01	6.355E-01	6.355E-01	6.356E-01	6.355E-01	6.356E-01
1.890E+00	6.312E-01	7.396E-05	6.313E-01	6.311E-01	6.312E-01	6.312E-01	6.312E-01	6.312E-01
1.900E+00	6.268E-01	7.871E-05	6.269E-01	6.268E-01	6.268E-01	6.269E-01	6.268E-01	6.269E-01
1.910E+00	6.225E-01	8.352E-05	6.226E-01	6.224E-01	6.225E-01	6.225E-01	6.225E-01	6.225E-01
1.920E+00	6.182E-01	8.835E-05	6.183E-01	6.181E-01	6.182E-01	6.182E-01	6.182E-01	6.182E-01
1.930E+00	6.139E-01	9.322E-05	6.140E-01	6.138E-01	6.139E-01	6.139E-01	6.138E-01	6.139E-01
1.940E+00	6.096E-01	9.812E-05	6.097E-01	6.095E-01	6.096E-01	6.096E-01	6.095E-01	6.096E-01
1.950E+00	6.053E-01	1.030E-04	6.054E-01	6.052E-01	6.053E-01	6.053E-01	6.052E-01	6.053E-01
1.960E+00	6.010E-01	1.080E-04	6.011E-01	6.009E-01	6.010E-01	6.010E-01	6.010E-01	6.010E-01
1.970E+00	5.967E-01	1.130E-04	5.968E-01	5.966E-01	5.967E-01	5.967E-01	5.967E-01	5.967E-01
1.980E+00	5.925E-01	1.179E-04	5.926E-01	5.924E-01	5.925E-01	5.925E-01	5.924E-01	5.925E-01
1.990E+00	5.882E-01	1.229E-04	5.883E-01	5.881E-01	5.882E-01	5.882E-01	5.882E-01	5.882E-01
2.000E+00	5.840E-01	1.279E-04	5.841E-01	5.839E-01	5.840E-01	5.840E-01	5.840E-01	5.840E-01
2.010E+00	5.798E-01	1.330E-04	5.799E-01	5.796E-01	5.798E-01	5.798E-01	5.797E-01	5.798E-01
2.020E+00	5.756E-01	1.380E-04	5.757E-01	5.754E-01	5.755E-01	5.756E-01	5.755E-01	5.756E-01
2.030E+00	5.714E-01	1.430E-04	5.715E-01	5.712E-01	5.714E-01	5.714E-01	5.713E-01	5.714E-01
2.040E+00	5.672E-01	1.480E-04	5.673E-01	5.670E-01	5.672E-01	5.672E-01	5.672E-01	5.672E-01
2.050E+00	5.630E-01	1.531E-04	5.632E-01	5.629E-01	5.630E-01	5.630E-01	5.630E-01	5.630E-01
2.060E+00	5.589E-01	1.581E-04	5.590E-01	5.587E-01	5.589E-01	5.589E-01	5.588E-01	5.589E-01
2.070E+00	5.547E-01	1.632E-04	5.549E-01	5.546E-01	5.547E-01	5.547E-01	5.547E-01	5.548E-01
2.080E+00	5.506E-01	1.682E-04	5.508E-01	5.504E-01	5.506E-01	5.506E-01	5.506E-01	5.506E-01
2.090E+00	5.465E-01	1.732E-04	5.467E-01	5.463E-01	5.465E-01	5.465E-01	5.465E-01	5.465E-01
2.100E+00	5.424E-01	1.783E-04	5.426E-01	5.422E-01	5.424E-01	5.424E-01	5.424E-01	5.424E-01
2.110E+00	5.383E-01	1.833E-04	5.385E-01	5.381E-01	5.383E-01	5.383E-01	5.383E-01	5.383E-01
2.120E+00	5.342E-01	1.883E-04	5.344E-01	5.341E-01	5.342E-01	5.343E-01	5.342E-01	5.343E-01
2.130E+00	5.302E-01	1.933E-04	5.304E-01	5.300E-01	5.302E-01	5.302E-01	5.302E-01	5.302E-01
2.140E+00	5.261E-01	1.983E-04	5.263E-01	5.259E-01	5.261E-01	5.262E-01	5.261E-01	5.262E-01
2.150E+00	5.221E-01	2.033E-04	5.223E-01	5.219E-01	5.221E-01	5.221E-01	5.221E-01	5.221E-01
2.160E+00	5.181E-01	2.083E-04	5.183E-01	5.179E-01	5.181E-01	5.181E-01	5.181E-01	5.181E-01
2.170E+00	5.141E-01	2.132E-04	5.143E-01	5.139E-01	5.141E-01	5.141E-01	5.141E-01	5.141E-01
2.180E+00	5.101E-01	2.182E-04	5.103E-01	5.099E-01	5.101E-01	5.102E-01	5.101E-01	5.102E-01
2.190E+00	5.062E-01	2.231E-04	5.064E-01	5.059E-01	5.061E-01	5.062E-01	5.061E-01	5.062E-01
2.200E+00	5.022E-01	2.280E-04	5.024E-01	5.020E-01	5.022E-01	5.022E-01	5.022E-01	5.022E-01
2.210E+00	4.983E-01	2.329E-04	4.985E-01	4.981E-01	4.983E-01	4.983E-01	4.983E-01	4.983E-01
2.220E+00	4.944E-01	2.378E-04	4.946E-01	4.941E-01	4.943E-01	4.944E-01	4.943E-01	4.944E-01
2.230E+00	4.905E-01	2.426E-04	4.907E-01	4.902E-01	4.904E-01	4.905E-01	4.904E-01	4.905E-01
2.240E+00	4.866E-01	2.475E-04	4.868E-01	4.863E-01	4.866E-01	4.866E-01	4.866E-01	4.866E-01
2.250E+00	4.827E-01	2.523E-04	4.830E-01	4.825E-01	4.827E-01	4.827E-01	4.827E-01	4.827E-01
2.260E+00	4.789E-01	2.571E-04	4.791E-01	4.786E-01	4.788E-01	4.789E-01	4.788E-01	4.789E-01
2.270E+00	4.750E-01	2.618E-04	4.753E-01	4.748E-01	4.750E-01	4.750E-01	4.750E-01	4.750E-01
2.280E+00	4.712E-01	2.666E-04	4.715E-01	4.709E-01	4.712E-01	4.712E-01	4.712E-01	4.712E-01
2.290E+00	4.674E-01	2.713E-04	4.677E-01	4.671E-01	4.674E-01	4.674E-01	4.674E-01	4.674E-01
2.300E+00	4.636E-01	2.760E-04	4.639E-01	4.633E-01	4.636E-01	4.636E-01	4.636E-01	4.636E-01
2.310E+00	4.598E-01	2.806E-04	4.601E-01	4.596E-01	4.598E-01	4.599E-01	4.598E-01	4.599E-01
2.320E+00	4.561E-01	2.853E-04	4.564E-01	4.558E-01	4.561E-01	4.561E-01	4.561E-01	4.561E-01
2.330E+00	4.524E-01	2.899E-04	4.526E-01	4.521E-01	4.523E-01	4.524E-01	4.523E-01	4.524E-01
2.340E+00	4.486E-01	2.944E-04	4.489E-01	4.483E-01	4.486E-01	4.487E-01	4.486E-01	4.487E-01
2.350E+00	4.449E-01	2.990E-04	4.452E-01	4.446E-01	4.449E-01	4.450E-01	4.449E-01	4.450E-01
2.360E+00	4.413E-01	3.035E-04	4.416E-01	4.410E-01	4.412E-01	4.413E-01	4.412E-01	4.413E-01
2.370E+00	4.376E-01	3.079E-04	4.379E-01	4.373E-01	4.376E-01	4.376E-01	4.376E-01	4.376E-01
2.380E+00	4.339E-01	3.124E-04	4.342E-01	4.336E-01	4.339E-01	4.340E-01	4.339E-01	4.340E-01
2.390E+00	4.303E-01	3.168E-04	4.306E-01	4.300E-01	4.303E-01	4.303E-01	4.303E-01	4.303E-01
2.400E+00	4.267E-01	3.211E-04	4.270E-01	4.264E-01	4.267E-01	4.267E-01	4.267E-01	4.267E-01
2.410E+00	4.231E-01	3.255E-04	4.234E-01	4.228E-01	4.231E-01	4.231E-01	4.231E-01	4.231E-01
2.420E+00	4.195E-01	3.298E-04	4.198E-01	4.192E-01	4.195E-01	4.195E-01	4.195E-01	4.195E-01
2.430E+00	4.160E-01	3.340E-04	4.163E-01	4.156E-01	4.159E-01	4.160E-01	4.159E-01	4.160E-01
2.440E+00	4.124E-01	3.382E-04	4.128E-01	4.121E-01	4.124E-01	4.124E-01	4.124E-01	4.124E-01
2.450E+00	4.089E-01	3.424E-04	4.092E-01	4.086E-01	4.089E-01	4.089E-01	4.089E-01	4.089E-01
2.460E+00	4.054E-01	3.465E-04	4.057E-01	4.050E-01	4.054E-01	4.054E-01	4.054E-01	4.054E-01
2.470E+00	4.019E-01	3.506E-04	4.022E-01	4.015E-01	4.019E-01	4.019E-01	4.019E-01	4.019E-01
2.480E+00	3.984E-01	3.547E-04	3.988E-01	3.981E-01	3.984E-01	3.985E-01	3.984E-01	3.984E-01
2.490E+00	3.950E-01	3.587E-04	3.953E-01	3.946E-01	3.949E-01	3.950E-01	3.949E-01	3.950E-01
2.500E+00	3.915E-01	3.627E-04	3.919E-01	3.912E-01	3.915E-01	3.916E-01	3.915E-01	3.916E-01
2.510E+00	3.881E-01	3.666E-04	3.885E-01	3.878E-01	3.881E-01	3.882E-01	3.881E-01	3.881E-01
2.520E+00	3.847E-01	3.705E-04	3.851E-01	3.844E-01	3.847E-01	3.848E-01	3.847E-01	3.847E-01
2.530E+00	3.813E-01	3.743E-04	3.817E-01	3.810E-01	3.813E-01	3.814E-01	3.813E-01	3.814E-01
2.540E+00	3.780E-01	3.781E-04	3.784E-01	3.776E-01	3.780E-01	3.780E-01	3.780E-01	3.780E-01
2.550E+00	3.746E-01	3.819E-04	3.750E-01	3.743E-01	3.746E-01	3.747E-01	3.746E-01	3.747E-01
2.560E+00	3.713E-01	3.856E-04	3.717E-01	3.709E-01	3.713E-01	3.713E-01	3.713E-01	3.713E-01
2.570E+00	3.680E-01	3.893E-04	3.684E-01	3.676E-01	3.680E-01	3.680E-01	3.680E-01	3.680E-01
2.580E+00	3.647E-01	3.929E-04	3.651E-01	3.643E-01	3.647E-01	3.648E-01	3.647E-01	3.648E-01
2.590E+00	3.615E-01	3.965E-04	3.619E-01	3.611E-01	3.614E-01	3.615E-01	3.614E-01	3.615E-01
2.600E+00	3.582E-01	4.000E-04	3.586E-01	3.578E-01	3.582E-01	3.582E-01	3.582E-01	3.582E-01
2.610E+00	3.550E-01	4.035E-04	3.554E-01	3.546E-01	3.549E-01	3.550E-01	3.550E-01	3.550E-01
2.620E+00	3.518E-01	4.069E-04	3.522E-01	3.514E-01	3.517E-01	3.518E-01	3.517E-01	3.518E-01
2.630E+00	3.486E-01	4.103E-04	3.490E-01	3.482E-01	3.485E-01	3.486E-01	3.486E-01	3.486E-01
2.640E+00	3.454E-01	4.136E-04	3.458E-01	3.450E-01	3.454E-01	3.454E-01	3.454E-01	3.454E-01
2.650E+00	3.422E-01	4.169E-04	3.427E-01	3.418E-01	3.422E-01	3.423E-01	3.422E-01	3.423E-01
2.660E+00	3.391E-01	4.201E-04	3.395E-01	3.387E-01	3.391E-01	3.391E-01	3.391E-01	3.391E-01
2.670E+00	3.360E-01	4.233E-04	3.364E-01	3.356E-01	3.360E-01	3.360E-01	3.360E-01	3.360E-01
2.680E+00	3.329E-01	4.264E-04	3.333E-01	3.325E-01	3.329E-01	3.329E-01	3.329E-01	3.329E-01
2.690E+00	3.298E-01	4.295E-04	3.302E-01	3.294E-01	3.298E-01	3.298E-01	3.298E-01	3.298E-01
2.700E+00	3.268E-01	4.325E-04	3.272E-01	3.263E-01	3.267E-01	3.268E-01	3.267E-01	3.268E-01
2.710E+00	3.237E-01	4.355E-04	3.241E-01	3.233E-01	3.237E-01	3.237E-01	3.237E-01	3.237E-01
2.720E+00	3.207E-01	4.384E-04	3.211E-01	3.203E-01	3.207E-01	3.207E-01	3.207E-01	3.207E-01
2.730E+00	3.177E-01	4.413E-04	3.181E-01	3.172E-01	3.177E-01	3.177E-01	3.177E-01	3.177E-01
2.740E+00	3.147E-01	4.441E-04	3.151E-01	3.143E-01	3.147E-01	3.147E-01	3.147E-01	3.147E-01
2.750E+00	3.117E-01	4.469E-04	3.122E-01	3.113E-01	3.117E-01	3.118E-01	3.117E-01	3.118E-01
2.760E+00	3.088E-01	4.496E-04	3.092E-01	3.083E-01	3.088E-01	3.088E-01	3.088E-01	3.088E-01
2.770E+00	3.059E-01	4.523E-04	3.063E-01	3.054E-01	3.058E-01	3.059E-01	3.058E-01	3.059E-01
2.780E+00	3.029E-01	4.549E-04	3.034E-01	3.025E-01	3.029E-01	3.030E-01	3.029E-01	3.030E-01
2.790E+00	3.001E-01	4.575E-04	3.005E-01	2.996E-01	3.000E-01	3.001E-01	3.000E-01	3.001E-01
2.800E+00	2.972E-01	4.600E-04	2.976E-01	2.967E-01	2.972E-01	2.972E-01	2.972E-01	2.972E-01
2.810E+00	2.943E-01	4.625E-04	2.948E-01	2.939E-01	2.943E-01	2.944E-01	2.943E-01	2.944E-01
2.820E+00	2.915E-01	4.649E-04	2.920E-01	2.910E-01	2.915E-01	2.915E-01	2.915E-01	2.915E-01
2.830E+00	2.887E-01	4.672E-04	2.891E-01	2.882E-01	2.886E-01	2.887E-01	2.887E-01	2.887E-01
2.840E+00	2.859E-01	4.695E-04	2.864E-01	2.854E-01	2.859E-01	2.859E-01	2.859E-01	2.859E-01
2.850E+00	2.831E-01	4.718E-04	2.836E-01	2.826E-01	2.831E-01	2.831E-01	2.831E-01	2.831E-01
2.860E+00	2.803E-01	4.740E-04	2.808E-01	2.799E-01	2.803E-01	2.804E-01	2.803E-01	2.804E-01
2.870E+00	2.776E-01	4.761E-04	2.781E-01	2.771E-01	2.776E-01	2.776E-01	2.776E-01	2.776E-01
2.880E+00	2.749E-01	4.782E-04	2.754E-01	2.744E-01	2.749E-01	2.749E-01	2.749E-01	2.749E-01
2.890E+00	2.722E-01	4.802E-04	2.727E-01	2.717E-01	2.722E-01	2.722E-01	2.722E-01	2.722E-01
2.900E+00	2.695E-01	4.822E-04	2.700E-01	2.690E-01	2.695E-01	2.695E-01	2.695E-01	2.695E-01
2.910E+00	2.668E-01	4.841E-04	2.673E-01	2.664E-01	2.668E-01	2.669E-01	2.668E-01	2.669E-01
2.920E+00	2.642E-01	4.860E-04	2.647E-01	2.637E-01	2.642E-01	2.642E-01	2.642E-01	2.642E-01
2.930E+00	2.616E-01	4.878E-04	2.620E-01	2.611E-01	2.615E-01	2.616E-01	2.615E-01	2.616E-01
2.940E+00	2.590E-01	4.896E-04	2.594E-01	2.585E-01	2.589E-01	2.590E-01	2.589E-01	2.590E-01
2.950E+00	2.564E-01	4.913E-04	2.569E-01	2.559E-01	2.563E-01	2.564E-01	2.563E-01	2.564E-01
2.960E+00	2.538E-01	4.930E-04	2.543E-01	2.533E-01	2.538E-01	2.538E-01	2.538E-01	2.538E-01
2.970E+00	2.512E-01	4.946E-04	2.517E-01	2.507E-01	2.512E-01	2.513E-01	2.512E-01	2.513E-01
2.980E+00	2.487E-01	4.962E-04	2.492E-01	2.482E-01	2.487E-01	2.487E-01	2.487E-01	2.487E-01
2.990E+00	2.462E-01	4.977E-04	2.467E-01	2.457E-01	2.462E-01	2.462E-01	2.462E-01	2.462E-01
3.000E+00	2.437E-01	4.991E-04	2.442E-01	2.432E-01	2.437E-01	2.437E-01	2.437E-01	2.437E-01
