1.000E-02	1.140E+00	8.532E-05	1.140E+00	1.140E+00	1.140E+00	1.140E+00	1.140E+00	1.140E+00
2.000E-02	1.140E+00	8.528E-05	1.140E+00	1.140E+00	1.140E+00	1.140E+00	1.140E+00	1.140E+00
3.000E-02	1.140E+00	8.522E-05	1.140E+00	1.140E+00	1.140E+00	1.140E+00	1.140E+00	1.140E+00
4.000E-02	1.140E+00	8.514E-05	1.140E+00	1.140E+00	1.140E+00	1.140E+00	1.140E+00	1.140E+00
5.000E-02	1.140E+00	8.505E-05	1.140E+00	1.140E+00	1.140E+00	1.140E+00	1.140E+00	1.140E+00
6.000E-02	1.139E+00	8.493E-05	1.139E+00	1.139E+00	1.139E+00	1.139E+00	1.139E+00	1.139E+00
7.000E-02	1.139E+00	8.481E-05	1.139E+00	1.139E+00	1.139E+00	1.139E+00	1.139E+00	1.139E+00
8.000E-02	1.139E+00	8.467E-05	1.139E+00	1.139E+00	1.139E+00	1.139E+00	1.139E+00	1.139E+00
9.000E-02	1.138E+00	8.452E-05	1.138E+00	1.138E+00	1.138E+00	1.138E+00	1.138E+00	1.138E+00
1.000E-01	1.138E+00	8.436E-05	1.138E+00	1.138E+00	1.138E+00	1.138E+00	1.138E+00	1.138E+00
1.100E-01	1.137E+00	8.418E-05	1.137E+00	1.137E+00	1.137E+00	1.137E+00	1.137E+00	1.137E+00
1.200E-01	1.137E+00	8.400E-05	1.137E+00	1.137E+00	1.137E+00	1.137E+00	1.137E+00	1.137E+00
1.300E-01	1.136E+00	8.380E-05	1.136E+00	1.136E+00	1.136E+00	1.136E+00	1.136E+00	1.136E+00
1.400E-01	1.135E+00	8.360E-05	1.135E+00	1.135E+00	1.135E+00	1.135E+00	1.135E+00	1.135E+00
1.500E-01	1.135E+00	8.338E-05	1.135E+00	1.135E+00	1.135E+00	1.135E+00	1.135E+00	1.135E+00
1.600E-01	1.134E+00	8.316E-05	1.134E+00	1.134E+00	1.134E+00	1.134E+00	1.134E+00	1.134E+00
1.700E-01	1.133E+00	8.293E-05	1.133E+00	1.133E+00	1.133E+00	1.133E+00	1.133E+00	1.133E+00
1.800E-01	1.132E+00	8.269E-05	1.132E+00	1.132E+00	1.132E+00	1.132E+00	1.132E+00	1.132E+00
1.900E-01	1.131E+00	8.245E-05	1.131E+00	1.131E+00	1.131E+00	1.131E+00	1.131E+00	1.131E+00
2.000E-01	1.130E+00	8.219E-05	1.130E+00	1.130E+00	1.131E+00	1.130E+00	1.130E+00	1.130E+00
2.100E-01	1.129E+00	8.193E-05	1.129E+00	1.129E+00	1.130E+00	1.129E+00	1.129E+00	1.129E+00
2.200E-01	1.128E+00	8.166E-05	1.128E+00	1.128E+00	1.129E+00	1.128E+00	1.128E+00	1.128E+00
2.300E-01	1.127E+00	8.139E-05	1.127E+00	1.127E+00	1.127E+00	1.127E+00	1.127E+00	1.127E+00
2.400E-01	1.126E+00	8.111E-05	1.126E+00	1.126E+00	1.126E+00	1.126E+00	1.126E+00	1.126E+00
2.500E-01	1.125E+00	8.083E-05	1.125E+00	1.125E+00	1.125E+00	1.125E+00	1.125E+00	1.125E+00
2.600E-01	1.124E+00	8.053E-05	1.124E+00	1.124E+00	1.124E+00	1.124E+00	1.124E+00	1.124E+00
2.700E-01	1.123E+00	8.024E-05	1.123E+00	1.123E+00	1.123E+00	1.123E+00	1.123E+00	1.123E+00
2.800E-01	1.121E+00	7.994E-05	1.121E+00	1.121E+00	1.121E+00	1.121E+00	1.121E+00	1.121E+00
2.900E-01	1.120E+00	7.963E-05	1.120E+00	1.120E+00	1.120E+00	1.120E+00	1.120E+00	1.120E+00
3.000E-01	1.119E+00	7.932E-05	1.119E+00	1.119E+00	1.119E+00	1.119E+00	1.119E+00	1.119E+00
3.100E-01	1.117E+00	7.900E-05	1.117E+00	1.117E+00	1.117E+00	1.117E+00	1.117E+00	1.117E+00
3.200E-01	1.116E+00	7.868E-05	1.116E+00	1.116E+00	1.116E+00	1.116E+00	1.116E+00	1.116E+00
3.300E-01	1.114E+00	7.835E-05	1.114E+00	1.114E+00	1.114E+00	1.114E+00	1.114E+00	1.114E+00
3.400E-01	1.113E+00	7.802E-05	1.113E+00	1.113E+00	1.113E+00	1.113E+00	1.113E+00	1.113E+00
3.500E-01	1.111E+00	7.769E-05	1.111E+00	1.111E+00	1.111E+00	1.111E+00	1.111E+00	1.111E+00
3.600E-01	1.109E+00	7.735E-05	1.110E+00	1.109E+00	1.110E+00	1.109E+00	1.109E+00	1.109E+00
3.700E-01	1.108E+00	7.701E-05	1.108E+00	1.108E+00	1.108E+00	1.108E+00	1.108E+00	1.108E+00
3.800E-01	1.106E+00	7.666E-05	1.106E+00	1.106E+00	1.106E+00	1.106E+00	1.106E+00	1.106E+00
3.900E-01	1.104E+00	7.632E-05	1.104E+00	1.104E+00	1.104E+00	1.104E+00	1.104E+00	1.104E+00
4.000E-01	1.103E+00	7.596E-05	1.103E+00	1.103E+00	1.103E+00	1.103E+00	1.103E+00	1.103E+00
4.100E-01	1.101E+00	7.561E-05	1.101E+00	1.101E+00	1.101E+00	1.101E+00	1.101E+00	1.101E+00
4.200E-01	1.099E+00	7.525E-05	1.099E+00	1.099E+00	1.099E+00	1.099E+00	1.099E+00	1.099E+00
4.300E-01	1.097E+00	7.488E-05	1.097E+00	1.097E+00	1.097E+00	1.097E+00	1.097E+00	1.097E+00
4.400E-01	1.095E+00	7.452E-05	1.095E+00	1.095E+00	1.095E+00	1.095E+00	1.095E+00	1.095E+00
4.500E-01	1.093E+00	7.415E-05	1.093E+00	1.093E+00	1.093E+00	1.093E+00	1.093E+00	1.093E+00
4.600E-01	1.091E+00	7.377E-05	1.091E+00	1.091E+00	1.091E+00	1.091E+00	1.091E+00	1.091E+00
4.700E-01	1.089E+00	7.340E-05	1.089E+00	1.089E+00	1.089E+00	1.089E+00	1.089E+00	1.089E+00
4.800E-01	1.087E+00	7.302E-05	1.087E+00	1.087E+00	1.087E+00	1.087E+00	1.087E+00	1.087E+00
4.900E-01	1.085E+00	7.264E-05	1.085E+00	1.085E+00	1.085E+00	1.085E+00	1.085E+00	1.085E+00
5.000E-01	1.083E+00	7.225E-05	1.083E+00	1.083E+00	1.083E+00	1.082E+00	1.083E+00	1.083E+00
5.100E-01	1.080E+00	7.186E-05	1.080E+00	1.080E+00	1.080E+00	1.080E+00	1.080E+00	1.080E+00
5.200E-01	1.078E+00	7.147E-05	1.078E+00	1.078E+00	1.078E+00	1.078E+00	1.078E+00	1.078E+00
5.300E-01	1.076E+00	7.108E-05	1.076E+00	1.076E+00	1.076E+00	1.076E+00	1.076E+00	1.076E+00
5.400E-01	1.073E+00	7.068E-05	1.073E+00	1.073E+00	1.074E+00	1.073E+00	1.073E+00	1.073E+00
5.500E-01	1.071E+00	7.028E-05	1.071E+00	1.071E+00	1.071E+00	1.071E+00	1.071E+00	1.071E+00
5.600E-01	1.069E+00	6.988E-05	1.069E+00	1.069E+00	1.069E+00	1.069E+00	1.069E+00	1.069E+00
5.700E-01	1.066E+00	6.947E-05	1.066E+00	1.066E+00	1.066E+00	1.066E+00	1.066E+00	1.066E+00
5.800E-01	1.064E+00	6.906E-05	1.064E+00	1.064E+00	1.064E+00	1.064E+00	1.064E+00	1.064E+00
5.900E-01	1.061E+00	6.865E-05	1.061E+00	1.061E+00	1.061E+00	1.061E+00	1.061E+00	1.061E+00
6.000E-01	1.059E+00	6.824E-05	1.059E+00	1.059E+00	1.059E+00	1.059E+00	1.059E+00	1.059E+00
6.100E-01	1.056E+00	6.782E-05	1.056E+00	1.056E+00	1.056E+00	1.056E+00	1.056E+00	1.056E+00
6.200E-01	1.054E+00	6.740E-05	1.054E+00	1.054E+00	1.054E+00	1.054E+00	1.054E+00	1.054E+00
6.300E-01	1.051E+00	6.698E-05	1.051E+00	1.051E+00	1.051E+00	1.051E+00	1.051E+00	1.051E+00
6.400E-01	1.048E+00	6.655E-05	1.048E+00	1.048E+00	1.048E+00	1.048E+00	1.048E+00	1.048E+00
6.500E-01	1.046E+00	6.613E-05	1.046E+00	1.046E+00	1.046E+00	1.045E+00	1.046E+00	1.046E+00
6.600E-01	1.043E+00	6.569E-05	1.043E+00	1.043E+00	1.043E+00	1.043E+00	1.043E+00	1.043E+00
6.700E-01	1.040E+00	6.526E-05	1.040E+00	1.040E+00	1.040E+00	1.040E+00	1.040E+00	1.040E+00
6.800E-01	1.037E+00	6.482E-05	1.037E+00	1.037E+00	1.037E+00	1.037E+00	1.037E+00	1.037E+00
6.900E-01	1.034E+00	6.439E-05	1.034E+00	1.034E+00	1.034E+00	1.034E+00	1.034E+00	1.034E+00
7.000E-01	1.032E+00	6.394E-05	1.032E+00	1.032E+00	1.032E+00	1.031E+00	1.032E+00	1.032E+00
7.100E-01	1.029E+00	6.350E-05	1.029E+00	1.029E+00	1.029E+00	1.029E+00	1.029E+00	1.029E+00
7.200E-01	1.026E+00	6.305E-05	1.026E+00	1.026E+00	1.026E+00	1.026E+00	1.026E+00	1.026E+00
7.300E-01	1.023E+00	6.260E-05	1.023E+00	1.023E+00	1.023E+00	1.023E+00	1.023E+00	1.023E+00
7.400E-01	1.020E+00	6.215E-05	1.020E+00	1.020E+00	1.020E+00	1.020E+00	1.020E+00	1.020E+00
7.500E-01	1.017E+00	6.170E-05	1.017E+00	1.017E+00	1.017E+00	1.017E+00	1.017E+00	1.017E+00
7.600E-01	1.014E+00	6.124E-05	1.014E+00	1.014E+00	1.014E+00	1.014E+00	1.014E+00	1.014E+00
7.700E-01	1.011E+00	6.078E-05	1.011E+00	1.011E+00	1.011E+00	1.011E+00	1.011E+00	1.011E+00
7.800E-01	1.008E+00	6.032E-05	1.008E+00	1.008E+00	1.008E+00	1.007E+00	1.008E+00	1.008E+00
7.900E-01	1.004E+00	5.986E-05	1.004E+00	1.004E+00	1.004E+00	1.004E+00	1.004E+00	1.004E+00
8.000E-01	1.001E+00	5.939E-05	1.001E+00	1.001E+00	1.001E+00	1.001E+00	1.001E+00	1.001E+00
8.100E-01	9.980E-01	5.892E-05	9.980E-01	9.981E-01	9.981E-01	9.980E-01	9.981E-01	9.980E-01
8.200E-01	9.948E-01	5.845E-05	9.948E-01	9.948E-01	9.949E-01	9.948E-01	9.948E-01	9.948E-01
8.300E-01	9.916E-01	5.798E-05	9.916E-01	9.916E-01	9.916E-01	9.915E-01	9.916E-01	9.916E-01
8.400E-01	9.883E-01	5.750E-05	9.883E-01	9.883E-01	9.884E-01	9.883E-01	9.883E-01	9.883E-01
8.500E-01	9.850E-01	5.702E-05	9.850E-01	9.850E-01	9.851E-01	9.850E-01	9.850E-01	9.850E-01
8.600E-01	9.817E-01	5.654E-05	9.817E-01	9.817E-01	9.818E-01	9.816E-01	9.817E-01	9.817E-01
8.700E-01	9.784E-01	5.606E-05	9.784E-01	9.784E-01	9.784E-01	9.783E-01	9.784E-01	9.783E-01
8.800E-01	9.750E-01	5.558E-05	9.750E-01	9.750E-01	9.750E-01	9.749E-01	9.750E-01	9.750E-01
8.900E-01	9.716E-01	5.510E-05	9.716E-01	9.716E-01	9.716E-01	9.715E-01	9.716E-01	9.716E-01
9.000E-01	9.682E-01	5.461E-05	9.682E-01	9.682E-01	9.682E-01	9.681E-01	9.682E-01	9.682E-01
9.100E-01	9.647E-01	5.412E-05	9.647E-01	9.647E-01	9.648E-01	9.647E-01	9.647E-01	9.647E-01
9.200E-01	9.613E-01	5.364E-05	9.612E-01	9.613E-01	9.613E-01	9.612E-01	9.613E-01	9.612E-01
9.300E-01	9.578E-01	5.315E-05	9.578E-01	9.578E-01	9.578E-01	9.577E-01	9.578E-01	9.577E-01
9.400E-01	9.542E-01	5.266E-05	9.542E-01	9.542E-01	9.543E-01	9.542E-01	9.543E-01	9.542E-01
9.500E-01	9.507E-01	5.217E-05	9.507E-01	9.507E-01	9.508E-01	9.507E-01	9.507E-01	9.507E-01
9.600E-01	9.471E-01	5.167E-05	9.471E-01	9.472E-01	9.472E-01	9.471E-01	9.472E-01	9.471E-01
9.700E-01	9.436E-01	5.118E-05	9.436E-01	9.436E-01	9.436E-01	9.435E-01	9.436E-01	9.436E-01
9.800E-01	9.400E-01	5.069E-05	9.400E-01	9.400E-01	9.400E-01	9.399E-01	9.400E-01	9.399E-01
9.900E-01	9.363E-01	5.020E-05	9.363E-01	9.363E-01	9.364E-01	9.363E-01	9.364E-01	9.363E-01
1.000E+00	9.327E-01	4.970E-05	9.327E-01	9.327E-01	9.327E-01	9.326E-01	9.327E-01	9.327E-01
1.010E+00	9.290E-01	4.921E-05	9.290E-01	9.290E-01	9.291E-01	9.290E-01	9.290E-01	9.290E-01
1.020E+00	9.253E-01	4.872E-05	9.253E-01	9.253E-01	9.254E-01	9.253E-01	9.254E-01	9.253E-01
1.030E+00	9.216E-01	4.823E-05	9.216E-01	9.216E-01	9.217E-01	9.216E-01	9.217E-01	9.216E-01
1.040E+00	9.179E-01	4.774E-05	9.179E-01	9.179E-01	9.180E-01	9.179E-01	9.179E-01	9.179E-01
1.050E+00	9.142E-01	4.725E-05	9.142E-01	9.142E-01	9.142E-01	9.141E-01	9.142E-01	9.141E-01
1.060E+00	9.104E-01	4.676E-05	9.104E-01	9.104E-01	9.104E-01	9.104E-01	9.104E-01	9.104E-01
1.070E+00	9.066E-01	4.627E-05	9.066E-01	9.066E-01	9.067E-01	9.066E-01	9.066E-01	9.066E-01
1.080E+00	9.028E-01	4.579E-05	9.028E-01	9.028E-01	9.029E-01	9.028E-01	9.028E-01	9.028E-01
1.090E+00	8.990E-01	4.531E-05	8.990E-01	8.990E-01	8.991E-01	8.990E-01	8.990E-01	8.990E-01
1.100E+00	8.952E-01	4.483E-05	8.952E-01	8.952E-01	8.952E-01	8.951E-01	8.952E-01	8.952E-01
1.110E+00	8.913E-01	4.435E-05	8.913E-01	8.913E-01	8.914E-01	8.913E-01	8.913E-01	8.913E-01
1.120E+00	8.875E-01	4.388E-05	8.875E-01	8.875E-01	8.875E-01	8.874E-01	8.875E-01	8.874E-01
1.130E+00	8.836E-01	4.341E-05	8.836E-01	8.836E-01	8.836E-01	8.835E-01	8.836E-01	8.836E-01
1.140E+00	8.797E-01	4.294E-05	8.797E-01	8.797E-01	8.797E-01	8.796E-01	8.797E-01	8.797E-01
1.150E+00	8.758E-01	4.248E-05	8.758E-01	8.758E-01	8.758E-01	8.757E-01	8.758E-01	8.758E-01
1.160E+00	8.718E-01	4.203E-05	8.718E-01	8.718E-01	8.719E-01	8.718E-01	8.719E-01	8.718E-01
1.170E+00	8.679E-01	4.158E-05	8.679E-01	8.679E-01	8.679E-01	8.679E-01	8.679E-01	8.679E-01
1.180E+00	8.639E-01	4.113E-05	8.639E-01	8.639E-01	8.640E-01	8.639E-01	8.640E-01	8.639E-01
1.190E+00	8.600E-01	4.069E-05	8.600E-01	8.600E-01	8.600E-01	8.599E-01	8.600E-01	8.600E-01
1.200E+00	8.560E-01	4.026E-05	8.560E-01	8.560E-01	8.560E-01	8.560E-01	8.560E-01	8.560E-01
1.210E+00	8.520E-01	3.984E-05	8.520E-01	8.520E-01	8.520E-01	8.520E-01	8.520E-01	8.520E-01
1.220E+00	8.480E-01	3.942E-05	8.480E-01	8.480E-01	8.480E-01	8.480E-01	8.480E-01	8.480E-01
1.230E+00	8.440E-01	3.901E-05	8.440E-01	8.440E-01	8.440E-01	8.439E-01	8.440E-01	8.439E-01
1.240E+00	8.399E-01	3.861E-05	8.399E-01	8.399E-01	8.400E-01	8.399E-01	8.400E-01	8.399E-01
1.250E+00	8.359E-01	3.821E-05	8.359E-01	8.359E-01	8.359E-01	8.359E-01	8.359E-01	8.359E-01
1.260E+00	8.318E-01	3.783E-05	8.318E-01	8.318E-01	8.319E-01	8.318E-01	8.319E-01	8.318E-01
1.270E+00	8.278E-01	3.746E-05	8.278E-01	8.278E-01	8.278E-01	8.277E-01	8.278E-01	8.277E-01
1.280E+00	8.237E-01	3.710E-05	8.237E-01	8.237E-01	8.237E-01	8.237E-01	8.237E-01	8.237E-01
1.290E+00	8.196E-01	3.675E-05	8.196E-01	8.196E-01	8.196E-01	8.196E-01	8.196E-01	8.196E-01
1.300E+00	8.155E-01	3.641E-05	8.155E-01	8.155E-01	8.155E-01	8.155E-01	8.155E-01	8.155E-01
1.310E+00	8.114E-01	3.608E-05	8.114E-01	8.114E-01	8.114E-01	8.114E-01	8.114E-01	8.114E-01
1.320E+00	8.073E-01	3.577E-05	8.073E-01	8.073E-01	8.073E-01	8.073E-01	8.073E-01	8.073E-01
1.330E+00	8.032E-01	3.547E-05	8.032E-01	8.032E-01	8.032E-01	8.031E-01	8.032E-01	8.031E-01
1.340E+00	7.990E-01	3.518E-05	7.990E-01	7.990E-01	7.991E-01	7.990E-01	7.991E-01	7.990E-01
1.350E+00	7.949E-01	3.491E-05	7.949E-01	7.949E-01	7.949E-01	7.949E-01	7.949E-01	7.949E-01
1.360E+00	7.907E-01	3.466E-05	7.908E-01	7.907E-01	7.908E-01	7.907E-01	7.908E-01	7.907E-01
1.370E+00	7.866E-01	3.442E-05	7.866E-01	7.866E-01	7.866E-01	7.866E-01	7.866E-01	7.866E-01
1.380E+00	7.824E-01	3.419E-05	7.824E-01	7.824E-01	7.825E-01	7.824E-01	7.825E-01	7.824E-01
1.390E+00	7.783E-01	3.399E-05	7.783E-01	7.783E-01	7.783E-01	7.782E-01	7.783E-01	7.782E-01
1.400E+00	7.741E-01	3.380E-05	7.741E-01	7.741E-01	7.741E-01	7.741E-01	7.741E-01	7.741E-01
1.410E+00	7.699E-01	3.363E-05	7.699E-01	7.699E-01	7.699E-01	7.699E-01	7.699E-01	7.699E-01
1.420E+00	7.657E-01	3.347E-05	7.657E-01	7.657E-01	7.657E-01	7.657E-01	7.657E-01	7.657E-01
1.430E+00	7.615E-01	3.334E-05	7.615E-01	7.615E-01	7.616E-01	7.615E-01	7.616E-01	7.615E-01
1.440E+00	7.573E-01	3.322E-05	7.573E-01	7.573E-01	7.574E-01	7.573E-01	7.574E-01	7.573E-01
1.450E+00	7.531E-01	3.313E-05	7.531E-01	7.531E-01	7.532E-01	7.531E-01	7.532E-01	7.531E-01
1.460E+00	7.489E-01	3.305E-05	7.489E-01	7.489E-01	7.490E-01	7.489E-01	7.490E-01	7.489E-01
1.470E+00	7.447E-01	3.299E-05	7.447E-01	7.447E-01	7.447E-01	7.447E-01	7.448E-01	7.447E-01
1.480E+00	7.405E-01	3.296E-05	7.405E-01	7.405E-01	7.405E-01	7.405E-01	7.405E-01	7.405E-01
1.490E+00	7.363E-01	3.294E-05	7.363E-01	7.363E-01	7.363E-01	7.363E-01	7.363E-01	7.363E-01
1.500E+00	7.321E-01	3.294E-05	7.321E-01	7.321E-01	7.321E-01	7.321E-01	7.321E-01	7.321E-01
1.510E+00	7.279E-01	3.297E-05	7.279E-01	7.279E-01	7.279E-01	7.279E-01	7.279E-01	7.278E-01
1.520E+00	7.236E-01	3.301E-05	7.237E-01	7.236E-01	7.237E-01	7.236E-01	7.237E-01	7.236E-01
1.530E+00	7.194E-01	3.308E-05	7.194E-01	7.194E-01	7.194E-01	7.194E-01	7.195E-01	7.194E-01
1.540E+00	7.152E-01	3.316E-05	7.152E-01	7.152E-01	7.152E-01	7.152E-01	7.152E-01	7.152E-01
1.550E+00	7.110E-01	3.327E-05	7.110E-01	7.110E-01	7.110E-01	7.110E-01	7.110E-01	7.109E-01
1.560E+00	7.068E-01	3.339E-05	7.068E-01	7.067E-01	7.068E-01	7.067E-01	7.068E-01	7.067E-01
1.570E+00	7.025E-01	3.354E-05	7.025E-01	7.025E-01	7.025E-01	7.025E-01	7.026E-01	7.025E-01
1.580E+00	6.983E-01	3.370E-05	6.983E-01	6.983E-01	6.983E-01	6.983E-01	6.983E-01	6.983E-01
1.590E+00	6.941E-01	3.389E-05	6.941E-01	6.941E-01	6.941E-01	6.941E-01	6.941E-01	6.940E-01
1.600E+00	6.898E-01	3.409E-05	6.899E-01	6.898E-01	6.899E-01	6.898E-01	6.899E-01	6.898E-01
1.610E+00	6.856E-01	3.431E-05	6.856E-01	6.856E-01	6.856E-01	6.856E-01	6.856E-01	6.856E-01
1.620E+00	6.814E-01	3.455E-05	6.814E-01	6.814E-01	6.814E-01	6.814E-01	6.814E-01	6.814E-01
1.630E+00	6.772E-01	3.480E-05	6.772E-01	6.772E-01	6.772E-01	6.772E-01	6.772E-01	6.771E-01
1.640E+00	6.730E-01	3.508E-05	6.730E-01	6.729E-01	6.730E-01	6.729E-01	6.730E-01	6.729E-01
1.650E+00	6.687E-01	3.537E-05	6.688E-01	6.687E-01	6.687E-01	6.687E-01	6.688E-01	6.687E-01
1.660E+00	6.645E-01	3.567E-05	6.645E-01	6.645E-01	6.645E-01	6.645E-01	6.645E-01	6.645E-01
1.670E+00	6.603E-01	3.599E-05	6.603E-01	6.603E-01	6.603E-01	6.603E-01	6.603E-01	6.603E-01
1.680E+00	6.561E-01	3.633E-05	6.561E-01	6.561E-01	6.561E-01	6.561E-01	6.561E-01	6.561E-01
1.690E+00	6.519E-01	3.668E-05	6.519E-01	6.519E-01	6.519E-01	6.519E-01	6.519E-01	6.519E-01
1.700E+00	6.477E-01	3.705E-05	6.477E-01	6.477E-01	6.477E-01	6.477E-01	6.477E-01	6.476E-01
1.710E+00	6.435E-01	3.742E-05	6.435E-01	6.435E-01	6.435E-01	6.435E-01	6.435E-01	6.434E-01
1.720E+00	6.393E-01	3.781E-05	6.393E-01	6.393E-01	6.393E-01	6.393E-01	6.393E-01	6.393E-01
1.730E+00	6.351E-01	3.822E-05	6.351E-01	6.351E-01	6.351E-01	6.351E-01	6.351E-01	6.351E-01
1.740E+00	6.309E-01	3.863E-05	6.309E-01	6.309E-01	6.309E-01	6.309E-01	6.309E-01	6.309E-01
1.750E+00	6.267E-01	3.905E-05	6.267E-01	6.267E-01	6.267E-01	6.267E-01	6.267E-01	6.267E-01
1.760E+00	6.225E-01	3.949E-05	6.226E-01	6.225E-01	6.225E-01	6.225E-01	6.226E-01	6.225E-01
1.770E+00	6.184E-01	3.993E-05	6.184E-01	6.183E-01	6.184E-01	6.184E-01	6.184E-01	6.183E-01
1.780E+00	6.142E-01	4.039E-05	6.142E-01	6.142E-01	6.142E-01	6.142E-01	6.142E-01	6.142E-01
1.790E+00	6.100E-01	4.085E-05	6.101E-01	6.100E-01	6.100E-01	6.100E-01	6.101E-01	6.100E-01
1.800E+00	6.059E-01	4.132E-05	6.059E-01	6.059E-01	6.059E-01	6.059E-01	6.059E-01	6.059E-01
1.810E+00	6.017E-01	4.180E-05	6.018E-01	6.017E-01	6.017E-01	6.017E-01	6.018E-01	6.017E-01
1.820E+00	5.976E-01	4.229E-05	5.976E-01	5.976E-01	5.976E-01	5.976E-01	5.976E-01	5.976E-01
1.830E+00	5.935E-01	4.278E-05	5.935E-01	5.934E-01	5.935E-01	5.935E-01	5.935E-01	5.934E-01
1.840E+00	5.893E-01	4.328E-05	5.894E-01	5.893E-01	5.893E-01	5.893E-01	5.894E-01	5.893E-01
1.850E+00	5.852E-01	4.378E-05	5.853E-01	5.852E-01	5.852E-01	5.852E-01	5.853E-01	5.852E-01
1.860E+00	5.811E-01	4.429E-05	5.811E-01	5.811E-01	5.811E-01	5.811E-01	5.811E-01	5.811E-01
1.870E+00	5.770E-01	4.481E-05	5.770E-01	5.770E-01	5.770E-01	5.770E-01	5.770E-01	5.770E-01
1.880E+00	5.729E-01	4.533E-05	5.729E-01	5.729E-01	5.729E-01	5.729E-01	5.729E-01	5.729E-01
1.890E+00	5.688E-01	4.585E-05	5.689E-01	5.688E-01	5.688E-01	5.688E-01	5.689E-01	5.688E-01
1.900E+00	5.647E-01	4.638E-05	5.648E-01	5.647E-01	5.647E-01	5.648E-01	5.648E-01	5.647E-01
1.910E+00	5.607E-01	4.691E-05	5.607E-01	5.606E-01	5.607E-01	5.607E-01	5.607E-01	5.607E-01
1.920E+00	5.566E-01	4.744E-05	5.567E-01	5.566E-01	5.566E-01	5.566E-01	5.567E-01	5.566E-01
1.930E+00	5.526E-01	4.797E-05	5.526E-01	5.525E-01	5.526E-01	5.526E-01	5.526E-01	5.525E-01
1.940E+00	5.485E-01	4.851E-05	5.486E-01	5.485E-01	5.485E-01	5.485E-01	5.486E-01	5.485E-01
1.950E+00	5.445E-01	4.905E-05	5.445E-01	5.445E-01	5.445E-01	5.445E-01	5.445E-01	5.445E-01
1.960E+00	5.405E-01	4.959E-05	5.405E-01	5.404E-01	5.405E-01	5.405E-01	5.405E-01	5.405E-01
1.970E+00	5.365E-01	5.013E-05	5.365E-01	5.364E-01	5.365E-01	5.365E-01	5.365E-01	5.364E-01
1.980E+00	5.325E-01	5.067E-05	5.325E-01	5.324E-01	5.325E-01	5.325E-01	5.325E-01	5.324E-01
1.990E+00	5.285E-01	5.121E-05	5.285E-01	5.284E-01	5.285E-01	5.285E-01	5.285E-01	5.285E-01
2.000E+00	5.245E-01	5.176E-05	5.245E-01	5.245E-01	5.245E-01	5.245E-01	5.245E-01	5.245E-01
2.010E+00	5.205E-01	5.230E-05	5.206E-01	5.205E-01	5.205E-01	5.206E-01	5.206E-01	5.205E-01
2.020E+00	5.166E-01	5.284E-05	5.166E-01	5.165E-01	5.166E-01	5.166E-01	5.166E-01	5.166E-01
2.030E+00	5.126E-01	5.338E-05	5.127E-01	5.126E-01	5.126E-01	5.127E-01	5.127E-01	5.126E-01
2.040E+00	5.087E-01	5.392E-05	5.088E-01	5.087E-01	5.087E-01	5.087E-01	5.087E-01	5.087E-01
2.050E+00	5.048E-01	5.446E-05	5.048E-01	5.048E-01	5.048E-01	5.048E-01	5.048E-01	5.048E-01
2.060E+00	5.009E-01	5.499E-05	5.009E-01	5.008E-01	5.009E-01	5.009E-01	5.009E-01	5.009E-01
2.070E+00	4.970E-01	5.553E-05	4.970E-01	4.969E-01	4.970E-01	4.970E-01	4.970E-01	4.970E-01
2.080E+00	4.931E-01	5.606E-05	4.932E-01	4.931E-01	4.931E-01	4.931E-01	4.931E-01	4.931E-01
2.090E+00	4.892E-01	5.659E-05	4.893E-01	4.892E-01	4.892E-01	4.893E-01	4.893E-01	4.892E-01
2.100E+00	4.854E-01	5.712E-05	4.854E-01	4.853E-01	4.854E-01	4.854E-01	4.854E-01	4.854E-01
2.110E+00	4.815E-01	5.764E-05	4.816E-01	4.815E-01	4.815E-01	4.816E-01	4.816E-01	4.815E-01
2.120E+00	4.777E-01	5.817E-05	4.778E-01	4.777E-01	4.777E-01	4.777E-01	4.777E-01	4.777E-01
2.130E+00	4.739E-01	5.868E-05	4.739E-01	4.738E-01	4.739E-01	4.739E-01	4.739E-01	4.739E-01
2.140E+00	4.701E-01	5.920E-05	4.701E-01	4.700E-01	4.701E-01	4.701E-01	4.701E-01	4.701E-01
2.150E+00	4.663E-01	5.971E-05	4.664E-01	4.663E-01	4.663E-01	4.663E-01	4.663E-01	4.663E-01
2.160E+00	4.625E-01	6.022E-05	4.626E-01	4.625E-01	4.625E-01	4.625E-01	4.626E-01	4.625E-01
2.170E+00	4.588E-01	6.073E-05	4.588E-01	4.587E-01	4.588E-01	4.588E-01	4.588E-01	4.587E-01
2.180E+00	4.550E-01	6.123E-05	4.551E-01	4.550E-01	4.550E-01	4.550E-01	4.551E-01	4.550E-01
2.190E+00	4.513E-01	6.172E-05	4.513E-01	4.512E-01	4.513E-01	4.513E-01	4.513E-01	4.513E-01
2.200E+00	4.476E-01	6.221E-05	4.476E-01	4.475E-01	4.476E-01	4.476E-01	4.476E-01	4.475E-01
2.210E+00	4.439E-01	6.270E-05	4.439E-01	4.438E-01	4.439E-01	4.439E-01	4.439E-01	4.438E-01
2.220E+00	4.402E-01	6.318E-05	4.402E-01	4.401E-01	4.402E-01	4.402E-01	4.402E-01	4.402E-01
2.230E+00	4.365E-01	6.366E-05	4.366E-01	4.365E-01	4.365E-01	4.365E-01	4.365E-01	4.365E-01
2.240E+00	4.329E-01	6.414E-05	4.329E-01	4.328E-01	4.328E-01	4.329E-01	4.329E-01	4.328E-01
2.250E+00	4.292E-01	6.460E-05	4.293E-01	4.292E-01	4.292E-01	4.292E-01	4.292E-01	4.292E-01
2.260E+00	4.256E-01	6.507E-05	4.256E-01	4.255E-01	4.256E-01	4.256E-01	4.256E-01	4.256E-01
2.270E+00	4.220E-01	6.552E-05	4.220E-01	4.219E-01	4.220E-01	4.220E-01	4.220E-01	4.219E-01
2.280E+00	4.184E-01	6.598E-05	4.184E-01	4.183E-01	4.184E-01	4.184E-01	4.184E-01	4.183E-01
2.290E+00	4.148E-01	6.642E-05	4.149E-01	4.147E-01	4.148E-01	4.148E-01	4.148E-01	4.148E-01
2.300E+00	4.112E-01	6.686E-05	4.113E-01	4.112E-01	4.112E-01	4.113E-01	4.113E-01	4.112E-01
2.310E+00	4.077E-01	6.730E-05	4.077E-01	4.076E-01	4.077E-01	4.077E-01	4.077E-01	4.077E-01
2.320E+00	4.042E-01	6.773E-05	4.042E-01	4.041E-01	4.041E-01	4.042E-01	4.042E-01	4.041E-01
2.330E+00	4.006E-01	6.815E-05	4.007E-01	4.006E-01	4.006E-01	4.007E-01	4.007E-01	4.006E-01
2.340E+00	3.971E-01	6.857E-05	3.972E-01	3.971E-01	3.971E-01	3.972E-01	3.972E-01	3.971E-01
2.350E+00	3.937E-01	6.898E-05	3.937E-01	3.936E-01	3.936E-01	3.937E-01	3.937E-01	3.936E-01
2.360E+00	3.902E-01	6.938E-05	3.902E-01	3.901E-01	3.902E-01	3.902E-01	3.902E-01	3.902E-01
2.370E+00	3.867E-01	6.978E-05	3.868E-01	3.867E-01	3.867E-01	3.868E-01	3.868E-01	3.867E-01
2.380E+00	3.833E-01	7.017E-05	3.834E-01	3.832E-01	3.833E-01	3.833E-01	3.833E-01	3.833E-01
2.390E+00	3.799E-01	7.056E-05	3.800E-01	3.798E-01	3.799E-01	3.799E-01	3.799E-01	3.799E-01
2.400E+00	3.765E-01	7.093E-05	3.766E-01	3.764E-01	3.765E-01	3.765E-01	3.765E-01	3.765E-01
2.410E+00	3.731E-01	7.131E-05	3.732E-01	3.731E-01	3.731E-01	3.731E-01	3.731E-01	3.731E-01
2.420E+00	3.697E-01	7.167E-05	3.698E-01	3.697E-01	3.697E-01	3.698E-01	3.698E-01	3.697E-01
2.430E+00	3.664E-01	7.203E-05	3.665E-01	3.663E-01	3.664E-01	3.664E-01	3.664E-01	3.664E-01
2.440E+00	3.631E-01	7.238E-05	3.631E-01	3.630E-01	3.630E-01	3.631E-01	3.631E-01	3.630E-01
2.450E+00	3.598E-01	7.273E-05	3.598E-01	3.597E-01	3.597E-01	3.598E-01	3.598E-01	3.597E-01
2.460E+00	3.565E-01	7.306E-05	3.565E-01	3.564E-01	3.564E-01	3.565E-01	3.565E-01	3.564E-01
2.470E+00	3.532E-01	7.339E-05	3.533E-01	3.531E-01	3.532E-01	3.532E-01	3.532E-01	3.532E-01
2.480E+00	3.499E-01	7.372E-05	3.500E-01	3.499E-01	3.499E-01	3.500E-01	3.500E-01	3.499E-01
2.490E+00	3.467E-01	7.403E-05	3.468E-01	3.466E-01	3.467E-01	3.467E-01	3.467E-01	3.467E-01
2.500E+00	3.435E-01	7.434E-05	3.435E-01	3.434E-01	3.434E-01	3.435E-01	3.435E-01	3.434E-01
2.510E+00	3.403E-01	7.464E-05	3.403E-01	3.402E-01	3.402E-01	3.403E-01	3.403E-01	3.402E-01
2.520E+00	3.371E-01	7.494E-05	3.371E-01	3.370E-01	3.370E-01	3.371E-01	3.371E-01	3.370E-01
2.530E+00	3.339E-01	7.523E-05	3.340E-01	3.338E-01	3.339E-01	3.339E-01	3.339E-01	3.339E-01
2.540E+00	3.307E-01	7.551E-05	3.308E-01	3.307E-01	3.307E-01	3.308E-01	3.308E-01	3.307E-01
2.550E+00	3.276E-01	7.578E-05	3.277E-01	3.275E-01	3.276E-01	3.276E-01	3.276E-01	3.276E-01
2.560E+00	3.245E-01	7.604E-05	3.246E-01	3.244E-01	3.245E-01	3.245E-01	3.245E-01	3.245E-01
2.570E+00	3.214E-01	7.630E-05	3.215E-01	3.213E-01	3.214E-01	3.214E-01	3.214E-01	3.214E-01
2.580E+00	3.183E-01	7.655E-05	3.184E-01	3.183E-01	3.183E-01	3.183E-01	3.184E-01	3.183E-01
2.590E+00	3.153E-01	7.679E-05	3.153E-01	3.152E-01	3.152E-01	3.153E-01	3.153E-01	3.152E-01
2.600E+00	3.122E-01	7.703E-05	3.123E-01	3.122E-01	3.122E-01	3.122E-01	3.122E-01	3.122E-01
2.610E+00	3.092E-01	7.726E-05	3.093E-01	3.091E-01	3.092E-01	3.092E-01	3.092E-01	3.092E-01
2.620E+00	3.062E-01	7.748E-05	3.063E-01	3.061E-01	3.062E-01	3.062E-01	3.062E-01	3.062E-01
2.630E+00	3.032E-01	7.769E-05	3.033E-01	3.031E-01	3.032E-01	3.032E-01	3.032E-01	3.032E-01
2.640E+00	3.002E-01	7.790E-05	3.003E-01	3.002E-01	3.002E-01	3.003E-01	3.003E-01	3.002E-01
2.650E+00	2.973E-01	7.809E-05	2.974E-01	2.972E-01	2.973E-01	2.973E-01	2.973E-01	2.973E-01
2.660E+00	2.944E-01	7.828E-05	2.944E-01	2.943E-01	2.943E-01	2.944E-01	2.944E-01	2.943E-01
2.670E+00	2.914E-01	7.847E-05	2.915E-01	2.914E-01	2.914E-01	2.915E-01	2.915E-01	2.914E-01
2.680E+00	2.885E-01	7.864E-05	2.886E-01	2.885E-01	2.885E-01	2.886E-01	2.886E-01	2.885E-01
2.690E+00	2.857E-01	7.881E-05	2.857E-01	2.856E-01	2.856E-01	2.857E-01	2.857E-01	2.856E-01
2.700E+00	2.828E-01	7.897E-05	2.829E-01	2.827E-01	2.828E-01	2.828E-01	2.828E-01	2.828E-01
2.710E+00	2.800E-01	7.912E-05	2.800E-01	2.799E-01	2.799E-01	2.800E-01	2.800E-01	2.799E-01
2.720E+00	2.772E-01	7.927E-05	2.772E-01	2.771E-01	2.771E-01	2.772E-01	2.772E-01	2.771E-01
2.730E+00	2.744E-01	7.940E-05	2.744E-01	2.743E-01	2.743E-01	2.744E-01	2.744E-01	2.743E-01
2.740E+00	2.716E-01	7.953E-05	2.716E-01	2.715E-01	2.715E-01	2.716E-01	2.716E-01	2.715E-01
2.750E+00	2.688E-01	7.965E-05	2.689E-01	2.687E-01	2.688E-01	2.688E-01	2.688E-01	2.688E-01
2.760E+00	2.661E-01	7.977E-05	2.661E-01	2.660E-01	2.660E-01	2.661E-01	2.661E-01	2.660E-01
2.770E+00	2.633E-01	7.988E-05	2.634E-01	2.633E-01	2.633E-01	2.634E-01	2.634E-01	2.633E-01
2.780E+00	2.606E-01	7.998E-05	2.607E-01	2.606E-01	2.606E-01	2.607E-01	2.607E-01	2.606E-01
2.790E+00	2.579E-01	8.007E-05	2.580E-01	2.579E-01	2.579E-01	2.580E-01	2.580E-01	2.579E-01
2.800E+00	2.553E-01	8.015E-05	2.553E-01	2.552E-01	2.552E-01	2.553E-01	2.553E-01	2.552E-01
2.810E+00	2.526E-01	8.023E-05	2.527E-01	2.525E-01	2.526E-01	2.526E-01	2.526E-01	2.526E-01
2.820E+00	2.500E-01	8.030E-05	2.501E-01	2.499E-01	2.500E-01	2.500E-01	2.500E-01	2.500E-01
2.830E+00	2.474E-01	8.036E-05	2.474E-01	2.473E-01	2.473E-01	2.474E-01	2.474E-01	2.473E-01
2.840E+00	2.448E-01	8.042E-05	2.448E-01	2.447E-01	2.447E-01	2.448E-01	2.448E-01	2.447E-01
2.850E+00	2.422E-01	8.047E-05	2.423E-01	2.421E-01	2.422E-01	2.422E-01	2.422E-01	2.422E-01
2.860E+00	2.396E-01	8.051E-05	2.397E-01	2.396E-01	2.396E-01	2.397E-01	2.397E-01	2.396E-01
2.870E+00	2.371E-01	8.054E-05	2.372E-01	2.370E-01	2.371E-01	2.371E-01	2.371E-01	2.371E-01
2.880E+00	2.346E-01	8.057E-05	2.346E-01	2.345E-01	2.346E-01	2.346E-01	2.346E-01	2.345E-01
2.890E+00	2.321E-01	8.059E-05	2.321E-01	2.320E-01	2.320E-01	2.321E-01	2.321E-01	2.320E-01
2.900E+00	2.296E-01	8.060E-05	2.297E-01	2.295E-01	2.296E-01	2.296E-01	2.296E-01	2.296E-01
2.910E+00	2.271E-01	8.060E-05	2.272E-01	2.271E-01	2.271E-01	2.272E-01	2.272E-01	2.271E-01
2.920E+00	2.247E-01	8.060E-05	2.248E-01	2.246E-01	2.247E-01	2.247E-01	2.247E-01	2.247E-01
2.930E+00	2.223E-01	8.059E-05	2.223E-01	2.222E-01	2.222E-01	2.223E-01	2.223E-01	2.222E-01
2.940E+00	2.198E-01	8.058E-05	2.199E-01	2.198E-01	2.198E-01	2.199E-01	2.199E-01	2.198E-01
2.950E+00	2.175E-01	8.055E-05	2.175E-01	2.174E-01	2.174E-01	2.175E-01	2.175E-01	2.174E-01
2.960E+00	2.151E-01	8.052E-05	2.151E-01	2.150E-01	2.151E-01	2.151E-01	2.151E-01	2.151E-01
2.970E+00	2.127E-01	8.049E-05	2.128E-01	2.127E-01	2.127E-01	2.128E-01	2.128E-01	2.127E-01
2.980E+00	2.104E-01	8.044E-05	2.105E-01	2.103E-01	2.104E-01	2.104E-01	2.104E-01	2.104E-01
2.990E+00	2.081E-01	8.039E-05	2.081E-01	2.080E-01	2.080E-01	2.081E-01	2.081E-01	2.080E-01
3.000E+00	2.058E-01	8.034E-05	2.058E-01	2.057E-01	2.057E-01	2.058E-01	2.058E-01	2.057E-01
