1.000E-02	1.295E+00	1.011E-03	1.294E+00	1.296E+00	1.295E+00	1.295E+00	1.295E+00	1.295E+00
2.000E-02	1.295E+00	1.007E-03	1.294E+00	1.296E+00	1.295E+00	1.295E+00	1.295E+00	1.295E+00
3.000E-02	1.294E+00	1.000E-03	1.293E+00	1.295E+00	1.294E+00	1.294E+00	1.294E+00	1.294E+00
4.000E-02	1.294E+00	9.923E-04	1.293E+00	1.295E+00	1.294E+00	1.294E+00	1.294E+00	1.294E+00
5.000E-02	1.294E+00	9.835E-04	1.293E+00	1.295E+00	1.294E+00	1.293E+00	1.294E+00	1.294E+00
6.000E-02	1.293E+00	9.738E-04	1.292E+00	1.294E+00	1.293E+00	1.293E+00	1.293E+00	1.293E+00
7.000E-02	1.292E+00	9.633E-04	1.291E+00	1.293E+00	1.292E+00	1.292E+00	1.292E+00	1.292E+00
8.000E-02	1.292E+00	9.521E-04	1.291E+00	1.293E+00	1.292E+00	1.292E+00	1.292E+00	1.292E+00
9.000E-02	1.291E+00	9.403E-04	1.290E+00	1.292E+00	1.291E+00	1.291E+00	1.291E+00	1.291E+00
1.000E-01	1.290E+00	9.280E-04	1.289E+00	1.291E+00	1.290E+00	1.290E+00	1.290E+00	1.290E+00
1.100E-01	1.289E+00	9.152E-04	1.288E+00	1.290E+00	1.289E+00	1.289E+00	1.289E+00	1.289E+00
1.200E-01	1.288E+00	9.019E-04	1.287E+00	1.289E+00	1.288E+00	1.288E+00	1.288E+00	1.288E+00
1.300E-01	1.287E+00	8.882E-04	1.286E+00	1.288E+00	1.287E+00	1.287E+00	1.287E+00	1.287E+00
1.400E-01	1.286E+00	8.741E-04	1.285E+00	1.287E+00	1.286E+00	1.286E+00	1.286E+00	1.286E+00
1.500E-01	1.285E+00	8.597E-04	1.284E+00	1.286E+00	1.285E+00	1.285E+00	1.285E+00	1.285E+00
1.600E-01	1.284E+00	8.450E-04	1.283E+00	1.285E+00	1.284E+00	1.284E+00	1.284E+00	1.284E+00
1.700E-01	1.282E+00	8.300E-04	1.282E+00	1.283E+00	1.282E+00	1.282E+00	1.282E+00	1.282E+00
1.800E-01	1.281E+00	8.147E-04	1.280E+00	1.282E+00	1.281E+00	1.281E+00	1.281E+00	1.281E+00
1.900E-01	1.280E+00	7.993E-04	1.279E+00	1.280E+00	1.280E+00	1.280E+00	1.280E+00	1.280E+00
2.000E-01	1.278E+00	7.836E-04	1.277E+00	1.279E+00	1.278E+00	1.278E+00	1.278E+00	1.278E+00
2.100E-01	1.277E+00	7.678E-04	1.276E+00	1.277E+00	1.277E+00	1.277E+00	1.277E+00	1.277E+00
2.200E-01	1.275E+00	7.518E-04	1.274E+00	1.276E+00	1.275E+00	1.275E+00	1.275E+00	1.275E+00
2.300E-01	1.273E+00	7.356E-04	1.273E+00	1.274E+00	1.274E+00	1.273E+00	1.273E+00	1.273E+00
2.400E-01	1.272E+00	7.193E-04	1.271E+00	1.273E+00	1.272E+00	1.272E+00	1.272E+00	1.272E+00
2.500E-01	1.270E+00	7.030E-04	1.269E+00	1.271E+00	1.270E+00	1.270E+00	1.270E+00	1.270E+00
2.600E-01	1.268E+00	6.865E-04	1.268E+00	1.269E+00	1.268E+00	1.268E+00	1.268E+00	1.268E+00
2.700E-01	1.266E+00	6.699E-04	1.266E+00	1.267E+00	1.267E+00	1.266E+00	1.266E+00	1.266E+00
2.800E-01	1.265E+00	6.533E-04	1.264E+00	1.265E+00	1.265E+00	1.264E+00	1.265E+00	1.265E+00
2.900E-01	1.263E+00	6.367E-04	1.262E+00	1.263E+00	1.263E+00	1.263E+00	1.263E+00	1.263E+00
3.000E-01	1.261E+00	6.200E-04	1.260E+00	1.261E+00	1.261E+00	1.261E+00	1.261E+00	1.261E+00
3.100E-01	1.259E+00	6.033E-04	1.258E+00	1.259E+00	1.259E+00	1.259E+00	1.259E+00	1.259E+00
3.200E-01	1.257E+00	5.866E-04	1.256E+00	1.257E+00	1.257E+00	1.256E+00	1.257E+00	1.257E+00
3.300E-01	1.254E+00	5.699E-04	1.254E+00	1.255E+00	1.254E+00	1.254E+00	1.254E+00	1.254E+00
3.400E-01	1.252E+00	5.532E-04	1.252E+00	1.253E+00	1.252E+00	1.252E+00	1.252E+00	1.252E+00
3.500E-01	1.250E+00	5.365E-04	1.249E+00	1.251E+00	1.250E+00	1.250E+00	1.250E+00	1.250E+00
3.600E-01	1.248E+00	5.199E-04	1.247E+00	1.248E+00	1.248E+00	1.248E+00	1.248E+00	1.248E+00
3.700E-01	1.245E+00	5.033E-04	1.245E+00	1.246E+00	1.246E+00	1.245E+00	1.245E+00	1.245E+00
3.800E-01	1.243E+00	4.868E-04	1.243E+00	1.244E+00	1.243E+00	1.243E+00	1.243E+00	1.243E+00
3.900E-01	1.241E+00	4.703E-04	1.240E+00	1.241E+00	1.241E+00	1.241E+00	1.241E+00	1.241E+00
4.000E-01	1.238E+00	4.539E-04	1.238E+00	1.239E+00	1.238E+00	1.238E+00	1.238E+00	1.238E+00
4.100E-01	1.236E+00	4.376E-04	1.235E+00	1.236E+00	1.236E+00	1.236E+00	1.236E+00	1.236E+00
4.200E-01	1.233E+00	4.214E-04	1.233E+00	1.234E+00	1.233E+00	1.233E+00	1.233E+00	1.233E+00
4.300E-01	1.231E+00	4.053E-04	1.230E+00	1.231E+00	1.231E+00	1.231E+00	1.231E+00	1.231E+00
4.400E-01	1.228E+00	3.893E-04	1.228E+00	1.228E+00	1.228E+00	1.228E+00	1.228E+00	1.228E+00
4.500E-01	1.225E+00	3.734E-04	1.225E+00	1.226E+00	1.225E+00	1.225E+00	1.225E+00	1.225E+00
4.600E-01	1.223E+00	3.577E-04	1.222E+00	1.223E+00	1.223E+00	1.223E+00	1.223E+00	1.223E+00
4.700E-01	1.220E+00	3.421E-04	1.220E+00	1.220E+00	1.220E+00	1.220E+00	1.220E+00	1.220E+00
4.800E-01	1.217E+00	3.266E-04	1.217E+00	1.217E+00	1.217E+00	1.217E+00	1.217E+00	1.217E+00
4.900E-01	1.214E+00	3.113E-04	1.214E+00	1.215E+00	1.214E+00	1.214E+00	1.214E+00	1.214E+00
5.000E-01	1.211E+00	2.962E-04	1.211E+00	1.212E+00	1.212E+00	1.211E+00	1.211E+00	1.211E+00
5.100E-01	1.209E+00	2.812E-04	1.208E+00	1.209E+00	1.209E+00	1.208E+00	1.209E+00	1.209E+00
5.200E-01	1.206E+00	2.665E-04	1.205E+00	1.206E+00	1.206E+00	1.206E+00	1.206E+00	1.206E+00
5.300E-01	1.203E+00	2.519E-04	1.202E+00	1.203E+00	1.203E+00	1.203E+00	1.203E+00	1.203E+00
5.400E-01	1.200E+00	2.375E-04	1.199E+00	1.200E+00	1.200E+00	1.200E+00	1.200E+00	1.200E+00
5.500E-01	1.197E+00	2.234E-04	1.196E+00	1.197E+00	1.197E+00	1.197E+00	1.197E+00	1.197E+00
5.600E-01	1.194E+00	2.095E-04	1.193E+00	1.194E+00	1.194E+00	1.193E+00	1.194E+00	1.194E+00
5.700E-01	1.190E+00	1.959E-04	1.190E+00	1.191E+00	1.190E+00	1.190E+00	1.190E+00	1.190E+00
5.800E-01	1.187E+00	1.825E-04	1.187E+00	1.187E+00	1.187E+00	1.187E+00	1.187E+00	1.187E+00
5.900E-01	1.184E+00	1.695E-04	1.184E+00	1.184E+00	1.184E+00	1.184E+00	1.184E+00	1.184E+00
6.000E-01	1.181E+00	1.568E-04	1.181E+00	1.181E+00	1.181E+00	1.181E+00	1.181E+00	1.181E+00
6.100E-01	1.178E+00	1.445E-04	1.177E+00	1.178E+00	1.178E+00	1.178E+00	1.178E+00	1.178E+00
6.200E-01	1.174E+00	1.326E-04	1.174E+00	1.174E+00	1.174E+00	1.174E+00	1.174E+00	1.174E+00
6.300E-01	1.171E+00	1.213E-04	1.171E+00	1.171E+00	1.171E+00	1.171E+00	1.171E+00	1.171E+00
6.400E-01	1.168E+00	1.105E-04	1.168E+00	1.168E+00	1.168E+00	1.168E+00	1.168E+00	1.168E+00
6.500E-01	1.164E+00	1.005E-04	1.164E+00	1.164E+00	1.164E+00	1.164E+00	1.164E+00	1.164E+00
6.600E-01	1.161E+00	9.136E-05	1.161E+00	1.161E+00	1.161E+00	1.161E+00	1.161E+00	1.161E+00
6.700E-01	1.157E+00	8.328E-05	1.157E+00	1.158E+00	1.158E+00	1.157E+00	1.157E+00	1.157E+00
6.800E-01	1.154E+00	7.651E-05	1.154E+00	1.154E+00	1.154E+00	1.154E+00	1.154E+00	1.154E+00
6.900E-01	1.150E+00	7.133E-05	1.150E+00	1.151E+00	1.151E+00	1.150E+00	1.150E+00	1.151E+00
7.000E-01	1.147E+00	6.799E-05	1.147E+00	1.147E+00	1.147E+00	1.147E+00	1.147E+00	1.147E+00
7.100E-01	1.143E+00	6.665E-05	1.143E+00	1.143E+00	1.143E+00	1.143E+00	1.143E+00	1.143E+00
7.200E-01	1.140E+00	6.732E-05	1.140E+00	1.140E+00	1.140E+00	1.140E+00	1.140E+00	1.140E+00
7.300E-01	1.136E+00	6.983E-05	1.136E+00	1.136E+00	1.136E+00	1.136E+00	1.136E+00	1.136E+00
7.400E-01	1.133E+00	7.391E-05	1.133E+00	1.133E+00	1.133E+00	1.133E+00	1.133E+00	1.133E+00
7.500E-01	1.129E+00	7.920E-05	1.129E+00	1.129E+00	1.129E+00	1.129E+00	1.129E+00	1.129E+00
7.600E-01	1.125E+00	8.542E-05	1.125E+00	1.125E+00	1.125E+00	1.125E+00	1.125E+00	1.125E+00
7.700E-01	1.122E+00	9.228E-05	1.122E+00	1.121E+00	1.122E+00	1.121E+00	1.122E+00	1.122E+00
7.800E-01	1.118E+00	9.959E-05	1.118E+00	1.118E+00	1.118E+00	1.118E+00	1.118E+00	1.118E+00
7.900E-01	1.114E+00	1.072E-04	1.114E+00	1.114E+00	1.114E+00	1.114E+00	1.114E+00	1.114E+00
8.000E-01	1.110E+00	1.150E-04	1.110E+00	1.110E+00	1.110E+00	1.110E+00	1.110E+00	1.110E+00
8.100E-01	1.106E+00	1.228E-04	1.107E+00	1.106E+00	1.106E+00	1.106E+00	1.106E+00	1.106E+00
8.200E-01	1.103E+00	1.307E-04	1.103E+00	1.102E+00	1.103E+00	1.103E+00	1.103E+00	1.103E+00
8.300E-01	1.099E+00	1.385E-04	1.099E+00	1.099E+00	1.099E+00	1.099E+00	1.099E+00	1.099E+00
8.400E-01	1.095E+00	1.463E-04	1.095E+00	1.095E+00	1.095E+00	1.095E+00	1.095E+00	1.095E+00
8.500E-01	1.091E+00	1.540E-04	1.091E+00	1.091E+00	1.091E+00	1.091E+00	1.091E+00	1.091E+00
8.600E-01	1.087E+00	1.615E-04	1.087E+00	1.087E+00	1.087E+00	1.087E+00	1.087E+00	1.087E+00
8.700E-01	1.083E+00	1.690E-04	1.083E+00	1.083E+00	1.083E+00	1.083E+00	1.083E+00	1.083E+00
8.800E-01	1.079E+00	1.762E-04	1.079E+00	1.079E+00	1.079E+00	1.079E+00	1.079E+00	1.079E+00
8.900E-01	1.075E+00	1.833E-04	1.075E+00	1.075E+00	1.075E+00	1.075E+00	1.075E+00	1.075E+00
9.000E-01	1.071E+00	1.902E-04	1.071E+00	1.071E+00	1.071E+00	1.071E+00	1.071E+00	1.071E+00
9.100E-01	1.067E+00	1.969E-04	1.067E+00	1.067E+00	1.067E+00	1.067E+00	1.067E+00	1.067E+00
9.200E-01	1.063E+00	2.035E-04	1.063E+00	1.063E+00	1.063E+00	1.063E+00	1.063E+00	1.063E+00
9.300E-01	1.059E+00	2.098E-04	1.059E+00	1.059E+00	1.059E+00	1.059E+00	1.059E+00	1.059E+00
9.400E-01	1.055E+00	2.160E-04	1.055E+00	1.055E+00	1.055E+00	1.055E+00	1.055E+00	1.055E+00
9.500E-01	1.051E+00	2.219E-04	1.051E+00	1.051E+00	1.051E+00	1.051E+00	1.051E+00	1.051E+00
9.600E-01	1.047E+00	2.276E-04	1.047E+00	1.046E+00	1.047E+00	1.047E+00	1.047E+00	1.047E+00
9.700E-01	1.042E+00	2.331E-04	1.043E+00	1.042E+00	1.043E+00	1.042E+00	1.042E+00	1.042E+00
9.800E-01	1.038E+00	2.384E-04	1.039E+00	1.038E+00	1.038E+00	1.038E+00	1.038E+00	1.038E+00
9.900E-01	1.034E+00	2.435E-04	1.034E+00	1.034E+00	1.034E+00	1.034E+00	1.034E+00	1.034E+00
1.000E+00	1.030E+00	2.484E-04	1.030E+00	1.030E+00	1.030E+00	1.030E+00	1.030E+00	1.030E+00
1.010E+00	1.026E+00	2.531E-04	1.026E+00	1.025E+00	1.026E+00	1.026E+00	1.026E+00	1.026E+00
1.020E+00	1.022E+00	2.575E-04	1.022E+00	1.021E+00	1.022E+00	1.021E+00	1.021E+00	1.022E+00
1.030E+00	1.017E+00	2.617E-04	1.018E+00	1.017E+00	1.017E+00	1.017E+00	1.017E+00	1.017E+00
1.040E+00	1.013E+00	2.657E-04	1.013E+00	1.013E+00	1.013E+00	1.013E+00	1.013E+00	1.013E+00
1.050E+00	1.009E+00	2.695E-04	1.009E+00	1.008E+00	1.009E+00	1.009E+00	1.009E+00	1.009E+00
1.060E+00	1.004E+00	2.731E-04	1.005E+00	1.004E+00	1.005E+00	1.004E+00	1.004E+00	1.004E+00
1.070E+00	1.000E+00	2.764E-04	1.000E+00	9.999E-01	1.000E+00	1.000E+00	1.000E+00	1.000E+00
1.080E+00	9.959E-01	2.796E-04	9.962E-01	9.956E-01	9.959E-01	9.958E-01	9.959E-01	9.959E-01
1.090E+00	9.916E-01	2.825E-04	9.918E-01	9.913E-01	9.916E-01	9.915E-01	9.915E-01	9.916E-01
1.100E+00	9.872E-01	2.852E-04	9.875E-01	9.870E-01	9.873E-01	9.872E-01	9.872E-01	9.873E-01
1.110E+00	9.829E-01	2.877E-04	9.832E-01	9.826E-01	9.829E-01	9.829E-01	9.829E-01	9.829E-01
1.120E+00	9.785E-01	2.900E-04	9.788E-01	9.783E-01	9.786E-01	9.785E-01	9.785E-01	9.786E-01
1.130E+00	9.742E-01	2.920E-04	9.745E-01	9.739E-01	9.742E-01	9.741E-01	9.742E-01	9.742E-01
1.140E+00	9.698E-01	2.939E-04	9.701E-01	9.695E-01	9.698E-01	9.698E-01	9.698E-01	9.698E-01
1.150E+00	9.654E-01	2.955E-04	9.657E-01	9.651E-01	9.655E-01	9.654E-01	9.654E-01	9.654E-01
1.160E+00	9.610E-01	2.969E-04	9.613E-01	9.607E-01	9.611E-01	9.610E-01	9.610E-01	9.610E-01
1.170E+00	9.566E-01	2.982E-04	9.569E-01	9.563E-01	9.567E-01	9.566E-01	9.566E-01	9.566E-01
1.180E+00	9.522E-01	2.992E-04	9.525E-01	9.519E-01	9.523E-01	9.522E-01	9.522E-01	9.522E-01
1.190E+00	9.478E-01	3.000E-04	9.481E-01	9.475E-01	9.478E-01	9.478E-01	9.478E-01	9.478E-01
1.200E+00	9.434E-01	3.006E-04	9.437E-01	9.431E-01	9.434E-01	9.433E-01	9.433E-01	9.434E-01
1.210E+00	9.389E-01	3.010E-04	9.392E-01	9.386E-01	9.390E-01	9.389E-01	9.389E-01	9.389E-01
1.220E+00	9.345E-01	3.012E-04	9.348E-01	9.342E-01	9.345E-01	9.345E-01	9.345E-01	9.345E-01
1.230E+00	9.300E-01	3.012E-04	9.303E-01	9.297E-01	9.301E-01	9.300E-01	9.300E-01	9.301E-01
1.240E+00	9.256E-01	3.010E-04	9.259E-01	9.253E-01	9.256E-01	9.255E-01	9.256E-01	9.256E-01
1.250E+00	9.211E-01	3.006E-04	9.214E-01	9.208E-01	9.211E-01	9.211E-01	9.211E-01	9.211E-01
1.260E+00	9.166E-01	3.000E-04	9.169E-01	9.163E-01	9.167E-01	9.166E-01	9.166E-01	9.167E-01
1.270E+00	9.122E-01	2.992E-04	9.125E-01	9.119E-01	9.122E-01	9.121E-01	9.121E-01	9.122E-01
1.280E+00	9.077E-01	2.983E-04	9.080E-01	9.074E-01	9.077E-01	9.077E-01	9.077E-01	9.077E-01
1.290E+00	9.032E-01	2.971E-04	9.035E-01	9.029E-01	9.032E-01	9.032E-01	9.032E-01	9.032E-01
1.300E+00	8.987E-01	2.958E-04	8.990E-01	8.984E-01	8.987E-01	8.987E-01	8.987E-01	8.987E-01
1.310E+00	8.942E-01	2.942E-04	8.945E-01	8.939E-01	8.942E-01	8.942E-01	8.942E-01	8.942E-01
1.320E+00	8.897E-01	2.925E-04	8.900E-01	8.894E-01	8.897E-01	8.897E-01	8.897E-01	8.897E-01
1.330E+00	8.852E-01	2.906E-04	8.855E-01	8.849E-01	8.852E-01	8.852E-01	8.852E-01	8.852E-01
1.340E+00	8.807E-01	2.886E-04	8.810E-01	8.804E-01	8.807E-01	8.807E-01	8.807E-01	8.807E-01
1.350E+00	8.762E-01	2.863E-04	8.765E-01	8.759E-01	8.762E-01	8.761E-01	8.762E-01	8.762E-01
1.360E+00	8.717E-01	2.839E-04	8.719E-01	8.714E-01	8.717E-01	8.716E-01	8.716E-01	8.717E-01
1.370E+00	8.671E-01	2.813E-04	8.674E-01	8.669E-01	8.672E-01	8.671E-01	8.671E-01	8.672E-01
1.380E+00	8.626E-01	2.785E-04	8.629E-01	8.623E-01	8.626E-01	8.626E-01	8.626E-01	8.626E-01
1.390E+00	8.581E-01	2.756E-04	8.584E-01	8.578E-01	8.581E-01	8.581E-01	8.581E-01	8.581E-01
1.400E+00	8.536E-01	2.725E-04	8.538E-01	8.533E-01	8.536E-01	8.536E-01	8.536E-01	8.536E-01
1.410E+00	8.491E-01	2.692E-04	8.493E-01	8.488E-01	8.491E-01	8.490E-01	8.490E-01	8.491E-01
1.420E+00	8.445E-01	2.658E-04	8.448E-01	8.443E-01	8.445E-01	8.445E-01	8.445E-01	8.445E-01
1.430E+00	8.400E-01	2.622E-04	8.403E-01	8.397E-01	8.400E-01	8.400E-01	8.400E-01	8.400E-01
1.440E+00	8.355E-01	2.585E-04	8.357E-01	8.352E-01	8.355E-01	8.355E-01	8.355E-01	8.355E-01
1.450E+00	8.309E-01	2.546E-04	8.312E-01	8.307E-01	8.310E-01	8.309E-01	8.309E-01	8.310E-01
1.460E+00	8.264E-01	2.506E-04	8.267E-01	8.262E-01	8.264E-01	8.264E-01	8.264E-01	8.264E-01
1.470E+00	8.219E-01	2.464E-04	8.221E-01	8.217E-01	8.219E-01	8.219E-01	8.219E-01	8.219E-01
1.480E+00	8.174E-01	2.420E-04	8.176E-01	8.171E-01	8.174E-01	8.174E-01	8.174E-01	8.174E-01
1.490E+00	8.129E-01	2.376E-04	8.131E-01	8.126E-01	8.129E-01	8.128E-01	8.128E-01	8.129E-01
1.500E+00	8.083E-01	2.329E-04	8.086E-01	8.081E-01	8.083E-01	8.083E-01	8.083E-01	8.084E-01
1.510E+00	8.038E-01	2.282E-04	8.040E-01	8.036E-01	8.038E-01	8.038E-01	8.038E-01	8.038E-01
1.520E+00	7.993E-01	2.233E-04	7.995E-01	7.991E-01	7.993E-01	7.993E-01	7.993E-01	7.993E-01
1.530E+00	7.948E-01	2.183E-04	7.950E-01	7.946E-01	7.948E-01	7.948E-01	7.948E-01	7.948E-01
1.540E+00	7.903E-01	2.131E-04	7.905E-01	7.901E-01	7.903E-01	7.903E-01	7.902E-01	7.903E-01
1.550E+00	7.858E-01	2.078E-04	7.860E-01	7.856E-01	7.858E-01	7.857E-01	7.857E-01	7.858E-01
1.560E+00	7.812E-01	2.024E-04	7.815E-01	7.811E-01	7.813E-01	7.812E-01	7.812E-01	7.813E-01
1.570E+00	7.767E-01	1.969E-04	7.769E-01	7.766E-01	7.768E-01	7.767E-01	7.767E-01	7.768E-01
1.580E+00	7.722E-01	1.913E-04	7.724E-01	7.721E-01	7.723E-01	7.722E-01	7.722E-01	7.723E-01
1.590E+00	7.678E-01	1.855E-04	7.679E-01	7.676E-01	7.678E-01	7.677E-01	7.677E-01	7.678E-01
1.600E+00	7.633E-01	1.796E-04	7.634E-01	7.631E-01	7.633E-01	7.633E-01	7.632E-01	7.633E-01
1.610E+00	7.588E-01	1.736E-04	7.589E-01	7.586E-01	7.588E-01	7.588E-01	7.588E-01	7.588E-01
1.620E+00	7.543E-01	1.675E-04	7.545E-01	7.541E-01	7.543E-01	7.543E-01	7.543E-01	7.543E-01
1.630E+00	7.498E-01	1.614E-04	7.500E-01	7.497E-01	7.498E-01	7.498E-01	7.498E-01	7.498E-01
1.640E+00	7.453E-01	1.551E-04	7.455E-01	7.452E-01	7.453E-01	7.453E-01	7.453E-01	7.454E-01
1.650E+00	7.409E-01	1.487E-04	7.410E-01	7.407E-01	7.409E-01	7.409E-01	7.409E-01	7.409E-01
1.660E+00	7.364E-01	1.422E-04	7.366E-01	7.363E-01	7.364E-01	7.364E-01	7.364E-01	7.364E-01
1.670E+00	7.320E-01	1.356E-04	7.321E-01	7.318E-01	7.320E-01	7.320E-01	7.319E-01	7.320E-01
1.680E+00	7.275E-01	1.290E-04	7.276E-01	7.274E-01	7.275E-01	7.275E-01	7.275E-01	7.275E-01
1.690E+00	7.231E-01	1.223E-04	7.232E-01	7.230E-01	7.231E-01	7.231E-01	7.231E-01	7.231E-01
1.700E+00	7.186E-01	1.155E-04	7.188E-01	7.185E-01	7.186E-01	7.186E-01	7.186E-01	7.187E-01
1.710E+00	7.142E-01	1.086E-04	7.143E-01	7.141E-01	7.142E-01	7.142E-01	7.142E-01	7.142E-01
1.720E+00	7.098E-01	1.017E-04	7.099E-01	7.097E-01	7.098E-01	7.098E-01	7.098E-01	7.098E-01
1.730E+00	7.054E-01	9.470E-05	7.055E-01	7.053E-01	7.054E-01	7.054E-01	7.054E-01	7.054E-01
1.740E+00	7.010E-01	8.769E-05	7.011E-01	7.009E-01	7.010E-01	7.010E-01	7.009E-01	7.010E-01
1.750E+00	6.966E-01	8.066E-05	6.967E-01	6.965E-01	6.966E-01	6.966E-01	6.966E-01	6.966E-01
1.760E+00	6.922E-01	7.364E-05	6.923E-01	6.921E-01	6.922E-01	6.922E-01	6.922E-01	6.922E-01
1.770E+00	6.878E-01	6.664E-05	6.879E-01	6.877E-01	6.878E-01	6.878E-01	6.878E-01	6.878E-01
1.780E+00	6.834E-01	5.971E-05	6.835E-01	6.834E-01	6.834E-01	6.834E-01	6.834E-01	6.835E-01
1.790E+00	6.791E-01	5.290E-05	6.791E-01	6.790E-01	6.791E-01	6.791E-01	6.790E-01	6.791E-01
1.800E+00	6.747E-01	4.632E-05	6.748E-01	6.747E-01	6.747E-01	6.747E-01	6.747E-01	6.747E-01
1.810E+00	6.704E-01	4.011E-05	6.704E-01	6.703E-01	6.704E-01	6.704E-01	6.703E-01	6.704E-01
1.820E+00	6.660E-01	3.451E-05	6.661E-01	6.660E-01	6.660E-01	6.660E-01	6.660E-01	6.661E-01
1.830E+00	6.617E-01	2.993E-05	6.617E-01	6.617E-01	6.617E-01	6.617E-01	6.617E-01	6.617E-01
1.840E+00	6.574E-01	2.694E-05	6.574E-01	6.574E-01	6.574E-01	6.574E-01	6.574E-01	6.574E-01
1.850E+00	6.531E-01	2.614E-05	6.531E-01	6.531E-01	6.531E-01	6.531E-01	6.531E-01	6.531E-01
1.860E+00	6.488E-01	2.778E-05	6.488E-01	6.488E-01	6.488E-01	6.488E-01	6.488E-01	6.488E-01
1.870E+00	6.445E-01	3.152E-05	6.445E-01	6.445E-01	6.445E-01	6.445E-01	6.445E-01	6.445E-01
1.880E+00	6.402E-01	3.674E-05	6.402E-01	6.403E-01	6.402E-01	6.402E-01	6.402E-01	6.403E-01
1.890E+00	6.360E-01	4.295E-05	6.359E-01	6.360E-01	6.360E-01	6.360E-01	6.359E-01	6.360E-01
1.900E+00	6.317E-01	4.978E-05	6.317E-01	6.318E-01	6.317E-01	6.317E-01	6.317E-01	6.317E-01
1.910E+00	6.275E-01	5.704E-05	6.274E-01	6.275E-01	6.275E-01	6.275E-01	6.274E-01	6.275E-01
1.920E+00	6.232E-01	6.459E-05	6.232E-01	6.233E-01	6.232E-01	6.232E-01	6.232E-01	6.233E-01
1.930E+00	6.190E-01	7.235E-05	6.190E-01	6.191E-01	6.190E-01	6.190E-01	6.190E-01	6.190E-01
1.940E+00	6.148E-01	8.027E-05	6.147E-01	6.149E-01	6.148E-01	6.148E-01	6.148E-01	6.148E-01
1.950E+00	6.106E-01	8.831E-05	6.105E-01	6.107E-01	6.106E-01	6.106E-01	6.106E-01	6.106E-01
1.960E+00	6.064E-01	9.646E-05	6.063E-01	6.065E-01	6.064E-01	6.064E-01	6.064E-01	6.065E-01
1.970E+00	6.023E-01	1.047E-04	6.022E-01	6.024E-01	6.022E-01	6.023E-01	6.022E-01	6.023E-01
1.980E+00	5.981E-01	1.130E-04	5.980E-01	5.982E-01	5.981E-01	5.981E-01	5.981E-01	5.981E-01
1.990E+00	5.939E-01	1.213E-04	5.938E-01	5.941E-01	5.939E-01	5.940E-01	5.939E-01	5.940E-01
2.000E+00	5.898E-01	1.297E-04	5.897E-01	5.899E-01	5.898E-01	5.898E-01	5.898E-01	5.898E-01
2.010E+00	5.857E-01	1.382E-04	5.856E-01	5.858E-01	5.857E-01	5.857E-01	5.857E-01	5.857E-01
2.020E+00	5.816E-01	1.466E-04	5.814E-01	5.817E-01	5.816E-01	5.816E-01	5.816E-01	5.816E-01
2.030E+00	5.775E-01	1.551E-04	5.773E-01	5.776E-01	5.775E-01	5.775E-01	5.775E-01	5.775E-01
2.040E+00	5.734E-01	1.637E-04	5.732E-01	5.736E-01	5.734E-01	5.734E-01	5.734E-01	5.734E-01
2.050E+00	5.693E-01	1.722E-04	5.692E-01	5.695E-01	5.693E-01	5.694E-01	5.693E-01	5.694E-01
2.060E+00	5.653E-01	1.808E-04	5.651E-01	5.655E-01	5.653E-01	5.653E-01	5.653E-01	5.653E-01
2.070E+00	5.612E-01	1.893E-04	5.611E-01	5.614E-01	5.612E-01	5.613E-01	5.612E-01	5.613E-01
2.080E+00	5.572E-01	1.979E-04	5.570E-01	5.574E-01	5.572E-01	5.572E-01	5.572E-01	5.572E-01
2.090E+00	5.532E-01	2.065E-04	5.530E-01	5.534E-01	5.532E-01	5.532E-01	5.532E-01	5.532E-01
2.100E+00	5.492E-01	2.151E-04	5.490E-01	5.494E-01	5.492E-01	5.492E-01	5.492E-01	5.492E-01
2.110E+00	5.452E-01	2.237E-04	5.450E-01	5.454E-01	5.452E-01	5.452E-01	5.452E-01	5.452E-01
2.120E+00	5.412E-01	2.323E-04	5.410E-01	5.415E-01	5.412E-01	5.413E-01	5.412E-01	5.413E-01
2.130E+00	5.373E-01	2.409E-04	5.370E-01	5.375E-01	5.373E-01	5.373E-01	5.373E-01	5.373E-01
2.140E+00	5.333E-01	2.495E-04	5.331E-01	5.336E-01	5.333E-01	5.334E-01	5.333E-01	5.334E-01
2.150E+00	5.294E-01	2.581E-04	5.292E-01	5.297E-01	5.294E-01	5.294E-01	5.294E-01	5.294E-01
2.160E+00	5.255E-01	2.667E-04	5.252E-01	5.258E-01	5.255E-01	5.255E-01	5.255E-01	5.255E-01
2.170E+00	5.216E-01	2.752E-04	5.213E-01	5.219E-01	5.216E-01	5.216E-01	5.216E-01	5.216E-01
2.180E+00	5.177E-01	2.838E-04	5.174E-01	5.180E-01	5.177E-01	5.177E-01	5.177E-01	5.177E-01
2.190E+00	5.138E-01	2.923E-04	5.136E-01	5.141E-01	5.138E-01	5.139E-01	5.138E-01	5.139E-01
2.200E+00	5.100E-01	3.008E-04	5.097E-01	5.103E-01	5.100E-01	5.100E-01	5.100E-01	5.100E-01
2.210E+00	5.062E-01	3.093E-04	5.059E-01	5.065E-01	5.061E-01	5.062E-01	5.061E-01	5.062E-01
2.220E+00	5.023E-01	3.178E-04	5.020E-01	5.027E-01	5.023E-01	5.024E-01	5.023E-01	5.024E-01
2.230E+00	4.985E-01	3.262E-04	4.982E-01	4.989E-01	4.985E-01	4.986E-01	4.985E-01	4.986E-01
2.240E+00	4.947E-01	3.347E-04	4.944E-01	4.951E-01	4.947E-01	4.948E-01	4.947E-01	4.948E-01
2.250E+00	4.910E-01	3.431E-04	4.906E-01	4.913E-01	4.909E-01	4.910E-01	4.909E-01	4.910E-01
2.260E+00	4.872E-01	3.514E-04	4.869E-01	4.876E-01	4.872E-01	4.872E-01	4.872E-01	4.872E-01
2.270E+00	4.835E-01	3.598E-04	4.831E-01	4.838E-01	4.834E-01	4.835E-01	4.834E-01	4.835E-01
2.280E+00	4.797E-01	3.681E-04	4.794E-01	4.801E-01	4.797E-01	4.798E-01	4.797E-01	4.798E-01
2.290E+00	4.760E-01	3.763E-04	4.757E-01	4.764E-01	4.760E-01	4.760E-01	4.760E-01	4.760E-01
2.300E+00	4.723E-01	3.846E-04	4.719E-01	4.727E-01	4.723E-01	4.724E-01	4.723E-01	4.724E-01
2.310E+00	4.686E-01	3.928E-04	4.683E-01	4.690E-01	4.686E-01	4.687E-01	4.686E-01	4.687E-01
2.320E+00	4.650E-01	4.009E-04	4.646E-01	4.654E-01	4.650E-01	4.650E-01	4.650E-01	4.650E-01
2.330E+00	4.613E-01	4.090E-04	4.609E-01	4.618E-01	4.613E-01	4.614E-01	4.613E-01	4.614E-01
2.340E+00	4.577E-01	4.171E-04	4.573E-01	4.581E-01	4.577E-01	4.577E-01	4.577E-01	4.577E-01
2.350E+00	4.541E-01	4.251E-04	4.537E-01	4.545E-01	4.541E-01	4.541E-01	4.541E-01	4.541E-01
2.360E+00	4.505E-01	4.331E-04	4.501E-01	4.509E-01	4.505E-01	4.505E-01	4.505E-01	4.505E-01
2.370E+00	4.469E-01	4.411E-04	4.465E-01	4.474E-01	4.469E-01	4.470E-01	4.469E-01	4.469E-01
2.380E+00	4.434E-01	4.490E-04	4.429E-01	4.438E-01	4.433E-01	4.434E-01	4.433E-01	4.434E-01
2.390E+00	4.398E-01	4.568E-04	4.394E-01	4.403E-01	4.398E-01	4.398E-01	4.398E-01	4.398E-01
2.400E+00	4.363E-01	4.646E-04	4.358E-01	4.368E-01	4.363E-01	4.363E-01	4.363E-01	4.363E-01
2.410E+00	4.328E-01	4.724E-04	4.323E-01	4.332E-01	4.327E-01	4.328E-01	4.327E-01	4.328E-01
2.420E+00	4.293E-01	4.801E-04	4.288E-01	4.298E-01	4.292E-01	4.293E-01	4.293E-01	4.293E-01
2.430E+00	4.258E-01	4.877E-04	4.253E-01	4.263E-01	4.258E-01	4.258E-01	4.258E-01	4.258E-01
2.440E+00	4.223E-01	4.953E-04	4.218E-01	4.228E-01	4.223E-01	4.224E-01	4.223E-01	4.224E-01
2.450E+00	4.189E-01	5.028E-04	4.184E-01	4.194E-01	4.189E-01	4.189E-01	4.189E-01	4.189E-01
2.460E+00	4.155E-01	5.103E-04	4.150E-01	4.160E-01	4.154E-01	4.155E-01	4.154E-01	4.155E-01
2.470E+00	4.121E-01	5.177E-04	4.115E-01	4.126E-01	4.120E-01	4.121E-01	4.120E-01	4.121E-01
2.480E+00	4.087E-01	5.250E-04	4.081E-01	4.092E-01	4.086E-01	4.087E-01	4.086E-01	4.087E-01
2.490E+00	4.053E-01	5.323E-04	4.048E-01	4.058E-01	4.053E-01	4.053E-01	4.053E-01	4.053E-01
2.500E+00	4.019E-01	5.396E-04	4.014E-01	4.025E-01	4.019E-01	4.020E-01	4.019E-01	4.020E-01
2.510E+00	3.986E-01	5.467E-04	3.981E-01	3.991E-01	3.986E-01	3.986E-01	3.986E-01	3.986E-01
2.520E+00	3.953E-01	5.538E-04	3.947E-01	3.958E-01	3.952E-01	3.953E-01	3.953E-01	3.953E-01
2.530E+00	3.920E-01	5.609E-04	3.914E-01	3.925E-01	3.919E-01	3.920E-01	3.919E-01	3.920E-01
2.540E+00	3.887E-01	5.678E-04	3.881E-01	3.893E-01	3.887E-01	3.887E-01	3.887E-01	3.887E-01
2.550E+00	3.854E-01	5.747E-04	3.848E-01	3.860E-01	3.854E-01	3.854E-01	3.854E-01	3.854E-01
2.560E+00	3.822E-01	5.816E-04	3.816E-01	3.827E-01	3.821E-01	3.822E-01	3.821E-01	3.822E-01
2.570E+00	3.789E-01	5.883E-04	3.783E-01	3.795E-01	3.789E-01	3.790E-01	3.789E-01	3.790E-01
2.580E+00	3.757E-01	5.950E-04	3.751E-01	3.763E-01	3.757E-01	3.757E-01	3.757E-01	3.757E-01
2.590E+00	3.725E-01	6.017E-04	3.719E-01	3.731E-01	3.725E-01	3.725E-01	3.725E-01	3.725E-01
2.600E+00	3.693E-01	6.082E-04	3.687E-01	3.699E-01	3.693E-01	3.694E-01	3.693E-01	3.694E-01
2.610E+00	3.662E-01	6.147E-04	3.656E-01	3.668E-01	3.661E-01	3.662E-01	3.661E-01	3.662E-01
2.620E+00	3.630E-01	6.211E-04	3.624E-01	3.636E-01	3.630E-01	3.631E-01	3.630E-01	3.630E-01
2.630E+00	3.599E-01	6.275E-04	3.593E-01	3.605E-01	3.599E-01	3.599E-01	3.599E-01	3.599E-01
2.640E+00	3.568E-01	6.337E-04	3.562E-01	3.574E-01	3.568E-01	3.568E-01	3.568E-01	3.568E-01
2.650E+00	3.537E-01	6.399E-04	3.531E-01	3.543E-01	3.537E-01	3.537E-01	3.537E-01	3.537E-01
2.660E+00	3.506E-01	6.460E-04	3.500E-01	3.513E-01	3.506E-01	3.507E-01	3.506E-01	3.506E-01
2.670E+00	3.476E-01	6.521E-04	3.469E-01	3.482E-01	3.475E-01	3.476E-01	3.475E-01	3.476E-01
2.680E+00	3.445E-01	6.580E-04	3.439E-01	3.452E-01	3.445E-01	3.446E-01	3.445E-01	3.445E-01
2.690E+00	3.415E-01	6.639E-04	3.408E-01	3.422E-01	3.415E-01	3.415E-01	3.415E-01	3.415E-01
2.700E+00	3.385E-01	6.697E-04	3.378E-01	3.392E-01	3.385E-01	3.385E-01	3.385E-01	3.385E-01
2.710E+00	3.355E-01	6.755E-04	3.348E-01	3.362E-01	3.355E-01	3.356E-01	3.355E-01	3.355E-01
2.720E+00	3.325E-01	6.811E-04	3.319E-01	3.332E-01	3.325E-01	3.326E-01	3.325E-01	3.326E-01
2.730E+00	3.296E-01	6.867E-04	3.289E-01	3.303E-01	3.296E-01	3.296E-01	3.296E-01	3.296E-01
2.740E+00	3.267E-01	6.922E-04	3.260E-01	3.274E-01	3.266E-01	3.267E-01	3.266E-01	3.267E-01
2.750E+00	3.238E-01	6.976E-04	3.231E-01	3.245E-01	3.237E-01	3.238E-01	3.237E-01	3.238E-01
2.760E+00	3.209E-01	7.029E-04	3.202E-01	3.216E-01	3.208E-01	3.209E-01	3.208E-01	3.209E-01
2.770E+00	3.180E-01	7.082E-04	3.173E-01	3.187E-01	3.179E-01	3.180E-01	3.180E-01	3.180E-01
2.780E+00	3.151E-01	7.133E-04	3.144E-01	3.158E-01	3.151E-01	3.152E-01	3.151E-01	3.151E-01
2.790E+00	3.123E-01	7.184E-04	3.116E-01	3.130E-01	3.122E-01	3.123E-01	3.123E-01	3.123E-01
2.800E+00	3.095E-01	7.234E-04	3.087E-01	3.102E-01	3.094E-01	3.095E-01	3.094E-01	3.095E-01
2.810E+00	3.066E-01	7.284E-04	3.059E-01	3.074E-01	3.066E-01	3.067E-01	3.066E-01	3.067E-01
2.820E+00	3.039E-01	7.332E-04	3.031E-01	3.046E-01	3.038E-01	3.039E-01	3.038E-01	3.039E-01
2.830E+00	3.011E-01	7.379E-04	3.004E-01	3.018E-01	3.010E-01	3.011E-01	3.011E-01	3.011E-01
2.840E+00	2.983E-01	7.426E-04	2.976E-01	2.991E-01	2.983E-01	2.984E-01	2.983E-01	2.984E-01
2.850E+00	2.956E-01	7.472E-04	2.949E-01	2.963E-01	2.956E-01	2.956E-01	2.956E-01	2.956E-01
2.860E+00	2.929E-01	7.517E-04	2.921E-01	2.936E-01	2.928E-01	2.929E-01	2.929E-01	2.929E-01
2.870E+00	2.902E-01	7.561E-04	2.894E-01	2.909E-01	2.901E-01	2.902E-01	2.901E-01	2.902E-01
2.880E+00	2.875E-01	7.605E-04	2.867E-01	2.883E-01	2.875E-01	2.875E-01	2.875E-01	2.875E-01
2.890E+00	2.848E-01	7.647E-04	2.841E-01	2.856E-01	2.848E-01	2.849E-01	2.848E-01	2.848E-01
2.900E+00	2.822E-01	7.689E-04	2.814E-01	2.829E-01	2.821E-01	2.822E-01	2.822E-01	2.822E-01
2.910E+00	2.795E-01	7.730E-04	2.788E-01	2.803E-01	2.795E-01	2.796E-01	2.795E-01	2.796E-01
2.920E+00	2.769E-01	7.770E-04	2.762E-01	2.777E-01	2.769E-01	2.770E-01	2.769E-01	2.770E-01
2.930E+00	2.743E-01	7.809E-04	2.736E-01	2.751E-01	2.743E-01	2.744E-01	2.743E-01	2.744E-01
2.940E+00	2.718E-01	7.847E-04	2.710E-01	2.725E-01	2.717E-01	2.718E-01	2.717E-01	2.718E-01
2.950E+00	2.692E-01	7.885E-04	2.684E-01	2.700E-01	2.692E-01	2.692E-01	2.692E-01	2.692E-01
2.960E+00	2.667E-01	7.921E-04	2.659E-01	2.675E-01	2.666E-01	2.667E-01	2.666E-01	2.667E-01
2.970E+00	2.641E-01	7.957E-04	2.633E-01	2.649E-01	2.641E-01	2.642E-01	2.641E-01	2.642E-01
2.980E+00	2.616E-01	7.992E-04	2.608E-01	2.624E-01	2.616E-01	2.617E-01	2.616E-01	2.616E-01
2.990E+00	2.591E-01	8.026E-04	2.583E-01	2.599E-01	2.591E-01	2.592E-01	2.591E-01	2.592E-01
3.000E+00	2.567E-01	8.059E-04	2.559E-01	2.575E-01	2.566E-01	2.567E-01	2.566E-01	2.567E-01
