1.000E-02	1.528E+00	3.556E-02	1.493E+00	1.564E+00	1.529E+00	1.528E+00	1.528E+00	1.528E+00
2.000E-02	1.526E+00	3.483E-02	1.491E+00	1.560E+00	1.526E+00	1.525E+00	1.526E+00	1.526E+00
3.000E-02	1.522E+00	3.409E-02	1.488E+00	1.556E+00	1.523E+00	1.522E+00	1.522E+00	1.522E+00
4.000E-02	1.519E+00	3.335E-02	1.485E+00	1.552E+00	1.519E+00	1.519E+00	1.519E+00	1.519E+00
5.000E-02	1.515E+00	3.262E-02	1.482E+00	1.548E+00	1.515E+00	1.515E+00	1.515E+00	1.515E+00
6.000E-02	1.511E+00	3.188E-02	1.479E+00	1.543E+00	1.512E+00	1.511E+00	1.511E+00	1.511E+00
7.000E-02	1.507E+00	3.115E-02	1.476E+00	1.538E+00	1.508E+00	1.507E+00	1.507E+00	1.507E+00
8.000E-02	1.503E+00	3.044E-02	1.472E+00	1.533E+00	1.503E+00	1.503E+00	1.503E+00	1.503E+00
9.000E-02	1.499E+00	2.972E-02	1.469E+00	1.528E+00	1.499E+00	1.499E+00	1.499E+00	1.499E+00
1.000E-01	1.495E+00	2.902E-02	1.465E+00	1.523E+00	1.495E+00	1.494E+00	1.495E+00	1.495E+00
1.100E-01	1.490E+00	2.833E-02	1.461E+00	1.518E+00	1.490E+00	1.490E+00	1.490E+00	1.490E+00
1.200E-01	1.486E+00	2.764E-02	1.457E+00	1.513E+00	1.486E+00	1.485E+00	1.486E+00	1.486E+00
1.300E-01	1.481E+00	2.696E-02	1.453E+00	1.507E+00	1.481E+00	1.481E+00	1.481E+00	1.481E+00
1.400E-01	1.476E+00	2.630E-02	1.449E+00	1.502E+00	1.476E+00	1.476E+00	1.476E+00	1.476E+00
1.500E-01	1.471E+00	2.564E-02	1.445E+00	1.496E+00	1.472E+00	1.471E+00	1.471E+00	1.471E+00
1.600E-01	1.467E+00	2.499E-02	1.441E+00	1.491E+00	1.467E+00	1.466E+00	1.467E+00	1.467E+00
1.700E-01	1.462E+00	2.435E-02	1.436E+00	1.485E+00	1.462E+00	1.462E+00	1.462E+00	1.462E+00
1.800E-01	1.457E+00	2.372E-02	1.432E+00	1.480E+00	1.457E+00	1.457E+00	1.457E+00	1.457E+00
1.900E-01	1.452E+00	2.310E-02	1.428E+00	1.474E+00	1.452E+00	1.452E+00	1.452E+00	1.452E+00
2.000E-01	1.447E+00	2.249E-02	1.423E+00	1.468E+00	1.447E+00	1.446E+00	1.447E+00	1.447E+00
2.100E-01	1.442E+00	2.188E-02	1.419E+00	1.462E+00	1.442E+00	1.441E+00	1.442E+00	1.442E+00
2.200E-01	1.436E+00	2.129E-02	1.414E+00	1.457E+00	1.437E+00	1.436E+00	1.436E+00	1.436E+00
2.300E-01	1.431E+00	2.070E-02	1.410E+00	1.451E+00	1.431E+00	1.431E+00	1.431E+00	1.431E+00
2.400E-01	1.426E+00	2.013E-02	1.405E+00	1.445E+00	1.426E+00	1.426E+00	1.426E+00	1.426E+00
2.500E-01	1.421E+00	1.956E-02	1.400E+00	1.439E+00	1.421E+00	1.421E+00	1.421E+00	1.421E+00
2.600E-01	1.415E+00	1.901E-02	1.395E+00	1.433E+00	1.416E+00	1.415E+00	1.415E+00	1.415E+00
2.700E-01	1.410E+00	1.846E-02	1.391E+00	1.427E+00	1.410E+00	1.410E+00	1.410E+00	1.410E+00
2.800E-01	1.405E+00	1.792E-02	1.386E+00	1.422E+00	1.405E+00	1.405E+00	1.405E+00	1.405E+00
2.900E-01	1.399E+00	1.738E-02	1.381E+00	1.416E+00	1.399E+00	1.399E+00	1.399E+00	1.399E+00
3.000E-01	1.394E+00	1.686E-02	1.376E+00	1.410E+00	1.394E+00	1.394E+00	1.394E+00	1.394E+00
3.100E-01	1.388E+00	1.635E-02	1.371E+00	1.404E+00	1.389E+00	1.388E+00	1.388E+00	1.388E+00
3.200E-01	1.383E+00	1.584E-02	1.366E+00	1.398E+00	1.383E+00	1.383E+00	1.383E+00	1.383E+00
3.300E-01	1.377E+00	1.534E-02	1.361E+00	1.392E+00	1.378E+00	1.377E+00	1.377E+00	1.377E+00
3.400E-01	1.372E+00	1.486E-02	1.356E+00	1.386E+00	1.372E+00	1.372E+00	1.372E+00	1.372E+00
3.500E-01	1.366E+00	1.437E-02	1.351E+00	1.380E+00	1.367E+00	1.366E+00	1.366E+00	1.366E+00
3.600E-01	1.361E+00	1.390E-02	1.346E+00	1.374E+00	1.361E+00	1.361E+00	1.361E+00	1.361E+00
3.700E-01	1.355E+00	1.344E-02	1.341E+00	1.368E+00	1.356E+00	1.355E+00	1.355E+00	1.355E+00
3.800E-01	1.350E+00	1.298E-02	1.336E+00	1.362E+00	1.350E+00	1.350E+00	1.350E+00	1.350E+00
3.900E-01	1.344E+00	1.253E-02	1.331E+00	1.356E+00	1.344E+00	1.344E+00	1.344E+00	1.344E+00
4.000E-01	1.339E+00	1.209E-02	1.325E+00	1.350E+00	1.339E+00	1.338E+00	1.339E+00	1.339E+00
4.100E-01	1.333E+00	1.166E-02	1.320E+00	1.344E+00	1.333E+00	1.333E+00	1.333E+00	1.333E+00
4.200E-01	1.327E+00	1.123E-02	1.315E+00	1.338E+00	1.328E+00	1.327E+00	1.327E+00	1.327E+00
4.300E-01	1.322E+00	1.081E-02	1.310E+00	1.332E+00	1.322E+00	1.322E+00	1.322E+00	1.322E+00
4.400E-01	1.316E+00	1.040E-02	1.305E+00	1.325E+00	1.316E+00	1.316E+00	1.316E+00	1.316E+00
4.500E-01	1.310E+00	9.996E-03	1.299E+00	1.319E+00	1.311E+00	1.310E+00	1.310E+00	1.310E+00
4.600E-01	1.305E+00	9.600E-03	1.294E+00	1.313E+00	1.305E+00	1.305E+00	1.305E+00	1.305E+00
4.700E-01	1.299E+00	9.211E-03	1.289E+00	1.307E+00	1.299E+00	1.299E+00	1.299E+00	1.299E+00
4.800E-01	1.293E+00	8.829E-03	1.284E+00	1.301E+00	1.294E+00	1.293E+00	1.293E+00	1.294E+00
4.900E-01	1.288E+00	8.454E-03	1.278E+00	1.295E+00	1.288E+00	1.288E+00	1.288E+00	1.288E+00
5.000E-01	1.282E+00	8.087E-03	1.273E+00	1.289E+00	1.282E+00	1.282E+00	1.282E+00	1.282E+00
5.100E-01	1.276E+00	7.726E-03	1.268E+00	1.283E+00	1.277E+00	1.276E+00	1.276E+00	1.277E+00
5.200E-01	1.271E+00	7.372E-03	1.262E+00	1.277E+00	1.271E+00	1.271E+00	1.271E+00	1.271E+00
5.300E-01	1.265E+00	7.024E-03	1.257E+00	1.271E+00	1.265E+00	1.265E+00	1.265E+00	1.265E+00
5.400E-01	1.259E+00	6.684E-03	1.252E+00	1.265E+00	1.260E+00	1.259E+00	1.259E+00	1.259E+00
5.500E-01	1.254E+00	6.349E-03	1.246E+00	1.259E+00	1.254E+00	1.254E+00	1.254E+00	1.254E+00
5.600E-01	1.248E+00	6.022E-03	1.241E+00	1.253E+00	1.248E+00	1.248E+00	1.248E+00	1.248E+00
5.700E-01	1.242E+00	5.701E-03	1.236E+00	1.247E+00	1.243E+00	1.242E+00	1.242E+00	1.242E+00
5.800E-01	1.237E+00	5.386E-03	1.230E+00	1.241E+00	1.237E+00	1.237E+00	1.237E+00	1.237E+00
5.900E-01	1.231E+00	5.078E-03	1.225E+00	1.235E+00	1.231E+00	1.231E+00	1.231E+00	1.231E+00
6.000E-01	1.225E+00	4.775E-03	1.220E+00	1.229E+00	1.225E+00	1.225E+00	1.225E+00	1.225E+00
6.100E-01	1.220E+00	4.479E-03	1.214E+00	1.223E+00	1.220E+00	1.220E+00	1.220E+00	1.220E+00
6.200E-01	1.214E+00	4.189E-03	1.209E+00	1.217E+00	1.214E+00	1.214E+00	1.214E+00	1.214E+00
6.300E-01	1.208E+00	3.905E-03	1.204E+00	1.211E+00	1.208E+00	1.208E+00	1.208E+00	1.208E+00
6.400E-01	1.203E+00	3.627E-03	1.198E+00	1.205E+00	1.203E+00	1.203E+00	1.203E+00	1.203E+00
6.500E-01	1.197E+00	3.355E-03	1.193E+00	1.200E+00	1.197E+00	1.197E+00	1.197E+00	1.197E+00
6.600E-01	1.191E+00	3.088E-03	1.187E+00	1.194E+00	1.191E+00	1.191E+00	1.191E+00	1.191E+00
6.700E-01	1.186E+00	2.827E-03	1.182E+00	1.188E+00	1.186E+00	1.186E+00	1.186E+00	1.186E+00
6.800E-01	1.180E+00	2.572E-03	1.177E+00	1.182E+00	1.180E+00	1.180E+00	1.180E+00	1.180E+00
6.900E-01	1.174E+00	2.323E-03	1.171E+00	1.176E+00	1.175E+00	1.174E+00	1.174E+00	1.174E+00
7.000E-01	1.169E+00	2.079E-03	1.166E+00	1.170E+00	1.169E+00	1.169E+00	1.169E+00	1.169E+00
7.100E-01	1.163E+00	1.840E-03	1.161E+00	1.164E+00	1.163E+00	1.163E+00	1.163E+00	1.163E+00
7.200E-01	1.158E+00	1.607E-03	1.155E+00	1.158E+00	1.158E+00	1.157E+00	1.158E+00	1.158E+00
7.300E-01	1.152E+00	1.380E-03	1.150E+00	1.153E+00	1.152E+00	1.152E+00	1.152E+00	1.152E+00
7.400E-01	1.146E+00	1.158E-03	1.145E+00	1.147E+00	1.146E+00	1.146E+00	1.146E+00	1.146E+00
7.500E-01	1.141E+00	9.409E-04	1.139E+00	1.141E+00	1.141E+00	1.141E+00	1.141E+00	1.141E+00
7.600E-01	1.135E+00	7.300E-04	1.134E+00	1.135E+00	1.135E+00	1.135E+00	1.135E+00	1.135E+00
7.700E-01	1.130E+00	5.255E-04	1.128E+00	1.130E+00	1.130E+00	1.130E+00	1.130E+00	1.130E+00
7.800E-01	1.124E+00	3.300E-04	1.123E+00	1.124E+00	1.124E+00	1.124E+00	1.124E+00	1.124E+00
7.900E-01	1.119E+00	1.580E-04	1.118E+00	1.118E+00	1.119E+00	1.118E+00	1.118E+00	1.119E+00
8.000E-01	1.113E+00	1.365E-04	1.112E+00	1.112E+00	1.113E+00	1.113E+00	1.113E+00	1.113E+00
8.100E-01	1.107E+00	2.904E-04	1.107E+00	1.107E+00	1.108E+00	1.107E+00	1.107E+00	1.107E+00
8.200E-01	1.102E+00	4.656E-04	1.102E+00	1.101E+00	1.102E+00	1.102E+00	1.102E+00	1.102E+00
8.300E-01	1.096E+00	6.410E-04	1.096E+00	1.095E+00	1.096E+00	1.096E+00	1.096E+00	1.096E+00
8.400E-01	1.091E+00	8.135E-04	1.091E+00	1.090E+00	1.091E+00	1.091E+00	1.091E+00	1.091E+00
8.500E-01	1.085E+00	9.822E-04	1.086E+00	1.084E+00	1.085E+00	1.085E+00	1.085E+00	1.085E+00
8.600E-01	1.080E+00	1.147E-03	1.081E+00	1.078E+00	1.080E+00	1.080E+00	1.080E+00	1.080E+00
8.700E-01	1.074E+00	1.308E-03	1.075E+00	1.073E+00	1.075E+00	1.074E+00	1.074E+00	1.074E+00
8.800E-01	1.069E+00	1.464E-03	1.070E+00	1.067E+00	1.069E+00	1.069E+00	1.069E+00	1.069E+00
8.900E-01	1.064E+00	1.616E-03	1.065E+00	1.061E+00	1.064E+00	1.063E+00	1.064E+00	1.064E+00
9.000E-01	1.058E+00	1.764E-03	1.059E+00	1.056E+00	1.058E+00	1.058E+00	1.058E+00	1.058E+00
9.100E-01	1.053E+00	1.908E-03	1.054E+00	1.050E+00	1.053E+00	1.053E+00	1.053E+00	1.053E+00
9.200E-01	1.047E+00	2.048E-03	1.049E+00	1.045E+00	1.047E+00	1.047E+00	1.047E+00	1.047E+00
9.300E-01	1.042E+00	2.184E-03	1.044E+00	1.039E+00	1.042E+00	1.042E+00	1.042E+00	1.042E+00
9.400E-01	1.037E+00	2.316E-03	1.038E+00	1.034E+00	1.037E+00	1.036E+00	1.036E+00	1.037E+00
9.500E-01	1.031E+00	2.445E-03	1.033E+00	1.028E+00	1.031E+00	1.031E+00	1.031E+00	1.031E+00
9.600E-01	1.026E+00	2.569E-03	1.028E+00	1.023E+00	1.026E+00	1.026E+00	1.026E+00	1.026E+00
9.700E-01	1.020E+00	2.690E-03	1.023E+00	1.017E+00	1.021E+00	1.020E+00	1.020E+00	1.021E+00
9.800E-01	1.015E+00	2.807E-03	1.018E+00	1.012E+00	1.015E+00	1.015E+00	1.015E+00	1.015E+00
9.900E-01	1.010E+00	2.920E-03	1.012E+00	1.007E+00	1.010E+00	1.010E+00	1.010E+00	1.010E+00
1.000E+00	1.005E+00	3.029E-03	1.007E+00	1.001E+00	1.005E+00	1.004E+00	1.005E+00	1.005E+00
1.010E+00	9.993E-01	3.135E-03	1.002E+00	9.959E-01	9.994E-01	9.992E-01	9.992E-01	9.993E-01
1.020E+00	9.940E-01	3.238E-03	9.970E-01	9.905E-01	9.941E-01	9.939E-01	9.940E-01	9.941E-01
1.030E+00	9.888E-01	3.337E-03	9.919E-01	9.852E-01	9.888E-01	9.887E-01	9.887E-01	9.888E-01
1.040E+00	9.835E-01	3.432E-03	9.867E-01	9.799E-01	9.836E-01	9.835E-01	9.835E-01	9.836E-01
1.050E+00	9.783E-01	3.524E-03	9.816E-01	9.746E-01	9.784E-01	9.782E-01	9.783E-01	9.784E-01
1.060E+00	9.731E-01	3.613E-03	9.765E-01	9.693E-01	9.732E-01	9.730E-01	9.731E-01	9.731E-01
1.070E+00	9.679E-01	3.699E-03	9.714E-01	9.641E-01	9.680E-01	9.679E-01	9.679E-01	9.680E-01
1.080E+00	9.627E-01	3.781E-03	9.664E-01	9.588E-01	9.628E-01	9.627E-01	9.627E-01	9.628E-01
1.090E+00	9.576E-01	3.861E-03	9.613E-01	9.536E-01	9.577E-01	9.575E-01	9.576E-01	9.576E-01
1.100E+00	9.524E-01	3.937E-03	9.563E-01	9.484E-01	9.525E-01	9.524E-01	9.524E-01	9.525E-01
1.110E+00	9.473E-01	4.010E-03	9.512E-01	9.432E-01	9.474E-01	9.473E-01	9.473E-01	9.474E-01
1.120E+00	9.422E-01	4.080E-03	9.462E-01	9.380E-01	9.423E-01	9.422E-01	9.422E-01	9.423E-01
1.130E+00	9.371E-01	4.147E-03	9.412E-01	9.329E-01	9.372E-01	9.371E-01	9.371E-01	9.372E-01
1.140E+00	9.320E-01	4.211E-03	9.362E-01	9.278E-01	9.321E-01	9.320E-01	9.320E-01	9.321E-01
1.150E+00	9.270E-01	4.272E-03	9.312E-01	9.227E-01	9.270E-01	9.269E-01	9.269E-01	9.270E-01
1.160E+00	9.219E-01	4.331E-03	9.262E-01	9.176E-01	9.220E-01	9.219E-01	9.219E-01	9.220E-01
1.170E+00	9.169E-01	4.387E-03	9.213E-01	9.125E-01	9.170E-01	9.169E-01	9.169E-01	9.170E-01
1.180E+00	9.119E-01	4.439E-03	9.163E-01	9.075E-01	9.120E-01	9.119E-01	9.119E-01	9.119E-01
1.190E+00	9.069E-01	4.490E-03	9.114E-01	9.024E-01	9.070E-01	9.069E-01	9.069E-01	9.070E-01
1.200E+00	9.019E-01	4.537E-03	9.065E-01	8.974E-01	9.020E-01	9.019E-01	9.019E-01	9.020E-01
1.210E+00	8.970E-01	4.582E-03	9.016E-01	8.924E-01	8.970E-01	8.969E-01	8.969E-01	8.970E-01
1.220E+00	8.920E-01	4.625E-03	8.967E-01	8.875E-01	8.921E-01	8.920E-01	8.920E-01	8.921E-01
1.230E+00	8.871E-01	4.664E-03	8.918E-01	8.825E-01	8.872E-01	8.871E-01	8.871E-01	8.872E-01
1.240E+00	8.822E-01	4.702E-03	8.870E-01	8.776E-01	8.822E-01	8.822E-01	8.822E-01	8.822E-01
1.250E+00	8.773E-01	4.737E-03	8.821E-01	8.727E-01	8.774E-01	8.773E-01	8.773E-01	8.774E-01
1.260E+00	8.724E-01	4.769E-03	8.773E-01	8.678E-01	8.725E-01	8.724E-01	8.724E-01	8.725E-01
1.270E+00	8.676E-01	4.799E-03	8.725E-01	8.629E-01	8.676E-01	8.675E-01	8.675E-01	8.676E-01
1.280E+00	8.627E-01	4.827E-03	8.677E-01	8.580E-01	8.628E-01	8.627E-01	8.627E-01	8.628E-01
1.290E+00	8.579E-01	4.853E-03	8.629E-01	8.532E-01	8.580E-01	8.579E-01	8.579E-01	8.580E-01
1.300E+00	8.531E-01	4.876E-03	8.581E-01	8.484E-01	8.532E-01	8.531E-01	8.531E-01	8.532E-01
1.310E+00	8.483E-01	4.897E-03	8.534E-01	8.436E-01	8.484E-01	8.483E-01	8.483E-01	8.484E-01
1.320E+00	8.436E-01	4.916E-03	8.487E-01	8.388E-01	8.436E-01	8.435E-01	8.435E-01	8.436E-01
1.330E+00	8.388E-01	4.933E-03	8.439E-01	8.341E-01	8.389E-01	8.388E-01	8.388E-01	8.389E-01
1.340E+00	8.341E-01	4.948E-03	8.392E-01	8.293E-01	8.341E-01	8.341E-01	8.340E-01	8.341E-01
1.350E+00	8.294E-01	4.961E-03	8.345E-01	8.246E-01	8.294E-01	8.293E-01	8.293E-01	8.294E-01
1.360E+00	8.247E-01	4.971E-03	8.299E-01	8.199E-01	8.247E-01	8.247E-01	8.246E-01	8.247E-01
1.370E+00	8.200E-01	4.980E-03	8.252E-01	8.153E-01	8.200E-01	8.200E-01	8.200E-01	8.200E-01
1.380E+00	8.153E-01	4.987E-03	8.206E-01	8.106E-01	8.154E-01	8.153E-01	8.153E-01	8.154E-01
1.390E+00	8.107E-01	4.992E-03	8.159E-01	8.060E-01	8.107E-01	8.107E-01	8.107E-01	8.107E-01
1.400E+00	8.061E-01	4.995E-03	8.113E-01	8.013E-01	8.061E-01	8.061E-01	8.060E-01	8.061E-01
1.410E+00	8.015E-01	4.996E-03	8.067E-01	7.968E-01	8.015E-01	8.015E-01	8.014E-01	8.015E-01
1.420E+00	7.969E-01	4.996E-03	8.022E-01	7.922E-01	7.969E-01	7.969E-01	7.968E-01	7.969E-01
1.430E+00	7.923E-01	4.994E-03	7.976E-01	7.876E-01	7.923E-01	7.923E-01	7.923E-01	7.924E-01
1.440E+00	7.878E-01	4.990E-03	7.931E-01	7.831E-01	7.878E-01	7.877E-01	7.877E-01	7.878E-01
1.450E+00	7.832E-01	4.984E-03	7.885E-01	7.786E-01	7.832E-01	7.832E-01	7.832E-01	7.833E-01
1.460E+00	7.787E-01	4.977E-03	7.840E-01	7.741E-01	7.787E-01	7.787E-01	7.787E-01	7.788E-01
1.470E+00	7.742E-01	4.968E-03	7.795E-01	7.696E-01	7.742E-01	7.742E-01	7.742E-01	7.743E-01
1.480E+00	7.697E-01	4.957E-03	7.751E-01	7.651E-01	7.698E-01	7.697E-01	7.697E-01	7.698E-01
1.490E+00	7.653E-01	4.945E-03	7.706E-01	7.607E-01	7.653E-01	7.653E-01	7.652E-01	7.653E-01
1.500E+00	7.608E-01	4.931E-03	7.662E-01	7.563E-01	7.609E-01	7.608E-01	7.608E-01	7.609E-01
1.510E+00	7.564E-01	4.916E-03	7.617E-01	7.519E-01	7.564E-01	7.564E-01	7.564E-01	7.565E-01
1.520E+00	7.520E-01	4.899E-03	7.573E-01	7.475E-01	7.520E-01	7.520E-01	7.520E-01	7.521E-01
1.530E+00	7.476E-01	4.881E-03	7.529E-01	7.432E-01	7.476E-01	7.476E-01	7.476E-01	7.477E-01
1.540E+00	7.433E-01	4.862E-03	7.486E-01	7.388E-01	7.433E-01	7.433E-01	7.432E-01	7.433E-01
1.550E+00	7.389E-01	4.841E-03	7.442E-01	7.345E-01	7.389E-01	7.389E-01	7.389E-01	7.390E-01
1.560E+00	7.346E-01	4.819E-03	7.398E-01	7.302E-01	7.346E-01	7.346E-01	7.345E-01	7.346E-01
1.570E+00	7.303E-01	4.796E-03	7.355E-01	7.259E-01	7.303E-01	7.303E-01	7.302E-01	7.303E-01
1.580E+00	7.260E-01	4.771E-03	7.312E-01	7.217E-01	7.260E-01	7.260E-01	7.259E-01	7.260E-01
1.590E+00	7.217E-01	4.745E-03	7.269E-01	7.174E-01	7.217E-01	7.217E-01	7.217E-01	7.218E-01
1.600E+00	7.175E-01	4.718E-03	7.227E-01	7.132E-01	7.175E-01	7.175E-01	7.174E-01	7.175E-01
1.610E+00	7.132E-01	4.689E-03	7.184E-01	7.090E-01	7.132E-01	7.132E-01	7.132E-01	7.133E-01
1.620E+00	7.090E-01	4.659E-03	7.142E-01	7.048E-01	7.090E-01	7.090E-01	7.090E-01	7.091E-01
1.630E+00	7.048E-01	4.629E-03	7.099E-01	7.007E-01	7.048E-01	7.048E-01	7.048E-01	7.049E-01
1.640E+00	7.006E-01	4.597E-03	7.057E-01	6.965E-01	7.006E-01	7.006E-01	7.006E-01	7.007E-01
1.650E+00	6.965E-01	4.564E-03	7.015E-01	6.924E-01	6.965E-01	6.965E-01	6.964E-01	6.965E-01
1.660E+00	6.923E-01	4.530E-03	6.974E-01	6.883E-01	6.923E-01	6.923E-01	6.923E-01	6.924E-01
1.670E+00	6.882E-01	4.495E-03	6.932E-01	6.842E-01	6.882E-01	6.882E-01	6.881E-01	6.882E-01
1.680E+00	6.841E-01	4.459E-03	6.891E-01	6.802E-01	6.841E-01	6.841E-01	6.840E-01	6.841E-01
1.690E+00	6.800E-01	4.421E-03	6.850E-01	6.761E-01	6.800E-01	6.800E-01	6.799E-01	6.800E-01
1.700E+00	6.759E-01	4.383E-03	6.809E-01	6.721E-01	6.759E-01	6.759E-01	6.759E-01	6.760E-01
1.710E+00	6.719E-01	4.344E-03	6.768E-01	6.681E-01	6.719E-01	6.719E-01	6.718E-01	6.719E-01
1.720E+00	6.678E-01	4.304E-03	6.727E-01	6.641E-01	6.678E-01	6.678E-01	6.678E-01	6.679E-01
1.730E+00	6.638E-01	4.264E-03	6.687E-01	6.601E-01	6.638E-01	6.638E-01	6.638E-01	6.639E-01
1.740E+00	6.598E-01	4.222E-03	6.646E-01	6.562E-01	6.598E-01	6.598E-01	6.598E-01	6.599E-01
1.750E+00	6.558E-01	4.179E-03	6.606E-01	6.523E-01	6.558E-01	6.559E-01	6.558E-01	6.559E-01
1.760E+00	6.519E-01	4.136E-03	6.566E-01	6.484E-01	6.519E-01	6.519E-01	6.518E-01	6.519E-01
1.770E+00	6.479E-01	4.092E-03	6.526E-01	6.445E-01	6.479E-01	6.480E-01	6.479E-01	6.480E-01
1.780E+00	6.440E-01	4.047E-03	6.487E-01	6.406E-01	6.440E-01	6.440E-01	6.440E-01	6.441E-01
1.790E+00	6.401E-01	4.001E-03	6.447E-01	6.367E-01	6.401E-01	6.401E-01	6.401E-01	6.402E-01
1.800E+00	6.362E-01	3.955E-03	6.408E-01	6.329E-01	6.362E-01	6.362E-01	6.362E-01	6.363E-01
1.810E+00	6.324E-01	3.907E-03	6.369E-01	6.291E-01	6.323E-01	6.324E-01	6.323E-01	6.324E-01
1.820E+00	6.285E-01	3.860E-03	6.330E-01	6.253E-01	6.285E-01	6.285E-01	6.285E-01	6.286E-01
1.830E+00	6.247E-01	3.811E-03	6.291E-01	6.215E-01	6.246E-01	6.247E-01	6.246E-01	6.247E-01
1.840E+00	6.209E-01	3.762E-03	6.253E-01	6.178E-01	6.208E-01	6.209E-01	6.208E-01	6.209E-01
1.850E+00	6.171E-01	3.712E-03	6.214E-01	6.140E-01	6.170E-01	6.171E-01	6.170E-01	6.171E-01
1.860E+00	6.133E-01	3.662E-03	6.176E-01	6.103E-01	6.133E-01	6.133E-01	6.132E-01	6.133E-01
1.870E+00	6.095E-01	3.611E-03	6.138E-01	6.066E-01	6.095E-01	6.096E-01	6.095E-01	6.096E-01
1.880E+00	6.058E-01	3.559E-03	6.100E-01	6.029E-01	6.058E-01	6.058E-01	6.057E-01	6.058E-01
1.890E+00	6.021E-01	3.507E-03	6.063E-01	5.992E-01	6.020E-01	6.021E-01	6.020E-01	6.021E-01
1.900E+00	5.984E-01	3.454E-03	6.025E-01	5.956E-01	5.983E-01	5.984E-01	5.983E-01	5.984E-01
1.910E+00	5.947E-01	3.401E-03	5.988E-01	5.920E-01	5.946E-01	5.947E-01	5.946E-01	5.947E-01
1.920E+00	5.910E-01	3.347E-03	5.950E-01	5.884E-01	5.910E-01	5.910E-01	5.909E-01	5.910E-01
1.930E+00	5.873E-01	3.293E-03	5.913E-01	5.848E-01	5.873E-01	5.874E-01	5.873E-01	5.874E-01
1.940E+00	5.837E-01	3.238E-03	5.877E-01	5.812E-01	5.837E-01	5.837E-01	5.837E-01	5.838E-01
1.950E+00	5.801E-01	3.183E-03	5.840E-01	5.776E-01	5.801E-01	5.801E-01	5.800E-01	5.801E-01
1.960E+00	5.765E-01	3.128E-03	5.803E-01	5.741E-01	5.765E-01	5.765E-01	5.764E-01	5.765E-01
1.970E+00	5.729E-01	3.072E-03	5.767E-01	5.706E-01	5.729E-01	5.729E-01	5.729E-01	5.730E-01
1.980E+00	5.693E-01	3.015E-03	5.731E-01	5.671E-01	5.693E-01	5.694E-01	5.693E-01	5.694E-01
1.990E+00	5.658E-01	2.959E-03	5.695E-01	5.636E-01	5.658E-01	5.658E-01	5.658E-01	5.659E-01
2.000E+00	5.623E-01	2.902E-03	5.659E-01	5.601E-01	5.622E-01	5.623E-01	5.622E-01	5.623E-01
2.010E+00	5.588E-01	2.844E-03	5.624E-01	5.567E-01	5.587E-01	5.588E-01	5.587E-01	5.588E-01
2.020E+00	5.553E-01	2.786E-03	5.588E-01	5.532E-01	5.552E-01	5.553E-01	5.552E-01	5.553E-01
2.030E+00	5.518E-01	2.728E-03	5.553E-01	5.498E-01	5.518E-01	5.518E-01	5.517E-01	5.518E-01
2.040E+00	5.483E-01	2.670E-03	5.518E-01	5.464E-01	5.483E-01	5.484E-01	5.483E-01	5.484E-01
2.050E+00	5.449E-01	2.611E-03	5.483E-01	5.431E-01	5.449E-01	5.449E-01	5.449E-01	5.449E-01
2.060E+00	5.415E-01	2.552E-03	5.448E-01	5.397E-01	5.414E-01	5.415E-01	5.414E-01	5.415E-01
2.070E+00	5.381E-01	2.493E-03	5.413E-01	5.364E-01	5.380E-01	5.381E-01	5.380E-01	5.381E-01
2.080E+00	5.347E-01	2.434E-03	5.379E-01	5.330E-01	5.346E-01	5.347E-01	5.346E-01	5.347E-01
2.090E+00	5.313E-01	2.374E-03	5.345E-01	5.297E-01	5.313E-01	5.314E-01	5.313E-01	5.314E-01
2.100E+00	5.280E-01	2.314E-03	5.311E-01	5.264E-01	5.279E-01	5.280E-01	5.279E-01	5.280E-01
2.110E+00	5.246E-01	2.254E-03	5.277E-01	5.232E-01	5.246E-01	5.247E-01	5.246E-01	5.247E-01
2.120E+00	5.213E-01	2.194E-03	5.243E-01	5.199E-01	5.213E-01	5.214E-01	5.213E-01	5.214E-01
2.130E+00	5.180E-01	2.133E-03	5.209E-01	5.167E-01	5.180E-01	5.181E-01	5.180E-01	5.181E-01
2.140E+00	5.147E-01	2.073E-03	5.176E-01	5.135E-01	5.147E-01	5.148E-01	5.147E-01	5.148E-01
2.150E+00	5.115E-01	2.012E-03	5.143E-01	5.103E-01	5.114E-01	5.115E-01	5.114E-01	5.115E-01
2.160E+00	5.082E-01	1.951E-03	5.110E-01	5.071E-01	5.081E-01	5.083E-01	5.082E-01	5.082E-01
2.170E+00	5.050E-01	1.890E-03	5.077E-01	5.039E-01	5.049E-01	5.050E-01	5.049E-01	5.050E-01
2.180E+00	5.018E-01	1.829E-03	5.044E-01	5.007E-01	5.017E-01	5.018E-01	5.017E-01	5.018E-01
2.190E+00	4.986E-01	1.768E-03	5.011E-01	4.976E-01	4.985E-01	4.986E-01	4.985E-01	4.986E-01
2.200E+00	4.954E-01	1.707E-03	4.979E-01	4.945E-01	4.953E-01	4.954E-01	4.953E-01	4.954E-01
2.210E+00	4.922E-01	1.646E-03	4.947E-01	4.914E-01	4.921E-01	4.923E-01	4.922E-01	4.922E-01
2.220E+00	4.891E-01	1.584E-03	4.915E-01	4.883E-01	4.890E-01	4.891E-01	4.890E-01	4.891E-01
2.230E+00	4.859E-01	1.523E-03	4.883E-01	4.852E-01	4.859E-01	4.860E-01	4.859E-01	4.860E-01
2.240E+00	4.828E-01	1.461E-03	4.851E-01	4.822E-01	4.827E-01	4.829E-01	4.828E-01	4.828E-01
2.250E+00	4.797E-01	1.400E-03	4.819E-01	4.791E-01	4.796E-01	4.798E-01	4.797E-01	4.797E-01
2.260E+00	4.766E-01	1.338E-03	4.788E-01	4.761E-01	4.766E-01	4.767E-01	4.766E-01	4.767E-01
2.270E+00	4.736E-01	1.277E-03	4.757E-01	4.731E-01	4.735E-01	4.736E-01	4.735E-01	4.736E-01
2.280E+00	4.705E-01	1.215E-03	4.726E-01	4.701E-01	4.704E-01	4.706E-01	4.705E-01	4.705E-01
2.290E+00	4.675E-01	1.154E-03	4.695E-01	4.672E-01	4.674E-01	4.675E-01	4.674E-01	4.675E-01
2.300E+00	4.644E-01	1.092E-03	4.664E-01	4.642E-01	4.644E-01	4.645E-01	4.644E-01	4.645E-01
2.310E+00	4.614E-01	1.031E-03	4.633E-01	4.613E-01	4.614E-01	4.615E-01	4.614E-01	4.615E-01
2.320E+00	4.585E-01	9.698E-04	4.603E-01	4.584E-01	4.584E-01	4.585E-01	4.584E-01	4.585E-01
2.330E+00	4.555E-01	9.086E-04	4.573E-01	4.554E-01	4.554E-01	4.556E-01	4.554E-01	4.555E-01
2.340E+00	4.525E-01	8.475E-04	4.542E-01	4.526E-01	4.525E-01	4.526E-01	4.525E-01	4.526E-01
2.350E+00	4.496E-01	7.865E-04	4.512E-01	4.497E-01	4.495E-01	4.497E-01	4.496E-01	4.496E-01
2.360E+00	4.467E-01	7.256E-04	4.483E-01	4.468E-01	4.466E-01	4.467E-01	4.466E-01	4.467E-01
2.370E+00	4.438E-01	6.649E-04	4.453E-01	4.440E-01	4.437E-01	4.438E-01	4.437E-01	4.438E-01
2.380E+00	4.409E-01	6.043E-04	4.424E-01	4.412E-01	4.408E-01	4.409E-01	4.408E-01	4.409E-01
2.390E+00	4.380E-01	5.440E-04	4.394E-01	4.383E-01	4.379E-01	4.381E-01	4.380E-01	4.381E-01
2.400E+00	4.352E-01	4.839E-04	4.365E-01	4.355E-01	4.351E-01	4.352E-01	4.351E-01	4.352E-01
2.410E+00	4.323E-01	4.242E-04	4.336E-01	4.328E-01	4.322E-01	4.324E-01	4.323E-01	4.324E-01
2.420E+00	4.295E-01	3.650E-04	4.307E-01	4.300E-01	4.294E-01	4.295E-01	4.294E-01	4.295E-01
2.430E+00	4.267E-01	3.064E-04	4.278E-01	4.273E-01	4.266E-01	4.267E-01	4.266E-01	4.267E-01
2.440E+00	4.239E-01	2.489E-04	4.250E-01	4.245E-01	4.238E-01	4.239E-01	4.238E-01	4.239E-01
2.450E+00	4.211E-01	1.933E-04	4.222E-01	4.218E-01	4.210E-01	4.212E-01	4.210E-01	4.211E-01
2.460E+00	4.183E-01	1.416E-04	4.193E-01	4.191E-01	4.183E-01	4.184E-01	4.183E-01	4.184E-01
2.470E+00	4.156E-01	9.982E-05	4.165E-01	4.164E-01	4.155E-01	4.157E-01	4.155E-01	4.156E-01
2.480E+00	4.128E-01	8.397E-05	4.137E-01	4.137E-01	4.128E-01	4.129E-01	4.128E-01	4.129E-01
2.490E+00	4.101E-01	1.061E-04	4.109E-01	4.111E-01	4.101E-01	4.102E-01	4.101E-01	4.102E-01
2.500E+00	4.074E-01	1.500E-04	4.082E-01	4.084E-01	4.074E-01	4.075E-01	4.074E-01	4.075E-01
2.510E+00	4.047E-01	2.018E-04	4.054E-01	4.058E-01	4.047E-01	4.048E-01	4.047E-01	4.048E-01
2.520E+00	4.021E-01	2.566E-04	4.027E-01	4.032E-01	4.020E-01	4.021E-01	4.020E-01	4.021E-01
2.530E+00	3.994E-01	3.127E-04	4.000E-01	4.006E-01	3.993E-01	3.995E-01	3.994E-01	3.994E-01
2.540E+00	3.968E-01	3.695E-04	3.973E-01	3.980E-01	3.967E-01	3.968E-01	3.967E-01	3.968E-01
2.550E+00	3.941E-01	4.265E-04	3.946E-01	3.954E-01	3.941E-01	3.942E-01	3.941E-01	3.942E-01
2.560E+00	3.915E-01	4.836E-04	3.919E-01	3.929E-01	3.914E-01	3.916E-01	3.915E-01	3.916E-01
2.570E+00	3.889E-01	5.407E-04	3.893E-01	3.903E-01	3.888E-01	3.890E-01	3.889E-01	3.890E-01
2.580E+00	3.863E-01	5.978E-04	3.866E-01	3.878E-01	3.863E-01	3.864E-01	3.863E-01	3.864E-01
2.590E+00	3.838E-01	6.547E-04	3.840E-01	3.853E-01	3.837E-01	3.838E-01	3.837E-01	3.838E-01
2.600E+00	3.812E-01	7.114E-04	3.814E-01	3.828E-01	3.811E-01	3.813E-01	3.812E-01	3.813E-01
2.610E+00	3.787E-01	7.680E-04	3.788E-01	3.803E-01	3.786E-01	3.787E-01	3.786E-01	3.787E-01
2.620E+00	3.761E-01	8.244E-04	3.762E-01	3.779E-01	3.761E-01	3.762E-01	3.761E-01	3.762E-01
2.630E+00	3.736E-01	8.805E-04	3.737E-01	3.754E-01	3.736E-01	3.737E-01	3.736E-01	3.737E-01
2.640E+00	3.711E-01	9.364E-04	3.711E-01	3.730E-01	3.711E-01	3.712E-01	3.711E-01	3.712E-01
2.650E+00	3.687E-01	9.921E-04	3.686E-01	3.705E-01	3.686E-01	3.687E-01	3.686E-01	3.687E-01
2.660E+00	3.662E-01	1.048E-03	3.660E-01	3.681E-01	3.661E-01	3.663E-01	3.661E-01	3.662E-01
2.670E+00	3.637E-01	1.103E-03	3.635E-01	3.657E-01	3.637E-01	3.638E-01	3.637E-01	3.638E-01
2.680E+00	3.613E-01	1.158E-03	3.610E-01	3.633E-01	3.612E-01	3.614E-01	3.612E-01	3.613E-01
2.690E+00	3.589E-01	1.212E-03	3.586E-01	3.610E-01	3.588E-01	3.589E-01	3.588E-01	3.589E-01
2.700E+00	3.565E-01	1.267E-03	3.561E-01	3.586E-01	3.564E-01	3.565E-01	3.564E-01	3.565E-01
2.710E+00	3.541E-01	1.321E-03	3.536E-01	3.563E-01	3.540E-01	3.541E-01	3.540E-01	3.541E-01
2.720E+00	3.517E-01	1.375E-03	3.512E-01	3.539E-01	3.516E-01	3.518E-01	3.516E-01	3.517E-01
2.730E+00	3.493E-01	1.428E-03	3.488E-01	3.516E-01	3.492E-01	3.494E-01	3.493E-01	3.493E-01
2.740E+00	3.469E-01	1.481E-03	3.464E-01	3.493E-01	3.469E-01	3.470E-01	3.469E-01	3.470E-01
2.750E+00	3.446E-01	1.534E-03	3.440E-01	3.470E-01	3.445E-01	3.447E-01	3.446E-01	3.447E-01
2.760E+00	3.423E-01	1.587E-03	3.416E-01	3.448E-01	3.422E-01	3.424E-01	3.422E-01	3.423E-01
2.770E+00	3.400E-01	1.639E-03	3.392E-01	3.425E-01	3.399E-01	3.400E-01	3.399E-01	3.400E-01
2.780E+00	3.377E-01	1.691E-03	3.369E-01	3.402E-01	3.376E-01	3.377E-01	3.376E-01	3.377E-01
2.790E+00	3.354E-01	1.743E-03	3.345E-01	3.380E-01	3.353E-01	3.355E-01	3.353E-01	3.354E-01
2.800E+00	3.331E-01	1.794E-03	3.322E-01	3.358E-01	3.330E-01	3.332E-01	3.331E-01	3.331E-01
2.810E+00	3.308E-01	1.845E-03	3.299E-01	3.336E-01	3.308E-01	3.309E-01	3.308E-01	3.309E-01
2.820E+00	3.286E-01	1.896E-03	3.276E-01	3.314E-01	3.285E-01	3.287E-01	3.285E-01	3.286E-01
2.830E+00	3.264E-01	1.946E-03	3.253E-01	3.292E-01	3.263E-01	3.264E-01	3.263E-01	3.264E-01
2.840E+00	3.241E-01	1.996E-03	3.230E-01	3.270E-01	3.241E-01	3.242E-01	3.241E-01	3.242E-01
2.850E+00	3.219E-01	2.046E-03	3.208E-01	3.249E-01	3.218E-01	3.220E-01	3.219E-01	3.220E-01
2.860E+00	3.197E-01	2.095E-03	3.185E-01	3.227E-01	3.197E-01	3.198E-01	3.197E-01	3.198E-01
2.870E+00	3.176E-01	2.144E-03	3.163E-01	3.206E-01	3.175E-01	3.176E-01	3.175E-01	3.176E-01
2.880E+00	3.154E-01	2.193E-03	3.141E-01	3.185E-01	3.153E-01	3.155E-01	3.153E-01	3.154E-01
2.890E+00	3.132E-01	2.241E-03	3.119E-01	3.164E-01	3.131E-01	3.133E-01	3.132E-01	3.133E-01
2.900E+00	3.111E-01	2.289E-03	3.097E-01	3.143E-01	3.110E-01	3.112E-01	3.110E-01	3.111E-01
2.910E+00	3.090E-01	2.337E-03	3.075E-01	3.122E-01	3.089E-01	3.090E-01	3.089E-01	3.090E-01
2.920E+00	3.068E-01	2.384E-03	3.053E-01	3.101E-01	3.068E-01	3.069E-01	3.068E-01	3.069E-01
2.930E+00	3.047E-01	2.431E-03	3.032E-01	3.081E-01	3.047E-01	3.048E-01	3.047E-01	3.048E-01
2.940E+00	3.026E-01	2.477E-03	3.011E-01	3.060E-01	3.026E-01	3.027E-01	3.026E-01	3.027E-01
2.950E+00	3.006E-01	2.524E-03	2.989E-01	3.040E-01	3.005E-01	3.006E-01	3.005E-01	3.006E-01
2.960E+00	2.985E-01	2.569E-03	2.968E-01	3.020E-01	2.984E-01	2.986E-01	2.985E-01	2.985E-01
2.970E+00	2.964E-01	2.615E-03	2.947E-01	2.999E-01	2.964E-01	2.965E-01	2.964E-01	2.965E-01
2.980E+00	2.944E-01	2.660E-03	2.926E-01	2.979E-01	2.943E-01	2.945E-01	2.944E-01	2.944E-01
2.990E+00	2.924E-01	2.705E-03	2.906E-01	2.960E-01	2.923E-01	2.925E-01	2.923E-01	2.924E-01
3.000E+00	2.904E-01	2.749E-03	2.885E-01	2.940E-01	2.903E-01	2.904E-01	2.903E-01	2.904E-01
