1.000E-02	7.791E-01	1.711E-02	7.961E-01	7.622E-01	7.815E-01	7.767E-01	7.791E-01	7.791E-01
2.000E-02	7.791E-01	1.706E-02	7.959E-01	7.622E-01	7.815E-01	7.766E-01	7.791E-01	7.791E-01
3.000E-02	7.790E-01	1.698E-02	7.957E-01	7.621E-01	7.814E-01	7.766E-01	7.790E-01	7.790E-01
4.000E-02	7.789E-01	1.689E-02	7.955E-01	7.621E-01	7.813E-01	7.764E-01	7.788E-01	7.789E-01
5.000E-02	7.787E-01	1.678E-02	7.952E-01	7.620E-01	7.811E-01	7.763E-01	7.787E-01	7.787E-01
6.000E-02	7.785E-01	1.666E-02	7.948E-01	7.619E-01	7.809E-01	7.761E-01	7.785E-01	7.785E-01
7.000E-02	7.783E-01	1.652E-02	7.944E-01	7.618E-01	7.807E-01	7.759E-01	7.783E-01	7.783E-01
8.000E-02	7.780E-01	1.638E-02	7.940E-01	7.616E-01	7.805E-01	7.756E-01	7.780E-01	7.781E-01
9.000E-02	7.778E-01	1.622E-02	7.935E-01	7.615E-01	7.802E-01	7.753E-01	7.777E-01	7.778E-01
1.000E-01	7.774E-01	1.605E-02	7.930E-01	7.613E-01	7.799E-01	7.750E-01	7.774E-01	7.775E-01
1.100E-01	7.771E-01	1.587E-02	7.924E-01	7.611E-01	7.795E-01	7.747E-01	7.771E-01	7.771E-01
1.200E-01	7.767E-01	1.569E-02	7.918E-01	7.608E-01	7.791E-01	7.743E-01	7.767E-01	7.767E-01
1.300E-01	7.763E-01	1.549E-02	7.912E-01	7.606E-01	7.787E-01	7.739E-01	7.763E-01	7.763E-01
1.400E-01	7.759E-01	1.529E-02	7.905E-01	7.603E-01	7.783E-01	7.735E-01	7.758E-01	7.759E-01
1.500E-01	7.754E-01	1.508E-02	7.898E-01	7.600E-01	7.778E-01	7.730E-01	7.754E-01	7.754E-01
1.600E-01	7.749E-01	1.487E-02	7.890E-01	7.597E-01	7.773E-01	7.725E-01	7.749E-01	7.749E-01
1.700E-01	7.744E-01	1.465E-02	7.883E-01	7.594E-01	7.768E-01	7.720E-01	7.743E-01	7.744E-01
1.800E-01	7.738E-01	1.442E-02	7.874E-01	7.590E-01	7.762E-01	7.714E-01	7.738E-01	7.739E-01
1.900E-01	7.732E-01	1.419E-02	7.866E-01	7.586E-01	7.756E-01	7.708E-01	7.732E-01	7.733E-01
2.000E-01	7.726E-01	1.395E-02	7.857E-01	7.582E-01	7.750E-01	7.702E-01	7.726E-01	7.727E-01
2.100E-01	7.720E-01	1.371E-02	7.848E-01	7.578E-01	7.744E-01	7.696E-01	7.719E-01	7.720E-01
2.200E-01	7.713E-01	1.346E-02	7.838E-01	7.573E-01	7.737E-01	7.689E-01	7.713E-01	7.713E-01
2.300E-01	7.706E-01	1.321E-02	7.828E-01	7.568E-01	7.730E-01	7.682E-01	7.706E-01	7.706E-01
2.400E-01	7.699E-01	1.296E-02	7.818E-01	7.563E-01	7.723E-01	7.675E-01	7.698E-01	7.699E-01
2.500E-01	7.691E-01	1.270E-02	7.807E-01	7.558E-01	7.715E-01	7.667E-01	7.691E-01	7.691E-01
2.600E-01	7.683E-01	1.244E-02	7.797E-01	7.552E-01	7.707E-01	7.659E-01	7.683E-01	7.684E-01
2.700E-01	7.675E-01	1.218E-02	7.785E-01	7.547E-01	7.699E-01	7.651E-01	7.674E-01	7.675E-01
2.800E-01	7.667E-01	1.191E-02	7.774E-01	7.541E-01	7.690E-01	7.643E-01	7.666E-01	7.667E-01
2.900E-01	7.658E-01	1.165E-02	7.762E-01	7.534E-01	7.682E-01	7.634E-01	7.657E-01	7.658E-01
3.000E-01	7.649E-01	1.138E-02	7.750E-01	7.528E-01	7.673E-01	7.625E-01	7.648E-01	7.649E-01
3.100E-01	7.640E-01	1.110E-02	7.738E-01	7.521E-01	7.663E-01	7.616E-01	7.639E-01	7.640E-01
3.200E-01	7.630E-01	1.083E-02	7.725E-01	7.514E-01	7.654E-01	7.606E-01	7.629E-01	7.631E-01
3.300E-01	7.620E-01	1.056E-02	7.713E-01	7.507E-01	7.644E-01	7.596E-01	7.620E-01	7.621E-01
3.400E-01	7.610E-01	1.028E-02	7.699E-01	7.499E-01	7.634E-01	7.586E-01	7.609E-01	7.611E-01
3.500E-01	7.600E-01	1.000E-02	7.686E-01	7.492E-01	7.623E-01	7.576E-01	7.599E-01	7.600E-01
3.600E-01	7.589E-01	9.726E-03	7.672E-01	7.484E-01	7.613E-01	7.565E-01	7.588E-01	7.590E-01
3.700E-01	7.578E-01	9.448E-03	7.658E-01	7.476E-01	7.602E-01	7.555E-01	7.577E-01	7.579E-01
3.800E-01	7.567E-01	9.170E-03	7.644E-01	7.467E-01	7.591E-01	7.543E-01	7.566E-01	7.568E-01
3.900E-01	7.556E-01	8.892E-03	7.630E-01	7.458E-01	7.579E-01	7.532E-01	7.555E-01	7.556E-01
4.000E-01	7.544E-01	8.614E-03	7.615E-01	7.449E-01	7.567E-01	7.520E-01	7.543E-01	7.545E-01
4.100E-01	7.532E-01	8.336E-03	7.600E-01	7.440E-01	7.555E-01	7.509E-01	7.531E-01	7.533E-01
4.200E-01	7.520E-01	8.059E-03	7.585E-01	7.431E-01	7.543E-01	7.496E-01	7.519E-01	7.521E-01
4.300E-01	7.507E-01	7.783E-03	7.570E-01	7.421E-01	7.531E-01	7.484E-01	7.506E-01	7.508E-01
4.400E-01	7.495E-01	7.508E-03	7.554E-01	7.411E-01	7.518E-01	7.471E-01	7.494E-01	7.496E-01
4.500E-01	7.482E-01	7.234E-03	7.538E-01	7.401E-01	7.505E-01	7.458E-01	7.481E-01	7.483E-01
4.600E-01	7.468E-01	6.961E-03	7.522E-01	7.391E-01	7.492E-01	7.445E-01	7.467E-01	7.469E-01
4.700E-01	7.455E-01	6.690E-03	7.505E-01	7.380E-01	7.478E-01	7.432E-01	7.454E-01	7.456E-01
4.800E-01	7.441E-01	6.422E-03	7.489E-01	7.369E-01	7.464E-01	7.418E-01	7.440E-01	7.442E-01
4.900E-01	7.427E-01	6.155E-03	7.472E-01	7.358E-01	7.450E-01	7.404E-01	7.426E-01	7.428E-01
5.000E-01	7.413E-01	5.892E-03	7.455E-01	7.347E-01	7.436E-01	7.390E-01	7.412E-01	7.414E-01
5.100E-01	7.399E-01	5.631E-03	7.438E-01	7.335E-01	7.422E-01	7.376E-01	7.397E-01	7.400E-01
5.200E-01	7.384E-01	5.373E-03	7.420E-01	7.323E-01	7.407E-01	7.361E-01	7.383E-01	7.385E-01
5.300E-01	7.369E-01	5.119E-03	7.403E-01	7.311E-01	7.392E-01	7.346E-01	7.368E-01	7.370E-01
5.400E-01	7.354E-01	4.870E-03	7.385E-01	7.299E-01	7.377E-01	7.331E-01	7.353E-01	7.355E-01
5.500E-01	7.339E-01	4.625E-03	7.367E-01	7.286E-01	7.361E-01	7.316E-01	7.337E-01	7.340E-01
5.600E-01	7.323E-01	4.385E-03	7.348E-01	7.273E-01	7.346E-01	7.300E-01	7.321E-01	7.324E-01
5.700E-01	7.307E-01	4.151E-03	7.330E-01	7.260E-01	7.330E-01	7.284E-01	7.306E-01	7.309E-01
5.800E-01	7.291E-01	3.924E-03	7.311E-01	7.247E-01	7.314E-01	7.268E-01	7.289E-01	7.293E-01
5.900E-01	7.275E-01	3.704E-03	7.292E-01	7.233E-01	7.297E-01	7.252E-01	7.273E-01	7.276E-01
6.000E-01	7.258E-01	3.492E-03	7.273E-01	7.220E-01	7.281E-01	7.236E-01	7.257E-01	7.260E-01
6.100E-01	7.241E-01	3.291E-03	7.254E-01	7.206E-01	7.264E-01	7.219E-01	7.240E-01	7.243E-01
6.200E-01	7.224E-01	3.100E-03	7.234E-01	7.191E-01	7.247E-01	7.202E-01	7.223E-01	7.226E-01
6.300E-01	7.207E-01	2.923E-03	7.214E-01	7.177E-01	7.230E-01	7.185E-01	7.205E-01	7.209E-01
6.400E-01	7.190E-01	2.760E-03	7.195E-01	7.162E-01	7.212E-01	7.168E-01	7.188E-01	7.192E-01
6.500E-01	7.172E-01	2.613E-03	7.175E-01	7.147E-01	7.194E-01	7.150E-01	7.170E-01	7.174E-01
6.600E-01	7.154E-01	2.486E-03	7.154E-01	7.132E-01	7.177E-01	7.132E-01	7.152E-01	7.156E-01
6.700E-01	7.136E-01	2.379E-03	7.134E-01	7.117E-01	7.158E-01	7.114E-01	7.134E-01	7.138E-01
6.800E-01	7.118E-01	2.296E-03	7.113E-01	7.101E-01	7.140E-01	7.096E-01	7.116E-01	7.120E-01
6.900E-01	7.100E-01	2.238E-03	7.093E-01	7.085E-01	7.122E-01	7.078E-01	7.098E-01	7.102E-01
7.000E-01	7.081E-01	2.205E-03	7.072E-01	7.069E-01	7.103E-01	7.059E-01	7.079E-01	7.083E-01
7.100E-01	7.062E-01	2.198E-03	7.051E-01	7.053E-01	7.084E-01	7.040E-01	7.060E-01	7.064E-01
7.200E-01	7.043E-01	2.217E-03	7.030E-01	7.037E-01	7.065E-01	7.021E-01	7.041E-01	7.045E-01
7.300E-01	7.024E-01	2.259E-03	7.008E-01	7.020E-01	7.045E-01	7.002E-01	7.022E-01	7.026E-01
7.400E-01	7.004E-01	2.323E-03	6.987E-01	7.003E-01	7.026E-01	6.983E-01	7.002E-01	7.007E-01
7.500E-01	6.985E-01	2.405E-03	6.965E-01	6.986E-01	7.006E-01	6.963E-01	6.982E-01	6.987E-01
7.600E-01	6.965E-01	2.503E-03	6.943E-01	6.968E-01	6.986E-01	6.943E-01	6.962E-01	6.967E-01
7.700E-01	6.945E-01	2.615E-03	6.921E-01	6.951E-01	6.966E-01	6.923E-01	6.942E-01	6.947E-01
7.800E-01	6.925E-01	2.738E-03	6.899E-01	6.933E-01	6.946E-01	6.903E-01	6.922E-01	6.927E-01
7.900E-01	6.904E-01	2.869E-03	6.877E-01	6.915E-01	6.925E-01	6.883E-01	6.902E-01	6.907E-01
8.000E-01	6.884E-01	3.007E-03	6.854E-01	6.897E-01	6.905E-01	6.862E-01	6.881E-01	6.886E-01
8.100E-01	6.863E-01	3.150E-03	6.832E-01	6.878E-01	6.884E-01	6.842E-01	6.860E-01	6.866E-01
8.200E-01	6.842E-01	3.296E-03	6.809E-01	6.860E-01	6.863E-01	6.821E-01	6.839E-01	6.845E-01
8.300E-01	6.821E-01	3.446E-03	6.786E-01	6.841E-01	6.842E-01	6.800E-01	6.818E-01	6.824E-01
8.400E-01	6.799E-01	3.597E-03	6.763E-01	6.822E-01	6.820E-01	6.779E-01	6.797E-01	6.802E-01
8.500E-01	6.778E-01	3.749E-03	6.740E-01	6.802E-01	6.799E-01	6.757E-01	6.775E-01	6.781E-01
8.600E-01	6.756E-01	3.900E-03	6.717E-01	6.783E-01	6.777E-01	6.736E-01	6.753E-01	6.759E-01
8.700E-01	6.735E-01	4.052E-03	6.694E-01	6.763E-01	6.755E-01	6.714E-01	6.731E-01	6.738E-01
8.800E-01	6.713E-01	4.202E-03	6.670E-01	6.743E-01	6.733E-01	6.692E-01	6.709E-01	6.716E-01
8.900E-01	6.690E-01	4.352E-03	6.647E-01	6.723E-01	6.711E-01	6.670E-01	6.687E-01	6.694E-01
9.000E-01	6.668E-01	4.499E-03	6.623E-01	6.703E-01	6.689E-01	6.648E-01	6.665E-01	6.671E-01
9.100E-01	6.646E-01	4.645E-03	6.599E-01	6.683E-01	6.666E-01	6.625E-01	6.642E-01	6.649E-01
9.200E-01	6.623E-01	4.788E-03	6.576E-01	6.662E-01	6.643E-01	6.603E-01	6.620E-01	6.626E-01
9.300E-01	6.600E-01	4.929E-03	6.552E-01	6.641E-01	6.620E-01	6.580E-01	6.597E-01	6.604E-01
9.400E-01	6.577E-01	5.067E-03	6.527E-01	6.620E-01	6.597E-01	6.557E-01	6.574E-01	6.581E-01
9.500E-01	6.554E-01	5.202E-03	6.503E-01	6.599E-01	6.574E-01	6.534E-01	6.551E-01	6.558E-01
9.600E-01	6.531E-01	5.334E-03	6.479E-01	6.578E-01	6.551E-01	6.511E-01	6.528E-01	6.535E-01
9.700E-01	6.508E-01	5.463E-03	6.455E-01	6.556E-01	6.528E-01	6.488E-01	6.504E-01	6.511E-01
9.800E-01	6.484E-01	5.589E-03	6.430E-01	6.534E-01	6.504E-01	6.464E-01	6.481E-01	6.488E-01
9.900E-01	6.461E-01	5.712E-03	6.405E-01	6.512E-01	6.480E-01	6.441E-01	6.457E-01	6.464E-01
1.000E+00	6.437E-01	5.831E-03	6.381E-01	6.490E-01	6.456E-01	6.417E-01	6.433E-01	6.441E-01
1.010E+00	6.413E-01	5.946E-03	6.356E-01	6.468E-01	6.432E-01	6.393E-01	6.409E-01	6.417E-01
1.020E+00	6.389E-01	6.058E-03	6.331E-01	6.446E-01	6.408E-01	6.369E-01	6.385E-01	6.393E-01
1.030E+00	6.365E-01	6.166E-03	6.306E-01	6.423E-01	6.384E-01	6.345E-01	6.361E-01	6.369E-01
1.040E+00	6.340E-01	6.271E-03	6.281E-01	6.400E-01	6.360E-01	6.321E-01	6.336E-01	6.344E-01
1.050E+00	6.316E-01	6.372E-03	6.256E-01	6.377E-01	6.335E-01	6.297E-01	6.312E-01	6.320E-01
1.060E+00	6.291E-01	6.469E-03	6.231E-01	6.354E-01	6.310E-01	6.272E-01	6.287E-01	6.295E-01
1.070E+00	6.267E-01	6.562E-03	6.205E-01	6.331E-01	6.286E-01	6.248E-01	6.262E-01	6.271E-01
1.080E+00	6.242E-01	6.651E-03	6.180E-01	6.307E-01	6.261E-01	6.223E-01	6.238E-01	6.246E-01
1.090E+00	6.217E-01	6.737E-03	6.155E-01	6.284E-01	6.236E-01	6.198E-01	6.213E-01	6.221E-01
1.100E+00	6.192E-01	6.818E-03	6.129E-01	6.260E-01	6.211E-01	6.173E-01	6.188E-01	6.196E-01
1.110E+00	6.167E-01	6.896E-03	6.104E-01	6.236E-01	6.185E-01	6.148E-01	6.162E-01	6.171E-01
1.120E+00	6.141E-01	6.969E-03	6.078E-01	6.212E-01	6.160E-01	6.123E-01	6.137E-01	6.146E-01
1.130E+00	6.116E-01	7.039E-03	6.052E-01	6.188E-01	6.135E-01	6.098E-01	6.112E-01	6.121E-01
1.140E+00	6.091E-01	7.104E-03	6.026E-01	6.163E-01	6.109E-01	6.072E-01	6.086E-01	6.095E-01
1.150E+00	6.065E-01	7.166E-03	6.001E-01	6.139E-01	6.083E-01	6.047E-01	6.060E-01	6.070E-01
1.160E+00	6.039E-01	7.223E-03	5.975E-01	6.114E-01	6.058E-01	6.021E-01	6.035E-01	6.044E-01
1.170E+00	6.014E-01	7.277E-03	5.949E-01	6.089E-01	6.032E-01	5.995E-01	6.009E-01	6.018E-01
1.180E+00	5.988E-01	7.326E-03	5.923E-01	6.065E-01	6.006E-01	5.970E-01	5.983E-01	5.992E-01
1.190E+00	5.962E-01	7.372E-03	5.897E-01	6.039E-01	5.980E-01	5.944E-01	5.957E-01	5.967E-01
1.200E+00	5.936E-01	7.413E-03	5.871E-01	6.014E-01	5.953E-01	5.918E-01	5.931E-01	5.941E-01
1.210E+00	5.910E-01	7.451E-03	5.845E-01	5.989E-01	5.927E-01	5.892E-01	5.905E-01	5.914E-01
1.220E+00	5.883E-01	7.484E-03	5.818E-01	5.964E-01	5.901E-01	5.866E-01	5.878E-01	5.888E-01
1.230E+00	5.857E-01	7.514E-03	5.792E-01	5.938E-01	5.874E-01	5.839E-01	5.852E-01	5.862E-01
1.240E+00	5.831E-01	7.539E-03	5.766E-01	5.912E-01	5.848E-01	5.813E-01	5.825E-01	5.836E-01
1.250E+00	5.804E-01	7.561E-03	5.740E-01	5.886E-01	5.821E-01	5.787E-01	5.799E-01	5.809E-01
1.260E+00	5.777E-01	7.578E-03	5.713E-01	5.860E-01	5.795E-01	5.760E-01	5.772E-01	5.783E-01
1.270E+00	5.751E-01	7.592E-03	5.687E-01	5.834E-01	5.768E-01	5.734E-01	5.746E-01	5.756E-01
1.280E+00	5.724E-01	7.602E-03	5.660E-01	5.808E-01	5.741E-01	5.707E-01	5.719E-01	5.730E-01
1.290E+00	5.697E-01	7.607E-03	5.634E-01	5.782E-01	5.714E-01	5.680E-01	5.692E-01	5.703E-01
1.300E+00	5.671E-01	7.609E-03	5.608E-01	5.756E-01	5.687E-01	5.654E-01	5.665E-01	5.676E-01
1.310E+00	5.644E-01	7.607E-03	5.581E-01	5.729E-01	5.660E-01	5.627E-01	5.638E-01	5.649E-01
1.320E+00	5.617E-01	7.601E-03	5.555E-01	5.702E-01	5.633E-01	5.600E-01	5.611E-01	5.622E-01
1.330E+00	5.590E-01	7.592E-03	5.528E-01	5.676E-01	5.606E-01	5.573E-01	5.584E-01	5.595E-01
1.340E+00	5.562E-01	7.578E-03	5.501E-01	5.649E-01	5.579E-01	5.546E-01	5.557E-01	5.568E-01
1.350E+00	5.535E-01	7.561E-03	5.475E-01	5.622E-01	5.552E-01	5.519E-01	5.530E-01	5.541E-01
1.360E+00	5.508E-01	7.540E-03	5.448E-01	5.595E-01	5.524E-01	5.492E-01	5.502E-01	5.514E-01
1.370E+00	5.481E-01	7.516E-03	5.422E-01	5.568E-01	5.497E-01	5.465E-01	5.475E-01	5.487E-01
1.380E+00	5.453E-01	7.487E-03	5.395E-01	5.541E-01	5.470E-01	5.437E-01	5.448E-01	5.459E-01
1.390E+00	5.426E-01	7.455E-03	5.368E-01	5.513E-01	5.442E-01	5.410E-01	5.420E-01	5.432E-01
1.400E+00	5.399E-01	7.420E-03	5.342E-01	5.486E-01	5.415E-01	5.383E-01	5.393E-01	5.405E-01
1.410E+00	5.371E-01	7.381E-03	5.315E-01	5.459E-01	5.387E-01	5.355E-01	5.365E-01	5.377E-01
1.420E+00	5.344E-01	7.338E-03	5.288E-01	5.431E-01	5.359E-01	5.328E-01	5.338E-01	5.350E-01
1.430E+00	5.316E-01	7.292E-03	5.261E-01	5.403E-01	5.332E-01	5.301E-01	5.310E-01	5.322E-01
1.440E+00	5.289E-01	7.242E-03	5.235E-01	5.376E-01	5.304E-01	5.273E-01	5.282E-01	5.295E-01
1.450E+00	5.261E-01	7.189E-03	5.208E-01	5.348E-01	5.276E-01	5.246E-01	5.255E-01	5.267E-01
1.460E+00	5.233E-01	7.132E-03	5.181E-01	5.320E-01	5.249E-01	5.218E-01	5.227E-01	5.240E-01
1.470E+00	5.206E-01	7.072E-03	5.155E-01	5.292E-01	5.221E-01	5.190E-01	5.199E-01	5.212E-01
1.480E+00	5.178E-01	7.009E-03	5.128E-01	5.264E-01	5.193E-01	5.163E-01	5.171E-01	5.184E-01
1.490E+00	5.150E-01	6.943E-03	5.101E-01	5.236E-01	5.165E-01	5.135E-01	5.144E-01	5.157E-01
1.500E+00	5.122E-01	6.873E-03	5.075E-01	5.208E-01	5.137E-01	5.107E-01	5.116E-01	5.129E-01
1.510E+00	5.095E-01	6.800E-03	5.048E-01	5.180E-01	5.109E-01	5.080E-01	5.088E-01	5.101E-01
1.520E+00	5.067E-01	6.724E-03	5.021E-01	5.152E-01	5.081E-01	5.052E-01	5.060E-01	5.073E-01
1.530E+00	5.039E-01	6.645E-03	4.994E-01	5.123E-01	5.053E-01	5.024E-01	5.032E-01	5.046E-01
1.540E+00	5.011E-01	6.563E-03	4.968E-01	5.095E-01	5.025E-01	4.997E-01	5.004E-01	5.018E-01
1.550E+00	4.983E-01	6.477E-03	4.941E-01	5.067E-01	4.998E-01	4.969E-01	4.976E-01	4.990E-01
1.560E+00	4.955E-01	6.389E-03	4.914E-01	5.038E-01	4.970E-01	4.941E-01	4.948E-01	4.962E-01
1.570E+00	4.927E-01	6.298E-03	4.888E-01	5.010E-01	4.942E-01	4.913E-01	4.921E-01	4.934E-01
1.580E+00	4.899E-01	6.204E-03	4.861E-01	4.981E-01	4.914E-01	4.885E-01	4.893E-01	4.906E-01
1.590E+00	4.872E-01	6.107E-03	4.835E-01	4.953E-01	4.886E-01	4.858E-01	4.865E-01	4.878E-01
1.600E+00	4.844E-01	6.008E-03	4.808E-01	4.924E-01	4.858E-01	4.830E-01	4.837E-01	4.851E-01
1.610E+00	4.816E-01	5.906E-03	4.782E-01	4.896E-01	4.829E-01	4.802E-01	4.809E-01	4.823E-01
1.620E+00	4.788E-01	5.801E-03	4.755E-01	4.867E-01	4.801E-01	4.774E-01	4.781E-01	4.795E-01
1.630E+00	4.760E-01	5.694E-03	4.729E-01	4.838E-01	4.773E-01	4.746E-01	4.753E-01	4.767E-01
1.640E+00	4.732E-01	5.584E-03	4.702E-01	4.810E-01	4.745E-01	4.718E-01	4.725E-01	4.739E-01
1.650E+00	4.704E-01	5.471E-03	4.676E-01	4.781E-01	4.717E-01	4.691E-01	4.697E-01	4.711E-01
1.660E+00	4.676E-01	5.357E-03	4.649E-01	4.752E-01	4.689E-01	4.663E-01	4.669E-01	4.683E-01
1.670E+00	4.648E-01	5.240E-03	4.623E-01	4.723E-01	4.661E-01	4.635E-01	4.641E-01	4.656E-01
1.680E+00	4.620E-01	5.120E-03	4.596E-01	4.694E-01	4.633E-01	4.607E-01	4.613E-01	4.628E-01
1.690E+00	4.592E-01	4.999E-03	4.570E-01	4.666E-01	4.605E-01	4.579E-01	4.585E-01	4.600E-01
1.700E+00	4.565E-01	4.875E-03	4.544E-01	4.637E-01	4.578E-01	4.552E-01	4.557E-01	4.572E-01
1.710E+00	4.537E-01	4.750E-03	4.518E-01	4.608E-01	4.550E-01	4.524E-01	4.529E-01	4.544E-01
1.720E+00	4.509E-01	4.622E-03	4.491E-01	4.579E-01	4.522E-01	4.496E-01	4.501E-01	4.516E-01
1.730E+00	4.481E-01	4.493E-03	4.465E-01	4.550E-01	4.494E-01	4.469E-01	4.474E-01	4.489E-01
1.740E+00	4.453E-01	4.361E-03	4.439E-01	4.521E-01	4.466E-01	4.441E-01	4.446E-01	4.461E-01
1.750E+00	4.426E-01	4.228E-03	4.413E-01	4.492E-01	4.438E-01	4.413E-01	4.418E-01	4.433E-01
1.760E+00	4.398E-01	4.094E-03	4.387E-01	4.464E-01	4.410E-01	4.386E-01	4.390E-01	4.405E-01
1.770E+00	4.370E-01	3.958E-03	4.361E-01	4.435E-01	4.382E-01	4.358E-01	4.362E-01	4.378E-01
1.780E+00	4.342E-01	3.821E-03	4.335E-01	4.406E-01	4.355E-01	4.330E-01	4.335E-01	4.350E-01
1.790E+00	4.315E-01	3.683E-03	4.309E-01	4.377E-01	4.327E-01	4.303E-01	4.307E-01	4.323E-01
1.800E+00	4.287E-01	3.543E-03	4.283E-01	4.348E-01	4.299E-01	4.275E-01	4.279E-01	4.295E-01
1.810E+00	4.260E-01	3.403E-03	4.257E-01	4.319E-01	4.271E-01	4.248E-01	4.252E-01	4.267E-01
1.820E+00	4.232E-01	3.262E-03	4.232E-01	4.290E-01	4.244E-01	4.220E-01	4.224E-01	4.240E-01
1.830E+00	4.205E-01	3.121E-03	4.206E-01	4.262E-01	4.216E-01	4.193E-01	4.197E-01	4.212E-01
1.840E+00	4.177E-01	2.979E-03	4.180E-01	4.233E-01	4.189E-01	4.166E-01	4.169E-01	4.185E-01
1.850E+00	4.150E-01	2.838E-03	4.155E-01	4.204E-01	4.161E-01	4.138E-01	4.142E-01	4.158E-01
1.860E+00	4.122E-01	2.697E-03	4.129E-01	4.175E-01	4.134E-01	4.111E-01	4.114E-01	4.130E-01
1.870E+00	4.095E-01	2.556E-03	4.104E-01	4.147E-01	4.106E-01	4.084E-01	4.087E-01	4.103E-01
1.880E+00	4.068E-01	2.418E-03	4.078E-01	4.118E-01	4.079E-01	4.056E-01	4.060E-01	4.076E-01
1.890E+00	4.040E-01	2.281E-03	4.053E-01	4.089E-01	4.051E-01	4.029E-01	4.032E-01	4.048E-01
1.900E+00	4.013E-01	2.147E-03	4.027E-01	4.061E-01	4.024E-01	4.002E-01	4.005E-01	4.021E-01
1.910E+00	3.986E-01	2.017E-03	4.002E-01	4.032E-01	3.997E-01	3.975E-01	3.978E-01	3.994E-01
1.920E+00	3.959E-01	1.892E-03	3.977E-01	4.003E-01	3.970E-01	3.948E-01	3.951E-01	3.967E-01
1.930E+00	3.932E-01	1.772E-03	3.952E-01	3.975E-01	3.942E-01	3.921E-01	3.924E-01	3.940E-01
1.940E+00	3.905E-01	1.661E-03	3.927E-01	3.946E-01	3.915E-01	3.894E-01	3.897E-01	3.913E-01
1.950E+00	3.878E-01	1.561E-03	3.902E-01	3.918E-01	3.888E-01	3.867E-01	3.870E-01	3.886E-01
1.960E+00	3.851E-01	1.472E-03	3.877E-01	3.889E-01	3.861E-01	3.841E-01	3.843E-01	3.859E-01
1.970E+00	3.824E-01	1.400E-03	3.852E-01	3.861E-01	3.834E-01	3.814E-01	3.816E-01	3.832E-01
1.980E+00	3.797E-01	1.346E-03	3.827E-01	3.833E-01	3.808E-01	3.787E-01	3.789E-01	3.806E-01
1.990E+00	3.771E-01	1.313E-03	3.802E-01	3.804E-01	3.781E-01	3.761E-01	3.762E-01	3.779E-01
2.000E+00	3.744E-01	1.303E-03	3.777E-01	3.776E-01	3.754E-01	3.734E-01	3.736E-01	3.752E-01
2.010E+00	3.717E-01	1.317E-03	3.753E-01	3.748E-01	3.727E-01	3.707E-01	3.709E-01	3.726E-01
2.020E+00	3.691E-01	1.354E-03	3.728E-01	3.720E-01	3.701E-01	3.681E-01	3.683E-01	3.699E-01
2.030E+00	3.664E-01	1.414E-03	3.704E-01	3.692E-01	3.674E-01	3.655E-01	3.656E-01	3.673E-01
2.040E+00	3.638E-01	1.493E-03	3.679E-01	3.664E-01	3.648E-01	3.628E-01	3.630E-01	3.646E-01
2.050E+00	3.612E-01	1.589E-03	3.655E-01	3.636E-01	3.621E-01	3.602E-01	3.603E-01	3.620E-01
2.060E+00	3.585E-01	1.699E-03	3.631E-01	3.608E-01	3.595E-01	3.576E-01	3.577E-01	3.594E-01
2.070E+00	3.559E-01	1.821E-03	3.606E-01	3.580E-01	3.569E-01	3.550E-01	3.551E-01	3.568E-01
2.080E+00	3.533E-01	1.952E-03	3.582E-01	3.552E-01	3.542E-01	3.524E-01	3.525E-01	3.542E-01
2.090E+00	3.507E-01	2.092E-03	3.558E-01	3.525E-01	3.516E-01	3.498E-01	3.499E-01	3.516E-01
2.100E+00	3.481E-01	2.238E-03	3.534E-01	3.497E-01	3.490E-01	3.472E-01	3.473E-01	3.490E-01
2.110E+00	3.455E-01	2.389E-03	3.510E-01	3.469E-01	3.464E-01	3.446E-01	3.447E-01	3.464E-01
2.120E+00	3.430E-01	2.545E-03	3.486E-01	3.442E-01	3.439E-01	3.421E-01	3.421E-01	3.438E-01
2.130E+00	3.404E-01	2.704E-03	3.463E-01	3.414E-01	3.413E-01	3.395E-01	3.395E-01	3.412E-01
2.140E+00	3.378E-01	2.867E-03	3.439E-01	3.387E-01	3.387E-01	3.369E-01	3.370E-01	3.387E-01
2.150E+00	3.353E-01	3.032E-03	3.415E-01	3.360E-01	3.361E-01	3.344E-01	3.344E-01	3.361E-01
2.160E+00	3.327E-01	3.199E-03	3.392E-01	3.333E-01	3.336E-01	3.319E-01	3.319E-01	3.336E-01
2.170E+00	3.302E-01	3.368E-03	3.368E-01	3.306E-01	3.310E-01	3.293E-01	3.293E-01	3.310E-01
2.180E+00	3.277E-01	3.538E-03	3.345E-01	3.278E-01	3.285E-01	3.268E-01	3.268E-01	3.285E-01
2.190E+00	3.251E-01	3.710E-03	3.322E-01	3.252E-01	3.260E-01	3.243E-01	3.243E-01	3.260E-01
2.200E+00	3.226E-01	3.883E-03	3.299E-01	3.225E-01	3.234E-01	3.218E-01	3.218E-01	3.235E-01
2.210E+00	3.201E-01	4.057E-03	3.275E-01	3.198E-01	3.209E-01	3.193E-01	3.193E-01	3.210E-01
2.220E+00	3.176E-01	4.231E-03	3.252E-01	3.171E-01	3.184E-01	3.168E-01	3.168E-01	3.185E-01
2.230E+00	3.151E-01	4.406E-03	3.229E-01	3.145E-01	3.159E-01	3.143E-01	3.143E-01	3.160E-01
2.240E+00	3.127E-01	4.581E-03	3.207E-01	3.118E-01	3.134E-01	3.119E-01	3.118E-01	3.135E-01
2.250E+00	3.102E-01	4.757E-03	3.184E-01	3.092E-01	3.110E-01	3.094E-01	3.093E-01	3.111E-01
2.260E+00	3.077E-01	4.933E-03	3.161E-01	3.065E-01	3.085E-01	3.070E-01	3.069E-01	3.086E-01
2.270E+00	3.053E-01	5.109E-03	3.139E-01	3.039E-01	3.060E-01	3.045E-01	3.044E-01	3.062E-01
2.280E+00	3.028E-01	5.285E-03	3.116E-01	3.013E-01	3.036E-01	3.021E-01	3.020E-01	3.037E-01
2.290E+00	3.004E-01	5.461E-03	3.094E-01	2.987E-01	3.012E-01	2.997E-01	2.995E-01	3.013E-01
2.300E+00	2.980E-01	5.637E-03	3.071E-01	2.961E-01	2.987E-01	2.972E-01	2.971E-01	2.989E-01
2.310E+00	2.956E-01	5.812E-03	3.049E-01	2.935E-01	2.963E-01	2.948E-01	2.947E-01	2.965E-01
2.320E+00	2.932E-01	5.988E-03	3.027E-01	2.909E-01	2.939E-01	2.925E-01	2.923E-01	2.940E-01
2.330E+00	2.908E-01	6.163E-03	3.005E-01	2.884E-01	2.915E-01	2.901E-01	2.899E-01	2.917E-01
2.340E+00	2.884E-01	6.337E-03	2.983E-01	2.858E-01	2.891E-01	2.877E-01	2.875E-01	2.893E-01
2.350E+00	2.860E-01	6.511E-03	2.961E-01	2.833E-01	2.867E-01	2.853E-01	2.852E-01	2.869E-01
2.360E+00	2.837E-01	6.685E-03	2.939E-01	2.807E-01	2.844E-01	2.830E-01	2.828E-01	2.845E-01
2.370E+00	2.813E-01	6.858E-03	2.918E-01	2.782E-01	2.820E-01	2.806E-01	2.805E-01	2.822E-01
2.380E+00	2.790E-01	7.030E-03	2.896E-01	2.757E-01	2.797E-01	2.783E-01	2.781E-01	2.799E-01
2.390E+00	2.767E-01	7.202E-03	2.874E-01	2.732E-01	2.773E-01	2.760E-01	2.758E-01	2.775E-01
2.400E+00	2.743E-01	7.373E-03	2.853E-01	2.707E-01	2.750E-01	2.737E-01	2.735E-01	2.752E-01
2.410E+00	2.720E-01	7.543E-03	2.832E-01	2.682E-01	2.727E-01	2.714E-01	2.712E-01	2.729E-01
2.420E+00	2.697E-01	7.713E-03	2.810E-01	2.658E-01	2.704E-01	2.691E-01	2.689E-01	2.706E-01
2.430E+00	2.674E-01	7.881E-03	2.789E-01	2.633E-01	2.681E-01	2.668E-01	2.666E-01	2.683E-01
2.440E+00	2.652E-01	8.049E-03	2.768E-01	2.609E-01	2.658E-01	2.645E-01	2.643E-01	2.660E-01
2.450E+00	2.629E-01	8.215E-03	2.747E-01	2.584E-01	2.635E-01	2.623E-01	2.620E-01	2.638E-01
2.460E+00	2.606E-01	8.381E-03	2.726E-01	2.560E-01	2.612E-01	2.600E-01	2.598E-01	2.615E-01
2.470E+00	2.584E-01	8.546E-03	2.706E-01	2.536E-01	2.590E-01	2.578E-01	2.575E-01	2.593E-01
2.480E+00	2.562E-01	8.710E-03	2.685E-01	2.512E-01	2.568E-01	2.556E-01	2.553E-01	2.570E-01
2.490E+00	2.539E-01	8.872E-03	2.664E-01	2.488E-01	2.545E-01	2.533E-01	2.531E-01	2.548E-01
2.500E+00	2.517E-01	9.034E-03	2.644E-01	2.464E-01	2.523E-01	2.511E-01	2.509E-01	2.526E-01
2.510E+00	2.495E-01	9.194E-03	2.624E-01	2.441E-01	2.501E-01	2.489E-01	2.487E-01	2.504E-01
2.520E+00	2.473E-01	9.353E-03	2.603E-01	2.417E-01	2.479E-01	2.468E-01	2.465E-01	2.482E-01
2.530E+00	2.451E-01	9.511E-03	2.583E-01	2.394E-01	2.457E-01	2.446E-01	2.443E-01	2.460E-01
2.540E+00	2.430E-01	9.668E-03	2.563E-01	2.371E-01	2.435E-01	2.424E-01	2.421E-01	2.438E-01
2.550E+00	2.408E-01	9.824E-03	2.543E-01	2.348E-01	2.414E-01	2.403E-01	2.400E-01	2.417E-01
2.560E+00	2.387E-01	9.978E-03	2.523E-01	2.325E-01	2.392E-01	2.381E-01	2.378E-01	2.395E-01
2.570E+00	2.365E-01	1.013E-02	2.503E-01	2.302E-01	2.371E-01	2.360E-01	2.357E-01	2.374E-01
2.580E+00	2.344E-01	1.028E-02	2.484E-01	2.279E-01	2.350E-01	2.339E-01	2.336E-01	2.353E-01
2.590E+00	2.323E-01	1.043E-02	2.464E-01	2.256E-01	2.328E-01	2.318E-01	2.315E-01	2.332E-01
2.600E+00	2.302E-01	1.058E-02	2.444E-01	2.234E-01	2.307E-01	2.297E-01	2.294E-01	2.311E-01
2.610E+00	2.281E-01	1.073E-02	2.425E-01	2.211E-01	2.286E-01	2.276E-01	2.273E-01	2.290E-01
2.620E+00	2.260E-01	1.087E-02	2.406E-01	2.189E-01	2.265E-01	2.255E-01	2.252E-01	2.269E-01
2.630E+00	2.240E-01	1.102E-02	2.387E-01	2.167E-01	2.245E-01	2.235E-01	2.231E-01	2.248E-01
2.640E+00	2.219E-01	1.116E-02	2.367E-01	2.145E-01	2.224E-01	2.214E-01	2.211E-01	2.228E-01
2.650E+00	2.199E-01	1.130E-02	2.348E-01	2.123E-01	2.204E-01	2.194E-01	2.190E-01	2.207E-01
2.660E+00	2.178E-01	1.144E-02	2.330E-01	2.102E-01	2.183E-01	2.174E-01	2.170E-01	2.187E-01
2.670E+00	2.158E-01	1.158E-02	2.311E-01	2.080E-01	2.163E-01	2.154E-01	2.150E-01	2.167E-01
2.680E+00	2.138E-01	1.172E-02	2.292E-01	2.058E-01	2.143E-01	2.134E-01	2.130E-01	2.147E-01
2.690E+00	2.118E-01	1.185E-02	2.273E-01	2.037E-01	2.123E-01	2.114E-01	2.110E-01	2.127E-01
2.700E+00	2.098E-01	1.198E-02	2.255E-01	2.016E-01	2.103E-01	2.094E-01	2.090E-01	2.107E-01
2.710E+00	2.079E-01	1.212E-02	2.236E-01	1.995E-01	2.083E-01	2.074E-01	2.070E-01	2.087E-01
2.720E+00	2.059E-01	1.225E-02	2.218E-01	1.974E-01	2.064E-01	2.055E-01	2.051E-01	2.067E-01
2.730E+00	2.040E-01	1.237E-02	2.200E-01	1.953E-01	2.044E-01	2.035E-01	2.031E-01	2.048E-01
2.740E+00	2.020E-01	1.250E-02	2.182E-01	1.933E-01	2.025E-01	2.016E-01	2.012E-01	2.029E-01
2.750E+00	2.001E-01	1.263E-02	2.164E-01	1.912E-01	2.005E-01	1.997E-01	1.993E-01	2.009E-01
2.760E+00	1.982E-01	1.275E-02	2.146E-01	1.892E-01	1.986E-01	1.978E-01	1.974E-01	1.990E-01
2.770E+00	1.963E-01	1.287E-02	2.128E-01	1.871E-01	1.967E-01	1.959E-01	1.955E-01	1.971E-01
2.780E+00	1.944E-01	1.299E-02	2.110E-01	1.851E-01	1.948E-01	1.940E-01	1.936E-01	1.952E-01
2.790E+00	1.925E-01	1.311E-02	2.093E-01	1.831E-01	1.929E-01	1.921E-01	1.917E-01	1.933E-01
2.800E+00	1.907E-01	1.322E-02	2.075E-01	1.811E-01	1.911E-01	1.903E-01	1.898E-01	1.915E-01
2.810E+00	1.888E-01	1.334E-02	2.058E-01	1.792E-01	1.892E-01	1.884E-01	1.880E-01	1.896E-01
2.820E+00	1.870E-01	1.345E-02	2.041E-01	1.772E-01	1.873E-01	1.866E-01	1.861E-01	1.878E-01
2.830E+00	1.851E-01	1.356E-02	2.023E-01	1.753E-01	1.855E-01	1.847E-01	1.843E-01	1.859E-01
2.840E+00	1.833E-01	1.367E-02	2.006E-01	1.733E-01	1.837E-01	1.829E-01	1.825E-01	1.841E-01
2.850E+00	1.815E-01	1.378E-02	1.989E-01	1.714E-01	1.819E-01	1.811E-01	1.807E-01	1.823E-01
2.860E+00	1.797E-01	1.388E-02	1.972E-01	1.695E-01	1.801E-01	1.793E-01	1.789E-01	1.805E-01
2.870E+00	1.779E-01	1.399E-02	1.955E-01	1.676E-01	1.783E-01	1.776E-01	1.771E-01	1.787E-01
2.880E+00	1.762E-01	1.409E-02	1.939E-01	1.658E-01	1.765E-01	1.758E-01	1.754E-01	1.770E-01
2.890E+00	1.744E-01	1.419E-02	1.922E-01	1.639E-01	1.747E-01	1.741E-01	1.736E-01	1.752E-01
2.900E+00	1.727E-01	1.428E-02	1.906E-01	1.620E-01	1.730E-01	1.723E-01	1.719E-01	1.735E-01
2.910E+00	1.709E-01	1.438E-02	1.889E-01	1.602E-01	1.713E-01	1.706E-01	1.701E-01	1.717E-01
2.920E+00	1.692E-01	1.447E-02	1.873E-01	1.584E-01	1.695E-01	1.689E-01	1.684E-01	1.700E-01
2.930E+00	1.675E-01	1.457E-02	1.857E-01	1.566E-01	1.678E-01	1.672E-01	1.667E-01	1.683E-01
2.940E+00	1.658E-01	1.466E-02	1.841E-01	1.548E-01	1.661E-01	1.655E-01	1.650E-01	1.666E-01
2.950E+00	1.641E-01	1.474E-02	1.825E-01	1.530E-01	1.644E-01	1.638E-01	1.633E-01	1.649E-01
2.960E+00	1.624E-01	1.483E-02	1.809E-01	1.513E-01	1.627E-01	1.621E-01	1.617E-01	1.632E-01
2.970E+00	1.608E-01	1.492E-02	1.793E-01	1.495E-01	1.611E-01	1.605E-01	1.600E-01	1.615E-01
2.980E+00	1.591E-01	1.500E-02	1.777E-01	1.478E-01	1.594E-01	1.588E-01	1.583E-01	1.599E-01
2.990E+00	1.575E-01	1.508E-02	1.761E-01	1.460E-01	1.578E-01	1.572E-01	1.567E-01	1.582E-01
3.000E+00	1.558E-01	1.516E-02	1.746E-01	1.443E-01	1.561E-01	1.555E-01	1.551E-01	1.566E-01
