5.000E-02	3.430E-09	9.824E-12	3.439E-09	3.421E-09	3.434E-09	3.427E-09	3.429E-09	3.432E-09	3.430E-09	3.430E-09
1.500E-01	3.379E-09	9.411E-12	3.388E-09	3.371E-09	3.383E-09	3.376E-09	3.378E-09	3.381E-09	3.379E-09	3.379E-09
2.500E-01	3.280E-09	8.624E-12	3.288E-09	3.273E-09	3.284E-09	3.277E-09	3.279E-09	3.282E-09	3.280E-09	3.280E-09
3.500E-01	3.138E-09	7.540E-12	3.144E-09	3.131E-09	3.141E-09	3.135E-09	3.136E-09	3.139E-09	3.138E-09	3.138E-09
4.500E-01	2.958E-09	6.262E-12	2.963E-09	2.952E-09	2.961E-09	2.955E-09	2.957E-09	2.959E-09	2.958E-09	2.958E-09
5.500E-01	2.749E-09	4.914E-12	2.753E-09	2.745E-09	2.751E-09	2.746E-09	2.748E-09	2.750E-09	2.749E-09	2.749E-09
6.500E-01	2.519E-09	3.641E-12	2.521E-09	2.516E-09	2.521E-09	2.516E-09	2.518E-09	2.519E-09	2.519E-09	2.519E-09
7.500E-01	2.276E-09	2.615E-12	2.278E-09	2.275E-09	2.279E-09	2.274E-09	2.276E-09	2.277E-09	2.276E-09	2.276E-09
8.500E-01	2.031E-09	2.040E-12	2.031E-09	2.030E-09	2.033E-09	2.029E-09	2.030E-09	2.031E-09	2.031E-09	2.031E-09
9.500E-01	1.788E-09	1.984E-12	1.787E-09	1.789E-09	1.790E-09	1.786E-09	1.788E-09	1.788E-09	1.788E-09	1.788E-09
1.050E+00	1.556E-09	2.194E-12	1.554E-09	1.557E-09	1.557E-09	1.554E-09	1.556E-09	1.556E-09	1.556E-09	1.556E-09
1.150E+00	1.338E-09	2.395E-12	1.336E-09	1.340E-09	1.339E-09	1.337E-09	1.338E-09	1.338E-09	1.338E-09	1.338E-09
1.250E+00	1.138E-09	2.474E-12	1.136E-09	1.141E-09	1.139E-09	1.137E-09	1.138E-09	1.138E-09	1.138E-09	1.138E-09
1.350E+00	9.590E-10	2.411E-12	9.567E-10	9.612E-10	9.599E-10	9.581E-10	9.591E-10	9.589E-10	9.590E-10	9.590E-10
1.450E+00	8.006E-10	2.224E-12	7.985E-10	8.026E-10	8.013E-10	7.998E-10	8.007E-10	8.004E-10	8.006E-10	8.006E-10
1.550E+00	6.630E-10	1.952E-12	6.611E-10	6.648E-10	6.636E-10	6.624E-10	6.631E-10	6.628E-10	6.630E-10	6.630E-10
1.650E+00	5.453E-10	1.626E-12	5.437E-10	5.468E-10	5.458E-10	5.448E-10	5.454E-10	5.451E-10	5.453E-10	5.453E-10
1.750E+00	4.459E-10	1.283E-12	4.447E-10	4.471E-10	4.463E-10	4.455E-10	4.460E-10	4.457E-10	4.459E-10	4.459E-10
1.850E+00	3.630E-10	9.506E-13	3.621E-10	3.639E-10	3.633E-10	3.627E-10	3.631E-10	3.628E-10	3.630E-10	3.630E-10
1.950E+00	2.945E-10	6.527E-13	2.939E-10	2.951E-10	2.948E-10	2.942E-10	2.946E-10	2.944E-10	2.945E-10	2.945E-10
2.050E+00	2.385E-10	4.027E-13	2.382E-10	2.389E-10	2.387E-10	2.383E-10	2.387E-10	2.384E-10	2.385E-10	2.385E-10
2.150E+00	1.932E-10	2.211E-13	1.931E-10	1.933E-10	1.934E-10	1.930E-10	1.933E-10	1.931E-10	1.932E-10	1.932E-10
2.250E+00	1.565E-10	1.804E-13	1.566E-10	1.565E-10	1.567E-10	1.564E-10	1.566E-10	1.564E-10	1.565E-10	1.565E-10
2.350E+00	1.271E-10	2.470E-13	1.273E-10	1.269E-10	1.272E-10	1.270E-10	1.272E-10	1.270E-10	1.271E-10	1.271E-10
2.450E+00	1.036E-10	3.198E-13	1.039E-10	1.033E-10	1.036E-10	1.035E-10	1.036E-10	1.035E-10	1.036E-10	1.036E-10
2.550E+00	8.473E-11	3.723E-13	8.509E-11	8.437E-11	8.480E-11	8.466E-11	8.479E-11	8.467E-11	8.473E-11	8.473E-11
2.650E+00	6.968E-11	4.033E-13	7.008E-11	6.928E-11	6.973E-11	6.963E-11	6.973E-11	6.963E-11	6.968E-11	6.968E-11
2.750E+00	5.764E-11	4.162E-13	5.805E-11	5.722E-11	5.768E-11	5.759E-11	5.768E-11	5.760E-11	5.764E-11	5.764E-11
2.850E+00	4.798E-11	4.122E-13	4.839E-11	4.757E-11	4.801E-11	4.794E-11	4.801E-11	4.794E-11	4.798E-11	4.798E-11
2.950E+00	4.019E-11	4.043E-13	4.060E-11	3.979E-11	4.022E-11	4.017E-11	4.022E-11	4.017E-11	4.019E-11	4.019E-11
3.050E+00	3.390E-11	3.865E-13	3.428E-11	3.351E-11	3.392E-11	3.388E-11	3.392E-11	3.388E-11	3.390E-11	3.390E-11
3.150E+00	2.878E-11	3.644E-13	2.914E-11	2.842E-11	2.880E-11	2.876E-11	2.880E-11	2.876E-11	2.878E-11	2.878E-11
3.250E+00	2.459E-11	3.399E-13	2.493E-11	2.425E-11	2.461E-11	2.458E-11	2.461E-11	2.458E-11	2.459E-11	2.459E-11
3.350E+00	2.115E-11	3.146E-13	2.147E-11	2.084E-11	2.117E-11	2.114E-11	2.117E-11	2.114E-11	2.115E-11	2.115E-11
3.450E+00	1.831E-11	2.899E-13	1.860E-11	1.802E-11	1.832E-11	1.830E-11	1.832E-11	1.830E-11	1.831E-11	1.831E-11
3.550E+00	1.595E-11	2.667E-13	1.621E-11	1.568E-11	1.596E-11	1.594E-11	1.596E-11	1.594E-11	1.595E-11	1.595E-11
3.650E+00	1.397E-11	2.456E-13	1.422E-11	1.373E-11	1.398E-11	1.397E-11	1.398E-11	1.397E-11	1.397E-11	1.397E-11
3.750E+00	1.231E-11	2.267E-13	1.254E-11	1.209E-11	1.232E-11	1.231E-11	1.232E-11	1.231E-11	1.231E-11	1.231E-11
3.850E+00	1.278E-11	2.667E-13	1.305E-11	1.251E-11	1.279E-11	1.277E-11	1.278E-11	1.278E-11	1.278E-11	1.278E-11
3.950E+00	9.683E-12	1.936E-13	9.877E-12	9.490E-12	9.689E-12	9.677E-12	9.688E-12	9.678E-12	9.683E-12	9.683E-12
4.050E+00	8.620E-12	1.781E-13	8.798E-12	8.442E-12	8.625E-12	8.614E-12	8.624E-12	8.615E-12	8.620E-12	8.620E-12
4.150E+00	7.683E-12	1.624E-13	7.845E-12	7.521E-12	7.687E-12	7.678E-12	7.687E-12	7.679E-12	7.683E-12	7.683E-12
4.250E+00	6.856E-12	1.464E-13	7.003E-12	6.710E-12	6.860E-12	6.852E-12	6.860E-12	6.852E-12	6.856E-12	6.856E-12
4.350E+00	6.134E-12	1.307E-13	6.265E-12	6.004E-12	6.138E-12	6.131E-12	6.138E-12	6.131E-12	6.134E-12	6.134E-12
4.450E+00	5.519E-12	1.162E-13	5.635E-12	5.403E-12	5.523E-12	5.516E-12	5.523E-12	5.516E-12	5.519E-12	5.519E-12
4.550E+00	5.012E-12	1.045E-13	5.116E-12	4.908E-12	5.015E-12	5.009E-12	5.015E-12	5.009E-12	5.012E-12	5.012E-12
4.650E+00	4.608E-12	9.648E-14	4.704E-12	4.511E-12	4.610E-12	4.605E-12	4.610E-12	4.605E-12	4.608E-12	4.608E-12
4.750E+00	4.289E-12	9.262E-14	4.382E-12	4.197E-12	4.292E-12	4.287E-12	4.292E-12	4.287E-12	4.289E-12	4.289E-12
4.850E+00	4.029E-12	9.222E-14	4.121E-12	3.937E-12	4.031E-12	4.026E-12	4.030E-12	4.027E-12	4.029E-12	4.029E-12
4.950E+00	3.788E-12	9.349E-14	3.881E-12	3.694E-12	3.790E-12	3.785E-12	3.789E-12	3.787E-12	3.788E-12	3.788E-12
