5.000E-02	8.208E-11	1.761E-12	8.489E-11	8.153E-11	8.254E-11	8.162E-11	8.182E-11	8.233E-11
1.500E-01	8.093E-11	1.648E-12	8.358E-11	8.045E-11	8.138E-11	8.047E-11	8.068E-11	8.118E-11
2.500E-01	7.868E-11	1.433E-12	8.101E-11	7.832E-11	7.912E-11	7.824E-11	7.844E-11	7.892E-11
3.500E-01	7.542E-11	1.143E-12	7.731E-11	7.524E-11	7.585E-11	7.500E-11	7.521E-11	7.564E-11
4.500E-01	7.130E-11	8.154E-13	7.267E-11	7.131E-11	7.170E-11	7.089E-11	7.110E-11	7.149E-11
5.500E-01	6.646E-11	5.151E-13	6.728E-11	6.668E-11	6.684E-11	6.607E-11	6.629E-11	6.662E-11
6.500E-01	6.109E-11	3.863E-13	6.138E-11	6.150E-11	6.145E-11	6.073E-11	6.095E-11	6.122E-11
7.500E-01	5.538E-11	5.140E-13	5.519E-11	5.595E-11	5.571E-11	5.505E-11	5.527E-11	5.548E-11
8.500E-01	4.952E-11	7.053E-13	4.893E-11	5.020E-11	4.981E-11	4.922E-11	4.944E-11	4.959E-11
9.500E-01	4.367E-11	8.505E-13	4.281E-11	4.442E-11	4.394E-11	4.340E-11	4.362E-11	4.372E-11
1.050E+00	3.799E-11	9.209E-13	3.696E-11	3.874E-11	3.823E-11	3.776E-11	3.797E-11	3.802E-11
1.150E+00	3.261E-11	9.124E-13	3.153E-11	3.331E-11	3.282E-11	3.241E-11	3.260E-11	3.262E-11
1.250E+00	2.762E-11	8.325E-13	2.658E-11	2.821E-11	2.780E-11	2.745E-11	2.763E-11	2.762E-11
1.350E+00	2.309E-11	6.954E-13	2.218E-11	2.353E-11	2.325E-11	2.294E-11	2.311E-11	2.308E-11
1.450E+00	1.906E-11	5.193E-13	1.832E-11	1.933E-11	1.919E-11	1.893E-11	1.909E-11	1.903E-11
1.550E+00	1.553E-11	3.241E-13	1.500E-11	1.561E-11	1.564E-11	1.543E-11	1.556E-11	1.550E-11
1.650E+00	1.250E-11	1.379E-13	1.220E-11	1.240E-11	1.259E-11	1.242E-11	1.254E-11	1.247E-11
1.750E+00	9.946E-12	1.182E-13	9.853E-12	9.674E-12	1.002E-11	9.876E-12	9.978E-12	9.913E-12
1.850E+00	7.821E-12	2.682E-13	7.922E-12	7.401E-12	7.877E-12	7.766E-12	7.852E-12	7.791E-12
1.950E+00	6.084E-12	4.056E-13	6.347E-12	5.542E-12	6.128E-12	6.041E-12	6.112E-12	6.056E-12
2.050E+00	4.685E-12	5.131E-13	5.075E-12	4.053E-12	4.719E-12	4.651E-12	4.710E-12	4.660E-12
2.150E+00	3.574E-12	5.881E-13	4.057E-12	2.883E-12	3.600E-12	3.548E-12	3.595E-12	3.553E-12
2.250E+00	2.704E-12	6.323E-13	3.247E-12	1.984E-12	2.723E-12	2.684E-12	2.722E-12	2.686E-12
2.350E+00	2.031E-12	6.492E-13	2.605E-12	1.308E-12	2.046E-12	2.016E-12	2.046E-12	2.016E-12
2.450E+00	1.517E-12	6.434E-13	2.098E-12	8.120E-13	1.528E-12	1.506E-12	1.529E-12	1.505E-12
2.550E+00	1.128E-12	6.201E-13	1.699E-12	4.589E-13	1.136E-12	1.120E-12	1.138E-12	1.119E-12
2.650E+00	8.377E-13	5.843E-13	1.384E-12	2.153E-13	8.434E-13	8.320E-13	8.451E-13	8.303E-13
2.750E+00	6.222E-13	5.404E-13	1.135E-12	5.395E-14	6.263E-13	6.181E-13	6.279E-13	6.165E-13
2.850E+00	4.635E-13	4.922E-13	9.372E-13	-4.721E-14	4.664E-13	4.607E-13	4.679E-13	4.592E-13
2.950E+00	3.473E-13	4.429E-13	7.800E-13	-1.057E-13	3.493E-13	3.453E-13	3.506E-13	3.441E-13
3.050E+00	2.625E-13	3.945E-13	6.542E-13	-1.349E-13	2.638E-13	2.611E-13	2.649E-13	2.601E-13
3.150E+00	2.006E-13	3.489E-13	5.528E-13	-1.449E-13	2.015E-13	1.996E-13	2.024E-13	1.988E-13
3.250E+00	1.555E-13	3.069E-13	4.707E-13	-1.431E-13	1.561E-13	1.548E-13	1.568E-13	1.542E-13
3.350E+00	1.224E-13	2.691E-13	4.035E-13	-1.347E-13	1.228E-13	1.220E-13	1.234E-13	1.214E-13
3.450E+00	9.759E-14	2.354E-13	3.482E-13	-1.226E-13	9.788E-14	9.730E-14	9.831E-14	9.688E-14
3.550E+00	7.925E-14	2.059E-13	3.025E-13	-1.094E-13	7.945E-14	7.906E-14	7.978E-14	7.873E-14
3.650E+00	6.538E-14	1.803E-13	2.643E-13	-9.633E-14	6.551E-14	6.524E-14	6.577E-14	6.498E-14
3.750E+00	5.473E-14	1.582E-13	2.321E-13	-8.418E-14	5.481E-14	5.464E-14	5.502E-14	5.443E-14
3.850E+00	4.642E-14	1.391E-13	2.050E-13	-7.330E-14	4.648E-14	4.636E-14	4.665E-14	4.619E-14
3.950E+00	3.983E-14	1.228E-13	1.818E-13	-6.377E-14	3.987E-14	3.979E-14	4.001E-14	3.966E-14
4.050E+00	3.453E-14	1.088E-13	1.619E-13	-5.556E-14	3.456E-14	3.450E-14	3.467E-14	3.439E-14
4.150E+00	3.019E-14	9.695E-14	1.449E-13	-4.904E-14	3.021E-14	3.017E-14	3.031E-14	3.008E-14
4.250E+00	2.479E-14	8.632E-14	1.300E-13	-4.259E-14	2.480E-14	2.477E-14	2.493E-14	2.465E-14
4.350E+00	2.359E-14	7.734E-14	1.172E-13	-3.754E-14	2.360E-14	2.358E-14	2.366E-14	2.351E-14
4.450E+00	2.103E-14	6.956E-14	1.059E-13	-3.323E-14	2.104E-14	2.103E-14	2.110E-14	2.097E-14
4.550E+00	1.885E-14	6.278E-14	9.598E-14	-2.957E-14	1.885E-14	1.884E-14	1.890E-14	1.879E-14
4.650E+00	1.696E-14	5.684E-14	8.726E-14	-2.642E-14	1.697E-14	1.696E-14	1.701E-14	1.692E-14
4.750E+00	1.533E-14	5.163E-14	7.954E-14	-2.372E-14	1.533E-14	1.532E-14	1.537E-14	1.529E-14
4.850E+00	1.389E-14	4.704E-14	7.270E-14	-2.137E-14	1.390E-14	1.389E-14	1.393E-14	1.386E-14
4.950E+00	1.263E-14	4.298E-14	6.662E-14	-1.933E-14	1.263E-14	1.263E-14	1.266E-14	1.260E-14
