5.000E-02	1.933E-11	9.898E-14	1.943E-11	1.923E-11	1.933E-11	1.932E-11	1.931E-11	1.934E-11
1.500E-01	1.907E-11	9.442E-14	1.917E-11	1.898E-11	1.908E-11	1.907E-11	1.906E-11	1.909E-11
2.500E-01	1.858E-11	8.568E-14	1.866E-11	1.849E-11	1.858E-11	1.857E-11	1.856E-11	1.859E-11
3.500E-01	1.786E-11	7.350E-14	1.793E-11	1.779E-11	1.786E-11	1.785E-11	1.784E-11	1.787E-11
4.500E-01	1.695E-11	5.889E-14	1.700E-11	1.689E-11	1.695E-11	1.694E-11	1.693E-11	1.696E-11
5.500E-01	1.588E-11	4.306E-14	1.592E-11	1.583E-11	1.588E-11	1.587E-11	1.586E-11	1.589E-11
6.500E-01	1.468E-11	2.740E-14	1.471E-11	1.466E-11	1.469E-11	1.468E-11	1.468E-11	1.469E-11
7.500E-01	1.342E-11	1.412E-14	1.343E-11	1.341E-11	1.342E-11	1.341E-11	1.341E-11	1.342E-11
8.500E-01	1.211E-11	1.056E-14	1.210E-11	1.211E-11	1.212E-11	1.210E-11	1.210E-11	1.212E-11
9.500E-01	1.080E-11	1.791E-14	1.079E-11	1.082E-11	1.081E-11	1.079E-11	1.080E-11	1.081E-11
1.050E+00	9.524E-12	2.537E-14	9.500E-12	9.548E-12	9.532E-12	9.517E-12	9.521E-12	9.528E-12
1.150E+00	8.306E-12	3.050E-14	8.276E-12	8.335E-12	8.314E-12	8.299E-12	8.304E-12	8.309E-12
1.250E+00	7.168E-12	3.301E-14	7.136E-12	7.200E-12	7.176E-12	7.161E-12	7.167E-12	7.169E-12
1.350E+00	6.125E-12	3.313E-14	6.092E-12	6.156E-12	6.132E-12	6.117E-12	6.124E-12	6.125E-12
1.450E+00	5.184E-12	3.127E-14	5.153E-12	5.214E-12	5.191E-12	5.177E-12	5.184E-12	5.184E-12
1.550E+00	4.350E-12	2.791E-14	4.322E-12	4.377E-12	4.356E-12	4.344E-12	4.351E-12	4.349E-12
1.650E+00	3.621E-12	2.359E-14	3.598E-12	3.644E-12	3.627E-12	3.616E-12	3.622E-12	3.620E-12
1.750E+00	2.994E-12	1.879E-14	2.975E-12	3.012E-12	2.999E-12	2.988E-12	2.995E-12	2.993E-12
1.850E+00	2.460E-12	1.393E-14	2.446E-12	2.473E-12	2.464E-12	2.455E-12	2.461E-12	2.458E-12
1.950E+00	2.011E-12	9.381E-15	2.002E-12	2.019E-12	2.015E-12	2.007E-12	2.012E-12	2.009E-12
2.050E+00	1.637E-12	5.528E-15	1.633E-12	1.641E-12	1.640E-12	1.634E-12	1.638E-12	1.636E-12
2.150E+00	1.329E-12	3.171E-15	1.328E-12	1.329E-12	1.332E-12	1.326E-12	1.330E-12	1.328E-12
2.250E+00	1.077E-12	3.615E-15	1.080E-12	1.075E-12	1.080E-12	1.075E-12	1.078E-12	1.076E-12
2.350E+00	8.727E-13	5.259E-15	8.774E-13	8.679E-13	8.748E-13	8.706E-13	8.735E-13	8.719E-13
2.450E+00	7.076E-13	6.714E-15	7.139E-13	7.011E-13	7.093E-13	7.058E-13	7.083E-13	7.069E-13
2.550E+00	5.748E-13	7.746E-15	5.823E-13	5.672E-13	5.763E-13	5.734E-13	5.754E-13	5.742E-13
2.650E+00	4.684E-13	8.364E-15	4.766E-13	4.601E-13	4.696E-13	4.672E-13	4.689E-13	4.679E-13
2.750E+00	3.833E-13	8.630E-15	3.918E-13	3.747E-13	3.843E-13	3.823E-13	3.837E-13	3.829E-13
2.850E+00	3.152E-13	8.621E-15	3.237E-13	3.066E-13	3.160E-13	3.144E-13	3.156E-13	3.149E-13
2.950E+00	2.607E-13	8.407E-15	2.690E-13	2.523E-13	2.614E-13	2.600E-13	2.610E-13	2.604E-13
3.050E+00	2.170E-13	8.050E-15	2.249E-13	2.089E-13	2.175E-13	2.164E-13	2.172E-13	2.167E-13
3.150E+00	1.818E-13	7.604E-15	1.893E-13	1.741E-13	1.822E-13	1.813E-13	1.820E-13	1.816E-13
3.250E+00	1.533E-13	7.094E-15	1.604E-13	1.462E-13	1.537E-13	1.529E-13	1.535E-13	1.532E-13
3.350E+00	1.302E-13	6.574E-15	1.368E-13	1.236E-13	1.305E-13	1.299E-13	1.304E-13	1.301E-13
3.450E+00	1.113E-13	6.062E-15	1.174E-13	1.053E-13	1.116E-13	1.111E-13	1.114E-13	1.112E-13
3.550E+00	9.582E-14	5.560E-15	1.014E-13	9.025E-14	9.604E-14	9.560E-14	9.591E-14	9.573E-14
3.650E+00	8.299E-14	5.085E-15	8.806E-14	7.790E-14	8.318E-14	8.280E-14	8.307E-14	8.291E-14
3.750E+00	7.230E-14	4.641E-15	7.694E-14	6.766E-14	7.246E-14	7.214E-14	7.237E-14	7.224E-14
3.850E+00	6.335E-14	4.232E-15	6.758E-14	5.912E-14	6.349E-14	6.321E-14	6.340E-14	6.329E-14
3.950E+00	5.580E-14	3.858E-15	5.965E-14	5.194E-14	5.592E-14	5.568E-14	5.584E-14	5.575E-14
4.050E+00	4.938E-14	3.517E-15	5.291E-14	4.587E-14	4.949E-14	4.928E-14	4.942E-14	4.934E-14
4.150E+00	4.391E-14	3.209E-15	4.712E-14	4.071E-14	4.400E-14	4.382E-14	4.394E-14	4.387E-14
4.250E+00	3.884E-14	2.903E-15	4.175E-14	3.595E-14	3.892E-14	3.876E-14	3.887E-14	3.881E-14
4.350E+00	3.514E-14	2.679E-15	3.784E-14	3.248E-14	3.521E-14	3.507E-14	3.517E-14	3.512E-14
4.450E+00	3.162E-14	2.453E-15	3.409E-14	2.918E-14	3.168E-14	3.156E-14	3.164E-14	3.160E-14
4.550E+00	2.855E-14	2.249E-15	3.081E-14	2.631E-14	2.860E-14	2.849E-14	2.857E-14	2.853E-14
4.650E+00	2.585E-14	2.065E-15	2.793E-14	2.380E-14	2.590E-14	2.580E-14	2.587E-14	2.583E-14
4.750E+00	2.348E-14	1.899E-15	2.540E-14	2.160E-14	2.353E-14	2.344E-14	2.350E-14	2.347E-14
4.850E+00	2.139E-14	1.750E-15	2.316E-14	1.966E-14	2.143E-14	2.135E-14	2.141E-14	2.138E-14
4.950E+00	1.954E-14	1.615E-15	2.117E-14	1.794E-14	1.957E-14	1.950E-14	1.955E-14	1.953E-14
