5.000E-02	1.681E-10	4.477E-12	1.729E-10	1.640E-10	1.685E-10	1.677E-10	1.678E-10	1.684E-10
1.500E-01	1.658E-10	4.288E-12	1.704E-10	1.619E-10	1.662E-10	1.654E-10	1.655E-10	1.661E-10
2.500E-01	1.613E-10	3.925E-12	1.655E-10	1.577E-10	1.617E-10	1.609E-10	1.610E-10	1.616E-10
3.500E-01	1.548E-10	3.420E-12	1.584E-10	1.517E-10	1.552E-10	1.544E-10	1.545E-10	1.551E-10
4.500E-01	1.466E-10	2.812E-12	1.495E-10	1.440E-10	1.469E-10	1.462E-10	1.463E-10	1.468E-10
5.500E-01	1.369E-10	2.149E-12	1.391E-10	1.349E-10	1.372E-10	1.366E-10	1.367E-10	1.371E-10
6.500E-01	1.262E-10	1.482E-12	1.277E-10	1.248E-10	1.265E-10	1.259E-10	1.260E-10	1.264E-10
7.500E-01	1.148E-10	8.614E-13	1.156E-10	1.140E-10	1.151E-10	1.145E-10	1.147E-10	1.150E-10
8.500E-01	1.031E-10	3.694E-13	1.033E-10	1.029E-10	1.034E-10	1.029E-10	1.030E-10	1.032E-10
9.500E-01	9.148E-11	3.473E-13	9.118E-11	9.165E-11	9.173E-11	9.124E-11	9.141E-11	9.156E-11
1.050E+00	8.016E-11	6.317E-13	7.949E-11	8.067E-11	8.038E-11	7.994E-11	8.012E-11	8.021E-11
1.150E+00	6.942E-11	8.500E-13	6.850E-11	7.016E-11	6.962E-11	6.922E-11	6.940E-11	6.944E-11
1.250E+00	5.944E-11	9.669E-13	5.840E-11	6.030E-11	5.961E-11	5.926E-11	5.944E-11	5.944E-11
1.350E+00	5.034E-11	9.892E-13	4.928E-11	5.124E-11	5.049E-11	5.019E-11	5.035E-11	5.033E-11
1.450E+00	4.220E-11	9.334E-13	4.121E-11	4.306E-11	4.233E-11	4.207E-11	4.222E-11	4.218E-11
1.550E+00	3.504E-11	8.199E-13	3.418E-11	3.580E-11	3.515E-11	3.493E-11	3.507E-11	3.501E-11
1.650E+00	2.884E-11	6.692E-13	2.814E-11	2.946E-11	2.893E-11	2.874E-11	2.887E-11	2.880E-11
1.750E+00	2.354E-11	5.007E-13	2.302E-11	2.401E-11	2.362E-11	2.347E-11	2.358E-11	2.351E-11
1.850E+00	1.909E-11	3.305E-13	1.875E-11	1.939E-11	1.915E-11	1.902E-11	1.912E-11	1.905E-11
1.950E+00	1.538E-11	1.728E-13	1.521E-11	1.553E-11	1.544E-11	1.533E-11	1.542E-11	1.535E-11
2.050E+00	1.234E-11	5.553E-14	1.231E-11	1.235E-11	1.238E-11	1.230E-11	1.237E-11	1.231E-11
2.150E+00	9.861E-12	1.103E-13	9.953E-12	9.750E-12	9.896E-12	9.826E-12	9.887E-12	9.835E-12
2.250E+00	7.863E-12	1.990E-13	8.050E-12	7.658E-12	7.891E-12	7.835E-12	7.886E-12	7.840E-12
2.350E+00	6.265E-12	2.673E-13	6.522E-12	5.990E-12	6.288E-12	6.243E-12	6.285E-12	6.246E-12
2.450E+00	4.995E-12	3.139E-13	5.298E-12	4.672E-12	5.013E-12	4.978E-12	5.012E-12	4.979E-12
2.550E+00	3.991E-12	3.415E-13	4.321E-12	3.639E-12	4.005E-12	3.977E-12	4.004E-12	3.977E-12
2.650E+00	3.199E-12	3.532E-13	3.542E-12	2.836E-12	3.210E-12	3.188E-12	3.211E-12	3.188E-12
2.750E+00	2.577E-12	3.525E-13	2.919E-12	2.215E-12	2.586E-12	2.568E-12	2.586E-12	2.568E-12
2.850E+00	2.088E-12	3.427E-13	2.421E-12	1.736E-12	2.095E-12	2.081E-12	2.095E-12	2.080E-12
2.950E+00	1.703E-12	3.266E-13	2.021E-12	1.368E-12	1.709E-12	1.697E-12	1.709E-12	1.697E-12
3.050E+00	1.400E-12	3.065E-13	1.699E-12	1.086E-12	1.404E-12	1.395E-12	1.404E-12	1.395E-12
3.150E+00	1.159E-12	2.843E-13	1.438E-12	8.692E-13	1.163E-12	1.156E-12	1.163E-12	1.155E-12
3.250E+00	9.681E-13	2.613E-13	1.225E-12	7.024E-13	9.710E-13	9.652E-13	9.714E-13	9.649E-13
3.350E+00	8.153E-13	2.386E-13	1.050E-12	5.732E-13	8.177E-13	8.130E-13	8.180E-13	8.127E-13
3.450E+00	6.918E-13	2.171E-13	9.069E-13	4.728E-13	6.937E-13	6.898E-13	6.939E-13	6.896E-13
3.550E+00	5.916E-13	1.967E-13	7.875E-13	3.941E-13	5.933E-13	5.900E-13	5.934E-13	5.899E-13
3.650E+00	5.097E-13	1.779E-13	6.877E-13	3.319E-13	5.111E-13	5.083E-13	5.112E-13	5.082E-13
3.750E+00	4.421E-13	1.608E-13	6.038E-13	2.822E-13	4.433E-13	4.410E-13	4.433E-13	4.409E-13
3.850E+00	3.859E-13	1.453E-13	5.327E-13	2.422E-13	3.869E-13	3.849E-13	3.870E-13	3.849E-13
3.950E+00	3.389E-13	1.314E-13	4.722E-13	2.095E-13	3.397E-13	3.380E-13	3.397E-13	3.380E-13
4.050E+00	2.992E-13	1.189E-13	4.204E-13	1.827E-13	2.999E-13	2.984E-13	2.999E-13	2.984E-13
4.150E+00	2.654E-13	1.077E-13	3.758E-13	1.604E-13	2.660E-13	2.648E-13	2.661E-13	2.648E-13
4.250E+00	2.328E-13	9.779E-14	3.372E-13	1.416E-13	2.333E-13	2.322E-13	2.334E-13	2.322E-13
4.350E+00	2.117E-13	8.892E-14	3.036E-13	1.258E-13	2.122E-13	2.112E-13	2.122E-13	2.112E-13
4.450E+00	1.902E-13	8.101E-14	2.743E-13	1.122E-13	1.907E-13	1.898E-13	1.906E-13	1.898E-13
4.550E+00	1.715E-13	7.394E-14	2.485E-13	1.006E-13	1.719E-13	1.711E-13	1.719E-13	1.712E-13
4.650E+00	1.552E-13	6.763E-14	2.258E-13	9.057E-14	1.555E-13	1.548E-13	1.555E-13	1.549E-13
4.750E+00	1.408E-13	6.198E-14	2.058E-13	8.182E-14	1.412E-13	1.405E-13	1.411E-13	1.405E-13
4.850E+00	1.282E-13	5.692E-14	1.880E-13	7.416E-14	1.285E-13	1.279E-13	1.285E-13	1.279E-13
4.950E+00	1.170E-13	5.238E-14	1.722E-13	6.742E-14	1.172E-13	1.167E-13	1.172E-13	1.168E-13
