5.000E-02	1.760E-10	1.879E-13	1.761E-10	1.758E-10	1.760E-10	1.759E-10	1.759E-10	1.760E-10
1.500E-01	1.737E-10	1.796E-13	1.739E-10	1.736E-10	1.738E-10	1.737E-10	1.737E-10	1.738E-10
2.500E-01	1.694E-10	1.636E-13	1.696E-10	1.692E-10	1.694E-10	1.694E-10	1.694E-10	1.694E-10
3.500E-01	1.631E-10	1.415E-13	1.632E-10	1.630E-10	1.631E-10	1.631E-10	1.631E-10	1.631E-10
4.500E-01	1.551E-10	1.150E-13	1.552E-10	1.550E-10	1.551E-10	1.551E-10	1.551E-10	1.551E-10
5.500E-01	1.457E-10	8.647E-14	1.458E-10	1.457E-10	1.458E-10	1.457E-10	1.457E-10	1.458E-10
6.500E-01	1.353E-10	5.841E-14	1.354E-10	1.353E-10	1.354E-10	1.353E-10	1.353E-10	1.354E-10
7.500E-01	1.242E-10	3.440E-14	1.242E-10	1.242E-10	1.242E-10	1.242E-10	1.242E-10	1.242E-10
8.500E-01	1.128E-10	2.269E-14	1.128E-10	1.128E-10	1.128E-10	1.128E-10	1.128E-10	1.128E-10
9.500E-01	1.013E-10	2.960E-14	1.013E-10	1.013E-10	1.013E-10	1.013E-10	1.013E-10	1.013E-10
1.050E+00	9.008E-11	4.103E-14	9.004E-11	9.012E-11	9.010E-11	9.006E-11	9.007E-11	9.009E-11
1.150E+00	7.935E-11	4.958E-14	7.930E-11	7.940E-11	7.937E-11	7.933E-11	7.934E-11	7.935E-11
1.250E+00	6.928E-11	5.398E-14	6.923E-11	6.933E-11	6.930E-11	6.927E-11	6.928E-11	6.928E-11
1.350E+00	6.000E-11	5.437E-14	5.995E-11	6.006E-11	6.002E-11	5.999E-11	6.000E-11	6.000E-11
1.450E+00	5.159E-11	5.142E-14	5.154E-11	5.164E-11	5.160E-11	5.157E-11	5.159E-11	5.159E-11
1.550E+00	4.407E-11	4.595E-14	4.402E-11	4.411E-11	4.408E-11	4.405E-11	4.407E-11	4.406E-11
1.650E+00	3.743E-11	3.884E-14	3.739E-11	3.747E-11	3.744E-11	3.742E-11	3.743E-11	3.743E-11
1.750E+00	3.164E-11	3.091E-14	3.161E-11	3.167E-11	3.165E-11	3.163E-11	3.165E-11	3.164E-11
1.850E+00	2.665E-11	2.288E-14	2.663E-11	2.667E-11	2.666E-11	2.664E-11	2.665E-11	2.665E-11
1.950E+00	2.238E-11	1.539E-14	2.237E-11	2.240E-11	2.239E-11	2.238E-11	2.239E-11	2.238E-11
2.050E+00	1.876E-11	9.176E-15	1.876E-11	1.877E-11	1.877E-11	1.876E-11	1.877E-11	1.876E-11
2.150E+00	1.572E-11	5.925E-15	1.572E-11	1.572E-11	1.572E-11	1.571E-11	1.572E-11	1.571E-11
2.250E+00	1.316E-11	7.292E-15	1.317E-11	1.316E-11	1.317E-11	1.316E-11	1.317E-11	1.316E-11
2.350E+00	1.103E-11	1.027E-14	1.104E-11	1.103E-11	1.104E-11	1.103E-11	1.104E-11	1.103E-11
2.450E+00	9.266E-12	1.293E-14	9.278E-12	9.253E-12	9.269E-12	9.262E-12	9.267E-12	9.264E-12
2.550E+00	7.799E-12	1.492E-14	7.813E-12	7.784E-12	7.802E-12	7.796E-12	7.800E-12	7.797E-12
2.650E+00	6.584E-12	1.623E-14	6.600E-12	6.568E-12	6.586E-12	6.581E-12	6.585E-12	6.582E-12
2.750E+00	5.578E-12	1.694E-14	5.594E-12	5.561E-12	5.580E-12	5.576E-12	5.579E-12	5.576E-12
2.850E+00	4.744E-12	1.717E-14	4.761E-12	4.727E-12	4.745E-12	4.742E-12	4.745E-12	4.743E-12
2.950E+00	4.052E-12	1.703E-14	4.068E-12	4.035E-12	4.053E-12	4.050E-12	4.052E-12	4.051E-12
3.050E+00	3.476E-12	1.660E-14	3.492E-12	3.459E-12	3.477E-12	3.475E-12	3.477E-12	3.475E-12
3.150E+00	2.996E-12	1.598E-14	3.011E-12	2.980E-12	2.997E-12	2.995E-12	2.996E-12	2.995E-12
3.250E+00	2.593E-12	1.522E-14	2.609E-12	2.578E-12	2.594E-12	2.593E-12	2.594E-12	2.593E-12
3.350E+00	2.256E-12	1.439E-14	2.270E-12	2.241E-12	2.257E-12	2.255E-12	2.256E-12	2.255E-12
3.450E+00	1.971E-12	1.354E-14	1.985E-12	1.958E-12	1.972E-12	1.970E-12	1.972E-12	1.971E-12
3.550E+00	1.730E-12	1.267E-14	1.743E-12	1.717E-12	1.730E-12	1.729E-12	1.730E-12	1.730E-12
3.650E+00	1.525E-12	1.182E-14	1.536E-12	1.513E-12	1.525E-12	1.524E-12	1.525E-12	1.524E-12
3.750E+00	1.349E-12	1.100E-14	1.360E-12	1.338E-12	1.350E-12	1.349E-12	1.350E-12	1.349E-12
3.850E+00	1.199E-12	1.022E-14	1.209E-12	1.189E-12	1.199E-12	1.199E-12	1.199E-12	1.199E-12
3.950E+00	1.069E-12	9.478E-15	1.079E-12	1.060E-12	1.070E-12	1.069E-12	1.070E-12	1.069E-12
4.050E+00	9.571E-13	8.788E-15	9.659E-13	9.483E-13	9.574E-13	9.568E-13	9.573E-13	9.569E-13
4.150E+00	8.596E-13	8.146E-15	8.677E-13	8.514E-13	8.598E-13	8.593E-13	8.597E-13	8.594E-13
4.250E+00	7.718E-13	7.549E-15	7.793E-13	7.643E-13	7.720E-13	7.716E-13	7.719E-13	7.716E-13
4.350E+00	7.000E-13	7.003E-15	7.070E-13	6.930E-13	7.002E-13	6.998E-13	7.001E-13	6.998E-13
4.450E+00	6.345E-13	6.498E-15	6.410E-13	6.280E-13	6.347E-13	6.343E-13	6.346E-13	6.343E-13
4.550E+00	5.767E-13	6.033E-15	5.827E-13	5.706E-13	5.768E-13	5.765E-13	5.768E-13	5.766E-13
4.650E+00	5.255E-13	5.605E-15	5.311E-13	5.199E-13	5.257E-13	5.254E-13	5.256E-13	5.254E-13
4.750E+00	4.801E-13	5.213E-15	4.853E-13	4.749E-13	4.802E-13	4.799E-13	4.802E-13	4.800E-13
4.850E+00	4.396E-13	4.852E-15	4.445E-13	4.348E-13	4.397E-13	4.395E-13	4.397E-13	4.395E-13
4.950E+00	4.035E-13	4.522E-15	4.080E-13	3.989E-13	4.036E-13	4.033E-13	4.035E-13	4.034E-13
