5.000E-02	6.295E-12	5.879E-14	6.359E-12	6.244E-12	6.295E-12	6.296E-12	6.283E-12	6.308E-12
1.500E-01	6.219E-12	5.580E-14	6.279E-12	6.170E-12	6.218E-12	6.219E-12	6.206E-12	6.231E-12
2.500E-01	6.068E-12	5.008E-14	6.122E-12	6.025E-12	6.067E-12	6.069E-12	6.056E-12	6.080E-12
3.500E-01	5.849E-12	4.214E-14	5.895E-12	5.813E-12	5.847E-12	5.851E-12	5.838E-12	5.860E-12
4.500E-01	5.570E-12	3.266E-14	5.605E-12	5.543E-12	5.568E-12	5.572E-12	5.560E-12	5.580E-12
5.500E-01	5.241E-12	2.253E-14	5.265E-12	5.224E-12	5.239E-12	5.244E-12	5.232E-12	5.250E-12
6.500E-01	4.874E-12	1.301E-14	4.885E-12	4.865E-12	4.870E-12	4.877E-12	4.866E-12	4.881E-12
7.500E-01	4.479E-12	7.611E-15	4.480E-12	4.480E-12	4.475E-12	4.483E-12	4.472E-12	4.485E-12
8.500E-01	4.069E-12	1.111E-14	4.060E-12	4.077E-12	4.064E-12	4.073E-12	4.063E-12	4.074E-12
9.500E-01	3.654E-12	1.688E-14	3.638E-12	3.669E-12	3.650E-12	3.659E-12	3.650E-12	3.659E-12
1.050E+00	3.246E-12	2.141E-14	3.225E-12	3.266E-12	3.241E-12	3.251E-12	3.243E-12	3.249E-12
1.150E+00	2.853E-12	2.406E-14	2.828E-12	2.875E-12	2.848E-12	2.858E-12	2.851E-12	2.855E-12
1.250E+00	2.481E-12	2.480E-14	2.456E-12	2.504E-12	2.476E-12	2.487E-12	2.480E-12	2.483E-12
1.350E+00	2.137E-12	2.380E-14	2.112E-12	2.158E-12	2.131E-12	2.142E-12	2.136E-12	2.137E-12
1.450E+00	1.822E-12	2.138E-14	1.800E-12	1.842E-12	1.817E-12	1.827E-12	1.822E-12	1.823E-12
1.550E+00	1.540E-12	1.791E-14	1.521E-12	1.556E-12	1.535E-12	1.545E-12	1.540E-12	1.540E-12
1.650E+00	1.291E-12	1.381E-14	1.276E-12	1.303E-12	1.286E-12	1.295E-12	1.291E-12	1.290E-12
1.750E+00	1.073E-12	9.501E-15	1.064E-12	1.081E-12	1.069E-12	1.077E-12	1.074E-12	1.073E-12
1.850E+00	8.862E-13	5.516E-15	8.811E-13	8.894E-13	8.827E-13	8.898E-13	8.869E-13	8.855E-13
1.950E+00	7.271E-13	3.244E-15	7.263E-13	7.263E-13	7.240E-13	7.303E-13	7.279E-13	7.264E-13
2.050E+00	5.934E-13	4.696E-15	5.964E-13	5.889E-13	5.906E-13	5.961E-13	5.941E-13	5.926E-13
2.150E+00	4.821E-13	7.274E-15	4.883E-13	4.746E-13	4.797E-13	4.845E-13	4.828E-13	4.814E-13
2.250E+00	3.903E-13	9.544E-15	3.991E-13	3.804E-13	3.883E-13	3.924E-13	3.910E-13	3.897E-13
2.350E+00	3.153E-13	1.127E-14	3.259E-13	3.037E-13	3.136E-13	3.171E-13	3.159E-13	3.148E-13
2.450E+00	2.545E-13	1.244E-14	2.663E-13	2.416E-13	2.530E-13	2.559E-13	2.550E-13	2.539E-13
2.550E+00	2.054E-13	1.310E-14	2.180E-13	1.919E-13	2.042E-13	2.066E-13	2.058E-13	2.049E-13
2.650E+00	1.660E-13	1.332E-14	1.788E-13	1.523E-13	1.650E-13	1.669E-13	1.663E-13	1.656E-13
2.750E+00	1.344E-13	1.319E-14	1.473E-13	1.209E-13	1.336E-13	1.352E-13	1.348E-13	1.341E-13
2.850E+00	1.093E-13	1.278E-14	1.218E-13	9.625E-14	1.087E-13	1.100E-13	1.096E-13	1.090E-13
2.950E+00	8.929E-14	1.218E-14	1.012E-13	7.688E-14	8.875E-14	8.983E-14	8.951E-14	8.907E-14
3.050E+00	7.334E-14	1.146E-14	8.459E-14	6.170E-14	7.290E-14	7.378E-14	7.352E-14	7.316E-14
3.150E+00	6.062E-14	1.066E-14	7.112E-14	4.983E-14	6.027E-14	6.098E-14	6.077E-14	6.048E-14
3.250E+00	5.045E-14	9.829E-15	6.017E-14	4.052E-14	5.016E-14	5.074E-14	5.057E-14	5.033E-14
3.350E+00	4.228E-14	9.014E-15	5.123E-14	3.321E-14	4.204E-14	4.252E-14	4.238E-14	4.218E-14
3.450E+00	3.569E-14	8.215E-15	4.388E-14	2.745E-14	3.550E-14	3.589E-14	3.577E-14	3.561E-14
3.550E+00	3.035E-14	7.463E-15	3.782E-14	2.289E-14	3.019E-14	3.052E-14	3.042E-14	3.029E-14
3.650E+00	2.600E-14	6.764E-15	3.279E-14	1.926E-14	2.586E-14	2.613E-14	2.605E-14	2.594E-14
3.750E+00	2.242E-14	6.121E-15	2.859E-14	1.635E-14	2.231E-14	2.253E-14	2.246E-14	2.238E-14
3.850E+00	1.946E-14	5.535E-15	2.506E-14	1.399E-14	1.937E-14	1.956E-14	1.950E-14	1.942E-14
3.950E+00	1.700E-14	5.006E-15	2.208E-14	1.207E-14	1.692E-14	1.708E-14	1.703E-14	1.697E-14
4.050E+00	1.493E-14	4.530E-15	1.955E-14	1.049E-14	1.486E-14	1.500E-14	1.496E-14	1.490E-14
4.150E+00	1.312E-14	4.126E-15	1.738E-14	9.133E-15	1.306E-14	1.318E-14	1.314E-14	1.310E-14
4.250E+00	1.170E-14	3.671E-15	1.542E-14	8.082E-15	1.165E-14	1.175E-14	1.172E-14	1.168E-14
4.350E+00	1.043E-14	3.380E-15	1.392E-14	7.156E-15	1.039E-14	1.048E-14	1.045E-14	1.042E-14
4.450E+00	9.341E-15	3.075E-15	1.252E-14	6.369E-15	9.301E-15	9.381E-15	9.355E-15	9.327E-15
4.550E+00	8.396E-15	2.804E-15	1.130E-14	5.695E-15	8.361E-15	8.431E-15	8.408E-15	8.384E-15
4.650E+00	7.574E-15	2.560E-15	1.024E-14	5.115E-15	7.543E-15	7.605E-15	7.584E-15	7.563E-15
4.750E+00	6.855E-15	2.343E-15	9.297E-15	4.611E-15	6.827E-15	6.883E-15	6.864E-15	6.846E-15
4.850E+00	6.224E-15	2.148E-15	8.468E-15	4.171E-15	6.199E-15	6.248E-15	6.232E-15	6.216E-15
4.950E+00	5.667E-15	1.974E-15	7.733E-15	3.786E-15	5.644E-15	5.689E-15	5.674E-15	5.660E-15
