5.000E-02	2.378E-10	8.612E-13	2.386E-10	2.370E-10	2.380E-10	2.375E-10	2.376E-10	2.379E-10
1.500E-01	2.343E-10	8.098E-13	2.351E-10	2.336E-10	2.345E-10	2.340E-10	2.341E-10	2.344E-10
2.500E-01	2.274E-10	7.125E-13	2.281E-10	2.268E-10	2.276E-10	2.272E-10	2.273E-10	2.275E-10
3.500E-01	2.175E-10	5.806E-13	2.180E-10	2.170E-10	2.177E-10	2.172E-10	2.174E-10	2.176E-10
4.500E-01	2.049E-10	4.315E-13	2.053E-10	2.046E-10	2.051E-10	2.046E-10	2.048E-10	2.050E-10
5.500E-01	1.901E-10	2.940E-13	1.903E-10	1.900E-10	1.904E-10	1.899E-10	1.901E-10	1.902E-10
6.500E-01	1.738E-10	2.251E-13	1.738E-10	1.738E-10	1.740E-10	1.736E-10	1.737E-10	1.739E-10
7.500E-01	1.565E-10	2.666E-13	1.563E-10	1.566E-10	1.567E-10	1.563E-10	1.564E-10	1.565E-10
8.500E-01	1.387E-10	3.536E-13	1.384E-10	1.390E-10	1.389E-10	1.385E-10	1.387E-10	1.387E-10
9.500E-01	1.210E-10	4.294E-13	1.206E-10	1.214E-10	1.212E-10	1.208E-10	1.210E-10	1.210E-10
1.050E+00	1.039E-10	4.747E-13	1.035E-10	1.044E-10	1.041E-10	1.038E-10	1.039E-10	1.040E-10
1.150E+00	8.784E-11	4.844E-13	8.737E-11	8.828E-11	8.799E-11	8.768E-11	8.783E-11	8.784E-11
1.250E+00	7.300E-11	4.600E-13	7.255E-11	7.343E-11	7.314E-11	7.286E-11	7.301E-11	7.299E-11
1.350E+00	5.964E-11	4.067E-13	5.924E-11	6.002E-11	5.976E-11	5.952E-11	5.965E-11	5.963E-11
1.450E+00	4.787E-11	3.322E-13	4.754E-11	4.817E-11	4.798E-11	4.776E-11	4.789E-11	4.786E-11
1.550E+00	3.772E-11	2.453E-13	3.748E-11	3.793E-11	3.781E-11	3.763E-11	3.773E-11	3.770E-11
1.650E+00	2.914E-11	1.558E-13	2.900E-11	2.927E-11	2.922E-11	2.907E-11	2.916E-11	2.913E-11
1.750E+00	2.205E-11	7.859E-14	2.200E-11	2.208E-11	2.211E-11	2.199E-11	2.206E-11	2.203E-11
1.850E+00	1.630E-11	6.500E-14	1.633E-11	1.626E-11	1.635E-11	1.625E-11	1.632E-11	1.629E-11
1.950E+00	1.175E-11	1.157E-13	1.185E-11	1.164E-11	1.179E-11	1.171E-11	1.176E-11	1.174E-11
2.050E+00	8.221E-12	1.661E-13	8.380E-12	8.054E-12	8.252E-12	8.191E-12	8.232E-12	8.211E-12
2.150E+00	5.549E-12	2.037E-13	5.747E-12	5.343E-12	5.572E-12	5.526E-12	5.558E-12	5.540E-12
2.250E+00	3.576E-12	2.271E-13	3.799E-12	3.346E-12	3.592E-12	3.559E-12	3.583E-12	3.568E-12
2.350E+00	2.158E-12	2.374E-13	2.392E-12	1.918E-12	2.169E-12	2.146E-12	2.163E-12	2.152E-12
2.450E+00	1.170E-12	2.366E-13	1.404E-12	9.310E-13	1.177E-12	1.162E-12	1.174E-12	1.166E-12
2.550E+00	5.068E-13	2.271E-13	7.318E-13	2.778E-13	5.116E-13	5.020E-13	5.097E-13	5.039E-13
2.650E+00	8.184E-14	2.115E-13	2.918E-13	-1.312E-13	8.452E-14	7.917E-14	8.383E-14	7.985E-14
2.750E+00	-1.737E-13	1.921E-13	1.731E-14	-3.669E-13	-1.725E-13	-1.748E-13	-1.724E-13	-1.749E-13
2.850E+00	-3.126E-13	1.708E-13	-1.425E-13	-4.841E-13	-3.124E-13	-3.128E-13	-3.118E-13	-3.133E-13
2.950E+00	-3.745E-13	1.492E-13	-2.256E-13	-5.240E-13	-3.749E-13	-3.740E-13	-3.741E-13	-3.748E-13
3.050E+00	-3.879E-13	1.284E-13	-2.595E-13	-5.164E-13	-3.887E-13	-3.872E-13	-3.878E-13	-3.881E-13
3.150E+00	-3.730E-13	1.089E-13	-2.634E-13	-4.813E-13	-3.740E-13	-3.721E-13	-3.730E-13	-3.730E-13
3.250E+00	-3.423E-13	9.214E-14	-2.496E-13	-4.339E-13	-3.433E-13	-3.413E-13	-3.424E-13	-3.421E-13
3.350E+00	-3.072E-13	7.733E-14	-2.291E-13	-3.838E-13	-3.082E-13	-3.062E-13	-3.074E-13	-3.070E-13
3.450E+00	-2.703E-13	6.466E-14	-2.047E-13	-3.340E-13	-2.712E-13	-2.694E-13	-2.704E-13	-2.701E-13
3.550E+00	-2.354E-13	5.404E-14	-1.804E-13	-2.884E-13	-2.362E-13	-2.345E-13	-2.355E-13	-2.352E-13
3.650E+00	-2.039E-13	4.524E-14	-1.576E-13	-2.481E-13	-2.046E-13	-2.032E-13	-2.041E-13	-2.037E-13
3.750E+00	-1.764E-13	3.803E-14	-1.373E-13	-2.134E-13	-1.770E-13	-1.758E-13	-1.766E-13	-1.763E-13
3.850E+00	-1.528E-13	3.215E-14	-1.196E-13	-1.839E-13	-1.533E-13	-1.523E-13	-1.529E-13	-1.527E-13
3.950E+00	-1.328E-13	2.737E-14	-1.044E-13	-1.592E-13	-1.332E-13	-1.323E-13	-1.329E-13	-1.327E-13
4.050E+00	-1.158E-13	2.347E-14	-9.146E-14	-1.384E-13	-1.163E-13	-1.154E-13	-1.159E-13	-1.157E-13
4.150E+00	-1.016E-13	2.028E-14	-8.043E-14	-1.210E-13	-1.019E-13	-1.012E-13	-1.017E-13	-1.015E-13
4.250E+00	-9.420E-14	1.466E-14	-7.706E-14	-1.064E-13	-9.447E-14	-9.393E-14	-9.424E-14	-9.415E-14
