5.000E-02	2.067E-09	2.504E-12	2.069E-09	2.064E-09	2.067E-09	2.067E-09	2.067E-09	2.066E-09
1.500E-01	2.034E-09	2.344E-12	2.036E-09	2.031E-09	2.034E-09	2.033E-09	2.034E-09	2.033E-09
2.500E-01	1.969E-09	2.043E-12	1.971E-09	1.967E-09	1.969E-09	1.968E-09	1.969E-09	1.968E-09
3.500E-01	1.875E-09	1.633E-12	1.877E-09	1.874E-09	1.876E-09	1.875E-09	1.876E-09	1.875E-09
4.500E-01	1.758E-09	1.161E-12	1.759E-09	1.757E-09	1.759E-09	1.758E-09	1.759E-09	1.758E-09
5.500E-01	1.623E-09	6.943E-13	1.623E-09	1.622E-09	1.623E-09	1.622E-09	1.623E-09	1.623E-09
6.500E-01	1.475E-09	3.921E-13	1.475E-09	1.475E-09	1.475E-09	1.474E-09	1.475E-09	1.475E-09
7.500E-01	1.320E-09	5.257E-13	1.320E-09	1.320E-09	1.320E-09	1.320E-09	1.320E-09	1.320E-09
8.500E-01	1.164E-09	8.098E-13	1.164E-09	1.165E-09	1.165E-09	1.164E-09	1.165E-09	1.164E-09
9.500E-01	1.013E-09	1.037E-12	1.012E-09	1.014E-09	1.013E-09	1.012E-09	1.013E-09	1.013E-09
1.050E+00	8.686E-10	1.171E-12	8.675E-10	8.697E-10	8.690E-10	8.682E-10	8.686E-10	8.686E-10
1.150E+00	7.354E-10	1.210E-12	7.343E-10	7.366E-10	7.358E-10	7.350E-10	7.354E-10	7.354E-10
1.250E+00	6.151E-10	1.166E-12	6.140E-10	6.162E-10	6.154E-10	6.147E-10	6.151E-10	6.151E-10
1.350E+00	5.086E-10	1.057E-12	5.076E-10	5.095E-10	5.089E-10	5.082E-10	5.085E-10	5.086E-10
1.450E+00	4.161E-10	9.057E-13	4.153E-10	4.170E-10	4.164E-10	4.158E-10	4.161E-10	4.161E-10
1.550E+00	3.373E-10	7.320E-13	3.366E-10	3.380E-10	3.376E-10	3.370E-10	3.373E-10	3.373E-10
1.650E+00	2.712E-10	5.550E-13	2.707E-10	2.717E-10	2.714E-10	2.709E-10	2.712E-10	2.712E-10
1.750E+00	2.166E-10	3.906E-13	2.162E-10	2.169E-10	2.168E-10	2.163E-10	2.165E-10	2.166E-10
1.850E+00	1.720E-10	2.538E-13	1.718E-10	1.722E-10	1.722E-10	1.718E-10	1.720E-10	1.720E-10
1.950E+00	1.361E-10	1.646E-13	1.361E-10	1.361E-10	1.363E-10	1.359E-10	1.361E-10	1.361E-10
2.050E+00	1.075E-10	1.465E-13	1.075E-10	1.074E-10	1.076E-10	1.073E-10	1.074E-10	1.075E-10
2.150E+00	8.481E-11	1.765E-13	8.495E-11	8.467E-11	8.492E-11	8.471E-11	8.479E-11	8.483E-11
2.250E+00	6.702E-11	2.115E-13	6.722E-11	6.683E-11	6.711E-11	6.694E-11	6.701E-11	6.704E-11
2.350E+00	5.312E-11	2.363E-13	5.335E-11	5.290E-11	5.319E-11	5.305E-11	5.311E-11	5.314E-11
2.450E+00	4.229E-11	2.491E-13	4.254E-11	4.205E-11	4.235E-11	4.224E-11	4.228E-11	4.231E-11
2.550E+00	3.387E-11	2.515E-13	3.412E-11	3.362E-11	3.391E-11	3.382E-11	3.386E-11	3.388E-11
2.650E+00	2.731E-11	2.459E-13	2.755E-11	2.707E-11	2.735E-11	2.728E-11	2.730E-11	2.732E-11
2.750E+00	2.219E-11	2.347E-13	2.243E-11	2.196E-11	2.222E-11	2.217E-11	2.219E-11	2.220E-11
2.850E+00	1.819E-11	2.201E-13	1.841E-11	1.797E-11	1.821E-11	1.816E-11	1.818E-11	1.819E-11
2.950E+00	1.503E-11	2.038E-13	1.524E-11	1.483E-11	1.505E-11	1.502E-11	1.503E-11	1.504E-11
3.050E+00	1.254E-11	1.868E-13	1.272E-11	1.235E-11	1.255E-11	1.252E-11	1.253E-11	1.254E-11
3.150E+00	1.054E-11	1.701E-13	1.071E-11	1.037E-11	1.056E-11	1.053E-11	1.054E-11	1.055E-11
3.250E+00	8.939E-12	1.541E-13	9.093E-12	8.785E-12	8.950E-12	8.929E-12	8.937E-12	8.942E-12
3.350E+00	7.639E-12	1.392E-13	7.778E-12	7.500E-12	7.648E-12	7.630E-12	7.637E-12	7.641E-12
3.450E+00	6.570E-12	1.248E-13	6.695E-12	6.446E-12	6.578E-12	6.563E-12	6.569E-12	6.572E-12
3.550E+00	5.698E-12	1.132E-13	5.811E-12	5.585E-12	5.705E-12	5.692E-12	5.697E-12	5.700E-12
3.650E+00	4.969E-12	1.020E-13	5.071E-12	4.867E-12	4.975E-12	4.964E-12	4.968E-12	4.970E-12
3.750E+00	4.359E-12	9.207E-14	4.451E-12	4.267E-12	4.363E-12	4.354E-12	4.358E-12	4.360E-12
3.850E+00	3.843E-12	8.318E-14	3.926E-12	3.760E-12	3.847E-12	3.839E-12	3.843E-12	3.844E-12
3.950E+00	3.406E-12	7.526E-14	3.481E-12	3.330E-12	3.409E-12	3.402E-12	3.405E-12	3.406E-12
4.050E+00	3.031E-12	6.822E-14	3.099E-12	2.963E-12	3.034E-12	3.028E-12	3.031E-12	3.032E-12
4.150E+00	2.709E-12	6.196E-14	2.771E-12	2.647E-12	2.712E-12	2.706E-12	2.709E-12	2.710E-12
4.250E+00	2.431E-12	5.639E-14	2.487E-12	2.374E-12	2.433E-12	2.428E-12	2.430E-12	2.431E-12
4.350E+00	2.082E-12	5.157E-14	2.134E-12	2.030E-12	2.084E-12	2.080E-12	2.081E-12	2.082E-12
4.450E+00	1.977E-12	4.698E-14	2.024E-12	1.930E-12	1.979E-12	1.975E-12	1.976E-12	1.977E-12
4.550E+00	1.791E-12	4.300E-14	1.834E-12	1.748E-12	1.793E-12	1.789E-12	1.791E-12	1.791E-12
4.650E+00	1.627E-12	3.942E-14	1.667E-12	1.588E-12	1.629E-12	1.626E-12	1.627E-12	1.628E-12
4.750E+00	1.483E-12	3.621E-14	1.519E-12	1.447E-12	1.484E-12	1.481E-12	1.483E-12	1.483E-12
4.850E+00	1.355E-12	3.332E-14	1.388E-12	1.322E-12	1.356E-12	1.354E-12	1.355E-12	1.355E-12
4.950E+00	1.241E-12	3.073E-14	1.272E-12	1.211E-12	1.242E-12	1.240E-12	1.241E-12	1.241E-12
