5.000E-02	7.405E-09	4.070E-12	7.401E-09	7.409E-09	7.405E-09	7.405E-09	7.404E-09	7.405E-09
1.500E-01	7.291E-09	3.753E-12	7.287E-09	7.295E-09	7.291E-09	7.291E-09	7.291E-09	7.292E-09
2.500E-01	7.069E-09	3.155E-12	7.066E-09	7.072E-09	7.069E-09	7.069E-09	7.069E-09	7.070E-09
3.500E-01	6.750E-09	2.346E-12	6.748E-09	6.753E-09	6.750E-09	6.750E-09	6.750E-09	6.751E-09
4.500E-01	6.350E-09	1.423E-12	6.348E-09	6.351E-09	6.349E-09	6.350E-09	6.349E-09	6.350E-09
5.500E-01	5.885E-09	5.689E-13	5.885E-09	5.885E-09	5.885E-09	5.885E-09	5.885E-09	5.885E-09
6.500E-01	5.377E-09	7.010E-13	5.377E-09	5.376E-09	5.376E-09	5.377E-09	5.377E-09	5.377E-09
7.500E-01	4.844E-09	1.412E-12	4.846E-09	4.843E-09	4.844E-09	4.845E-09	4.844E-09	4.845E-09
8.500E-01	4.307E-09	1.994E-12	4.309E-09	4.305E-09	4.306E-09	4.307E-09	4.307E-09	4.307E-09
9.500E-01	3.780E-09	2.371E-12	3.783E-09	3.778E-09	3.780E-09	3.781E-09	3.780E-09	3.780E-09
1.050E+00	3.279E-09	2.533E-12	3.281E-09	3.276E-09	3.278E-09	3.279E-09	3.278E-09	3.279E-09
1.150E+00	2.812E-09	2.496E-12	2.814E-09	2.809E-09	2.811E-09	2.812E-09	2.812E-09	2.812E-09
1.250E+00	2.386E-09	2.296E-12	2.389E-09	2.384E-09	2.386E-09	2.387E-09	2.386E-09	2.386E-09
1.350E+00	2.007E-09	1.977E-12	2.009E-09	2.005E-09	2.006E-09	2.007E-09	2.007E-09	2.007E-09
1.450E+00	1.674E-09	1.588E-12	1.675E-09	1.672E-09	1.673E-09	1.674E-09	1.674E-09	1.673E-09
1.550E+00	1.386E-09	1.174E-12	1.387E-09	1.385E-09	1.385E-09	1.386E-09	1.386E-09	1.386E-09
1.650E+00	1.141E-09	7.827E-13	1.142E-09	1.140E-09	1.140E-09	1.141E-09	1.141E-09	1.141E-09
1.750E+00	9.350E-10	4.731E-13	9.352E-10	9.347E-10	9.346E-10	9.354E-10	9.350E-10	9.350E-10
1.850E+00	7.638E-10	3.649E-13	7.637E-10	7.639E-10	7.635E-10	7.642E-10	7.638E-10	7.638E-10
1.950E+00	6.228E-10	4.794E-13	6.224E-10	6.232E-10	6.225E-10	6.231E-10	6.228E-10	6.228E-10
2.050E+00	5.075E-10	6.401E-13	5.070E-10	5.081E-10	5.073E-10	5.078E-10	5.076E-10	5.075E-10
2.150E+00	4.139E-10	7.715E-13	4.132E-10	4.147E-10	4.137E-10	4.141E-10	4.140E-10	4.139E-10
2.250E+00	3.382E-10	8.605E-13	3.374E-10	3.391E-10	3.381E-10	3.384E-10	3.383E-10	3.382E-10
2.350E+00	2.772E-10	9.095E-13	2.763E-10	2.781E-10	2.771E-10	2.774E-10	2.773E-10	2.772E-10
2.450E+00	2.281E-10	9.249E-13	2.272E-10	2.290E-10	2.280E-10	2.283E-10	2.281E-10	2.281E-10
2.550E+00	1.886E-10	9.142E-13	1.877E-10	1.895E-10	1.885E-10	1.887E-10	1.886E-10	1.886E-10
2.650E+00	1.568E-10	8.845E-13	1.559E-10	1.577E-10	1.567E-10	1.569E-10	1.568E-10	1.568E-10
2.750E+00	1.311E-10	8.418E-13	1.303E-10	1.319E-10	1.310E-10	1.312E-10	1.311E-10	1.311E-10
2.850E+00	1.103E-10	7.913E-13	1.095E-10	1.111E-10	1.102E-10	1.103E-10	1.103E-10	1.103E-10
2.950E+00	9.334E-11	7.368E-13	9.260E-11	9.407E-11	9.329E-11	9.339E-11	9.334E-11	9.333E-11
3.050E+00	7.949E-11	6.812E-13	7.881E-11	8.017E-11	7.945E-11	7.953E-11	7.950E-11	7.949E-11
3.150E+00	6.812E-11	6.265E-13	6.749E-11	6.874E-11	6.808E-11	6.815E-11	6.812E-11	6.811E-11
3.250E+00	5.872E-11	5.741E-13	5.814E-11	5.929E-11	5.869E-11	5.875E-11	5.872E-11	5.871E-11
3.350E+00	5.090E-11	5.248E-13	5.038E-11	5.143E-11	5.088E-11	5.093E-11	5.091E-11	5.090E-11
3.450E+00	4.434E-11	4.773E-13	4.387E-11	4.482E-11	4.432E-11	4.436E-11	4.435E-11	4.434E-11
3.550E+00	3.887E-11	4.368E-13	3.844E-11	3.931E-11	3.886E-11	3.889E-11	3.888E-11	3.887E-11
3.650E+00	3.422E-11	3.983E-13	3.383E-11	3.462E-11	3.421E-11	3.424E-11	3.423E-11	3.422E-11
3.750E+00	3.027E-11	3.633E-13	2.991E-11	3.063E-11	3.026E-11	3.028E-11	3.027E-11	3.027E-11
3.850E+00	2.689E-11	3.316E-13	2.655E-11	2.722E-11	2.687E-11	2.690E-11	2.689E-11	2.688E-11
3.950E+00	2.398E-11	3.030E-13	2.368E-11	2.428E-11	2.397E-11	2.399E-11	2.398E-11	2.398E-11
4.050E+00	2.146E-11	2.772E-13	2.119E-11	2.174E-11	2.146E-11	2.147E-11	2.147E-11	2.146E-11
4.150E+00	1.928E-11	2.540E-13	1.903E-11	1.954E-11	1.928E-11	1.929E-11	1.928E-11	1.928E-11
4.250E+00	1.738E-11	2.330E-13	1.715E-11	1.761E-11	1.737E-11	1.739E-11	1.738E-11	1.738E-11
4.350E+00	1.543E-11	2.168E-13	1.522E-11	1.565E-11	1.543E-11	1.544E-11	1.543E-11	1.543E-11
4.450E+00	1.425E-11	1.970E-13	1.406E-11	1.445E-11	1.425E-11	1.426E-11	1.425E-11	1.425E-11
4.550E+00	1.296E-11	1.815E-13	1.278E-11	1.314E-11	1.295E-11	1.296E-11	1.296E-11	1.296E-11
4.650E+00	1.182E-11	1.675E-13	1.165E-11	1.198E-11	1.181E-11	1.182E-11	1.182E-11	1.181E-11
4.750E+00	1.080E-11	1.548E-13	1.064E-11	1.095E-11	1.079E-11	1.080E-11	1.080E-11	1.080E-11
4.850E+00	9.893E-12	1.432E-13	9.750E-12	1.004E-11	9.890E-12	9.897E-12	9.894E-12	9.893E-12
4.950E+00	9.085E-12	1.328E-13	8.953E-12	9.218E-12	9.082E-12	9.088E-12	9.085E-12	9.085E-12
