5.000E-02	5.578E+00	3.846E-05	5.578E+00	5.578E+00	5.578E+00	5.578E+00	5.578E+00	5.578E+00
1.500E-01	4.490E+00	4.124E-05	4.490E+00	4.490E+00	4.490E+00	4.490E+00	4.490E+00	4.490E+00
2.500E-01	3.608E+00	6.117E-05	3.608E+00	3.608E+00	3.608E+00	3.608E+00	3.608E+00	3.608E+00
3.500E-01	2.897E+00	1.265E-04	2.897E+00	2.897E+00	2.897E+00	2.897E+00	2.897E+00	2.897E+00
4.500E-01	2.325E+00	1.903E-04	2.325E+00	2.324E+00	2.324E+00	2.325E+00	2.325E+00	2.324E+00
5.500E-01	1.864E+00	2.388E-04	1.864E+00	1.864E+00	1.864E+00	1.864E+00	1.864E+00	1.864E+00
6.500E-01	1.494E+00	2.701E-04	1.495E+00	1.494E+00	1.494E+00	1.494E+00	1.494E+00	1.494E+00
7.500E-01	1.198E+00	2.860E-04	1.198E+00	1.197E+00	1.198E+00	1.198E+00	1.198E+00	1.198E+00
8.500E-01	9.595E-01	2.893E-04	9.598E-01	9.592E-01	9.595E-01	9.595E-01	9.595E-01	9.595E-01
9.500E-01	7.685E-01	2.830E-04	7.688E-01	7.682E-01	7.685E-01	7.685E-01	7.685E-01	7.685E-01
1.050E+00	6.154E-01	2.700E-04	6.157E-01	6.151E-01	6.154E-01	6.154E-01	6.154E-01	6.154E-01
1.150E+00	4.927E-01	2.525E-04	4.929E-01	4.924E-01	4.927E-01	4.927E-01	4.927E-01	4.927E-01
1.250E+00	3.944E-01	2.324E-04	3.946E-01	3.941E-01	3.944E-01	3.943E-01	3.944E-01	3.944E-01
1.350E+00	3.156E-01	2.111E-04	3.158E-01	3.154E-01	3.156E-01	3.156E-01	3.156E-01	3.156E-01
1.450E+00	2.525E-01	1.897E-04	2.527E-01	2.523E-01	2.525E-01	2.525E-01	2.525E-01	2.525E-01
1.550E+00	2.020E-01	1.689E-04	2.022E-01	2.019E-01	2.020E-01	2.020E-01	2.020E-01	2.020E-01
1.650E+00	1.616E-01	1.491E-04	1.618E-01	1.615E-01	1.616E-01	1.616E-01	1.616E-01	1.616E-01
1.750E+00	1.293E-01	1.308E-04	1.294E-01	1.291E-01	1.293E-01	1.292E-01	1.293E-01	1.293E-01
1.850E+00	1.034E-01	1.140E-04	1.035E-01	1.033E-01	1.034E-01	1.034E-01	1.034E-01	1.034E-01
1.950E+00	8.265E-02	9.884E-05	8.275E-02	8.255E-02	8.266E-02	8.265E-02	8.265E-02	8.265E-02
2.050E+00	6.608E-02	8.529E-05	6.617E-02	6.600E-02	6.609E-02	6.608E-02	6.608E-02	6.608E-02
2.150E+00	5.283E-02	7.328E-05	5.290E-02	5.275E-02	5.283E-02	5.282E-02	5.283E-02	5.283E-02
2.250E+00	4.223E-02	6.272E-05	4.229E-02	4.217E-02	4.223E-02	4.222E-02	4.223E-02	4.223E-02
2.350E+00	3.375E-02	5.349E-05	3.380E-02	3.370E-02	3.375E-02	3.375E-02	3.375E-02	3.375E-02
2.450E+00	2.697E-02	4.548E-05	2.702E-02	2.693E-02	2.698E-02	2.697E-02	2.697E-02	2.697E-02
2.550E+00	2.156E-02	3.856E-05	2.159E-02	2.152E-02	2.156E-02	2.155E-02	2.156E-02	2.156E-02
2.650E+00	1.722E-02	3.260E-05	1.726E-02	1.719E-02	1.723E-02	1.722E-02	1.722E-02	1.722E-02
2.750E+00	1.376E-02	2.750E-05	1.379E-02	1.373E-02	1.376E-02	1.376E-02	1.376E-02	1.376E-02
2.850E+00	1.099E-02	2.314E-05	1.102E-02	1.097E-02	1.100E-02	1.099E-02	1.099E-02	1.099E-02
2.950E+00	8.783E-03	1.943E-05	8.802E-03	8.763E-03	8.784E-03	8.782E-03	8.783E-03	8.783E-03
3.050E+00	7.016E-03	1.629E-05	7.032E-03	6.999E-03	7.017E-03	7.015E-03	7.016E-03	7.016E-03
3.150E+00	5.604E-03	1.363E-05	5.617E-03	5.590E-03	5.605E-03	5.603E-03	5.604E-03	5.604E-03
3.250E+00	4.475E-03	1.138E-05	4.487E-03	4.464E-03	4.476E-03	4.475E-03	4.475E-03	4.476E-03
3.350E+00	3.574E-03	9.493E-06	3.584E-03	3.565E-03	3.575E-03	3.574E-03	3.574E-03	3.574E-03
3.450E+00	2.854E-03	7.905E-06	2.862E-03	2.846E-03	2.855E-03	2.854E-03	2.854E-03	2.854E-03
3.550E+00	2.279E-03	6.574E-06	2.286E-03	2.273E-03	2.280E-03	2.279E-03	2.279E-03	2.279E-03
3.650E+00	1.820E-03	5.459E-06	1.825E-03	1.814E-03	1.820E-03	1.819E-03	1.820E-03	1.820E-03
3.750E+00	1.453E-03	4.528E-06	1.458E-03	1.448E-03	1.453E-03	1.453E-03	1.453E-03	1.453E-03
3.850E+00	1.160E-03	3.751E-06	1.164E-03	1.156E-03	1.160E-03	1.160E-03	1.160E-03	1.160E-03
3.950E+00	9.261E-04	3.105E-06	9.292E-04	9.230E-04	9.263E-04	9.258E-04	9.260E-04	9.261E-04
4.050E+00	7.393E-04	2.566E-06	7.418E-04	7.367E-04	7.395E-04	7.391E-04	7.392E-04	7.393E-04
4.150E+00	5.901E-04	2.120E-06	5.922E-04	5.880E-04	5.903E-04	5.899E-04	5.901E-04	5.901E-04
4.250E+00	4.710E-04	1.749E-06	4.728E-04	4.693E-04	4.711E-04	4.709E-04	4.710E-04	4.710E-04
4.350E+00	3.759E-04	1.442E-06	3.774E-04	3.745E-04	3.760E-04	3.758E-04	3.759E-04	3.759E-04
4.450E+00	3.000E-04	1.187E-06	3.012E-04	2.989E-04	3.001E-04	2.999E-04	3.000E-04	3.000E-04
4.550E+00	2.394E-04	9.773E-07	2.404E-04	2.385E-04	2.395E-04	2.394E-04	2.394E-04	2.395E-04
4.650E+00	1.911E-04	8.036E-07	1.919E-04	1.903E-04	1.911E-04	1.910E-04	1.911E-04	1.911E-04
4.750E+00	1.525E-04	6.604E-07	1.531E-04	1.518E-04	1.525E-04	1.524E-04	1.525E-04	1.525E-04
4.850E+00	1.217E-04	5.423E-07	1.222E-04	1.211E-04	1.217E-04	1.216E-04	1.217E-04	1.217E-04
4.950E+00	9.708E-05	4.450E-07	9.753E-05	9.664E-05	9.712E-05	9.705E-05	9.708E-05	9.709E-05
