5.000E-02	5.965E+00	7.346E-04	5.964E+00	5.965E+00	5.965E+00	5.964E+00	5.965E+00	5.964E+00
1.500E-01	4.774E+00	5.967E-04	4.774E+00	4.774E+00	4.773E+00	4.774E+00	4.774E+00	4.773E+00
2.500E-01	3.839E+00	1.020E-03	3.838E+00	3.840E+00	3.838E+00	3.840E+00	3.839E+00	3.839E+00
3.500E-01	3.096E+00	1.956E-03	3.094E+00	3.097E+00	3.095E+00	3.096E+00	3.096E+00	3.095E+00
4.500E-01	2.501E+00	2.847E-03	2.498E+00	2.504E+00	2.500E+00	2.501E+00	2.501E+00	2.500E+00
5.500E-01	2.023E+00	3.529E-03	2.020E+00	2.027E+00	2.023E+00	2.023E+00	2.023E+00	2.023E+00
6.500E-01	1.639E+00	3.979E-03	1.635E+00	1.643E+00	1.638E+00	1.639E+00	1.639E+00	1.638E+00
7.500E-01	1.328E+00	4.219E-03	1.324E+00	1.333E+00	1.328E+00	1.329E+00	1.329E+00	1.328E+00
8.500E-01	1.078E+00	4.289E-03	1.074E+00	1.082E+00	1.078E+00	1.078E+00	1.078E+00	1.078E+00
9.500E-01	8.753E-01	4.228E-03	8.711E-01	8.795E-01	8.753E-01	8.753E-01	8.753E-01	8.752E-01
1.050E+00	7.112E-01	4.071E-03	7.071E-01	7.153E-01	7.112E-01	7.112E-01	7.113E-01	7.112E-01
1.150E+00	5.782E-01	3.849E-03	5.744E-01	5.821E-01	5.783E-01	5.782E-01	5.783E-01	5.782E-01
1.250E+00	4.704E-01	3.585E-03	4.668E-01	4.740E-01	4.705E-01	4.703E-01	4.704E-01	4.704E-01
1.350E+00	3.828E-01	3.300E-03	3.795E-01	3.861E-01	3.829E-01	3.827E-01	3.828E-01	3.828E-01
1.450E+00	3.117E-01	3.007E-03	3.087E-01	3.147E-01	3.118E-01	3.116E-01	3.117E-01	3.117E-01
1.550E+00	2.539E-01	2.718E-03	2.512E-01	2.566E-01	2.540E-01	2.538E-01	2.539E-01	2.539E-01
1.650E+00	2.069E-01	2.438E-03	2.045E-01	2.094E-01	2.071E-01	2.068E-01	2.069E-01	2.069E-01
1.750E+00	1.687E-01	2.174E-03	1.665E-01	1.709E-01	1.688E-01	1.686E-01	1.687E-01	1.687E-01
1.850E+00	1.376E-01	1.927E-03	1.356E-01	1.395E-01	1.377E-01	1.374E-01	1.376E-01	1.376E-01
1.950E+00	1.122E-01	1.701E-03	1.105E-01	1.139E-01	1.123E-01	1.121E-01	1.122E-01	1.122E-01
2.050E+00	9.157E-02	1.495E-03	9.009E-02	9.308E-02	9.168E-02	9.147E-02	9.157E-02	9.158E-02
2.150E+00	7.475E-02	1.309E-03	7.345E-02	7.606E-02	7.484E-02	7.465E-02	7.474E-02	7.475E-02
2.250E+00	6.103E-02	1.142E-03	5.990E-02	6.218E-02	6.112E-02	6.095E-02	6.103E-02	6.104E-02
2.350E+00	4.985E-02	9.935E-04	4.886E-02	5.085E-02	4.992E-02	4.977E-02	4.984E-02	4.985E-02
2.450E+00	4.072E-02	8.620E-04	3.987E-02	4.159E-02	4.079E-02	4.065E-02	4.072E-02	4.073E-02
2.550E+00	3.327E-02	7.460E-04	3.254E-02	3.403E-02	3.334E-02	3.321E-02	3.327E-02	3.328E-02
2.650E+00	2.720E-02	6.442E-04	2.656E-02	2.784E-02	2.725E-02	2.714E-02	2.719E-02	2.720E-02
2.750E+00	2.223E-02	5.551E-04	2.169E-02	2.279E-02	2.228E-02	2.219E-02	2.223E-02	2.224E-02
2.850E+00	1.818E-02	4.774E-04	1.771E-02	1.866E-02	1.822E-02	1.814E-02	1.818E-02	1.818E-02
2.950E+00	1.487E-02	4.099E-04	1.447E-02	1.528E-02	1.491E-02	1.483E-02	1.487E-02	1.487E-02
3.050E+00	1.216E-02	3.514E-04	1.182E-02	1.252E-02	1.220E-02	1.213E-02	1.216E-02	1.217E-02
3.150E+00	9.952E-03	3.008E-04	9.657E-03	1.026E-02	9.980E-03	9.924E-03	9.950E-03	9.954E-03
3.250E+00	8.144E-03	2.571E-04	7.892E-03	8.404E-03	8.169E-03	8.120E-03	8.142E-03	8.146E-03
3.350E+00	6.666E-03	2.195E-04	6.451E-03	6.888E-03	6.687E-03	6.645E-03	6.664E-03	6.668E-03
3.450E+00	5.457E-03	1.871E-04	5.274E-03	5.646E-03	5.475E-03	5.439E-03	5.456E-03	5.459E-03
3.550E+00	4.468E-03	1.594E-04	4.312E-03	4.629E-03	4.484E-03	4.453E-03	4.467E-03	4.470E-03
3.650E+00	3.659E-03	1.356E-04	3.527E-03	3.796E-03	3.673E-03	3.646E-03	3.658E-03	3.660E-03
3.750E+00	2.997E-03	1.153E-04	2.884E-03	3.114E-03	3.009E-03	2.986E-03	2.996E-03	2.998E-03
3.850E+00	2.455E-03	9.787E-05	2.360E-03	2.554E-03	2.465E-03	2.445E-03	2.454E-03	2.456E-03
3.950E+00	2.012E-03	8.304E-05	1.931E-03	2.096E-03	2.020E-03	2.003E-03	2.011E-03	2.012E-03
4.050E+00	1.648E-03	7.040E-05	1.580E-03	1.720E-03	1.656E-03	1.641E-03	1.648E-03	1.649E-03
4.150E+00	1.351E-03	5.964E-05	1.293E-03	1.412E-03	1.357E-03	1.345E-03	1.350E-03	1.352E-03
4.250E+00	1.107E-03	5.049E-05	1.058E-03	1.159E-03	1.113E-03	1.102E-03	1.107E-03	1.108E-03
4.350E+00	9.079E-04	4.271E-05	8.663E-04	9.512E-04	9.124E-04	9.033E-04	9.074E-04	9.083E-04
4.450E+00	7.444E-04	3.611E-05	7.093E-04	7.811E-04	7.483E-04	7.405E-04	7.440E-04	7.447E-04
4.550E+00	6.104E-04	3.051E-05	5.808E-04	6.414E-04	6.137E-04	6.071E-04	6.101E-04	6.107E-04
4.650E+00	5.006E-04	2.576E-05	4.756E-04	5.268E-04	5.034E-04	4.978E-04	5.003E-04	5.009E-04
4.750E+00	4.106E-04	2.174E-05	3.895E-04	4.327E-04	4.130E-04	4.082E-04	4.104E-04	4.108E-04
4.850E+00	3.368E-04	1.834E-05	3.191E-04	3.555E-04	3.389E-04	3.348E-04	3.366E-04	3.370E-04
4.950E+00	2.764E-04	1.546E-05	2.614E-04	2.921E-04	2.781E-04	2.746E-04	2.762E-04	2.765E-04
