5.000E-02	2.470E+00	4.774E-03	2.468E+00	2.473E+00	2.466E+00	2.474E+00	2.470E+00	2.470E+00
1.500E-01	2.452E+00	4.355E-03	2.450E+00	2.453E+00	2.448E+00	2.456E+00	2.452E+00	2.452E+00
2.500E-01	2.421E+00	4.077E-03	2.421E+00	2.421E+00	2.417E+00	2.425E+00	2.421E+00	2.421E+00
3.500E-01	2.379E+00	4.047E-03	2.380E+00	2.379E+00	2.375E+00	2.383E+00	2.379E+00	2.379E+00
4.500E-01	2.328E+00	4.198E-03	2.330E+00	2.327E+00	2.324E+00	2.332E+00	2.328E+00	2.329E+00
5.500E-01	2.269E+00	4.403E-03	2.271E+00	2.267E+00	2.265E+00	2.273E+00	2.269E+00	2.270E+00
6.500E-01	2.203E+00	4.552E-03	2.206E+00	2.200E+00	2.199E+00	2.207E+00	2.203E+00	2.203E+00
7.500E-01	2.131E+00	4.581E-03	2.133E+00	2.128E+00	2.127E+00	2.134E+00	2.130E+00	2.131E+00
8.500E-01	2.053E+00	4.465E-03	2.056E+00	2.051E+00	2.050E+00	2.057E+00	2.053E+00	2.054E+00
9.500E-01	1.972E+00	4.212E-03	1.974E+00	1.970E+00	1.969E+00	1.975E+00	1.971E+00	1.973E+00
1.050E+00	1.887E+00	3.858E-03	1.889E+00	1.885E+00	1.884E+00	1.890E+00	1.886E+00	1.888E+00
1.150E+00	1.800E+00	3.477E-03	1.801E+00	1.799E+00	1.797E+00	1.803E+00	1.799E+00	1.801E+00
1.250E+00	1.712E+00	3.194E-03	1.712E+00	1.711E+00	1.709E+00	1.714E+00	1.710E+00	1.713E+00
1.350E+00	1.622E+00	3.168E-03	1.621E+00	1.623E+00	1.619E+00	1.625E+00	1.621E+00	1.623E+00
1.450E+00	1.532E+00	3.505E-03	1.531E+00	1.534E+00	1.530E+00	1.535E+00	1.531E+00	1.534E+00
1.550E+00	1.443E+00	4.177E-03	1.440E+00	1.446E+00	1.441E+00	1.446E+00	1.442E+00	1.445E+00
1.650E+00	1.355E+00	5.076E-03	1.351E+00	1.359E+00	1.353E+00	1.357E+00	1.353E+00	1.357E+00
1.750E+00	1.268E+00	6.099E-03	1.263E+00	1.274E+00	1.266E+00	1.271E+00	1.267E+00	1.270E+00
1.850E+00	1.184E+00	7.172E-03	1.177E+00	1.190E+00	1.182E+00	1.186E+00	1.182E+00	1.185E+00
1.950E+00	1.102E+00	8.246E-03	1.094E+00	1.109E+00	1.100E+00	1.104E+00	1.100E+00	1.103E+00
2.050E+00	1.022E+00	9.284E-03	1.013E+00	1.031E+00	1.020E+00	1.024E+00	1.020E+00	1.024E+00
2.150E+00	9.457E-01	1.026E-02	9.358E-01	9.557E-01	9.441E-01	9.474E-01	9.439E-01	9.475E-01
2.250E+00	8.725E-01	1.114E-02	8.617E-01	8.835E-01	8.710E-01	8.741E-01	8.707E-01	8.743E-01
2.350E+00	8.027E-01	1.193E-02	7.911E-01	8.145E-01	8.013E-01	8.042E-01	8.009E-01	8.045E-01
2.450E+00	7.365E-01	1.261E-02	7.241E-01	7.490E-01	7.352E-01	7.378E-01	7.347E-01	7.383E-01
2.550E+00	6.738E-01	1.316E-02	6.609E-01	6.869E-01	6.727E-01	6.750E-01	6.721E-01	6.756E-01
2.650E+00	6.149E-01	1.360E-02	6.015E-01	6.284E-01	6.138E-01	6.160E-01	6.132E-01	6.166E-01
2.750E+00	5.595E-01	1.391E-02	5.458E-01	5.734E-01	5.585E-01	5.605E-01	5.579E-01	5.612E-01
2.850E+00	5.078E-01	1.411E-02	4.939E-01	5.219E-01	5.069E-01	5.087E-01	5.062E-01	5.094E-01
2.950E+00	4.596E-01	1.419E-02	4.457E-01	4.738E-01	4.588E-01	4.605E-01	4.581E-01	4.612E-01
3.050E+00	4.149E-01	1.415E-02	4.010E-01	4.291E-01	4.142E-01	4.157E-01	4.135E-01	4.164E-01
3.150E+00	3.736E-01	1.402E-02	3.599E-01	3.877E-01	3.730E-01	3.743E-01	3.722E-01	3.750E-01
3.250E+00	3.355E-01	1.379E-02	3.220E-01	3.494E-01	3.349E-01	3.362E-01	3.342E-01	3.369E-01
3.350E+00	3.006E-01	1.349E-02	2.873E-01	3.142E-01	3.000E-01	3.011E-01	2.993E-01	3.018E-01
3.450E+00	2.686E-01	1.310E-02	2.557E-01	2.818E-01	2.681E-01	2.690E-01	2.674E-01	2.698E-01
3.550E+00	2.393E-01	1.266E-02	2.270E-01	2.522E-01	2.389E-01	2.398E-01	2.382E-01	2.405E-01
3.650E+00	2.128E-01	1.216E-02	2.009E-01	2.251E-01	2.124E-01	2.131E-01	2.117E-01	2.138E-01
3.750E+00	1.887E-01	1.162E-02	1.773E-01	2.005E-01	1.883E-01	1.890E-01	1.877E-01	1.896E-01
3.850E+00	1.669E-01	1.105E-02	1.561E-01	1.781E-01	1.666E-01	1.672E-01	1.660E-01	1.678E-01
3.950E+00	1.472E-01	1.045E-02	1.371E-01	1.579E-01	1.470E-01	1.475E-01	1.464E-01	1.481E-01
4.050E+00	1.296E-01	9.843E-03	1.201E-01	1.397E-01	1.294E-01	1.298E-01	1.288E-01	1.304E-01
4.150E+00	1.138E-01	9.226E-03	1.049E-01	1.233E-01	1.136E-01	1.140E-01	1.131E-01	1.145E-01
4.250E+00	9.967E-02	8.610E-03	9.135E-02	1.085E-01	9.948E-02	9.985E-02	9.902E-02	1.003E-01
4.350E+00	8.708E-02	8.001E-03	7.937E-02	9.533E-02	8.692E-02	8.724E-02	8.650E-02	8.767E-02
4.450E+00	7.591E-02	7.404E-03	6.879E-02	8.356E-02	7.577E-02	7.604E-02	7.537E-02	7.644E-02
4.550E+00	6.600E-02	6.824E-03	5.946E-02	7.308E-02	6.588E-02	6.613E-02	6.552E-02	6.649E-02
4.650E+00	5.726E-02	6.264E-03	5.127E-02	6.377E-02	5.715E-02	5.736E-02	5.683E-02	5.770E-02
4.750E+00	4.955E-02	5.728E-03	4.409E-02	5.552E-02	4.946E-02	4.964E-02	4.916E-02	4.995E-02
4.850E+00	4.278E-02	5.219E-03	3.782E-02	4.824E-02	4.271E-02	4.286E-02	4.243E-02	4.314E-02
4.950E+00	3.685E-02	4.737E-03	3.236E-02	4.182E-02	3.679E-02	3.692E-02	3.654E-02	3.717E-02
