5.000E-02	3.444E+00	6.525E-03	3.443E+00	3.444E+00	3.437E+00	3.450E+00	3.444E+00	3.444E+00
1.500E-01	3.426E+00	6.474E-03	3.426E+00	3.427E+00	3.420E+00	3.433E+00	3.426E+00	3.426E+00
2.500E-01	3.395E+00	6.417E-03	3.395E+00	3.395E+00	3.389E+00	3.401E+00	3.395E+00	3.395E+00
3.500E-01	3.351E+00	6.362E-03	3.351E+00	3.351E+00	3.344E+00	3.357E+00	3.351E+00	3.351E+00
4.500E-01	3.294E+00	6.306E-03	3.295E+00	3.294E+00	3.288E+00	3.301E+00	3.294E+00	3.294E+00
5.500E-01	3.227E+00	6.237E-03	3.228E+00	3.227E+00	3.221E+00	3.233E+00	3.227E+00	3.227E+00
6.500E-01	3.150E+00	6.148E-03	3.150E+00	3.149E+00	3.144E+00	3.156E+00	3.150E+00	3.150E+00
7.500E-01	3.064E+00	6.036E-03	3.064E+00	3.063E+00	3.058E+00	3.070E+00	3.063E+00	3.064E+00
8.500E-01	2.970E+00	5.903E-03	2.970E+00	2.969E+00	2.964E+00	2.975E+00	2.969E+00	2.970E+00
9.500E-01	2.869E+00	5.760E-03	2.869E+00	2.868E+00	2.863E+00	2.874E+00	2.868E+00	2.869E+00
1.050E+00	2.762E+00	5.627E-03	2.761E+00	2.762E+00	2.756E+00	2.767E+00	2.761E+00	2.762E+00
1.150E+00	2.650E+00	5.528E-03	2.649E+00	2.651E+00	2.644E+00	2.655E+00	2.649E+00	2.651E+00
1.250E+00	2.534E+00	5.489E-03	2.533E+00	2.536E+00	2.529E+00	2.540E+00	2.534E+00	2.535E+00
1.350E+00	2.416E+00	5.535E-03	2.414E+00	2.418E+00	2.411E+00	2.421E+00	2.415E+00	2.417E+00
1.450E+00	2.296E+00	5.682E-03	2.293E+00	2.298E+00	2.291E+00	2.301E+00	2.295E+00	2.297E+00
1.550E+00	2.174E+00	5.934E-03	2.171E+00	2.178E+00	2.170E+00	2.179E+00	2.173E+00	2.175E+00
1.650E+00	2.053E+00	6.280E-03	2.049E+00	2.057E+00	2.049E+00	2.058E+00	2.052E+00	2.054E+00
1.750E+00	1.932E+00	6.701E-03	1.927E+00	1.937E+00	1.928E+00	1.937E+00	1.931E+00	1.934E+00
1.850E+00	1.813E+00	7.174E-03	1.807E+00	1.819E+00	1.809E+00	1.817E+00	1.812E+00	1.814E+00
1.950E+00	1.696E+00	7.673E-03	1.690E+00	1.702E+00	1.692E+00	1.700E+00	1.695E+00	1.697E+00
2.050E+00	1.582E+00	8.176E-03	1.574E+00	1.589E+00	1.578E+00	1.585E+00	1.580E+00	1.583E+00
2.150E+00	1.470E+00	8.661E-03	1.462E+00	1.478E+00	1.467E+00	1.474E+00	1.469E+00	1.472E+00
2.250E+00	1.363E+00	9.113E-03	1.354E+00	1.371E+00	1.359E+00	1.366E+00	1.361E+00	1.364E+00
2.350E+00	1.259E+00	9.517E-03	1.250E+00	1.268E+00	1.256E+00	1.262E+00	1.258E+00	1.260E+00
2.450E+00	1.160E+00	9.862E-03	1.151E+00	1.169E+00	1.157E+00	1.163E+00	1.159E+00	1.161E+00
2.550E+00	1.065E+00	1.014E-02	1.056E+00	1.075E+00	1.063E+00	1.068E+00	1.064E+00	1.067E+00
2.650E+00	9.755E-01	1.035E-02	9.656E-01	9.855E-01	9.730E-01	9.781E-01	9.743E-01	9.768E-01
2.750E+00	8.907E-01	1.049E-02	8.806E-01	9.008E-01	8.883E-01	8.931E-01	8.895E-01	8.919E-01
2.850E+00	8.108E-01	1.055E-02	8.006E-01	8.211E-01	8.086E-01	8.130E-01	8.096E-01	8.120E-01
2.950E+00	7.359E-01	1.054E-02	7.256E-01	7.462E-01	7.339E-01	7.379E-01	7.347E-01	7.371E-01
3.050E+00	6.660E-01	1.046E-02	6.558E-01	6.762E-01	6.641E-01	6.678E-01	6.648E-01	6.671E-01
3.150E+00	6.009E-01	1.032E-02	5.908E-01	6.111E-01	5.992E-01	6.027E-01	5.998E-01	6.020E-01
3.250E+00	5.406E-01	1.011E-02	5.308E-01	5.506E-01	5.391E-01	5.422E-01	5.396E-01	5.417E-01
3.350E+00	4.850E-01	9.850E-03	4.754E-01	4.948E-01	4.836E-01	4.865E-01	4.840E-01	4.860E-01
3.450E+00	4.338E-01	9.542E-03	4.245E-01	4.433E-01	4.325E-01	4.352E-01	4.329E-01	4.348E-01
3.550E+00	3.870E-01	9.191E-03	3.780E-01	3.961E-01	3.858E-01	3.882E-01	3.861E-01	3.878E-01
3.650E+00	3.442E-01	8.806E-03	3.355E-01	3.529E-01	3.431E-01	3.453E-01	3.433E-01	3.450E-01
3.750E+00	3.052E-01	8.393E-03	2.970E-01	3.136E-01	3.042E-01	3.062E-01	3.045E-01	3.060E-01
3.850E+00	2.699E-01	7.958E-03	2.621E-01	2.778E-01	2.690E-01	2.708E-01	2.692E-01	2.706E-01
3.950E+00	2.380E-01	7.509E-03	2.306E-01	2.455E-01	2.372E-01	2.388E-01	2.373E-01	2.386E-01
4.050E+00	2.093E-01	7.051E-03	2.024E-01	2.163E-01	2.086E-01	2.100E-01	2.087E-01	2.099E-01
4.150E+00	1.835E-01	6.590E-03	1.770E-01	1.901E-01	1.829E-01	1.841E-01	1.829E-01	1.840E-01
4.250E+00	1.604E-01	6.131E-03	1.544E-01	1.666E-01	1.599E-01	1.610E-01	1.599E-01	1.609E-01
4.350E+00	1.399E-01	5.679E-03	1.343E-01	1.456E-01	1.394E-01	1.404E-01	1.394E-01	1.403E-01
4.450E+00	1.216E-01	5.236E-03	1.165E-01	1.269E-01	1.212E-01	1.221E-01	1.212E-01	1.220E-01
4.550E+00	1.055E-01	4.807E-03	1.008E-01	1.103E-01	1.051E-01	1.059E-01	1.051E-01	1.058E-01
4.650E+00	9.118E-02	4.395E-03	8.689E-02	9.562E-02	9.083E-02	9.153E-02	9.084E-02	9.152E-02
4.750E+00	7.862E-02	4.002E-03	7.471E-02	8.267E-02	7.831E-02	7.893E-02	7.831E-02	7.892E-02
4.850E+00	6.760E-02	3.629E-03	6.406E-02	7.128E-02	6.733E-02	6.787E-02	6.733E-02	6.787E-02
4.950E+00	5.796E-02	3.277E-03	5.477E-02	6.129E-02	5.773E-02	5.820E-02	5.772E-02	5.821E-02
