5.000E-02	2.860E+00	8.443E-03	2.856E+00	2.863E+00	2.852E+00	2.867E+00	2.860E+00	2.860E+00
1.500E-01	2.851E+00	8.090E-03	2.848E+00	2.853E+00	2.843E+00	2.858E+00	2.851E+00	2.851E+00
2.500E-01	2.833E+00	7.721E-03	2.831E+00	2.834E+00	2.825E+00	2.841E+00	2.833E+00	2.833E+00
3.500E-01	2.807E+00	7.528E-03	2.807E+00	2.807E+00	2.799E+00	2.814E+00	2.807E+00	2.807E+00
4.500E-01	2.773E+00	7.603E-03	2.774E+00	2.771E+00	2.765E+00	2.780E+00	2.773E+00	2.773E+00
5.500E-01	2.731E+00	7.933E-03	2.734E+00	2.727E+00	2.723E+00	2.738E+00	2.730E+00	2.731E+00
6.500E-01	2.681E+00	8.426E-03	2.686E+00	2.677E+00	2.674E+00	2.688E+00	2.681E+00	2.682E+00
7.500E-01	2.625E+00	8.966E-03	2.631E+00	2.619E+00	2.618E+00	2.632E+00	2.625E+00	2.625E+00
8.500E-01	2.562E+00	9.451E-03	2.569E+00	2.556E+00	2.555E+00	2.569E+00	2.562E+00	2.563E+00
9.500E-01	2.494E+00	9.804E-03	2.501E+00	2.486E+00	2.487E+00	2.500E+00	2.493E+00	2.494E+00
1.050E+00	2.420E+00	9.973E-03	2.427E+00	2.412E+00	2.413E+00	2.426E+00	2.419E+00	2.420E+00
1.150E+00	2.341E+00	9.929E-03	2.349E+00	2.333E+00	2.335E+00	2.347E+00	2.341E+00	2.342E+00
1.250E+00	2.258E+00	9.659E-03	2.266E+00	2.251E+00	2.252E+00	2.264E+00	2.258E+00	2.259E+00
1.350E+00	2.172E+00	9.166E-03	2.179E+00	2.165E+00	2.166E+00	2.178E+00	2.171E+00	2.173E+00
1.450E+00	2.083E+00	8.468E-03	2.090E+00	2.077E+00	2.078E+00	2.089E+00	2.082E+00	2.084E+00
1.550E+00	1.992E+00	7.599E-03	1.998E+00	1.987E+00	1.987E+00	1.997E+00	1.991E+00	1.993E+00
1.650E+00	1.899E+00	6.612E-03	1.904E+00	1.895E+00	1.894E+00	1.904E+00	1.898E+00	1.900E+00
1.750E+00	1.805E+00	5.596E-03	1.809E+00	1.803E+00	1.801E+00	1.810E+00	1.804E+00	1.806E+00
1.850E+00	1.711E+00	4.707E-03	1.713E+00	1.710E+00	1.707E+00	1.716E+00	1.710E+00	1.712E+00
1.950E+00	1.617E+00	4.192E-03	1.618E+00	1.618E+00	1.613E+00	1.621E+00	1.616E+00	1.618E+00
2.050E+00	1.524E+00	4.311E-03	1.523E+00	1.526E+00	1.520E+00	1.528E+00	1.523E+00	1.525E+00
2.150E+00	1.432E+00	5.075E-03	1.429E+00	1.436E+00	1.429E+00	1.436E+00	1.431E+00	1.433E+00
2.250E+00	1.342E+00	6.260E-03	1.337E+00	1.347E+00	1.338E+00	1.345E+00	1.340E+00	1.343E+00
2.350E+00	1.253E+00	7.651E-03	1.247E+00	1.261E+00	1.250E+00	1.256E+00	1.252E+00	1.255E+00
2.450E+00	1.168E+00	9.113E-03	1.159E+00	1.177E+00	1.165E+00	1.170E+00	1.166E+00	1.169E+00
2.550E+00	1.084E+00	1.057E-02	1.075E+00	1.095E+00	1.082E+00	1.087E+00	1.083E+00	1.086E+00
2.650E+00	1.004E+00	1.196E-02	9.931E-01	1.016E+00	1.002E+00	1.007E+00	1.003E+00	1.006E+00
2.750E+00	9.274E-01	1.325E-02	9.148E-01	9.408E-01	9.253E-01	9.295E-01	9.261E-01	9.287E-01
2.850E+00	8.539E-01	1.442E-02	8.401E-01	8.686E-01	8.520E-01	8.558E-01	8.526E-01	8.552E-01
2.950E+00	7.840E-01	1.545E-02	7.691E-01	7.997E-01	7.822E-01	7.857E-01	7.827E-01	7.852E-01
3.050E+00	7.177E-01	1.632E-02	7.020E-01	7.344E-01	7.161E-01	7.192E-01	7.165E-01	7.189E-01
3.150E+00	6.551E-01	1.703E-02	6.387E-01	6.725E-01	6.537E-01	6.565E-01	6.539E-01	6.563E-01
3.250E+00	5.963E-01	1.758E-02	5.793E-01	6.143E-01	5.951E-01	5.975E-01	5.951E-01	5.975E-01
3.350E+00	5.412E-01	1.796E-02	5.238E-01	5.596E-01	5.401E-01	5.423E-01	5.401E-01	5.423E-01
3.450E+00	4.898E-01	1.819E-02	4.721E-01	5.084E-01	4.888E-01	4.907E-01	4.887E-01	4.908E-01
3.550E+00	4.419E-01	1.826E-02	4.243E-01	4.607E-01	4.411E-01	4.428E-01	4.409E-01	4.430E-01
3.650E+00	3.977E-01	1.818E-02	3.800E-01	4.163E-01	3.969E-01	3.984E-01	3.967E-01	3.986E-01
3.750E+00	3.568E-01	1.797E-02	3.394E-01	3.753E-01	3.561E-01	3.574E-01	3.559E-01	3.577E-01
3.850E+00	3.192E-01	1.764E-02	3.021E-01	3.373E-01	3.186E-01	3.198E-01	3.183E-01	3.200E-01
3.950E+00	2.847E-01	1.720E-02	2.681E-01	3.025E-01	2.842E-01	2.852E-01	2.839E-01	2.855E-01
4.050E+00	2.533E-01	1.666E-02	2.372E-01	2.705E-01	2.528E-01	2.537E-01	2.525E-01	2.540E-01
4.150E+00	2.246E-01	1.604E-02	2.092E-01	2.412E-01	2.243E-01	2.250E-01	2.239E-01	2.253E-01
4.250E+00	1.987E-01	1.536E-02	1.839E-01	2.146E-01	1.984E-01	1.990E-01	1.980E-01	1.993E-01
4.350E+00	1.752E-01	1.462E-02	1.612E-01	1.904E-01	1.749E-01	1.755E-01	1.746E-01	1.758E-01
4.450E+00	1.541E-01	1.384E-02	1.408E-01	1.685E-01	1.538E-01	1.543E-01	1.535E-01	1.546E-01
4.550E+00	1.351E-01	1.304E-02	1.227E-01	1.487E-01	1.349E-01	1.353E-01	1.346E-01	1.356E-01
4.650E+00	1.181E-01	1.222E-02	1.065E-01	1.309E-01	1.180E-01	1.183E-01	1.177E-01	1.186E-01
4.750E+00	1.030E-01	1.139E-02	9.218E-02	1.149E-01	1.028E-01	1.031E-01	1.026E-01	1.034E-01
4.850E+00	8.953E-02	1.057E-02	7.953E-02	1.007E-01	8.942E-02	8.964E-02	8.914E-02	8.992E-02
4.950E+00	7.761E-02	9.767E-03	6.841E-02	8.793E-02	7.752E-02	7.770E-02	7.726E-02	7.796E-02
