5.000E-02	3.171E+00	2.372E-02	3.193E+00	3.149E+00	3.180E+00	3.162E+00	3.171E+00	3.171E+00
1.500E-01	3.147E+00	1.938E-02	3.164E+00	3.130E+00	3.156E+00	3.138E+00	3.147E+00	3.147E+00
2.500E-01	3.111E+00	1.485E-02	3.122E+00	3.099E+00	3.120E+00	3.102E+00	3.111E+00	3.112E+00
3.500E-01	3.066E+00	1.103E-02	3.071E+00	3.058E+00	3.075E+00	3.057E+00	3.066E+00	3.066E+00
4.500E-01	3.012E+00	8.806E-03	3.013E+00	3.010E+00	3.021E+00	3.004E+00	3.012E+00	3.013E+00
5.500E-01	2.952E+00	8.764E-03	2.949E+00	2.954E+00	2.961E+00	2.944E+00	2.952E+00	2.953E+00
6.500E-01	2.887E+00	1.026E-02	2.880E+00	2.892E+00	2.895E+00	2.879E+00	2.886E+00	2.887E+00
7.500E-01	2.816E+00	1.220E-02	2.806E+00	2.825E+00	2.824E+00	2.808E+00	2.815E+00	2.817E+00
8.500E-01	2.742E+00	1.397E-02	2.729E+00	2.753E+00	2.749E+00	2.734E+00	2.741E+00	2.743E+00
9.500E-01	2.664E+00	1.533E-02	2.650E+00	2.677E+00	2.671E+00	2.656E+00	2.663E+00	2.665E+00
1.050E+00	2.583E+00	1.618E-02	2.569E+00	2.598E+00	2.590E+00	2.576E+00	2.582E+00	2.584E+00
1.150E+00	2.500E+00	1.651E-02	2.485E+00	2.516E+00	2.507E+00	2.494E+00	2.499E+00	2.502E+00
1.250E+00	2.416E+00	1.632E-02	2.401E+00	2.431E+00	2.422E+00	2.409E+00	2.414E+00	2.417E+00
1.350E+00	2.330E+00	1.565E-02	2.317E+00	2.345E+00	2.336E+00	2.324E+00	2.328E+00	2.332E+00
1.450E+00	2.244E+00	1.453E-02	2.232E+00	2.258E+00	2.249E+00	2.238E+00	2.242E+00	2.246E+00
1.550E+00	2.157E+00	1.304E-02	2.147E+00	2.170E+00	2.162E+00	2.152E+00	2.155E+00	2.159E+00
1.650E+00	2.071E+00	1.123E-02	2.062E+00	2.082E+00	2.076E+00	2.066E+00	2.069E+00	2.073E+00
1.750E+00	1.984E+00	9.203E-03	1.979E+00	1.994E+00	1.989E+00	1.980E+00	1.982E+00	1.986E+00
1.850E+00	1.899E+00	7.110E-03	1.896E+00	1.906E+00	1.903E+00	1.895E+00	1.897E+00	1.901E+00
1.950E+00	1.815E+00	5.285E-03	1.814E+00	1.819E+00	1.819E+00	1.810E+00	1.812E+00	1.817E+00
2.050E+00	1.731E+00	4.501E-03	1.734E+00	1.733E+00	1.735E+00	1.728E+00	1.729E+00	1.734E+00
2.150E+00	1.650E+00	5.479E-03	1.655E+00	1.648E+00	1.653E+00	1.646E+00	1.647E+00	1.652E+00
2.250E+00	1.570E+00	7.660E-03	1.578E+00	1.565E+00	1.573E+00	1.566E+00	1.567E+00	1.572E+00
2.350E+00	1.491E+00	1.033E-02	1.503E+00	1.484E+00	1.494E+00	1.488E+00	1.489E+00	1.494E+00
2.450E+00	1.415E+00	1.317E-02	1.430E+00	1.405E+00	1.418E+00	1.412E+00	1.413E+00	1.418E+00
2.550E+00	1.341E+00	1.605E-02	1.359E+00	1.328E+00	1.343E+00	1.339E+00	1.338E+00	1.344E+00
2.650E+00	1.269E+00	1.891E-02	1.290E+00	1.253E+00	1.271E+00	1.267E+00	1.267E+00	1.272E+00
2.750E+00	1.200E+00	2.168E-02	1.224E+00	1.181E+00	1.202E+00	1.198E+00	1.197E+00	1.202E+00
2.850E+00	1.132E+00	2.433E-02	1.159E+00	1.111E+00	1.134E+00	1.131E+00	1.130E+00	1.135E+00
2.950E+00	1.068E+00	2.685E-02	1.097E+00	1.044E+00	1.069E+00	1.066E+00	1.065E+00	1.070E+00
3.050E+00	1.005E+00	2.920E-02	1.037E+00	9.791E-01	1.007E+00	1.004E+00	1.003E+00	1.008E+00
3.150E+00	9.456E-01	3.137E-02	9.796E-01	9.172E-01	9.469E-01	9.444E-01	9.430E-01	9.482E-01
3.250E+00	8.883E-01	3.335E-02	9.244E-01	8.579E-01	8.894E-01	8.872E-01	8.858E-01	8.909E-01
3.350E+00	8.335E-01	3.514E-02	8.713E-01	8.013E-01	8.344E-01	8.326E-01	8.310E-01	8.360E-01
3.450E+00	7.811E-01	3.671E-02	8.206E-01	7.474E-01	7.819E-01	7.803E-01	7.787E-01	7.836E-01
3.550E+00	7.312E-01	3.808E-02	7.721E-01	6.961E-01	7.319E-01	7.306E-01	7.288E-01	7.337E-01
3.650E+00	6.837E-01	3.924E-02	7.258E-01	6.474E-01	6.843E-01	6.832E-01	6.813E-01	6.861E-01
3.750E+00	6.386E-01	4.019E-02	6.816E-01	6.014E-01	6.390E-01	6.381E-01	6.363E-01	6.409E-01
3.850E+00	5.957E-01	4.094E-02	6.396E-01	5.578E-01	5.961E-01	5.954E-01	5.935E-01	5.980E-01
3.950E+00	5.552E-01	4.150E-02	5.996E-01	5.167E-01	5.554E-01	5.549E-01	5.530E-01	5.574E-01
4.050E+00	5.168E-01	4.186E-02	5.616E-01	4.780E-01	5.170E-01	5.166E-01	5.147E-01	5.189E-01
4.150E+00	4.805E-01	4.205E-02	5.256E-01	4.416E-01	4.807E-01	4.804E-01	4.785E-01	4.826E-01
4.250E+00	4.464E-01	4.206E-02	4.914E-01	4.074E-01	4.464E-01	4.463E-01	4.444E-01	4.484E-01
4.350E+00	4.142E-01	4.191E-02	4.591E-01	3.754E-01	4.142E-01	4.142E-01	4.122E-01	4.161E-01
4.450E+00	3.839E-01	4.161E-02	4.286E-01	3.454E-01	3.838E-01	3.839E-01	3.820E-01	3.857E-01
4.550E+00	3.554E-01	4.117E-02	3.997E-01	3.175E-01	3.554E-01	3.555E-01	3.537E-01	3.572E-01
4.650E+00	3.288E-01	4.060E-02	3.725E-01	2.914E-01	3.286E-01	3.289E-01	3.271E-01	3.305E-01
4.750E+00	3.038E-01	3.992E-02	3.469E-01	2.671E-01	3.036E-01	3.039E-01	3.022E-01	3.054E-01
4.850E+00	2.804E-01	3.913E-02	3.227E-01	2.445E-01	2.802E-01	2.806E-01	2.789E-01	2.820E-01
4.950E+00	2.586E-01	3.826E-02	3.000E-01	2.236E-01	2.584E-01	2.588E-01	2.571E-01	2.601E-01
