5.000E-02	4.106E+00	2.573E-01	4.350E+00	3.837E+00	4.124E+00	4.088E+00	4.114E+00	4.099E+00
1.500E-01	4.057E+00	2.044E-01	4.227E+00	3.820E+00	4.075E+00	4.040E+00	4.065E+00	4.050E+00
2.500E-01	3.984E+00	1.513E-01	4.089E+00	3.788E+00	4.001E+00	3.968E+00	3.992E+00	3.977E+00
3.500E-01	3.893E+00	1.020E-01	3.942E+00	3.741E+00	3.909E+00	3.878E+00	3.901E+00	3.886E+00
4.500E-01	3.788E+00	5.839E-02	3.792E+00	3.680E+00	3.802E+00	3.774E+00	3.796E+00	3.780E+00
5.500E-01	3.672E+00	2.313E-02	3.641E+00	3.605E+00	3.684E+00	3.659E+00	3.680E+00	3.663E+00
6.500E-01	3.546E+00	1.984E-02	3.490E+00	3.519E+00	3.557E+00	3.535E+00	3.555E+00	3.537E+00
7.500E-01	3.413E+00	4.199E-02	3.340E+00	3.421E+00	3.422E+00	3.404E+00	3.422E+00	3.405E+00
8.500E-01	3.275E+00	6.065E-02	3.193E+00	3.312E+00	3.283E+00	3.268E+00	3.284E+00	3.266E+00
9.500E-01	3.134E+00	7.383E-02	3.049E+00	3.195E+00	3.139E+00	3.128E+00	3.143E+00	3.124E+00
1.050E+00	2.990E+00	8.162E-02	2.908E+00	3.070E+00	2.993E+00	2.986E+00	2.999E+00	2.980E+00
1.150E+00	2.844E+00	8.440E-02	2.771E+00	2.939E+00	2.846E+00	2.842E+00	2.854E+00	2.835E+00
1.250E+00	2.699E+00	8.266E-02	2.638E+00	2.802E+00	2.700E+00	2.699E+00	2.709E+00	2.689E+00
1.350E+00	2.555E+00	7.695E-02	2.510E+00	2.662E+00	2.554E+00	2.556E+00	2.565E+00	2.545E+00
1.450E+00	2.412E+00	6.783E-02	2.385E+00	2.519E+00	2.410E+00	2.415E+00	2.422E+00	2.402E+00
1.550E+00	2.272E+00	5.594E-02	2.265E+00	2.375E+00	2.268E+00	2.276E+00	2.282E+00	2.262E+00
1.650E+00	2.136E+00	4.195E-02	2.150E+00	2.231E+00	2.130E+00	2.141E+00	2.146E+00	2.126E+00
1.750E+00	2.002E+00	2.686E-02	2.039E+00	2.087E+00	1.996E+00	2.009E+00	2.012E+00	1.993E+00
1.850E+00	1.874E+00	1.398E-02	1.932E+00	1.945E+00	1.866E+00	1.881E+00	1.883E+00	1.864E+00
1.950E+00	1.749E+00	1.747E-02	1.830E+00	1.806E+00	1.741E+00	1.757E+00	1.759E+00	1.739E+00
2.050E+00	1.629E+00	3.334E-02	1.732E+00	1.671E+00	1.620E+00	1.638E+00	1.639E+00	1.620E+00
2.150E+00	1.515E+00	5.114E-02	1.639E+00	1.540E+00	1.505E+00	1.525E+00	1.524E+00	1.505E+00
2.250E+00	1.405E+00	6.903E-02	1.550E+00	1.414E+00	1.395E+00	1.416E+00	1.415E+00	1.396E+00
2.350E+00	1.301E+00	8.641E-02	1.464E+00	1.294E+00	1.291E+00	1.312E+00	1.311E+00	1.292E+00
2.450E+00	1.203E+00	1.029E-01	1.383E+00	1.179E+00	1.192E+00	1.214E+00	1.212E+00	1.194E+00
2.550E+00	1.109E+00	1.183E-01	1.306E+00	1.071E+00	1.098E+00	1.120E+00	1.118E+00	1.101E+00
2.650E+00	1.021E+00	1.324E-01	1.232E+00	9.685E-01	1.010E+00	1.033E+00	1.030E+00	1.013E+00
2.750E+00	9.385E-01	1.451E-01	1.162E+00	8.729E-01	9.273E-01	9.497E-01	9.465E-01	9.306E-01
2.850E+00	8.608E-01	1.563E-01	1.095E+00	7.838E-01	8.497E-01	8.720E-01	8.685E-01	8.532E-01
2.950E+00	7.881E-01	1.660E-01	1.032E+00	7.012E-01	7.771E-01	7.992E-01	7.955E-01	7.808E-01
3.050E+00	7.203E-01	1.740E-01	9.720E-01	6.250E-01	7.095E-01	7.312E-01	7.273E-01	7.133E-01
3.150E+00	6.572E-01	1.805E-01	9.151E-01	5.550E-01	6.466E-01	6.679E-01	6.638E-01	6.505E-01
3.250E+00	5.985E-01	1.855E-01	8.612E-01	4.910E-01	5.882E-01	6.089E-01	6.049E-01	5.922E-01
3.350E+00	5.442E-01	1.890E-01	8.101E-01	4.328E-01	5.342E-01	5.543E-01	5.502E-01	5.382E-01
3.450E+00	4.939E-01	1.911E-01	7.617E-01	3.801E-01	4.843E-01	5.037E-01	4.996E-01	4.883E-01
3.550E+00	4.476E-01	1.920E-01	7.160E-01	3.326E-01	4.383E-01	4.569E-01	4.529E-01	4.422E-01
3.650E+00	4.049E-01	1.917E-01	6.727E-01	2.900E-01	3.960E-01	4.139E-01	4.099E-01	3.999E-01
3.750E+00	3.657E-01	1.902E-01	6.319E-01	2.519E-01	3.572E-01	3.743E-01	3.704E-01	3.610E-01
3.850E+00	3.297E-01	1.879E-01	5.933E-01	2.180E-01	3.217E-01	3.379E-01	3.342E-01	3.254E-01
3.950E+00	2.969E-01	1.846E-01	5.568E-01	1.880E-01	2.893E-01	3.046E-01	3.010E-01	2.928E-01
4.050E+00	2.668E-01	1.807E-01	5.224E-01	1.615E-01	2.597E-01	2.741E-01	2.707E-01	2.630E-01
4.150E+00	2.395E-01	1.761E-01	4.900E-01	1.382E-01	2.327E-01	2.464E-01	2.430E-01	2.359E-01
4.250E+00	2.146E-01	1.709E-01	4.594E-01	1.179E-01	2.083E-01	2.210E-01	2.179E-01	2.113E-01
4.350E+00	1.920E-01	1.654E-01	4.306E-01	1.002E-01	1.861E-01	1.980E-01	1.950E-01	1.889E-01
4.450E+00	1.715E-01	1.595E-01	4.035E-01	8.480E-02	1.660E-01	1.772E-01	1.743E-01	1.687E-01
4.550E+00	1.530E-01	1.533E-01	3.780E-01	7.153E-02	1.479E-01	1.582E-01	1.556E-01	1.504E-01
4.650E+00	1.362E-01	1.470E-01	3.540E-01	6.012E-02	1.315E-01	1.411E-01	1.387E-01	1.339E-01
4.750E+00	1.212E-01	1.406E-01	3.313E-01	5.035E-02	1.168E-01	1.257E-01	1.234E-01	1.190E-01
4.850E+00	1.076E-01	1.341E-01	3.101E-01	4.201E-02	1.035E-01	1.118E-01	1.096E-01	1.056E-01
4.950E+00	9.541E-02	1.277E-01	2.901E-01	3.492E-02	9.168E-02	9.928E-02	9.726E-02	9.360E-02
