5.000E-02	2.931E+00	1.430E-01	2.780E+00	3.064E+00	2.947E+00	2.914E+00	2.930E+00	2.932E+00
1.500E-01	2.885E+00	1.081E-01	2.759E+00	2.973E+00	2.901E+00	2.869E+00	2.883E+00	2.886E+00
2.500E-01	2.828E+00	7.784E-02	2.728E+00	2.881E+00	2.843E+00	2.812E+00	2.826E+00	2.829E+00
3.500E-01	2.763E+00	5.200E-02	2.689E+00	2.789E+00	2.778E+00	2.749E+00	2.762E+00	2.765E+00
4.500E-01	2.694E+00	3.073E-02	2.644E+00	2.698E+00	2.708E+00	2.681E+00	2.692E+00	2.696E+00
5.500E-01	2.622E+00	1.570E-02	2.593E+00	2.609E+00	2.635E+00	2.609E+00	2.620E+00	2.625E+00
6.500E-01	2.548E+00	1.442E-02	2.537E+00	2.522E+00	2.560E+00	2.535E+00	2.545E+00	2.550E+00
7.500E-01	2.471E+00	2.302E-02	2.477E+00	2.437E+00	2.483E+00	2.460E+00	2.469E+00	2.474E+00
8.500E-01	2.394E+00	3.163E-02	2.414E+00	2.355E+00	2.405E+00	2.384E+00	2.391E+00	2.397E+00
9.500E-01	2.316E+00	3.842E-02	2.348E+00	2.274E+00	2.326E+00	2.307E+00	2.313E+00	2.320E+00
1.050E+00	2.239E+00	4.320E-02	2.280E+00	2.196E+00	2.247E+00	2.230E+00	2.235E+00	2.242E+00
1.150E+00	2.161E+00	4.608E-02	2.210E+00	2.119E+00	2.169E+00	2.153E+00	2.157E+00	2.165E+00
1.250E+00	2.084E+00	4.722E-02	2.139E+00	2.046E+00	2.091E+00	2.077E+00	2.080E+00	2.088E+00
1.350E+00	2.008E+00	4.679E-02	2.066E+00	1.974E+00	2.014E+00	2.002E+00	2.003E+00	2.012E+00
1.450E+00	1.932E+00	4.498E-02	1.993E+00	1.904E+00	1.938E+00	1.927E+00	1.928E+00	1.937E+00
1.550E+00	1.858E+00	4.197E-02	1.920E+00	1.837E+00	1.863E+00	1.854E+00	1.854E+00	1.863E+00
1.650E+00	1.786E+00	3.792E-02	1.846E+00	1.772E+00	1.789E+00	1.782E+00	1.781E+00	1.791E+00
1.750E+00	1.714E+00	3.300E-02	1.773E+00	1.708E+00	1.717E+00	1.711E+00	1.710E+00	1.719E+00
1.850E+00	1.645E+00	2.737E-02	1.701E+00	1.647E+00	1.647E+00	1.642E+00	1.640E+00	1.650E+00
1.950E+00	1.577E+00	2.119E-02	1.629E+00	1.588E+00	1.578E+00	1.575E+00	1.572E+00	1.582E+00
2.050E+00	1.510E+00	1.469E-02	1.558E+00	1.531E+00	1.511E+00	1.509E+00	1.505E+00	1.516E+00
2.150E+00	1.446E+00	8.423E-03	1.488E+00	1.475E+00	1.446E+00	1.445E+00	1.441E+00	1.451E+00
2.250E+00	1.383E+00	5.525E-03	1.420E+00	1.422E+00	1.383E+00	1.383E+00	1.378E+00	1.389E+00
2.350E+00	1.322E+00	1.024E-02	1.353E+00	1.370E+00	1.322E+00	1.323E+00	1.317E+00	1.328E+00
2.450E+00	1.263E+00	1.729E-02	1.288E+00	1.320E+00	1.262E+00	1.265E+00	1.258E+00	1.269E+00
2.550E+00	1.206E+00	2.476E-02	1.224E+00	1.272E+00	1.205E+00	1.208E+00	1.201E+00	1.212E+00
2.650E+00	1.151E+00	3.230E-02	1.162E+00	1.225E+00	1.149E+00	1.153E+00	1.145E+00	1.157E+00
2.750E+00	1.098E+00	3.978E-02	1.102E+00	1.180E+00	1.095E+00	1.100E+00	1.092E+00	1.103E+00
2.850E+00	1.046E+00	4.711E-02	1.043E+00	1.137E+00	1.043E+00	1.049E+00	1.041E+00	1.052E+00
2.950E+00	9.967E-01	5.423E-02	9.870E-01	1.095E+00	9.935E-01	9.997E-01	9.911E-01	1.002E+00
3.050E+00	9.489E-01	6.110E-02	9.327E-01	1.054E+00	9.455E-01	9.523E-01	9.434E-01	9.544E-01
3.150E+00	9.029E-01	6.768E-02	8.804E-01	1.015E+00	8.992E-01	9.065E-01	8.975E-01	9.084E-01
3.250E+00	8.587E-01	7.394E-02	8.301E-01	9.774E-01	8.548E-01	8.626E-01	8.534E-01	8.641E-01
3.350E+00	8.163E-01	7.986E-02	7.819E-01	9.410E-01	8.122E-01	8.204E-01	8.110E-01	8.216E-01
3.450E+00	7.756E-01	8.542E-02	7.356E-01	9.059E-01	7.713E-01	7.798E-01	7.703E-01	7.808E-01
3.550E+00	7.365E-01	9.060E-02	6.914E-01	8.721E-01	7.321E-01	7.409E-01	7.313E-01	7.417E-01
3.650E+00	6.991E-01	9.539E-02	6.491E-01	8.394E-01	6.945E-01	7.036E-01	6.940E-01	7.042E-01
3.750E+00	6.632E-01	9.979E-02	6.088E-01	8.079E-01	6.586E-01	6.679E-01	6.582E-01	6.683E-01
3.850E+00	6.289E-01	1.038E-01	5.704E-01	7.776E-01	6.242E-01	6.336E-01	6.240E-01	6.339E-01
3.950E+00	5.961E-01	1.074E-01	5.339E-01	7.483E-01	5.913E-01	6.009E-01	5.913E-01	6.010E-01
4.050E+00	5.648E-01	1.106E-01	4.992E-01	7.201E-01	5.599E-01	5.696E-01	5.601E-01	5.695E-01
4.150E+00	5.348E-01	1.135E-01	4.663E-01	6.929E-01	5.300E-01	5.397E-01	5.302E-01	5.395E-01
4.250E+00	5.063E-01	1.159E-01	4.352E-01	6.667E-01	5.014E-01	5.112E-01	5.018E-01	5.108E-01
4.350E+00	4.790E-01	1.180E-01	4.057E-01	6.414E-01	4.742E-01	4.839E-01	4.746E-01	4.835E-01
4.450E+00	4.531E-01	1.198E-01	3.779E-01	6.171E-01	4.482E-01	4.580E-01	4.488E-01	4.574E-01
4.550E+00	4.283E-01	1.212E-01	3.516E-01	5.936E-01	4.235E-01	4.332E-01	4.242E-01	4.325E-01
4.650E+00	4.048E-01	1.223E-01	3.269E-01	5.711E-01	4.000E-01	4.096E-01	4.007E-01	4.089E-01
4.750E+00	3.824E-01	1.230E-01	3.036E-01	5.493E-01	3.776E-01	3.871E-01	3.784E-01	3.863E-01
4.850E+00	3.611E-01	1.235E-01	2.817E-01	5.284E-01	3.564E-01	3.658E-01	3.572E-01	3.649E-01
4.950E+00	3.408E-01	1.237E-01	2.611E-01	5.082E-01	3.362E-01	3.455E-01	3.371E-01	3.445E-01
