5.000E-02	3.443E+00	8.330E-03	3.440E+00	3.446E+00	3.435E+00	3.451E+00	3.443E+00	3.443E+00
1.500E-01	3.426E+00	8.007E-03	3.424E+00	3.428E+00	3.418E+00	3.434E+00	3.426E+00	3.426E+00
2.500E-01	3.397E+00	7.729E-03	3.396E+00	3.398E+00	3.389E+00	3.404E+00	3.397E+00	3.397E+00
3.500E-01	3.357E+00	7.585E-03	3.357E+00	3.357E+00	3.349E+00	3.364E+00	3.357E+00	3.357E+00
4.500E-01	3.307E+00	7.580E-03	3.309E+00	3.306E+00	3.300E+00	3.315E+00	3.307E+00	3.308E+00
5.500E-01	3.250E+00	7.670E-03	3.252E+00	3.248E+00	3.242E+00	3.257E+00	3.250E+00	3.250E+00
6.500E-01	3.184E+00	7.795E-03	3.187E+00	3.182E+00	3.177E+00	3.192E+00	3.184E+00	3.185E+00
7.500E-01	3.112E+00	7.896E-03	3.116E+00	3.109E+00	3.105E+00	3.119E+00	3.112E+00	3.113E+00
8.500E-01	3.034E+00	7.928E-03	3.038E+00	3.030E+00	3.027E+00	3.041E+00	3.034E+00	3.035E+00
9.500E-01	2.951E+00	7.863E-03	2.955E+00	2.947E+00	2.944E+00	2.958E+00	2.950E+00	2.951E+00
1.050E+00	2.863E+00	7.689E-03	2.867E+00	2.859E+00	2.856E+00	2.869E+00	2.862E+00	2.863E+00
1.150E+00	2.771E+00	7.408E-03	2.775E+00	2.767E+00	2.765E+00	2.777E+00	2.770E+00	2.772E+00
1.250E+00	2.676E+00	7.036E-03	2.679E+00	2.673E+00	2.670E+00	2.682E+00	2.675E+00	2.677E+00
1.350E+00	2.578E+00	6.604E-03	2.581E+00	2.576E+00	2.572E+00	2.584E+00	2.578E+00	2.579E+00
1.450E+00	2.479E+00	6.160E-03	2.481E+00	2.477E+00	2.473E+00	2.485E+00	2.478E+00	2.480E+00
1.550E+00	2.378E+00	5.769E-03	2.379E+00	2.377E+00	2.373E+00	2.384E+00	2.377E+00	2.379E+00
1.650E+00	2.277E+00	5.514E-03	2.276E+00	2.277E+00	2.271E+00	2.282E+00	2.275E+00	2.278E+00
1.750E+00	2.175E+00	5.475E-03	2.174E+00	2.176E+00	2.170E+00	2.180E+00	2.173E+00	2.176E+00
1.850E+00	2.073E+00	5.706E-03	2.071E+00	2.076E+00	2.068E+00	2.078E+00	2.072E+00	2.074E+00
1.950E+00	1.972E+00	6.205E-03	1.968E+00	1.976E+00	1.967E+00	1.977E+00	1.971E+00	1.974E+00
2.050E+00	1.872E+00	6.928E-03	1.867E+00	1.877E+00	1.868E+00	1.877E+00	1.871E+00	1.874E+00
2.150E+00	1.774E+00	7.810E-03	1.768E+00	1.780E+00	1.770E+00	1.778E+00	1.772E+00	1.775E+00
2.250E+00	1.677E+00	8.792E-03	1.670E+00	1.685E+00	1.673E+00	1.681E+00	1.676E+00	1.679E+00
2.350E+00	1.583E+00	9.822E-03	1.574E+00	1.592E+00	1.579E+00	1.587E+00	1.581E+00	1.584E+00
2.450E+00	1.491E+00	1.086E-02	1.481E+00	1.501E+00	1.487E+00	1.495E+00	1.489E+00	1.492E+00
2.550E+00	1.401E+00	1.189E-02	1.390E+00	1.413E+00	1.398E+00	1.405E+00	1.400E+00	1.403E+00
2.650E+00	1.315E+00	1.286E-02	1.303E+00	1.327E+00	1.312E+00	1.318E+00	1.313E+00	1.317E+00
2.750E+00	1.231E+00	1.378E-02	1.218E+00	1.245E+00	1.228E+00	1.234E+00	1.230E+00	1.233E+00
2.850E+00	1.151E+00	1.462E-02	1.137E+00	1.165E+00	1.148E+00	1.154E+00	1.149E+00	1.153E+00
2.950E+00	1.074E+00	1.538E-02	1.059E+00	1.089E+00	1.071E+00	1.076E+00	1.072E+00	1.075E+00
3.050E+00	9.998E-01	1.605E-02	9.842E-01	1.016E+00	9.974E-01	1.002E+00	9.983E-01	1.001E+00
3.150E+00	9.293E-01	1.661E-02	9.131E-01	9.459E-01	9.270E-01	9.317E-01	9.278E-01	9.309E-01
3.250E+00	8.622E-01	1.708E-02	8.455E-01	8.792E-01	8.600E-01	8.644E-01	8.607E-01	8.637E-01
3.350E+00	7.985E-01	1.744E-02	7.814E-01	8.159E-01	7.965E-01	8.005E-01	7.970E-01	8.000E-01
3.450E+00	7.381E-01	1.770E-02	7.208E-01	7.559E-01	7.363E-01	7.400E-01	7.367E-01	7.396E-01
3.550E+00	6.811E-01	1.786E-02	6.636E-01	6.990E-01	6.794E-01	6.828E-01	6.797E-01	6.825E-01
3.650E+00	6.274E-01	1.792E-02	6.098E-01	6.454E-01	6.258E-01	6.290E-01	6.260E-01	6.287E-01
3.750E+00	5.768E-01	1.789E-02	5.593E-01	5.949E-01	5.754E-01	5.783E-01	5.755E-01	5.782E-01
3.850E+00	5.295E-01	1.778E-02	5.120E-01	5.474E-01	5.281E-01	5.308E-01	5.282E-01	5.307E-01
3.950E+00	4.851E-01	1.758E-02	4.679E-01	5.029E-01	4.839E-01	4.864E-01	4.839E-01	4.863E-01
4.050E+00	4.437E-01	1.731E-02	4.267E-01	4.612E-01	4.426E-01	4.448E-01	4.425E-01	4.449E-01
4.150E+00	4.051E-01	1.697E-02	3.885E-01	4.223E-01	4.041E-01	4.062E-01	4.040E-01	4.062E-01
4.250E+00	3.693E-01	1.657E-02	3.530E-01	3.861E-01	3.683E-01	3.702E-01	3.682E-01	3.703E-01
4.350E+00	3.360E-01	1.611E-02	3.202E-01	3.524E-01	3.351E-01	3.369E-01	3.350E-01	3.370E-01
4.450E+00	3.052E-01	1.561E-02	2.900E-01	3.211E-01	3.044E-01	3.060E-01	3.043E-01	3.062E-01
4.550E+00	2.768E-01	1.507E-02	2.621E-01	2.921E-01	2.760E-01	2.775E-01	2.759E-01	2.777E-01
4.650E+00	2.506E-01	1.450E-02	2.364E-01	2.653E-01	2.499E-01	2.512E-01	2.497E-01	2.514E-01
4.750E+00	2.264E-01	1.390E-02	2.129E-01	2.406E-01	2.258E-01	2.270E-01	2.257E-01	2.272E-01
4.850E+00	2.043E-01	1.328E-02	1.914E-01	2.179E-01	2.038E-01	2.049E-01	2.036E-01	2.051E-01
4.950E+00	1.840E-01	1.265E-02	1.718E-01	1.970E-01	1.835E-01	1.845E-01	1.833E-01	1.847E-01
