5.000E-02	4.657E+00	3.519E-02	4.623E+00	4.690E+00	4.646E+00	4.668E+00	4.656E+00	4.658E+00
1.500E-01	4.618E+00	2.833E-02	4.591E+00	4.643E+00	4.607E+00	4.628E+00	4.616E+00	4.619E+00
2.500E-01	4.553E+00	2.056E-02	4.534E+00	4.570E+00	4.543E+00	4.564E+00	4.552E+00	4.555E+00
3.500E-01	4.468E+00	1.370E-02	4.457E+00	4.475E+00	4.458E+00	4.478E+00	4.466E+00	4.470E+00
4.500E-01	4.365E+00	9.978E-03	4.362E+00	4.364E+00	4.355E+00	4.374E+00	4.362E+00	4.367E+00
5.500E-01	4.246E+00	1.115E-02	4.250E+00	4.239E+00	4.237E+00	4.255E+00	4.244E+00	4.249E+00
6.500E-01	4.115E+00	1.466E-02	4.125E+00	4.102E+00	4.106E+00	4.123E+00	4.112E+00	4.117E+00
7.500E-01	3.972E+00	1.805E-02	3.987E+00	3.956E+00	3.964E+00	3.980E+00	3.969E+00	3.976E+00
8.500E-01	3.821E+00	2.049E-02	3.839E+00	3.802E+00	3.814E+00	3.829E+00	3.818E+00	3.825E+00
9.500E-01	3.663E+00	2.177E-02	3.683E+00	3.642E+00	3.656E+00	3.670E+00	3.659E+00	3.667E+00
1.050E+00	3.499E+00	2.186E-02	3.520E+00	3.479E+00	3.493E+00	3.506E+00	3.495E+00	3.504E+00
1.150E+00	3.332E+00	2.083E-02	3.352E+00	3.313E+00	3.327E+00	3.338E+00	3.328E+00	3.337E+00
1.250E+00	3.163E+00	1.880E-02	3.181E+00	3.146E+00	3.158E+00	3.168E+00	3.158E+00	3.168E+00
1.350E+00	2.993E+00	1.595E-02	3.008E+00	2.979E+00	2.988E+00	2.997E+00	2.987E+00	2.998E+00
1.450E+00	2.823E+00	1.253E-02	2.835E+00	2.814E+00	2.819E+00	2.827E+00	2.817E+00	2.828E+00
1.550E+00	2.655E+00	9.010E-03	2.663E+00	2.650E+00	2.652E+00	2.658E+00	2.649E+00	2.661E+00
1.650E+00	2.489E+00	6.622E-03	2.492E+00	2.490E+00	2.487E+00	2.492E+00	2.483E+00	2.495E+00
1.750E+00	2.327E+00	7.565E-03	2.325E+00	2.333E+00	2.325E+00	2.330E+00	2.321E+00	2.333E+00
1.850E+00	2.170E+00	1.132E-02	2.162E+00	2.181E+00	2.168E+00	2.171E+00	2.164E+00	2.176E+00
1.950E+00	2.017E+00	1.604E-02	2.004E+00	2.034E+00	2.016E+00	2.018E+00	2.011E+00	2.023E+00
2.050E+00	1.870E+00	2.100E-02	1.852E+00	1.892E+00	1.869E+00	1.871E+00	1.864E+00	1.876E+00
2.150E+00	1.729E+00	2.589E-02	1.706E+00	1.756E+00	1.728E+00	1.729E+00	1.722E+00	1.735E+00
2.250E+00	1.594E+00	3.054E-02	1.566E+00	1.626E+00	1.594E+00	1.594E+00	1.588E+00	1.600E+00
2.350E+00	1.466E+00	3.487E-02	1.434E+00	1.502E+00	1.466E+00	1.465E+00	1.459E+00	1.472E+00
2.450E+00	1.344E+00	3.878E-02	1.308E+00	1.385E+00	1.344E+00	1.344E+00	1.338E+00	1.350E+00
2.550E+00	1.229E+00	4.223E-02	1.190E+00	1.274E+00	1.230E+00	1.229E+00	1.224E+00	1.235E+00
2.650E+00	1.122E+00	4.518E-02	1.079E+00	1.169E+00	1.122E+00	1.121E+00	1.116E+00	1.127E+00
2.750E+00	1.021E+00	4.762E-02	9.760E-01	1.071E+00	1.022E+00	1.020E+00	1.015E+00	1.026E+00
2.850E+00	9.265E-01	4.954E-02	8.799E-01	9.783E-01	9.275E-01	9.255E-01	9.212E-01	9.319E-01
2.950E+00	8.389E-01	5.094E-02	7.909E-01	8.922E-01	8.400E-01	8.378E-01	8.338E-01	8.440E-01
3.050E+00	7.577E-01	5.184E-02	7.088E-01	8.120E-01	7.588E-01	7.565E-01	7.528E-01	7.626E-01
3.150E+00	6.826E-01	5.226E-02	6.334E-01	7.374E-01	6.838E-01	6.814E-01	6.780E-01	6.873E-01
3.250E+00	6.135E-01	5.225E-02	5.643E-01	6.684E-01	6.147E-01	6.123E-01	6.091E-01	6.179E-01
3.350E+00	5.500E-01	5.182E-02	5.013E-01	6.046E-01	5.513E-01	5.488E-01	5.459E-01	5.542E-01
3.450E+00	4.919E-01	5.103E-02	4.441E-01	5.458E-01	4.932E-01	4.907E-01	4.880E-01	4.959E-01
3.550E+00	4.390E-01	4.990E-02	3.923E-01	4.918E-01	4.402E-01	4.377E-01	4.353E-01	4.426E-01
3.650E+00	3.907E-01	4.849E-02	3.455E-01	4.423E-01	3.919E-01	3.896E-01	3.873E-01	3.942E-01
3.750E+00	3.470E-01	4.685E-02	3.035E-01	3.969E-01	3.482E-01	3.459E-01	3.438E-01	3.502E-01
3.850E+00	3.075E-01	4.500E-02	2.658E-01	3.556E-01	3.086E-01	3.064E-01	3.045E-01	3.104E-01
3.950E+00	2.718E-01	4.299E-02	2.322E-01	3.179E-01	2.728E-01	2.707E-01	2.691E-01	2.745E-01
4.050E+00	2.397E-01	4.086E-02	2.022E-01	2.838E-01	2.407E-01	2.387E-01	2.372E-01	2.422E-01
4.150E+00	2.109E-01	3.865E-02	1.756E-01	2.528E-01	2.118E-01	2.100E-01	2.086E-01	2.132E-01
4.250E+00	1.852E-01	3.639E-02	1.521E-01	2.248E-01	1.860E-01	1.843E-01	1.831E-01	1.873E-01
4.350E+00	1.622E-01	3.411E-02	1.314E-01	1.995E-01	1.630E-01	1.614E-01	1.603E-01	1.641E-01
4.450E+00	1.417E-01	3.183E-02	1.132E-01	1.767E-01	1.425E-01	1.410E-01	1.400E-01	1.435E-01
4.550E+00	1.236E-01	2.958E-02	9.724E-02	1.563E-01	1.243E-01	1.229E-01	1.220E-01	1.252E-01
4.650E+00	1.076E-01	2.738E-02	8.331E-02	1.380E-01	1.082E-01	1.069E-01	1.061E-01	1.090E-01
4.750E+00	9.338E-02	2.524E-02	7.118E-02	1.216E-01	9.397E-02	9.278E-02	9.210E-02	9.467E-02
4.850E+00	8.089E-02	2.318E-02	6.066E-02	1.070E-01	8.143E-02	8.035E-02	7.974E-02	8.206E-02
4.950E+00	6.992E-02	2.122E-02	5.155E-02	9.392E-02	7.042E-02	6.943E-02	6.889E-02	7.097E-02
