5.000E-02	6.373E+00	9.219E-03	6.373E+00	6.373E+00	6.364E+00	6.382E+00	6.373E+00	6.373E+00
1.500E-01	6.337E+00	9.203E-03	6.337E+00	6.337E+00	6.328E+00	6.346E+00	6.337E+00	6.337E+00
2.500E-01	6.271E+00	9.176E-03	6.271E+00	6.272E+00	6.262E+00	6.280E+00	6.271E+00	6.271E+00
3.500E-01	6.178E+00	9.133E-03	6.178E+00	6.179E+00	6.169E+00	6.188E+00	6.178E+00	6.179E+00
4.500E-01	6.061E+00	9.070E-03	6.060E+00	6.062E+00	6.052E+00	6.070E+00	6.061E+00	6.061E+00
5.500E-01	5.921E+00	8.983E-03	5.920E+00	5.922E+00	5.912E+00	5.930E+00	5.921E+00	5.921E+00
6.500E-01	5.760E+00	8.873E-03	5.760E+00	5.761E+00	5.752E+00	5.769E+00	5.760E+00	5.761E+00
7.500E-01	5.582E+00	8.742E-03	5.582E+00	5.583E+00	5.573E+00	5.591E+00	5.582E+00	5.582E+00
8.500E-01	5.388E+00	8.598E-03	5.388E+00	5.388E+00	5.379E+00	5.397E+00	5.388E+00	5.388E+00
9.500E-01	5.181E+00	8.452E-03	5.181E+00	5.180E+00	5.172E+00	5.189E+00	5.180E+00	5.181E+00
1.050E+00	4.962E+00	8.320E-03	4.963E+00	4.962E+00	4.954E+00	4.971E+00	4.962E+00	4.963E+00
1.150E+00	4.735E+00	8.214E-03	4.737E+00	4.734E+00	4.727E+00	4.744E+00	4.735E+00	4.736E+00
1.250E+00	4.502E+00	8.150E-03	4.504E+00	4.500E+00	4.494E+00	4.510E+00	4.501E+00	4.503E+00
1.350E+00	4.264E+00	8.137E-03	4.267E+00	4.262E+00	4.257E+00	4.272E+00	4.263E+00	4.265E+00
1.450E+00	4.025E+00	8.181E-03	4.028E+00	4.021E+00	4.017E+00	4.032E+00	4.024E+00	4.026E+00
1.550E+00	3.784E+00	8.279E-03	3.788E+00	3.781E+00	3.777E+00	3.792E+00	3.783E+00	3.786E+00
1.650E+00	3.546E+00	8.426E-03	3.551E+00	3.541E+00	3.539E+00	3.553E+00	3.545E+00	3.547E+00
1.750E+00	3.311E+00	8.608E-03	3.316E+00	3.305E+00	3.304E+00	3.317E+00	3.309E+00	3.312E+00
1.850E+00	3.080E+00	8.812E-03	3.086E+00	3.074E+00	3.074E+00	3.086E+00	3.079E+00	3.081E+00
1.950E+00	2.855E+00	9.021E-03	2.862E+00	2.849E+00	2.849E+00	2.861E+00	2.854E+00	2.857E+00
2.050E+00	2.638E+00	9.221E-03	2.645E+00	2.631E+00	2.632E+00	2.644E+00	2.636E+00	2.639E+00
2.150E+00	2.428E+00	9.396E-03	2.436E+00	2.421E+00	2.423E+00	2.434E+00	2.427E+00	2.430E+00
2.250E+00	2.228E+00	9.536E-03	2.236E+00	2.220E+00	2.223E+00	2.233E+00	2.227E+00	2.229E+00
2.350E+00	2.037E+00	9.632E-03	2.045E+00	2.029E+00	2.032E+00	2.042E+00	2.036E+00	2.038E+00
2.450E+00	1.856E+00	9.677E-03	1.864E+00	1.848E+00	1.851E+00	1.861E+00	1.855E+00	1.857E+00
2.550E+00	1.685E+00	9.667E-03	1.694E+00	1.677E+00	1.681E+00	1.690E+00	1.684E+00	1.687E+00
2.650E+00	1.525E+00	9.601E-03	1.534E+00	1.517E+00	1.521E+00	1.529E+00	1.524E+00	1.527E+00
2.750E+00	1.376E+00	9.478E-03	1.384E+00	1.367E+00	1.372E+00	1.380E+00	1.375E+00	1.377E+00
2.850E+00	1.237E+00	9.301E-03	1.245E+00	1.228E+00	1.233E+00	1.240E+00	1.236E+00	1.238E+00
2.950E+00	1.108E+00	9.073E-03	1.116E+00	1.100E+00	1.105E+00	1.111E+00	1.107E+00	1.109E+00
3.050E+00	9.895E-01	8.799E-03	9.977E-01	9.813E-01	9.865E-01	9.925E-01	9.884E-01	9.906E-01
3.150E+00	8.807E-01	8.483E-03	8.886E-01	8.727E-01	8.779E-01	8.835E-01	8.796E-01	8.817E-01
3.250E+00	7.812E-01	8.132E-03	7.889E-01	7.736E-01	7.787E-01	7.838E-01	7.803E-01	7.822E-01
3.350E+00	6.907E-01	7.752E-03	6.981E-01	6.834E-01	6.884E-01	6.931E-01	6.898E-01	6.916E-01
3.450E+00	6.087E-01	7.349E-03	6.157E-01	6.018E-01	6.066E-01	6.109E-01	6.079E-01	6.096E-01
3.550E+00	5.347E-01	6.929E-03	5.413E-01	5.281E-01	5.328E-01	5.366E-01	5.339E-01	5.355E-01
3.650E+00	4.682E-01	6.499E-03	4.744E-01	4.620E-01	4.664E-01	4.699E-01	4.674E-01	4.689E-01
3.750E+00	4.086E-01	6.064E-03	4.144E-01	4.028E-01	4.070E-01	4.101E-01	4.079E-01	4.092E-01
3.850E+00	3.554E-01	5.629E-03	3.609E-01	3.500E-01	3.540E-01	3.568E-01	3.548E-01	3.560E-01
3.950E+00	3.082E-01	5.200E-03	3.132E-01	3.032E-01	3.069E-01	3.094E-01	3.076E-01	3.087E-01
4.050E+00	2.664E-01	4.780E-03	2.710E-01	2.618E-01	2.652E-01	2.675E-01	2.659E-01	2.669E-01
4.150E+00	2.295E-01	4.372E-03	2.337E-01	2.253E-01	2.285E-01	2.305E-01	2.290E-01	2.299E-01
4.250E+00	1.971E-01	3.981E-03	2.010E-01	1.933E-01	1.962E-01	1.980E-01	1.967E-01	1.975E-01
4.350E+00	1.687E-01	3.608E-03	1.722E-01	1.652E-01	1.679E-01	1.695E-01	1.684E-01	1.691E-01
4.450E+00	1.440E-01	3.254E-03	1.472E-01	1.408E-01	1.433E-01	1.447E-01	1.437E-01	1.443E-01
4.550E+00	1.225E-01	2.923E-03	1.253E-01	1.197E-01	1.219E-01	1.231E-01	1.222E-01	1.228E-01
4.650E+00	1.039E-01	2.613E-03	1.064E-01	1.013E-01	1.033E-01	1.044E-01	1.036E-01	1.041E-01
4.750E+00	8.779E-02	2.326E-03	9.008E-02	8.554E-02	8.734E-02	8.825E-02	8.757E-02	8.801E-02
4.850E+00	7.398E-02	2.062E-03	7.601E-02	7.199E-02	7.358E-02	7.437E-02	7.378E-02	7.417E-02
4.950E+00	6.214E-02	1.820E-03	6.394E-02	6.038E-02	6.180E-02	6.249E-02	6.197E-02	6.231E-02
