5.000E-02	6.966E+00	1.320E-02	6.964E+00	6.967E+00	6.952E+00	6.979E+00	6.966E+00	6.965E+00
1.500E-01	6.931E+00	1.309E-02	6.930E+00	6.932E+00	6.918E+00	6.944E+00	6.931E+00	6.931E+00
2.500E-01	6.867E+00	1.298E-02	6.867E+00	6.868E+00	6.854E+00	6.880E+00	6.867E+00	6.867E+00
3.500E-01	6.778E+00	1.287E-02	6.778E+00	6.777E+00	6.765E+00	6.791E+00	6.778E+00	6.778E+00
4.500E-01	6.664E+00	1.276E-02	6.665E+00	6.663E+00	6.651E+00	6.676E+00	6.664E+00	6.664E+00
5.500E-01	6.528E+00	1.262E-02	6.529E+00	6.527E+00	6.515E+00	6.540E+00	6.527E+00	6.528E+00
6.500E-01	6.371E+00	1.244E-02	6.373E+00	6.370E+00	6.359E+00	6.384E+00	6.371E+00	6.372E+00
7.500E-01	6.197E+00	1.221E-02	6.198E+00	6.196E+00	6.185E+00	6.209E+00	6.196E+00	6.198E+00
8.500E-01	6.007E+00	1.194E-02	6.008E+00	6.006E+00	5.995E+00	6.019E+00	6.006E+00	6.008E+00
9.500E-01	5.802E+00	1.165E-02	5.803E+00	5.802E+00	5.791E+00	5.814E+00	5.801E+00	5.803E+00
1.050E+00	5.586E+00	1.138E-02	5.586E+00	5.587E+00	5.575E+00	5.597E+00	5.585E+00	5.587E+00
1.150E+00	5.360E+00	1.118E-02	5.359E+00	5.362E+00	5.349E+00	5.371E+00	5.359E+00	5.362E+00
1.250E+00	5.126E+00	1.110E-02	5.124E+00	5.129E+00	5.116E+00	5.137E+00	5.125E+00	5.128E+00
1.350E+00	4.887E+00	1.120E-02	4.883E+00	4.891E+00	4.877E+00	4.897E+00	4.885E+00	4.889E+00
1.450E+00	4.644E+00	1.149E-02	4.638E+00	4.649E+00	4.634E+00	4.654E+00	4.642E+00	4.646E+00
1.550E+00	4.398E+00	1.200E-02	4.391E+00	4.405E+00	4.389E+00	4.408E+00	4.396E+00	4.401E+00
1.650E+00	4.153E+00	1.270E-02	4.144E+00	4.162E+00	4.144E+00	4.162E+00	4.151E+00	4.155E+00
1.750E+00	3.909E+00	1.355E-02	3.899E+00	3.919E+00	3.900E+00	3.918E+00	3.907E+00	3.911E+00
1.850E+00	3.668E+00	1.451E-02	3.656E+00	3.679E+00	3.659E+00	3.676E+00	3.665E+00	3.670E+00
1.950E+00	3.431E+00	1.552E-02	3.418E+00	3.444E+00	3.423E+00	3.439E+00	3.428E+00	3.433E+00
2.050E+00	3.199E+00	1.654E-02	3.185E+00	3.214E+00	3.192E+00	3.207E+00	3.197E+00	3.202E+00
2.150E+00	2.974E+00	1.752E-02	2.958E+00	2.990E+00	2.967E+00	2.981E+00	2.971E+00	2.977E+00
2.250E+00	2.756E+00	1.843E-02	2.739E+00	2.773E+00	2.750E+00	2.763E+00	2.754E+00	2.759E+00
2.350E+00	2.547E+00	1.925E-02	2.529E+00	2.565E+00	2.541E+00	2.553E+00	2.544E+00	2.549E+00
2.450E+00	2.346E+00	1.995E-02	2.327E+00	2.365E+00	2.340E+00	2.352E+00	2.344E+00	2.349E+00
2.550E+00	2.155E+00	2.052E-02	2.135E+00	2.175E+00	2.149E+00	2.160E+00	2.152E+00	2.158E+00
2.650E+00	1.973E+00	2.094E-02	1.953E+00	1.993E+00	1.968E+00	1.978E+00	1.971E+00	1.976E+00
2.750E+00	1.802E+00	2.122E-02	1.781E+00	1.822E+00	1.797E+00	1.806E+00	1.799E+00	1.804E+00
2.850E+00	1.640E+00	2.134E-02	1.619E+00	1.661E+00	1.636E+00	1.645E+00	1.638E+00	1.642E+00
2.950E+00	1.489E+00	2.132E-02	1.468E+00	1.509E+00	1.484E+00	1.493E+00	1.486E+00	1.491E+00
3.050E+00	1.347E+00	2.116E-02	1.326E+00	1.368E+00	1.343E+00	1.351E+00	1.345E+00	1.349E+00
3.150E+00	1.216E+00	2.087E-02	1.195E+00	1.236E+00	1.212E+00	1.219E+00	1.213E+00	1.218E+00
3.250E+00	1.094E+00	2.045E-02	1.074E+00	1.114E+00	1.090E+00	1.097E+00	1.092E+00	1.096E+00
3.350E+00	9.811E-01	1.992E-02	9.616E-01	1.001E+00	9.781E-01	9.840E-01	9.791E-01	9.830E-01
3.450E+00	8.776E-01	1.930E-02	8.587E-01	8.967E-01	8.749E-01	8.803E-01	8.757E-01	8.794E-01
3.550E+00	7.827E-01	1.859E-02	7.645E-01	8.012E-01	7.803E-01	7.852E-01	7.810E-01	7.845E-01
3.650E+00	6.961E-01	1.781E-02	6.787E-01	7.139E-01	6.939E-01	6.984E-01	6.945E-01	6.978E-01
3.750E+00	6.174E-01	1.698E-02	6.007E-01	6.343E-01	6.154E-01	6.194E-01	6.158E-01	6.189E-01
3.850E+00	5.459E-01	1.610E-02	5.302E-01	5.620E-01	5.441E-01	5.478E-01	5.445E-01	5.474E-01
3.950E+00	4.814E-01	1.519E-02	4.665E-01	4.966E-01	4.798E-01	4.830E-01	4.801E-01	4.827E-01
4.050E+00	4.233E-01	1.426E-02	4.093E-01	4.376E-01	4.219E-01	4.248E-01	4.221E-01	4.245E-01
4.150E+00	3.712E-01	1.333E-02	3.581E-01	3.845E-01	3.699E-01	3.725E-01	3.701E-01	3.723E-01
4.250E+00	3.245E-01	1.240E-02	3.124E-01	3.370E-01	3.234E-01	3.257E-01	3.235E-01	3.256E-01
4.350E+00	2.830E-01	1.149E-02	2.717E-01	2.945E-01	2.819E-01	2.840E-01	2.820E-01	2.839E-01
4.450E+00	2.460E-01	1.059E-02	2.357E-01	2.567E-01	2.451E-01	2.469E-01	2.452E-01	2.469E-01
4.550E+00	2.133E-01	9.724E-03	2.038E-01	2.231E-01	2.125E-01	2.141E-01	2.126E-01	2.141E-01
4.650E+00	1.844E-01	8.891E-03	1.758E-01	1.934E-01	1.837E-01	1.852E-01	1.838E-01	1.851E-01
4.750E+00	1.590E-01	8.094E-03	1.511E-01	1.672E-01	1.584E-01	1.597E-01	1.584E-01	1.596E-01
4.850E+00	1.367E-01	7.340E-03	1.296E-01	1.442E-01	1.362E-01	1.373E-01	1.362E-01	1.373E-01
4.950E+00	1.172E-01	6.629E-03	1.108E-01	1.240E-01	1.168E-01	1.177E-01	1.168E-01	1.177E-01
