5.000E-02	3.973E+00	2.731E-02	3.999E+00	3.947E+00	3.982E+00	3.964E+00	3.973E+00	3.973E+00
1.500E-01	3.944E+00	2.244E-02	3.964E+00	3.923E+00	3.953E+00	3.935E+00	3.944E+00	3.944E+00
2.500E-01	3.898E+00	1.709E-02	3.912E+00	3.883E+00	3.907E+00	3.889E+00	3.898E+00	3.898E+00
3.500E-01	3.838E+00	1.230E-02	3.846E+00	3.829E+00	3.847E+00	3.830E+00	3.838E+00	3.839E+00
4.500E-01	3.767E+00	9.112E-03	3.769E+00	3.763E+00	3.775E+00	3.758E+00	3.766E+00	3.767E+00
5.500E-01	3.685E+00	8.508E-03	3.683E+00	3.686E+00	3.694E+00	3.677E+00	3.685E+00	3.686E+00
6.500E-01	3.595E+00	9.959E-03	3.588E+00	3.600E+00	3.603E+00	3.587E+00	3.594E+00	3.596E+00
7.500E-01	3.497E+00	1.197E-02	3.488E+00	3.506E+00	3.505E+00	3.489E+00	3.497E+00	3.498E+00
8.500E-01	3.393E+00	1.369E-02	3.382E+00	3.404E+00	3.401E+00	3.386E+00	3.392E+00	3.394E+00
9.500E-01	3.284E+00	1.481E-02	3.271E+00	3.297E+00	3.292E+00	3.277E+00	3.283E+00	3.285E+00
1.050E+00	3.171E+00	1.523E-02	3.158E+00	3.184E+00	3.178E+00	3.164E+00	3.170E+00	3.172E+00
1.150E+00	3.054E+00	1.495E-02	3.041E+00	3.068E+00	3.061E+00	3.048E+00	3.053E+00	3.056E+00
1.250E+00	2.935E+00	1.401E-02	2.924E+00	2.948E+00	2.942E+00	2.929E+00	2.934E+00	2.937E+00
1.350E+00	2.815E+00	1.248E-02	2.805E+00	2.826E+00	2.821E+00	2.809E+00	2.813E+00	2.816E+00
1.450E+00	2.693E+00	1.048E-02	2.686E+00	2.703E+00	2.699E+00	2.687E+00	2.691E+00	2.695E+00
1.550E+00	2.571E+00	8.221E-03	2.567E+00	2.579E+00	2.577E+00	2.566E+00	2.570E+00	2.573E+00
1.650E+00	2.450E+00	6.125E-03	2.449E+00	2.454E+00	2.455E+00	2.445E+00	2.448E+00	2.452E+00
1.750E+00	2.330E+00	5.258E-03	2.332E+00	2.331E+00	2.335E+00	2.325E+00	2.328E+00	2.332E+00
1.850E+00	2.211E+00	6.662E-03	2.217E+00	2.208E+00	2.215E+00	2.206E+00	2.209E+00	2.213E+00
1.950E+00	2.094E+00	9.599E-03	2.104E+00	2.087E+00	2.098E+00	2.090E+00	2.092E+00	2.096E+00
2.050E+00	1.979E+00	1.316E-02	1.994E+00	1.969E+00	1.983E+00	1.976E+00	1.977E+00	1.982E+00
2.150E+00	1.868E+00	1.696E-02	1.886E+00	1.853E+00	1.871E+00	1.864E+00	1.865E+00	1.870E+00
2.250E+00	1.759E+00	2.082E-02	1.781E+00	1.740E+00	1.762E+00	1.756E+00	1.756E+00	1.761E+00
2.350E+00	1.653E+00	2.464E-02	1.680E+00	1.631E+00	1.656E+00	1.650E+00	1.651E+00	1.656E+00
2.450E+00	1.551E+00	2.833E-02	1.582E+00	1.525E+00	1.554E+00	1.549E+00	1.549E+00	1.554E+00
2.550E+00	1.453E+00	3.185E-02	1.487E+00	1.424E+00	1.456E+00	1.451E+00	1.451E+00	1.456E+00
2.650E+00	1.359E+00	3.516E-02	1.396E+00	1.326E+00	1.361E+00	1.356E+00	1.356E+00	1.361E+00
2.750E+00	1.268E+00	3.820E-02	1.308E+00	1.232E+00	1.270E+00	1.266E+00	1.265E+00	1.270E+00
2.850E+00	1.181E+00	4.096E-02	1.225E+00	1.143E+00	1.183E+00	1.180E+00	1.179E+00	1.184E+00
2.950E+00	1.099E+00	4.342E-02	1.145E+00	1.058E+00	1.100E+00	1.097E+00	1.096E+00	1.101E+00
3.050E+00	1.020E+00	4.556E-02	1.068E+00	9.773E-01	1.022E+00	1.019E+00	1.018E+00	1.023E+00
3.150E+00	9.459E-01	4.737E-02	9.956E-01	9.010E-01	9.472E-01	9.446E-01	9.436E-01	9.482E-01
3.250E+00	8.754E-01	4.886E-02	9.267E-01	8.291E-01	8.765E-01	8.743E-01	8.731E-01	8.777E-01
3.350E+00	8.089E-01	5.002E-02	8.614E-01	7.614E-01	8.098E-01	8.079E-01	8.067E-01	8.111E-01
3.450E+00	7.461E-01	5.087E-02	7.996E-01	6.979E-01	7.470E-01	7.453E-01	7.440E-01	7.483E-01
3.550E+00	6.872E-01	5.140E-02	7.412E-01	6.385E-01	6.879E-01	6.865E-01	6.851E-01	6.893E-01
3.650E+00	6.319E-01	5.164E-02	6.862E-01	5.830E-01	6.325E-01	6.313E-01	6.299E-01	6.339E-01
3.750E+00	5.801E-01	5.161E-02	6.345E-01	5.314E-01	5.807E-01	5.796E-01	5.782E-01	5.820E-01
3.850E+00	5.318E-01	5.131E-02	5.859E-01	4.834E-01	5.322E-01	5.313E-01	5.299E-01	5.336E-01
3.950E+00	4.867E-01	5.078E-02	5.404E-01	4.389E-01	4.871E-01	4.863E-01	4.849E-01	4.884E-01
4.050E+00	4.447E-01	5.002E-02	4.977E-01	3.978E-01	4.450E-01	4.444E-01	4.431E-01	4.464E-01
4.150E+00	4.058E-01	4.907E-02	4.579E-01	3.598E-01	4.060E-01	4.056E-01	4.042E-01	4.074E-01
4.250E+00	3.697E-01	4.794E-02	4.207E-01	3.249E-01	3.699E-01	3.695E-01	3.682E-01	3.712E-01
4.350E+00	3.363E-01	4.666E-02	3.861E-01	2.928E-01	3.364E-01	3.362E-01	3.349E-01	3.377E-01
4.450E+00	3.055E-01	4.524E-02	3.539E-01	2.635E-01	3.056E-01	3.054E-01	3.041E-01	3.068E-01
4.550E+00	2.771E-01	4.371E-02	3.240E-01	2.366E-01	2.771E-01	2.770E-01	2.758E-01	2.783E-01
4.650E+00	2.509E-01	4.210E-02	2.963E-01	2.121E-01	2.509E-01	2.509E-01	2.497E-01	2.521E-01
4.750E+00	2.269E-01	4.041E-02	2.706E-01	1.898E-01	2.269E-01	2.269E-01	2.258E-01	2.280E-01
4.850E+00	2.049E-01	3.867E-02	2.469E-01	1.696E-01	2.049E-01	2.049E-01	2.038E-01	2.059E-01
4.950E+00	1.848E-01	3.689E-02	2.249E-01	1.512E-01	1.847E-01	1.848E-01	1.838E-01	1.857E-01
