5.000E-02	3.258E+00	7.296E-03	3.256E+00	3.261E+00	3.251E+00	3.265E+00	3.258E+00	3.258E+00
1.500E-01	3.241E+00	7.060E-03	3.239E+00	3.243E+00	3.235E+00	3.248E+00	3.241E+00	3.241E+00
2.500E-01	3.211E+00	6.827E-03	3.210E+00	3.212E+00	3.204E+00	3.218E+00	3.211E+00	3.211E+00
3.500E-01	3.169E+00	6.656E-03	3.168E+00	3.169E+00	3.162E+00	3.175E+00	3.169E+00	3.169E+00
4.500E-01	3.115E+00	6.548E-03	3.116E+00	3.115E+00	3.109E+00	3.122E+00	3.115E+00	3.116E+00
5.500E-01	3.052E+00	6.472E-03	3.053E+00	3.051E+00	3.046E+00	3.058E+00	3.052E+00	3.052E+00
6.500E-01	2.980E+00	6.391E-03	2.981E+00	2.979E+00	2.974E+00	2.986E+00	2.979E+00	2.980E+00
7.500E-01	2.899E+00	6.275E-03	2.901E+00	2.898E+00	2.893E+00	2.906E+00	2.899E+00	2.900E+00
8.500E-01	2.812E+00	6.109E-03	2.813E+00	2.811E+00	2.806E+00	2.818E+00	2.811E+00	2.813E+00
9.500E-01	2.719E+00	5.894E-03	2.720E+00	2.718E+00	2.713E+00	2.724E+00	2.718E+00	2.719E+00
1.050E+00	2.620E+00	5.656E-03	2.620E+00	2.619E+00	2.614E+00	2.625E+00	2.619E+00	2.621E+00
1.150E+00	2.517E+00	5.442E-03	2.517E+00	2.517E+00	2.511E+00	2.522E+00	2.516E+00	2.518E+00
1.250E+00	2.410E+00	5.315E-03	2.410E+00	2.411E+00	2.405E+00	2.415E+00	2.409E+00	2.412E+00
1.350E+00	2.301E+00	5.348E-03	2.300E+00	2.303E+00	2.297E+00	2.306E+00	2.300E+00	2.303E+00
1.450E+00	2.191E+00	5.594E-03	2.188E+00	2.194E+00	2.186E+00	2.196E+00	2.189E+00	2.192E+00
1.550E+00	2.079E+00	6.070E-03	2.076E+00	2.083E+00	2.075E+00	2.084E+00	2.078E+00	2.081E+00
1.650E+00	1.968E+00	6.752E-03	1.963E+00	1.973E+00	1.964E+00	1.972E+00	1.966E+00	1.969E+00
1.750E+00	1.857E+00	7.590E-03	1.850E+00	1.863E+00	1.853E+00	1.861E+00	1.855E+00	1.858E+00
1.850E+00	1.747E+00	8.530E-03	1.739E+00	1.754E+00	1.743E+00	1.751E+00	1.745E+00	1.749E+00
1.950E+00	1.639E+00	9.524E-03	1.630E+00	1.648E+00	1.635E+00	1.642E+00	1.637E+00	1.641E+00
2.050E+00	1.533E+00	1.053E-02	1.523E+00	1.543E+00	1.530E+00	1.536E+00	1.531E+00	1.535E+00
2.150E+00	1.430E+00	1.151E-02	1.419E+00	1.441E+00	1.427E+00	1.433E+00	1.428E+00	1.432E+00
2.250E+00	1.330E+00	1.244E-02	1.318E+00	1.342E+00	1.328E+00	1.333E+00	1.328E+00	1.332E+00
2.350E+00	1.234E+00	1.330E-02	1.221E+00	1.247E+00	1.231E+00	1.237E+00	1.232E+00	1.236E+00
2.450E+00	1.142E+00	1.407E-02	1.128E+00	1.155E+00	1.139E+00	1.144E+00	1.140E+00	1.144E+00
2.550E+00	1.053E+00	1.473E-02	1.039E+00	1.068E+00	1.051E+00	1.055E+00	1.051E+00	1.055E+00
2.650E+00	9.690E-01	1.529E-02	9.540E-01	9.841E-01	9.669E-01	9.710E-01	9.671E-01	9.709E-01
2.750E+00	8.891E-01	1.572E-02	8.736E-01	9.046E-01	8.872E-01	8.910E-01	8.872E-01	8.910E-01
2.850E+00	8.136E-01	1.604E-02	7.978E-01	8.295E-01	8.118E-01	8.153E-01	8.117E-01	8.154E-01
2.950E+00	7.424E-01	1.624E-02	7.265E-01	7.586E-01	7.409E-01	7.440E-01	7.406E-01	7.443E-01
3.050E+00	6.757E-01	1.632E-02	6.597E-01	6.920E-01	6.743E-01	6.772E-01	6.740E-01	6.775E-01
3.150E+00	6.134E-01	1.629E-02	5.974E-01	6.297E-01	6.121E-01	6.147E-01	6.117E-01	6.151E-01
3.250E+00	5.553E-01	1.615E-02	5.394E-01	5.715E-01	5.542E-01	5.565E-01	5.537E-01	5.570E-01
3.350E+00	5.014E-01	1.591E-02	4.858E-01	5.174E-01	5.004E-01	5.025E-01	4.999E-01	5.030E-01
3.450E+00	4.516E-01	1.559E-02	4.363E-01	4.672E-01	4.507E-01	4.525E-01	4.501E-01	4.531E-01
3.550E+00	4.056E-01	1.518E-02	3.907E-01	4.209E-01	4.048E-01	4.065E-01	4.043E-01	4.070E-01
3.650E+00	3.634E-01	1.470E-02	3.490E-01	3.782E-01	3.627E-01	3.642E-01	3.621E-01	3.647E-01
3.750E+00	3.248E-01	1.416E-02	3.108E-01	3.390E-01	3.241E-01	3.254E-01	3.235E-01	3.260E-01
3.850E+00	2.894E-01	1.358E-02	2.761E-01	3.032E-01	2.889E-01	2.900E-01	2.883E-01	2.906E-01
3.950E+00	2.573E-01	1.295E-02	2.446E-01	2.704E-01	2.568E-01	2.578E-01	2.562E-01	2.584E-01
4.050E+00	2.282E-01	1.230E-02	2.161E-01	2.406E-01	2.277E-01	2.286E-01	2.272E-01	2.292E-01
4.150E+00	2.018E-01	1.162E-02	1.905E-01	2.136E-01	2.014E-01	2.022E-01	2.009E-01	2.027E-01
4.250E+00	1.780E-01	1.093E-02	1.674E-01	1.892E-01	1.777E-01	1.784E-01	1.772E-01	1.789E-01
4.350E+00	1.567E-01	1.024E-02	1.467E-01	1.671E-01	1.564E-01	1.570E-01	1.559E-01	1.575E-01
4.450E+00	1.375E-01	9.549E-03	1.282E-01	1.473E-01	1.373E-01	1.378E-01	1.368E-01	1.383E-01
4.550E+00	1.204E-01	8.869E-03	1.118E-01	1.295E-01	1.202E-01	1.207E-01	1.198E-01	1.211E-01
4.650E+00	1.052E-01	8.205E-03	9.723E-02	1.136E-01	1.050E-01	1.054E-01	1.046E-01	1.058E-01
4.750E+00	9.163E-02	7.559E-03	8.432E-02	9.940E-02	9.145E-02	9.180E-02	9.109E-02	9.217E-02
4.850E+00	7.963E-02	6.938E-03	7.294E-02	8.677E-02	7.948E-02	7.978E-02	7.914E-02	8.012E-02
4.950E+00	6.903E-02	6.343E-03	6.292E-02	7.558E-02	6.890E-02	6.916E-02	6.859E-02	6.947E-02
