5.000E-02	3.083E+00	4.459E-03	3.083E+00	3.083E+00	3.078E+00	3.087E+00	3.083E+00	3.083E+00
1.500E-01	3.065E+00	4.452E-03	3.065E+00	3.065E+00	3.061E+00	3.070E+00	3.065E+00	3.065E+00
2.500E-01	3.033E+00	4.438E-03	3.033E+00	3.034E+00	3.029E+00	3.038E+00	3.033E+00	3.033E+00
3.500E-01	2.988E+00	4.417E-03	2.988E+00	2.989E+00	2.984E+00	2.993E+00	2.988E+00	2.988E+00
4.500E-01	2.932E+00	4.387E-03	2.931E+00	2.932E+00	2.927E+00	2.936E+00	2.932E+00	2.932E+00
5.500E-01	2.864E+00	4.345E-03	2.863E+00	2.864E+00	2.860E+00	2.868E+00	2.864E+00	2.864E+00
6.500E-01	2.786E+00	4.292E-03	2.786E+00	2.787E+00	2.782E+00	2.791E+00	2.786E+00	2.786E+00
7.500E-01	2.700E+00	4.228E-03	2.700E+00	2.700E+00	2.696E+00	2.704E+00	2.700E+00	2.700E+00
8.500E-01	2.606E+00	4.159E-03	2.606E+00	2.606E+00	2.602E+00	2.610E+00	2.606E+00	2.606E+00
9.500E-01	2.506E+00	4.088E-03	2.506E+00	2.506E+00	2.502E+00	2.510E+00	2.506E+00	2.506E+00
1.050E+00	2.400E+00	4.024E-03	2.401E+00	2.400E+00	2.396E+00	2.404E+00	2.400E+00	2.401E+00
1.150E+00	2.290E+00	3.973E-03	2.291E+00	2.290E+00	2.287E+00	2.294E+00	2.290E+00	2.291E+00
1.250E+00	2.178E+00	3.942E-03	2.179E+00	2.177E+00	2.174E+00	2.181E+00	2.177E+00	2.178E+00
1.350E+00	2.063E+00	3.936E-03	2.064E+00	2.061E+00	2.059E+00	2.066E+00	2.062E+00	2.063E+00
1.450E+00	1.947E+00	3.957E-03	1.948E+00	1.945E+00	1.943E+00	1.950E+00	1.946E+00	1.947E+00
1.550E+00	1.831E+00	4.005E-03	1.832E+00	1.829E+00	1.827E+00	1.834E+00	1.830E+00	1.831E+00
1.650E+00	1.715E+00	4.075E-03	1.717E+00	1.713E+00	1.712E+00	1.718E+00	1.715E+00	1.716E+00
1.750E+00	1.601E+00	4.164E-03	1.604E+00	1.599E+00	1.598E+00	1.605E+00	1.601E+00	1.602E+00
1.850E+00	1.490E+00	4.262E-03	1.493E+00	1.487E+00	1.487E+00	1.493E+00	1.489E+00	1.490E+00
1.950E+00	1.381E+00	4.364E-03	1.384E+00	1.378E+00	1.378E+00	1.384E+00	1.380E+00	1.382E+00
2.050E+00	1.276E+00	4.460E-03	1.279E+00	1.272E+00	1.273E+00	1.279E+00	1.275E+00	1.277E+00
2.150E+00	1.175E+00	4.545E-03	1.178E+00	1.171E+00	1.172E+00	1.177E+00	1.174E+00	1.175E+00
2.250E+00	1.078E+00	4.613E-03	1.081E+00	1.074E+00	1.075E+00	1.080E+00	1.077E+00	1.078E+00
2.350E+00	9.853E-01	4.659E-03	9.892E-01	9.813E-01	9.829E-01	9.877E-01	9.846E-01	9.859E-01
2.450E+00	8.978E-01	4.681E-03	9.018E-01	8.937E-01	8.955E-01	9.000E-01	8.971E-01	8.984E-01
2.550E+00	8.152E-01	4.676E-03	8.194E-01	8.111E-01	8.131E-01	8.174E-01	8.146E-01	8.159E-01
2.650E+00	7.378E-01	4.644E-03	7.420E-01	7.337E-01	7.358E-01	7.398E-01	7.372E-01	7.384E-01
2.750E+00	6.655E-01	4.585E-03	6.696E-01	6.613E-01	6.636E-01	6.673E-01	6.649E-01	6.661E-01
2.850E+00	5.982E-01	4.499E-03	6.023E-01	5.941E-01	5.965E-01	5.999E-01	5.976E-01	5.988E-01
2.950E+00	5.360E-01	4.389E-03	5.400E-01	5.319E-01	5.344E-01	5.376E-01	5.354E-01	5.365E-01
3.050E+00	4.786E-01	4.256E-03	4.826E-01	4.747E-01	4.771E-01	4.801E-01	4.781E-01	4.791E-01
3.150E+00	4.260E-01	4.103E-03	4.298E-01	4.221E-01	4.246E-01	4.273E-01	4.255E-01	4.265E-01
3.250E+00	3.779E-01	3.933E-03	3.816E-01	3.742E-01	3.766E-01	3.791E-01	3.774E-01	3.783E-01
3.350E+00	3.341E-01	3.749E-03	3.377E-01	3.306E-01	3.330E-01	3.352E-01	3.337E-01	3.345E-01
3.450E+00	2.944E-01	3.554E-03	2.978E-01	2.911E-01	2.934E-01	2.955E-01	2.940E-01	2.948E-01
3.550E+00	2.586E-01	3.351E-03	2.618E-01	2.554E-01	2.577E-01	2.596E-01	2.583E-01	2.590E-01
3.650E+00	2.264E-01	3.143E-03	2.295E-01	2.234E-01	2.256E-01	2.273E-01	2.261E-01	2.268E-01
3.750E+00	1.976E-01	2.933E-03	2.004E-01	1.948E-01	1.969E-01	1.984E-01	1.973E-01	1.979E-01
3.850E+00	1.719E-01	2.723E-03	1.745E-01	1.693E-01	1.712E-01	1.726E-01	1.716E-01	1.722E-01
3.950E+00	1.491E-01	2.515E-03	1.515E-01	1.467E-01	1.485E-01	1.497E-01	1.488E-01	1.493E-01
4.050E+00	1.288E-01	2.312E-03	1.311E-01	1.266E-01	1.283E-01	1.294E-01	1.286E-01	1.291E-01
4.150E+00	1.110E-01	2.115E-03	1.131E-01	1.090E-01	1.105E-01	1.115E-01	1.108E-01	1.112E-01
4.250E+00	9.533E-02	1.925E-03	9.721E-02	9.347E-02	9.490E-02	9.576E-02	9.513E-02	9.552E-02
4.350E+00	8.161E-02	1.745E-03	8.332E-02	7.993E-02	8.123E-02	8.199E-02	8.143E-02	8.178E-02
4.450E+00	6.964E-02	1.574E-03	7.118E-02	6.812E-02	6.931E-02	6.997E-02	6.949E-02	6.980E-02
4.550E+00	5.924E-02	1.414E-03	6.063E-02	5.788E-02	5.895E-02	5.953E-02	5.910E-02	5.938E-02
4.650E+00	5.023E-02	1.264E-03	5.148E-02	4.901E-02	4.998E-02	5.049E-02	5.011E-02	5.036E-02
4.750E+00	4.246E-02	1.125E-03	4.357E-02	4.138E-02	4.224E-02	4.269E-02	4.236E-02	4.257E-02
4.850E+00	3.578E-02	9.972E-04	3.677E-02	3.482E-02	3.559E-02	3.597E-02	3.569E-02	3.588E-02
4.950E+00	3.006E-02	8.801E-04	3.093E-02	2.921E-02	2.989E-02	3.022E-02	2.998E-02	3.014E-02
