5.000E-02	6.491E+00	4.855E-02	6.535E+00	6.445E+00	6.509E+00	6.472E+00	6.491E+00	6.491E+00
1.500E-01	6.442E+00	3.968E-02	6.476E+00	6.406E+00	6.461E+00	6.424E+00	6.442E+00	6.443E+00
2.500E-01	6.369E+00	3.040E-02	6.391E+00	6.343E+00	6.387E+00	6.350E+00	6.368E+00	6.369E+00
3.500E-01	6.276E+00	2.259E-02	6.287E+00	6.260E+00	6.294E+00	6.258E+00	6.275E+00	6.276E+00
4.500E-01	6.166E+00	1.802E-02	6.168E+00	6.160E+00	6.184E+00	6.149E+00	6.165E+00	6.167E+00
5.500E-01	6.043E+00	1.794E-02	6.036E+00	6.046E+00	6.060E+00	6.026E+00	6.042E+00	6.044E+00
6.500E-01	5.909E+00	2.100E-02	5.894E+00	5.920E+00	5.925E+00	5.892E+00	5.907E+00	5.910E+00
7.500E-01	5.764E+00	2.497E-02	5.744E+00	5.782E+00	5.781E+00	5.748E+00	5.763E+00	5.766E+00
8.500E-01	5.612E+00	2.860E-02	5.587E+00	5.635E+00	5.627E+00	5.596E+00	5.610E+00	5.614E+00
9.500E-01	5.452E+00	3.138E-02	5.424E+00	5.480E+00	5.467E+00	5.437E+00	5.450E+00	5.455E+00
1.050E+00	5.287E+00	3.313E-02	5.258E+00	5.317E+00	5.302E+00	5.273E+00	5.285E+00	5.290E+00
1.150E+00	5.118E+00	3.379E-02	5.088E+00	5.149E+00	5.131E+00	5.104E+00	5.115E+00	5.121E+00
1.250E+00	4.945E+00	3.340E-02	4.916E+00	4.977E+00	4.958E+00	4.932E+00	4.942E+00	4.948E+00
1.350E+00	4.770E+00	3.203E-02	4.742E+00	4.801E+00	4.782E+00	4.757E+00	4.766E+00	4.773E+00
1.450E+00	4.593E+00	2.975E-02	4.568E+00	4.622E+00	4.604E+00	4.581E+00	4.589E+00	4.596E+00
1.550E+00	4.416E+00	2.669E-02	4.394E+00	4.442E+00	4.426E+00	4.405E+00	4.412E+00	4.419E+00
1.650E+00	4.238E+00	2.299E-02	4.221E+00	4.262E+00	4.249E+00	4.228E+00	4.234E+00	4.242E+00
1.750E+00	4.062E+00	1.884E-02	4.050E+00	4.081E+00	4.072E+00	4.052E+00	4.058E+00	4.066E+00
1.850E+00	3.887E+00	1.455E-02	3.881E+00	3.902E+00	3.896E+00	3.878E+00	3.883E+00	3.892E+00
1.950E+00	3.714E+00	1.082E-02	3.714E+00	3.723E+00	3.723E+00	3.706E+00	3.710E+00	3.719E+00
2.050E+00	3.544E+00	9.214E-03	3.549E+00	3.548E+00	3.552E+00	3.536E+00	3.539E+00	3.549E+00
2.150E+00	3.377E+00	1.122E-02	3.388E+00	3.374E+00	3.384E+00	3.369E+00	3.372E+00	3.382E+00
2.250E+00	3.213E+00	1.568E-02	3.231E+00	3.204E+00	3.219E+00	3.206E+00	3.208E+00	3.218E+00
2.350E+00	3.053E+00	2.114E-02	3.077E+00	3.038E+00	3.059E+00	3.047E+00	3.047E+00	3.058E+00
2.450E+00	2.897E+00	2.696E-02	2.928E+00	2.876E+00	2.902E+00	2.891E+00	2.891E+00	2.902E+00
2.550E+00	2.745E+00	3.286E-02	2.782E+00	2.718E+00	2.750E+00	2.740E+00	2.740E+00	2.750E+00
2.650E+00	2.598E+00	3.870E-02	2.641E+00	2.565E+00	2.602E+00	2.593E+00	2.593E+00	2.603E+00
2.750E+00	2.456E+00	4.437E-02	2.505E+00	2.417E+00	2.460E+00	2.451E+00	2.450E+00	2.461E+00
2.850E+00	2.318E+00	4.981E-02	2.373E+00	2.274E+00	2.322E+00	2.314E+00	2.313E+00	2.323E+00
2.950E+00	2.186E+00	5.496E-02	2.246E+00	2.137E+00	2.189E+00	2.182E+00	2.180E+00	2.191E+00
3.050E+00	2.058E+00	5.977E-02	2.123E+00	2.004E+00	2.061E+00	2.055E+00	2.053E+00	2.063E+00
3.150E+00	1.936E+00	6.422E-02	2.005E+00	1.877E+00	1.938E+00	1.933E+00	1.930E+00	1.941E+00
3.250E+00	1.818E+00	6.827E-02	1.892E+00	1.756E+00	1.821E+00	1.816E+00	1.813E+00	1.824E+00
3.350E+00	1.706E+00	7.192E-02	1.784E+00	1.640E+00	1.708E+00	1.704E+00	1.701E+00	1.711E+00
3.450E+00	1.599E+00	7.515E-02	1.680E+00	1.530E+00	1.601E+00	1.597E+00	1.594E+00	1.604E+00
3.550E+00	1.497E+00	7.795E-02	1.580E+00	1.425E+00	1.498E+00	1.495E+00	1.492E+00	1.502E+00
3.650E+00	1.400E+00	8.032E-02	1.486E+00	1.325E+00	1.401E+00	1.398E+00	1.395E+00	1.404E+00
3.750E+00	1.307E+00	8.227E-02	1.395E+00	1.231E+00	1.308E+00	1.306E+00	1.302E+00	1.312E+00
3.850E+00	1.219E+00	8.381E-02	1.309E+00	1.142E+00	1.220E+00	1.219E+00	1.215E+00	1.224E+00
3.950E+00	1.136E+00	8.495E-02	1.227E+00	1.058E+00	1.137E+00	1.136E+00	1.132E+00	1.141E+00
4.050E+00	1.058E+00	8.569E-02	1.150E+00	9.784E-01	1.058E+00	1.057E+00	1.053E+00	1.062E+00
4.150E+00	9.837E-01	8.607E-02	1.076E+00	9.039E-01	9.839E-01	9.834E-01	9.794E-01	9.879E-01
4.250E+00	9.137E-01	8.609E-02	1.006E+00	8.339E-01	9.138E-01	9.136E-01	9.096E-01	9.178E-01
4.350E+00	8.478E-01	8.579E-02	9.398E-01	7.684E-01	8.478E-01	8.478E-01	8.439E-01	8.517E-01
4.450E+00	7.858E-01	8.517E-02	8.773E-01	7.071E-01	7.857E-01	7.859E-01	7.820E-01	7.896E-01
4.550E+00	7.276E-01	8.427E-02	8.182E-01	6.498E-01	7.274E-01	7.278E-01	7.240E-01	7.312E-01
4.650E+00	6.730E-01	8.311E-02	7.625E-01	5.964E-01	6.727E-01	6.732E-01	6.695E-01	6.765E-01
4.750E+00	6.218E-01	8.172E-02	7.100E-01	5.467E-01	6.215E-01	6.222E-01	6.185E-01	6.252E-01
4.850E+00	5.740E-01	8.011E-02	6.606E-01	5.005E-01	5.736E-01	5.744E-01	5.708E-01	5.772E-01
4.950E+00	5.293E-01	7.831E-02	6.142E-01	4.577E-01	5.289E-01	5.297E-01	5.263E-01	5.323E-01
