5.000E-02	3.471E+00	5.293E-03	3.471E+00	3.471E+00	3.466E+00	3.476E+00	3.471E+00	3.471E+00
1.500E-01	3.447E+00	5.303E-03	3.446E+00	3.448E+00	3.442E+00	3.452E+00	3.447E+00	3.447E+00
2.500E-01	3.407E+00	5.325E-03	3.406E+00	3.408E+00	3.401E+00	3.412E+00	3.407E+00	3.407E+00
3.500E-01	3.352E+00	5.349E-03	3.351E+00	3.354E+00	3.347E+00	3.358E+00	3.352E+00	3.352E+00
4.500E-01	3.286E+00	5.361E-03	3.284E+00	3.287E+00	3.280E+00	3.291E+00	3.286E+00	3.286E+00
5.500E-01	3.208E+00	5.349E-03	3.207E+00	3.210E+00	3.203E+00	3.213E+00	3.208E+00	3.208E+00
6.500E-01	3.121E+00	5.304E-03	3.120E+00	3.123E+00	3.116E+00	3.126E+00	3.121E+00	3.121E+00
7.500E-01	3.026E+00	5.225E-03	3.025E+00	3.028E+00	3.021E+00	3.031E+00	3.026E+00	3.026E+00
8.500E-01	2.924E+00	5.115E-03	2.923E+00	2.925E+00	2.919E+00	2.929E+00	2.924E+00	2.924E+00
9.500E-01	2.816E+00	4.986E-03	2.815E+00	2.817E+00	2.812E+00	2.821E+00	2.816E+00	2.817E+00
1.050E+00	2.704E+00	4.852E-03	2.704E+00	2.705E+00	2.699E+00	2.709E+00	2.704E+00	2.705E+00
1.150E+00	2.588E+00	4.731E-03	2.588E+00	2.588E+00	2.584E+00	2.593E+00	2.588E+00	2.589E+00
1.250E+00	2.470E+00	4.644E-03	2.470E+00	2.470E+00	2.465E+00	2.474E+00	2.469E+00	2.470E+00
1.350E+00	2.350E+00	4.610E-03	2.351E+00	2.349E+00	2.345E+00	2.354E+00	2.349E+00	2.350E+00
1.450E+00	2.229E+00	4.644E-03	2.230E+00	2.228E+00	2.225E+00	2.233E+00	2.228E+00	2.230E+00
1.550E+00	2.108E+00	4.750E-03	2.110E+00	2.106E+00	2.104E+00	2.113E+00	2.108E+00	2.109E+00
1.650E+00	1.989E+00	4.927E-03	1.991E+00	1.986E+00	1.985E+00	1.993E+00	1.988E+00	1.989E+00
1.750E+00	1.871E+00	5.164E-03	1.874E+00	1.867E+00	1.867E+00	1.875E+00	1.870E+00	1.871E+00
1.850E+00	1.755E+00	5.444E-03	1.758E+00	1.751E+00	1.751E+00	1.758E+00	1.754E+00	1.755E+00
1.950E+00	1.641E+00	5.751E-03	1.646E+00	1.637E+00	1.638E+00	1.645E+00	1.640E+00	1.642E+00
2.050E+00	1.531E+00	6.068E-03	1.536E+00	1.526E+00	1.528E+00	1.535E+00	1.530E+00	1.532E+00
2.150E+00	1.425E+00	6.380E-03	1.430E+00	1.419E+00	1.421E+00	1.428E+00	1.424E+00	1.426E+00
2.250E+00	1.322E+00	6.673E-03	1.328E+00	1.316E+00	1.319E+00	1.325E+00	1.321E+00	1.323E+00
2.350E+00	1.224E+00	6.939E-03	1.230E+00	1.218E+00	1.221E+00	1.227E+00	1.223E+00	1.225E+00
2.450E+00	1.130E+00	7.168E-03	1.136E+00	1.123E+00	1.127E+00	1.133E+00	1.129E+00	1.131E+00
2.550E+00	1.040E+00	7.357E-03	1.047E+00	1.034E+00	1.038E+00	1.043E+00	1.040E+00	1.041E+00
2.650E+00	9.557E-01	7.500E-03	9.626E-01	9.488E-01	9.530E-01	9.584E-01	9.549E-01	9.565E-01
2.750E+00	8.757E-01	7.596E-03	8.828E-01	8.686E-01	8.731E-01	8.782E-01	8.749E-01	8.765E-01
2.850E+00	8.003E-01	7.644E-03	8.075E-01	7.931E-01	7.979E-01	8.028E-01	7.995E-01	8.011E-01
2.950E+00	7.297E-01	7.646E-03	7.370E-01	7.224E-01	7.274E-01	7.320E-01	7.289E-01	7.304E-01
3.050E+00	6.636E-01	7.601E-03	6.709E-01	6.564E-01	6.615E-01	6.658E-01	6.629E-01	6.644E-01
3.150E+00	6.021E-01	7.514E-03	6.093E-01	5.949E-01	6.001E-01	6.041E-01	6.014E-01	6.028E-01
3.250E+00	5.450E-01	7.387E-03	5.521E-01	5.379E-01	5.431E-01	5.469E-01	5.443E-01	5.457E-01
3.350E+00	4.921E-01	7.223E-03	4.991E-01	4.851E-01	4.904E-01	4.938E-01	4.915E-01	4.927E-01
3.450E+00	4.433E-01	7.026E-03	4.501E-01	4.365E-01	4.417E-01	4.449E-01	4.427E-01	4.439E-01
3.550E+00	3.984E-01	6.801E-03	4.050E-01	3.918E-01	3.969E-01	3.999E-01	3.978E-01	3.990E-01
3.650E+00	3.572E-01	6.552E-03	3.636E-01	3.508E-01	3.558E-01	3.586E-01	3.566E-01	3.577E-01
3.750E+00	3.195E-01	6.282E-03	3.257E-01	3.134E-01	3.182E-01	3.208E-01	3.190E-01	3.200E-01
3.850E+00	2.851E-01	5.997E-03	2.910E-01	2.793E-01	2.840E-01	2.863E-01	2.847E-01	2.856E-01
3.950E+00	2.539E-01	5.700E-03	2.595E-01	2.483E-01	2.528E-01	2.550E-01	2.534E-01	2.543E-01
4.050E+00	2.255E-01	5.394E-03	2.309E-01	2.203E-01	2.246E-01	2.265E-01	2.251E-01	2.260E-01
4.150E+00	1.999E-01	5.084E-03	2.049E-01	1.950E-01	1.990E-01	2.008E-01	1.995E-01	2.003E-01
4.250E+00	1.768E-01	4.773E-03	1.815E-01	1.721E-01	1.760E-01	1.776E-01	1.764E-01	1.771E-01
4.350E+00	1.560E-01	4.464E-03	1.604E-01	1.516E-01	1.552E-01	1.567E-01	1.557E-01	1.563E-01
4.450E+00	1.373E-01	4.159E-03	1.415E-01	1.333E-01	1.367E-01	1.380E-01	1.370E-01	1.376E-01
4.550E+00	1.206E-01	3.860E-03	1.245E-01	1.169E-01	1.200E-01	1.212E-01	1.204E-01	1.209E-01
4.650E+00	1.057E-01	3.570E-03	1.093E-01	1.023E-01	1.052E-01	1.063E-01	1.055E-01	1.060E-01
4.750E+00	9.247E-02	3.290E-03	9.576E-02	8.927E-02	9.198E-02	9.296E-02	9.224E-02	9.270E-02
4.850E+00	8.069E-02	3.021E-03	8.372E-02	7.775E-02	8.026E-02	8.113E-02	8.049E-02	8.090E-02
4.950E+00	7.026E-02	2.765E-03	7.303E-02	6.757E-02	6.987E-02	7.066E-02	7.008E-02	7.045E-02
