5.000E-02	3.286E+00	4.855E-03	3.286E+00	3.286E+00	3.291E+00	3.281E+00	3.286E+00	3.286E+00
1.500E-01	3.266E+00	4.847E-03	3.267E+00	3.266E+00	3.271E+00	3.262E+00	3.266E+00	3.266E+00
2.500E-01	3.231E+00	4.833E-03	3.231E+00	3.230E+00	3.235E+00	3.226E+00	3.231E+00	3.231E+00
3.500E-01	3.180E+00	4.811E-03	3.181E+00	3.180E+00	3.185E+00	3.176E+00	3.180E+00	3.180E+00
4.500E-01	3.117E+00	4.778E-03	3.118E+00	3.117E+00	3.122E+00	3.113E+00	3.117E+00	3.117E+00
5.500E-01	3.043E+00	4.733E-03	3.043E+00	3.042E+00	3.047E+00	3.038E+00	3.042E+00	3.043E+00
6.500E-01	2.957E+00	4.677E-03	2.958E+00	2.957E+00	2.962E+00	2.953E+00	2.957E+00	2.957E+00
7.500E-01	2.863E+00	4.613E-03	2.863E+00	2.863E+00	2.868E+00	2.858E+00	2.863E+00	2.863E+00
8.500E-01	2.761E+00	4.547E-03	2.761E+00	2.761E+00	2.765E+00	2.756E+00	2.760E+00	2.761E+00
9.500E-01	2.652E+00	4.487E-03	2.651E+00	2.652E+00	2.656E+00	2.647E+00	2.651E+00	2.652E+00
1.050E+00	2.537E+00	4.441E-03	2.537E+00	2.538E+00	2.542E+00	2.533E+00	2.537E+00	2.538E+00
1.150E+00	2.419E+00	4.418E-03	2.418E+00	2.420E+00	2.423E+00	2.415E+00	2.418E+00	2.419E+00
1.250E+00	2.297E+00	4.423E-03	2.296E+00	2.299E+00	2.301E+00	2.293E+00	2.297E+00	2.298E+00
1.350E+00	2.174E+00	4.462E-03	2.172E+00	2.176E+00	2.178E+00	2.170E+00	2.173E+00	2.174E+00
1.450E+00	2.050E+00	4.533E-03	2.047E+00	2.052E+00	2.053E+00	2.046E+00	2.049E+00	2.050E+00
1.550E+00	1.925E+00	4.633E-03	1.923E+00	1.928E+00	1.929E+00	1.922E+00	1.925E+00	1.926E+00
1.650E+00	1.802E+00	4.756E-03	1.799E+00	1.805E+00	1.806E+00	1.799E+00	1.802E+00	1.803E+00
1.750E+00	1.681E+00	4.894E-03	1.678E+00	1.685E+00	1.685E+00	1.678E+00	1.681E+00	1.682E+00
1.850E+00	1.563E+00	5.036E-03	1.559E+00	1.566E+00	1.566E+00	1.559E+00	1.562E+00	1.563E+00
1.950E+00	1.448E+00	5.174E-03	1.444E+00	1.452E+00	1.451E+00	1.444E+00	1.447E+00	1.448E+00
2.050E+00	1.336E+00	5.300E-03	1.332E+00	1.341E+00	1.339E+00	1.333E+00	1.336E+00	1.337E+00
2.150E+00	1.229E+00	5.406E-03	1.225E+00	1.234E+00	1.232E+00	1.226E+00	1.229E+00	1.230E+00
2.250E+00	1.127E+00	5.488E-03	1.122E+00	1.132E+00	1.130E+00	1.124E+00	1.126E+00	1.128E+00
2.350E+00	1.030E+00	5.540E-03	1.025E+00	1.035E+00	1.032E+00	1.027E+00	1.029E+00	1.030E+00
2.450E+00	9.378E-01	5.560E-03	9.329E-01	9.427E-01	9.403E-01	9.353E-01	9.372E-01	9.384E-01
2.550E+00	8.512E-01	5.546E-03	8.462E-01	8.562E-01	8.535E-01	8.488E-01	8.505E-01	8.518E-01
2.650E+00	7.700E-01	5.499E-03	7.650E-01	7.750E-01	7.722E-01	7.678E-01	7.694E-01	7.706E-01
2.750E+00	6.942E-01	5.420E-03	6.892E-01	6.992E-01	6.963E-01	6.922E-01	6.936E-01	6.948E-01
2.850E+00	6.239E-01	5.309E-03	6.189E-01	6.288E-01	6.258E-01	6.220E-01	6.233E-01	6.244E-01
2.950E+00	5.588E-01	5.170E-03	5.540E-01	5.636E-01	5.606E-01	5.570E-01	5.583E-01	5.593E-01
3.050E+00	4.989E-01	5.005E-03	4.942E-01	5.036E-01	5.005E-01	4.973E-01	4.984E-01	4.994E-01
3.150E+00	4.440E-01	4.817E-03	4.394E-01	4.485E-01	4.455E-01	4.425E-01	4.435E-01	4.444E-01
3.250E+00	3.938E-01	4.610E-03	3.895E-01	3.982E-01	3.952E-01	3.924E-01	3.934E-01	3.943E-01
3.350E+00	3.482E-01	4.388E-03	3.440E-01	3.524E-01	3.495E-01	3.470E-01	3.478E-01	3.486E-01
3.450E+00	3.069E-01	4.154E-03	3.029E-01	3.109E-01	3.080E-01	3.058E-01	3.065E-01	3.073E-01
3.550E+00	2.696E-01	3.911E-03	2.659E-01	2.734E-01	2.707E-01	2.686E-01	2.693E-01	2.700E-01
3.650E+00	2.361E-01	3.664E-03	2.326E-01	2.397E-01	2.371E-01	2.352E-01	2.358E-01	2.365E-01
3.750E+00	2.062E-01	3.415E-03	2.029E-01	2.095E-01	2.070E-01	2.053E-01	2.058E-01	2.065E-01
3.850E+00	1.794E-01	3.167E-03	1.764E-01	1.825E-01	1.802E-01	1.787E-01	1.791E-01	1.797E-01
3.950E+00	1.556E-01	2.923E-03	1.528E-01	1.585E-01	1.563E-01	1.550E-01	1.554E-01	1.559E-01
4.050E+00	1.346E-01	2.685E-03	1.320E-01	1.372E-01	1.352E-01	1.340E-01	1.344E-01	1.348E-01
4.150E+00	1.160E-01	2.455E-03	1.137E-01	1.185E-01	1.166E-01	1.155E-01	1.158E-01	1.163E-01
4.250E+00	9.974E-02	2.234E-03	9.758E-02	1.019E-01	1.002E-01	9.927E-02	9.955E-02	9.993E-02
4.350E+00	8.546E-02	2.024E-03	8.350E-02	8.745E-02	8.588E-02	8.504E-02	8.529E-02	8.563E-02
4.450E+00	7.300E-02	1.825E-03	7.123E-02	7.479E-02	7.337E-02	7.263E-02	7.285E-02	7.314E-02
4.550E+00	6.216E-02	1.639E-03	6.057E-02	6.378E-02	6.248E-02	6.184E-02	6.203E-02	6.229E-02
4.650E+00	5.277E-02	1.466E-03	5.135E-02	5.422E-02	5.305E-02	5.249E-02	5.265E-02	5.289E-02
4.750E+00	4.466E-02	1.305E-03	4.340E-02	4.595E-02	4.491E-02	4.442E-02	4.456E-02	4.476E-02
4.850E+00	3.768E-02	1.157E-03	3.656E-02	3.883E-02	3.790E-02	3.747E-02	3.759E-02	3.777E-02
4.950E+00	3.170E-02	1.022E-03	3.071E-02	3.271E-02	3.189E-02	3.152E-02	3.162E-02	3.178E-02
