5.000E-02	3.611E+00	9.223E-03	3.607E+00	3.616E+00	3.603E+00	3.619E+00	3.611E+00	3.611E+00
1.500E-01	3.592E+00	8.640E-03	3.588E+00	3.595E+00	3.584E+00	3.600E+00	3.592E+00	3.592E+00
2.500E-01	3.559E+00	8.117E-03	3.557E+00	3.561E+00	3.551E+00	3.567E+00	3.559E+00	3.559E+00
3.500E-01	3.515E+00	7.796E-03	3.515E+00	3.516E+00	3.508E+00	3.523E+00	3.515E+00	3.515E+00
4.500E-01	3.462E+00	7.688E-03	3.462E+00	3.461E+00	3.454E+00	3.469E+00	3.461E+00	3.462E+00
5.500E-01	3.399E+00	7.729E-03	3.401E+00	3.398E+00	3.392E+00	3.407E+00	3.399E+00	3.399E+00
6.500E-01	3.329E+00	7.826E-03	3.331E+00	3.326E+00	3.322E+00	3.336E+00	3.329E+00	3.329E+00
7.500E-01	3.252E+00	7.896E-03	3.255E+00	3.249E+00	3.245E+00	3.259E+00	3.251E+00	3.252E+00
8.500E-01	3.169E+00	7.882E-03	3.172E+00	3.165E+00	3.162E+00	3.176E+00	3.168E+00	3.169E+00
9.500E-01	3.080E+00	7.751E-03	3.084E+00	3.077E+00	3.073E+00	3.087E+00	3.080E+00	3.081E+00
1.050E+00	2.987E+00	7.501E-03	2.991E+00	2.984E+00	2.981E+00	2.994E+00	2.987E+00	2.988E+00
1.150E+00	2.891E+00	7.150E-03	2.893E+00	2.888E+00	2.884E+00	2.897E+00	2.890E+00	2.892E+00
1.250E+00	2.791E+00	6.746E-03	2.793E+00	2.789E+00	2.785E+00	2.797E+00	2.790E+00	2.792E+00
1.350E+00	2.689E+00	6.361E-03	2.690E+00	2.688E+00	2.683E+00	2.695E+00	2.688E+00	2.690E+00
1.450E+00	2.585E+00	6.100E-03	2.585E+00	2.585E+00	2.579E+00	2.591E+00	2.584E+00	2.586E+00
1.550E+00	2.480E+00	6.078E-03	2.479E+00	2.481E+00	2.474E+00	2.486E+00	2.479E+00	2.481E+00
1.650E+00	2.374E+00	6.383E-03	2.371E+00	2.377E+00	2.369E+00	2.380E+00	2.373E+00	2.375E+00
1.750E+00	2.268E+00	7.037E-03	2.264E+00	2.273E+00	2.263E+00	2.274E+00	2.267E+00	2.270E+00
1.850E+00	2.163E+00	7.993E-03	2.157E+00	2.169E+00	2.158E+00	2.168E+00	2.161E+00	2.164E+00
1.950E+00	2.058E+00	9.175E-03	2.051E+00	2.066E+00	2.053E+00	2.063E+00	2.057E+00	2.060E+00
2.050E+00	1.955E+00	1.051E-02	1.946E+00	1.964E+00	1.950E+00	1.960E+00	1.953E+00	1.957E+00
2.150E+00	1.853E+00	1.192E-02	1.842E+00	1.864E+00	1.849E+00	1.858E+00	1.852E+00	1.855E+00
2.250E+00	1.754E+00	1.337E-02	1.741E+00	1.766E+00	1.749E+00	1.758E+00	1.752E+00	1.755E+00
2.350E+00	1.656E+00	1.482E-02	1.642E+00	1.670E+00	1.652E+00	1.660E+00	1.654E+00	1.658E+00
2.450E+00	1.561E+00	1.623E-02	1.546E+00	1.577E+00	1.557E+00	1.565E+00	1.559E+00	1.563E+00
2.550E+00	1.469E+00	1.758E-02	1.452E+00	1.486E+00	1.465E+00	1.472E+00	1.467E+00	1.471E+00
2.650E+00	1.380E+00	1.885E-02	1.361E+00	1.398E+00	1.376E+00	1.383E+00	1.378E+00	1.381E+00
2.750E+00	1.293E+00	2.002E-02	1.274E+00	1.313E+00	1.290E+00	1.297E+00	1.292E+00	1.295E+00
2.850E+00	1.210E+00	2.108E-02	1.190E+00	1.231E+00	1.207E+00	1.213E+00	1.209E+00	1.212E+00
2.950E+00	1.131E+00	2.202E-02	1.109E+00	1.153E+00	1.128E+00	1.134E+00	1.129E+00	1.133E+00
3.050E+00	1.055E+00	2.283E-02	1.032E+00	1.077E+00	1.052E+00	1.057E+00	1.053E+00	1.056E+00
3.150E+00	9.818E-01	2.351E-02	9.587E-01	1.005E+00	9.793E-01	9.842E-01	9.801E-01	9.835E-01
3.250E+00	9.124E-01	2.406E-02	8.887E-01	9.365E-01	9.101E-01	9.147E-01	9.107E-01	9.141E-01
3.350E+00	8.465E-01	2.447E-02	8.224E-01	8.711E-01	8.443E-01	8.486E-01	8.448E-01	8.481E-01
3.450E+00	7.840E-01	2.475E-02	7.597E-01	8.089E-01	7.820E-01	7.860E-01	7.824E-01	7.856E-01
3.550E+00	7.249E-01	2.490E-02	7.004E-01	7.500E-01	7.231E-01	7.268E-01	7.234E-01	7.265E-01
3.650E+00	6.692E-01	2.493E-02	6.446E-01	6.943E-01	6.674E-01	6.709E-01	6.676E-01	6.707E-01
3.750E+00	6.167E-01	2.484E-02	5.923E-01	6.417E-01	6.151E-01	6.183E-01	6.152E-01	6.181E-01
3.850E+00	5.673E-01	2.464E-02	5.432E-01	5.923E-01	5.659E-01	5.688E-01	5.659E-01	5.688E-01
3.950E+00	5.211E-01	2.434E-02	4.972E-01	5.458E-01	5.198E-01	5.225E-01	5.198E-01	5.225E-01
4.050E+00	4.779E-01	2.394E-02	4.544E-01	5.022E-01	4.766E-01	4.791E-01	4.766E-01	4.792E-01
4.150E+00	4.375E-01	2.346E-02	4.146E-01	4.613E-01	4.364E-01	4.387E-01	4.363E-01	4.388E-01
4.250E+00	3.999E-01	2.290E-02	3.775E-01	4.232E-01	3.989E-01	4.010E-01	3.987E-01	4.011E-01
4.350E+00	3.650E-01	2.227E-02	3.432E-01	3.877E-01	3.640E-01	3.659E-01	3.638E-01	3.661E-01
4.450E+00	3.325E-01	2.159E-02	3.115E-01	3.546E-01	3.317E-01	3.334E-01	3.315E-01	3.336E-01
4.550E+00	3.025E-01	2.086E-02	2.822E-01	3.239E-01	3.017E-01	3.033E-01	3.015E-01	3.035E-01
4.650E+00	2.748E-01	2.008E-02	2.553E-01	2.954E-01	2.740E-01	2.755E-01	2.738E-01	2.757E-01
4.750E+00	2.492E-01	1.927E-02	2.305E-01	2.690E-01	2.485E-01	2.499E-01	2.483E-01	2.501E-01
4.850E+00	2.256E-01	1.844E-02	2.078E-01	2.446E-01	2.250E-01	2.262E-01	2.248E-01	2.265E-01
4.950E+00	2.040E-01	1.760E-02	1.870E-01	2.221E-01	2.034E-01	2.045E-01	2.032E-01	2.048E-01
