5.000E-02	3.417E+00	1.889E-02	3.399E+00	3.436E+00	3.420E+00	3.415E+00	3.417E+00	3.418E+00
1.500E-01	3.390E+00	1.567E-02	3.375E+00	3.406E+00	3.393E+00	3.388E+00	3.390E+00	3.391E+00
2.500E-01	3.343E+00	1.165E-02	3.331E+00	3.354E+00	3.345E+00	3.341E+00	3.343E+00	3.343E+00
3.500E-01	3.278E+00	7.516E-03	3.270E+00	3.285E+00	3.280E+00	3.276E+00	3.278E+00	3.278E+00
4.500E-01	3.197E+00	3.822E-03	3.194E+00	3.200E+00	3.200E+00	3.195E+00	3.197E+00	3.198E+00
5.500E-01	3.103E+00	2.140E-03	3.103E+00	3.102E+00	3.105E+00	3.101E+00	3.103E+00	3.104E+00
6.500E-01	2.997E+00	3.951E-03	3.000E+00	2.994E+00	2.999E+00	2.995E+00	2.997E+00	2.998E+00
7.500E-01	2.882E+00	5.989E-03	2.887E+00	2.876E+00	2.883E+00	2.880E+00	2.881E+00	2.882E+00
8.500E-01	2.758E+00	7.434E-03	2.765E+00	2.750E+00	2.759E+00	2.756E+00	2.757E+00	2.758E+00
9.500E-01	2.627E+00	8.186E-03	2.635E+00	2.619E+00	2.629E+00	2.626E+00	2.627E+00	2.628E+00
1.050E+00	2.492E+00	8.253E-03	2.500E+00	2.484E+00	2.494E+00	2.491E+00	2.492E+00	2.493E+00
1.150E+00	2.354E+00	7.683E-03	2.362E+00	2.347E+00	2.355E+00	2.353E+00	2.353E+00	2.355E+00
1.250E+00	2.214E+00	6.552E-03	2.221E+00	2.208E+00	2.215E+00	2.213E+00	2.213E+00	2.215E+00
1.350E+00	2.074E+00	4.959E-03	2.079E+00	2.069E+00	2.075E+00	2.073E+00	2.073E+00	2.075E+00
1.450E+00	1.934E+00	3.048E-03	1.938E+00	1.932E+00	1.935E+00	1.934E+00	1.934E+00	1.935E+00
1.550E+00	1.797E+00	1.350E-03	1.798E+00	1.797E+00	1.798E+00	1.796E+00	1.796E+00	1.798E+00
1.650E+00	1.663E+00	2.410E-03	1.661E+00	1.666E+00	1.664E+00	1.662E+00	1.662E+00	1.664E+00
1.750E+00	1.533E+00	4.821E-03	1.529E+00	1.538E+00	1.533E+00	1.532E+00	1.532E+00	1.534E+00
1.850E+00	1.407E+00	7.374E-03	1.401E+00	1.415E+00	1.408E+00	1.407E+00	1.406E+00	1.408E+00
1.950E+00	1.287E+00	9.890E-03	1.278E+00	1.297E+00	1.287E+00	1.287E+00	1.286E+00	1.288E+00
2.050E+00	1.172E+00	1.228E-02	1.161E+00	1.185E+00	1.173E+00	1.172E+00	1.171E+00	1.174E+00
2.150E+00	1.064E+00	1.449E-02	1.050E+00	1.079E+00	1.064E+00	1.064E+00	1.063E+00	1.065E+00
2.250E+00	9.621E-01	1.646E-02	9.464E-01	9.792E-01	9.622E-01	9.620E-01	9.611E-01	9.632E-01
2.350E+00	8.667E-01	1.816E-02	8.492E-01	8.855E-01	8.667E-01	8.666E-01	8.656E-01	8.677E-01
2.450E+00	7.778E-01	1.958E-02	7.589E-01	7.980E-01	7.778E-01	7.778E-01	7.768E-01	7.788E-01
2.550E+00	6.955E-01	2.069E-02	6.755E-01	7.168E-01	6.954E-01	6.955E-01	6.945E-01	6.964E-01
2.650E+00	6.196E-01	2.150E-02	5.988E-01	6.418E-01	6.195E-01	6.197E-01	6.186E-01	6.205E-01
2.750E+00	5.500E-01	2.202E-02	5.287E-01	5.727E-01	5.498E-01	5.501E-01	5.491E-01	5.508E-01
2.850E+00	4.864E-01	2.225E-02	4.649E-01	5.094E-01	4.863E-01	4.866E-01	4.856E-01	4.873E-01
2.950E+00	4.287E-01	2.222E-02	4.072E-01	4.517E-01	4.285E-01	4.288E-01	4.279E-01	4.295E-01
3.050E+00	3.764E-01	2.196E-02	3.553E-01	3.992E-01	3.763E-01	3.766E-01	3.757E-01	3.772E-01
3.150E+00	3.294E-01	2.148E-02	3.088E-01	3.517E-01	3.292E-01	3.296E-01	3.287E-01	3.301E-01
3.250E+00	2.872E-01	2.082E-02	2.673E-01	3.089E-01	2.871E-01	2.874E-01	2.866E-01	2.879E-01
3.350E+00	2.496E-01	2.000E-02	2.304E-01	2.704E-01	2.494E-01	2.498E-01	2.490E-01	2.502E-01
3.450E+00	2.161E-01	1.907E-02	1.979E-01	2.360E-01	2.160E-01	2.163E-01	2.156E-01	2.166E-01
3.550E+00	1.865E-01	1.803E-02	1.693E-01	2.054E-01	1.863E-01	1.867E-01	1.860E-01	1.870E-01
3.650E+00	1.604E-01	1.693E-02	1.443E-01	1.782E-01	1.602E-01	1.605E-01	1.599E-01	1.608E-01
3.750E+00	1.374E-01	1.579E-02	1.225E-01	1.541E-01	1.373E-01	1.376E-01	1.371E-01	1.378E-01
3.850E+00	1.174E-01	1.463E-02	1.036E-01	1.329E-01	1.173E-01	1.175E-01	1.170E-01	1.177E-01
3.950E+00	9.992E-02	1.347E-02	8.729E-02	1.142E-01	9.980E-02	1.000E-01	9.961E-02	1.002E-01
4.050E+00	8.477E-02	1.232E-02	7.326E-02	9.790E-02	8.465E-02	8.488E-02	8.449E-02	8.504E-02
4.150E+00	7.167E-02	1.120E-02	6.126E-02	8.366E-02	7.156E-02	7.177E-02	7.142E-02	7.191E-02
4.250E+00	6.039E-02	1.013E-02	5.102E-02	7.128E-02	6.030E-02	6.048E-02	6.017E-02	6.061E-02
4.350E+00	5.072E-02	9.112E-03	4.234E-02	6.056E-02	5.063E-02	5.080E-02	5.053E-02	5.091E-02
4.450E+00	4.245E-02	8.151E-03	3.500E-02	5.130E-02	4.238E-02	4.253E-02	4.229E-02	4.262E-02
4.550E+00	3.542E-02	7.253E-03	2.883E-02	4.333E-02	3.535E-02	3.549E-02	3.527E-02	3.556E-02
4.650E+00	2.945E-02	6.421E-03	2.365E-02	3.649E-02	2.939E-02	2.951E-02	2.933E-02	2.958E-02
4.750E+00	2.441E-02	5.656E-03	1.934E-02	3.065E-02	2.436E-02	2.446E-02	2.430E-02	2.452E-02
4.850E+00	2.017E-02	4.959E-03	1.575E-02	2.566E-02	2.012E-02	2.021E-02	2.007E-02	2.026E-02
4.950E+00	1.660E-02	4.326E-03	1.278E-02	2.143E-02	1.657E-02	1.664E-02	1.653E-02	1.668E-02
