5.000E-02	7.596E+00	8.599E-01	6.688E+00	8.408E+00	7.608E+00	7.584E+00	7.595E+00	7.597E+00
1.500E-01	7.546E+00	7.200E-01	6.683E+00	8.123E+00	7.558E+00	7.534E+00	7.545E+00	7.547E+00
2.500E-01	7.453E+00	5.719E-01	6.668E+00	7.812E+00	7.465E+00	7.442E+00	7.452E+00	7.454E+00
3.500E-01	7.321E+00	4.258E-01	6.639E+00	7.491E+00	7.332E+00	7.310E+00	7.320E+00	7.323E+00
4.500E-01	7.154E+00	2.870E-01	6.594E+00	7.168E+00	7.164E+00	7.143E+00	7.152E+00	7.155E+00
5.500E-01	6.954E+00	1.588E-01	6.530E+00	6.847E+00	6.964E+00	6.945E+00	6.952E+00	6.956E+00
6.500E-01	6.726E+00	4.407E-02	6.444E+00	6.530E+00	6.735E+00	6.717E+00	6.724E+00	6.728E+00
7.500E-01	6.473E+00	5.802E-02	6.335E+00	6.221E+00	6.481E+00	6.466E+00	6.471E+00	6.476E+00
8.500E-01	6.199E+00	1.424E-01	6.203E+00	5.919E+00	6.206E+00	6.193E+00	6.197E+00	6.202E+00
9.500E-01	5.909E+00	2.106E-01	6.047E+00	5.626E+00	5.914E+00	5.903E+00	5.905E+00	5.912E+00
1.050E+00	5.605E+00	2.620E-01	5.866E+00	5.342E+00	5.609E+00	5.600E+00	5.601E+00	5.608E+00
1.150E+00	5.291E+00	2.967E-01	5.662E+00	5.069E+00	5.294E+00	5.288E+00	5.287E+00	5.295E+00
1.250E+00	4.972E+00	3.152E-01	5.436E+00	4.806E+00	4.974E+00	4.970E+00	4.968E+00	4.976E+00
1.350E+00	4.650E+00	3.184E-01	5.189E+00	4.552E+00	4.651E+00	4.650E+00	4.646E+00	4.655E+00
1.450E+00	4.329E+00	3.073E-01	4.924E+00	4.310E+00	4.329E+00	4.330E+00	4.325E+00	4.334E+00
1.550E+00	4.012E+00	2.834E-01	4.644E+00	4.077E+00	4.011E+00	4.014E+00	4.007E+00	4.017E+00
1.650E+00	3.701E+00	2.482E-01	4.351E+00	3.855E+00	3.699E+00	3.704E+00	3.697E+00	3.706E+00
1.750E+00	3.399E+00	2.036E-01	4.049E+00	3.642E+00	3.396E+00	3.402E+00	3.394E+00	3.404E+00
1.850E+00	3.108E+00	1.514E-01	3.742E+00	3.440E+00	3.104E+00	3.111E+00	3.103E+00	3.113E+00
1.950E+00	2.829E+00	9.368E-02	3.434E+00	3.247E+00	2.824E+00	2.833E+00	2.824E+00	2.834E+00
2.050E+00	2.563E+00	3.269E-02	3.127E+00	3.063E+00	2.558E+00	2.568E+00	2.558E+00	2.568E+00
2.150E+00	2.312E+00	3.204E-02	2.825E+00	2.888E+00	2.307E+00	2.317E+00	2.307E+00	2.317E+00
2.250E+00	2.077E+00	9.470E-02	2.533E+00	2.722E+00	2.071E+00	2.082E+00	2.072E+00	2.082E+00
2.350E+00	1.857E+00	1.561E-01	2.252E+00	2.564E+00	1.852E+00	1.863E+00	1.853E+00	1.862E+00
2.450E+00	1.654E+00	2.144E-01	1.986E+00	2.414E+00	1.648E+00	1.659E+00	1.649E+00	1.658E+00
2.550E+00	1.466E+00	2.684E-01	1.736E+00	2.272E+00	1.460E+00	1.471E+00	1.462E+00	1.470E+00
2.650E+00	1.294E+00	3.171E-01	1.504E+00	2.138E+00	1.288E+00	1.299E+00	1.290E+00	1.298E+00
2.750E+00	1.137E+00	3.598E-01	1.291E+00	2.011E+00	1.132E+00	1.143E+00	1.133E+00	1.141E+00
2.850E+00	9.951E-01	3.960E-01	1.098E+00	1.890E+00	9.899E-01	1.000E+00	9.916E-01	9.986E-01
2.950E+00	8.671E-01	4.255E-01	9.253E-01	1.776E+00	8.621E-01	8.721E-01	8.638E-01	8.703E-01
3.050E+00	7.523E-01	4.482E-01	7.721E-01	1.669E+00	7.476E-01	7.570E-01	7.493E-01	7.553E-01
3.150E+00	6.500E-01	4.645E-01	6.379E-01	1.567E+00	6.456E-01	6.544E-01	6.472E-01	6.527E-01
3.250E+00	5.592E-01	4.745E-01	5.217E-01	1.471E+00	5.551E-01	5.633E-01	5.567E-01	5.617E-01
3.350E+00	4.790E-01	4.789E-01	4.223E-01	1.380E+00	4.752E-01	4.829E-01	4.768E-01	4.813E-01
3.450E+00	4.087E-01	4.782E-01	3.383E-01	1.295E+00	4.052E-01	4.122E-01	4.066E-01	4.107E-01
3.550E+00	3.472E-01	4.731E-01	2.681E-01	1.214E+00	3.440E-01	3.504E-01	3.453E-01	3.490E-01
3.650E+00	2.937E-01	4.641E-01	2.102E-01	1.138E+00	2.908E-01	2.966E-01	2.920E-01	2.953E-01
3.750E+00	2.474E-01	4.520E-01	1.629E-01	1.067E+00	2.448E-01	2.500E-01	2.459E-01	2.489E-01
3.850E+00	2.076E-01	4.373E-01	1.249E-01	9.995E-01	2.052E-01	2.099E-01	2.063E-01	2.088E-01
3.950E+00	1.734E-01	4.208E-01	9.463E-02	9.362E-01	1.714E-01	1.755E-01	1.723E-01	1.745E-01
4.050E+00	1.443E-01	4.029E-01	7.088E-02	8.767E-01	1.425E-01	1.461E-01	1.433E-01	1.453E-01
4.150E+00	1.195E-01	3.841E-01	5.246E-02	8.207E-01	1.180E-01	1.211E-01	1.187E-01	1.204E-01
4.250E+00	9.863E-02	3.648E-01	3.837E-02	7.680E-01	9.726E-02	1.000E-01	9.790E-02	9.938E-02
4.350E+00	8.105E-02	3.454E-01	2.772E-02	7.186E-01	7.986E-02	8.226E-02	8.042E-02	8.169E-02
4.450E+00	6.633E-02	3.262E-01	1.978E-02	6.721E-01	6.531E-02	6.738E-02	6.579E-02	6.688E-02
4.550E+00	5.407E-02	3.073E-01	1.394E-02	6.285E-01	5.319E-02	5.496E-02	5.361E-02	5.453E-02
4.650E+00	4.389E-02	2.889E-01	9.696E-03	5.876E-01	4.314E-02	4.465E-02	4.350E-02	4.428E-02
4.750E+00	3.548E-02	2.713E-01	6.659E-03	5.492E-01	3.484E-02	3.613E-02	3.515E-02	3.581E-02
4.850E+00	2.857E-02	2.543E-01	4.514E-03	5.132E-01	2.803E-02	2.911E-02	2.829E-02	2.884E-02
4.950E+00	2.291E-02	2.382E-01	3.019E-03	4.794E-01	2.246E-02	2.337E-02	2.268E-02	2.314E-02
