5.000E-02	7.879E+00	5.717E-03	7.883E+00	7.875E+00	7.883E+00	7.875E+00	7.879E+00	7.879E+00
1.500E-01	7.833E+00	5.227E-03	7.836E+00	7.829E+00	7.837E+00	7.828E+00	7.833E+00	7.833E+00
2.500E-01	7.750E+00	4.711E-03	7.753E+00	7.748E+00	7.755E+00	7.746E+00	7.750E+00	7.750E+00
3.500E-01	7.636E+00	4.313E-03	7.637E+00	7.635E+00	7.640E+00	7.632E+00	7.636E+00	7.636E+00
4.500E-01	7.493E+00	4.080E-03	7.494E+00	7.493E+00	7.497E+00	7.489E+00	7.493E+00	7.493E+00
5.500E-01	7.324E+00	3.981E-03	7.324E+00	7.324E+00	7.328E+00	7.320E+00	7.324E+00	7.324E+00
6.500E-01	7.132E+00	3.948E-03	7.131E+00	7.133E+00	7.136E+00	7.128E+00	7.132E+00	7.132E+00
7.500E-01	6.919E+00	3.913E-03	6.918E+00	6.920E+00	6.923E+00	6.915E+00	6.919E+00	6.920E+00
8.500E-01	6.689E+00	3.832E-03	6.688E+00	6.690E+00	6.693E+00	6.685E+00	6.688E+00	6.689E+00
9.500E-01	6.443E+00	3.693E-03	6.443E+00	6.444E+00	6.447E+00	6.440E+00	6.443E+00	6.444E+00
1.050E+00	6.186E+00	3.521E-03	6.185E+00	6.186E+00	6.189E+00	6.182E+00	6.185E+00	6.186E+00
1.150E+00	5.918E+00	3.376E-03	5.918E+00	5.918E+00	5.921E+00	5.914E+00	5.917E+00	5.918E+00
1.250E+00	5.643E+00	3.347E-03	5.643E+00	5.642E+00	5.646E+00	5.639E+00	5.642E+00	5.643E+00
1.350E+00	5.363E+00	3.528E-03	5.364E+00	5.361E+00	5.366E+00	5.360E+00	5.362E+00	5.363E+00
1.450E+00	5.080E+00	3.962E-03	5.082E+00	5.077E+00	5.083E+00	5.077E+00	5.079E+00	5.081E+00
1.550E+00	4.796E+00	4.626E-03	4.800E+00	4.793E+00	4.799E+00	4.793E+00	4.795E+00	4.797E+00
1.650E+00	4.514E+00	5.460E-03	4.519E+00	4.509E+00	4.517E+00	4.512E+00	4.513E+00	4.515E+00
1.750E+00	4.235E+00	6.401E-03	4.241E+00	4.229E+00	4.238E+00	4.233E+00	4.234E+00	4.236E+00
1.850E+00	3.961E+00	7.396E-03	3.968E+00	3.954E+00	3.963E+00	3.959E+00	3.960E+00	3.962E+00
1.950E+00	3.693E+00	8.401E-03	3.701E+00	3.685E+00	3.695E+00	3.691E+00	3.692E+00	3.694E+00
2.050E+00	3.433E+00	9.382E-03	3.442E+00	3.424E+00	3.435E+00	3.431E+00	3.432E+00	3.434E+00
2.150E+00	3.181E+00	1.031E-02	3.191E+00	3.171E+00	3.183E+00	3.179E+00	3.180E+00	3.182E+00
2.250E+00	2.939E+00	1.117E-02	2.950E+00	2.928E+00	2.940E+00	2.937E+00	2.938E+00	2.940E+00
2.350E+00	2.707E+00	1.194E-02	2.718E+00	2.695E+00	2.708E+00	2.705E+00	2.706E+00	2.708E+00
2.450E+00	2.486E+00	1.261E-02	2.498E+00	2.473E+00	2.487E+00	2.484E+00	2.484E+00	2.487E+00
2.550E+00	2.276E+00	1.316E-02	2.289E+00	2.263E+00	2.277E+00	2.274E+00	2.275E+00	2.277E+00
2.650E+00	2.077E+00	1.360E-02	2.091E+00	2.064E+00	2.079E+00	2.076E+00	2.076E+00	2.079E+00
2.750E+00	1.891E+00	1.392E-02	1.905E+00	1.877E+00	1.892E+00	1.890E+00	1.890E+00	1.892E+00
2.850E+00	1.716E+00	1.412E-02	1.730E+00	1.702E+00	1.717E+00	1.715E+00	1.715E+00	1.717E+00
2.950E+00	1.553E+00	1.421E-02	1.567E+00	1.539E+00	1.554E+00	1.552E+00	1.552E+00	1.554E+00
3.050E+00	1.401E+00	1.418E-02	1.415E+00	1.387E+00	1.402E+00	1.400E+00	1.400E+00	1.402E+00
3.150E+00	1.261E+00	1.405E-02	1.275E+00	1.247E+00	1.262E+00	1.260E+00	1.260E+00	1.262E+00
3.250E+00	1.131E+00	1.383E-02	1.145E+00	1.117E+00	1.132E+00	1.130E+00	1.130E+00	1.132E+00
3.350E+00	1.012E+00	1.352E-02	1.025E+00	9.985E-01	1.013E+00	1.011E+00	1.011E+00	1.013E+00
3.450E+00	9.027E-01	1.313E-02	9.159E-01	8.897E-01	9.033E-01	9.022E-01	9.020E-01	9.035E-01
3.550E+00	8.030E-01	1.268E-02	8.158E-01	7.905E-01	8.035E-01	8.026E-01	8.024E-01	8.037E-01
3.650E+00	7.124E-01	1.217E-02	7.246E-01	7.003E-01	7.128E-01	7.120E-01	7.117E-01	7.130E-01
3.750E+00	6.302E-01	1.162E-02	6.419E-01	6.187E-01	6.306E-01	6.298E-01	6.296E-01	6.308E-01
3.850E+00	5.559E-01	1.104E-02	5.670E-01	5.450E-01	5.563E-01	5.556E-01	5.554E-01	5.565E-01
3.950E+00	4.891E-01	1.042E-02	4.996E-01	4.787E-01	4.894E-01	4.888E-01	4.886E-01	4.896E-01
4.050E+00	4.291E-01	9.798E-03	4.389E-01	4.194E-01	4.293E-01	4.288E-01	4.286E-01	4.296E-01
4.150E+00	3.754E-01	9.165E-03	3.846E-01	3.663E-01	3.756E-01	3.752E-01	3.750E-01	3.758E-01
4.250E+00	3.275E-01	8.532E-03	3.362E-01	3.191E-01	3.277E-01	3.274E-01	3.272E-01	3.279E-01
4.350E+00	2.850E-01	7.907E-03	2.930E-01	2.772E-01	2.852E-01	2.849E-01	2.847E-01	2.854E-01
4.450E+00	2.473E-01	7.294E-03	2.547E-01	2.401E-01	2.475E-01	2.472E-01	2.470E-01	2.477E-01
4.550E+00	2.141E-01	6.700E-03	2.208E-01	2.074E-01	2.142E-01	2.139E-01	2.138E-01	2.144E-01
4.650E+00	1.848E-01	6.127E-03	1.910E-01	1.787E-01	1.849E-01	1.847E-01	1.845E-01	1.850E-01
4.750E+00	1.590E-01	5.580E-03	1.647E-01	1.535E-01	1.591E-01	1.590E-01	1.588E-01	1.593E-01
4.850E+00	1.365E-01	5.061E-03	1.417E-01	1.316E-01	1.366E-01	1.365E-01	1.363E-01	1.368E-01
4.950E+00	1.169E-01	4.572E-03	1.216E-01	1.124E-01	1.170E-01	1.168E-01	1.167E-01	1.171E-01
