5.000E-02	4.164E+00	5.496E-03	4.169E+00	4.159E+00	4.166E+00	4.162E+00	4.164E+00	4.164E+00
1.500E-01	4.135E+00	4.585E-03	4.139E+00	4.131E+00	4.137E+00	4.133E+00	4.135E+00	4.135E+00
2.500E-01	4.087E+00	3.530E-03	4.089E+00	4.084E+00	4.088E+00	4.085E+00	4.086E+00	4.087E+00
3.500E-01	4.021E+00	2.572E-03	4.023E+00	4.020E+00	4.023E+00	4.020E+00	4.021E+00	4.021E+00
4.500E-01	3.942E+00	1.941E-03	3.942E+00	3.941E+00	3.944E+00	3.940E+00	3.942E+00	3.942E+00
5.500E-01	3.850E+00	1.841E-03	3.849E+00	3.850E+00	3.851E+00	3.848E+00	3.849E+00	3.850E+00
6.500E-01	3.746E+00	2.147E-03	3.745E+00	3.747E+00	3.748E+00	3.744E+00	3.746E+00	3.746E+00
7.500E-01	3.633E+00	2.549E-03	3.631E+00	3.635E+00	3.635E+00	3.632E+00	3.633E+00	3.634E+00
8.500E-01	3.512E+00	2.875E-03	3.510E+00	3.515E+00	3.514E+00	3.511E+00	3.512E+00	3.513E+00
9.500E-01	3.385E+00	3.061E-03	3.382E+00	3.387E+00	3.386E+00	3.383E+00	3.384E+00	3.385E+00
1.050E+00	3.252E+00	3.085E-03	3.249E+00	3.254E+00	3.253E+00	3.250E+00	3.251E+00	3.252E+00
1.150E+00	3.114E+00	2.950E-03	3.112E+00	3.117E+00	3.116E+00	3.113E+00	3.114E+00	3.115E+00
1.250E+00	2.974E+00	2.669E-03	2.972E+00	2.976E+00	2.975E+00	2.973E+00	2.974E+00	2.974E+00
1.350E+00	2.832E+00	2.267E-03	2.830E+00	2.834E+00	2.833E+00	2.831E+00	2.831E+00	2.832E+00
1.450E+00	2.689E+00	1.791E-03	2.688E+00	2.690E+00	2.690E+00	2.688E+00	2.688E+00	2.689E+00
1.550E+00	2.546E+00	1.339E-03	2.545E+00	2.547E+00	2.547E+00	2.545E+00	2.545E+00	2.546E+00
1.650E+00	2.404E+00	1.150E-03	2.404E+00	2.404E+00	2.405E+00	2.403E+00	2.404E+00	2.404E+00
1.750E+00	2.264E+00	1.462E-03	2.265E+00	2.263E+00	2.265E+00	2.263E+00	2.263E+00	2.264E+00
1.850E+00	2.126E+00	2.113E-03	2.128E+00	2.124E+00	2.127E+00	2.125E+00	2.126E+00	2.127E+00
1.950E+00	1.992E+00	2.898E-03	1.995E+00	1.989E+00	1.993E+00	1.991E+00	1.991E+00	1.992E+00
2.050E+00	1.861E+00	3.727E-03	1.865E+00	1.857E+00	1.862E+00	1.860E+00	1.860E+00	1.861E+00
2.150E+00	1.734E+00	4.559E-03	1.739E+00	1.730E+00	1.735E+00	1.733E+00	1.734E+00	1.735E+00
2.250E+00	1.612E+00	5.368E-03	1.617E+00	1.607E+00	1.613E+00	1.611E+00	1.611E+00	1.612E+00
2.350E+00	1.495E+00	6.136E-03	1.501E+00	1.489E+00	1.495E+00	1.494E+00	1.494E+00	1.495E+00
2.450E+00	1.382E+00	6.849E-03	1.389E+00	1.376E+00	1.383E+00	1.382E+00	1.382E+00	1.383E+00
2.550E+00	1.275E+00	7.496E-03	1.283E+00	1.268E+00	1.276E+00	1.275E+00	1.275E+00	1.276E+00
2.650E+00	1.174E+00	8.070E-03	1.182E+00	1.166E+00	1.174E+00	1.174E+00	1.173E+00	1.174E+00
2.750E+00	1.078E+00	8.565E-03	1.087E+00	1.069E+00	1.078E+00	1.078E+00	1.077E+00	1.078E+00
2.850E+00	9.873E-01	8.978E-03	9.964E-01	9.784E-01	9.876E-01	9.870E-01	9.868E-01	9.878E-01
2.950E+00	9.022E-01	9.307E-03	9.116E-01	8.930E-01	9.025E-01	9.019E-01	9.018E-01	9.027E-01
3.050E+00	8.225E-01	9.553E-03	8.322E-01	8.131E-01	8.228E-01	8.223E-01	8.221E-01	8.230E-01
3.150E+00	7.481E-01	9.717E-03	7.579E-01	7.385E-01	7.483E-01	7.479E-01	7.477E-01	7.486E-01
3.250E+00	6.789E-01	9.803E-03	6.888E-01	6.692E-01	6.791E-01	6.787E-01	6.785E-01	6.793E-01
3.350E+00	6.146E-01	9.815E-03	6.245E-01	6.049E-01	6.148E-01	6.145E-01	6.142E-01	6.150E-01
3.450E+00	5.552E-01	9.758E-03	5.650E-01	5.455E-01	5.553E-01	5.551E-01	5.548E-01	5.556E-01
3.550E+00	5.004E-01	9.637E-03	5.101E-01	4.908E-01	5.005E-01	5.002E-01	5.000E-01	5.007E-01
3.650E+00	4.499E-01	9.459E-03	4.595E-01	4.406E-01	4.500E-01	4.498E-01	4.496E-01	4.503E-01
3.750E+00	4.037E-01	9.230E-03	4.130E-01	3.946E-01	4.038E-01	4.036E-01	4.034E-01	4.040E-01
3.850E+00	3.614E-01	8.957E-03	3.704E-01	3.525E-01	3.614E-01	3.613E-01	3.611E-01	3.617E-01
3.950E+00	3.228E-01	8.646E-03	3.316E-01	3.143E-01	3.229E-01	3.228E-01	3.225E-01	3.231E-01
4.050E+00	2.877E-01	8.305E-03	2.961E-01	2.795E-01	2.878E-01	2.877E-01	2.875E-01	2.880E-01
4.150E+00	2.559E-01	7.938E-03	2.639E-01	2.481E-01	2.559E-01	2.559E-01	2.556E-01	2.561E-01
4.250E+00	2.271E-01	7.553E-03	2.347E-01	2.196E-01	2.271E-01	2.271E-01	2.268E-01	2.273E-01
4.350E+00	2.011E-01	7.155E-03	2.083E-01	1.940E-01	2.011E-01	2.011E-01	2.009E-01	2.013E-01
4.450E+00	1.777E-01	6.749E-03	1.845E-01	1.710E-01	1.777E-01	1.777E-01	1.775E-01	1.779E-01
4.550E+00	1.567E-01	6.340E-03	1.631E-01	1.504E-01	1.567E-01	1.567E-01	1.565E-01	1.568E-01
4.650E+00	1.378E-01	5.931E-03	1.439E-01	1.320E-01	1.378E-01	1.378E-01	1.377E-01	1.380E-01
4.750E+00	1.210E-01	5.528E-03	1.267E-01	1.156E-01	1.210E-01	1.210E-01	1.209E-01	1.212E-01
4.850E+00	1.060E-01	5.133E-03	1.113E-01	1.010E-01	1.060E-01	1.061E-01	1.059E-01	1.062E-01
4.950E+00	9.272E-02	4.748E-03	9.757E-02	8.808E-02	9.271E-02	9.273E-02	9.260E-02	9.284E-02
