0.000e+00	5.500e+00	6.500e+00	7.500e+00	8.500e+00	1.150e+01	1.250e+01	1.350e+01
0.000e+00	3.873e-10	1.201e-10	4.071e-11	1.386e-11	5.451e-13	1.682e-13	4.600e-14
5.000e-02	3.869e-10	1.200e-10	4.066e-11	1.384e-11	5.444e-13	1.680e-13	4.594e-14
1.000e-01	3.856e-10	1.196e-10	4.052e-11	1.379e-11	5.424e-13	1.675e-13	4.578e-14
1.500e-01	3.835e-10	1.189e-10	4.028e-11	1.371e-11	5.391e-13	1.665e-13	4.552e-14
2.000e-01	3.805e-10	1.180e-10	3.995e-11	1.361e-11	5.345e-13	1.652e-13	4.515e-14
2.500e-01	3.767e-10	1.169e-10	3.954e-11	1.347e-11	5.286e-13	1.636e-13	4.468e-14
3.000e-01	3.722e-10	1.155e-10	3.903e-11	1.330e-11	5.216e-13	1.616e-13	4.412e-14
3.500e-01	3.669e-10	1.139e-10	3.845e-11	1.310e-11	5.134e-13	1.593e-13	4.346e-14
4.000e-01	3.609e-10	1.121e-10	3.779e-11	1.288e-11	5.041e-13	1.566e-13	4.271e-14
4.500e-01	3.542e-10	1.101e-10	3.705e-11	1.264e-11	4.939e-13	1.536e-13	4.188e-14
5.000e-01	3.469e-10	1.078e-10	3.625e-11	1.237e-11	4.827e-13	1.504e-13	4.098e-14
5.500e-01	3.390e-10	1.055e-10	3.538e-11	1.208e-11	4.706e-13	1.469e-13	4.000e-14
6.000e-01	3.306e-10	1.029e-10	3.446e-11	1.177e-11	4.579e-13	1.432e-13	3.896e-14
6.500e-01	3.218e-10	1.002e-10	3.349e-11	1.144e-11	4.444e-13	1.392e-13	3.786e-14
7.000e-01	3.125e-10	9.736e-11	3.247e-11	1.110e-11	4.304e-13	1.351e-13	3.671e-14
7.500e-01	3.029e-10	9.442e-11	3.142e-11	1.075e-11	4.160e-13	1.308e-13	3.552e-14
8.000e-01	2.930e-10	9.138e-11	3.034e-11	1.039e-11	4.011e-13	1.263e-13	3.429e-14
8.500e-01	2.828e-10	8.827e-11	2.923e-11	1.001e-11	3.860e-13	1.217e-13	3.303e-14
9.000e-01	2.725e-10	8.509e-11	2.810e-11	9.634e-12	3.707e-13	1.170e-13	3.175e-14
9.500e-01	2.620e-10	8.187e-11	2.697e-11	9.250e-12	3.553e-13	1.123e-13	3.046e-14
1.000e+00	2.514e-10	7.862e-11	2.582e-11	8.863e-12	3.398e-13	1.075e-13	2.915e-14
1.050e+00	2.409e-10	7.535e-11	2.468e-11	8.476e-12	3.244e-13	1.027e-13	2.785e-14
1.100e+00	2.303e-10	7.209e-11	2.354e-11	8.090e-12	3.091e-13	9.782e-14	2.655e-14
1.150e+00	2.198e-10	6.884e-11	2.242e-11	7.707e-12	2.941e-13	9.301e-14	2.526e-14
1.200e+00	2.095e-10	6.562e-11	2.130e-11	7.328e-12	2.792e-13	8.824e-14	2.398e-14
1.250e+00	1.992e-10	6.244e-11	2.021e-11	6.955e-12	2.647e-13	8.352e-14	2.273e-14
1.300e+00	1.892e-10	5.932e-11	1.914e-11	6.590e-12	2.505e-13	7.888e-14	2.150e-14
1.350e+00	1.794e-10	5.625e-11	1.809e-11	6.232e-12	2.368e-13	7.433e-14	2.030e-14
1.400e+00	1.698e-10	5.326e-11	1.707e-11	5.884e-12	2.234e-13	6.988e-14	1.913e-14
1.450e+00	1.605e-10	5.034e-11	1.609e-11	5.546e-12	2.105e-13	6.556e-14	1.799e-14
1.500e+00	1.515e-10	4.751e-11	1.514e-11	5.219e-12	1.981e-13	6.136e-14	1.690e-14
1.550e+00	1.428e-10	4.477e-11	1.422e-11	4.903e-12	1.862e-13	5.730e-14	1.584e-14
1.600e+00	1.344e-10	4.213e-11	1.334e-11	4.600e-12	1.748e-13	5.339e-14	1.483e-14
1.650e+00	1.263e-10	3.958e-11	1.250e-11	4.309e-12	1.639e-13	4.963e-14	1.385e-14
1.700e+00	1.186e-10	3.714e-11	1.169e-11	4.031e-12	1.535e-13	4.604e-14	1.293e-14
1.750e+00	1.112e-10	3.481e-11	1.092e-11	3.766e-12	1.437e-13	4.261e-14	1.204e-14
1.800e+00	1.041e-10	3.257e-11	1.020e-11	3.514e-12	1.343e-13	3.934e-14	1.120e-14
1.850e+00	9.744e-11	3.045e-11	9.506e-12	3.274e-12	1.255e-13	3.625e-14	1.041e-14
1.900e+00	9.108e-11	2.843e-11	8.853e-12	3.048e-12	1.172e-13	3.332e-14	9.656e-15
1.950e+00	8.505e-11	2.652e-11	8.237e-12	2.834e-12	1.093e-13	3.056e-14	8.947e-15
2.000e+00	7.936e-11	2.471e-11	7.658e-12	2.632e-12	1.019e-13	2.796e-14	8.281e-15
2.050e+00	7.399e-11	2.300e-11	7.113e-12	2.442e-12	9.500e-14	2.553e-14	7.655e-15
2.100e+00	6.894e-11	2.139e-11	6.602e-12	2.264e-12	8.851e-14	2.325e-14	7.070e-15
2.150e+00	6.418e-11	1.988e-11	6.124e-12	2.098e-12	8.243e-14	2.113e-14	6.523e-15
2.200e+00	5.973e-11	1.845e-11	5.677e-12	1.942e-12	7.674e-14	1.916e-14	6.013e-15
2.250e+00	5.555e-11	1.712e-11	5.260e-12	1.796e-12	7.144e-14	1.734e-14	5.538e-15
2.300e+00	5.164e-11	1.588e-11	4.871e-12	1.661e-12	6.649e-14	1.565e-14	5.097e-15
2.350e+00	4.799e-11	1.472e-11	4.510e-12	1.535e-12	6.189e-14	1.409e-14	4.688e-15
2.400e+00	4.458e-11	1.363e-11	4.174e-12	1.418e-12	5.760e-14	1.266e-14	4.310e-15
2.450e+00	4.141e-11	1.262e-11	3.863e-12	1.309e-12	5.362e-14	1.135e-14	3.960e-15
2.500e+00	3.846e-11	1.168e-11	3.574e-12	1.208e-12	4.991e-14	1.015e-14	3.637e-15
2.550e+00	3.571e-11	1.081e-11	3.307e-12	1.115e-12	4.648e-14	9.058e-15	3.339e-15
2.600e+00	3.316e-11	1.000e-11	3.059e-12	1.029e-12	4.329e-14	8.064e-15	3.065e-15
2.650e+00	3.079e-11	9.251e-12	2.831e-12	9.497e-13	4.033e-14	7.162e-15	2.813e-15
2.700e+00	2.859e-11	8.557e-12	2.620e-12	8.764e-13	3.759e-14	6.346e-15	2.581e-15
2.750e+00	2.656e-11	7.915e-12	2.425e-12	8.089e-13	3.505e-14	5.610e-15	2.369e-15
2.800e+00	2.467e-11	7.322e-12	2.246e-12	7.467e-13	3.269e-14	4.948e-15	2.174e-15
2.850e+00	2.293e-11	6.775e-12	2.080e-12	6.895e-13	3.051e-14	4.353e-15	1.996e-15
2.900e+00	2.132e-11	6.269e-12	1.928e-12	6.368e-13	2.849e-14	3.821e-15	1.833e-15
2.950e+00	1.982e-11	5.803e-12	1.787e-12	5.884e-13	2.662e-14	3.346e-15	1.684e-15
3.000e+00	1.844e-11	5.374e-12	1.658e-12	5.440e-13	2.488e-14	2.922e-15	1.547e-15
3.050e+00	1.717e-11	4.978e-12	1.538e-12	5.031e-13	2.327e-14	2.547e-15	1.423e-15
3.100e+00	1.599e-11	4.613e-12	1.429e-12	4.656e-13	2.179e-14	2.213e-15	1.309e-15
3.150e+00	1.490e-11	4.278e-12	1.328e-12	4.311e-13	2.041e-14	1.919e-15	1.205e-15
3.200e+00	1.389e-11	3.969e-12	1.235e-12	3.995e-13	1.913e-14	1.660e-15	1.110e-15
3.250e+00	1.296e-11	3.684e-12	1.149e-12	3.705e-13	1.794e-14	1.432e-15	1.024e-15
3.300e+00	1.210e-11	3.422e-12	1.070e-12	3.438e-13	1.684e-14	1.232e-15	9.445e-16
3.350e+00	1.130e-11	3.181e-12	9.976e-13	3.193e-13	1.582e-14	1.057e-15	8.723e-16
3.400e+00	1.057e-11	2.959e-12	9.307e-13	2.968e-13	1.487e-14	9.048e-16	8.064e-16
3.450e+00	9.887e-12	2.755e-12	8.689e-13	2.761e-13	1.398e-14	7.722e-16	7.462e-16
3.500e+00	9.257e-12	2.567e-12	8.120e-13	2.571e-13	1.317e-14	6.572e-16	6.912e-16
3.550e+00	8.674e-12	2.393e-12	7.594e-13	2.396e-13	1.240e-14	5.576e-16	6.409e-16
3.600e+00	8.134e-12	2.234e-12	7.108e-13	2.235e-13	1.169e-14	4.717e-16	5.949e-16
3.650e+00	7.634e-12	2.086e-12	6.660e-13	2.087e-13	1.103e-14	3.978e-16	5.528e-16
3.700e+00	7.170e-12	1.950e-12	6.245e-13	1.951e-13	1.042e-14	3.343e-16	5.142e-16
3.750e+00	6.739e-12	1.825e-12	5.862e-13	1.825e-13	9.843e-15	2.800e-16	4.789e-16
3.800e+00	6.340e-12	1.709e-12	5.507e-13	1.709e-13	9.307e-15	2.337e-16	4.465e-16
3.850e+00	5.969e-12	1.602e-12	5.178e-13	1.602e-13	8.807e-15	1.942e-16	4.168e-16
3.900e+00	5.625e-12	1.503e-12	4.873e-13	1.503e-13	8.340e-15	1.607e-16	3.894e-16
3.950e+00	5.304e-12	1.411e-12	4.590e-13	1.412e-13	7.903e-15	1.324e-16	3.643e-16
4.000e+00	5.006e-12	1.327e-12	4.327e-13	1.327e-13	7.494e-15	1.085e-16	3.412e-16
4.050e+00	4.728e-12	1.248e-12	4.083e-13	1.249e-13	7.112e-15	8.843e-17	3.199e-16
4.100e+00	4.470e-12	1.175e-12	3.855e-13	1.176e-13	6.753e-15	7.159e-17	3.003e-16
4.150e+00	4.228e-12	1.108e-12	3.644e-13	1.109e-13	6.417e-15	5.752e-17	2.821e-16
4.200e+00	4.003e-12	1.045e-12	3.447e-13	1.046e-13	6.102e-15	4.581e-17	2.654e-16
4.250e+00	3.793e-12	9.864e-13	3.263e-13	9.879e-14	5.806e-15	3.610e-17	2.499e-16
4.300e+00	3.596e-12	9.320e-13	3.092e-13	9.337e-14	5.528e-15	2.807e-17	2.355e-16
4.350e+00	3.412e-12	8.815e-13	2.931e-13	8.834e-14	5.266e-15	2.147e-17	2.222e-16
4.400e+00	3.240e-12	8.343e-13	2.782e-13	8.364e-14	5.020e-15	1.607e-17	2.099e-16
4.450e+00	3.079e-12	7.903e-13	2.641e-13	7.926e-14	4.789e-15	1.166e-17	1.984e-16
4.500e+00	2.927e-12	7.493e-13	2.510e-13	7.517e-14	4.571e-15	8.093e-18	1.877e-16
4.550e+00	2.786e-12	7.109e-13	2.387e-13	7.135e-14	4.365e-15	5.218e-18	1.778e-16
4.600e+00	2.652e-12	6.750e-13	2.272e-13	6.777e-14	4.171e-15	2.919e-18	1.685e-16
4.650e+00	2.527e-12	6.415e-13	2.164e-13	6.443e-14	3.988e-15	1.096e-18	1.599e-16
4.700e+00	2.409e-12	6.100e-13	2.062e-13	6.129e-14	3.815e-15	-3.370e-19	1.518e-16
4.750e+00	2.299e-12	5.805e-13	1.966e-13	5.835e-14	3.651e-15	-1.450e-18	1.442e-16
4.800e+00	2.194e-12	5.528e-13	1.876e-13	5.559e-14	3.496e-15	-2.301e-18	1.372e-16
4.850e+00	2.096e-12	5.268e-13	1.792e-13	5.300e-14	3.350e-15	-2.941e-18	1.306e-16
4.900e+00	2.003e-12	5.024e-13	1.712e-13	5.056e-14	3.211e-15	-3.409e-18	1.244e-16
4.950e+00	1.916e-12	4.794e-13	1.636e-13	4.826e-14	3.080e-15	-3.740e-18	1.185e-16
5.000e+00	1.833e-12	4.578e-13	1.565e-13	4.610e-14	2.956e-15	-3.961e-18	1.131e-16
