0.000e+00	4.500e+00	5.500e+00	6.500e+00	7.500e+00	8.500e+00	1.150e+01
0.000e+00	1.133e-09	2.775e-10	8.398e-11	2.540e-11	7.178e-12	3.209e-13
5.000e-02	1.131e-09	2.773e-10	8.390e-11	2.537e-11	7.173e-12	3.128e-13
1.000e-01	1.128e-09	2.766e-10	8.364e-11	2.530e-11	7.158e-12	2.916e-13
1.500e-01	1.123e-09	2.754e-10	8.322e-11	2.517e-11	7.133e-12	2.636e-13
2.000e-01	1.116e-09	2.738e-10	8.264e-11	2.500e-11	7.098e-12	2.342e-13
2.500e-01	1.107e-09	2.717e-10	8.189e-11	2.478e-11	7.052e-12	2.062e-13
3.000e-01	1.096e-09	2.692e-10	8.099e-11	2.452e-11	6.998e-12	1.810e-13
3.500e-01	1.084e-09	2.662e-10	7.994e-11	2.421e-11	6.933e-12	1.590e-13
4.000e-01	1.069e-09	2.629e-10	7.875e-11	2.385e-11	6.860e-12	1.399e-13
4.500e-01	1.053e-09	2.591e-10	7.742e-11	2.346e-11	6.777e-12	1.235e-13
5.000e-01	1.035e-09	2.550e-10	7.597e-11	2.303e-11	6.685e-12	1.094e-13
5.500e-01	1.016e-09	2.505e-10	7.439e-11	2.257e-11	6.585e-12	9.731e-14
6.000e-01	9.957e-10	2.457e-10	7.272e-11	2.207e-11	6.477e-12	8.690e-14
6.500e-01	9.738e-10	2.406e-10	7.094e-11	2.154e-11	6.362e-12	7.791e-14
7.000e-01	9.509e-10	2.352e-10	6.908e-11	2.099e-11	6.239e-12	7.011e-14
7.500e-01	9.269e-10	2.296e-10	6.714e-11	2.041e-11	6.108e-12	6.333e-14
8.000e-01	9.021e-10	2.237e-10	6.514e-11	1.981e-11	5.972e-12	5.740e-14
8.500e-01	8.764e-10	2.177e-10	6.308e-11	1.920e-11	5.829e-12	5.220e-14
9.000e-01	8.502e-10	2.114e-10	6.098e-11	1.857e-11	5.681e-12	4.762e-14
9.500e-01	8.233e-10	2.050e-10	5.885e-11	1.793e-11	5.528e-12	4.357e-14
1.000e+00	7.961e-10	1.985e-10	5.670e-11	1.728e-11	5.370e-12	3.998e-14
1.050e+00	7.686e-10	1.919e-10	5.453e-11	1.663e-11	5.207e-12	3.678e-14
1.100e+00	7.409e-10	1.852e-10	5.236e-11	1.598e-11	5.041e-12	3.393e-14
1.150e+00	7.131e-10	1.785e-10	5.019e-11	1.532e-11	4.872e-12	3.137e-14
1.200e+00	6.853e-10	1.718e-10	4.804e-11	1.467e-11	4.701e-12	2.906e-14
1.250e+00	6.577e-10	1.651e-10	4.591e-11	1.402e-11	4.527e-12	2.699e-14
1.300e+00	6.303e-10	1.584e-10	4.381e-11	1.338e-11	4.352e-12	2.511e-14
1.350e+00	6.032e-10	1.518e-10	4.174e-11	1.275e-11	4.175e-12	2.341e-14
1.400e+00	5.765e-10	1.452e-10	3.972e-11	1.213e-11	3.998e-12	2.186e-14
1.450e+00	5.503e-10	1.387e-10	3.774e-11	1.153e-11	3.820e-12	2.046e-14
1.500e+00	5.246e-10	1.324e-10	3.581e-11	1.094e-11	3.643e-12	1.917e-14
1.550e+00	4.995e-10	1.261e-10	3.394e-11	1.036e-11	3.467e-12	1.799e-14
1.600e+00	4.750e-10	1.200e-10	3.213e-11	9.804e-12	3.292e-12	1.692e-14
1.650e+00	4.512e-10	1.140e-10	3.038e-11	9.264e-12	3.119e-12	1.592e-14
1.700e+00	4.281e-10	1.082e-10	2.869e-11	8.743e-12	2.947e-12	1.501e-14
1.750e+00	4.057e-10	1.026e-10	2.707e-11	8.241e-12	2.778e-12	1.417e-14
1.800e+00	3.841e-10	9.709e-11	2.552e-11	7.758e-12	2.612e-12	1.339e-14
1.850e+00	3.633e-10	9.180e-11	2.403e-11	7.296e-12	2.449e-12	1.267e-14
1.900e+00	3.433e-10	8.670e-11	2.261e-11	6.854e-12	2.289e-12	1.201e-14
1.950e+00	3.241e-10	8.179e-11	2.125e-11	6.432e-12	2.133e-12	1.139e-14
2.000e+00	3.058e-10	7.707e-11	1.996e-11	6.031e-12	1.982e-12	1.081e-14
2.050e+00	2.882e-10	7.255e-11	1.874e-11	5.649e-12	1.834e-12	1.028e-14
2.100e+00	2.714e-10	6.822e-11	1.757e-11	5.287e-12	1.691e-12	9.775e-15
2.150e+00	2.555e-10	6.409e-11	1.648e-11	4.944e-12	1.553e-12	9.308e-15
2.200e+00	2.403e-10	6.015e-11	1.544e-11	4.620e-12	1.420e-12	8.872e-15
2.250e+00	2.259e-10	5.640e-11	1.446e-11	4.314e-12	1.292e-12	8.463e-15
2.300e+00	2.122e-10	5.284e-11	1.353e-11	4.026e-12	1.169e-12	8.080e-15
2.350e+00	1.992e-10	4.946e-11	1.266e-11	3.755e-12	1.051e-12	7.721e-15
2.400e+00	1.870e-10	4.626e-11	1.185e-11	3.500e-12	9.389e-13	7.383e-15
2.450e+00	1.754e-10	4.324e-11	1.108e-11	3.261e-12	8.322e-13	7.066e-15
2.500e+00	1.645e-10	4.039e-11	1.036e-11	3.037e-12	7.309e-13	6.767e-15
2.550e+00	1.543e-10	3.770e-11	9.687e-12	2.828e-12	6.351e-13	6.486e-15
2.600e+00	1.446e-10	3.517e-11	9.056e-12	2.632e-12	5.449e-13	6.220e-15
2.650e+00	1.355e-10	3.279e-11	8.466e-12	2.450e-12	4.600e-13	5.970e-15
2.700e+00	1.270e-10	3.055e-11	7.915e-12	2.279e-12	3.806e-13	5.733e-15
2.750e+00	1.189e-10	2.846e-11	7.400e-12	2.121e-12	3.066e-13	5.509e-15
2.800e+00	1.114e-10	2.650e-11	6.920e-12	1.973e-12	2.378e-13	5.297e-15
2.850e+00	1.044e-10	2.466e-11	6.472e-12	1.836e-12	1.741e-13	5.096e-15
2.900e+00	9.779e-11	2.295e-11	6.054e-12	1.708e-12	1.155e-13	4.906e-15
2.950e+00	9.162e-11	2.135e-11	5.665e-12	1.590e-12	6.183e-14	4.725e-15
3.000e+00	8.585e-11	1.986e-11	5.302e-12	1.479e-12	1.289e-14	4.554e-15
3.050e+00	8.046e-11	1.847e-11	4.965e-12	1.377e-12	-3.144e-14	4.391e-15
3.100e+00	7.542e-11	1.717e-11	4.650e-12	1.283e-12	-7.133e-14	4.236e-15
3.150e+00	7.071e-11	1.597e-11	4.357e-12	1.195e-12	-1.070e-13	4.088e-15
3.200e+00	6.632e-11	1.485e-11	4.085e-12	1.114e-12	-1.385e-13	3.948e-15
3.250e+00	6.221e-11	1.381e-11	3.831e-12	1.038e-12	-1.661e-13	3.814e-15
3.300e+00	5.839e-11	1.285e-11	3.595e-12	9.683e-13	-1.901e-13	3.686e-15
3.350e+00	5.481e-11	1.195e-11	3.375e-12	9.037e-13	-2.105e-13	3.564e-15
3.400e+00	5.148e-11	1.112e-11	3.171e-12	8.438e-13	-2.276e-13	3.448e-15
3.450e+00	4.837e-11	1.035e-11	2.980e-12	7.883e-13	-2.416e-13	3.337e-15
3.500e+00	4.547e-11	9.638e-12	2.803e-12	7.369e-13	-2.527e-13	3.231e-15
3.550e+00	4.276e-11	8.977e-12	2.638e-12	6.893e-13	-2.611e-13	3.129e-15
3.600e+00	4.024e-11	8.365e-12	2.484e-12	6.452e-13	-2.670e-13	3.032e-15
3.650e+00	3.788e-11	7.799e-12	2.340e-12	6.044e-13	-2.706e-13	2.939e-15
3.700e+00	3.569e-11	7.274e-12	2.206e-12	5.665e-13	-2.721e-13	2.850e-15
3.750e+00	3.363e-11	6.788e-12	2.081e-12	5.314e-13	-2.717e-13	2.765e-15
3.800e+00	3.172e-11	6.338e-12	1.965e-12	4.988e-13	-2.695e-13	2.683e-15
3.850e+00	2.993e-11	5.922e-12	1.856e-12	4.686e-13	-2.657e-13	2.604e-15
3.900e+00	2.826e-11	5.537e-12	1.755e-12	4.405e-13	-2.606e-13	2.529e-15
3.950e+00	2.669e-11	5.180e-12	1.660e-12	4.144e-13	-2.542e-13	2.457e-15
4.000e+00	2.523e-11	4.849e-12	1.571e-12	3.902e-13	-2.468e-13	2.387e-15
4.050e+00	2.387e-11	4.543e-12	1.488e-12	3.677e-13	-2.384e-13	2.320e-15
4.100e+00	2.259e-11	4.259e-12	1.410e-12	3.467e-13	-2.293e-13	2.256e-15
4.150e+00	2.139e-11	3.996e-12	1.337e-12	3.272e-13	-2.195e-13	2.194e-15
4.200e+00	2.027e-11	3.752e-12	1.269e-12	3.090e-13	-2.093e-13	2.135e-15
4.250e+00	1.922e-11	3.526e-12	1.205e-12	2.921e-13	-1.986e-13	2.077e-15
4.300e+00	1.824e-11	3.316e-12	1.145e-12	2.763e-13	-1.877e-13	2.022e-15
4.350e+00	1.731e-11	3.121e-12	1.089e-12	2.615e-13	-1.766e-13	1.969e-15
4.400e+00	1.645e-11	2.940e-12	1.036e-12	2.477e-13	-1.655e-13	1.918e-15
4.450e+00	1.563e-11	2.771e-12	9.862e-13	2.348e-13	-1.543e-13	1.868e-15
4.500e+00	1.487e-11	2.614e-12	9.394e-13	2.228e-13	-1.432e-13	1.821e-15
4.550e+00	1.415e-11	2.468e-12	8.954e-13	2.115e-13	-1.323e-13	1.775e-15
4.600e+00	1.348e-11	2.333e-12	8.540e-13	2.010e-13	-1.217e-13	1.730e-15
4.650e+00	1.284e-11	2.206e-12	8.149e-13	1.910e-13	-1.112e-13	1.688e-15
4.700e+00	1.224e-11	2.088e-12	7.781e-13	1.818e-13	-1.012e-13	1.646e-15
4.750e+00	1.168e-11	1.978e-12	7.433e-13	1.730e-13	-9.143e-14	1.606e-15
4.800e+00	1.115e-11	1.875e-12	7.105e-13	1.648e-13	-8.211e-14	1.568e-15
4.850e+00	1.065e-11	1.778e-12	6.795e-13	1.571e-13	-7.321e-14	1.530e-15
4.900e+00	1.017e-11	1.688e-12	6.503e-13	1.499e-13	-6.476e-14	1.494e-15
4.950e+00	9.727e-12	1.604e-12	6.226e-13	1.431e-13	-5.678e-14	1.459e-15
5.000e+00	9.305e-12	1.525e-12	5.964e-13	1.366e-13	-4.928e-14	1.425e-15
