0.000e+00	5.500e+00	6.500e+00	7.500e+00	8.500e+00	1.150e+01	1.250e+01	1.350e+01	1.450e+01
0.000e+00	8.538e-10	2.953e-10	1.331e-10	5.745e-11	4.470e-12	1.827e-12	5.206e-13	2.572e-12
5.000e-02	8.529e-10	2.950e-10	1.330e-10	5.738e-11	4.465e-12	1.826e-12	5.202e-13	2.345e-12
1.000e-01	8.503e-10	2.940e-10	1.325e-10	5.720e-11	4.451e-12	1.821e-12	5.191e-13	1.966e-12
1.500e-01	8.459e-10	2.924e-10	1.318e-10	5.688e-11	4.426e-12	1.814e-12	5.172e-13	1.630e-12
2.000e-01	8.398e-10	2.901e-10	1.307e-10	5.645e-11	4.392e-12	1.804e-12	5.145e-13	1.362e-12
2.500e-01	8.320e-10	2.873e-10	1.294e-10	5.590e-11	4.349e-12	1.791e-12	5.111e-13	1.151e-12
3.000e-01	8.226e-10	2.839e-10	1.278e-10	5.524e-11	4.297e-12	1.776e-12	5.070e-13	9.845e-13
3.500e-01	8.116e-10	2.799e-10	1.259e-10	5.446e-11	4.237e-12	1.758e-12	5.022e-13	8.512e-13
4.000e-01	7.991e-10	2.753e-10	1.237e-10	5.358e-11	4.168e-12	1.737e-12	4.966e-13	7.432e-13
4.500e-01	7.853e-10	2.703e-10	1.214e-10	5.261e-11	4.092e-12	1.714e-12	4.904e-13	6.544e-13
5.000e-01	7.701e-10	2.648e-10	1.188e-10	5.154e-11	4.008e-12	1.688e-12	4.834e-13	5.807e-13
5.500e-01	7.536e-10	2.589e-10	1.160e-10	5.039e-11	3.919e-12	1.660e-12	4.759e-13	5.188e-13
6.000e-01	7.360e-10	2.525e-10	1.131e-10	4.917e-11	3.823e-12	1.630e-12	4.677e-13	4.663e-13
6.500e-01	7.174e-10	2.458e-10	1.100e-10	4.787e-11	3.722e-12	1.597e-12	4.589e-13	4.214e-13
7.000e-01	6.979e-10	2.388e-10	1.067e-10	4.652e-11	3.616e-12	1.563e-12	4.495e-13	3.827e-13
7.500e-01	6.776e-10	2.316e-10	1.034e-10	4.511e-11	3.507e-12	1.527e-12	4.395e-13	3.491e-13
8.000e-01	6.565e-10	2.241e-10	9.990e-11	4.366e-11	3.394e-12	1.489e-12	4.291e-13	3.197e-13
8.500e-01	6.349e-10	2.164e-10	9.638e-11	4.218e-11	3.278e-12	1.449e-12	4.181e-13	2.939e-13
9.000e-01	6.128e-10	2.086e-10	9.279e-11	4.066e-11	3.161e-12	1.409e-12	4.067e-13	2.711e-13
9.500e-01	5.903e-10	2.007e-10	8.918e-11	3.913e-11	3.042e-12	1.367e-12	3.948e-13	2.509e-13
1.000e+00	5.676e-10	1.928e-10	8.555e-11	3.759e-11	2.922e-12	1.323e-12	3.826e-13	2.328e-13
1.050e+00	5.447e-10	1.848e-10	8.192e-11	3.604e-11	2.802e-12	1.279e-12	3.700e-13	2.166e-13
1.100e+00	5.218e-10	1.769e-10	7.831e-11	3.450e-11	2.682e-12	1.234e-12	3.571e-13	2.020e-13
1.150e+00	4.989e-10	1.690e-10	7.473e-11	3.297e-11	2.564e-12	1.188e-12	3.438e-13	1.889e-13
1.200e+00	4.761e-10	1.611e-10	7.121e-11	3.145e-11	2.446e-12	1.142e-12	3.304e-13	1.770e-13
1.250e+00	4.536e-10	1.534e-10	6.774e-11	2.995e-11	2.330e-12	1.096e-12	3.167e-13	1.662e-13
1.300e+00	4.314e-10	1.458e-10	6.435e-11	2.848e-11	2.216e-12	1.049e-12	3.028e-13	1.563e-13
1.350e+00	4.095e-10	1.384e-10	6.104e-11	2.704e-11	2.105e-12	1.002e-12	2.888e-13	1.473e-13
1.400e+00	3.881e-10	1.312e-10	5.782e-11	2.563e-11	1.997e-12	9.554e-13	2.747e-13	1.390e-13
1.450e+00	3.672e-10	1.242e-10	5.470e-11	2.427e-11	1.891e-12	9.089e-13	2.605e-13	1.314e-13
1.500e+00	3.469e-10	1.173e-10	5.168e-11	2.294e-11	1.789e-12	8.627e-13	2.463e-13	1.244e-13
1.550e+00	3.271e-10	1.107e-10	4.877e-11	2.166e-11	1.690e-12	8.170e-13	2.321e-13	1.179e-13
1.600e+00	3.080e-10	1.044e-10	4.598e-11	2.042e-11	1.595e-12	7.719e-13	2.179e-13	1.120e-13
1.650e+00	2.895e-10	9.828e-11	4.330e-11	1.924e-11	1.503e-12	7.274e-13	2.038e-13	1.064e-13
1.700e+00	2.718e-10	9.242e-11	4.074e-11	1.810e-11	1.416e-12	6.838e-13	1.898e-13	1.013e-13
1.750e+00	2.547e-10	8.682e-11	3.829e-11	1.701e-11	1.332e-12	6.411e-13	1.760e-13	9.652e-14
1.800e+00	2.384e-10	8.148e-11	3.596e-11	1.596e-11	1.251e-12	5.994e-13	1.623e-13	9.207e-14
1.850e+00	2.229e-10	7.638e-11	3.375e-11	1.497e-11	1.175e-12	5.587e-13	1.488e-13	8.791e-14
1.900e+00	2.080e-10	7.155e-11	3.165e-11	1.403e-11	1.102e-12	5.192e-13	1.356e-13	8.403e-14
1.950e+00	1.939e-10	6.696e-11	2.967e-11	1.314e-11	1.034e-12	4.810e-13	1.227e-13	8.039e-14
2.000e+00	1.806e-10	6.262e-11	2.779e-11	1.229e-11	9.685e-13	4.440e-13	1.100e-13	7.699e-14
2.050e+00	1.679e-10	5.852e-11	2.602e-11	1.149e-11	9.069e-13	4.084e-13	9.771e-14	7.379e-14
2.100e+00	1.560e-10	5.466e-11	2.436e-11	1.074e-11	8.487e-13	3.742e-13	8.573e-14	7.078e-14
2.150e+00	1.447e-10	5.102e-11	2.279e-11	1.002e-11	7.940e-13	3.414e-13	7.412e-14	6.795e-14
2.200e+00	1.342e-10	4.760e-11	2.131e-11	9.357e-12	7.424e-13	3.100e-13	6.290e-14	6.529e-14
2.250e+00	1.243e-10	4.439e-11	1.993e-11	8.729e-12	6.940e-13	2.801e-13	5.210e-14	6.277e-14
2.300e+00	1.150e-10	4.138e-11	1.864e-11	8.141e-12	6.486e-13	2.517e-13	4.172e-14	6.040e-14
2.350e+00	1.063e-10	3.857e-11	1.743e-11	7.591e-12	6.060e-13	2.248e-13	3.180e-14	5.815e-14
2.400e+00	9.818e-11	3.593e-11	1.629e-11	7.076e-12	5.661e-13	1.994e-13	2.233e-14	5.603e-14
2.450e+00	9.064e-11	3.348e-11	1.523e-11	6.594e-12	5.288e-13	1.755e-13	1.334e-14	5.402e-14
2.500e+00	8.361e-11	3.118e-11	1.424e-11	6.145e-12	4.939e-13	1.530e-13	4.831e-15	5.211e-14
2.550e+00	7.709e-11	2.905e-11	1.332e-11	5.727e-12	4.614e-13	1.320e-13	-3.183e-15	5.030e-14
2.600e+00	7.105e-11	2.706e-11	1.246e-11	5.336e-12	4.310e-13	1.124e-13	-1.070e-14	4.858e-14
2.650e+00	6.545e-11	2.520e-11	1.166e-11	4.973e-12	4.027e-13	9.424e-14	-1.770e-14	4.695e-14
2.700e+00	6.027e-11	2.348e-11	1.091e-11	4.636e-12	3.763e-13	7.744e-14	-2.420e-14	4.540e-14
2.750e+00	5.548e-11	2.188e-11	1.021e-11	4.322e-12	3.518e-13	6.197e-14	-3.019e-14	4.392e-14
2.800e+00	5.107e-11	2.040e-11	9.562e-12	4.030e-12	3.289e-13	4.779e-14	-3.567e-14	4.251e-14
2.850e+00	4.700e-11	1.902e-11	8.959e-12	3.759e-12	3.076e-13	3.486e-14	-4.063e-14	4.116e-14
2.900e+00	4.325e-11	1.774e-11	8.396e-12	3.507e-12	2.878e-13	2.312e-14	-4.510e-14	3.988e-14
2.950e+00	3.980e-11	1.655e-11	7.873e-12	3.274e-12	2.694e-13	1.253e-14	-4.906e-14	3.865e-14
3.000e+00	3.663e-11	1.545e-11	7.386e-12	3.057e-12	2.522e-13	3.042e-15	-5.254e-14	3.748e-14
3.050e+00	3.372e-11	1.443e-11	6.933e-12	2.856e-12	2.363e-13	-5.406e-15	-5.552e-14	3.636e-14
3.100e+00	3.105e-11	1.348e-11	6.511e-12	2.669e-12	2.215e-13	-1.286e-14	-5.804e-14	3.529e-14
3.150e+00	2.860e-11	1.260e-11	6.118e-12	2.496e-12	2.077e-13	-1.939e-14	-6.009e-14	3.427e-14
3.200e+00	2.636e-11	1.179e-11	5.752e-12	2.336e-12	1.949e-13	-2.504e-14	-6.170e-14	3.329e-14
3.250e+00	2.430e-11	1.103e-11	5.412e-12	2.187e-12	1.830e-13	-2.986e-14	-6.287e-14	3.234e-14
3.300e+00	2.241e-11	1.033e-11	5.094e-12	2.049e-12	1.719e-13	-3.392e-14	-6.362e-14	3.144e-14
3.350e+00	2.069e-11	9.683e-12	4.798e-12	1.921e-12	1.616e-13	-3.727e-14	-6.397e-14	3.057e-14
3.400e+00	1.910e-11	9.081e-12	4.523e-12	1.802e-12	1.520e-13	-3.996e-14	-6.393e-14	2.974e-14
3.450e+00	1.766e-11	8.521e-12	4.265e-12	1.691e-12	1.430e-13	-4.205e-14	-6.353e-14	2.894e-14
3.500e+00	1.633e-11	8.002e-12	4.025e-12	1.589e-12	1.347e-13	-4.358e-14	-6.278e-14	2.817e-14
3.550e+00	1.512e-11	7.519e-12	3.801e-12	1.493e-12	1.269e-13	-4.462e-14	-6.170e-14	2.744e-14
3.600e+00	1.400e-11	7.071e-12	3.592e-12	1.404e-12	1.197e-13	-4.520e-14	-6.031e-14	2.672e-14
3.650e+00	1.298e-11	6.654e-12	3.397e-12	1.322e-12	1.129e-13	-4.537e-14	-5.864e-14	2.604e-14
3.700e+00	1.205e-11	6.267e-12	3.214e-12	1.245e-12	1.066e-13	-4.519e-14	-5.671e-14	2.538e-14
3.750e+00	1.120e-11	5.906e-12	3.043e-12	1.174e-12	1.008e-13	-4.468e-14	-5.453e-14	2.475e-14
3.800e+00	1.041e-11	5.570e-12	2.883e-12	1.107e-12	9.528e-14	-4.389e-14	-5.213e-14	2.413e-14
3.850e+00	9.692e-12	5.257e-12	2.733e-12	1.045e-12	9.015e-14	-4.287e-14	-4.953e-14	2.354e-14
3.900e+00	9.032e-12	4.965e-12	2.593e-12	9.876e-13	8.536e-14	-4.164e-14	-4.676e-14	2.298e-14
3.950e+00	8.425e-12	4.693e-12	2.461e-12	9.337e-13	8.087e-14	-4.024e-14	-4.384e-14	2.243e-14
4.000e+00	7.867e-12	4.439e-12	2.338e-12	8.833e-13	7.667e-14	-3.870e-14	-4.078e-14	2.190e-14
4.050e+00	7.354e-12	4.202e-12	2.222e-12	8.363e-13	7.274e-14	-3.705e-14	-3.761e-14	2.138e-14
4.100e+00	6.882e-12	3.980e-12	2.113e-12	7.923e-13	6.905e-14	-3.531e-14	-3.436e-14	2.089e-14
4.150e+00	6.447e-12	3.773e-12	2.011e-12	7.512e-13	6.559e-14	-3.352e-14	-3.104e-14	2.041e-14
4.200e+00	6.046e-12	3.579e-12	1.915e-12	7.127e-13	6.235e-14	-3.168e-14	-2.768e-14	1.995e-14
4.250e+00	5.676e-12	3.397e-12	1.824e-12	6.766e-13	5.930e-14	-2.983e-14	-2.428e-14	1.950e-14
4.300e+00	5.334e-12	3.227e-12	1.739e-12	6.428e-13	5.644e-14	-2.797e-14	-2.089e-14	1.907e-14
4.350e+00	5.018e-12	3.067e-12	1.659e-12	6.110e-13	5.374e-14	-2.613e-14	-1.750e-14	1.865e-14
4.400e+00	4.725e-12	2.917e-12	1.583e-12	5.813e-13	5.121e-14	-2.432e-14	-1.415e-14	1.824e-14
4.450e+00	4.454e-12	2.777e-12	1.512e-12	5.533e-13	4.883e-14	-2.255e-14	-1.084e-14	1.785e-14
4.500e+00	4.203e-12	2.645e-12	1.445e-12	5.270e-13	4.658e-14	-2.083e-14	-7.596e-15	1.747e-14
4.550e+00	3.969e-12	2.520e-12	1.381e-12	5.023e-13	4.447e-14	-1.916e-14	-4.433e-15	1.710e-14
4.600e+00	3.752e-12	2.403e-12	1.321e-12	4.790e-13	4.247e-14	-1.757e-14	-1.364e-15	1.674e-14
4.650e+00	3.551e-12	2.293e-12	1.264e-12	4.571e-13	4.059e-14	-1.604e-14	1.598e-15	1.640e-14
4.700e+00	3.363e-12	2.189e-12	1.211e-12	4.365e-13	3.881e-14	-1.459e-14	4.440e-15	1.606e-14
4.750e+00	3.188e-12	2.091e-12	1.160e-12	4.170e-13	3.712e-14	-1.322e-14	7.151e-15	1.573e-14
4.800e+00	3.025e-12	1.999e-12	1.112e-12	3.986e-13	3.553e-14	-1.192e-14	9.720e-15	1.542e-14
4.850e+00	2.872e-12	1.912e-12	1.066e-12	3.812e-13	3.403e-14	-1.071e-14	1.214e-14	1.511e-14
4.900e+00	2.729e-12	1.829e-12	1.023e-12	3.648e-13	3.261e-14	-9.585e-15	1.440e-14	1.481e-14
4.950e+00	2.596e-12	1.751e-12	9.815e-13	3.493e-13	3.126e-14	-8.537e-15	1.649e-14	1.452e-14
5.000e+00	2.471e-12	1.678e-12	9.425e-13	3.346e-13	2.998e-14	-7.570e-15	1.842e-14	1.424e-14
