0.000e+00	7.500e+00	8.500e+00	1.100e+01	1.250e+01	1.580e+01
0.000e+00	1.235e-10	4.808e-11	6.797e-12	2.502e-12	2.593e-13
5.000e-02	1.234e-10	4.802e-11	6.788e-12	2.499e-12	2.589e-13
1.000e-01	1.229e-10	4.784e-11	6.760e-12	2.488e-12	2.579e-13
1.500e-01	1.221e-10	4.754e-11	6.715e-12	2.471e-12	2.561e-13
2.000e-01	1.211e-10	4.712e-11	6.651e-12	2.446e-12	2.537e-13
2.500e-01	1.197e-10	4.659e-11	6.571e-12	2.415e-12	2.507e-13
3.000e-01	1.180e-10	4.595e-11	6.474e-12	2.378e-12	2.470e-13
3.500e-01	1.161e-10	4.521e-11	6.362e-12	2.335e-12	2.428e-13
4.000e-01	1.140e-10	4.437e-11	6.235e-12	2.286e-12	2.380e-13
4.500e-01	1.115e-10	4.343e-11	6.094e-12	2.233e-12	2.327e-13
5.000e-01	1.089e-10	4.241e-11	5.941e-12	2.174e-12	2.270e-13
5.500e-01	1.061e-10	4.130e-11	5.777e-12	2.112e-12	2.208e-13
6.000e-01	1.030e-10	4.013e-11	5.604e-12	2.046e-12	2.143e-13
6.500e-01	9.986e-11	3.889e-11	5.421e-12	1.977e-12	2.075e-13
7.000e-01	9.652e-11	3.760e-11	5.232e-12	1.905e-12	2.005e-13
7.500e-01	9.307e-11	3.626e-11	5.037e-12	1.832e-12	1.932e-13
8.000e-01	8.951e-11	3.488e-11	4.837e-12	1.756e-12	1.858e-13
8.500e-01	8.588e-11	3.347e-11	4.635e-12	1.680e-12	1.783e-13
9.000e-01	8.218e-11	3.203e-11	4.430e-12	1.604e-12	1.708e-13
9.500e-01	7.845e-11	3.059e-11	4.225e-12	1.527e-12	1.632e-13
1.000e+00	7.470e-11	2.913e-11	4.021e-12	1.451e-12	1.557e-13
1.050e+00	7.095e-11	2.768e-11	3.818e-12	1.376e-12	1.482e-13
1.100e+00	6.722e-11	2.624e-11	3.617e-12	1.302e-12	1.409e-13
1.150e+00	6.353e-11	2.480e-11	3.420e-12	1.230e-12	1.337e-13
1.200e+00	5.989e-11	2.340e-11	3.227e-12	1.159e-12	1.266e-13
1.250e+00	5.632e-11	2.201e-11	3.039e-12	1.090e-12	1.197e-13
1.300e+00	5.284e-11	2.066e-11	2.857e-12	1.024e-12	1.131e-13
1.350e+00	4.944e-11	1.935e-11	2.681e-12	9.598e-13	1.067e-13
1.400e+00	4.615e-11	1.807e-11	2.512e-12	8.984e-13	1.005e-13
1.450e+00	4.297e-11	1.684e-11	2.349e-12	8.396e-13	9.453e-14
1.500e+00	3.991e-11	1.565e-11	2.193e-12	7.836e-13	8.884e-14
1.550e+00	3.698e-11	1.452e-11	2.045e-12	7.303e-13	8.341e-14
1.600e+00	3.418e-11	1.343e-11	1.903e-12	6.798e-13	7.824e-14
1.650e+00	3.151e-11	1.240e-11	1.770e-12	6.321e-13	7.333e-14
1.700e+00	2.898e-11	1.142e-11	1.643e-12	5.872e-13	6.867e-14
1.750e+00	2.659e-11	1.049e-11	1.524e-12	5.449e-13	6.428e-14
1.800e+00	2.434e-11	9.618e-12	1.412e-12	5.052e-13	6.012e-14
1.850e+00	2.222e-11	8.797e-12	1.307e-12	4.681e-13	5.621e-14
1.900e+00	2.024e-11	8.028e-12	1.209e-12	4.334e-13	5.254e-14
1.950e+00	1.839e-11	7.309e-12	1.117e-12	4.011e-13	4.908e-14
2.000e+00	1.667e-11	6.641e-12	1.032e-12	3.710e-13	4.585e-14
2.050e+00	1.507e-11	6.020e-12	9.522e-13	3.431e-13	4.282e-14
2.100e+00	1.360e-11	5.445e-12	8.784e-13	3.172e-13	3.998e-14
2.150e+00	1.224e-11	4.915e-12	8.099e-13	2.931e-13	3.734e-14
2.200e+00	1.099e-11	4.428e-12	7.466e-13	2.709e-13	3.487e-14
2.250e+00	9.844e-12	3.980e-12	6.881e-13	2.504e-13	3.256e-14
2.300e+00	8.798e-12	3.571e-12	6.340e-13	2.314e-13	3.041e-14
2.350e+00	7.845e-12	3.197e-12	5.842e-13	2.139e-13	2.842e-14
2.400e+00	6.979e-12	2.857e-12	5.383e-13	1.978e-13	2.656e-14
2.450e+00	6.195e-12	2.548e-12	4.961e-13	1.830e-13	2.482e-14
2.500e+00	5.486e-12	2.269e-12	4.573e-13	1.693e-13	2.321e-14
2.550e+00	4.848e-12	2.017e-12	4.217e-13	1.567e-13	2.172e-14
2.600e+00	4.275e-12	1.790e-12	3.890e-13	1.452e-13	2.033e-14
2.650e+00	3.761e-12	1.585e-12	3.589e-13	1.345e-13	1.903e-14
2.700e+00	3.302e-12	1.402e-12	3.314e-13	1.247e-13	1.783e-14
2.750e+00	2.894e-12	1.239e-12	3.062e-13	1.157e-13	1.672e-14
2.800e+00	2.530e-12	1.093e-12	2.830e-13	1.075e-13	1.568e-14
2.850e+00	2.208e-12	9.626e-13	2.618e-13	9.986e-14	1.471e-14
2.900e+00	1.924e-12	8.472e-13	2.423e-13	9.287e-14	1.382e-14
2.950e+00	1.673e-12	7.448e-13	2.245e-13	8.643e-14	1.298e-14
3.000e+00	1.452e-12	6.543e-13	2.082e-13	8.051e-14	1.221e-14
3.050e+00	1.258e-12	5.743e-13	1.932e-13	7.506e-14	1.148e-14
3.100e+00	1.088e-12	5.038e-13	1.794e-13	7.004e-14	1.081e-14
3.150e+00	9.402e-13	4.418e-13	1.668e-13	6.541e-14	1.018e-14
3.200e+00	8.111e-13	3.874e-13	1.552e-13	6.114e-14	9.600e-15
3.250e+00	6.989e-13	3.397e-13	1.445e-13	5.720e-14	9.056e-15
3.300e+00	6.015e-13	2.979e-13	1.348e-13	5.356e-14	8.549e-15
3.350e+00	5.172e-13	2.613e-13	1.258e-13	5.020e-14	8.075e-15
3.400e+00	4.444e-13	2.294e-13	1.175e-13	4.709e-14	7.633e-15
3.450e+00	3.817e-13	2.015e-13	1.098e-13	4.422e-14	7.220e-15
3.500e+00	3.277e-13	1.773e-13	1.028e-13	4.155e-14	6.833e-15
3.550e+00	2.813e-13	1.561e-13	9.631e-14	3.909e-14	6.472e-15
3.600e+00	2.415e-13	1.377e-13	9.032e-14	3.680e-14	6.134e-15
3.650e+00	2.075e-13	1.217e-13	8.478e-14	3.467e-14	5.818e-15
3.700e+00	1.784e-13	1.078e-13	7.966e-14	3.270e-14	5.521e-15
3.750e+00	1.535e-13	9.563e-14	7.492e-14	3.086e-14	5.243e-15
3.800e+00	1.323e-13	8.508e-14	7.052e-14	2.916e-14	4.982e-15
3.850e+00	1.142e-13	7.590e-14	6.645e-14	2.756e-14	4.737e-15
3.900e+00	9.885e-14	6.790e-14	6.267e-14	2.608e-14	4.507e-15
3.950e+00	8.576e-14	6.092e-14	5.915e-14	2.470e-14	4.290e-15
4.000e+00	7.462e-14	5.483e-14	5.588e-14	2.340e-14	4.087e-15
4.050e+00	6.514e-14	4.951e-14	5.284e-14	2.220e-14	3.895e-15
4.100e+00	5.707e-14	4.485e-14	5.001e-14	2.107e-14	3.715e-15
4.150e+00	5.020e-14	4.076e-14	4.736e-14	2.001e-14	3.545e-15
4.200e+00	4.434e-14	3.716e-14	4.489e-14	1.902e-14	3.385e-15
4.250e+00	3.934e-14	3.399e-14	4.259e-14	1.809e-14	3.233e-15
4.300e+00	3.507e-14	3.119e-14	4.043e-14	1.722e-14	3.090e-15
4.350e+00	3.141e-14	2.871e-14	3.841e-14	1.640e-14	2.955e-15
4.400e+00	2.826e-14	2.650e-14	3.652e-14	1.563e-14	2.828e-15
4.450e+00	2.555e-14	2.453e-14	3.475e-14	1.490e-14	2.707e-15
4.500e+00	2.321e-14	2.278e-14	3.309e-14	1.422e-14	2.593e-15
4.550e+00	2.118e-14	2.120e-14	3.153e-14	1.358e-14	2.485e-15
4.600e+00	1.941e-14	1.978e-14	3.006e-14	1.297e-14	2.383e-15
4.650e+00	1.786e-14	1.850e-14	2.868e-14	1.240e-14	2.285e-15
4.700e+00	1.651e-14	1.734e-14	2.738e-14	1.186e-14	2.193e-15
4.750e+00	1.531e-14	1.628e-14	2.615e-14	1.135e-14	2.106e-15
4.800e+00	1.425e-14	1.532e-14	2.500e-14	1.087e-14	2.023e-15
4.850e+00	1.330e-14	1.444e-14	2.391e-14	1.042e-14	1.944e-15
4.900e+00	1.246e-14	1.363e-14	2.288e-14	9.986e-15	1.869e-15
4.950e+00	1.169e-14	1.289e-14	2.190e-14	9.578e-15	1.797e-15
5.000e+00	1.101e-14	1.221e-14	2.098e-14	9.190e-15	1.730e-15
