5.000E-02	6.564E+00	5.670E-02	6.619E+00	6.508E+00	6.575E+00	6.552E+00	6.563E+00	6.564E+00	6.564E+00	6.564E+00
1.500E-01	6.521E+00	4.852E-02	6.567E+00	6.473E+00	6.533E+00	6.510E+00	6.521E+00	6.522E+00	6.521E+00	6.521E+00
2.500E-01	6.448E+00	3.860E-02	6.483E+00	6.409E+00	6.459E+00	6.436E+00	6.447E+00	6.448E+00	6.448E+00	6.448E+00
3.500E-01	6.347E+00	2.869E-02	6.371E+00	6.318E+00	6.358E+00	6.336E+00	6.346E+00	6.347E+00	6.347E+00	6.347E+00
4.500E-01	6.222E+00	1.994E-02	6.236E+00	6.203E+00	6.233E+00	6.211E+00	6.221E+00	6.223E+00	6.222E+00	6.222E+00
5.500E-01	6.075E+00	1.346E-02	6.082E+00	6.065E+00	6.086E+00	6.065E+00	6.074E+00	6.077E+00	6.075E+00	6.075E+00
6.500E-01	5.910E+00	1.054E-02	5.910E+00	5.907E+00	5.921E+00	5.900E+00	5.908E+00	5.912E+00	5.910E+00	5.910E+00
7.500E-01	5.729E+00	1.089E-02	5.724E+00	5.731E+00	5.739E+00	5.719E+00	5.726E+00	5.731E+00	5.729E+00	5.729E+00
8.500E-01	5.533E+00	1.212E-02	5.525E+00	5.539E+00	5.543E+00	5.524E+00	5.530E+00	5.536E+00	5.533E+00	5.533E+00
9.500E-01	5.326E+00	1.264E-02	5.317E+00	5.333E+00	5.335E+00	5.317E+00	5.322E+00	5.329E+00	5.326E+00	5.326E+00
1.050E+00	5.109E+00	1.203E-02	5.101E+00	5.116E+00	5.117E+00	5.100E+00	5.105E+00	5.113E+00	5.109E+00	5.109E+00
1.150E+00	4.884E+00	1.052E-02	4.880E+00	4.890E+00	4.893E+00	4.876E+00	4.880E+00	4.889E+00	4.884E+00	4.884E+00
1.250E+00	4.655E+00	9.157E-03	4.655E+00	4.657E+00	4.662E+00	4.647E+00	4.650E+00	4.660E+00	4.655E+00	4.655E+00
1.350E+00	4.422E+00	1.002E-02	4.427E+00	4.418E+00	4.429E+00	4.415E+00	4.416E+00	4.427E+00	4.422E+00	4.422E+00
1.450E+00	4.187E+00	1.416E-02	4.200E+00	4.178E+00	4.194E+00	4.180E+00	4.181E+00	4.193E+00	4.187E+00	4.187E+00
1.550E+00	3.953E+00	2.051E-02	3.973E+00	3.936E+00	3.959E+00	3.946E+00	3.946E+00	3.959E+00	3.953E+00	3.953E+00
1.650E+00	3.720E+00	2.809E-02	3.749E+00	3.695E+00	3.725E+00	3.714E+00	3.713E+00	3.726E+00	3.720E+00	3.720E+00
1.750E+00	3.490E+00	3.635E-02	3.528E+00	3.457E+00	3.495E+00	3.485E+00	3.483E+00	3.497E+00	3.490E+00	3.490E+00
1.850E+00	3.265E+00	4.495E-02	3.311E+00	3.223E+00	3.269E+00	3.260E+00	3.258E+00	3.272E+00	3.265E+00	3.265E+00
1.950E+00	3.045E+00	5.359E-02	3.100E+00	2.994E+00	3.049E+00	3.041E+00	3.038E+00	3.052E+00	3.045E+00	3.045E+00
2.050E+00	2.831E+00	6.206E-02	2.896E+00	2.773E+00	2.835E+00	2.828E+00	2.824E+00	2.839E+00	2.831E+00	2.831E+00
2.150E+00	2.625E+00	7.017E-02	2.698E+00	2.558E+00	2.629E+00	2.622E+00	2.618E+00	2.633E+00	2.625E+00	2.625E+00
2.250E+00	2.427E+00	7.774E-02	2.507E+00	2.353E+00	2.430E+00	2.424E+00	2.420E+00	2.435E+00	2.427E+00	2.427E+00
2.350E+00	2.238E+00	8.465E-02	2.325E+00	2.156E+00	2.240E+00	2.235E+00	2.230E+00	2.245E+00	2.238E+00	2.238E+00
2.450E+00	2.057E+00	9.079E-02	2.151E+00	1.970E+00	2.059E+00	2.055E+00	2.050E+00	2.065E+00	2.057E+00	2.057E+00
2.550E+00	1.886E+00	9.609E-02	1.985E+00	1.793E+00	1.888E+00	1.884E+00	1.878E+00	1.893E+00	1.886E+00	1.886E+00
2.650E+00	1.724E+00	1.005E-01	1.828E+00	1.627E+00	1.726E+00	1.722E+00	1.717E+00	1.731E+00	1.724E+00	1.724E+00
2.750E+00	1.572E+00	1.039E-01	1.679E+00	1.472E+00	1.573E+00	1.570E+00	1.565E+00	1.579E+00	1.572E+00	1.572E+00
2.850E+00	1.429E+00	1.065E-01	1.539E+00	1.327E+00	1.430E+00	1.427E+00	1.422E+00	1.436E+00	1.429E+00	1.429E+00
2.950E+00	1.295E+00	1.081E-01	1.408E+00	1.192E+00	1.297E+00	1.294E+00	1.289E+00	1.302E+00	1.295E+00	1.295E+00
3.050E+00	1.171E+00	1.088E-01	1.285E+00	1.067E+00	1.172E+00	1.170E+00	1.165E+00	1.178E+00	1.171E+00	1.171E+00
3.150E+00	1.056E+00	1.086E-01	1.170E+00	9.527E-01	1.057E+00	1.056E+00	1.050E+00	1.062E+00	1.056E+00	1.056E+00
3.250E+00	9.500E-01	1.077E-01	1.063E+00	8.476E-01	9.506E-01	9.494E-01	9.442E-01	9.557E-01	9.500E-01	9.500E-01
3.350E+00	8.521E-01	1.061E-01	9.635E-01	7.517E-01	8.525E-01	8.516E-01	8.467E-01	8.575E-01	8.521E-01	8.521E-01
3.450E+00	7.623E-01	1.037E-01	8.717E-01	6.644E-01	7.626E-01	7.619E-01	7.572E-01	7.674E-01	7.623E-01	7.623E-01
3.550E+00	6.801E-01	1.009E-01	7.869E-01	5.855E-01	6.804E-01	6.799E-01	6.753E-01	6.850E-01	6.801E-01	6.801E-01
3.650E+00	6.053E-01	9.748E-02	7.090E-01	5.142E-01	6.054E-01	6.051E-01	6.008E-01	6.098E-01	6.053E-01	6.053E-01
3.750E+00	5.373E-01	9.369E-02	6.374E-01	4.502E-01	5.374E-01	5.371E-01	5.331E-01	5.415E-01	5.373E-01	5.373E-01
3.850E+00	4.756E-01	8.956E-02	5.718E-01	3.929E-01	4.757E-01	4.756E-01	4.717E-01	4.796E-01	4.756E-01	4.756E-01
3.950E+00	4.200E-01	8.518E-02	5.120E-01	3.418E-01	4.200E-01	4.200E-01	4.164E-01	4.236E-01	4.200E-01	4.200E-01
4.050E+00	3.699E-01	8.061E-02	4.574E-01	2.964E-01	3.699E-01	3.700E-01	3.666E-01	3.733E-01	3.699E-01	3.699E-01
4.150E+00	3.250E-01	7.592E-02	4.079E-01	2.562E-01	3.249E-01	3.251E-01	3.220E-01	3.281E-01	3.250E-01	3.250E-01
4.250E+00	2.848E-01	7.117E-02	3.630E-01	2.208E-01	2.847E-01	2.849E-01	2.820E-01	2.876E-01	2.848E-01	2.848E-01
4.350E+00	2.489E-01	6.642E-02	3.224E-01	1.896E-01	2.488E-01	2.490E-01	2.464E-01	2.515E-01	2.489E-01	2.489E-01
4.450E+00	2.171E-01	6.173E-02	2.858E-01	1.624E-01	2.169E-01	2.172E-01	2.147E-01	2.194E-01	2.171E-01	2.171E-01
4.550E+00	1.888E-01	5.712E-02	2.528E-01	1.386E-01	1.887E-01	1.889E-01	1.867E-01	1.909E-01	1.888E-01	1.888E-01
4.650E+00	1.638E-01	5.264E-02	2.232E-01	1.180E-01	1.637E-01	1.639E-01	1.619E-01	1.657E-01	1.638E-01	1.638E-01
4.750E+00	1.417E-01	4.833E-02	1.967E-01	1.001E-01	1.416E-01	1.419E-01	1.400E-01	1.435E-01	1.417E-01	1.417E-01
4.850E+00	1.224E-01	4.419E-02	1.730E-01	8.463E-02	1.222E-01	1.225E-01	1.208E-01	1.239E-01	1.224E-01	1.224E-01
4.950E+00	1.054E-01	4.026E-02	1.518E-01	7.135E-02	1.053E-01	1.055E-01	1.040E-01	1.068E-01	1.054E-01	1.054E-01
