5.000E-02	1.694E-10	5.583E-12	1.755E-10	1.644E-10	1.699E-10	1.689E-10	1.690E-10	1.698E-10
1.500E-01	1.670E-10	5.346E-12	1.728E-10	1.622E-10	1.676E-10	1.665E-10	1.667E-10	1.674E-10
2.500E-01	1.625E-10	4.891E-12	1.677E-10	1.580E-10	1.630E-10	1.620E-10	1.621E-10	1.628E-10
3.500E-01	1.558E-10	4.258E-12	1.604E-10	1.520E-10	1.563E-10	1.553E-10	1.555E-10	1.562E-10
4.500E-01	1.474E-10	3.497E-12	1.511E-10	1.442E-10	1.479E-10	1.469E-10	1.471E-10	1.477E-10
5.500E-01	1.376E-10	2.669E-12	1.404E-10	1.351E-10	1.380E-10	1.371E-10	1.373E-10	1.378E-10
6.500E-01	1.267E-10	1.838E-12	1.285E-10	1.250E-10	1.271E-10	1.263E-10	1.265E-10	1.269E-10
7.500E-01	1.151E-10	1.067E-12	1.161E-10	1.141E-10	1.155E-10	1.147E-10	1.150E-10	1.153E-10
8.500E-01	1.033E-10	4.619E-13	1.035E-10	1.029E-10	1.036E-10	1.029E-10	1.031E-10	1.034E-10
9.500E-01	9.148E-11	4.423E-13	9.108E-11	9.168E-11	9.179E-11	9.116E-11	9.139E-11	9.156E-11
1.050E+00	8.004E-11	7.911E-13	7.918E-11	8.066E-11	8.032E-11	7.976E-11	7.999E-11	8.009E-11
1.150E+00	6.921E-11	1.059E-12	6.805E-11	7.011E-11	6.946E-11	6.897E-11	6.919E-11	6.923E-11
1.250E+00	5.917E-11	1.202E-12	5.787E-11	6.023E-11	5.938E-11	5.896E-11	5.917E-11	5.917E-11
1.350E+00	5.004E-11	1.230E-12	4.872E-11	5.115E-11	5.023E-11	4.986E-11	5.006E-11	5.002E-11
1.450E+00	4.190E-11	1.162E-12	4.066E-11	4.296E-11	4.205E-11	4.174E-11	4.193E-11	4.186E-11
1.550E+00	3.474E-11	1.024E-12	3.366E-11	3.569E-11	3.488E-11	3.461E-11	3.478E-11	3.471E-11
1.650E+00	2.857E-11	8.420E-13	2.768E-11	2.935E-11	2.868E-11	2.846E-11	2.861E-11	2.852E-11
1.750E+00	2.331E-11	6.385E-13	2.264E-11	2.390E-11	2.340E-11	2.321E-11	2.335E-11	2.326E-11
1.850E+00	1.889E-11	4.334E-13	1.844E-11	1.929E-11	1.896E-11	1.881E-11	1.893E-11	1.884E-11
1.950E+00	1.522E-11	2.424E-13	1.497E-11	1.544E-11	1.528E-11	1.516E-11	1.526E-11	1.518E-11
2.050E+00	1.221E-11	8.547E-14	1.214E-11	1.226E-11	1.226E-11	1.216E-11	1.225E-11	1.217E-11
2.150E+00	9.766E-12	9.743E-14	9.840E-12	9.674E-12	9.806E-12	9.727E-12	9.798E-12	9.734E-12
2.250E+00	7.797E-12	2.011E-13	7.985E-12	7.591E-12	7.829E-12	7.766E-12	7.825E-12	7.770E-12
2.350E+00	6.224E-12	2.831E-13	6.494E-12	5.932E-12	6.249E-12	6.199E-12	6.247E-12	6.200E-12
2.450E+00	4.973E-12	3.399E-13	5.300E-12	4.622E-12	4.993E-12	4.953E-12	4.993E-12	4.953E-12
2.550E+00	3.984E-12	3.742E-13	4.344E-12	3.597E-12	3.999E-12	3.968E-12	4.000E-12	3.967E-12
2.650E+00	3.203E-12	3.899E-13	3.579E-12	2.800E-12	3.216E-12	3.191E-12	3.217E-12	3.190E-12
2.750E+00	2.589E-12	3.911E-13	2.966E-12	2.185E-12	2.599E-12	2.579E-12	2.600E-12	2.578E-12
2.850E+00	2.105E-12	3.817E-13	2.474E-12	1.711E-12	2.113E-12	2.097E-12	2.114E-12	2.096E-12
2.950E+00	1.724E-12	3.648E-13	2.077E-12	1.347E-12	1.730E-12	1.717E-12	1.731E-12	1.716E-12
3.050E+00	1.422E-12	3.432E-13	1.755E-12	1.069E-12	1.427E-12	1.417E-12	1.428E-12	1.416E-12
3.150E+00	1.182E-12	3.190E-13	1.493E-12	8.549E-13	1.186E-12	1.178E-12	1.187E-12	1.177E-12
3.250E+00	9.906E-13	2.937E-13	1.278E-12	6.905E-13	9.939E-13	9.873E-13	9.945E-13	9.866E-13
3.350E+00	8.370E-13	2.687E-13	1.100E-12	5.632E-13	8.397E-13	8.343E-13	8.403E-13	8.338E-13
3.450E+00	7.124E-13	2.448E-13	9.540E-13	4.644E-13	7.147E-13	7.102E-13	7.151E-13	7.098E-13
3.550E+00	6.110E-13	2.223E-13	8.316E-13	3.870E-13	6.129E-13	6.092E-13	6.132E-13	6.088E-13
3.650E+00	5.277E-13	2.014E-13	7.287E-13	3.259E-13	5.293E-13	5.262E-13	5.296E-13	5.259E-13
3.750E+00	4.588E-13	1.823E-13	6.417E-13	2.771E-13	4.602E-13	4.575E-13	4.603E-13	4.573E-13
3.850E+00	4.013E-13	1.650E-13	5.678E-13	2.378E-13	4.025E-13	4.001E-13	4.026E-13	4.000E-13
3.950E+00	3.530E-13	1.494E-13	5.046E-13	2.058E-13	3.540E-13	3.520E-13	3.541E-13	3.519E-13
4.050E+00	3.121E-13	1.354E-13	4.503E-13	1.794E-13	3.130E-13	3.112E-13	3.131E-13	3.112E-13
4.150E+00	2.773E-13	1.229E-13	4.033E-13	1.575E-13	2.781E-13	2.765E-13	2.781E-13	2.765E-13
4.250E+00	2.434E-13	1.117E-13	3.626E-13	1.391E-13	2.440E-13	2.427E-13	2.441E-13	2.426E-13
4.350E+00	2.217E-13	1.018E-13	3.270E-13	1.235E-13	2.223E-13	2.211E-13	2.223E-13	2.211E-13
4.450E+00	1.994E-13	9.282E-14	2.959E-13	1.102E-13	1.999E-13	1.989E-13	1.999E-13	1.988E-13
4.550E+00	1.799E-13	8.483E-14	2.685E-13	9.883E-14	1.804E-13	1.795E-13	1.804E-13	1.795E-13
4.650E+00	1.629E-13	7.767E-14	2.443E-13	8.896E-14	1.634E-13	1.625E-13	1.634E-13	1.625E-13
4.750E+00	1.480E-13	7.126E-14	2.229E-13	8.037E-14	1.484E-13	1.476E-13	1.484E-13	1.476E-13
4.850E+00	1.348E-13	6.550E-14	2.039E-13	7.285E-14	1.351E-13	1.344E-13	1.351E-13	1.344E-13
4.950E+00	1.231E-13	6.034E-14	1.869E-13	6.623E-14	1.234E-13	1.228E-13	1.234E-13	1.228E-13
