5.000E-02	1.937E-09	6.666E-12	1.930E-09	1.943E-09	1.936E-09	1.937E-09	1.937E-09	1.936E-09
5.500E-01	1.832E-08	5.968E-11	1.826E-08	1.838E-08	1.832E-08	1.832E-08	1.832E-08	1.832E-08
1.050E+00	3.028E-08	8.504E-11	3.019E-08	3.036E-08	3.027E-08	3.028E-08	3.028E-08	3.027E-08
1.550E+00	4.044E-08	8.864E-11	4.035E-08	4.052E-08	4.042E-08	4.045E-08	4.044E-08	4.043E-08
2.050E+00	4.706E-08	7.148E-11	4.700E-08	4.713E-08	4.705E-08	4.708E-08	4.707E-08	4.706E-08
2.550E+00	5.049E-08	4.487E-11	5.045E-08	5.053E-08	5.048E-08	5.051E-08	5.050E-08	5.048E-08
3.050E+00	5.139E-08	2.151E-11	5.138E-08	5.140E-08	5.137E-08	5.140E-08	5.140E-08	5.138E-08
3.550E+00	5.050E-08	2.061E-11	5.051E-08	5.048E-08	5.048E-08	5.051E-08	5.051E-08	5.049E-08
4.050E+00	4.846E-08	3.280E-11	4.849E-08	4.843E-08	4.845E-08	4.847E-08	4.847E-08	4.845E-08
4.550E+00	4.578E-08	4.161E-11	4.582E-08	4.574E-08	4.577E-08	4.579E-08	4.579E-08	4.577E-08
5.050E+00	4.280E-08	4.577E-11	4.284E-08	4.275E-08	4.279E-08	4.280E-08	4.281E-08	4.279E-08
5.550E+00	3.975E-08	4.631E-11	3.979E-08	3.970E-08	3.974E-08	3.975E-08	3.975E-08	3.974E-08
6.050E+00	3.677E-08	4.438E-11	3.681E-08	3.672E-08	3.676E-08	3.677E-08	3.677E-08	3.676E-08
6.550E+00	3.394E-08	4.091E-11	3.398E-08	3.390E-08	3.394E-08	3.394E-08	3.394E-08	3.393E-08
7.050E+00	3.130E-08	3.679E-11	3.133E-08	3.126E-08	3.130E-08	3.129E-08	3.130E-08	3.129E-08
7.550E+00	2.886E-08	3.252E-11	2.889E-08	2.883E-08	2.887E-08	2.886E-08	2.887E-08	2.886E-08
8.050E+00	2.664E-08	2.804E-11	2.667E-08	2.661E-08	2.665E-08	2.664E-08	2.665E-08	2.664E-08
8.550E+00	2.462E-08	2.366E-11	2.464E-08	2.460E-08	2.463E-08	2.461E-08	2.462E-08	2.462E-08
9.050E+00	2.277E-08	2.031E-11	2.279E-08	2.276E-08	2.278E-08	2.277E-08	2.278E-08	2.277E-08
9.550E+00	2.111E-08	1.714E-11	2.112E-08	2.109E-08	2.111E-08	2.110E-08	2.111E-08	2.110E-08
1.005E+01	1.959E-08	1.471E-11	1.960E-08	1.958E-08	1.960E-08	1.958E-08	1.960E-08	1.959E-08
1.055E+01	1.972E-08	1.330E-11	1.973E-08	1.971E-08	1.972E-08	1.971E-08	1.972E-08	1.971E-08
1.105E+01	1.837E-08	1.163E-11	1.837E-08	1.836E-08	1.838E-08	1.836E-08	1.837E-08	1.836E-08
1.155E+01	1.714E-08	1.048E-11	1.715E-08	1.714E-08	1.715E-08	1.713E-08	1.714E-08	1.714E-08
1.205E+01	1.603E-08	9.822E-12	1.603E-08	1.603E-08	1.604E-08	1.602E-08	1.603E-08	1.603E-08
1.255E+01	1.501E-08	9.615E-12	1.501E-08	1.501E-08	1.502E-08	1.500E-08	1.501E-08	1.501E-08
1.305E+01	1.408E-08	9.619E-12	1.408E-08	1.408E-08	1.409E-08	1.407E-08	1.408E-08	1.408E-08
1.355E+01	1.323E-08	9.879E-12	1.323E-08	1.323E-08	1.324E-08	1.322E-08	1.323E-08	1.323E-08
1.405E+01	1.246E-08	1.039E-11	1.245E-08	1.246E-08	1.247E-08	1.245E-08	1.246E-08	1.246E-08
1.455E+01	1.153E-08	8.887E-12	1.153E-08	1.153E-08	1.154E-08	1.152E-08	1.153E-08	1.153E-08
1.505E+01	1.107E-08	1.060E-11	1.107E-08	1.108E-08	1.108E-08	1.106E-08	1.107E-08	1.107E-08
1.555E+01	1.047E-08	1.110E-11	1.047E-08	1.048E-08	1.048E-08	1.047E-08	1.048E-08	1.047E-08
1.605E+01	1.126E-08	1.359E-11	1.125E-08	1.127E-08	1.127E-08	1.125E-08	1.126E-08	1.126E-08
1.655E+01	1.066E-08	1.363E-11	1.065E-08	1.067E-08	1.067E-08	1.065E-08	1.066E-08	1.066E-08
1.705E+01	1.009E-08	1.278E-11	1.009E-08	1.010E-08	1.010E-08	1.009E-08	1.010E-08	1.009E-08
1.755E+01	9.596E-09	1.291E-11	9.586E-09	9.605E-09	9.605E-09	9.587E-09	9.596E-09	9.595E-09
1.805E+01	9.165E-09	1.451E-11	9.153E-09	9.176E-09	9.174E-09	9.156E-09	9.165E-09	9.164E-09
1.855E+01	8.739E-09	1.524E-11	8.726E-09	8.751E-09	8.748E-09	8.730E-09	8.739E-09	8.738E-09
1.905E+01	8.289E-09	1.359E-11	8.278E-09	8.299E-09	8.297E-09	8.280E-09	8.289E-09	8.288E-09
1.955E+01	7.875E-09	1.203E-11	7.866E-09	7.884E-09	7.883E-09	7.867E-09	7.876E-09	7.875E-09
2.005E+01	7.559E-09	1.317E-11	7.549E-09	7.570E-09	7.567E-09	7.551E-09	7.560E-09	7.559E-09
2.055E+01	7.296E-09	1.593E-11	7.282E-09	7.310E-09	7.304E-09	7.288E-09	7.297E-09	7.296E-09
2.105E+01	6.982E-09	1.612E-11	6.968E-09	6.996E-09	6.990E-09	6.974E-09	6.982E-09	6.981E-09
2.155E+01	6.602E-09	1.270E-11	6.591E-09	6.612E-09	6.609E-09	6.594E-09	6.602E-09	6.601E-09
2.205E+01	6.272E-09	1.020E-11	6.264E-09	6.279E-09	6.278E-09	6.265E-09	6.272E-09	6.271E-09
2.255E+01	6.085E-09	1.219E-11	6.075E-09	6.095E-09	6.092E-09	6.078E-09	6.085E-09	6.084E-09
2.305E+01	5.965E-09	1.680E-11	5.950E-09	5.980E-09	5.972E-09	5.957E-09	5.965E-09	5.964E-09
2.355E+01	5.746E-09	1.750E-11	5.730E-09	5.762E-09	5.753E-09	5.739E-09	5.746E-09	5.745E-09
2.405E+01	5.394E-09	1.259E-11	5.383E-09	5.405E-09	5.401E-09	5.388E-09	5.395E-09	5.394E-09
2.455E+01	5.066E-09	8.133E-12	5.061E-09	5.072E-09	5.072E-09	5.060E-09	5.067E-09	5.066E-09
