5.000E-02	2.362E-09	1.450E-10	2.709E-09	2.999E-09	2.362E-09	2.362E-09	2.357E-09	2.366E-09
1.500E-01	2.338E-09	1.298E-10	2.679E-09	2.939E-09	2.338E-09	2.338E-09	2.333E-09	2.343E-09
2.500E-01	2.292E-09	1.015E-10	2.620E-09	2.823E-09	2.292E-09	2.292E-09	2.287E-09	2.296E-09
3.500E-01	2.224E-09	6.399E-11	2.533E-09	2.660E-09	2.224E-09	2.224E-09	2.220E-09	2.228E-09
4.500E-01	2.137E-09	2.217E-11	2.421E-09	2.464E-09	2.138E-09	2.136E-09	2.133E-09	2.141E-09
5.500E-01	2.033E-09	2.009E-11	2.287E-09	2.247E-09	2.034E-09	2.032E-09	2.029E-09	2.037E-09
6.500E-01	1.915E-09	5.665E-11	2.135E-09	2.022E-09	1.916E-09	1.914E-09	1.912E-09	1.918E-09
7.500E-01	1.786E-09	8.542E-11	1.969E-09	1.798E-09	1.788E-09	1.785E-09	1.784E-09	1.789E-09
8.500E-01	1.650E-09	1.044E-10	1.793E-09	1.584E-09	1.652E-09	1.648E-09	1.648E-09	1.652E-09
9.500E-01	1.510E-09	1.130E-10	1.612E-09	1.386E-09	1.512E-09	1.507E-09	1.508E-09	1.511E-09
1.050E+00	1.368E-09	1.117E-10	1.429E-09	1.206E-09	1.370E-09	1.365E-09	1.366E-09	1.369E-09
1.150E+00	1.228E-09	1.019E-10	1.249E-09	1.045E-09	1.230E-09	1.225E-09	1.226E-09	1.229E-09
1.250E+00	1.091E-09	8.546E-11	1.075E-09	9.041E-10	1.094E-09	1.089E-09	1.091E-09	1.092E-09
1.350E+00	9.614E-10	6.430E-11	9.099E-10	7.814E-10	9.643E-10	9.585E-10	9.610E-10	9.618E-10
1.450E+00	8.393E-10	4.048E-11	7.562E-10	6.755E-10	8.422E-10	8.364E-10	8.391E-10	8.394E-10
1.550E+00	7.261E-10	1.590E-11	6.158E-10	5.845E-10	7.290E-10	7.233E-10	7.261E-10	7.261E-10
1.650E+00	6.228E-10	8.862E-12	4.898E-10	5.067E-10	6.255E-10	6.200E-10	6.230E-10	6.226E-10
1.750E+00	5.296E-10	3.074E-11	3.789E-10	4.402E-10	5.322E-10	5.271E-10	5.299E-10	5.294E-10
1.850E+00	4.467E-10	5.015E-11	2.832E-10	3.834E-10	4.492E-10	4.443E-10	4.471E-10	4.464E-10
1.950E+00	3.739E-10	6.632E-11	2.024E-10	3.350E-10	3.761E-10	3.717E-10	3.743E-10	3.735E-10
2.050E+00	3.105E-10	7.898E-11	1.356E-10	2.935E-10	3.125E-10	3.085E-10	3.109E-10	3.101E-10
2.150E+00	2.561E-10	8.810E-11	8.188E-11	2.580E-10	2.578E-10	2.543E-10	2.565E-10	2.556E-10
2.250E+00	2.098E-10	9.386E-11	3.989E-11	2.276E-10	2.113E-10	2.082E-10	2.102E-10	2.093E-10
2.350E+00	1.708E-10	9.658E-11	8.231E-12	2.014E-10	1.721E-10	1.694E-10	1.711E-10	1.704E-10
2.450E+00	1.383E-10	9.667E-11	-1.456E-11	1.788E-10	1.394E-10	1.371E-10	1.386E-10	1.379E-10
2.550E+00	1.114E-10	9.458E-11	-2.995E-11	1.592E-10	1.124E-10	1.104E-10	1.117E-10	1.111E-10
2.650E+00	8.939E-11	9.078E-11	-3.934E-11	1.422E-10	9.020E-11	8.858E-11	8.966E-11	8.912E-11
2.750E+00	7.150E-11	8.573E-11	-4.403E-11	1.274E-10	7.217E-11	7.084E-11	7.173E-11	7.127E-11
2.850E+00	5.706E-11	7.984E-11	-4.517E-11	1.145E-10	5.761E-11	5.652E-11	5.726E-11	5.687E-11
2.950E+00	4.549E-11	7.348E-11	-4.377E-11	1.032E-10	4.593E-11	4.505E-11	4.566E-11	4.533E-11
3.050E+00	3.627E-11	6.697E-11	-4.067E-11	9.327E-11	3.662E-11	3.592E-11	3.641E-11	3.613E-11
3.150E+00	2.895E-11	6.053E-11	-3.656E-11	8.451E-11	2.923E-11	2.867E-11	2.906E-11	2.883E-11
3.250E+00	2.317E-11	5.437E-11	-3.197E-11	7.677E-11	2.339E-11	2.295E-11	2.326E-11	2.307E-11
3.350E+00	1.861E-11	4.860E-11	-2.730E-11	6.991E-11	1.878E-11	1.844E-11	1.868E-11	1.853E-11
3.450E+00	1.502E-11	4.332E-11	-2.283E-11	6.382E-11	1.516E-11	1.489E-11	1.508E-11	1.496E-11
3.550E+00	1.220E-11	3.856E-11	-1.874E-11	5.838E-11	1.231E-11	1.210E-11	1.225E-11	1.215E-11
3.650E+00	9.983E-12	3.434E-11	-1.513E-11	5.355E-11	1.006E-11	9.904E-12	1.002E-11	9.945E-12
3.750E+00	8.233E-12	3.061E-11	-1.203E-11	4.918E-11	8.294E-12	8.172E-12	8.263E-12	8.202E-12
3.850E+00	6.843E-12	2.738E-11	-9.473E-12	4.528E-11	6.890E-12	6.800E-12	6.868E-12	6.822E-12
3.950E+00	5.743E-12	2.459E-11	-7.414E-12	4.176E-11	5.779E-12	5.707E-12	5.762E-12	5.723E-12
4.050E+00	4.864E-12	2.218E-11	-5.771E-12	3.859E-11	4.891E-12	4.836E-12	4.879E-12	4.848E-12
4.150E+00	4.153E-12	2.011E-11	-4.499E-12	3.573E-11	4.173E-12	4.132E-12	4.165E-12	4.140E-12
4.250E+00	3.576E-12	1.833E-11	-3.534E-12	3.313E-11	3.592E-12	3.560E-12	3.586E-12	3.566E-12
4.350E+00	3.104E-12	1.679E-11	-2.817E-12	3.077E-11	3.116E-12	3.092E-12	3.112E-12	3.096E-12
4.450E+00	2.714E-12	1.605E-11	-2.291E-12	2.981E-11	2.723E-12	2.705E-12	2.721E-12	2.707E-12
4.550E+00	2.389E-12	1.429E-11	-1.911E-12	2.667E-11	2.396E-12	2.382E-12	2.395E-12	2.384E-12
4.650E+00	2.116E-12	1.326E-11	-1.637E-12	2.488E-11	2.122E-12	2.111E-12	2.121E-12	2.112E-12
4.750E+00	1.885E-12	1.235E-11	-1.439E-12	2.325E-11	1.889E-12	1.881E-12	1.889E-12	1.881E-12
4.850E+00	1.688E-12	1.153E-11	-1.292E-12	2.176E-11	1.691E-12	1.684E-12	1.691E-12	1.684E-12
4.950E+00	1.518E-12	1.079E-11	-1.180E-12	2.039E-11	1.520E-12	1.515E-12	1.521E-12	1.515E-12
