5.000E-02	2.478E-10	5.696E-12	2.545E-10	2.433E-10	2.489E-10	2.468E-10	2.471E-10	2.485E-10
1.500E-01	2.420E-10	5.162E-12	2.480E-10	2.379E-10	2.430E-10	2.409E-10	2.413E-10	2.427E-10
2.500E-01	2.308E-10	4.187E-12	2.356E-10	2.275E-10	2.318E-10	2.297E-10	2.301E-10	2.314E-10
3.500E-01	2.150E-10	2.944E-12	2.183E-10	2.129E-10	2.160E-10	2.140E-10	2.145E-10	2.155E-10
4.500E-01	1.958E-10	1.678E-12	1.976E-10	1.949E-10	1.968E-10	1.949E-10	1.954E-10	1.963E-10
5.500E-01	1.746E-10	9.102E-13	1.748E-10	1.747E-10	1.754E-10	1.737E-10	1.743E-10	1.749E-10
6.500E-01	1.525E-10	1.315E-12	1.515E-10	1.535E-10	1.532E-10	1.517E-10	1.522E-10	1.527E-10
7.500E-01	1.306E-10	1.926E-12	1.288E-10	1.323E-10	1.313E-10	1.299E-10	1.305E-10	1.308E-10
8.500E-01	1.100E-10	2.285E-12	1.076E-10	1.120E-10	1.106E-10	1.094E-10	1.099E-10	1.100E-10
9.500E-01	9.113E-11	2.356E-12	8.869E-11	9.328E-11	9.166E-11	9.060E-11	9.111E-11	9.115E-11
1.050E+00	7.449E-11	2.189E-12	7.221E-11	7.649E-11	7.494E-11	7.403E-11	7.451E-11	7.447E-11
1.150E+00	6.019E-11	1.860E-12	5.825E-11	6.189E-11	6.057E-11	5.980E-11	6.023E-11	6.014E-11
1.250E+00	4.818E-11	1.448E-12	4.667E-11	4.949E-11	4.850E-11	4.786E-11	4.824E-11	4.813E-11
1.350E+00	3.831E-11	1.018E-12	3.724E-11	3.921E-11	3.857E-11	3.805E-11	3.837E-11	3.825E-11
1.450E+00	3.032E-11	6.217E-13	2.967E-11	3.083E-11	3.054E-11	3.011E-11	3.038E-11	3.027E-11
1.550E+00	2.396E-11	2.983E-13	2.365E-11	2.413E-11	2.413E-11	2.379E-11	2.401E-11	2.390E-11
1.650E+00	1.893E-11	1.491E-13	1.890E-11	1.883E-11	1.907E-11	1.879E-11	1.898E-11	1.888E-11
1.750E+00	1.499E-11	2.635E-13	1.517E-11	1.470E-11	1.510E-11	1.488E-11	1.503E-11	1.495E-11
1.850E+00	1.192E-11	3.857E-13	1.224E-11	1.149E-11	1.201E-11	1.183E-11	1.196E-11	1.188E-11
1.950E+00	9.530E-12	4.650E-13	9.939E-12	9.022E-12	9.600E-12	9.461E-12	9.560E-12	9.501E-12
2.050E+00	7.671E-12	5.060E-13	8.128E-12	7.123E-12	7.727E-12	7.615E-12	7.695E-12	7.646E-12
2.150E+00	6.220E-12	5.179E-13	6.695E-12	5.664E-12	6.265E-12	6.175E-12	6.240E-12	6.199E-12
2.250E+00	5.083E-12	5.096E-13	5.557E-12	4.540E-12	5.119E-12	5.047E-12	5.099E-12	5.066E-12
2.350E+00	4.188E-12	4.879E-13	4.645E-12	3.672E-12	4.217E-12	4.158E-12	4.201E-12	4.174E-12
2.450E+00	3.478E-12	4.585E-13	3.912E-12	2.997E-12	3.502E-12	3.454E-12	3.489E-12	3.467E-12
2.550E+00	2.912E-12	4.254E-13	3.318E-12	2.468E-12	2.932E-12	2.891E-12	2.921E-12	2.902E-12
2.650E+00	2.456E-12	3.911E-13	2.832E-12	2.051E-12	2.473E-12	2.439E-12	2.464E-12	2.448E-12
2.750E+00	2.087E-12	3.574E-13	2.433E-12	1.719E-12	2.101E-12	2.073E-12	2.093E-12	2.081E-12
2.850E+00	1.785E-12	3.251E-13	2.103E-12	1.453E-12	1.797E-12	1.773E-12	1.790E-12	1.779E-12
2.950E+00	1.538E-12	2.954E-13	1.828E-12	1.237E-12	1.548E-12	1.527E-12	1.542E-12	1.533E-12
3.050E+00	1.332E-12	2.680E-13	1.597E-12	1.061E-12	1.341E-12	1.323E-12	1.336E-12	1.328E-12
3.150E+00	1.160E-12	2.430E-13	1.402E-12	9.162E-13	1.168E-12	1.153E-12	1.164E-12	1.157E-12
3.250E+00	1.016E-12	2.205E-13	1.237E-12	7.959E-13	1.023E-12	1.010E-12	1.019E-12	1.013E-12
3.350E+00	8.945E-13	2.002E-13	1.096E-12	6.954E-13	9.002E-13	8.888E-13	8.970E-13	8.920E-13
3.450E+00	7.909E-13	1.820E-13	9.746E-13	6.107E-13	7.959E-13	7.859E-13	7.931E-13	7.887E-13
3.550E+00	7.022E-13	1.657E-13	8.702E-13	5.390E-13	7.067E-13	6.978E-13	7.042E-13	7.003E-13
3.650E+00	6.260E-13	1.441E-13	7.660E-13	4.778E-13	6.300E-13	6.221E-13	6.277E-13	6.244E-13
3.750E+00	5.602E-13	1.380E-13	7.012E-13	4.254E-13	5.637E-13	5.567E-13	5.617E-13	5.587E-13
3.850E+00	5.030E-13	1.262E-13	6.325E-13	3.802E-13	5.061E-13	4.999E-13	5.044E-13	5.017E-13
3.950E+00	4.532E-13	1.157E-13	5.723E-13	3.410E-13	4.560E-13	4.504E-13	4.544E-13	4.520E-13
4.050E+00	4.095E-13	1.062E-13	5.193E-13	3.069E-13	4.120E-13	4.070E-13	4.106E-13	4.085E-13
4.150E+00	3.712E-13	9.766E-14	4.724E-13	2.771E-13	3.734E-13	3.689E-13	3.721E-13	3.702E-13
4.250E+00	3.373E-13	8.992E-14	4.308E-13	2.510E-13	3.393E-13	3.353E-13	3.381E-13	3.365E-13
4.350E+00	3.074E-13	8.291E-14	3.938E-13	2.280E-13	3.092E-13	3.055E-13	3.081E-13	3.066E-13
4.450E+00	3.287E-13	7.658E-14	3.608E-13	2.077E-13	3.296E-13	3.277E-13	3.280E-13	3.294E-13
4.550E+00	2.573E-13	7.095E-14	3.315E-13	1.897E-13	2.589E-13	2.558E-13	2.579E-13	2.567E-13
4.650E+00	2.363E-13	6.594E-14	3.054E-13	1.736E-13	2.377E-13	2.349E-13	2.369E-13	2.357E-13
4.750E+00	2.174E-13	6.150E-14	2.820E-13	1.591E-13	2.187E-13	2.161E-13	2.179E-13	2.169E-13
4.850E+00	2.001E-13	5.747E-14	2.608E-13	1.459E-13	2.013E-13	1.990E-13	2.006E-13	1.997E-13
4.950E+00	1.842E-13	5.361E-14	2.411E-13	1.339E-13	1.853E-13	1.832E-13	1.847E-13	1.838E-13
