# E288 400GeV sqrt(s)=27.42 y~0.03
# m(GeV)	 qT(GeV)	 E*dsig/dydqT^2dQ^2(fm^2/GeV^4)	 Estat
5.5000e+00	1.0000e-01	8.2253e-11	3.4272e-12
5.5000e+00	3.0000e-01	7.8825e-11	2.2848e-12
5.5000e+00	5.0000e-01	6.5688e-11	1.9992e-12
5.5000e+00	7.0000e-01	5.9405e-11	1.9992e-12
5.5000e+00	9.0000e-01	4.2269e-11	1.7136e-12
5.5000e+00	1.1000e+00	3.3701e-11	1.7136e-12
5.5000e+00	1.3000e+00	2.3333e-11	1.3709e-12
5.5000e+00	1.5000e+00	1.6850e-11	1.2281e-12
5.5000e+00	1.7000e+00	1.3080e-11	1.0567e-12
5.5000e+00	1.9000e+00	9.1106e-12	9.1392e-13
5.5000e+00	2.1000e+00	4.7695e-12	6.8544e-13
5.5000e+00	2.3000e+00	3.1702e-12	5.9976e-13
5.5000e+00	2.5000e+00	2.0278e-12	5.4264e-13
5.5000e+00	2.7000e+00	1.3994e-12	4.2840e-13
5.5000e+00	2.9000e+00	1.5137e-12	3.9984e-13
5.5000e+00	3.1000e+00	2.2848e-13	3.7128e-13
5.5000e+00	3.5000e+00	7.4256e-13	3.7128e-13
5.5000e+00	3.7000e+00	2.8560e-13	2.8560e-13
5.5000e+00	4.5000e+00	7.7112e-13	7.9968e-13
6.5000e+00	1.0000e-01	2.5133e-11	7.2498e-13
6.5000e+00	3.0000e-01	2.3344e-11	4.3499e-13
6.5000e+00	5.0000e-01	2.1604e-11	3.8666e-13
6.5000e+00	7.0000e-01	1.7085e-11	3.3833e-13
6.5000e+00	9.0000e-01	1.4355e-11	3.3833e-13
6.5000e+00	1.1000e+00	1.0633e-11	2.8999e-13
6.5000e+00	1.3000e+00	7.9748e-12	2.6583e-13
6.5000e+00	1.5000e+00	5.2440e-12	2.1749e-13
6.5000e+00	1.7000e+00	3.6974e-12	1.6916e-13
6.5000e+00	1.9000e+00	2.1266e-12	1.4500e-13
6.5000e+00	2.1000e+00	1.4741e-12	1.2083e-13
6.5000e+00	2.3000e+00	1.2083e-12	9.6664e-14
6.5000e+00	2.5000e+00	6.0415e-13	7.2498e-14
6.5000e+00	2.7000e+00	4.8332e-13	7.2498e-14
6.5000e+00	2.9000e+00	3.3833e-13	7.2498e-14
6.5000e+00	3.1000e+00	1.4258e-13	5.0749e-14
6.5000e+00	3.3000e+00	1.5466e-13	4.5916e-14
6.5000e+00	3.5000e+00	9.1831e-14	2.8999e-14
6.5000e+00	3.7000e+00	7.4915e-14	3.6249e-14
6.5000e+00	3.9000e+00	1.2083e-14	2.1749e-14
6.5000e+00	4.1000e+00	1.2083e-14	1.2083e-14
6.5000e+00	4.3000e+00	4.3499e-14	2.4166e-14
6.5000e+00	4.5000e+00	0.0000e+00	3.6249e-14
6.5000e+00	4.9000e+00	2.8999e-14	2.8999e-14
7.5000e+00	1.0000e-01	8.0006e-12	3.3510e-13
7.5000e+00	3.0000e-01	7.4142e-12	1.8850e-13
7.5000e+00	5.0000e-01	6.8696e-12	1.6755e-13
7.5000e+00	7.0000e-01	5.8643e-12	1.4661e-13
7.5000e+00	9.0000e-01	4.6286e-12	1.4661e-13
7.5000e+00	1.1000e+00	3.5605e-12	1.2566e-13
7.5000e+00	1.3000e+00	2.6180e-12	1.0472e-13
7.5000e+00	1.5000e+00	1.8012e-12	8.3776e-14
7.5000e+00	1.7000e+00	1.1519e-12	6.2832e-14
7.5000e+00	1.9000e+00	9.8437e-13	6.2832e-14
7.5000e+00	2.1000e+00	5.6549e-13	4.1888e-14
7.5000e+00	2.3000e+00	4.1888e-13	4.1888e-14
7.5000e+00	2.5000e+00	2.9322e-13	4.1888e-14
7.5000e+00	2.7000e+00	1.6127e-13	2.5133e-14
7.5000e+00	2.9000e+00	1.2147e-13	2.3038e-14
7.5000e+00	3.1000e+00	6.2832e-14	1.4661e-14
7.5000e+00	3.3000e+00	2.3038e-14	8.3776e-15
7.5000e+00	3.5000e+00	5.0265e-14	1.4661e-14
7.5000e+00	3.7000e+00	4.6077e-14	1.4661e-14
7.5000e+00	3.9000e+00	1.9687e-14	9.8437e-15
7.5000e+00	4.1000e+00	5.4454e-15	5.6549e-15
7.5000e+00	4.3000e+00	5.4454e-15	5.4454e-15
7.5000e+00	4.5000e+00	5.8643e-15	1.0053e-14
7.5000e+00	4.7000e+00	1.1938e-14	8.3776e-15
8.5000e+00	1.0000e-01	2.9198e-12	1.6632e-13
8.5000e+00	3.0000e-01	2.5502e-12	9.2400e-14
8.5000e+00	5.0000e-01	2.2546e-12	7.3920e-14
8.5000e+00	7.0000e-01	2.0698e-12	7.3920e-14
8.5000e+00	9.0000e-01	1.5338e-12	5.5440e-14
8.5000e+00	1.1000e+00	1.1642e-12	5.5440e-14
8.5000e+00	1.3000e+00	8.6856e-13	3.6960e-14
8.5000e+00	1.5000e+00	7.2072e-13	3.6960e-14
8.5000e+00	1.7000e+00	4.2504e-13	3.6960e-14
8.5000e+00	1.9000e+00	3.1601e-13	2.2176e-14
8.5000e+00	2.1000e+00	1.7556e-13	2.0328e-14
8.5000e+00	2.3000e+00	1.3306e-13	1.6632e-14
8.5000e+00	2.5000e+00	7.2072e-14	1.2936e-14
8.5000e+00	2.7000e+00	6.0984e-14	1.1088e-14
8.5000e+00	2.9000e+00	2.9568e-14	7.3920e-15
8.5000e+00	3.1000e+00	1.5523e-14	6.6528e-15
8.5000e+00	3.3000e+00	1.5338e-14	5.9136e-15
8.5000e+00	3.5000e+00	4.8048e-15	3.3264e-15
8.5000e+00	3.7000e+00	1.1642e-14	5.1744e-15
8.5000e+00	4.7000e+00	2.7720e-15	2.7720e-15
9.5000e+00	1.0000e-01	1.9346e-12	1.3228e-13
9.5000e+00	3.0000e-01	1.9676e-12	8.2673e-14
9.5000e+00	5.0000e-01	1.8023e-12	6.6139e-14
9.5000e+00	7.0000e-01	1.5543e-12	4.9604e-14
9.5000e+00	9.0000e-01	1.2897e-12	4.9604e-14
9.5000e+00	1.1000e+00	8.2673e-13	3.3069e-14
9.5000e+00	1.3000e+00	7.2753e-13	3.3069e-14
9.5000e+00	1.5000e+00	5.4565e-13	3.3069e-14
9.5000e+00	1.7000e+00	3.8030e-13	3.3069e-14
9.5000e+00	1.9000e+00	2.4967e-13	1.9842e-14
9.5000e+00	2.1000e+00	2.0172e-13	1.8188e-14
9.5000e+00	2.3000e+00	1.2897e-13	1.4881e-14
9.5000e+00	2.5000e+00	9.2594e-14	1.1574e-14
9.5000e+00	2.7000e+00	7.2753e-14	9.9208e-15
9.5000e+00	2.9000e+00	4.7951e-14	8.2673e-15
9.5000e+00	3.1000e+00	2.5629e-14	5.9525e-15
9.5000e+00	3.3000e+00	2.2818e-14	5.9525e-15
9.5000e+00	3.5000e+00	1.7361e-14	5.2911e-15
9.5000e+00	3.7000e+00	1.1740e-14	4.1337e-15
9.5000e+00	3.9000e+00	7.2753e-15	3.3069e-15
9.5000e+00	4.1000e+00	8.4327e-15	3.4723e-15
9.5000e+00	4.3000e+00	3.4723e-15	2.4802e-15
9.5000e+00	4.5000e+00	6.2832e-15	3.1416e-15
1.0500e+01	1.0000e-01	5.4604e-13	6.2832e-14
1.0500e+01	3.0000e-01	5.6549e-13	3.7400e-14
1.0500e+01	5.0000e-01	4.8321e-13	2.8424e-14
1.0500e+01	7.0000e-01	3.8447e-13	2.3936e-14
1.0500e+01	9.0000e-01	3.4707e-13	2.0944e-14
1.0500e+01	1.1000e+00	2.9770e-13	1.9448e-14
1.0500e+01	1.3000e+00	1.9149e-13	1.4960e-14
1.0500e+01	1.5000e+00	1.2267e-13	1.1968e-14
1.0500e+01	1.7000e+00	8.9760e-14	8.9760e-15
1.0500e+01	1.9000e+00	7.1808e-14	8.9760e-15
1.0500e+01	2.1000e+00	4.7872e-14	7.4800e-15
1.0500e+01	2.3000e+00	3.7400e-14	5.9840e-15
1.0500e+01	2.5000e+00	2.0944e-14	4.4880e-15
1.0500e+01	2.7000e+00	1.4960e-14	4.4880e-15
1.0500e+01	2.9000e+00	1.4960e-14	4.4880e-15
1.0500e+01	3.1000e+00	4.1888e-15	2.0944e-15
1.0500e+01	3.3000e+00	8.6768e-15	3.2912e-15
1.0500e+01	3.5000e+00	5.2360e-15	2.3936e-15
1.0500e+01	3.7000e+00	8.9760e-16	8.9760e-16
1.0500e+01	4.1000e+00	1.1968e-15	1.1968e-15
1.0500e+01	4.3000e+00	2.3936e-15	2.3936e-15
1.0500e+01	4.5000e+00	1.0472e-15	1.0472e-15
1.1500e+01	1.0000e-01	1.3563e-13	2.9230e-14
1.1500e+01	3.0000e-01	9.5477e-14	1.3249e-14
1.1500e+01	5.0000e-01	1.0285e-13	1.1747e-14
1.1500e+01	7.0000e-01	6.9525e-14	8.1955e-15
1.1500e+01	9.0000e-01	5.1495e-14	6.4198e-15
1.1500e+01	1.1000e+00	4.5621e-14	5.8734e-15
1.1500e+01	1.3000e+00	3.9475e-14	5.4636e-15
1.1500e+01	1.5000e+00	3.1553e-14	5.0539e-15
1.1500e+01	1.7000e+00	1.6391e-14	3.4148e-15
1.1500e+01	1.9000e+00	1.2430e-14	3.0050e-15
1.1500e+01	2.1000e+00	7.1027e-15	2.1855e-15
1.1500e+01	2.3000e+00	4.3709e-15	1.7757e-15
1.1500e+01	2.5000e+00	4.2343e-15	1.6391e-15
1.1500e+01	2.7000e+00	2.1855e-15	1.3659e-15
1.1500e+01	2.9000e+00	2.8684e-15	1.5025e-15
1.1500e+01	3.1000e+00	6.8295e-16	6.8295e-16
1.1500e+01	3.3000e+00	6.6930e-16	6.6930e-16
1.1500e+01	3.5000e+00	6.2832e-16	6.2832e-16
1.2500e+01	1.0000e-01	2.8274e-14	1.0681e-14
1.2500e+01	3.0000e-01	3.2547e-14	6.7858e-15
1.2500e+01	5.0000e-01	1.9729e-14	4.3982e-15
1.2500e+01	7.0000e-01	2.6012e-14	4.2726e-15
1.2500e+01	9.0000e-01	1.9352e-14	3.3929e-15
1.2500e+01	1.1000e+00	1.6211e-14	3.0159e-15
1.2500e+01	1.3000e+00	1.2189e-14	2.5133e-15
1.2500e+01	1.5000e+00	1.0681e-14	2.2619e-15
1.2500e+01	1.7000e+00	6.5345e-15	1.7593e-15
1.2500e+01	1.9000e+00	2.0106e-15	1.0053e-15
1.2500e+01	2.1000e+00	3.0159e-15	1.2566e-15
1.2500e+01	2.3000e+00	1.6336e-15	1.0053e-15
1.2500e+01	2.7000e+00	1.5080e-15	8.7965e-16
1.2500e+01	2.9000e+00	4.6496e-16	4.6496e-16
1.2500e+01	3.1000e+00	4.9009e-16	4.9009e-16
1.3500e+01	1.0000e-01	1.0123e-14	5.9341e-15
1.3500e+01	3.0000e-01	6.6323e-15	2.6762e-15
1.3500e+01	5.0000e-01	7.2140e-15	2.3271e-15
1.3500e+01	7.0000e-01	9.8902e-15	2.4435e-15
1.3500e+01	9.0000e-01	4.4215e-15	1.5126e-15
1.3500e+01	1.1000e+00	4.0724e-15	1.2799e-15
1.3500e+01	1.3000e+00	3.3743e-15	1.1636e-15
1.3500e+01	1.5000e+00	2.2108e-15	9.3084e-16
1.3500e+01	1.7000e+00	1.0472e-15	5.8178e-16
1.3500e+01	1.9000e+00	1.2799e-15	8.1449e-16
1.3500e+01	2.3000e+00	6.6323e-16	4.7706e-16
1.3500e+01	2.5000e+00	3.4907e-16	3.4907e-16
