# E288 300GeV sqrt(s)=23.75 y~0.21
# m(GeV)	 qT(GeV)	 E*dsig/dydqT^2dQ^2(fm^2/GeV^4)	 Estat
4.5000e+00	1.0000e-01	3.1974e-10	1.4661e-11
4.5000e+00	3.0000e-01	2.6704e-10	1.0472e-11
4.5000e+00	5.0000e-01	2.3073e-10	1.0472e-11
4.5000e+00	7.0000e-01	1.9478e-10	1.0472e-11
4.5000e+00	9.0000e-01	1.3648e-10	9.4248e-12
4.5000e+00	1.1000e+00	9.5295e-11	8.0285e-12
4.5000e+00	1.3000e+00	6.4577e-11	6.9813e-12
4.5000e+00	1.5000e+00	5.5152e-11	6.9813e-12
4.5000e+00	1.7000e+00	2.9252e-11	5.4105e-12
4.5000e+00	1.9000e+00	1.7558e-11	4.7473e-12
4.5000e+00	2.1000e+00	1.3858e-11	3.5605e-12
4.5000e+00	2.3000e+00	6.5973e-12	2.9322e-12
4.5000e+00	2.5000e+00	2.0246e-12	3.5256e-12
4.5000e+00	2.7000e+00	7.4002e-12	6.7719e-12
4.5000e+00	2.9000e+00	0.0000e+00	3.7699e-12
5.5000e+00	1.0000e-01	7.3399e-11	4.5696e-12
5.5000e+00	3.0000e-01	6.5688e-11	2.8560e-12
5.5000e+00	5.0000e-01	5.9119e-11	2.8560e-12
5.5000e+00	7.0000e-01	5.1979e-11	3.1416e-12
5.5000e+00	9.0000e-01	3.2273e-11	2.2848e-12
5.5000e+00	1.1000e+00	2.4904e-11	2.0849e-12
5.5000e+00	1.3000e+00	1.8136e-11	1.7422e-12
5.5000e+00	1.5000e+00	1.0967e-11	1.1995e-12
5.5000e+00	1.7000e+00	7.4256e-12	1.0853e-12
5.5000e+00	1.9000e+00	3.5414e-12	7.1400e-13
5.5000e+00	2.1000e+00	2.9417e-12	6.2832e-13
5.5000e+00	2.3000e+00	2.2562e-12	6.5688e-13
5.5000e+00	2.5000e+00	9.1392e-13	3.7128e-13
5.5000e+00	2.7000e+00	3.9984e-13	3.4272e-13
5.5000e+00	2.9000e+00	1.8850e-13	3.2844e-13
5.5000e+00	3.1000e+00	1.5708e-13	2.7418e-13
5.5000e+00	3.9000e+00	3.7985e-13	3.9413e-13
6.5000e+00	1.0000e-01	2.0517e-11	1.6916e-12
6.5000e+00	3.0000e-01	1.8922e-11	1.0391e-12
6.5000e+00	5.0000e-01	1.5829e-11	8.4581e-13
6.5000e+00	7.0000e-01	1.3050e-11	7.9748e-13
6.5000e+00	9.0000e-01	1.0005e-11	7.2498e-13
6.5000e+00	1.1000e+00	6.9115e-12	5.7999e-13
6.5000e+00	1.3000e+00	4.5191e-12	4.5916e-13
6.5000e+00	1.5000e+00	4.3982e-12	4.8332e-13
6.5000e+00	1.7000e+00	2.6583e-12	3.3833e-13
6.5000e+00	1.9000e+00	1.7400e-12	3.1416e-13
6.5000e+00	2.1000e+00	9.8598e-13	2.3924e-13
6.5000e+00	2.3000e+00	5.2924e-13	1.6433e-13
6.5000e+00	2.5000e+00	4.5916e-13	1.5708e-13
6.5000e+00	2.7000e+00	1.9091e-13	9.6664e-14
6.5000e+00	2.9000e+00	2.6583e-13	1.2083e-13
6.5000e+00	3.1000e+00	4.5916e-14	4.5916e-14
6.5000e+00	3.3000e+00	5.5582e-14	5.5582e-14
6.5000e+00	3.7000e+00	6.7665e-14	7.0082e-14
7.5000e+00	1.0000e-01	5.9900e-12	8.1681e-13
7.5000e+00	3.0000e-01	5.2988e-12	4.6077e-13
7.5000e+00	5.0000e-01	4.9637e-12	3.9794e-13
7.5000e+00	7.0000e-01	4.1260e-12	3.3510e-13
7.5000e+00	9.0000e-01	3.0369e-12	2.9322e-13
7.5000e+00	1.1000e+00	2.3038e-12	2.5133e-13
7.5000e+00	1.3000e+00	1.6357e-12	2.0525e-13
7.5000e+00	1.5000e+00	7.9587e-13	1.5080e-13
7.5000e+00	1.7000e+00	9.7180e-13	1.7174e-13
7.5000e+00	1.9000e+00	4.0212e-13	1.0263e-13
7.5000e+00	2.1000e+00	5.2360e-13	1.2566e-13
7.5000e+00	2.3000e+00	2.4714e-13	8.5870e-14
7.5000e+00	2.5000e+00	1.0891e-13	5.6549e-14
7.5000e+00	2.9000e+00	2.3038e-14	2.3038e-14
7.5000e+00	3.1000e+00	2.5133e-14	2.5133e-14
7.5000e+00	4.1000e+00	3.5605e-14	3.5605e-14
7.5000e+00	4.5000e+00	3.5605e-14	3.5605e-14
8.5000e+00	1.0000e-01	1.7741e-12	3.6960e-13
8.5000e+00	3.0000e-01	1.2936e-12	2.0328e-13
8.5000e+00	5.0000e-01	1.2936e-12	1.6632e-13
8.5000e+00	7.0000e-01	1.3490e-12	1.6632e-13
8.5000e+00	9.0000e-01	9.7944e-13	1.2936e-13
8.5000e+00	1.1000e+00	9.6096e-13	1.4784e-13
8.5000e+00	1.3000e+00	5.9136e-13	1.1088e-13
8.5000e+00	1.5000e+00	3.3264e-13	7.3920e-14
8.5000e+00	1.7000e+00	1.8850e-13	6.2832e-14
8.5000e+00	1.9000e+00	4.2504e-14	2.4024e-14
8.5000e+00	2.1000e+00	1.2936e-13	5.5440e-14
8.5000e+00	2.3000e+00	2.9568e-14	2.2176e-14
8.5000e+00	2.5000e+00	1.6262e-14	1.6447e-14
8.5000e+00	3.1000e+00	1.8480e-14	1.8480e-14
9.5000e+00	1.0000e-01	1.5047e-12	3.4723e-13
9.5000e+00	3.0000e-01	1.0913e-12	1.6535e-13
9.5000e+00	5.0000e-01	1.0913e-12	1.3228e-13
9.5000e+00	7.0000e-01	1.1409e-12	1.4881e-13
9.5000e+00	9.0000e-01	8.2673e-13	1.1574e-13
9.5000e+00	1.1000e+00	8.2673e-13	1.2732e-13
9.5000e+00	1.3000e+00	4.9604e-13	9.2594e-14
9.5000e+00	1.5000e+00	2.7448e-13	6.6139e-14
9.5000e+00	1.7000e+00	1.6039e-13	5.4565e-14
9.5000e+00	1.9000e+00	3.6376e-14	2.1495e-14
9.5000e+00	2.1000e+00	1.1078e-13	4.7951e-14
9.5000e+00	2.3000e+00	2.5629e-14	1.8519e-14
9.5000e+00	2.5000e+00	1.3889e-14	1.3889e-14
9.5000e+00	3.1000e+00	1.5873e-14	1.6204e-14
1.0500e+01	1.0000e-01	2.7975e-13	1.0771e-13
1.0500e+01	3.0000e-01	2.4834e-13	5.9840e-14
1.0500e+01	5.0000e-01	1.8102e-13	3.8896e-14
1.0500e+01	7.0000e-01	1.5110e-13	3.2912e-14
1.0500e+01	9.0000e-01	9.3350e-13	2.3936e-14
1.0500e+01	1.1000e+00	9.8736e-14	2.5432e-14
1.0500e+01	1.3000e+00	3.4408e-14	1.3464e-14
1.0500e+01	1.5000e+00	5.5352e-14	1.7952e-14
1.0500e+01	1.7000e+00	6.8816e-14	2.0944e-14
1.0500e+01	1.9000e+00	1.1220e-14	7.9288e-15
1.0500e+01	2.1000e+00	7.0312e-15	7.0312e-15
1.0500e+01	2.7000e+00	5.5352e-15	5.5352e-15
1.0500e+01	2.9000e+00	6.5824e-15	6.5824e-15
1.1500e+01	1.0000e-01	3.7016e-14	3.7153e-14
1.1500e+01	3.0000e-01	1.0791e-14	1.0791e-14
1.1500e+01	5.0000e-01	1.3796e-14	9.8346e-15
1.1500e+01	7.0000e-01	1.3659e-14	7.9223e-15
1.1500e+01	9.0000e-01	9.2882e-15	6.5564e-15
1.1500e+01	1.1000e+00	1.6118e-14	8.1955e-15
1.1500e+01	1.3000e+00	3.5514e-15	3.5514e-15
1.1500e+01	1.5000e+00	7.3759e-15	5.1905e-15
1.1500e+01	1.7000e+00	4.7807e-15	4.7807e-15
1.1500e+01	2.3000e+00	3.9611e-15	4.0977e-15
